gene,protein,reaction,model,BiGG_gene
G_1_A_83_1_5_comp1,P_1_A_83_1_5_comp1+1_A_83_1_5_comp2+1_A_83_1_5_comp3,R_1_A_83_1_5,TCDB,TCDB.1_A_83_1_5_comp1
G_1_A_83_1_5_comp2,P_1_A_83_1_5_comp1+1_A_83_1_5_comp2+1_A_83_1_5_comp3,R_1_A_83_1_5,TCDB,TCDB.1_A_83_1_5_comp2
G_1_A_83_1_5_comp3,P_1_A_83_1_5_comp1+1_A_83_1_5_comp2+1_A_83_1_5_comp3,R_1_A_83_1_5,TCDB,TCDB.1_A_83_1_5_comp3
G_1_A_59_1_2_comp1,P_1_A_59_1_2_comp1,R_1_A_59_1_2,TCDB,TCDB.1_A_59_1_2_comp1
G_8_B_26_1_3_comp1,P_8_B_26_1_3_comp1,R_8_B_26_1_3,TCDB,TCDB.8_B_26_1_3_comp1
G_8_A_219_1_1_comp1,P_8_A_219_1_1_comp1,R_8_A_219_1_1,TCDB,TCDB.8_A_219_1_1_comp1
G_3_A_1_12_16_comp1,P_3_A_1_12_16_comp1+3_A_1_12_16_comp2,R_3_A_1_12_16,TCDB,TCDB.3_A_1_12_16_comp1
G_3_A_1_12_16_comp2,P_3_A_1_12_16_comp1+3_A_1_12_16_comp2,R_3_A_1_12_16,TCDB,TCDB.3_A_1_12_16_comp2
G_1_A_9_5_14_comp1,P_1_A_9_5_14_comp1,R_1_A_9_5_14,TCDB,TCDB.1_A_9_5_14_comp1
G_1_C_4_8_1_comp1,P_1_C_4_8_1_comp1,R_1_C_4_8_1,TCDB,TCDB.1_C_4_8_1_comp1
G_1_G_3_1_9_comp1,P_1_G_3_1_9_comp1,R_1_G_3_1_9,TCDB,TCDB.1_G_3_1_9_comp1
G_9_B_97_5_5_comp1,P_9_B_97_5_5_comp1,R_9_B_97_5_5,TCDB,TCDB.9_B_97_5_5_comp1
G_3_E_1_1_11_comp1,P_3_E_1_1_11_comp1,R_3_E_1_1_11,TCDB,TCDB.3_E_1_1_11_comp1
G_3_E_1_1_15_comp1,P_3_E_1_1_15_comp1,R_3_E_1_1_15,TCDB,TCDB.3_E_1_1_15_comp1
G_1_B_162_1_1_comp1,P_1_B_162_1_1_comp1,R_1_B_162_1_1,TCDB,TCDB.1_B_162_1_1_comp1
G_1_C_137_1_8_comp1,P_1_C_137_1_8_comp1,R_1_C_137_1_8,TCDB,TCDB.1_C_137_1_8_comp1
G_3_D_3_5_7_comp1,P_3_D_3_5_7_comp1+3_D_3_5_7_comp2+3_D_3_5_7_comp3+3_D_3_5_7_comp4+3_D_3_5_7_comp5+3_D_3_5_7_comp6+3_D_3_5_7_comp7+3_D_3_5_7_comp8,R_3_D_3_5_7,TCDB,TCDB.3_D_3_5_7_comp1
G_3_D_3_5_7_comp2,P_3_D_3_5_7_comp1+3_D_3_5_7_comp2+3_D_3_5_7_comp3+3_D_3_5_7_comp4+3_D_3_5_7_comp5+3_D_3_5_7_comp6+3_D_3_5_7_comp7+3_D_3_5_7_comp8,R_3_D_3_5_7,TCDB,TCDB.3_D_3_5_7_comp2
G_3_D_3_5_7_comp3,P_3_D_3_5_7_comp1+3_D_3_5_7_comp2+3_D_3_5_7_comp3+3_D_3_5_7_comp4+3_D_3_5_7_comp5+3_D_3_5_7_comp6+3_D_3_5_7_comp7+3_D_3_5_7_comp8,R_3_D_3_5_7,TCDB,TCDB.3_D_3_5_7_comp3
G_3_D_3_5_7_comp4,P_3_D_3_5_7_comp1+3_D_3_5_7_comp2+3_D_3_5_7_comp3+3_D_3_5_7_comp4+3_D_3_5_7_comp5+3_D_3_5_7_comp6+3_D_3_5_7_comp7+3_D_3_5_7_comp8,R_3_D_3_5_7,TCDB,TCDB.3_D_3_5_7_comp4
G_3_D_3_5_7_comp5,P_3_D_3_5_7_comp1+3_D_3_5_7_comp2+3_D_3_5_7_comp3+3_D_3_5_7_comp4+3_D_3_5_7_comp5+3_D_3_5_7_comp6+3_D_3_5_7_comp7+3_D_3_5_7_comp8,R_3_D_3_5_7,TCDB,TCDB.3_D_3_5_7_comp5
G_3_D_3_5_7_comp6,P_3_D_3_5_7_comp1+3_D_3_5_7_comp2+3_D_3_5_7_comp3+3_D_3_5_7_comp4+3_D_3_5_7_comp5+3_D_3_5_7_comp6+3_D_3_5_7_comp7+3_D_3_5_7_comp8,R_3_D_3_5_7,TCDB,TCDB.3_D_3_5_7_comp6
G_3_D_3_5_7_comp7,P_3_D_3_5_7_comp1+3_D_3_5_7_comp2+3_D_3_5_7_comp3+3_D_3_5_7_comp4+3_D_3_5_7_comp5+3_D_3_5_7_comp6+3_D_3_5_7_comp7+3_D_3_5_7_comp8,R_3_D_3_5_7,TCDB,TCDB.3_D_3_5_7_comp7
G_3_D_3_5_7_comp8,P_3_D_3_5_7_comp1+3_D_3_5_7_comp2+3_D_3_5_7_comp3+3_D_3_5_7_comp4+3_D_3_5_7_comp5+3_D_3_5_7_comp6+3_D_3_5_7_comp7+3_D_3_5_7_comp8,R_3_D_3_5_7,TCDB,TCDB.3_D_3_5_7_comp8
G_3_E_1_7_11_comp1,P_3_E_1_7_11_comp1,R_3_E_1_7_11,TCDB,TCDB.3_E_1_7_11_comp1
G_2_A_46_1_11_comp1,P_2_A_46_1_11_comp1,R_2_A_46_1_11,TCDB,TCDB.2_A_46_1_11_comp1
G_1_A_1_10_22_comp1,P_1_A_1_10_22_comp1,R_1_A_1_10_22,TCDB,TCDB.1_A_1_10_22_comp1
G_8_A_23_1_53_comp1,P_8_A_23_1_53_comp1,R_8_A_23_1_53,TCDB,TCDB.8_A_23_1_53_comp1
G_3_E_4_1_1_comp1,P_3_E_4_1_1_comp1+3_E_4_1_1_comp2+3_E_4_1_1_comp3+3_E_4_1_1_comp4+3_E_4_1_1_comp5+3_E_4_1_1_comp6,R_3_E_4_1_1,TCDB,TCDB.3_E_4_1_1_comp1
G_3_E_4_1_1_comp2,P_3_E_4_1_1_comp1+3_E_4_1_1_comp2+3_E_4_1_1_comp3+3_E_4_1_1_comp4+3_E_4_1_1_comp5+3_E_4_1_1_comp6,R_3_E_4_1_1,TCDB,TCDB.3_E_4_1_1_comp2
G_3_E_4_1_1_comp3,P_3_E_4_1_1_comp1+3_E_4_1_1_comp2+3_E_4_1_1_comp3+3_E_4_1_1_comp4+3_E_4_1_1_comp5+3_E_4_1_1_comp6,R_3_E_4_1_1,TCDB,TCDB.3_E_4_1_1_comp3
G_3_E_4_1_1_comp4,P_3_E_4_1_1_comp1+3_E_4_1_1_comp2+3_E_4_1_1_comp3+3_E_4_1_1_comp4+3_E_4_1_1_comp5+3_E_4_1_1_comp6,R_3_E_4_1_1,TCDB,TCDB.3_E_4_1_1_comp4
G_3_E_4_1_1_comp5,P_3_E_4_1_1_comp1+3_E_4_1_1_comp2+3_E_4_1_1_comp3+3_E_4_1_1_comp4+3_E_4_1_1_comp5+3_E_4_1_1_comp6,R_3_E_4_1_1,TCDB,TCDB.3_E_4_1_1_comp5
G_3_E_4_1_1_comp6,P_3_E_4_1_1_comp1+3_E_4_1_1_comp2+3_E_4_1_1_comp3+3_E_4_1_1_comp4+3_E_4_1_1_comp5+3_E_4_1_1_comp6,R_3_E_4_1_1,TCDB,TCDB.3_E_4_1_1_comp6
G_3_A_1_5_49_comp1,P_3_A_1_5_49_comp1+3_A_1_5_49_comp2+3_A_1_5_49_comp3+3_A_1_5_49_comp4,R_3_A_1_5_49,TCDB,TCDB.3_A_1_5_49_comp1
G_3_A_1_5_49_comp2,P_3_A_1_5_49_comp1+3_A_1_5_49_comp2+3_A_1_5_49_comp3+3_A_1_5_49_comp4,R_3_A_1_5_49,TCDB,TCDB.3_A_1_5_49_comp2
G_3_A_1_5_49_comp3,P_3_A_1_5_49_comp1+3_A_1_5_49_comp2+3_A_1_5_49_comp3+3_A_1_5_49_comp4,R_3_A_1_5_49,TCDB,TCDB.3_A_1_5_49_comp3
G_3_A_1_5_49_comp4,P_3_A_1_5_49_comp1+3_A_1_5_49_comp2+3_A_1_5_49_comp3+3_A_1_5_49_comp4,R_3_A_1_5_49,TCDB,TCDB.3_A_1_5_49_comp4
G_3_D_6_1_5_comp1,P_3_D_6_1_5_comp1+3_D_6_1_5_comp2+3_D_6_1_5_comp3+3_D_6_1_5_comp4+3_D_6_1_5_comp5+3_D_6_1_5_comp6,R_3_D_6_1_5,TCDB,TCDB.3_D_6_1_5_comp1
G_3_D_6_1_5_comp2,P_3_D_6_1_5_comp1+3_D_6_1_5_comp2+3_D_6_1_5_comp3+3_D_6_1_5_comp4+3_D_6_1_5_comp5+3_D_6_1_5_comp6,R_3_D_6_1_5,TCDB,TCDB.3_D_6_1_5_comp2
G_3_D_6_1_5_comp3,P_3_D_6_1_5_comp1+3_D_6_1_5_comp2+3_D_6_1_5_comp3+3_D_6_1_5_comp4+3_D_6_1_5_comp5+3_D_6_1_5_comp6,R_3_D_6_1_5,TCDB,TCDB.3_D_6_1_5_comp3
G_3_D_6_1_5_comp4,P_3_D_6_1_5_comp1+3_D_6_1_5_comp2+3_D_6_1_5_comp3+3_D_6_1_5_comp4+3_D_6_1_5_comp5+3_D_6_1_5_comp6,R_3_D_6_1_5,TCDB,TCDB.3_D_6_1_5_comp4
G_3_D_6_1_5_comp5,P_3_D_6_1_5_comp1+3_D_6_1_5_comp2+3_D_6_1_5_comp3+3_D_6_1_5_comp4+3_D_6_1_5_comp5+3_D_6_1_5_comp6,R_3_D_6_1_5,TCDB,TCDB.3_D_6_1_5_comp5
G_3_D_6_1_5_comp6,P_3_D_6_1_5_comp1+3_D_6_1_5_comp2+3_D_6_1_5_comp3+3_D_6_1_5_comp4+3_D_6_1_5_comp5+3_D_6_1_5_comp6,R_3_D_6_1_5,TCDB,TCDB.3_D_6_1_5_comp6
G_3_E_1_1_13_comp1,P_3_E_1_1_13_comp1,R_3_E_1_1_13,TCDB,TCDB.3_E_1_1_13_comp1
G_1_E_1_1_14_comp1,P_1_E_1_1_14_comp1,R_1_E_1_1_14,TCDB,TCDB.1_E_1_1_14_comp1
G_3_E_1_1_14_comp1,P_3_E_1_1_14_comp1,R_3_E_1_1_14,TCDB,TCDB.3_E_1_1_14_comp1
G_3_E_1_7_10_comp1,P_3_E_1_7_10_comp1,R_3_E_1_7_10,TCDB,TCDB.3_E_1_7_10_comp1
G_9_B_87_1_43_comp1,P_9_B_87_1_43_comp1,R_9_B_87_1_43,TCDB,TCDB.9_B_87_1_43_comp1
G_2_A_135_1_1_comp1,P_2_A_135_1_1_comp1+2_A_135_1_1_comp2,R_2_A_135_1_1,TCDB,TCDB.2_A_135_1_1_comp1
G_2_A_135_1_1_comp2,P_2_A_135_1_1_comp1+2_A_135_1_1_comp2,R_2_A_135_1_1,TCDB,TCDB.2_A_135_1_1_comp2
G_9_B_459_1_1_comp1,P_9_B_459_1_1_comp1,R_9_B_459_1_1,TCDB,TCDB.9_B_459_1_1_comp1
G_9_B_459_1_2_comp1,P_9_B_459_1_2_comp1,R_9_B_459_1_2,TCDB,TCDB.9_B_459_1_2_comp1
G_1_C_52_1_24_comp1,P_1_C_52_1_24_comp1,R_1_C_52_1_24,TCDB,TCDB.1_C_52_1_24_comp1
G_2_A_30_1_7_comp1,P_2_A_30_1_7_comp1,R_2_A_30_1_7,TCDB,TCDB.2_A_30_1_7_comp1
G_1_X_1_1_1_comp1,P_1_X_1_1_1_comp1+1_X_1_1_1_comp2+1_X_1_1_1_comp3+1_X_1_1_1_comp4+1_X_1_1_1_comp5+1_X_1_1_1_comp6+1_X_1_1_1_comp7+1_X_1_1_1_comp8+1_X_1_1_1_comp9,R_1_X_1_1_1,TCDB,TCDB.1_X_1_1_1_comp1
G_1_X_1_1_1_comp2,P_1_X_1_1_1_comp1+1_X_1_1_1_comp2+1_X_1_1_1_comp3+1_X_1_1_1_comp4+1_X_1_1_1_comp5+1_X_1_1_1_comp6+1_X_1_1_1_comp7+1_X_1_1_1_comp8+1_X_1_1_1_comp9,R_1_X_1_1_1,TCDB,TCDB.1_X_1_1_1_comp2
G_1_X_1_1_1_comp3,P_1_X_1_1_1_comp1+1_X_1_1_1_comp2+1_X_1_1_1_comp3+1_X_1_1_1_comp4+1_X_1_1_1_comp5+1_X_1_1_1_comp6+1_X_1_1_1_comp7+1_X_1_1_1_comp8+1_X_1_1_1_comp9,R_1_X_1_1_1,TCDB,TCDB.1_X_1_1_1_comp3
G_1_X_1_1_1_comp4,P_1_X_1_1_1_comp1+1_X_1_1_1_comp2+1_X_1_1_1_comp3+1_X_1_1_1_comp4+1_X_1_1_1_comp5+1_X_1_1_1_comp6+1_X_1_1_1_comp7+1_X_1_1_1_comp8+1_X_1_1_1_comp9,R_1_X_1_1_1,TCDB,TCDB.1_X_1_1_1_comp4
G_1_X_1_1_1_comp5,P_1_X_1_1_1_comp1+1_X_1_1_1_comp2+1_X_1_1_1_comp3+1_X_1_1_1_comp4+1_X_1_1_1_comp5+1_X_1_1_1_comp6+1_X_1_1_1_comp7+1_X_1_1_1_comp8+1_X_1_1_1_comp9,R_1_X_1_1_1,TCDB,TCDB.1_X_1_1_1_comp5
G_1_X_1_1_1_comp6,P_1_X_1_1_1_comp1+1_X_1_1_1_comp2+1_X_1_1_1_comp3+1_X_1_1_1_comp4+1_X_1_1_1_comp5+1_X_1_1_1_comp6+1_X_1_1_1_comp7+1_X_1_1_1_comp8+1_X_1_1_1_comp9,R_1_X_1_1_1,TCDB,TCDB.1_X_1_1_1_comp6
G_1_X_1_1_1_comp7,P_1_X_1_1_1_comp1+1_X_1_1_1_comp2+1_X_1_1_1_comp3+1_X_1_1_1_comp4+1_X_1_1_1_comp5+1_X_1_1_1_comp6+1_X_1_1_1_comp7+1_X_1_1_1_comp8+1_X_1_1_1_comp9,R_1_X_1_1_1,TCDB,TCDB.1_X_1_1_1_comp7
G_1_X_1_1_1_comp8,P_1_X_1_1_1_comp1+1_X_1_1_1_comp2+1_X_1_1_1_comp3+1_X_1_1_1_comp4+1_X_1_1_1_comp5+1_X_1_1_1_comp6+1_X_1_1_1_comp7+1_X_1_1_1_comp8+1_X_1_1_1_comp9,R_1_X_1_1_1,TCDB,TCDB.1_X_1_1_1_comp8
G_1_X_1_1_1_comp9,P_1_X_1_1_1_comp1+1_X_1_1_1_comp2+1_X_1_1_1_comp3+1_X_1_1_1_comp4+1_X_1_1_1_comp5+1_X_1_1_1_comp6+1_X_1_1_1_comp7+1_X_1_1_1_comp8+1_X_1_1_1_comp9,R_1_X_1_1_1,TCDB,TCDB.1_X_1_1_1_comp9
G_8_A_91_1_13_comp1,P_8_A_91_1_13_comp1,R_8_A_91_1_13,TCDB,TCDB.8_A_91_1_13_comp1
G_2_A_117_1_12_comp1,P_2_A_117_1_12_comp1,R_2_A_117_1_12,TCDB,TCDB.2_A_117_1_12_comp1
G_1_A_101_6_2_comp1,P_1_A_101_6_2_comp1,R_1_A_101_6_2,TCDB,TCDB.1_A_101_6_2_comp1
G_3_A_1_207_1_comp1,P_3_A_1_207_1_comp1+3_A_1_207_1_comp2+3_A_1_207_1_comp3+3_A_1_207_1_comp4+3_A_1_207_1_comp5,R_3_A_1_207_1,TCDB,TCDB.3_A_1_207_1_comp1
G_3_A_1_207_1_comp2,P_3_A_1_207_1_comp1+3_A_1_207_1_comp2+3_A_1_207_1_comp3+3_A_1_207_1_comp4+3_A_1_207_1_comp5,R_3_A_1_207_1,TCDB,TCDB.3_A_1_207_1_comp2
G_3_A_1_207_1_comp3,P_3_A_1_207_1_comp1+3_A_1_207_1_comp2+3_A_1_207_1_comp3+3_A_1_207_1_comp4+3_A_1_207_1_comp5,R_3_A_1_207_1,TCDB,TCDB.3_A_1_207_1_comp3
G_3_A_1_207_1_comp4,P_3_A_1_207_1_comp1+3_A_1_207_1_comp2+3_A_1_207_1_comp3+3_A_1_207_1_comp4+3_A_1_207_1_comp5,R_3_A_1_207_1,TCDB,TCDB.3_A_1_207_1_comp4
G_3_A_1_207_1_comp5,P_3_A_1_207_1_comp1+3_A_1_207_1_comp2+3_A_1_207_1_comp3+3_A_1_207_1_comp4+3_A_1_207_1_comp5,R_3_A_1_207_1,TCDB,TCDB.3_A_1_207_1_comp5
G_2_D_1_1_8_comp1,P_2_D_1_1_8_comp1,R_2_D_1_1_8,TCDB,TCDB.2_D_1_1_8_comp1
G_1_B_69_1_7_comp1,P_1_B_69_1_7_comp1,R_1_B_69_1_7,TCDB,TCDB.1_B_69_1_7_comp1
G_1_A_15_1_2_comp1,P_1_A_15_1_2_comp1,R_1_A_15_1_2,TCDB,TCDB.1_A_15_1_2_comp1
G_9_B_247_1_8_comp1,P_9_B_247_1_8_comp1,R_9_B_247_1_8,TCDB,TCDB.9_B_247_1_8_comp1
G_1_A_17_1_12_comp1,P_1_A_17_1_12_comp1,R_1_A_17_1_12,TCDB,TCDB.1_A_17_1_12_comp1
G_1_A_17_1_13_comp1,P_1_A_17_1_13_comp1,R_1_A_17_1_13,TCDB,TCDB.1_A_17_1_13_comp1
G_9_B_82_1_5_comp1,P_9_B_82_1_5_comp1,R_9_B_82_1_5,TCDB,TCDB.9_B_82_1_5_comp1
G_1_A_17_3_14_comp1,P_1_A_17_3_14_comp1,R_1_A_17_3_14,TCDB,TCDB.1_A_17_3_14_comp1
G_1_A_17_3_13_comp1,P_1_A_17_3_13_comp1,R_1_A_17_3_13,TCDB,TCDB.1_A_17_3_13_comp1
G_1_A_17_3_15_comp1,P_1_A_17_3_15_comp1,R_1_A_17_3_15,TCDB,TCDB.1_A_17_3_15_comp1
G_2_A_105_1_5_comp1,P_2_A_105_1_5_comp1,R_2_A_105_1_5,TCDB,TCDB.2_A_105_1_5_comp1
G_1_A_3_2_4_comp1,P_1_A_3_2_4_comp1,R_1_A_3_2_4,TCDB,TCDB.1_A_3_2_4_comp1
G_9_B_1_2_3_comp1,P_9_B_1_2_3_comp1,R_9_B_1_2_3,TCDB,TCDB.9_B_1_2_3_comp1
G_2_A_66_3_4_comp1,P_2_A_66_3_4_comp1,R_2_A_66_3_4,TCDB,TCDB.2_A_66_3_4_comp1
G_1_A_75_1_10_comp1,P_1_A_75_1_10_comp1,R_1_A_75_1_10,TCDB,TCDB.1_A_75_1_10_comp1
G_1_A_17_3_9_comp1,P_1_A_17_3_9_comp1,R_1_A_17_3_9,TCDB,TCDB.1_A_17_3_9_comp1
G_9_A_6_1_2_comp1,P_9_A_6_1_2_comp1,R_9_A_6_1_2,TCDB,TCDB.9_A_6_1_2_comp1
G_1_C_105_2_5_comp1,P_1_C_105_2_5_comp1,R_1_C_105_2_5,TCDB,TCDB.1_C_105_2_5_comp1
G_1_A_77_1_8_comp1,P_1_A_77_1_8_comp1,R_1_A_77_1_8,TCDB,TCDB.1_A_77_1_8_comp1
G_9_B_38_2_1_comp1,P_9_B_38_2_1_comp1,R_9_B_38_2_1,TCDB,TCDB.9_B_38_2_1_comp1
G_8_A_65_1_2_comp1,P_8_A_65_1_2_comp1,R_8_A_65_1_2,TCDB,TCDB.8_A_65_1_2_comp1
G_4_F_1_1_4_comp1,P_4_F_1_1_4_comp1,R_4_F_1_1_4,TCDB,TCDB.4_F_1_1_4_comp1
G_1_C_105_2_3_comp1,P_1_C_105_2_3_comp1,R_1_C_105_2_3,TCDB,TCDB.1_C_105_2_3_comp1
G_1_A_75_1_5_comp1,P_1_A_75_1_5_comp1,R_1_A_75_1_5,TCDB,TCDB.1_A_75_1_5_comp1
G_9_A_57_1_2_comp1,P_9_A_57_1_2_comp1,R_9_A_57_1_2,TCDB,TCDB.9_A_57_1_2_comp1
G_9_A_57_1_3_comp1,P_9_A_57_1_3_comp1,R_9_A_57_1_3,TCDB,TCDB.9_A_57_1_3_comp1
G_2_A_53_2_9_comp1,P_2_A_53_2_9_comp1,R_2_A_53_2_9,TCDB,TCDB.2_A_53_2_9_comp1
G_1_B_1_1_7_comp1,P_1_B_1_1_7_comp1,R_1_B_1_1_7,TCDB,TCDB.1_B_1_1_7_comp1
G_1_R_2_1_1_comp1,P_1_R_2_1_1_comp1,R_1_R_2_1_1,TCDB,TCDB.1_R_2_1_1_comp1
G_3_A_1_155_2_comp1,P_3_A_1_155_2_comp1,R_3_A_1_155_2,TCDB,TCDB.3_A_1_155_2_comp1
G_2_A_1_2_74_comp1,P_2_A_1_2_74_comp1,R_2_A_1_2_74,TCDB,TCDB.2_A_1_2_74_comp1
G_2_A_51_1_4_comp1,P_2_A_51_1_4_comp1,R_2_A_51_1_4,TCDB,TCDB.2_A_51_1_4_comp1
G_3_A_1_132_3_comp1,P_3_A_1_132_3_comp1+3_A_1_132_3_comp2+3_A_1_132_3_comp3,R_3_A_1_132_3,TCDB,TCDB.3_A_1_132_3_comp1
G_3_A_1_132_3_comp2,P_3_A_1_132_3_comp1+3_A_1_132_3_comp2+3_A_1_132_3_comp3,R_3_A_1_132_3,TCDB,TCDB.3_A_1_132_3_comp2
G_3_A_1_132_3_comp3,P_3_A_1_132_3_comp1+3_A_1_132_3_comp2+3_A_1_132_3_comp3,R_3_A_1_132_3,TCDB,TCDB.3_A_1_132_3_comp3
G_1_A_1_14_6_comp1,P_1_A_1_14_6_comp1,R_1_A_1_14_6,TCDB,TCDB.1_A_1_14_6_comp1
G_9_B_8_2_2_comp1,P_9_B_8_2_2_comp1,R_9_B_8_2_2,TCDB,TCDB.9_B_8_2_2_comp1
G_2_A_102_4_10_comp1,P_2_A_102_4_10_comp1,R_2_A_102_4_10,TCDB,TCDB.2_A_102_4_10_comp1
G_9_B_102_4_1_comp1,P_9_B_102_4_1_comp1,R_9_B_102_4_1,TCDB,TCDB.9_B_102_4_1_comp1
G_1_B_73_1_3_comp1,P_1_B_73_1_3_comp1,R_1_B_73_1_3,TCDB,TCDB.1_B_73_1_3_comp1
G_9_B_142_4_8_comp1,P_9_B_142_4_8_comp1,R_9_B_142_4_8,TCDB,TCDB.9_B_142_4_8_comp1
G_1_B_17_4_1_comp1,P_1_B_17_4_1_comp1,R_1_B_17_4_1,TCDB,TCDB.1_B_17_4_1_comp1
G_3_A_3_25_4_comp1,P_3_A_3_25_4_comp1,R_3_A_3_25_4,TCDB,TCDB.3_A_3_25_4_comp1
G_9_B_148_1_10_comp1,P_9_B_148_1_10_comp1,R_9_B_148_1_10,TCDB,TCDB.9_B_148_1_10_comp1
G_2_A_7_36_2_comp1,P_2_A_7_36_2_comp1,R_2_A_7_36_2,TCDB,TCDB.2_A_7_36_2_comp1
G_1_A_62_2_1_comp1,P_1_A_62_2_1_comp1,R_1_A_62_2_1,TCDB,TCDB.1_A_62_2_1_comp1
G_2_A_123_4_1_comp1,P_2_A_123_4_1_comp1,R_2_A_123_4_1,TCDB,TCDB.2_A_123_4_1_comp1
G_1_A_17_1_11_comp1,P_1_A_17_1_11_comp1,R_1_A_17_1_11,TCDB,TCDB.1_A_17_1_11_comp1
G_1_A_1_24_5_comp1,P_1_A_1_24_5_comp1,R_1_A_1_24_5,TCDB,TCDB.1_A_1_24_5_comp1
G_2_A_21_3_15_comp1,P_2_A_21_3_15_comp1,R_2_A_21_3_15,TCDB,TCDB.2_A_21_3_15_comp1
G_8_A_115_1_1_comp1,P_8_A_115_1_1_comp1,R_8_A_115_1_1,TCDB,TCDB.8_A_115_1_1_comp1
G_8_A_230_1_1_comp1,P_8_A_230_1_1_comp1,R_8_A_230_1_1,TCDB,TCDB.8_A_230_1_1_comp1
G_9_A_46_1_2_comp1,P_9_A_46_1_2_comp1,R_9_A_46_1_2,TCDB,TCDB.9_A_46_1_2_comp1
G_2_A_25_1_8_comp1,P_2_A_25_1_8_comp1,R_2_A_25_1_8,TCDB,TCDB.2_A_25_1_8_comp1
G_2_A_6_2_28_comp1,P_2_A_6_2_28_comp1+2_A_6_2_28_comp2,R_2_A_6_2_28,TCDB,TCDB.2_A_6_2_28_comp1
G_2_A_6_2_28_comp2,P_2_A_6_2_28_comp1+2_A_6_2_28_comp2,R_2_A_6_2_28,TCDB,TCDB.2_A_6_2_28_comp2
G_3_A_24_5_1_comp1,P_3_A_24_5_1_comp1+3_A_24_5_1_comp2+3_A_24_5_1_comp3+3_A_24_5_1_comp4+3_A_24_5_1_comp5+3_A_24_5_1_comp6+3_A_24_5_1_comp7+3_A_24_5_1_comp8,R_3_A_24_5_1,TCDB,TCDB.3_A_24_5_1_comp1
G_3_A_24_5_1_comp2,P_3_A_24_5_1_comp1+3_A_24_5_1_comp2+3_A_24_5_1_comp3+3_A_24_5_1_comp4+3_A_24_5_1_comp5+3_A_24_5_1_comp6+3_A_24_5_1_comp7+3_A_24_5_1_comp8,R_3_A_24_5_1,TCDB,TCDB.3_A_24_5_1_comp2
G_3_A_24_5_1_comp3,P_3_A_24_5_1_comp1+3_A_24_5_1_comp2+3_A_24_5_1_comp3+3_A_24_5_1_comp4+3_A_24_5_1_comp5+3_A_24_5_1_comp6+3_A_24_5_1_comp7+3_A_24_5_1_comp8,R_3_A_24_5_1,TCDB,TCDB.3_A_24_5_1_comp3
G_3_A_24_5_1_comp4,P_3_A_24_5_1_comp1+3_A_24_5_1_comp2+3_A_24_5_1_comp3+3_A_24_5_1_comp4+3_A_24_5_1_comp5+3_A_24_5_1_comp6+3_A_24_5_1_comp7+3_A_24_5_1_comp8,R_3_A_24_5_1,TCDB,TCDB.3_A_24_5_1_comp4
G_3_A_24_5_1_comp5,P_3_A_24_5_1_comp1+3_A_24_5_1_comp2+3_A_24_5_1_comp3+3_A_24_5_1_comp4+3_A_24_5_1_comp5+3_A_24_5_1_comp6+3_A_24_5_1_comp7+3_A_24_5_1_comp8,R_3_A_24_5_1,TCDB,TCDB.3_A_24_5_1_comp5
G_3_A_24_5_1_comp6,P_3_A_24_5_1_comp1+3_A_24_5_1_comp2+3_A_24_5_1_comp3+3_A_24_5_1_comp4+3_A_24_5_1_comp5+3_A_24_5_1_comp6+3_A_24_5_1_comp7+3_A_24_5_1_comp8,R_3_A_24_5_1,TCDB,TCDB.3_A_24_5_1_comp6
G_3_A_24_5_1_comp7,P_3_A_24_5_1_comp1+3_A_24_5_1_comp2+3_A_24_5_1_comp3+3_A_24_5_1_comp4+3_A_24_5_1_comp5+3_A_24_5_1_comp6+3_A_24_5_1_comp7+3_A_24_5_1_comp8,R_3_A_24_5_1,TCDB,TCDB.3_A_24_5_1_comp7
G_3_A_24_5_1_comp8,P_3_A_24_5_1_comp1+3_A_24_5_1_comp2+3_A_24_5_1_comp3+3_A_24_5_1_comp4+3_A_24_5_1_comp5+3_A_24_5_1_comp6+3_A_24_5_1_comp7+3_A_24_5_1_comp8,R_3_A_24_5_1,TCDB,TCDB.3_A_24_5_1_comp8
G_1_B_163_1_9_comp1,P_1_B_163_1_9_comp1,R_1_B_163_1_9,TCDB,TCDB.1_B_163_1_9_comp1
G_8_A_35_1_1_comp1,P_8_A_35_1_1_comp1,R_8_A_35_1_1,TCDB,TCDB.8_A_35_1_1_comp1
G_3_A_1_9_2_comp1,P_3_A_1_9_2_comp1+3_A_1_9_2_comp2+3_A_1_9_2_comp3,R_3_A_1_9_2,TCDB,TCDB.3_A_1_9_2_comp1
G_3_A_1_9_2_comp2,P_3_A_1_9_2_comp1+3_A_1_9_2_comp2+3_A_1_9_2_comp3,R_3_A_1_9_2,TCDB,TCDB.3_A_1_9_2_comp2
G_3_A_1_9_2_comp3,P_3_A_1_9_2_comp1+3_A_1_9_2_comp2+3_A_1_9_2_comp3,R_3_A_1_9_2,TCDB,TCDB.3_A_1_9_2_comp3
G_2_A_4_1_5_comp1,P_2_A_4_1_5_comp1,R_2_A_4_1_5,TCDB,TCDB.2_A_4_1_5_comp1
G_2_A_1_49_10_comp1,P_2_A_1_49_10_comp1,R_2_A_1_49_10,TCDB,TCDB.2_A_1_49_10_comp1
G_2_A_1_1_65_comp1,P_2_A_1_1_65_comp1,R_2_A_1_1_65,TCDB,TCDB.2_A_1_1_65_comp1
G_3_D_3_5_5_comp1,P_3_D_3_5_5_comp1+3_D_3_5_5_comp2+3_D_3_5_5_comp3+3_D_3_5_5_comp4+3_D_3_5_5_comp5+3_D_3_5_5_comp6+3_D_3_5_5_comp7+3_D_3_5_5_comp8,R_3_D_3_5_5,TCDB,TCDB.3_D_3_5_5_comp1
G_3_D_3_5_5_comp2,P_3_D_3_5_5_comp1+3_D_3_5_5_comp2+3_D_3_5_5_comp3+3_D_3_5_5_comp4+3_D_3_5_5_comp5+3_D_3_5_5_comp6+3_D_3_5_5_comp7+3_D_3_5_5_comp8,R_3_D_3_5_5,TCDB,TCDB.3_D_3_5_5_comp2
G_3_D_3_5_5_comp3,P_3_D_3_5_5_comp1+3_D_3_5_5_comp2+3_D_3_5_5_comp3+3_D_3_5_5_comp4+3_D_3_5_5_comp5+3_D_3_5_5_comp6+3_D_3_5_5_comp7+3_D_3_5_5_comp8,R_3_D_3_5_5,TCDB,TCDB.3_D_3_5_5_comp3
G_3_D_3_5_5_comp4,P_3_D_3_5_5_comp1+3_D_3_5_5_comp2+3_D_3_5_5_comp3+3_D_3_5_5_comp4+3_D_3_5_5_comp5+3_D_3_5_5_comp6+3_D_3_5_5_comp7+3_D_3_5_5_comp8,R_3_D_3_5_5,TCDB,TCDB.3_D_3_5_5_comp4
G_3_D_3_5_5_comp5,P_3_D_3_5_5_comp1+3_D_3_5_5_comp2+3_D_3_5_5_comp3+3_D_3_5_5_comp4+3_D_3_5_5_comp5+3_D_3_5_5_comp6+3_D_3_5_5_comp7+3_D_3_5_5_comp8,R_3_D_3_5_5,TCDB,TCDB.3_D_3_5_5_comp5
G_3_D_3_5_5_comp6,P_3_D_3_5_5_comp1+3_D_3_5_5_comp2+3_D_3_5_5_comp3+3_D_3_5_5_comp4+3_D_3_5_5_comp5+3_D_3_5_5_comp6+3_D_3_5_5_comp7+3_D_3_5_5_comp8,R_3_D_3_5_5,TCDB,TCDB.3_D_3_5_5_comp6
G_3_D_3_5_5_comp7,P_3_D_3_5_5_comp1+3_D_3_5_5_comp2+3_D_3_5_5_comp3+3_D_3_5_5_comp4+3_D_3_5_5_comp5+3_D_3_5_5_comp6+3_D_3_5_5_comp7+3_D_3_5_5_comp8,R_3_D_3_5_5,TCDB,TCDB.3_D_3_5_5_comp7
G_3_D_3_5_5_comp8,P_3_D_3_5_5_comp1+3_D_3_5_5_comp2+3_D_3_5_5_comp3+3_D_3_5_5_comp4+3_D_3_5_5_comp5+3_D_3_5_5_comp6+3_D_3_5_5_comp7+3_D_3_5_5_comp8,R_3_D_3_5_5,TCDB,TCDB.3_D_3_5_5_comp8
G_9_B_142_17_7_comp1,P_9_B_142_17_7_comp1,R_9_B_142_17_7,TCDB,TCDB.9_B_142_17_7_comp1
G_2_A_102_2_7_comp1,P_2_A_102_2_7_comp1,R_2_A_102_2_7,TCDB,TCDB.2_A_102_2_7_comp1
G_3_A_1_153_2_comp1,P_3_A_1_153_2_comp1+3_A_1_153_2_comp2,R_3_A_1_153_2,TCDB,TCDB.3_A_1_153_2_comp1
G_3_A_1_153_2_comp2,P_3_A_1_153_2_comp1+3_A_1_153_2_comp2,R_3_A_1_153_2,TCDB,TCDB.3_A_1_153_2_comp2
G_1_C_90_2_2_comp1,P_1_C_90_2_2_comp1,R_1_C_90_2_2,TCDB,TCDB.1_C_90_2_2_comp1
G_1_B_1_1_8_comp1,P_1_B_1_1_8_comp1,R_1_B_1_1_8,TCDB,TCDB.1_B_1_1_8_comp1
G_1_C_52_1_26_comp1,P_1_C_52_1_26_comp1,R_1_C_52_1_26,TCDB,TCDB.1_C_52_1_26_comp1
G_2_A_1_2_79_comp1,P_2_A_1_2_79_comp1,R_2_A_1_2_79,TCDB,TCDB.2_A_1_2_79_comp1
G_1_C_39_7_4_comp1,P_1_C_39_7_4_comp1,R_1_C_39_7_4,TCDB,TCDB.1_C_39_7_4_comp1
G_2_A_66_2_13_comp1,P_2_A_66_2_13_comp1,R_2_A_66_2_13,TCDB,TCDB.2_A_66_2_13_comp1
G_9_B_191_2_1_comp1,P_9_B_191_2_1_comp1,R_9_B_191_2_1,TCDB,TCDB.9_B_191_2_1_comp1
G_2_A_66_5_3_comp1,P_2_A_66_5_3_comp1,R_2_A_66_5_3,TCDB,TCDB.2_A_66_5_3_comp1
G_9_B_142_4_4_comp1,P_9_B_142_4_4_comp1,R_9_B_142_4_4,TCDB,TCDB.9_B_142_4_4_comp1
G_2_A_133_1_3_comp1,P_2_A_133_1_3_comp1,R_2_A_133_1_3,TCDB,TCDB.2_A_133_1_3_comp1
G_3_A_1_122_12_comp1,P_3_A_1_122_12_comp1+3_A_1_122_12_comp2,R_3_A_1_122_12,TCDB,TCDB.3_A_1_122_12_comp1
G_3_A_1_122_12_comp2,P_3_A_1_122_12_comp1+3_A_1_122_12_comp2,R_3_A_1_122_12,TCDB,TCDB.3_A_1_122_12_comp2
G_3_A_2_1_11_comp1,P_3_A_2_1_11_comp1+3_A_2_1_11_comp2+3_A_2_1_11_comp3+3_A_2_1_11_comp4+3_A_2_1_11_comp5+3_A_2_1_11_comp6+3_A_2_1_11_comp7+3_A_2_1_11_comp8+3_A_2_1_11_comp9+3_A_2_1_11_comp10+3_A_2_1_11_comp11+3_A_2_1_11_comp12+3_A_2_1_11_comp13+3_A_2_1_11_comp14,R_3_A_2_1_11,TCDB,TCDB.3_A_2_1_11_comp1
G_3_A_2_1_11_comp2,P_3_A_2_1_11_comp1+3_A_2_1_11_comp2+3_A_2_1_11_comp3+3_A_2_1_11_comp4+3_A_2_1_11_comp5+3_A_2_1_11_comp6+3_A_2_1_11_comp7+3_A_2_1_11_comp8+3_A_2_1_11_comp9+3_A_2_1_11_comp10+3_A_2_1_11_comp11+3_A_2_1_11_comp12+3_A_2_1_11_comp13+3_A_2_1_11_comp14,R_3_A_2_1_11,TCDB,TCDB.3_A_2_1_11_comp2
G_3_A_2_1_11_comp3,P_3_A_2_1_11_comp1+3_A_2_1_11_comp2+3_A_2_1_11_comp3+3_A_2_1_11_comp4+3_A_2_1_11_comp5+3_A_2_1_11_comp6+3_A_2_1_11_comp7+3_A_2_1_11_comp8+3_A_2_1_11_comp9+3_A_2_1_11_comp10+3_A_2_1_11_comp11+3_A_2_1_11_comp12+3_A_2_1_11_comp13+3_A_2_1_11_comp14,R_3_A_2_1_11,TCDB,TCDB.3_A_2_1_11_comp3
G_3_A_2_1_11_comp4,P_3_A_2_1_11_comp1+3_A_2_1_11_comp2+3_A_2_1_11_comp3+3_A_2_1_11_comp4+3_A_2_1_11_comp5+3_A_2_1_11_comp6+3_A_2_1_11_comp7+3_A_2_1_11_comp8+3_A_2_1_11_comp9+3_A_2_1_11_comp10+3_A_2_1_11_comp11+3_A_2_1_11_comp12+3_A_2_1_11_comp13+3_A_2_1_11_comp14,R_3_A_2_1_11,TCDB,TCDB.3_A_2_1_11_comp4
G_3_A_2_1_11_comp5,P_3_A_2_1_11_comp1+3_A_2_1_11_comp2+3_A_2_1_11_comp3+3_A_2_1_11_comp4+3_A_2_1_11_comp5+3_A_2_1_11_comp6+3_A_2_1_11_comp7+3_A_2_1_11_comp8+3_A_2_1_11_comp9+3_A_2_1_11_comp10+3_A_2_1_11_comp11+3_A_2_1_11_comp12+3_A_2_1_11_comp13+3_A_2_1_11_comp14,R_3_A_2_1_11,TCDB,TCDB.3_A_2_1_11_comp5
G_3_A_2_1_11_comp6,P_3_A_2_1_11_comp1+3_A_2_1_11_comp2+3_A_2_1_11_comp3+3_A_2_1_11_comp4+3_A_2_1_11_comp5+3_A_2_1_11_comp6+3_A_2_1_11_comp7+3_A_2_1_11_comp8+3_A_2_1_11_comp9+3_A_2_1_11_comp10+3_A_2_1_11_comp11+3_A_2_1_11_comp12+3_A_2_1_11_comp13+3_A_2_1_11_comp14,R_3_A_2_1_11,TCDB,TCDB.3_A_2_1_11_comp6
G_3_A_2_1_11_comp7,P_3_A_2_1_11_comp1+3_A_2_1_11_comp2+3_A_2_1_11_comp3+3_A_2_1_11_comp4+3_A_2_1_11_comp5+3_A_2_1_11_comp6+3_A_2_1_11_comp7+3_A_2_1_11_comp8+3_A_2_1_11_comp9+3_A_2_1_11_comp10+3_A_2_1_11_comp11+3_A_2_1_11_comp12+3_A_2_1_11_comp13+3_A_2_1_11_comp14,R_3_A_2_1_11,TCDB,TCDB.3_A_2_1_11_comp7
G_3_A_2_1_11_comp8,P_3_A_2_1_11_comp1+3_A_2_1_11_comp2+3_A_2_1_11_comp3+3_A_2_1_11_comp4+3_A_2_1_11_comp5+3_A_2_1_11_comp6+3_A_2_1_11_comp7+3_A_2_1_11_comp8+3_A_2_1_11_comp9+3_A_2_1_11_comp10+3_A_2_1_11_comp11+3_A_2_1_11_comp12+3_A_2_1_11_comp13+3_A_2_1_11_comp14,R_3_A_2_1_11,TCDB,TCDB.3_A_2_1_11_comp8
G_3_A_2_1_11_comp9,P_3_A_2_1_11_comp1+3_A_2_1_11_comp2+3_A_2_1_11_comp3+3_A_2_1_11_comp4+3_A_2_1_11_comp5+3_A_2_1_11_comp6+3_A_2_1_11_comp7+3_A_2_1_11_comp8+3_A_2_1_11_comp9+3_A_2_1_11_comp10+3_A_2_1_11_comp11+3_A_2_1_11_comp12+3_A_2_1_11_comp13+3_A_2_1_11_comp14,R_3_A_2_1_11,TCDB,TCDB.3_A_2_1_11_comp9
G_3_A_2_1_11_comp10,P_3_A_2_1_11_comp1+3_A_2_1_11_comp2+3_A_2_1_11_comp3+3_A_2_1_11_comp4+3_A_2_1_11_comp5+3_A_2_1_11_comp6+3_A_2_1_11_comp7+3_A_2_1_11_comp8+3_A_2_1_11_comp9+3_A_2_1_11_comp10+3_A_2_1_11_comp11+3_A_2_1_11_comp12+3_A_2_1_11_comp13+3_A_2_1_11_comp14,R_3_A_2_1_11,TCDB,TCDB.3_A_2_1_11_comp10
G_3_A_2_1_11_comp11,P_3_A_2_1_11_comp1+3_A_2_1_11_comp2+3_A_2_1_11_comp3+3_A_2_1_11_comp4+3_A_2_1_11_comp5+3_A_2_1_11_comp6+3_A_2_1_11_comp7+3_A_2_1_11_comp8+3_A_2_1_11_comp9+3_A_2_1_11_comp10+3_A_2_1_11_comp11+3_A_2_1_11_comp12+3_A_2_1_11_comp13+3_A_2_1_11_comp14,R_3_A_2_1_11,TCDB,TCDB.3_A_2_1_11_comp11
G_3_A_2_1_11_comp12,P_3_A_2_1_11_comp1+3_A_2_1_11_comp2+3_A_2_1_11_comp3+3_A_2_1_11_comp4+3_A_2_1_11_comp5+3_A_2_1_11_comp6+3_A_2_1_11_comp7+3_A_2_1_11_comp8+3_A_2_1_11_comp9+3_A_2_1_11_comp10+3_A_2_1_11_comp11+3_A_2_1_11_comp12+3_A_2_1_11_comp13+3_A_2_1_11_comp14,R_3_A_2_1_11,TCDB,TCDB.3_A_2_1_11_comp12
G_3_A_2_1_11_comp13,P_3_A_2_1_11_comp1+3_A_2_1_11_comp2+3_A_2_1_11_comp3+3_A_2_1_11_comp4+3_A_2_1_11_comp5+3_A_2_1_11_comp6+3_A_2_1_11_comp7+3_A_2_1_11_comp8+3_A_2_1_11_comp9+3_A_2_1_11_comp10+3_A_2_1_11_comp11+3_A_2_1_11_comp12+3_A_2_1_11_comp13+3_A_2_1_11_comp14,R_3_A_2_1_11,TCDB,TCDB.3_A_2_1_11_comp13
G_3_A_2_1_11_comp14,P_3_A_2_1_11_comp1+3_A_2_1_11_comp2+3_A_2_1_11_comp3+3_A_2_1_11_comp4+3_A_2_1_11_comp5+3_A_2_1_11_comp6+3_A_2_1_11_comp7+3_A_2_1_11_comp8+3_A_2_1_11_comp9+3_A_2_1_11_comp10+3_A_2_1_11_comp11+3_A_2_1_11_comp12+3_A_2_1_11_comp13+3_A_2_1_11_comp14,R_3_A_2_1_11,TCDB,TCDB.3_A_2_1_11_comp14
G_2_A_1_1_43_comp1,P_2_A_1_1_43_comp1,R_2_A_1_1_43,TCDB,TCDB.2_A_1_1_43_comp1
G_1_A_17_1_5_comp1,P_1_A_17_1_5_comp1,R_1_A_17_1_5,TCDB,TCDB.1_A_17_1_5_comp1
G_2_A_1_19_28_comp1,P_2_A_1_19_28_comp1,R_2_A_1_19_28,TCDB,TCDB.2_A_1_19_28_comp1
G_1_B_12_4_7_comp1,P_1_B_12_4_7_comp1,R_1_B_12_4_7,TCDB,TCDB.1_B_12_4_7_comp1
G_1_A_13_5_1_comp1,P_1_A_13_5_1_comp1,R_1_A_13_5_1,TCDB,TCDB.1_A_13_5_1_comp1
G_2_A_33_1_4_comp1,P_2_A_33_1_4_comp1,R_2_A_33_1_4,TCDB,TCDB.2_A_33_1_4_comp1
G_1_B_61_1_2_comp1,P_1_B_61_1_2_comp1,R_1_B_61_1_2,TCDB,TCDB.1_B_61_1_2_comp1
G_3_A_1_15_19_comp1,P_3_A_1_15_19_comp1+3_A_1_15_19_comp2+3_A_1_15_19_comp3+3_A_1_15_19_comp4,R_3_A_1_15_19,TCDB,TCDB.3_A_1_15_19_comp1
G_3_A_1_15_19_comp2,P_3_A_1_15_19_comp1+3_A_1_15_19_comp2+3_A_1_15_19_comp3+3_A_1_15_19_comp4,R_3_A_1_15_19,TCDB,TCDB.3_A_1_15_19_comp2
G_3_A_1_15_19_comp3,P_3_A_1_15_19_comp1+3_A_1_15_19_comp2+3_A_1_15_19_comp3+3_A_1_15_19_comp4,R_3_A_1_15_19,TCDB,TCDB.3_A_1_15_19_comp3
G_3_A_1_15_19_comp4,P_3_A_1_15_19_comp1+3_A_1_15_19_comp2+3_A_1_15_19_comp3+3_A_1_15_19_comp4,R_3_A_1_15_19,TCDB,TCDB.3_A_1_15_19_comp4
G_3_A_2_1_7_comp1,P_3_A_2_1_7_comp1+3_A_2_1_7_comp2+3_A_2_1_7_comp3+3_A_2_1_7_comp4+3_A_2_1_7_comp5+3_A_2_1_7_comp6+3_A_2_1_7_comp7+3_A_2_1_7_comp8+3_A_2_1_7_comp9,R_3_A_2_1_7,TCDB,TCDB.3_A_2_1_7_comp1
G_3_A_2_1_7_comp2,P_3_A_2_1_7_comp1+3_A_2_1_7_comp2+3_A_2_1_7_comp3+3_A_2_1_7_comp4+3_A_2_1_7_comp5+3_A_2_1_7_comp6+3_A_2_1_7_comp7+3_A_2_1_7_comp8+3_A_2_1_7_comp9,R_3_A_2_1_7,TCDB,TCDB.3_A_2_1_7_comp2
G_3_A_2_1_7_comp3,P_3_A_2_1_7_comp1+3_A_2_1_7_comp2+3_A_2_1_7_comp3+3_A_2_1_7_comp4+3_A_2_1_7_comp5+3_A_2_1_7_comp6+3_A_2_1_7_comp7+3_A_2_1_7_comp8+3_A_2_1_7_comp9,R_3_A_2_1_7,TCDB,TCDB.3_A_2_1_7_comp3
G_3_A_2_1_7_comp4,P_3_A_2_1_7_comp1+3_A_2_1_7_comp2+3_A_2_1_7_comp3+3_A_2_1_7_comp4+3_A_2_1_7_comp5+3_A_2_1_7_comp6+3_A_2_1_7_comp7+3_A_2_1_7_comp8+3_A_2_1_7_comp9,R_3_A_2_1_7,TCDB,TCDB.3_A_2_1_7_comp4
G_3_A_2_1_7_comp5,P_3_A_2_1_7_comp1+3_A_2_1_7_comp2+3_A_2_1_7_comp3+3_A_2_1_7_comp4+3_A_2_1_7_comp5+3_A_2_1_7_comp6+3_A_2_1_7_comp7+3_A_2_1_7_comp8+3_A_2_1_7_comp9,R_3_A_2_1_7,TCDB,TCDB.3_A_2_1_7_comp5
G_3_A_2_1_7_comp6,P_3_A_2_1_7_comp1+3_A_2_1_7_comp2+3_A_2_1_7_comp3+3_A_2_1_7_comp4+3_A_2_1_7_comp5+3_A_2_1_7_comp6+3_A_2_1_7_comp7+3_A_2_1_7_comp8+3_A_2_1_7_comp9,R_3_A_2_1_7,TCDB,TCDB.3_A_2_1_7_comp6
G_3_A_2_1_7_comp7,P_3_A_2_1_7_comp1+3_A_2_1_7_comp2+3_A_2_1_7_comp3+3_A_2_1_7_comp4+3_A_2_1_7_comp5+3_A_2_1_7_comp6+3_A_2_1_7_comp7+3_A_2_1_7_comp8+3_A_2_1_7_comp9,R_3_A_2_1_7,TCDB,TCDB.3_A_2_1_7_comp7
G_3_A_2_1_7_comp8,P_3_A_2_1_7_comp1+3_A_2_1_7_comp2+3_A_2_1_7_comp3+3_A_2_1_7_comp4+3_A_2_1_7_comp5+3_A_2_1_7_comp6+3_A_2_1_7_comp7+3_A_2_1_7_comp8+3_A_2_1_7_comp9,R_3_A_2_1_7,TCDB,TCDB.3_A_2_1_7_comp8
G_3_A_2_1_7_comp9,P_3_A_2_1_7_comp1+3_A_2_1_7_comp2+3_A_2_1_7_comp3+3_A_2_1_7_comp4+3_A_2_1_7_comp5+3_A_2_1_7_comp6+3_A_2_1_7_comp7+3_A_2_1_7_comp8+3_A_2_1_7_comp9,R_3_A_2_1_7,TCDB,TCDB.3_A_2_1_7_comp9
G_1_A_77_2_16_comp1,P_1_A_77_2_16_comp1,R_1_A_77_2_16,TCDB,TCDB.1_A_77_2_16_comp1
G_2_A_28_3_3_comp1,P_2_A_28_3_3_comp1,R_2_A_28_3_3,TCDB,TCDB.2_A_28_3_3_comp1
G_1_B_48_1_2_comp1,P_1_B_48_1_2_comp1,R_1_B_48_1_2,TCDB,TCDB.1_B_48_1_2_comp1
G_1_A_77_1_10_comp1,P_1_A_77_1_10_comp1,R_1_A_77_1_10,TCDB,TCDB.1_A_77_1_10_comp1
G_9_A_27_1_4_comp1,P_9_A_27_1_4_comp1,R_9_A_27_1_4,TCDB,TCDB.9_A_27_1_4_comp1
G_9_B_178_1_2_comp1,P_9_B_178_1_2_comp1,R_9_B_178_1_2,TCDB,TCDB.9_B_178_1_2_comp1
G_9_B_199_1_4_comp1,P_9_B_199_1_4_comp1,R_9_B_199_1_4,TCDB,TCDB.9_B_199_1_4_comp1
G_1_A_77_1_15_comp1,P_1_A_77_1_15_comp1,R_1_A_77_1_15,TCDB,TCDB.1_A_77_1_15_comp1
G_1_A_1_10_15_comp1,P_1_A_1_10_15_comp1,R_1_A_1_10_15,TCDB,TCDB.1_A_1_10_15_comp1
G_2_A_130_1_2_comp1,P_2_A_130_1_2_comp1+2_A_130_1_2_comp2+2_A_130_1_2_comp3+2_A_130_1_2_comp4+2_A_130_1_2_comp5+2_A_130_1_2_comp6,R_2_A_130_1_2,TCDB,TCDB.2_A_130_1_2_comp1
G_2_A_130_1_2_comp2,P_2_A_130_1_2_comp1+2_A_130_1_2_comp2+2_A_130_1_2_comp3+2_A_130_1_2_comp4+2_A_130_1_2_comp5+2_A_130_1_2_comp6,R_2_A_130_1_2,TCDB,TCDB.2_A_130_1_2_comp2
G_2_A_130_1_2_comp3,P_2_A_130_1_2_comp1+2_A_130_1_2_comp2+2_A_130_1_2_comp3+2_A_130_1_2_comp4+2_A_130_1_2_comp5+2_A_130_1_2_comp6,R_2_A_130_1_2,TCDB,TCDB.2_A_130_1_2_comp3
G_2_A_130_1_2_comp4,P_2_A_130_1_2_comp1+2_A_130_1_2_comp2+2_A_130_1_2_comp3+2_A_130_1_2_comp4+2_A_130_1_2_comp5+2_A_130_1_2_comp6,R_2_A_130_1_2,TCDB,TCDB.2_A_130_1_2_comp4
G_2_A_130_1_2_comp5,P_2_A_130_1_2_comp1+2_A_130_1_2_comp2+2_A_130_1_2_comp3+2_A_130_1_2_comp4+2_A_130_1_2_comp5+2_A_130_1_2_comp6,R_2_A_130_1_2,TCDB,TCDB.2_A_130_1_2_comp5
G_2_A_130_1_2_comp6,P_2_A_130_1_2_comp1+2_A_130_1_2_comp2+2_A_130_1_2_comp3+2_A_130_1_2_comp4+2_A_130_1_2_comp5+2_A_130_1_2_comp6,R_2_A_130_1_2,TCDB,TCDB.2_A_130_1_2_comp6
G_1_E_10_1_3_comp1,P_1_E_10_1_3_comp1,R_1_E_10_1_3,TCDB,TCDB.1_E_10_1_3_comp1
G_5_B_5_2_1_comp1,P_5_B_5_2_1_comp1+5_B_5_2_1_comp2+5_B_5_2_1_comp3,R_5_B_5_2_1,TCDB,TCDB.5_B_5_2_1_comp1
G_5_B_5_2_1_comp2,P_5_B_5_2_1_comp1+5_B_5_2_1_comp2+5_B_5_2_1_comp3,R_5_B_5_2_1,TCDB,TCDB.5_B_5_2_1_comp2
G_5_B_5_2_1_comp3,P_5_B_5_2_1_comp1+5_B_5_2_1_comp2+5_B_5_2_1_comp3,R_5_B_5_2_1,TCDB,TCDB.5_B_5_2_1_comp3
G_3_A_11_2_3_comp1,P_3_A_11_2_3_comp1+3_A_11_2_3_comp2,R_3_A_11_2_3,TCDB,TCDB.3_A_11_2_3_comp1
G_3_A_11_2_3_comp2,P_3_A_11_2_3_comp1+3_A_11_2_3_comp2,R_3_A_11_2_3,TCDB,TCDB.3_A_11_2_3_comp2
G_3_A_23_1_1_comp1,P_3_A_23_1_1_comp1+3_A_23_1_1_comp2+3_A_23_1_1_comp3+3_A_23_1_1_comp4+3_A_23_1_1_comp5+3_A_23_1_1_comp6+3_A_23_1_1_comp7+3_A_23_1_1_comp8+3_A_23_1_1_comp9+3_A_23_1_1_comp10+3_A_23_1_1_comp11+3_A_23_1_1_comp12+3_A_23_1_1_comp13+3_A_23_1_1_comp14,R_3_A_23_1_1,TCDB,TCDB.3_A_23_1_1_comp1
G_3_A_23_1_1_comp2,P_3_A_23_1_1_comp1+3_A_23_1_1_comp2+3_A_23_1_1_comp3+3_A_23_1_1_comp4+3_A_23_1_1_comp5+3_A_23_1_1_comp6+3_A_23_1_1_comp7+3_A_23_1_1_comp8+3_A_23_1_1_comp9+3_A_23_1_1_comp10+3_A_23_1_1_comp11+3_A_23_1_1_comp12+3_A_23_1_1_comp13+3_A_23_1_1_comp14,R_3_A_23_1_1,TCDB,TCDB.3_A_23_1_1_comp2
G_3_A_23_1_1_comp3,P_3_A_23_1_1_comp1+3_A_23_1_1_comp2+3_A_23_1_1_comp3+3_A_23_1_1_comp4+3_A_23_1_1_comp5+3_A_23_1_1_comp6+3_A_23_1_1_comp7+3_A_23_1_1_comp8+3_A_23_1_1_comp9+3_A_23_1_1_comp10+3_A_23_1_1_comp11+3_A_23_1_1_comp12+3_A_23_1_1_comp13+3_A_23_1_1_comp14,R_3_A_23_1_1,TCDB,TCDB.3_A_23_1_1_comp3
G_3_A_23_1_1_comp4,P_3_A_23_1_1_comp1+3_A_23_1_1_comp2+3_A_23_1_1_comp3+3_A_23_1_1_comp4+3_A_23_1_1_comp5+3_A_23_1_1_comp6+3_A_23_1_1_comp7+3_A_23_1_1_comp8+3_A_23_1_1_comp9+3_A_23_1_1_comp10+3_A_23_1_1_comp11+3_A_23_1_1_comp12+3_A_23_1_1_comp13+3_A_23_1_1_comp14,R_3_A_23_1_1,TCDB,TCDB.3_A_23_1_1_comp4
G_3_A_23_1_1_comp5,P_3_A_23_1_1_comp1+3_A_23_1_1_comp2+3_A_23_1_1_comp3+3_A_23_1_1_comp4+3_A_23_1_1_comp5+3_A_23_1_1_comp6+3_A_23_1_1_comp7+3_A_23_1_1_comp8+3_A_23_1_1_comp9+3_A_23_1_1_comp10+3_A_23_1_1_comp11+3_A_23_1_1_comp12+3_A_23_1_1_comp13+3_A_23_1_1_comp14,R_3_A_23_1_1,TCDB,TCDB.3_A_23_1_1_comp5
G_3_A_23_1_1_comp6,P_3_A_23_1_1_comp1+3_A_23_1_1_comp2+3_A_23_1_1_comp3+3_A_23_1_1_comp4+3_A_23_1_1_comp5+3_A_23_1_1_comp6+3_A_23_1_1_comp7+3_A_23_1_1_comp8+3_A_23_1_1_comp9+3_A_23_1_1_comp10+3_A_23_1_1_comp11+3_A_23_1_1_comp12+3_A_23_1_1_comp13+3_A_23_1_1_comp14,R_3_A_23_1_1,TCDB,TCDB.3_A_23_1_1_comp6
G_3_A_23_1_1_comp7,P_3_A_23_1_1_comp1+3_A_23_1_1_comp2+3_A_23_1_1_comp3+3_A_23_1_1_comp4+3_A_23_1_1_comp5+3_A_23_1_1_comp6+3_A_23_1_1_comp7+3_A_23_1_1_comp8+3_A_23_1_1_comp9+3_A_23_1_1_comp10+3_A_23_1_1_comp11+3_A_23_1_1_comp12+3_A_23_1_1_comp13+3_A_23_1_1_comp14,R_3_A_23_1_1,TCDB,TCDB.3_A_23_1_1_comp7
G_3_A_23_1_1_comp8,P_3_A_23_1_1_comp1+3_A_23_1_1_comp2+3_A_23_1_1_comp3+3_A_23_1_1_comp4+3_A_23_1_1_comp5+3_A_23_1_1_comp6+3_A_23_1_1_comp7+3_A_23_1_1_comp8+3_A_23_1_1_comp9+3_A_23_1_1_comp10+3_A_23_1_1_comp11+3_A_23_1_1_comp12+3_A_23_1_1_comp13+3_A_23_1_1_comp14,R_3_A_23_1_1,TCDB,TCDB.3_A_23_1_1_comp8
G_3_A_23_1_1_comp9,P_3_A_23_1_1_comp1+3_A_23_1_1_comp2+3_A_23_1_1_comp3+3_A_23_1_1_comp4+3_A_23_1_1_comp5+3_A_23_1_1_comp6+3_A_23_1_1_comp7+3_A_23_1_1_comp8+3_A_23_1_1_comp9+3_A_23_1_1_comp10+3_A_23_1_1_comp11+3_A_23_1_1_comp12+3_A_23_1_1_comp13+3_A_23_1_1_comp14,R_3_A_23_1_1,TCDB,TCDB.3_A_23_1_1_comp9
G_3_A_23_1_1_comp10,P_3_A_23_1_1_comp1+3_A_23_1_1_comp2+3_A_23_1_1_comp3+3_A_23_1_1_comp4+3_A_23_1_1_comp5+3_A_23_1_1_comp6+3_A_23_1_1_comp7+3_A_23_1_1_comp8+3_A_23_1_1_comp9+3_A_23_1_1_comp10+3_A_23_1_1_comp11+3_A_23_1_1_comp12+3_A_23_1_1_comp13+3_A_23_1_1_comp14,R_3_A_23_1_1,TCDB,TCDB.3_A_23_1_1_comp10
G_3_A_23_1_1_comp11,P_3_A_23_1_1_comp1+3_A_23_1_1_comp2+3_A_23_1_1_comp3+3_A_23_1_1_comp4+3_A_23_1_1_comp5+3_A_23_1_1_comp6+3_A_23_1_1_comp7+3_A_23_1_1_comp8+3_A_23_1_1_comp9+3_A_23_1_1_comp10+3_A_23_1_1_comp11+3_A_23_1_1_comp12+3_A_23_1_1_comp13+3_A_23_1_1_comp14,R_3_A_23_1_1,TCDB,TCDB.3_A_23_1_1_comp11
G_3_A_23_1_1_comp12,P_3_A_23_1_1_comp1+3_A_23_1_1_comp2+3_A_23_1_1_comp3+3_A_23_1_1_comp4+3_A_23_1_1_comp5+3_A_23_1_1_comp6+3_A_23_1_1_comp7+3_A_23_1_1_comp8+3_A_23_1_1_comp9+3_A_23_1_1_comp10+3_A_23_1_1_comp11+3_A_23_1_1_comp12+3_A_23_1_1_comp13+3_A_23_1_1_comp14,R_3_A_23_1_1,TCDB,TCDB.3_A_23_1_1_comp12
G_3_A_23_1_1_comp13,P_3_A_23_1_1_comp1+3_A_23_1_1_comp2+3_A_23_1_1_comp3+3_A_23_1_1_comp4+3_A_23_1_1_comp5+3_A_23_1_1_comp6+3_A_23_1_1_comp7+3_A_23_1_1_comp8+3_A_23_1_1_comp9+3_A_23_1_1_comp10+3_A_23_1_1_comp11+3_A_23_1_1_comp12+3_A_23_1_1_comp13+3_A_23_1_1_comp14,R_3_A_23_1_1,TCDB,TCDB.3_A_23_1_1_comp13
G_3_A_23_1_1_comp14,P_3_A_23_1_1_comp1+3_A_23_1_1_comp2+3_A_23_1_1_comp3+3_A_23_1_1_comp4+3_A_23_1_1_comp5+3_A_23_1_1_comp6+3_A_23_1_1_comp7+3_A_23_1_1_comp8+3_A_23_1_1_comp9+3_A_23_1_1_comp10+3_A_23_1_1_comp11+3_A_23_1_1_comp12+3_A_23_1_1_comp13+3_A_23_1_1_comp14,R_3_A_23_1_1,TCDB,TCDB.3_A_23_1_1_comp14
G_1_B_23_1_4_comp1,P_1_B_23_1_4_comp1,R_1_B_23_1_4,TCDB,TCDB.1_B_23_1_4_comp1
G_3_A_1_15_10_comp1,P_3_A_1_15_10_comp1+3_A_1_15_10_comp2+3_A_1_15_10_comp3,R_3_A_1_15_10,TCDB,TCDB.3_A_1_15_10_comp1
G_3_A_1_15_10_comp2,P_3_A_1_15_10_comp1+3_A_1_15_10_comp2+3_A_1_15_10_comp3,R_3_A_1_15_10,TCDB,TCDB.3_A_1_15_10_comp2
G_3_A_1_15_10_comp3,P_3_A_1_15_10_comp1+3_A_1_15_10_comp2+3_A_1_15_10_comp3,R_3_A_1_15_10,TCDB,TCDB.3_A_1_15_10_comp3
G_1_B_65_1_1_comp1,P_1_B_65_1_1_comp1,R_1_B_65_1_1,TCDB,TCDB.1_B_65_1_1_comp1
G_3_A_1_10_5_comp1,P_3_A_1_10_5_comp1+3_A_1_10_5_comp2+3_A_1_10_5_comp3,R_3_A_1_10_5,TCDB,TCDB.3_A_1_10_5_comp1
G_3_A_1_10_5_comp2,P_3_A_1_10_5_comp1+3_A_1_10_5_comp2+3_A_1_10_5_comp3,R_3_A_1_10_5,TCDB,TCDB.3_A_1_10_5_comp2
G_3_A_1_10_5_comp3,P_3_A_1_10_5_comp1+3_A_1_10_5_comp2+3_A_1_10_5_comp3,R_3_A_1_10_5,TCDB,TCDB.3_A_1_10_5_comp3
G_2_A_53_3_9_comp1,P_2_A_53_3_9_comp1,R_2_A_53_3_9,TCDB,TCDB.2_A_53_3_9_comp1
G_3_A_6_1_1_comp1,P_3_A_6_1_1_comp1+3_A_6_1_1_comp2+3_A_6_1_1_comp3+3_A_6_1_1_comp4+3_A_6_1_1_comp5+3_A_6_1_1_comp6+3_A_6_1_1_comp7+3_A_6_1_1_comp8+3_A_6_1_1_comp9+3_A_6_1_1_comp10+3_A_6_1_1_comp11+3_A_6_1_1_comp12+3_A_6_1_1_comp13+3_A_6_1_1_comp14+3_A_6_1_1_comp15+3_A_6_1_1_comp16+3_A_6_1_1_comp17+3_A_6_1_1_comp18+3_A_6_1_1_comp19+3_A_6_1_1_comp20+3_A_6_1_1_comp21+3_A_6_1_1_comp22,R_3_A_6_1_1,TCDB,TCDB.3_A_6_1_1_comp1
G_3_A_6_1_1_comp2,P_3_A_6_1_1_comp1+3_A_6_1_1_comp2+3_A_6_1_1_comp3+3_A_6_1_1_comp4+3_A_6_1_1_comp5+3_A_6_1_1_comp6+3_A_6_1_1_comp7+3_A_6_1_1_comp8+3_A_6_1_1_comp9+3_A_6_1_1_comp10+3_A_6_1_1_comp11+3_A_6_1_1_comp12+3_A_6_1_1_comp13+3_A_6_1_1_comp14+3_A_6_1_1_comp15+3_A_6_1_1_comp16+3_A_6_1_1_comp17+3_A_6_1_1_comp18+3_A_6_1_1_comp19+3_A_6_1_1_comp20+3_A_6_1_1_comp21+3_A_6_1_1_comp22,R_3_A_6_1_1,TCDB,TCDB.3_A_6_1_1_comp2
G_3_A_6_1_1_comp3,P_3_A_6_1_1_comp1+3_A_6_1_1_comp2+3_A_6_1_1_comp3+3_A_6_1_1_comp4+3_A_6_1_1_comp5+3_A_6_1_1_comp6+3_A_6_1_1_comp7+3_A_6_1_1_comp8+3_A_6_1_1_comp9+3_A_6_1_1_comp10+3_A_6_1_1_comp11+3_A_6_1_1_comp12+3_A_6_1_1_comp13+3_A_6_1_1_comp14+3_A_6_1_1_comp15+3_A_6_1_1_comp16+3_A_6_1_1_comp17+3_A_6_1_1_comp18+3_A_6_1_1_comp19+3_A_6_1_1_comp20+3_A_6_1_1_comp21+3_A_6_1_1_comp22,R_3_A_6_1_1,TCDB,TCDB.3_A_6_1_1_comp3
G_3_A_6_1_1_comp4,P_3_A_6_1_1_comp1+3_A_6_1_1_comp2+3_A_6_1_1_comp3+3_A_6_1_1_comp4+3_A_6_1_1_comp5+3_A_6_1_1_comp6+3_A_6_1_1_comp7+3_A_6_1_1_comp8+3_A_6_1_1_comp9+3_A_6_1_1_comp10+3_A_6_1_1_comp11+3_A_6_1_1_comp12+3_A_6_1_1_comp13+3_A_6_1_1_comp14+3_A_6_1_1_comp15+3_A_6_1_1_comp16+3_A_6_1_1_comp17+3_A_6_1_1_comp18+3_A_6_1_1_comp19+3_A_6_1_1_comp20+3_A_6_1_1_comp21+3_A_6_1_1_comp22,R_3_A_6_1_1,TCDB,TCDB.3_A_6_1_1_comp4
G_3_A_6_1_1_comp5,P_3_A_6_1_1_comp1+3_A_6_1_1_comp2+3_A_6_1_1_comp3+3_A_6_1_1_comp4+3_A_6_1_1_comp5+3_A_6_1_1_comp6+3_A_6_1_1_comp7+3_A_6_1_1_comp8+3_A_6_1_1_comp9+3_A_6_1_1_comp10+3_A_6_1_1_comp11+3_A_6_1_1_comp12+3_A_6_1_1_comp13+3_A_6_1_1_comp14+3_A_6_1_1_comp15+3_A_6_1_1_comp16+3_A_6_1_1_comp17+3_A_6_1_1_comp18+3_A_6_1_1_comp19+3_A_6_1_1_comp20+3_A_6_1_1_comp21+3_A_6_1_1_comp22,R_3_A_6_1_1,TCDB,TCDB.3_A_6_1_1_comp5
G_3_A_6_1_1_comp6,P_3_A_6_1_1_comp1+3_A_6_1_1_comp2+3_A_6_1_1_comp3+3_A_6_1_1_comp4+3_A_6_1_1_comp5+3_A_6_1_1_comp6+3_A_6_1_1_comp7+3_A_6_1_1_comp8+3_A_6_1_1_comp9+3_A_6_1_1_comp10+3_A_6_1_1_comp11+3_A_6_1_1_comp12+3_A_6_1_1_comp13+3_A_6_1_1_comp14+3_A_6_1_1_comp15+3_A_6_1_1_comp16+3_A_6_1_1_comp17+3_A_6_1_1_comp18+3_A_6_1_1_comp19+3_A_6_1_1_comp20+3_A_6_1_1_comp21+3_A_6_1_1_comp22,R_3_A_6_1_1,TCDB,TCDB.3_A_6_1_1_comp6
G_3_A_6_1_1_comp7,P_3_A_6_1_1_comp1+3_A_6_1_1_comp2+3_A_6_1_1_comp3+3_A_6_1_1_comp4+3_A_6_1_1_comp5+3_A_6_1_1_comp6+3_A_6_1_1_comp7+3_A_6_1_1_comp8+3_A_6_1_1_comp9+3_A_6_1_1_comp10+3_A_6_1_1_comp11+3_A_6_1_1_comp12+3_A_6_1_1_comp13+3_A_6_1_1_comp14+3_A_6_1_1_comp15+3_A_6_1_1_comp16+3_A_6_1_1_comp17+3_A_6_1_1_comp18+3_A_6_1_1_comp19+3_A_6_1_1_comp20+3_A_6_1_1_comp21+3_A_6_1_1_comp22,R_3_A_6_1_1,TCDB,TCDB.3_A_6_1_1_comp7
G_3_A_6_1_1_comp8,P_3_A_6_1_1_comp1+3_A_6_1_1_comp2+3_A_6_1_1_comp3+3_A_6_1_1_comp4+3_A_6_1_1_comp5+3_A_6_1_1_comp6+3_A_6_1_1_comp7+3_A_6_1_1_comp8+3_A_6_1_1_comp9+3_A_6_1_1_comp10+3_A_6_1_1_comp11+3_A_6_1_1_comp12+3_A_6_1_1_comp13+3_A_6_1_1_comp14+3_A_6_1_1_comp15+3_A_6_1_1_comp16+3_A_6_1_1_comp17+3_A_6_1_1_comp18+3_A_6_1_1_comp19+3_A_6_1_1_comp20+3_A_6_1_1_comp21+3_A_6_1_1_comp22,R_3_A_6_1_1,TCDB,TCDB.3_A_6_1_1_comp8
G_3_A_6_1_1_comp9,P_3_A_6_1_1_comp1+3_A_6_1_1_comp2+3_A_6_1_1_comp3+3_A_6_1_1_comp4+3_A_6_1_1_comp5+3_A_6_1_1_comp6+3_A_6_1_1_comp7+3_A_6_1_1_comp8+3_A_6_1_1_comp9+3_A_6_1_1_comp10+3_A_6_1_1_comp11+3_A_6_1_1_comp12+3_A_6_1_1_comp13+3_A_6_1_1_comp14+3_A_6_1_1_comp15+3_A_6_1_1_comp16+3_A_6_1_1_comp17+3_A_6_1_1_comp18+3_A_6_1_1_comp19+3_A_6_1_1_comp20+3_A_6_1_1_comp21+3_A_6_1_1_comp22,R_3_A_6_1_1,TCDB,TCDB.3_A_6_1_1_comp9
G_3_A_6_1_1_comp10,P_3_A_6_1_1_comp1+3_A_6_1_1_comp2+3_A_6_1_1_comp3+3_A_6_1_1_comp4+3_A_6_1_1_comp5+3_A_6_1_1_comp6+3_A_6_1_1_comp7+3_A_6_1_1_comp8+3_A_6_1_1_comp9+3_A_6_1_1_comp10+3_A_6_1_1_comp11+3_A_6_1_1_comp12+3_A_6_1_1_comp13+3_A_6_1_1_comp14+3_A_6_1_1_comp15+3_A_6_1_1_comp16+3_A_6_1_1_comp17+3_A_6_1_1_comp18+3_A_6_1_1_comp19+3_A_6_1_1_comp20+3_A_6_1_1_comp21+3_A_6_1_1_comp22,R_3_A_6_1_1,TCDB,TCDB.3_A_6_1_1_comp10
G_3_A_6_1_1_comp11,P_3_A_6_1_1_comp1+3_A_6_1_1_comp2+3_A_6_1_1_comp3+3_A_6_1_1_comp4+3_A_6_1_1_comp5+3_A_6_1_1_comp6+3_A_6_1_1_comp7+3_A_6_1_1_comp8+3_A_6_1_1_comp9+3_A_6_1_1_comp10+3_A_6_1_1_comp11+3_A_6_1_1_comp12+3_A_6_1_1_comp13+3_A_6_1_1_comp14+3_A_6_1_1_comp15+3_A_6_1_1_comp16+3_A_6_1_1_comp17+3_A_6_1_1_comp18+3_A_6_1_1_comp19+3_A_6_1_1_comp20+3_A_6_1_1_comp21+3_A_6_1_1_comp22,R_3_A_6_1_1,TCDB,TCDB.3_A_6_1_1_comp11
G_3_A_6_1_1_comp12,P_3_A_6_1_1_comp1+3_A_6_1_1_comp2+3_A_6_1_1_comp3+3_A_6_1_1_comp4+3_A_6_1_1_comp5+3_A_6_1_1_comp6+3_A_6_1_1_comp7+3_A_6_1_1_comp8+3_A_6_1_1_comp9+3_A_6_1_1_comp10+3_A_6_1_1_comp11+3_A_6_1_1_comp12+3_A_6_1_1_comp13+3_A_6_1_1_comp14+3_A_6_1_1_comp15+3_A_6_1_1_comp16+3_A_6_1_1_comp17+3_A_6_1_1_comp18+3_A_6_1_1_comp19+3_A_6_1_1_comp20+3_A_6_1_1_comp21+3_A_6_1_1_comp22,R_3_A_6_1_1,TCDB,TCDB.3_A_6_1_1_comp12
G_3_A_6_1_1_comp13,P_3_A_6_1_1_comp1+3_A_6_1_1_comp2+3_A_6_1_1_comp3+3_A_6_1_1_comp4+3_A_6_1_1_comp5+3_A_6_1_1_comp6+3_A_6_1_1_comp7+3_A_6_1_1_comp8+3_A_6_1_1_comp9+3_A_6_1_1_comp10+3_A_6_1_1_comp11+3_A_6_1_1_comp12+3_A_6_1_1_comp13+3_A_6_1_1_comp14+3_A_6_1_1_comp15+3_A_6_1_1_comp16+3_A_6_1_1_comp17+3_A_6_1_1_comp18+3_A_6_1_1_comp19+3_A_6_1_1_comp20+3_A_6_1_1_comp21+3_A_6_1_1_comp22,R_3_A_6_1_1,TCDB,TCDB.3_A_6_1_1_comp13
G_3_A_6_1_1_comp14,P_3_A_6_1_1_comp1+3_A_6_1_1_comp2+3_A_6_1_1_comp3+3_A_6_1_1_comp4+3_A_6_1_1_comp5+3_A_6_1_1_comp6+3_A_6_1_1_comp7+3_A_6_1_1_comp8+3_A_6_1_1_comp9+3_A_6_1_1_comp10+3_A_6_1_1_comp11+3_A_6_1_1_comp12+3_A_6_1_1_comp13+3_A_6_1_1_comp14+3_A_6_1_1_comp15+3_A_6_1_1_comp16+3_A_6_1_1_comp17+3_A_6_1_1_comp18+3_A_6_1_1_comp19+3_A_6_1_1_comp20+3_A_6_1_1_comp21+3_A_6_1_1_comp22,R_3_A_6_1_1,TCDB,TCDB.3_A_6_1_1_comp14
G_3_A_6_1_1_comp15,P_3_A_6_1_1_comp1+3_A_6_1_1_comp2+3_A_6_1_1_comp3+3_A_6_1_1_comp4+3_A_6_1_1_comp5+3_A_6_1_1_comp6+3_A_6_1_1_comp7+3_A_6_1_1_comp8+3_A_6_1_1_comp9+3_A_6_1_1_comp10+3_A_6_1_1_comp11+3_A_6_1_1_comp12+3_A_6_1_1_comp13+3_A_6_1_1_comp14+3_A_6_1_1_comp15+3_A_6_1_1_comp16+3_A_6_1_1_comp17+3_A_6_1_1_comp18+3_A_6_1_1_comp19+3_A_6_1_1_comp20+3_A_6_1_1_comp21+3_A_6_1_1_comp22,R_3_A_6_1_1,TCDB,TCDB.3_A_6_1_1_comp15
G_3_A_6_1_1_comp16,P_3_A_6_1_1_comp1+3_A_6_1_1_comp2+3_A_6_1_1_comp3+3_A_6_1_1_comp4+3_A_6_1_1_comp5+3_A_6_1_1_comp6+3_A_6_1_1_comp7+3_A_6_1_1_comp8+3_A_6_1_1_comp9+3_A_6_1_1_comp10+3_A_6_1_1_comp11+3_A_6_1_1_comp12+3_A_6_1_1_comp13+3_A_6_1_1_comp14+3_A_6_1_1_comp15+3_A_6_1_1_comp16+3_A_6_1_1_comp17+3_A_6_1_1_comp18+3_A_6_1_1_comp19+3_A_6_1_1_comp20+3_A_6_1_1_comp21+3_A_6_1_1_comp22,R_3_A_6_1_1,TCDB,TCDB.3_A_6_1_1_comp16
G_3_A_6_1_1_comp17,P_3_A_6_1_1_comp1+3_A_6_1_1_comp2+3_A_6_1_1_comp3+3_A_6_1_1_comp4+3_A_6_1_1_comp5+3_A_6_1_1_comp6+3_A_6_1_1_comp7+3_A_6_1_1_comp8+3_A_6_1_1_comp9+3_A_6_1_1_comp10+3_A_6_1_1_comp11+3_A_6_1_1_comp12+3_A_6_1_1_comp13+3_A_6_1_1_comp14+3_A_6_1_1_comp15+3_A_6_1_1_comp16+3_A_6_1_1_comp17+3_A_6_1_1_comp18+3_A_6_1_1_comp19+3_A_6_1_1_comp20+3_A_6_1_1_comp21+3_A_6_1_1_comp22,R_3_A_6_1_1,TCDB,TCDB.3_A_6_1_1_comp17
G_3_A_6_1_1_comp18,P_3_A_6_1_1_comp1+3_A_6_1_1_comp2+3_A_6_1_1_comp3+3_A_6_1_1_comp4+3_A_6_1_1_comp5+3_A_6_1_1_comp6+3_A_6_1_1_comp7+3_A_6_1_1_comp8+3_A_6_1_1_comp9+3_A_6_1_1_comp10+3_A_6_1_1_comp11+3_A_6_1_1_comp12+3_A_6_1_1_comp13+3_A_6_1_1_comp14+3_A_6_1_1_comp15+3_A_6_1_1_comp16+3_A_6_1_1_comp17+3_A_6_1_1_comp18+3_A_6_1_1_comp19+3_A_6_1_1_comp20+3_A_6_1_1_comp21+3_A_6_1_1_comp22,R_3_A_6_1_1,TCDB,TCDB.3_A_6_1_1_comp18
G_3_A_6_1_1_comp19,P_3_A_6_1_1_comp1+3_A_6_1_1_comp2+3_A_6_1_1_comp3+3_A_6_1_1_comp4+3_A_6_1_1_comp5+3_A_6_1_1_comp6+3_A_6_1_1_comp7+3_A_6_1_1_comp8+3_A_6_1_1_comp9+3_A_6_1_1_comp10+3_A_6_1_1_comp11+3_A_6_1_1_comp12+3_A_6_1_1_comp13+3_A_6_1_1_comp14+3_A_6_1_1_comp15+3_A_6_1_1_comp16+3_A_6_1_1_comp17+3_A_6_1_1_comp18+3_A_6_1_1_comp19+3_A_6_1_1_comp20+3_A_6_1_1_comp21+3_A_6_1_1_comp22,R_3_A_6_1_1,TCDB,TCDB.3_A_6_1_1_comp19
G_3_A_6_1_1_comp20,P_3_A_6_1_1_comp1+3_A_6_1_1_comp2+3_A_6_1_1_comp3+3_A_6_1_1_comp4+3_A_6_1_1_comp5+3_A_6_1_1_comp6+3_A_6_1_1_comp7+3_A_6_1_1_comp8+3_A_6_1_1_comp9+3_A_6_1_1_comp10+3_A_6_1_1_comp11+3_A_6_1_1_comp12+3_A_6_1_1_comp13+3_A_6_1_1_comp14+3_A_6_1_1_comp15+3_A_6_1_1_comp16+3_A_6_1_1_comp17+3_A_6_1_1_comp18+3_A_6_1_1_comp19+3_A_6_1_1_comp20+3_A_6_1_1_comp21+3_A_6_1_1_comp22,R_3_A_6_1_1,TCDB,TCDB.3_A_6_1_1_comp20
G_3_A_6_1_1_comp21,P_3_A_6_1_1_comp1+3_A_6_1_1_comp2+3_A_6_1_1_comp3+3_A_6_1_1_comp4+3_A_6_1_1_comp5+3_A_6_1_1_comp6+3_A_6_1_1_comp7+3_A_6_1_1_comp8+3_A_6_1_1_comp9+3_A_6_1_1_comp10+3_A_6_1_1_comp11+3_A_6_1_1_comp12+3_A_6_1_1_comp13+3_A_6_1_1_comp14+3_A_6_1_1_comp15+3_A_6_1_1_comp16+3_A_6_1_1_comp17+3_A_6_1_1_comp18+3_A_6_1_1_comp19+3_A_6_1_1_comp20+3_A_6_1_1_comp21+3_A_6_1_1_comp22,R_3_A_6_1_1,TCDB,TCDB.3_A_6_1_1_comp21
G_3_A_6_1_1_comp22,P_3_A_6_1_1_comp1+3_A_6_1_1_comp2+3_A_6_1_1_comp3+3_A_6_1_1_comp4+3_A_6_1_1_comp5+3_A_6_1_1_comp6+3_A_6_1_1_comp7+3_A_6_1_1_comp8+3_A_6_1_1_comp9+3_A_6_1_1_comp10+3_A_6_1_1_comp11+3_A_6_1_1_comp12+3_A_6_1_1_comp13+3_A_6_1_1_comp14+3_A_6_1_1_comp15+3_A_6_1_1_comp16+3_A_6_1_1_comp17+3_A_6_1_1_comp18+3_A_6_1_1_comp19+3_A_6_1_1_comp20+3_A_6_1_1_comp21+3_A_6_1_1_comp22,R_3_A_6_1_1,TCDB,TCDB.3_A_6_1_1_comp22
G_9_B_20_3_3_comp1,P_9_B_20_3_3_comp1,R_9_B_20_3_3,TCDB,TCDB.9_B_20_3_3_comp1
G_2_A_39_1_3_comp1,P_2_A_39_1_3_comp1,R_2_A_39_1_3,TCDB,TCDB.2_A_39_1_3_comp1
G_1_A_9_3_2_comp1,P_1_A_9_3_2_comp1,R_1_A_9_3_2,TCDB,TCDB.1_A_9_3_2_comp1
G_2_A_1_13_26_comp1,P_2_A_1_13_26_comp1,R_2_A_1_13_26,TCDB,TCDB.2_A_1_13_26_comp1
G_9_A_14_17_2_comp1,P_9_A_14_17_2_comp1,R_9_A_14_17_2,TCDB,TCDB.9_A_14_17_2_comp1
G_9_A_10_3_1_comp1,P_9_A_10_3_1_comp1,R_9_A_10_3_1,TCDB,TCDB.9_A_10_3_1_comp1
G_2_A_1_67_2_comp1,P_2_A_1_67_2_comp1,R_2_A_1_67_2,TCDB,TCDB.2_A_1_67_2_comp1
G_3_A_1_126_2_comp1,P_3_A_1_126_2_comp1+3_A_1_126_2_comp2,R_3_A_1_126_2,TCDB,TCDB.3_A_1_126_2_comp1
G_3_A_1_126_2_comp2,P_3_A_1_126_2_comp1+3_A_1_126_2_comp2,R_3_A_1_126_2,TCDB,TCDB.3_A_1_126_2_comp2
G_2_A_1_66_1_comp1,P_2_A_1_66_1_comp1,R_2_A_1_66_1,TCDB,TCDB.2_A_1_66_1_comp1
G_1_A_16_2_5_comp1,P_1_A_16_2_5_comp1,R_1_A_16_2_5,TCDB,TCDB.1_A_16_2_5_comp1
G_8_A_8_1_6_comp1,P_8_A_8_1_6_comp1,R_8_A_8_1_6,TCDB,TCDB.8_A_8_1_6_comp1
G_8_A_7_1_6_comp1,P_8_A_7_1_6_comp1,R_8_A_7_1_6,TCDB,TCDB.8_A_7_1_6_comp1
G_4_A_6_1_24_comp1,P_4_A_6_1_24_comp1+4_A_6_1_24_comp2+4_A_6_1_24_comp3,R_4_A_6_1_24,TCDB,TCDB.4_A_6_1_24_comp1
G_4_A_6_1_24_comp2,P_4_A_6_1_24_comp1+4_A_6_1_24_comp2+4_A_6_1_24_comp3,R_4_A_6_1_24,TCDB,TCDB.4_A_6_1_24_comp2
G_4_A_6_1_24_comp3,P_4_A_6_1_24_comp1+4_A_6_1_24_comp2+4_A_6_1_24_comp3,R_4_A_6_1_24,TCDB,TCDB.4_A_6_1_24_comp3
G_2_A_1_7_11_comp1,P_2_A_1_7_11_comp1,R_2_A_1_7_11,TCDB,TCDB.2_A_1_7_11_comp1
G_2_A_21_3_8_comp1,P_2_A_21_3_8_comp1,R_2_A_21_3_8,TCDB,TCDB.2_A_21_3_8_comp1
G_2_A_1_7_9_comp1,P_2_A_1_7_9_comp1,R_2_A_1_7_9,TCDB,TCDB.2_A_1_7_9_comp1
G_2_A_2_3_6_comp1,P_2_A_2_3_6_comp1,R_2_A_2_3_6,TCDB,TCDB.2_A_2_3_6_comp1
G_2_A_1_7_10_comp1,P_2_A_1_7_10_comp1,R_2_A_1_7_10,TCDB,TCDB.2_A_1_7_10_comp1
G_2_A_45_3_2_comp1,P_2_A_45_3_2_comp1,R_2_A_45_3_2,TCDB,TCDB.2_A_45_3_2_comp1
G_1_B_14_16_3_comp1,P_1_B_14_16_3_comp1,R_1_B_14_16_3,TCDB,TCDB.1_B_14_16_3_comp1
G_1_B_15_1_5_comp1,P_1_B_15_1_5_comp1,R_1_B_15_1_5,TCDB,TCDB.1_B_15_1_5_comp1
G_9_A_24_3_1_comp1,P_9_A_24_3_1_comp1,R_9_A_24_3_1,TCDB,TCDB.9_A_24_3_1_comp1
G_1_E_25_1_4_comp1,P_1_E_25_1_4_comp1,R_1_E_25_1_4,TCDB,TCDB.1_E_25_1_4_comp1
G_9_B_2_1_12_comp1,P_9_B_2_1_12_comp1,R_9_B_2_1_12,TCDB,TCDB.9_B_2_1_12_comp1
G_1_B_3_2_3_comp1,P_1_B_3_2_3_comp1,R_1_B_3_2_3,TCDB,TCDB.1_B_3_2_3_comp1
G_1_A_28_1_4_comp1,P_1_A_28_1_4_comp1,R_1_A_28_1_4,TCDB,TCDB.1_A_28_1_4_comp1
G_1_A_77_2_3_comp1,P_1_A_77_2_3_comp1,R_1_A_77_2_3,TCDB,TCDB.1_A_77_2_3_comp1
G_2_A_117_1_5_comp1,P_2_A_117_1_5_comp1,R_2_A_117_1_5,TCDB,TCDB.2_A_117_1_5_comp1
G_1_B_15_1_3_comp1,P_1_B_15_1_3_comp1,R_1_B_15_1_3,TCDB,TCDB.1_B_15_1_3_comp1
G_1_B_95_2_2_comp1,P_1_B_95_2_2_comp1,R_1_B_95_2_2,TCDB,TCDB.1_B_95_2_2_comp1
G_1_E_50_1_2_comp1,P_1_E_50_1_2_comp1,R_1_E_50_1_2,TCDB,TCDB.1_E_50_1_2_comp1
G_3_A_1_3_16_comp1,P_3_A_1_3_16_comp1+3_A_1_3_16_comp2+3_A_1_3_16_comp3+3_A_1_3_16_comp4,R_3_A_1_3_16,TCDB,TCDB.3_A_1_3_16_comp1
G_3_A_1_3_16_comp2,P_3_A_1_3_16_comp1+3_A_1_3_16_comp2+3_A_1_3_16_comp3+3_A_1_3_16_comp4,R_3_A_1_3_16,TCDB,TCDB.3_A_1_3_16_comp2
G_3_A_1_3_16_comp3,P_3_A_1_3_16_comp1+3_A_1_3_16_comp2+3_A_1_3_16_comp3+3_A_1_3_16_comp4,R_3_A_1_3_16,TCDB,TCDB.3_A_1_3_16_comp3
G_3_A_1_3_16_comp4,P_3_A_1_3_16_comp1+3_A_1_3_16_comp2+3_A_1_3_16_comp3+3_A_1_3_16_comp4,R_3_A_1_3_16,TCDB,TCDB.3_A_1_3_16_comp4
G_9_B_44_2_2_comp1,P_9_B_44_2_2_comp1,R_9_B_44_2_2,TCDB,TCDB.9_B_44_2_2_comp1
G_9_A_55_1_13_comp1,P_9_A_55_1_13_comp1,R_9_A_55_1_13,TCDB,TCDB.9_A_55_1_13_comp1
G_8_B_32_1_2_comp1,P_8_B_32_1_2_comp1,R_8_B_32_1_2,TCDB,TCDB.8_B_32_1_2_comp1
G_8_B_32_1_6_comp1,P_8_B_32_1_6_comp1,R_8_B_32_1_6,TCDB,TCDB.8_B_32_1_6_comp1
G_9_B_56_1_1_comp1,P_9_B_56_1_1_comp1,R_9_B_56_1_1,TCDB,TCDB.9_B_56_1_1_comp1
G_2_A_85_2_4_comp1,P_2_A_85_2_4_comp1,R_2_A_85_2_4,TCDB,TCDB.2_A_85_2_4_comp1
G_1_H_2_1_1_comp1,P_1_H_2_1_1_comp1+1_H_2_1_1_comp2+1_H_2_1_1_comp3+1_H_2_1_1_comp4+1_H_2_1_1_comp5+1_H_2_1_1_comp6+1_H_2_1_1_comp7+1_H_2_1_1_comp8+1_H_2_1_1_comp9+1_H_2_1_1_comp10+1_H_2_1_1_comp11+1_H_2_1_1_comp12+1_H_2_1_1_comp13+1_H_2_1_1_comp14+1_H_2_1_1_comp15+1_H_2_1_1_comp16+1_H_2_1_1_comp17+1_H_2_1_1_comp18,R_1_H_2_1_1,TCDB,TCDB.1_H_2_1_1_comp1
G_1_H_2_1_1_comp2,P_1_H_2_1_1_comp1+1_H_2_1_1_comp2+1_H_2_1_1_comp3+1_H_2_1_1_comp4+1_H_2_1_1_comp5+1_H_2_1_1_comp6+1_H_2_1_1_comp7+1_H_2_1_1_comp8+1_H_2_1_1_comp9+1_H_2_1_1_comp10+1_H_2_1_1_comp11+1_H_2_1_1_comp12+1_H_2_1_1_comp13+1_H_2_1_1_comp14+1_H_2_1_1_comp15+1_H_2_1_1_comp16+1_H_2_1_1_comp17+1_H_2_1_1_comp18,R_1_H_2_1_1,TCDB,TCDB.1_H_2_1_1_comp2
G_1_H_2_1_1_comp3,P_1_H_2_1_1_comp1+1_H_2_1_1_comp2+1_H_2_1_1_comp3+1_H_2_1_1_comp4+1_H_2_1_1_comp5+1_H_2_1_1_comp6+1_H_2_1_1_comp7+1_H_2_1_1_comp8+1_H_2_1_1_comp9+1_H_2_1_1_comp10+1_H_2_1_1_comp11+1_H_2_1_1_comp12+1_H_2_1_1_comp13+1_H_2_1_1_comp14+1_H_2_1_1_comp15+1_H_2_1_1_comp16+1_H_2_1_1_comp17+1_H_2_1_1_comp18,R_1_H_2_1_1,TCDB,TCDB.1_H_2_1_1_comp3
G_1_H_2_1_1_comp4,P_1_H_2_1_1_comp1+1_H_2_1_1_comp2+1_H_2_1_1_comp3+1_H_2_1_1_comp4+1_H_2_1_1_comp5+1_H_2_1_1_comp6+1_H_2_1_1_comp7+1_H_2_1_1_comp8+1_H_2_1_1_comp9+1_H_2_1_1_comp10+1_H_2_1_1_comp11+1_H_2_1_1_comp12+1_H_2_1_1_comp13+1_H_2_1_1_comp14+1_H_2_1_1_comp15+1_H_2_1_1_comp16+1_H_2_1_1_comp17+1_H_2_1_1_comp18,R_1_H_2_1_1,TCDB,TCDB.1_H_2_1_1_comp4
G_1_H_2_1_1_comp5,P_1_H_2_1_1_comp1+1_H_2_1_1_comp2+1_H_2_1_1_comp3+1_H_2_1_1_comp4+1_H_2_1_1_comp5+1_H_2_1_1_comp6+1_H_2_1_1_comp7+1_H_2_1_1_comp8+1_H_2_1_1_comp9+1_H_2_1_1_comp10+1_H_2_1_1_comp11+1_H_2_1_1_comp12+1_H_2_1_1_comp13+1_H_2_1_1_comp14+1_H_2_1_1_comp15+1_H_2_1_1_comp16+1_H_2_1_1_comp17+1_H_2_1_1_comp18,R_1_H_2_1_1,TCDB,TCDB.1_H_2_1_1_comp5
G_1_H_2_1_1_comp6,P_1_H_2_1_1_comp1+1_H_2_1_1_comp2+1_H_2_1_1_comp3+1_H_2_1_1_comp4+1_H_2_1_1_comp5+1_H_2_1_1_comp6+1_H_2_1_1_comp7+1_H_2_1_1_comp8+1_H_2_1_1_comp9+1_H_2_1_1_comp10+1_H_2_1_1_comp11+1_H_2_1_1_comp12+1_H_2_1_1_comp13+1_H_2_1_1_comp14+1_H_2_1_1_comp15+1_H_2_1_1_comp16+1_H_2_1_1_comp17+1_H_2_1_1_comp18,R_1_H_2_1_1,TCDB,TCDB.1_H_2_1_1_comp6
G_1_H_2_1_1_comp7,P_1_H_2_1_1_comp1+1_H_2_1_1_comp2+1_H_2_1_1_comp3+1_H_2_1_1_comp4+1_H_2_1_1_comp5+1_H_2_1_1_comp6+1_H_2_1_1_comp7+1_H_2_1_1_comp8+1_H_2_1_1_comp9+1_H_2_1_1_comp10+1_H_2_1_1_comp11+1_H_2_1_1_comp12+1_H_2_1_1_comp13+1_H_2_1_1_comp14+1_H_2_1_1_comp15+1_H_2_1_1_comp16+1_H_2_1_1_comp17+1_H_2_1_1_comp18,R_1_H_2_1_1,TCDB,TCDB.1_H_2_1_1_comp7
G_1_H_2_1_1_comp8,P_1_H_2_1_1_comp1+1_H_2_1_1_comp2+1_H_2_1_1_comp3+1_H_2_1_1_comp4+1_H_2_1_1_comp5+1_H_2_1_1_comp6+1_H_2_1_1_comp7+1_H_2_1_1_comp8+1_H_2_1_1_comp9+1_H_2_1_1_comp10+1_H_2_1_1_comp11+1_H_2_1_1_comp12+1_H_2_1_1_comp13+1_H_2_1_1_comp14+1_H_2_1_1_comp15+1_H_2_1_1_comp16+1_H_2_1_1_comp17+1_H_2_1_1_comp18,R_1_H_2_1_1,TCDB,TCDB.1_H_2_1_1_comp8
G_1_H_2_1_1_comp9,P_1_H_2_1_1_comp1+1_H_2_1_1_comp2+1_H_2_1_1_comp3+1_H_2_1_1_comp4+1_H_2_1_1_comp5+1_H_2_1_1_comp6+1_H_2_1_1_comp7+1_H_2_1_1_comp8+1_H_2_1_1_comp9+1_H_2_1_1_comp10+1_H_2_1_1_comp11+1_H_2_1_1_comp12+1_H_2_1_1_comp13+1_H_2_1_1_comp14+1_H_2_1_1_comp15+1_H_2_1_1_comp16+1_H_2_1_1_comp17+1_H_2_1_1_comp18,R_1_H_2_1_1,TCDB,TCDB.1_H_2_1_1_comp9
G_1_H_2_1_1_comp10,P_1_H_2_1_1_comp1+1_H_2_1_1_comp2+1_H_2_1_1_comp3+1_H_2_1_1_comp4+1_H_2_1_1_comp5+1_H_2_1_1_comp6+1_H_2_1_1_comp7+1_H_2_1_1_comp8+1_H_2_1_1_comp9+1_H_2_1_1_comp10+1_H_2_1_1_comp11+1_H_2_1_1_comp12+1_H_2_1_1_comp13+1_H_2_1_1_comp14+1_H_2_1_1_comp15+1_H_2_1_1_comp16+1_H_2_1_1_comp17+1_H_2_1_1_comp18,R_1_H_2_1_1,TCDB,TCDB.1_H_2_1_1_comp10
G_1_H_2_1_1_comp11,P_1_H_2_1_1_comp1+1_H_2_1_1_comp2+1_H_2_1_1_comp3+1_H_2_1_1_comp4+1_H_2_1_1_comp5+1_H_2_1_1_comp6+1_H_2_1_1_comp7+1_H_2_1_1_comp8+1_H_2_1_1_comp9+1_H_2_1_1_comp10+1_H_2_1_1_comp11+1_H_2_1_1_comp12+1_H_2_1_1_comp13+1_H_2_1_1_comp14+1_H_2_1_1_comp15+1_H_2_1_1_comp16+1_H_2_1_1_comp17+1_H_2_1_1_comp18,R_1_H_2_1_1,TCDB,TCDB.1_H_2_1_1_comp11
G_1_H_2_1_1_comp12,P_1_H_2_1_1_comp1+1_H_2_1_1_comp2+1_H_2_1_1_comp3+1_H_2_1_1_comp4+1_H_2_1_1_comp5+1_H_2_1_1_comp6+1_H_2_1_1_comp7+1_H_2_1_1_comp8+1_H_2_1_1_comp9+1_H_2_1_1_comp10+1_H_2_1_1_comp11+1_H_2_1_1_comp12+1_H_2_1_1_comp13+1_H_2_1_1_comp14+1_H_2_1_1_comp15+1_H_2_1_1_comp16+1_H_2_1_1_comp17+1_H_2_1_1_comp18,R_1_H_2_1_1,TCDB,TCDB.1_H_2_1_1_comp12
G_1_H_2_1_1_comp13,P_1_H_2_1_1_comp1+1_H_2_1_1_comp2+1_H_2_1_1_comp3+1_H_2_1_1_comp4+1_H_2_1_1_comp5+1_H_2_1_1_comp6+1_H_2_1_1_comp7+1_H_2_1_1_comp8+1_H_2_1_1_comp9+1_H_2_1_1_comp10+1_H_2_1_1_comp11+1_H_2_1_1_comp12+1_H_2_1_1_comp13+1_H_2_1_1_comp14+1_H_2_1_1_comp15+1_H_2_1_1_comp16+1_H_2_1_1_comp17+1_H_2_1_1_comp18,R_1_H_2_1_1,TCDB,TCDB.1_H_2_1_1_comp13
G_1_H_2_1_1_comp14,P_1_H_2_1_1_comp1+1_H_2_1_1_comp2+1_H_2_1_1_comp3+1_H_2_1_1_comp4+1_H_2_1_1_comp5+1_H_2_1_1_comp6+1_H_2_1_1_comp7+1_H_2_1_1_comp8+1_H_2_1_1_comp9+1_H_2_1_1_comp10+1_H_2_1_1_comp11+1_H_2_1_1_comp12+1_H_2_1_1_comp13+1_H_2_1_1_comp14+1_H_2_1_1_comp15+1_H_2_1_1_comp16+1_H_2_1_1_comp17+1_H_2_1_1_comp18,R_1_H_2_1_1,TCDB,TCDB.1_H_2_1_1_comp14
G_1_H_2_1_1_comp15,P_1_H_2_1_1_comp1+1_H_2_1_1_comp2+1_H_2_1_1_comp3+1_H_2_1_1_comp4+1_H_2_1_1_comp5+1_H_2_1_1_comp6+1_H_2_1_1_comp7+1_H_2_1_1_comp8+1_H_2_1_1_comp9+1_H_2_1_1_comp10+1_H_2_1_1_comp11+1_H_2_1_1_comp12+1_H_2_1_1_comp13+1_H_2_1_1_comp14+1_H_2_1_1_comp15+1_H_2_1_1_comp16+1_H_2_1_1_comp17+1_H_2_1_1_comp18,R_1_H_2_1_1,TCDB,TCDB.1_H_2_1_1_comp15
G_1_H_2_1_1_comp16,P_1_H_2_1_1_comp1+1_H_2_1_1_comp2+1_H_2_1_1_comp3+1_H_2_1_1_comp4+1_H_2_1_1_comp5+1_H_2_1_1_comp6+1_H_2_1_1_comp7+1_H_2_1_1_comp8+1_H_2_1_1_comp9+1_H_2_1_1_comp10+1_H_2_1_1_comp11+1_H_2_1_1_comp12+1_H_2_1_1_comp13+1_H_2_1_1_comp14+1_H_2_1_1_comp15+1_H_2_1_1_comp16+1_H_2_1_1_comp17+1_H_2_1_1_comp18,R_1_H_2_1_1,TCDB,TCDB.1_H_2_1_1_comp16
G_1_H_2_1_1_comp17,P_1_H_2_1_1_comp1+1_H_2_1_1_comp2+1_H_2_1_1_comp3+1_H_2_1_1_comp4+1_H_2_1_1_comp5+1_H_2_1_1_comp6+1_H_2_1_1_comp7+1_H_2_1_1_comp8+1_H_2_1_1_comp9+1_H_2_1_1_comp10+1_H_2_1_1_comp11+1_H_2_1_1_comp12+1_H_2_1_1_comp13+1_H_2_1_1_comp14+1_H_2_1_1_comp15+1_H_2_1_1_comp16+1_H_2_1_1_comp17+1_H_2_1_1_comp18,R_1_H_2_1_1,TCDB,TCDB.1_H_2_1_1_comp17
G_1_H_2_1_1_comp18,P_1_H_2_1_1_comp1+1_H_2_1_1_comp2+1_H_2_1_1_comp3+1_H_2_1_1_comp4+1_H_2_1_1_comp5+1_H_2_1_1_comp6+1_H_2_1_1_comp7+1_H_2_1_1_comp8+1_H_2_1_1_comp9+1_H_2_1_1_comp10+1_H_2_1_1_comp11+1_H_2_1_1_comp12+1_H_2_1_1_comp13+1_H_2_1_1_comp14+1_H_2_1_1_comp15+1_H_2_1_1_comp16+1_H_2_1_1_comp17+1_H_2_1_1_comp18,R_1_H_2_1_1,TCDB,TCDB.1_H_2_1_1_comp18
G_1_B_8_1_16_comp1,P_1_B_8_1_16_comp1,R_1_B_8_1_16,TCDB,TCDB.1_B_8_1_16_comp1
G_1_C_11_1_8_comp1,P_1_C_11_1_8_comp1,R_1_C_11_1_8,TCDB,TCDB.1_C_11_1_8_comp1
G_1_M_5_1_1_comp1,P_1_M_5_1_1_comp1+1_M_5_1_1_comp2,R_1_M_5_1_1,TCDB,TCDB.1_M_5_1_1_comp1
G_1_M_5_1_1_comp2,P_1_M_5_1_1_comp1+1_M_5_1_1_comp2,R_1_M_5_1_1,TCDB,TCDB.1_M_5_1_1_comp2
G_2_A_1_1_69_comp1,P_2_A_1_1_69_comp1,R_2_A_1_1_69,TCDB,TCDB.2_A_1_1_69_comp1
G_1_R_2_1_5_comp1,P_1_R_2_1_5_comp1,R_1_R_2_1_5,TCDB,TCDB.1_R_2_1_5_comp1
G_2_A_41_2_12_comp1,P_2_A_41_2_12_comp1,R_2_A_41_2_12,TCDB,TCDB.2_A_41_2_12_comp1
G_2_A_1_1_99_comp1,P_2_A_1_1_99_comp1,R_2_A_1_1_99,TCDB,TCDB.2_A_1_1_99_comp1
G_9_B_67_6_2_comp1,P_9_B_67_6_2_comp1,R_9_B_67_6_2,TCDB,TCDB.9_B_67_6_2_comp1
G_9_B_87_1_21_comp1,P_9_B_87_1_21_comp1,R_9_B_87_1_21,TCDB,TCDB.9_B_87_1_21_comp1
G_9_B_87_1_1_comp1,P_9_B_87_1_1_comp1,R_9_B_87_1_1,TCDB,TCDB.9_B_87_1_1_comp1
G_2_A_123_2_2_comp1,P_2_A_123_2_2_comp1,R_2_A_123_2_2,TCDB,TCDB.2_A_123_2_2_comp1
G_9_B_150_1_3_comp1,P_9_B_150_1_3_comp1,R_9_B_150_1_3,TCDB,TCDB.9_B_150_1_3_comp1
G_1_A_26_1_6_comp1,P_1_A_26_1_6_comp1,R_1_A_26_1_6,TCDB,TCDB.1_A_26_1_6_comp1
G_1_B_19_1_4_comp1,P_1_B_19_1_4_comp1,R_1_B_19_1_4,TCDB,TCDB.1_B_19_1_4_comp1
G_9_B_175_1_2_comp1,P_9_B_175_1_2_comp1,R_9_B_175_1_2,TCDB,TCDB.9_B_175_1_2_comp1
G_3_A_8_1_2_comp1,P_3_A_8_1_2_comp1+3_A_8_1_2_comp2+3_A_8_1_2_comp3+3_A_8_1_2_comp4+3_A_8_1_2_comp5+3_A_8_1_2_comp6+3_A_8_1_2_comp7+3_A_8_1_2_comp8+3_A_8_1_2_comp9,R_3_A_8_1_2,TCDB,TCDB.3_A_8_1_2_comp1
G_3_A_8_1_2_comp2,P_3_A_8_1_2_comp1+3_A_8_1_2_comp2+3_A_8_1_2_comp3+3_A_8_1_2_comp4+3_A_8_1_2_comp5+3_A_8_1_2_comp6+3_A_8_1_2_comp7+3_A_8_1_2_comp8+3_A_8_1_2_comp9,R_3_A_8_1_2,TCDB,TCDB.3_A_8_1_2_comp2
G_3_A_8_1_2_comp3,P_3_A_8_1_2_comp1+3_A_8_1_2_comp2+3_A_8_1_2_comp3+3_A_8_1_2_comp4+3_A_8_1_2_comp5+3_A_8_1_2_comp6+3_A_8_1_2_comp7+3_A_8_1_2_comp8+3_A_8_1_2_comp9,R_3_A_8_1_2,TCDB,TCDB.3_A_8_1_2_comp3
G_3_A_8_1_2_comp4,P_3_A_8_1_2_comp1+3_A_8_1_2_comp2+3_A_8_1_2_comp3+3_A_8_1_2_comp4+3_A_8_1_2_comp5+3_A_8_1_2_comp6+3_A_8_1_2_comp7+3_A_8_1_2_comp8+3_A_8_1_2_comp9,R_3_A_8_1_2,TCDB,TCDB.3_A_8_1_2_comp4
G_3_A_8_1_2_comp5,P_3_A_8_1_2_comp1+3_A_8_1_2_comp2+3_A_8_1_2_comp3+3_A_8_1_2_comp4+3_A_8_1_2_comp5+3_A_8_1_2_comp6+3_A_8_1_2_comp7+3_A_8_1_2_comp8+3_A_8_1_2_comp9,R_3_A_8_1_2,TCDB,TCDB.3_A_8_1_2_comp5
G_3_A_8_1_2_comp6,P_3_A_8_1_2_comp1+3_A_8_1_2_comp2+3_A_8_1_2_comp3+3_A_8_1_2_comp4+3_A_8_1_2_comp5+3_A_8_1_2_comp6+3_A_8_1_2_comp7+3_A_8_1_2_comp8+3_A_8_1_2_comp9,R_3_A_8_1_2,TCDB,TCDB.3_A_8_1_2_comp6
G_3_A_8_1_2_comp7,P_3_A_8_1_2_comp1+3_A_8_1_2_comp2+3_A_8_1_2_comp3+3_A_8_1_2_comp4+3_A_8_1_2_comp5+3_A_8_1_2_comp6+3_A_8_1_2_comp7+3_A_8_1_2_comp8+3_A_8_1_2_comp9,R_3_A_8_1_2,TCDB,TCDB.3_A_8_1_2_comp7
G_3_A_8_1_2_comp8,P_3_A_8_1_2_comp1+3_A_8_1_2_comp2+3_A_8_1_2_comp3+3_A_8_1_2_comp4+3_A_8_1_2_comp5+3_A_8_1_2_comp6+3_A_8_1_2_comp7+3_A_8_1_2_comp8+3_A_8_1_2_comp9,R_3_A_8_1_2,TCDB,TCDB.3_A_8_1_2_comp8
G_3_A_8_1_2_comp9,P_3_A_8_1_2_comp1+3_A_8_1_2_comp2+3_A_8_1_2_comp3+3_A_8_1_2_comp4+3_A_8_1_2_comp5+3_A_8_1_2_comp6+3_A_8_1_2_comp7+3_A_8_1_2_comp8+3_A_8_1_2_comp9,R_3_A_8_1_2,TCDB,TCDB.3_A_8_1_2_comp9
G_1_A_76_2_7_comp1,P_1_A_76_2_7_comp1,R_1_A_76_2_7,TCDB,TCDB.1_A_76_2_7_comp1
G_1_B_33_3_10_comp1,P_1_B_33_3_10_comp1,R_1_B_33_3_10,TCDB,TCDB.1_B_33_3_10_comp1
G_1_B_90_1_1_comp1,P_1_B_90_1_1_comp1,R_1_B_90_1_1,TCDB,TCDB.1_B_90_1_1_comp1
G_1_B_8_8_5_comp1,P_1_B_8_8_5_comp1,R_1_B_8_8_5,TCDB,TCDB.1_B_8_8_5_comp1
G_2_A_29_11_7_comp1,P_2_A_29_11_7_comp1,R_2_A_29_11_7,TCDB,TCDB.2_A_29_11_7_comp1
G_2_A_29_23_10_comp1,P_2_A_29_23_10_comp1,R_2_A_29_23_10,TCDB,TCDB.2_A_29_23_10_comp1
G_1_B_8_8_1_comp1,P_1_B_8_8_1_comp1,R_1_B_8_8_1,TCDB,TCDB.1_B_8_8_1_comp1
G_9_B_26_2_3_comp1,P_9_B_26_2_3_comp1,R_9_B_26_2_3,TCDB,TCDB.9_B_26_2_3_comp1
G_1_B_8_8_2_comp1,P_1_B_8_8_2_comp1,R_1_B_8_8_2,TCDB,TCDB.1_B_8_8_2_comp1
G_1_B_91_1_1_comp1,P_1_B_91_1_1_comp1,R_1_B_91_1_1,TCDB,TCDB.1_B_91_1_1_comp1
G_9_B_61_1_3_comp1,P_9_B_61_1_3_comp1,R_9_B_61_1_3,TCDB,TCDB.9_B_61_1_3_comp1
G_1_B_8_8_6_comp1,P_1_B_8_8_6_comp1,R_1_B_8_8_6,TCDB,TCDB.1_B_8_8_6_comp1
G_1_C_105_2_2_comp1,P_1_C_105_2_2_comp1,R_1_C_105_2_2,TCDB,TCDB.1_C_105_2_2_comp1
G_9_B_61_1_2_comp1,P_9_B_61_1_2_comp1,R_9_B_61_1_2,TCDB,TCDB.9_B_61_1_2_comp1
G_1_B_8_8_4_comp1,P_1_B_8_8_4_comp1,R_1_B_8_8_4,TCDB,TCDB.1_B_8_8_4_comp1
G_2_A_29_11_6_comp1,P_2_A_29_11_6_comp1,R_2_A_29_11_6,TCDB,TCDB.2_A_29_11_6_comp1
G_1_A_76_2_6_comp1,P_1_A_76_2_6_comp1,R_1_A_76_2_6,TCDB,TCDB.1_A_76_2_6_comp1
G_2_A_57_5_4_comp1,P_2_A_57_5_4_comp1,R_2_A_57_5_4,TCDB,TCDB.2_A_57_5_4_comp1
G_1_B_8_8_3_comp1,P_1_B_8_8_3_comp1,R_1_B_8_8_3,TCDB,TCDB.1_B_8_8_3_comp1
G_5_B_1_4_2_comp1,P_5_B_1_4_2_comp1,R_5_B_1_4_2,TCDB,TCDB.5_B_1_4_2_comp1
G_1_B_1_1_29_comp1,P_1_B_1_1_29_comp1,R_1_B_1_1_29,TCDB,TCDB.1_B_1_1_29_comp1
G_1_A_89_1_1_comp1,P_1_A_89_1_1_comp1,R_1_A_89_1_1,TCDB,TCDB.1_A_89_1_1_comp1
G_2_A_7_3_9_comp1,P_2_A_7_3_9_comp1,R_2_A_7_3_9,TCDB,TCDB.2_A_7_3_9_comp1
G_1_C_57_1_5_comp1,P_1_C_57_1_5_comp1,R_1_C_57_1_5,TCDB,TCDB.1_C_57_1_5_comp1
G_2_A_7_9_20_comp1,P_2_A_7_9_20_comp1,R_2_A_7_9_20,TCDB,TCDB.2_A_7_9_20_comp1
G_3_A_19_1_2_comp1,P_3_A_19_1_2_comp1,R_3_A_19_1_2,TCDB,TCDB.3_A_19_1_2_comp1
G_1_A_101_2_1_comp1,P_1_A_101_2_1_comp1,R_1_A_101_2_1,TCDB,TCDB.1_A_101_2_1_comp1
G_2_A_1_2_48_comp1,P_2_A_1_2_48_comp1,R_2_A_1_2_48,TCDB,TCDB.2_A_1_2_48_comp1
G_1_A_88_1_4_comp1,P_1_A_88_1_4_comp1,R_1_A_88_1_4,TCDB,TCDB.1_A_88_1_4_comp1
G_2_A_16_4_1_comp1,P_2_A_16_4_1_comp1,R_2_A_16_4_1,TCDB,TCDB.2_A_16_4_1_comp1
G_2_A_1_1_140_comp1,P_2_A_1_1_140_comp1,R_2_A_1_1_140,TCDB,TCDB.2_A_1_1_140_comp1
G_8_A_107_2_1_comp1,P_8_A_107_2_1_comp1,R_8_A_107_2_1,TCDB,TCDB.8_A_107_2_1_comp1
G_2_A_1_1_119_comp1,P_2_A_1_1_119_comp1,R_2_A_1_1_119,TCDB,TCDB.2_A_1_1_119_comp1
G_1_B_69_1_4_comp1,P_1_B_69_1_4_comp1,R_1_B_69_1_4,TCDB,TCDB.1_B_69_1_4_comp1
G_9_B_44_2_4_comp1,P_9_B_44_2_4_comp1,R_9_B_44_2_4,TCDB,TCDB.9_B_44_2_4_comp1
G_3_A_1_25_4_comp1,P_3_A_1_25_4_comp1+3_A_1_25_4_comp2+3_A_1_25_4_comp3,R_3_A_1_25_4,TCDB,TCDB.3_A_1_25_4_comp1
G_3_A_1_25_4_comp2,P_3_A_1_25_4_comp1+3_A_1_25_4_comp2+3_A_1_25_4_comp3,R_3_A_1_25_4,TCDB,TCDB.3_A_1_25_4_comp2
G_3_A_1_25_4_comp3,P_3_A_1_25_4_comp1+3_A_1_25_4_comp2+3_A_1_25_4_comp3,R_3_A_1_25_4,TCDB,TCDB.3_A_1_25_4_comp3
G_2_A_88_3_2_comp1,P_2_A_88_3_2_comp1,R_2_A_88_3_2,TCDB,TCDB.2_A_88_3_2_comp1
G_1_E_24_1_4_comp1,P_1_E_24_1_4_comp1,R_1_E_24_1_4,TCDB,TCDB.1_E_24_1_4_comp1
G_1_E_44_1_2_comp1,P_1_E_44_1_2_comp1,R_1_E_44_1_2,TCDB,TCDB.1_E_44_1_2_comp1
G_2_A_1_3_37_comp1,P_2_A_1_3_37_comp1,R_2_A_1_3_37,TCDB,TCDB.2_A_1_3_37_comp1
G_3_A_1_2_17_comp1,P_3_A_1_2_17_comp1+3_A_1_2_17_comp2+3_A_1_2_17_comp3+3_A_1_2_17_comp4,R_3_A_1_2_17,TCDB,TCDB.3_A_1_2_17_comp1
G_3_A_1_2_17_comp2,P_3_A_1_2_17_comp1+3_A_1_2_17_comp2+3_A_1_2_17_comp3+3_A_1_2_17_comp4,R_3_A_1_2_17,TCDB,TCDB.3_A_1_2_17_comp2
G_3_A_1_2_17_comp3,P_3_A_1_2_17_comp1+3_A_1_2_17_comp2+3_A_1_2_17_comp3+3_A_1_2_17_comp4,R_3_A_1_2_17,TCDB,TCDB.3_A_1_2_17_comp3
G_3_A_1_2_17_comp4,P_3_A_1_2_17_comp1+3_A_1_2_17_comp2+3_A_1_2_17_comp3+3_A_1_2_17_comp4,R_3_A_1_2_17,TCDB,TCDB.3_A_1_2_17_comp4
G_2_A_88_5_2_comp1,P_2_A_88_5_2_comp1,R_2_A_88_5_2,TCDB,TCDB.2_A_88_5_2_comp1
G_2_A_49_9_4_comp1,P_2_A_49_9_4_comp1,R_2_A_49_9_4,TCDB,TCDB.2_A_49_9_4_comp1
G_2_A_88_9_1_comp1,P_2_A_88_9_1_comp1,R_2_A_88_9_1,TCDB,TCDB.2_A_88_9_1_comp1
G_1_E_26_4_1_comp1,P_1_E_26_4_1_comp1,R_1_E_26_4_1,TCDB,TCDB.1_E_26_4_1_comp1
G_1_A_1_19_3_comp1,P_1_A_1_19_3_comp1+1_A_1_19_3_comp2+1_A_1_19_3_comp3+1_A_1_19_3_comp4+1_A_1_19_3_comp5+1_A_1_19_3_comp6,R_1_A_1_19_3,TCDB,TCDB.1_A_1_19_3_comp1
G_1_A_1_19_3_comp2,P_1_A_1_19_3_comp1+1_A_1_19_3_comp2+1_A_1_19_3_comp3+1_A_1_19_3_comp4+1_A_1_19_3_comp5+1_A_1_19_3_comp6,R_1_A_1_19_3,TCDB,TCDB.1_A_1_19_3_comp2
G_1_A_1_19_3_comp3,P_1_A_1_19_3_comp1+1_A_1_19_3_comp2+1_A_1_19_3_comp3+1_A_1_19_3_comp4+1_A_1_19_3_comp5+1_A_1_19_3_comp6,R_1_A_1_19_3,TCDB,TCDB.1_A_1_19_3_comp3
G_1_A_1_19_3_comp4,P_1_A_1_19_3_comp1+1_A_1_19_3_comp2+1_A_1_19_3_comp3+1_A_1_19_3_comp4+1_A_1_19_3_comp5+1_A_1_19_3_comp6,R_1_A_1_19_3,TCDB,TCDB.1_A_1_19_3_comp4
G_1_A_1_19_3_comp5,P_1_A_1_19_3_comp1+1_A_1_19_3_comp2+1_A_1_19_3_comp3+1_A_1_19_3_comp4+1_A_1_19_3_comp5+1_A_1_19_3_comp6,R_1_A_1_19_3,TCDB,TCDB.1_A_1_19_3_comp5
G_1_A_1_19_3_comp6,P_1_A_1_19_3_comp1+1_A_1_19_3_comp2+1_A_1_19_3_comp3+1_A_1_19_3_comp4+1_A_1_19_3_comp5+1_A_1_19_3_comp6,R_1_A_1_19_3,TCDB,TCDB.1_A_1_19_3_comp6
G_9_B_438_1_1_comp1,P_9_B_438_1_1_comp1,R_9_B_438_1_1,TCDB,TCDB.9_B_438_1_1_comp1
G_8_A_83_1_5_comp1,P_8_A_83_1_5_comp1,R_8_A_83_1_5,TCDB,TCDB.8_A_83_1_5_comp1
G_3_A_8_1_3_comp1,P_3_A_8_1_3_comp1+3_A_8_1_3_comp2+3_A_8_1_3_comp3,R_3_A_8_1_3,TCDB,TCDB.3_A_8_1_3_comp1
G_3_A_8_1_3_comp2,P_3_A_8_1_3_comp1+3_A_8_1_3_comp2+3_A_8_1_3_comp3,R_3_A_8_1_3,TCDB,TCDB.3_A_8_1_3_comp2
G_3_A_8_1_3_comp3,P_3_A_8_1_3_comp1+3_A_8_1_3_comp2+3_A_8_1_3_comp3,R_3_A_8_1_3,TCDB,TCDB.3_A_8_1_3_comp3
G_8_A_79_1_3_comp1,P_8_A_79_1_3_comp1,R_8_A_79_1_3,TCDB,TCDB.8_A_79_1_3_comp1
G_3_A_1_26_2_comp1,P_3_A_1_26_2_comp1+3_A_1_26_2_comp2,R_3_A_1_26_2,TCDB,TCDB.3_A_1_26_2_comp1
G_3_A_1_26_2_comp2,P_3_A_1_26_2_comp1+3_A_1_26_2_comp2,R_3_A_1_26_2,TCDB,TCDB.3_A_1_26_2_comp2
G_3_A_1_25_3_comp1,P_3_A_1_25_3_comp1+3_A_1_25_3_comp2+3_A_1_25_3_comp3+3_A_1_25_3_comp4,R_3_A_1_25_3,TCDB,TCDB.3_A_1_25_3_comp1
G_3_A_1_25_3_comp2,P_3_A_1_25_3_comp1+3_A_1_25_3_comp2+3_A_1_25_3_comp3+3_A_1_25_3_comp4,R_3_A_1_25_3,TCDB,TCDB.3_A_1_25_3_comp2
G_3_A_1_25_3_comp3,P_3_A_1_25_3_comp1+3_A_1_25_3_comp2+3_A_1_25_3_comp3+3_A_1_25_3_comp4,R_3_A_1_25_3,TCDB,TCDB.3_A_1_25_3_comp3
G_3_A_1_25_3_comp4,P_3_A_1_25_3_comp1+3_A_1_25_3_comp2+3_A_1_25_3_comp3+3_A_1_25_3_comp4,R_3_A_1_25_3,TCDB,TCDB.3_A_1_25_3_comp4
G_2_A_40_2_2_comp1,P_2_A_40_2_2_comp1,R_2_A_40_2_2,TCDB,TCDB.2_A_40_2_2_comp1
G_9_B_279_1_1_comp1,P_9_B_279_1_1_comp1,R_9_B_279_1_1,TCDB,TCDB.9_B_279_1_1_comp1
G_9_B_29_2_11_comp1,P_9_B_29_2_11_comp1,R_9_B_29_2_11,TCDB,TCDB.9_B_29_2_11_comp1
G_2_A_115_2_10_comp1,P_2_A_115_2_10_comp1,R_2_A_115_2_10,TCDB,TCDB.2_A_115_2_10_comp1
G_4_D_2_1_2_comp1,P_4_D_2_1_2_comp1,R_4_D_2_1_2,TCDB,TCDB.4_D_2_1_2_comp1
G_2_A_1_49_4_comp1,P_2_A_1_49_4_comp1,R_2_A_1_49_4,TCDB,TCDB.2_A_1_49_4_comp1
G_1_A_14_3_3_comp1,P_1_A_14_3_3_comp1,R_1_A_14_3_3,TCDB,TCDB.1_A_14_3_3_comp1
G_2_A_18_6_8_comp1,P_2_A_18_6_8_comp1,R_2_A_18_6_8,TCDB,TCDB.2_A_18_6_8_comp1
G_9_B_87_1_18_comp1,P_9_B_87_1_18_comp1,R_9_B_87_1_18,TCDB,TCDB.9_B_87_1_18_comp1
G_1_A_38_1_3_comp1,P_1_A_38_1_3_comp1,R_1_A_38_1_3,TCDB,TCDB.1_A_38_1_3_comp1
G_2_A_5_1_5_comp1,P_2_A_5_1_5_comp1,R_2_A_5_1_5,TCDB,TCDB.2_A_5_1_5_comp1
G_1_A_35_3_4_comp1,P_1_A_35_3_4_comp1,R_1_A_35_3_4,TCDB,TCDB.1_A_35_3_4_comp1
G_1_A_14_2_6_comp1,P_1_A_14_2_6_comp1,R_1_A_14_2_6,TCDB,TCDB.1_A_14_2_6_comp1
G_1_E_43_2_5_comp1,P_1_E_43_2_5_comp1,R_1_E_43_2_5,TCDB,TCDB.1_E_43_2_5_comp1
G_1_A_54_2_2_comp1,P_1_A_54_2_2_comp1,R_1_A_54_2_2,TCDB,TCDB.1_A_54_2_2_comp1
G_2_A_49_8_1_comp1,P_2_A_49_8_1_comp1,R_2_A_49_8_1,TCDB,TCDB.2_A_49_8_1_comp1
G_3_A_1_112_9_comp1,P_3_A_1_112_9_comp1,R_3_A_1_112_9,TCDB,TCDB.3_A_1_112_9_comp1
G_9_B_142_9_3_comp1,P_9_B_142_9_3_comp1,R_9_B_142_9_3,TCDB,TCDB.9_B_142_9_3_comp1
G_5_A_1_6_1_comp1,P_5_A_1_6_1_comp1,R_5_A_1_6_1,TCDB,TCDB.5_A_1_6_1_comp1
G_8_B_32_2_1_comp1,P_8_B_32_2_1_comp1,R_8_B_32_2_1,TCDB,TCDB.8_B_32_2_1_comp1
G_1_A_1_5_9_comp1,P_1_A_1_5_9_comp1,R_1_A_1_5_9,TCDB,TCDB.1_A_1_5_9_comp1
G_2_A_38_3_4_comp1,P_2_A_38_3_4_comp1,R_2_A_38_3_4,TCDB,TCDB.2_A_38_3_4_comp1
G_1_A_10_2_2_comp1,P_1_A_10_2_2_comp1,R_1_A_10_2_2,TCDB,TCDB.1_A_10_2_2_comp1
G_9_B_29_2_1_comp1,P_9_B_29_2_1_comp1,R_9_B_29_2_1,TCDB,TCDB.9_B_29_2_1_comp1
G_9_B_62_3_8_comp1,P_9_B_62_3_8_comp1,R_9_B_62_3_8,TCDB,TCDB.9_B_62_3_8_comp1
G_9_B_121_6_5_comp1,P_9_B_121_6_5_comp1,R_9_B_121_6_5,TCDB,TCDB.9_B_121_6_5_comp1
G_1_B_33_2_5_comp1,P_1_B_33_2_5_comp1,R_1_B_33_2_5,TCDB,TCDB.1_B_33_2_5_comp1
G_2_A_5_1_17_comp1,P_2_A_5_1_17_comp1,R_2_A_5_1_17,TCDB,TCDB.2_A_5_1_17_comp1
G_2_A_66_1_61_comp1,P_2_A_66_1_61_comp1,R_2_A_66_1_61,TCDB,TCDB.2_A_66_1_61_comp1
G_1_A_23_6_1_comp1,P_1_A_23_6_1_comp1,R_1_A_23_6_1,TCDB,TCDB.1_A_23_6_1_comp1
G_2_A_1_73_2_comp1,P_2_A_1_73_2_comp1,R_2_A_1_73_2,TCDB,TCDB.2_A_1_73_2_comp1
G_2_A_36_1_6_comp1,P_2_A_36_1_6_comp1,R_2_A_36_1_6,TCDB,TCDB.2_A_36_1_6_comp1
G_9_B_51_1_5_comp1,P_9_B_51_1_5_comp1,R_9_B_51_1_5,TCDB,TCDB.9_B_51_1_5_comp1
G_2_A_1_1_68_comp1,P_2_A_1_1_68_comp1,R_2_A_1_1_68,TCDB,TCDB.2_A_1_1_68_comp1
G_2_A_1_3_62_comp1,P_2_A_1_3_62_comp1,R_2_A_1_3_62,TCDB,TCDB.2_A_1_3_62_comp1
G_1_B_40_2_6_comp1,P_1_B_40_2_6_comp1,R_1_B_40_2_6,TCDB,TCDB.1_B_40_2_6_comp1
G_2_A_1_3_63_comp1,P_2_A_1_3_63_comp1,R_2_A_1_3_63,TCDB,TCDB.2_A_1_3_63_comp1
G_2_A_1_3_44_comp1,P_2_A_1_3_44_comp1,R_2_A_1_3_44,TCDB,TCDB.2_A_1_3_44_comp1
G_2_A_117_1_1_comp1,P_2_A_117_1_1_comp1,R_2_A_117_1_1,TCDB,TCDB.2_A_117_1_1_comp1
G_2_A_66_1_30_comp1,P_2_A_66_1_30_comp1,R_2_A_66_1_30,TCDB,TCDB.2_A_66_1_30_comp1
G_2_A_66_1_31_comp1,P_2_A_66_1_31_comp1,R_2_A_66_1_31,TCDB,TCDB.2_A_66_1_31_comp1
G_2_A_1_1_156_comp1,P_2_A_1_1_156_comp1,R_2_A_1_1_156,TCDB,TCDB.2_A_1_1_156_comp1
G_3_A_1_6_6_comp1,P_3_A_1_6_6_comp1+3_A_1_6_6_comp2+3_A_1_6_6_comp3,R_3_A_1_6_6,TCDB,TCDB.3_A_1_6_6_comp1
G_3_A_1_6_6_comp2,P_3_A_1_6_6_comp1+3_A_1_6_6_comp2+3_A_1_6_6_comp3,R_3_A_1_6_6,TCDB,TCDB.3_A_1_6_6_comp2
G_3_A_1_6_6_comp3,P_3_A_1_6_6_comp1+3_A_1_6_6_comp2+3_A_1_6_6_comp3,R_3_A_1_6_6,TCDB,TCDB.3_A_1_6_6_comp3
G_3_A_1_137_1_comp1,P_3_A_1_137_1_comp1+3_A_1_137_1_comp2,R_3_A_1_137_1,TCDB,TCDB.3_A_1_137_1_comp1
G_3_A_1_137_1_comp2,P_3_A_1_137_1_comp1+3_A_1_137_1_comp2,R_3_A_1_137_1,TCDB,TCDB.3_A_1_137_1_comp2
G_3_A_1_20_3_comp1,P_3_A_1_20_3_comp1+3_A_1_20_3_comp2+3_A_1_20_3_comp3,R_3_A_1_20_3,TCDB,TCDB.3_A_1_20_3_comp1
G_3_A_1_20_3_comp2,P_3_A_1_20_3_comp1+3_A_1_20_3_comp2+3_A_1_20_3_comp3,R_3_A_1_20_3,TCDB,TCDB.3_A_1_20_3_comp2
G_3_A_1_20_3_comp3,P_3_A_1_20_3_comp1+3_A_1_20_3_comp2+3_A_1_20_3_comp3,R_3_A_1_20_3,TCDB,TCDB.3_A_1_20_3_comp3
G_1_B_66_1_9_comp1,P_1_B_66_1_9_comp1,R_1_B_66_1_9,TCDB,TCDB.1_B_66_1_9_comp1
G_8_A_85_3_2_comp1,P_8_A_85_3_2_comp1,R_8_A_85_3_2,TCDB,TCDB.8_A_85_3_2_comp1
G_2_A_117_1_11_comp1,P_2_A_117_1_11_comp1,R_2_A_117_1_11,TCDB,TCDB.2_A_117_1_11_comp1
G_1_A_1_9_13_comp1,P_1_A_1_9_13_comp1,R_1_A_1_9_13,TCDB,TCDB.1_A_1_9_13_comp1
G_3_A_1_123_3_comp1,P_3_A_1_123_3_comp1,R_3_A_1_123_3,TCDB,TCDB.3_A_1_123_3_comp1
G_1_E_29_1_1_comp1,P_1_E_29_1_1_comp1,R_1_E_29_1_1,TCDB,TCDB.1_E_29_1_1_comp1
G_2_A_16_4_2_comp1,P_2_A_16_4_2_comp1,R_2_A_16_4_2,TCDB,TCDB.2_A_16_4_2_comp1
G_2_A_66_6_2_comp1,P_2_A_66_6_2_comp1,R_2_A_66_6_2,TCDB,TCDB.2_A_66_6_2_comp1
G_2_A_59_2_1_comp1,P_2_A_59_2_1_comp1,R_2_A_59_2_1,TCDB,TCDB.2_A_59_2_1_comp1
G_3_A_3_6_22_comp1,P_3_A_3_6_22_comp1,R_3_A_3_6_22,TCDB,TCDB.3_A_3_6_22_comp1
G_9_B_108_1_6_comp1,P_9_B_108_1_6_comp1,R_9_B_108_1_6,TCDB,TCDB.9_B_108_1_6_comp1
G_2_A_88_1_4_comp1,P_2_A_88_1_4_comp1,R_2_A_88_1_4,TCDB,TCDB.2_A_88_1_4_comp1
G_9_B_29_2_12_comp1,P_9_B_29_2_12_comp1+9_B_29_2_12_comp2+9_B_29_2_12_comp3,R_9_B_29_2_12,TCDB,TCDB.9_B_29_2_12_comp1
G_9_B_29_2_12_comp2,P_9_B_29_2_12_comp1+9_B_29_2_12_comp2+9_B_29_2_12_comp3,R_9_B_29_2_12,TCDB,TCDB.9_B_29_2_12_comp2
G_9_B_29_2_12_comp3,P_9_B_29_2_12_comp1+9_B_29_2_12_comp2+9_B_29_2_12_comp3,R_9_B_29_2_12,TCDB,TCDB.9_B_29_2_12_comp3
G_9_B_155_2_6_comp1,P_9_B_155_2_6_comp1,R_9_B_155_2_6,TCDB,TCDB.9_B_155_2_6_comp1
G_2_A_76_3_1_comp1,P_2_A_76_3_1_comp1,R_2_A_76_3_1,TCDB,TCDB.2_A_76_3_1_comp1
G_1_B_14_6_9_comp1,P_1_B_14_6_9_comp1,R_1_B_14_6_9,TCDB,TCDB.1_B_14_6_9_comp1
G_9_A_24_2_2_comp1,P_9_A_24_2_2_comp1,R_9_A_24_2_2,TCDB,TCDB.9_A_24_2_2_comp1
G_1_B_35_1_3_comp1,P_1_B_35_1_3_comp1,R_1_B_35_1_3,TCDB,TCDB.1_B_35_1_3_comp1
G_1_B_35_1_4_comp1,P_1_B_35_1_4_comp1,R_1_B_35_1_4,TCDB,TCDB.1_B_35_1_4_comp1
G_2_A_21_3_13_comp1,P_2_A_21_3_13_comp1,R_2_A_21_3_13,TCDB,TCDB.2_A_21_3_13_comp1
G_1_E_54_2_2_comp1,P_1_E_54_2_2_comp1,R_1_E_54_2_2,TCDB,TCDB.1_E_54_2_2_comp1
G_2_A_21_3_11_comp1,P_2_A_21_3_11_comp1,R_2_A_21_3_11,TCDB,TCDB.2_A_21_3_11_comp1
G_2_A_21_3_12_comp1,P_2_A_21_3_12_comp1,R_2_A_21_3_12,TCDB,TCDB.2_A_21_3_12_comp1
G_9_B_167_1_3_comp1,P_9_B_167_1_3_comp1,R_9_B_167_1_3,TCDB,TCDB.9_B_167_1_3_comp1
G_2_A_7_38_3_comp1,P_2_A_7_38_3_comp1,R_2_A_7_38_3,TCDB,TCDB.2_A_7_38_3_comp1
G_9_B_176_1_1_comp1,P_9_B_176_1_1_comp1,R_9_B_176_1_1,TCDB,TCDB.9_B_176_1_1_comp1
G_1_C_39_4_3_comp1,P_1_C_39_4_3_comp1,R_1_C_39_4_3,TCDB,TCDB.1_C_39_4_3_comp1
G_9_B_42_1_2_comp1,P_9_B_42_1_2_comp1,R_9_B_42_1_2,TCDB,TCDB.9_B_42_1_2_comp1
G_1_B_14_1_13_comp1,P_1_B_14_1_13_comp1,R_1_B_14_1_13,TCDB,TCDB.1_B_14_1_13_comp1
G_1_C_73_3_3_comp1,P_1_C_73_3_3_comp1,R_1_C_73_3_3,TCDB,TCDB.1_C_73_3_3_comp1
G_1_B_55_2_1_comp1,P_1_B_55_2_1_comp1,R_1_B_55_2_1,TCDB,TCDB.1_B_55_2_1_comp1
G_1_E_43_1_4_comp1,P_1_E_43_1_4_comp1,R_1_E_43_1_4,TCDB,TCDB.1_E_43_1_4_comp1
G_1_B_57_2_2_comp1,P_1_B_57_2_2_comp1,R_1_B_57_2_2,TCDB,TCDB.1_B_57_2_2_comp1
G_1_A_63_2_2_comp1,P_1_A_63_2_2_comp1,R_1_A_63_2_2,TCDB,TCDB.1_A_63_2_2_comp1
G_9_B_304_1_8_comp1,P_9_B_304_1_8_comp1,R_9_B_304_1_8,TCDB,TCDB.9_B_304_1_8_comp1
G_2_A_66_5_2_comp1,P_2_A_66_5_2_comp1,R_2_A_66_5_2,TCDB,TCDB.2_A_66_5_2_comp1
G_9_B_304_1_9_comp1,P_9_B_304_1_9_comp1,R_9_B_304_1_9,TCDB,TCDB.9_B_304_1_9_comp1
G_1_E_54_2_4_comp1,P_1_E_54_2_4_comp1,R_1_E_54_2_4,TCDB,TCDB.1_E_54_2_4_comp1
G_9_B_153_5_1_comp1,P_9_B_153_5_1_comp1,R_9_B_153_5_1,TCDB,TCDB.9_B_153_5_1_comp1
G_1_E_11_1_9_comp1,P_1_E_11_1_9_comp1,R_1_E_11_1_9,TCDB,TCDB.1_E_11_1_9_comp1
G_2_A_78_2_1_comp1,P_2_A_78_2_1_comp1+2_A_78_2_1_comp2,R_2_A_78_2_1,TCDB,TCDB.2_A_78_2_1_comp1
G_2_A_78_2_1_comp2,P_2_A_78_2_1_comp1+2_A_78_2_1_comp2,R_2_A_78_2_1,TCDB,TCDB.2_A_78_2_1_comp2
G_1_E_34_1_5_comp1,P_1_E_34_1_5_comp1,R_1_E_34_1_5,TCDB,TCDB.1_E_34_1_5_comp1
G_2_A_7_3_11_comp1,P_2_A_7_3_11_comp1,R_2_A_7_3_11,TCDB,TCDB.2_A_7_3_11_comp1
G_9_B_142_3_6_comp1,P_9_B_142_3_6_comp1,R_9_B_142_3_6,TCDB,TCDB.9_B_142_3_6_comp1
G_9_B_153_3_6_comp1,P_9_B_153_3_6_comp1,R_9_B_153_3_6,TCDB,TCDB.9_B_153_3_6_comp1
G_9_B_105_1_2_comp1,P_9_B_105_1_2_comp1,R_9_B_105_1_2,TCDB,TCDB.9_B_105_1_2_comp1
G_1_A_102_1_1_comp1,P_1_A_102_1_1_comp1,R_1_A_102_1_1,TCDB,TCDB.1_A_102_1_1_comp1
G_3_A_7_12_1_comp1,P_3_A_7_12_1_comp1+3_A_7_12_1_comp2+3_A_7_12_1_comp3+3_A_7_12_1_comp4+3_A_7_12_1_comp5+3_A_7_12_1_comp6+3_A_7_12_1_comp7+3_A_7_12_1_comp8+3_A_7_12_1_comp9+3_A_7_12_1_comp10+3_A_7_12_1_comp11+3_A_7_12_1_comp12+3_A_7_12_1_comp13+3_A_7_12_1_comp14+3_A_7_12_1_comp15+3_A_7_12_1_comp16+3_A_7_12_1_comp17+3_A_7_12_1_comp18+3_A_7_12_1_comp19+3_A_7_12_1_comp20+3_A_7_12_1_comp21+3_A_7_12_1_comp22+3_A_7_12_1_comp23+3_A_7_12_1_comp24+3_A_7_12_1_comp25,R_3_A_7_12_1,TCDB,TCDB.3_A_7_12_1_comp1
G_3_A_7_12_1_comp2,P_3_A_7_12_1_comp1+3_A_7_12_1_comp2+3_A_7_12_1_comp3+3_A_7_12_1_comp4+3_A_7_12_1_comp5+3_A_7_12_1_comp6+3_A_7_12_1_comp7+3_A_7_12_1_comp8+3_A_7_12_1_comp9+3_A_7_12_1_comp10+3_A_7_12_1_comp11+3_A_7_12_1_comp12+3_A_7_12_1_comp13+3_A_7_12_1_comp14+3_A_7_12_1_comp15+3_A_7_12_1_comp16+3_A_7_12_1_comp17+3_A_7_12_1_comp18+3_A_7_12_1_comp19+3_A_7_12_1_comp20+3_A_7_12_1_comp21+3_A_7_12_1_comp22+3_A_7_12_1_comp23+3_A_7_12_1_comp24+3_A_7_12_1_comp25,R_3_A_7_12_1,TCDB,TCDB.3_A_7_12_1_comp2
G_3_A_7_12_1_comp3,P_3_A_7_12_1_comp1+3_A_7_12_1_comp2+3_A_7_12_1_comp3+3_A_7_12_1_comp4+3_A_7_12_1_comp5+3_A_7_12_1_comp6+3_A_7_12_1_comp7+3_A_7_12_1_comp8+3_A_7_12_1_comp9+3_A_7_12_1_comp10+3_A_7_12_1_comp11+3_A_7_12_1_comp12+3_A_7_12_1_comp13+3_A_7_12_1_comp14+3_A_7_12_1_comp15+3_A_7_12_1_comp16+3_A_7_12_1_comp17+3_A_7_12_1_comp18+3_A_7_12_1_comp19+3_A_7_12_1_comp20+3_A_7_12_1_comp21+3_A_7_12_1_comp22+3_A_7_12_1_comp23+3_A_7_12_1_comp24+3_A_7_12_1_comp25,R_3_A_7_12_1,TCDB,TCDB.3_A_7_12_1_comp3
G_3_A_7_12_1_comp4,P_3_A_7_12_1_comp1+3_A_7_12_1_comp2+3_A_7_12_1_comp3+3_A_7_12_1_comp4+3_A_7_12_1_comp5+3_A_7_12_1_comp6+3_A_7_12_1_comp7+3_A_7_12_1_comp8+3_A_7_12_1_comp9+3_A_7_12_1_comp10+3_A_7_12_1_comp11+3_A_7_12_1_comp12+3_A_7_12_1_comp13+3_A_7_12_1_comp14+3_A_7_12_1_comp15+3_A_7_12_1_comp16+3_A_7_12_1_comp17+3_A_7_12_1_comp18+3_A_7_12_1_comp19+3_A_7_12_1_comp20+3_A_7_12_1_comp21+3_A_7_12_1_comp22+3_A_7_12_1_comp23+3_A_7_12_1_comp24+3_A_7_12_1_comp25,R_3_A_7_12_1,TCDB,TCDB.3_A_7_12_1_comp4
G_3_A_7_12_1_comp5,P_3_A_7_12_1_comp1+3_A_7_12_1_comp2+3_A_7_12_1_comp3+3_A_7_12_1_comp4+3_A_7_12_1_comp5+3_A_7_12_1_comp6+3_A_7_12_1_comp7+3_A_7_12_1_comp8+3_A_7_12_1_comp9+3_A_7_12_1_comp10+3_A_7_12_1_comp11+3_A_7_12_1_comp12+3_A_7_12_1_comp13+3_A_7_12_1_comp14+3_A_7_12_1_comp15+3_A_7_12_1_comp16+3_A_7_12_1_comp17+3_A_7_12_1_comp18+3_A_7_12_1_comp19+3_A_7_12_1_comp20+3_A_7_12_1_comp21+3_A_7_12_1_comp22+3_A_7_12_1_comp23+3_A_7_12_1_comp24+3_A_7_12_1_comp25,R_3_A_7_12_1,TCDB,TCDB.3_A_7_12_1_comp5
G_3_A_7_12_1_comp6,P_3_A_7_12_1_comp1+3_A_7_12_1_comp2+3_A_7_12_1_comp3+3_A_7_12_1_comp4+3_A_7_12_1_comp5+3_A_7_12_1_comp6+3_A_7_12_1_comp7+3_A_7_12_1_comp8+3_A_7_12_1_comp9+3_A_7_12_1_comp10+3_A_7_12_1_comp11+3_A_7_12_1_comp12+3_A_7_12_1_comp13+3_A_7_12_1_comp14+3_A_7_12_1_comp15+3_A_7_12_1_comp16+3_A_7_12_1_comp17+3_A_7_12_1_comp18+3_A_7_12_1_comp19+3_A_7_12_1_comp20+3_A_7_12_1_comp21+3_A_7_12_1_comp22+3_A_7_12_1_comp23+3_A_7_12_1_comp24+3_A_7_12_1_comp25,R_3_A_7_12_1,TCDB,TCDB.3_A_7_12_1_comp6
G_3_A_7_12_1_comp7,P_3_A_7_12_1_comp1+3_A_7_12_1_comp2+3_A_7_12_1_comp3+3_A_7_12_1_comp4+3_A_7_12_1_comp5+3_A_7_12_1_comp6+3_A_7_12_1_comp7+3_A_7_12_1_comp8+3_A_7_12_1_comp9+3_A_7_12_1_comp10+3_A_7_12_1_comp11+3_A_7_12_1_comp12+3_A_7_12_1_comp13+3_A_7_12_1_comp14+3_A_7_12_1_comp15+3_A_7_12_1_comp16+3_A_7_12_1_comp17+3_A_7_12_1_comp18+3_A_7_12_1_comp19+3_A_7_12_1_comp20+3_A_7_12_1_comp21+3_A_7_12_1_comp22+3_A_7_12_1_comp23+3_A_7_12_1_comp24+3_A_7_12_1_comp25,R_3_A_7_12_1,TCDB,TCDB.3_A_7_12_1_comp7
G_3_A_7_12_1_comp8,P_3_A_7_12_1_comp1+3_A_7_12_1_comp2+3_A_7_12_1_comp3+3_A_7_12_1_comp4+3_A_7_12_1_comp5+3_A_7_12_1_comp6+3_A_7_12_1_comp7+3_A_7_12_1_comp8+3_A_7_12_1_comp9+3_A_7_12_1_comp10+3_A_7_12_1_comp11+3_A_7_12_1_comp12+3_A_7_12_1_comp13+3_A_7_12_1_comp14+3_A_7_12_1_comp15+3_A_7_12_1_comp16+3_A_7_12_1_comp17+3_A_7_12_1_comp18+3_A_7_12_1_comp19+3_A_7_12_1_comp20+3_A_7_12_1_comp21+3_A_7_12_1_comp22+3_A_7_12_1_comp23+3_A_7_12_1_comp24+3_A_7_12_1_comp25,R_3_A_7_12_1,TCDB,TCDB.3_A_7_12_1_comp8
G_3_A_7_12_1_comp9,P_3_A_7_12_1_comp1+3_A_7_12_1_comp2+3_A_7_12_1_comp3+3_A_7_12_1_comp4+3_A_7_12_1_comp5+3_A_7_12_1_comp6+3_A_7_12_1_comp7+3_A_7_12_1_comp8+3_A_7_12_1_comp9+3_A_7_12_1_comp10+3_A_7_12_1_comp11+3_A_7_12_1_comp12+3_A_7_12_1_comp13+3_A_7_12_1_comp14+3_A_7_12_1_comp15+3_A_7_12_1_comp16+3_A_7_12_1_comp17+3_A_7_12_1_comp18+3_A_7_12_1_comp19+3_A_7_12_1_comp20+3_A_7_12_1_comp21+3_A_7_12_1_comp22+3_A_7_12_1_comp23+3_A_7_12_1_comp24+3_A_7_12_1_comp25,R_3_A_7_12_1,TCDB,TCDB.3_A_7_12_1_comp9
G_3_A_7_12_1_comp10,P_3_A_7_12_1_comp1+3_A_7_12_1_comp2+3_A_7_12_1_comp3+3_A_7_12_1_comp4+3_A_7_12_1_comp5+3_A_7_12_1_comp6+3_A_7_12_1_comp7+3_A_7_12_1_comp8+3_A_7_12_1_comp9+3_A_7_12_1_comp10+3_A_7_12_1_comp11+3_A_7_12_1_comp12+3_A_7_12_1_comp13+3_A_7_12_1_comp14+3_A_7_12_1_comp15+3_A_7_12_1_comp16+3_A_7_12_1_comp17+3_A_7_12_1_comp18+3_A_7_12_1_comp19+3_A_7_12_1_comp20+3_A_7_12_1_comp21+3_A_7_12_1_comp22+3_A_7_12_1_comp23+3_A_7_12_1_comp24+3_A_7_12_1_comp25,R_3_A_7_12_1,TCDB,TCDB.3_A_7_12_1_comp10
G_3_A_7_12_1_comp11,P_3_A_7_12_1_comp1+3_A_7_12_1_comp2+3_A_7_12_1_comp3+3_A_7_12_1_comp4+3_A_7_12_1_comp5+3_A_7_12_1_comp6+3_A_7_12_1_comp7+3_A_7_12_1_comp8+3_A_7_12_1_comp9+3_A_7_12_1_comp10+3_A_7_12_1_comp11+3_A_7_12_1_comp12+3_A_7_12_1_comp13+3_A_7_12_1_comp14+3_A_7_12_1_comp15+3_A_7_12_1_comp16+3_A_7_12_1_comp17+3_A_7_12_1_comp18+3_A_7_12_1_comp19+3_A_7_12_1_comp20+3_A_7_12_1_comp21+3_A_7_12_1_comp22+3_A_7_12_1_comp23+3_A_7_12_1_comp24+3_A_7_12_1_comp25,R_3_A_7_12_1,TCDB,TCDB.3_A_7_12_1_comp11
G_3_A_7_12_1_comp12,P_3_A_7_12_1_comp1+3_A_7_12_1_comp2+3_A_7_12_1_comp3+3_A_7_12_1_comp4+3_A_7_12_1_comp5+3_A_7_12_1_comp6+3_A_7_12_1_comp7+3_A_7_12_1_comp8+3_A_7_12_1_comp9+3_A_7_12_1_comp10+3_A_7_12_1_comp11+3_A_7_12_1_comp12+3_A_7_12_1_comp13+3_A_7_12_1_comp14+3_A_7_12_1_comp15+3_A_7_12_1_comp16+3_A_7_12_1_comp17+3_A_7_12_1_comp18+3_A_7_12_1_comp19+3_A_7_12_1_comp20+3_A_7_12_1_comp21+3_A_7_12_1_comp22+3_A_7_12_1_comp23+3_A_7_12_1_comp24+3_A_7_12_1_comp25,R_3_A_7_12_1,TCDB,TCDB.3_A_7_12_1_comp12
G_3_A_7_12_1_comp13,P_3_A_7_12_1_comp1+3_A_7_12_1_comp2+3_A_7_12_1_comp3+3_A_7_12_1_comp4+3_A_7_12_1_comp5+3_A_7_12_1_comp6+3_A_7_12_1_comp7+3_A_7_12_1_comp8+3_A_7_12_1_comp9+3_A_7_12_1_comp10+3_A_7_12_1_comp11+3_A_7_12_1_comp12+3_A_7_12_1_comp13+3_A_7_12_1_comp14+3_A_7_12_1_comp15+3_A_7_12_1_comp16+3_A_7_12_1_comp17+3_A_7_12_1_comp18+3_A_7_12_1_comp19+3_A_7_12_1_comp20+3_A_7_12_1_comp21+3_A_7_12_1_comp22+3_A_7_12_1_comp23+3_A_7_12_1_comp24+3_A_7_12_1_comp25,R_3_A_7_12_1,TCDB,TCDB.3_A_7_12_1_comp13
G_3_A_7_12_1_comp14,P_3_A_7_12_1_comp1+3_A_7_12_1_comp2+3_A_7_12_1_comp3+3_A_7_12_1_comp4+3_A_7_12_1_comp5+3_A_7_12_1_comp6+3_A_7_12_1_comp7+3_A_7_12_1_comp8+3_A_7_12_1_comp9+3_A_7_12_1_comp10+3_A_7_12_1_comp11+3_A_7_12_1_comp12+3_A_7_12_1_comp13+3_A_7_12_1_comp14+3_A_7_12_1_comp15+3_A_7_12_1_comp16+3_A_7_12_1_comp17+3_A_7_12_1_comp18+3_A_7_12_1_comp19+3_A_7_12_1_comp20+3_A_7_12_1_comp21+3_A_7_12_1_comp22+3_A_7_12_1_comp23+3_A_7_12_1_comp24+3_A_7_12_1_comp25,R_3_A_7_12_1,TCDB,TCDB.3_A_7_12_1_comp14
G_3_A_7_12_1_comp15,P_3_A_7_12_1_comp1+3_A_7_12_1_comp2+3_A_7_12_1_comp3+3_A_7_12_1_comp4+3_A_7_12_1_comp5+3_A_7_12_1_comp6+3_A_7_12_1_comp7+3_A_7_12_1_comp8+3_A_7_12_1_comp9+3_A_7_12_1_comp10+3_A_7_12_1_comp11+3_A_7_12_1_comp12+3_A_7_12_1_comp13+3_A_7_12_1_comp14+3_A_7_12_1_comp15+3_A_7_12_1_comp16+3_A_7_12_1_comp17+3_A_7_12_1_comp18+3_A_7_12_1_comp19+3_A_7_12_1_comp20+3_A_7_12_1_comp21+3_A_7_12_1_comp22+3_A_7_12_1_comp23+3_A_7_12_1_comp24+3_A_7_12_1_comp25,R_3_A_7_12_1,TCDB,TCDB.3_A_7_12_1_comp15
G_3_A_7_12_1_comp16,P_3_A_7_12_1_comp1+3_A_7_12_1_comp2+3_A_7_12_1_comp3+3_A_7_12_1_comp4+3_A_7_12_1_comp5+3_A_7_12_1_comp6+3_A_7_12_1_comp7+3_A_7_12_1_comp8+3_A_7_12_1_comp9+3_A_7_12_1_comp10+3_A_7_12_1_comp11+3_A_7_12_1_comp12+3_A_7_12_1_comp13+3_A_7_12_1_comp14+3_A_7_12_1_comp15+3_A_7_12_1_comp16+3_A_7_12_1_comp17+3_A_7_12_1_comp18+3_A_7_12_1_comp19+3_A_7_12_1_comp20+3_A_7_12_1_comp21+3_A_7_12_1_comp22+3_A_7_12_1_comp23+3_A_7_12_1_comp24+3_A_7_12_1_comp25,R_3_A_7_12_1,TCDB,TCDB.3_A_7_12_1_comp16
G_3_A_7_12_1_comp17,P_3_A_7_12_1_comp1+3_A_7_12_1_comp2+3_A_7_12_1_comp3+3_A_7_12_1_comp4+3_A_7_12_1_comp5+3_A_7_12_1_comp6+3_A_7_12_1_comp7+3_A_7_12_1_comp8+3_A_7_12_1_comp9+3_A_7_12_1_comp10+3_A_7_12_1_comp11+3_A_7_12_1_comp12+3_A_7_12_1_comp13+3_A_7_12_1_comp14+3_A_7_12_1_comp15+3_A_7_12_1_comp16+3_A_7_12_1_comp17+3_A_7_12_1_comp18+3_A_7_12_1_comp19+3_A_7_12_1_comp20+3_A_7_12_1_comp21+3_A_7_12_1_comp22+3_A_7_12_1_comp23+3_A_7_12_1_comp24+3_A_7_12_1_comp25,R_3_A_7_12_1,TCDB,TCDB.3_A_7_12_1_comp17
G_3_A_7_12_1_comp18,P_3_A_7_12_1_comp1+3_A_7_12_1_comp2+3_A_7_12_1_comp3+3_A_7_12_1_comp4+3_A_7_12_1_comp5+3_A_7_12_1_comp6+3_A_7_12_1_comp7+3_A_7_12_1_comp8+3_A_7_12_1_comp9+3_A_7_12_1_comp10+3_A_7_12_1_comp11+3_A_7_12_1_comp12+3_A_7_12_1_comp13+3_A_7_12_1_comp14+3_A_7_12_1_comp15+3_A_7_12_1_comp16+3_A_7_12_1_comp17+3_A_7_12_1_comp18+3_A_7_12_1_comp19+3_A_7_12_1_comp20+3_A_7_12_1_comp21+3_A_7_12_1_comp22+3_A_7_12_1_comp23+3_A_7_12_1_comp24+3_A_7_12_1_comp25,R_3_A_7_12_1,TCDB,TCDB.3_A_7_12_1_comp18
G_3_A_7_12_1_comp19,P_3_A_7_12_1_comp1+3_A_7_12_1_comp2+3_A_7_12_1_comp3+3_A_7_12_1_comp4+3_A_7_12_1_comp5+3_A_7_12_1_comp6+3_A_7_12_1_comp7+3_A_7_12_1_comp8+3_A_7_12_1_comp9+3_A_7_12_1_comp10+3_A_7_12_1_comp11+3_A_7_12_1_comp12+3_A_7_12_1_comp13+3_A_7_12_1_comp14+3_A_7_12_1_comp15+3_A_7_12_1_comp16+3_A_7_12_1_comp17+3_A_7_12_1_comp18+3_A_7_12_1_comp19+3_A_7_12_1_comp20+3_A_7_12_1_comp21+3_A_7_12_1_comp22+3_A_7_12_1_comp23+3_A_7_12_1_comp24+3_A_7_12_1_comp25,R_3_A_7_12_1,TCDB,TCDB.3_A_7_12_1_comp19
G_3_A_7_12_1_comp20,P_3_A_7_12_1_comp1+3_A_7_12_1_comp2+3_A_7_12_1_comp3+3_A_7_12_1_comp4+3_A_7_12_1_comp5+3_A_7_12_1_comp6+3_A_7_12_1_comp7+3_A_7_12_1_comp8+3_A_7_12_1_comp9+3_A_7_12_1_comp10+3_A_7_12_1_comp11+3_A_7_12_1_comp12+3_A_7_12_1_comp13+3_A_7_12_1_comp14+3_A_7_12_1_comp15+3_A_7_12_1_comp16+3_A_7_12_1_comp17+3_A_7_12_1_comp18+3_A_7_12_1_comp19+3_A_7_12_1_comp20+3_A_7_12_1_comp21+3_A_7_12_1_comp22+3_A_7_12_1_comp23+3_A_7_12_1_comp24+3_A_7_12_1_comp25,R_3_A_7_12_1,TCDB,TCDB.3_A_7_12_1_comp20
G_3_A_7_12_1_comp21,P_3_A_7_12_1_comp1+3_A_7_12_1_comp2+3_A_7_12_1_comp3+3_A_7_12_1_comp4+3_A_7_12_1_comp5+3_A_7_12_1_comp6+3_A_7_12_1_comp7+3_A_7_12_1_comp8+3_A_7_12_1_comp9+3_A_7_12_1_comp10+3_A_7_12_1_comp11+3_A_7_12_1_comp12+3_A_7_12_1_comp13+3_A_7_12_1_comp14+3_A_7_12_1_comp15+3_A_7_12_1_comp16+3_A_7_12_1_comp17+3_A_7_12_1_comp18+3_A_7_12_1_comp19+3_A_7_12_1_comp20+3_A_7_12_1_comp21+3_A_7_12_1_comp22+3_A_7_12_1_comp23+3_A_7_12_1_comp24+3_A_7_12_1_comp25,R_3_A_7_12_1,TCDB,TCDB.3_A_7_12_1_comp21
G_3_A_7_12_1_comp22,P_3_A_7_12_1_comp1+3_A_7_12_1_comp2+3_A_7_12_1_comp3+3_A_7_12_1_comp4+3_A_7_12_1_comp5+3_A_7_12_1_comp6+3_A_7_12_1_comp7+3_A_7_12_1_comp8+3_A_7_12_1_comp9+3_A_7_12_1_comp10+3_A_7_12_1_comp11+3_A_7_12_1_comp12+3_A_7_12_1_comp13+3_A_7_12_1_comp14+3_A_7_12_1_comp15+3_A_7_12_1_comp16+3_A_7_12_1_comp17+3_A_7_12_1_comp18+3_A_7_12_1_comp19+3_A_7_12_1_comp20+3_A_7_12_1_comp21+3_A_7_12_1_comp22+3_A_7_12_1_comp23+3_A_7_12_1_comp24+3_A_7_12_1_comp25,R_3_A_7_12_1,TCDB,TCDB.3_A_7_12_1_comp22
G_3_A_7_12_1_comp23,P_3_A_7_12_1_comp1+3_A_7_12_1_comp2+3_A_7_12_1_comp3+3_A_7_12_1_comp4+3_A_7_12_1_comp5+3_A_7_12_1_comp6+3_A_7_12_1_comp7+3_A_7_12_1_comp8+3_A_7_12_1_comp9+3_A_7_12_1_comp10+3_A_7_12_1_comp11+3_A_7_12_1_comp12+3_A_7_12_1_comp13+3_A_7_12_1_comp14+3_A_7_12_1_comp15+3_A_7_12_1_comp16+3_A_7_12_1_comp17+3_A_7_12_1_comp18+3_A_7_12_1_comp19+3_A_7_12_1_comp20+3_A_7_12_1_comp21+3_A_7_12_1_comp22+3_A_7_12_1_comp23+3_A_7_12_1_comp24+3_A_7_12_1_comp25,R_3_A_7_12_1,TCDB,TCDB.3_A_7_12_1_comp23
G_3_A_7_12_1_comp24,P_3_A_7_12_1_comp1+3_A_7_12_1_comp2+3_A_7_12_1_comp3+3_A_7_12_1_comp4+3_A_7_12_1_comp5+3_A_7_12_1_comp6+3_A_7_12_1_comp7+3_A_7_12_1_comp8+3_A_7_12_1_comp9+3_A_7_12_1_comp10+3_A_7_12_1_comp11+3_A_7_12_1_comp12+3_A_7_12_1_comp13+3_A_7_12_1_comp14+3_A_7_12_1_comp15+3_A_7_12_1_comp16+3_A_7_12_1_comp17+3_A_7_12_1_comp18+3_A_7_12_1_comp19+3_A_7_12_1_comp20+3_A_7_12_1_comp21+3_A_7_12_1_comp22+3_A_7_12_1_comp23+3_A_7_12_1_comp24+3_A_7_12_1_comp25,R_3_A_7_12_1,TCDB,TCDB.3_A_7_12_1_comp24
G_3_A_7_12_1_comp25,P_3_A_7_12_1_comp1+3_A_7_12_1_comp2+3_A_7_12_1_comp3+3_A_7_12_1_comp4+3_A_7_12_1_comp5+3_A_7_12_1_comp6+3_A_7_12_1_comp7+3_A_7_12_1_comp8+3_A_7_12_1_comp9+3_A_7_12_1_comp10+3_A_7_12_1_comp11+3_A_7_12_1_comp12+3_A_7_12_1_comp13+3_A_7_12_1_comp14+3_A_7_12_1_comp15+3_A_7_12_1_comp16+3_A_7_12_1_comp17+3_A_7_12_1_comp18+3_A_7_12_1_comp19+3_A_7_12_1_comp20+3_A_7_12_1_comp21+3_A_7_12_1_comp22+3_A_7_12_1_comp23+3_A_7_12_1_comp24+3_A_7_12_1_comp25,R_3_A_7_12_1,TCDB,TCDB.3_A_7_12_1_comp25
G_1_N_3_1_6_comp1,P_1_N_3_1_6_comp1,R_1_N_3_1_6,TCDB,TCDB.1_N_3_1_6_comp1
G_2_A_38_2_5_comp1,P_2_A_38_2_5_comp1,R_2_A_38_2_5,TCDB,TCDB.2_A_38_2_5_comp1
G_1_H_3_1_3_comp1,P_1_H_3_1_3_comp1,R_1_H_3_1_3,TCDB,TCDB.1_H_3_1_3_comp1
G_2_A_105_1_7_comp1,P_2_A_105_1_7_comp1,R_2_A_105_1_7,TCDB,TCDB.2_A_105_1_7_comp1
G_1_A_67_2_1_comp1,P_1_A_67_2_1_comp1,R_1_A_67_2_1,TCDB,TCDB.1_A_67_2_1_comp1
G_9_B_82_2_1_comp1,P_9_B_82_2_1_comp1,R_9_B_82_2_1,TCDB,TCDB.9_B_82_2_1_comp1
G_9_B_199_1_6_comp1,P_9_B_199_1_6_comp1,R_9_B_199_1_6,TCDB,TCDB.9_B_199_1_6_comp1
G_2_A_4_3_11_comp1,P_2_A_4_3_11_comp1,R_2_A_4_3_11,TCDB,TCDB.2_A_4_3_11_comp1
G_8_A_61_1_4_comp1,P_8_A_61_1_4_comp1,R_8_A_61_1_4,TCDB,TCDB.8_A_61_1_4_comp1
G_9_A_49_1_7_comp1,P_9_A_49_1_7_comp1,R_9_A_49_1_7,TCDB,TCDB.9_A_49_1_7_comp1
G_1_A_101_4_2_comp1,P_1_A_101_4_2_comp1,R_1_A_101_4_2,TCDB,TCDB.1_A_101_4_2_comp1
G_1_A_101_4_1_comp1,P_1_A_101_4_1_comp1,R_1_A_101_4_1,TCDB,TCDB.1_A_101_4_1_comp1
G_2_A_1_46_3_comp1,P_2_A_1_46_3_comp1,R_2_A_1_46_3,TCDB,TCDB.2_A_1_46_3_comp1
G_2_A_18_7_4_comp1,P_2_A_18_7_4_comp1,R_2_A_18_7_4,TCDB,TCDB.2_A_18_7_4_comp1
G_3_A_1_204_6_comp1,P_3_A_1_204_6_comp1,R_3_A_1_204_6,TCDB,TCDB.3_A_1_204_6_comp1
G_2_A_7_32_5_comp1,P_2_A_7_32_5_comp1,R_2_A_7_32_5,TCDB,TCDB.2_A_7_32_5_comp1
G_2_A_66_8_2_comp1,P_2_A_66_8_2_comp1,R_2_A_66_8_2,TCDB,TCDB.2_A_66_8_2_comp1
G_1_H_3_1_6_comp1,P_1_H_3_1_6_comp1,R_1_H_3_1_6,TCDB,TCDB.1_H_3_1_6_comp1
G_4_F_1_1_3_comp1,P_4_F_1_1_3_comp1,R_4_F_1_1_3,TCDB,TCDB.4_F_1_1_3_comp1
G_2_A_7_24_14_comp1,P_2_A_7_24_14_comp1,R_2_A_7_24_14,TCDB,TCDB.2_A_7_24_14_comp1
G_1_E_7_2_1_comp1,P_1_E_7_2_1_comp1,R_1_E_7_2_1,TCDB,TCDB.1_E_7_2_1_comp1
G_1_A_32_1_3_comp1,P_1_A_32_1_3_comp1,R_1_A_32_1_3,TCDB,TCDB.1_A_32_1_3_comp1
G_1_B_14_1_7_comp1,P_1_B_14_1_7_comp1,R_1_B_14_1_7,TCDB,TCDB.1_B_14_1_7_comp1
G_1_B_19_1_2_comp1,P_1_B_19_1_2_comp1,R_1_B_19_1_2,TCDB,TCDB.1_B_19_1_2_comp1
G_3_A_1_27_1_comp1,P_3_A_1_27_1_comp1+3_A_1_27_1_comp2+3_A_1_27_1_comp3+3_A_1_27_1_comp4,R_3_A_1_27_1,TCDB,TCDB.3_A_1_27_1_comp1
G_3_A_1_27_1_comp2,P_3_A_1_27_1_comp1+3_A_1_27_1_comp2+3_A_1_27_1_comp3+3_A_1_27_1_comp4,R_3_A_1_27_1,TCDB,TCDB.3_A_1_27_1_comp2
G_3_A_1_27_1_comp3,P_3_A_1_27_1_comp1+3_A_1_27_1_comp2+3_A_1_27_1_comp3+3_A_1_27_1_comp4,R_3_A_1_27_1,TCDB,TCDB.3_A_1_27_1_comp3
G_3_A_1_27_1_comp4,P_3_A_1_27_1_comp1+3_A_1_27_1_comp2+3_A_1_27_1_comp3+3_A_1_27_1_comp4,R_3_A_1_27_1,TCDB,TCDB.3_A_1_27_1_comp4
G_1_C_45_2_3_comp1,P_1_C_45_2_3_comp1,R_1_C_45_2_3,TCDB,TCDB.1_C_45_2_3_comp1
G_2_A_11_1_6_comp1,P_2_A_11_1_6_comp1,R_2_A_11_1_6,TCDB,TCDB.2_A_11_1_6_comp1
G_9_B_62_3_10_comp1,P_9_B_62_3_10_comp1,R_9_B_62_3_10,TCDB,TCDB.9_B_62_3_10_comp1
G_2_A_47_1_12_comp1,P_2_A_47_1_12_comp1,R_2_A_47_1_12,TCDB,TCDB.2_A_47_1_12_comp1
G_3_A_1_106_4_comp1,P_3_A_1_106_4_comp1,R_3_A_1_106_4,TCDB,TCDB.3_A_1_106_4_comp1
G_3_A_1_17_12_comp1,P_3_A_1_17_12_comp1+3_A_1_17_12_comp2+3_A_1_17_12_comp3,R_3_A_1_17_12,TCDB,TCDB.3_A_1_17_12_comp1
G_3_A_1_17_12_comp2,P_3_A_1_17_12_comp1+3_A_1_17_12_comp2+3_A_1_17_12_comp3,R_3_A_1_17_12,TCDB,TCDB.3_A_1_17_12_comp2
G_3_A_1_17_12_comp3,P_3_A_1_17_12_comp1+3_A_1_17_12_comp2+3_A_1_17_12_comp3,R_3_A_1_17_12,TCDB,TCDB.3_A_1_17_12_comp3
G_9_B_104_3_3_comp1,P_9_B_104_3_3_comp1,R_9_B_104_3_3,TCDB,TCDB.9_B_104_3_3_comp1
G_2_A_60_1_23_comp1,P_2_A_60_1_23_comp1,R_2_A_60_1_23,TCDB,TCDB.2_A_60_1_23_comp1
G_8_A_86_1_2_comp1,P_8_A_86_1_2_comp1,R_8_A_86_1_2,TCDB,TCDB.8_A_86_1_2_comp1
G_2_A_112_2_1_comp1,P_2_A_112_2_1_comp1,R_2_A_112_2_1,TCDB,TCDB.2_A_112_2_1_comp1
G_1_A_7_1_10_comp1,P_1_A_7_1_10_comp1,R_1_A_7_1_10,TCDB,TCDB.1_A_7_1_10_comp1
G_1_B_82_1_2_comp1,P_1_B_82_1_2_comp1,R_1_B_82_1_2,TCDB,TCDB.1_B_82_1_2_comp1
G_1_A_46_2_9_comp1,P_1_A_46_2_9_comp1,R_1_A_46_2_9,TCDB,TCDB.1_A_46_2_9_comp1
G_2_A_29_14_9_comp1,P_2_A_29_14_9_comp1,R_2_A_29_14_9,TCDB,TCDB.2_A_29_14_9_comp1
G_1_A_17_3_10_comp1,P_1_A_17_3_10_comp1,R_1_A_17_3_10,TCDB,TCDB.1_A_17_3_10_comp1
G_3_A_1_152_4_comp1,P_3_A_1_152_4_comp1,R_3_A_1_152_4,TCDB,TCDB.3_A_1_152_4_comp1
G_1_B_6_2_11_comp1,P_1_B_6_2_11_comp1,R_1_B_6_2_11,TCDB,TCDB.1_B_6_2_11_comp1
G_9_B_225_2_1_comp1,P_9_B_225_2_1_comp1,R_9_B_225_2_1,TCDB,TCDB.9_B_225_2_1_comp1
G_1_B_43_1_3_comp1,P_1_B_43_1_3_comp1,R_1_B_43_1_3,TCDB,TCDB.1_B_43_1_3_comp1
G_9_B_175_1_4_comp1,P_9_B_175_1_4_comp1,R_9_B_175_1_4,TCDB,TCDB.9_B_175_1_4_comp1
G_2_A_77_1_4_comp1,P_2_A_77_1_4_comp1,R_2_A_77_1_4,TCDB,TCDB.2_A_77_1_4_comp1
G_9_B_160_1_14_comp1,P_9_B_160_1_14_comp1,R_9_B_160_1_14,TCDB,TCDB.9_B_160_1_14_comp1
G_1_C_93_1_1_comp1,P_1_C_93_1_1_comp1,R_1_C_93_1_1,TCDB,TCDB.1_C_93_1_1_comp1
G_9_B_39_1_2_comp1,P_9_B_39_1_2_comp1+9_B_39_1_2_comp2,R_9_B_39_1_2,TCDB,TCDB.9_B_39_1_2_comp1
G_9_B_39_1_2_comp2,P_9_B_39_1_2_comp1+9_B_39_1_2_comp2,R_9_B_39_1_2,TCDB,TCDB.9_B_39_1_2_comp2
G_2_A_7_10_4_comp1,P_2_A_7_10_4_comp1,R_2_A_7_10_4,TCDB,TCDB.2_A_7_10_4_comp1
G_1_C_113_1_3_comp1,P_1_C_113_1_3_comp1,R_1_C_113_1_3,TCDB,TCDB.1_C_113_1_3_comp1
G_2_A_1_47_2_comp1,P_2_A_1_47_2_comp1,R_2_A_1_47_2,TCDB,TCDB.2_A_1_47_2_comp1
G_9_B_144_1_5_comp1,P_9_B_144_1_5_comp1,R_9_B_144_1_5,TCDB,TCDB.9_B_144_1_5_comp1
G_1_A_62_2_4_comp1,P_1_A_62_2_4_comp1,R_1_A_62_2_4,TCDB,TCDB.1_A_62_2_4_comp1
G_1_E_34_1_7_comp1,P_1_E_34_1_7_comp1,R_1_E_34_1_7,TCDB,TCDB.1_E_34_1_7_comp1
G_1_B_7_1_7_comp1,P_1_B_7_1_7_comp1,R_1_B_7_1_7,TCDB,TCDB.1_B_7_1_7_comp1
G_2_A_1_70_3_comp1,P_2_A_1_70_3_comp1,R_2_A_1_70_3,TCDB,TCDB.2_A_1_70_3_comp1
G_2_A_3_14_1_comp1,P_2_A_3_14_1_comp1,R_2_A_3_14_1,TCDB,TCDB.2_A_3_14_1_comp1
G_3_A_1_135_10_comp1,P_3_A_1_135_10_comp1+3_A_1_135_10_comp2,R_3_A_1_135_10,TCDB,TCDB.3_A_1_135_10_comp1
G_3_A_1_135_10_comp2,P_3_A_1_135_10_comp1+3_A_1_135_10_comp2,R_3_A_1_135_10,TCDB,TCDB.3_A_1_135_10_comp2
G_9_B_29_2_13_comp1,P_9_B_29_2_13_comp1+9_B_29_2_13_comp2+9_B_29_2_13_comp3,R_9_B_29_2_13,TCDB,TCDB.9_B_29_2_13_comp1
G_9_B_29_2_13_comp2,P_9_B_29_2_13_comp1+9_B_29_2_13_comp2+9_B_29_2_13_comp3,R_9_B_29_2_13,TCDB,TCDB.9_B_29_2_13_comp2
G_9_B_29_2_13_comp3,P_9_B_29_2_13_comp1+9_B_29_2_13_comp2+9_B_29_2_13_comp3,R_9_B_29_2_13,TCDB,TCDB.9_B_29_2_13_comp3
G_9_A_28_1_4_comp1,P_9_A_28_1_4_comp1,R_9_A_28_1_4,TCDB,TCDB.9_A_28_1_4_comp1
G_1_B_25_1_27_comp1,P_1_B_25_1_27_comp1,R_1_B_25_1_27,TCDB,TCDB.1_B_25_1_27_comp1
G_3_A_1_122_5_comp1,P_3_A_1_122_5_comp1,R_3_A_1_122_5,TCDB,TCDB.3_A_1_122_5_comp1
G_2_A_1_3_73_comp1,P_2_A_1_3_73_comp1,R_2_A_1_3_73,TCDB,TCDB.2_A_1_3_73_comp1
G_2_A_4_5_1_comp1,P_2_A_4_5_1_comp1,R_2_A_4_5_1,TCDB,TCDB.2_A_4_5_1_comp1
G_1_A_1_16_5_comp1,P_1_A_1_16_5_comp1,R_1_A_1_16_5,TCDB,TCDB.1_A_1_16_5_comp1
G_3_A_1_2_33_comp1,P_3_A_1_2_33_comp1+3_A_1_2_33_comp2+3_A_1_2_33_comp3,R_3_A_1_2_33,TCDB,TCDB.3_A_1_2_33_comp1
G_3_A_1_2_33_comp2,P_3_A_1_2_33_comp1+3_A_1_2_33_comp2+3_A_1_2_33_comp3,R_3_A_1_2_33,TCDB,TCDB.3_A_1_2_33_comp2
G_3_A_1_2_33_comp3,P_3_A_1_2_33_comp1+3_A_1_2_33_comp2+3_A_1_2_33_comp3,R_3_A_1_2_33,TCDB,TCDB.3_A_1_2_33_comp3
G_3_D_4_3_2_comp1,P_3_D_4_3_2_comp1+3_D_4_3_2_comp2+3_D_4_3_2_comp3+3_D_4_3_2_comp4+3_D_4_3_2_comp5,R_3_D_4_3_2,TCDB,TCDB.3_D_4_3_2_comp1
G_3_D_4_3_2_comp2,P_3_D_4_3_2_comp1+3_D_4_3_2_comp2+3_D_4_3_2_comp3+3_D_4_3_2_comp4+3_D_4_3_2_comp5,R_3_D_4_3_2,TCDB,TCDB.3_D_4_3_2_comp2
G_3_D_4_3_2_comp3,P_3_D_4_3_2_comp1+3_D_4_3_2_comp2+3_D_4_3_2_comp3+3_D_4_3_2_comp4+3_D_4_3_2_comp5,R_3_D_4_3_2,TCDB,TCDB.3_D_4_3_2_comp3
G_3_D_4_3_2_comp4,P_3_D_4_3_2_comp1+3_D_4_3_2_comp2+3_D_4_3_2_comp3+3_D_4_3_2_comp4+3_D_4_3_2_comp5,R_3_D_4_3_2,TCDB,TCDB.3_D_4_3_2_comp4
G_3_D_4_3_2_comp5,P_3_D_4_3_2_comp1+3_D_4_3_2_comp2+3_D_4_3_2_comp3+3_D_4_3_2_comp4+3_D_4_3_2_comp5,R_3_D_4_3_2,TCDB,TCDB.3_D_4_3_2_comp5
G_1_C_103_1_1_comp1,P_1_C_103_1_1_comp1,R_1_C_103_1_1,TCDB,TCDB.1_C_103_1_1_comp1
G_9_A_29_1_1_comp1,P_9_A_29_1_1_comp1,R_9_A_29_1_1,TCDB,TCDB.9_A_29_1_1_comp1
G_1_A_8_8_6_comp1,P_1_A_8_8_6_comp1,R_1_A_8_8_6,TCDB,TCDB.1_A_8_8_6_comp1
G_1_A_8_8_7_comp1,P_1_A_8_8_7_comp1,R_1_A_8_8_7,TCDB,TCDB.1_A_8_8_7_comp1
G_2_A_6_5_12_comp1,P_2_A_6_5_12_comp1,R_2_A_6_5_12,TCDB,TCDB.2_A_6_5_12_comp1
G_1_B_82_1_3_comp1,P_1_B_82_1_3_comp1,R_1_B_82_1_3,TCDB,TCDB.1_B_82_1_3_comp1
G_9_B_117_1_4_comp1,P_9_B_117_1_4_comp1,R_9_B_117_1_4,TCDB,TCDB.9_B_117_1_4_comp1
G_9_B_67_1_3_comp1,P_9_B_67_1_3_comp1,R_9_B_67_1_3,TCDB,TCDB.9_B_67_1_3_comp1
G_1_E_29_2_5_comp1,P_1_E_29_2_5_comp1,R_1_E_29_2_5,TCDB,TCDB.1_E_29_2_5_comp1
G_2_A_7_24_15_comp1,P_2_A_7_24_15_comp1,R_2_A_7_24_15,TCDB,TCDB.2_A_7_24_15_comp1
G_9_A_27_1_5_comp1,P_9_A_27_1_5_comp1,R_9_A_27_1_5,TCDB,TCDB.9_A_27_1_5_comp1
G_2_A_55_3_6_comp1,P_2_A_55_3_6_comp1,R_2_A_55_3_6,TCDB,TCDB.2_A_55_3_6_comp1
G_1_B_57_3_1_comp1,P_1_B_57_3_1_comp1,R_1_B_57_3_1,TCDB,TCDB.1_B_57_3_1_comp1
G_2_A_62_1_6_comp1,P_2_A_62_1_6_comp1,R_2_A_62_1_6,TCDB,TCDB.2_A_62_1_6_comp1
G_9_B_170_1_1_comp1,P_9_B_170_1_1_comp1,R_9_B_170_1_1,TCDB,TCDB.9_B_170_1_1_comp1
G_1_B_14_8_3_comp1,P_1_B_14_8_3_comp1,R_1_B_14_8_3,TCDB,TCDB.1_B_14_8_3_comp1
G_1_B_14_1_32_comp1,P_1_B_14_1_32_comp1,R_1_B_14_1_32,TCDB,TCDB.1_B_14_1_32_comp1
G_1_B_84_1_2_comp1,P_1_B_84_1_2_comp1,R_1_B_84_1_2,TCDB,TCDB.1_B_84_1_2_comp1
G_9_B_122_1_3_comp1,P_9_B_122_1_3_comp1,R_9_B_122_1_3,TCDB,TCDB.9_B_122_1_3_comp1
G_3_A_3_30_2_comp1,P_3_A_3_30_2_comp1,R_3_A_3_30_2,TCDB,TCDB.3_A_3_30_2_comp1
G_1_B_13_3_2_comp1,P_1_B_13_3_2_comp1,R_1_B_13_3_2,TCDB,TCDB.1_B_13_3_2_comp1
G_3_A_3_27_7_comp1,P_3_A_3_27_7_comp1,R_3_A_3_27_7,TCDB,TCDB.3_A_3_27_7_comp1
G_9_B_155_2_17_comp1,P_9_B_155_2_17_comp1,R_9_B_155_2_17,TCDB,TCDB.9_B_155_2_17_comp1
G_8_A_3_3_4_comp1,P_8_A_3_3_4_comp1,R_8_A_3_3_4,TCDB,TCDB.8_A_3_3_4_comp1
G_1_B_18_3_3_comp1,P_1_B_18_3_3_comp1,R_1_B_18_3_3,TCDB,TCDB.1_B_18_3_3_comp1
G_1_B_44_2_1_comp1,P_1_B_44_2_1_comp1,R_1_B_44_2_1,TCDB,TCDB.1_B_44_2_1_comp1
G_9_B_183_1_5_comp1,P_9_B_183_1_5_comp1,R_9_B_183_1_5,TCDB,TCDB.9_B_183_1_5_comp1
G_1_B_78_1_6_comp1,P_1_B_78_1_6_comp1,R_1_B_78_1_6,TCDB,TCDB.1_B_78_1_6_comp1
G_1_A_77_3_15_comp1,P_1_A_77_3_15_comp1,R_1_A_77_3_15,TCDB,TCDB.1_A_77_3_15_comp1
G_9_B_170_1_4_comp1,P_9_B_170_1_4_comp1,R_9_B_170_1_4,TCDB,TCDB.9_B_170_1_4_comp1
G_1_B_39_2_1_comp1,P_1_B_39_2_1_comp1,R_1_B_39_2_1,TCDB,TCDB.1_B_39_2_1_comp1
G_1_B_61_1_3_comp1,P_1_B_61_1_3_comp1,R_1_B_61_1_3,TCDB,TCDB.1_B_61_1_3_comp1
G_1_B_54_3_1_comp1,P_1_B_54_3_1_comp1,R_1_B_54_3_1,TCDB,TCDB.1_B_54_3_1_comp1
G_1_B_54_3_2_comp1,P_1_B_54_3_2_comp1,R_1_B_54_3_2,TCDB,TCDB.1_B_54_3_2_comp1
G_9_B_213_1_4_comp1,P_9_B_213_1_4_comp1,R_9_B_213_1_4,TCDB,TCDB.9_B_213_1_4_comp1
G_1_C_90_1_3_comp1,P_1_C_90_1_3_comp1,R_1_C_90_1_3,TCDB,TCDB.1_C_90_1_3_comp1
G_2_A_1_9_6_comp1,P_2_A_1_9_6_comp1,R_2_A_1_9_6,TCDB,TCDB.2_A_1_9_6_comp1
G_2_A_1_3_31_comp1,P_2_A_1_3_31_comp1,R_2_A_1_3_31,TCDB,TCDB.2_A_1_3_31_comp1
G_1_A_79_1_7_comp1,P_1_A_79_1_7_comp1,R_1_A_79_1_7,TCDB,TCDB.1_A_79_1_7_comp1
G_1_E_27_1_3_comp1,P_1_E_27_1_3_comp1,R_1_E_27_1_3,TCDB,TCDB.1_E_27_1_3_comp1
G_2_A_88_4_2_comp1,P_2_A_88_4_2_comp1,R_2_A_88_4_2,TCDB,TCDB.2_A_88_4_2_comp1
G_1_A_1_10_17_comp1,P_1_A_1_10_17_comp1,R_1_A_1_10_17,TCDB,TCDB.1_A_1_10_17_comp1
G_2_A_7_31_2_comp1,P_2_A_7_31_2_comp1,R_2_A_7_31_2,TCDB,TCDB.2_A_7_31_2_comp1
G_1_C_114_1_3_comp1,P_1_C_114_1_3_comp1,R_1_C_114_1_3,TCDB,TCDB.1_C_114_1_3_comp1
G_2_A_31_3_4_comp1,P_2_A_31_3_4_comp1,R_2_A_31_3_4,TCDB,TCDB.2_A_31_3_4_comp1
G_9_B_26_2_2_comp1,P_9_B_26_2_2_comp1,R_9_B_26_2_2,TCDB,TCDB.9_B_26_2_2_comp1
G_1_A_15_1_3_comp1,P_1_A_15_1_3_comp1,R_1_A_15_1_3,TCDB,TCDB.1_A_15_1_3_comp1
G_9_B_19_1_4_comp1,P_9_B_19_1_4_comp1,R_9_B_19_1_4,TCDB,TCDB.9_B_19_1_4_comp1
G_2_A_61_1_4_comp1,P_2_A_61_1_4_comp1,R_2_A_61_1_4,TCDB,TCDB.2_A_61_1_4_comp1
G_1_C_105_2_8_comp1,P_1_C_105_2_8_comp1,R_1_C_105_2_8,TCDB,TCDB.1_C_105_2_8_comp1
G_3_A_1_1_47_comp1,P_3_A_1_1_47_comp1+3_A_1_1_47_comp2+3_A_1_1_47_comp3,R_3_A_1_1_47,TCDB,TCDB.3_A_1_1_47_comp1
G_3_A_1_1_47_comp2,P_3_A_1_1_47_comp1+3_A_1_1_47_comp2+3_A_1_1_47_comp3,R_3_A_1_1_47,TCDB,TCDB.3_A_1_1_47_comp2
G_3_A_1_1_47_comp3,P_3_A_1_1_47_comp1+3_A_1_1_47_comp2+3_A_1_1_47_comp3,R_3_A_1_1_47,TCDB,TCDB.3_A_1_1_47_comp3
G_2_A_1_1_129_comp1,P_2_A_1_1_129_comp1,R_2_A_1_1_129,TCDB,TCDB.2_A_1_1_129_comp1
G_1_C_90_3_4_comp1,P_1_C_90_3_4_comp1,R_1_C_90_3_4,TCDB,TCDB.1_C_90_3_4_comp1
G_1_C_41_2_3_comp1,P_1_C_41_2_3_comp1,R_1_C_41_2_3,TCDB,TCDB.1_C_41_2_3_comp1
G_1_E_26_6_1_comp1,P_1_E_26_6_1_comp1,R_1_E_26_6_1,TCDB,TCDB.1_E_26_6_1_comp1
G_2_A_87_3_1_comp1,P_2_A_87_3_1_comp1,R_2_A_87_3_1,TCDB,TCDB.2_A_87_3_1_comp1
G_1_C_71_1_4_comp1,P_1_C_71_1_4_comp1,R_1_C_71_1_4,TCDB,TCDB.1_C_71_1_4_comp1
G_2_A_62_1_3_comp1,P_2_A_62_1_3_comp1,R_2_A_62_1_3,TCDB,TCDB.2_A_62_1_3_comp1
G_1_B_34_2_1_comp1,P_1_B_34_2_1_comp1,R_1_B_34_2_1,TCDB,TCDB.1_B_34_2_1_comp1
G_1_A_1_4_10_comp1,P_1_A_1_4_10_comp1,R_1_A_1_4_10,TCDB,TCDB.1_A_1_4_10_comp1
G_2_A_72_3_5_comp1,P_2_A_72_3_5_comp1,R_2_A_72_3_5,TCDB,TCDB.2_A_72_3_5_comp1
G_3_A_1_27_7_comp1,P_3_A_1_27_7_comp1+3_A_1_27_7_comp2+3_A_1_27_7_comp3+3_A_1_27_7_comp4+3_A_1_27_7_comp5+3_A_1_27_7_comp6,R_3_A_1_27_7,TCDB,TCDB.3_A_1_27_7_comp1
G_3_A_1_27_7_comp2,P_3_A_1_27_7_comp1+3_A_1_27_7_comp2+3_A_1_27_7_comp3+3_A_1_27_7_comp4+3_A_1_27_7_comp5+3_A_1_27_7_comp6,R_3_A_1_27_7,TCDB,TCDB.3_A_1_27_7_comp2
G_3_A_1_27_7_comp3,P_3_A_1_27_7_comp1+3_A_1_27_7_comp2+3_A_1_27_7_comp3+3_A_1_27_7_comp4+3_A_1_27_7_comp5+3_A_1_27_7_comp6,R_3_A_1_27_7,TCDB,TCDB.3_A_1_27_7_comp3
G_3_A_1_27_7_comp4,P_3_A_1_27_7_comp1+3_A_1_27_7_comp2+3_A_1_27_7_comp3+3_A_1_27_7_comp4+3_A_1_27_7_comp5+3_A_1_27_7_comp6,R_3_A_1_27_7,TCDB,TCDB.3_A_1_27_7_comp4
G_3_A_1_27_7_comp5,P_3_A_1_27_7_comp1+3_A_1_27_7_comp2+3_A_1_27_7_comp3+3_A_1_27_7_comp4+3_A_1_27_7_comp5+3_A_1_27_7_comp6,R_3_A_1_27_7,TCDB,TCDB.3_A_1_27_7_comp5
G_3_A_1_27_7_comp6,P_3_A_1_27_7_comp1+3_A_1_27_7_comp2+3_A_1_27_7_comp3+3_A_1_27_7_comp4+3_A_1_27_7_comp5+3_A_1_27_7_comp6,R_3_A_1_27_7,TCDB,TCDB.3_A_1_27_7_comp6
G_3_A_3_32_6_comp1,P_3_A_3_32_6_comp1,R_3_A_3_32_6,TCDB,TCDB.3_A_3_32_6_comp1
G_9_B_44_3_2_comp1,P_9_B_44_3_2_comp1,R_9_B_44_3_2,TCDB,TCDB.9_B_44_3_2_comp1
G_1_A_106_2_3_comp1,P_1_A_106_2_3_comp1,R_1_A_106_2_3,TCDB,TCDB.1_A_106_2_3_comp1
G_3_A_1_18_1_comp1,P_3_A_1_18_1_comp1+3_A_1_18_1_comp2+3_A_1_18_1_comp3,R_3_A_1_18_1,TCDB,TCDB.3_A_1_18_1_comp1
G_3_A_1_18_1_comp2,P_3_A_1_18_1_comp1+3_A_1_18_1_comp2+3_A_1_18_1_comp3,R_3_A_1_18_1,TCDB,TCDB.3_A_1_18_1_comp2
G_3_A_1_18_1_comp3,P_3_A_1_18_1_comp1+3_A_1_18_1_comp2+3_A_1_18_1_comp3,R_3_A_1_18_1,TCDB,TCDB.3_A_1_18_1_comp3
G_9_B_153_3_13_comp1,P_9_B_153_3_13_comp1,R_9_B_153_3_13,TCDB,TCDB.9_B_153_3_13_comp1
G_1_B_4_2_17_comp1,P_1_B_4_2_17_comp1,R_1_B_4_2_17,TCDB,TCDB.1_B_4_2_17_comp1
G_9_B_328_1_1_comp1,P_9_B_328_1_1_comp1,R_9_B_328_1_1,TCDB,TCDB.9_B_328_1_1_comp1
G_9_B_69_1_1_comp1,P_9_B_69_1_1_comp1+9_B_69_1_1_comp2,R_9_B_69_1_1,TCDB,TCDB.9_B_69_1_1_comp1
G_9_B_69_1_1_comp2,P_9_B_69_1_1_comp1+9_B_69_1_1_comp2,R_9_B_69_1_1,TCDB,TCDB.9_B_69_1_1_comp2
G_9_B_153_4_3_comp1,P_9_B_153_4_3_comp1,R_9_B_153_4_3,TCDB,TCDB.9_B_153_4_3_comp1
G_3_A_1_201_25_comp1,P_3_A_1_201_25_comp1,R_3_A_1_201_25,TCDB,TCDB.3_A_1_201_25_comp1
G_2_A_1_1_128_comp1,P_2_A_1_1_128_comp1,R_2_A_1_1_128,TCDB,TCDB.2_A_1_1_128_comp1
G_1_B_14_6_5_comp1,P_1_B_14_6_5_comp1,R_1_B_14_6_5,TCDB,TCDB.1_B_14_6_5_comp1
G_2_A_119_3_1_comp1,P_2_A_119_3_1_comp1,R_2_A_119_3_1,TCDB,TCDB.2_A_119_3_1_comp1
G_9_B_227_2_5_comp1,P_9_B_227_2_5_comp1,R_9_B_227_2_5,TCDB,TCDB.9_B_227_2_5_comp1
G_1_B_19_1_6_comp1,P_1_B_19_1_6_comp1,R_1_B_19_1_6,TCDB,TCDB.1_B_19_1_6_comp1
G_3_A_1_152_7_comp1,P_3_A_1_152_7_comp1,R_3_A_1_152_7,TCDB,TCDB.3_A_1_152_7_comp1
G_1_B_15_1_2_comp1,P_1_B_15_1_2_comp1,R_1_B_15_1_2,TCDB,TCDB.1_B_15_1_2_comp1
G_1_B_60_1_8_comp1,P_1_B_60_1_8_comp1,R_1_B_60_1_8,TCDB,TCDB.1_B_60_1_8_comp1
G_1_B_31_1_5_comp1,P_1_B_31_1_5_comp1,R_1_B_31_1_5,TCDB,TCDB.1_B_31_1_5_comp1
G_1_B_14_17_4_comp1,P_1_B_14_17_4_comp1,R_1_B_14_17_4,TCDB,TCDB.1_B_14_17_4_comp1
G_9_B_145_1_2_comp1,P_9_B_145_1_2_comp1,R_9_B_145_1_2,TCDB,TCDB.9_B_145_1_2_comp1
G_9_B_97_5_2_comp1,P_9_B_97_5_2_comp1,R_9_B_97_5_2,TCDB,TCDB.9_B_97_5_2_comp1
G_1_B_25_2_1_comp1,P_1_B_25_2_1_comp1,R_1_B_25_2_1,TCDB,TCDB.1_B_25_2_1_comp1
G_1_B_66_2_1_comp1,P_1_B_66_2_1_comp1,R_1_B_66_2_1,TCDB,TCDB.1_B_66_2_1_comp1
G_1_B_62_1_9_comp1,P_1_B_62_1_9_comp1,R_1_B_62_1_9,TCDB,TCDB.1_B_62_1_9_comp1
G_9_B_67_1_4_comp1,P_9_B_67_1_4_comp1,R_9_B_67_1_4,TCDB,TCDB.9_B_67_1_4_comp1
G_2_A_28_3_5_comp1,P_2_A_28_3_5_comp1,R_2_A_28_3_5,TCDB,TCDB.2_A_28_3_5_comp1
G_9_B_116_3_2_comp1,P_9_B_116_3_2_comp1,R_9_B_116_3_2,TCDB,TCDB.9_B_116_3_2_comp1
G_1_C_96_2_1_comp1,P_1_C_96_2_1_comp1,R_1_C_96_2_1,TCDB,TCDB.1_C_96_2_1_comp1
G_2_A_1_80_2_comp1,P_2_A_1_80_2_comp1,R_2_A_1_80_2,TCDB,TCDB.2_A_1_80_2_comp1
G_1_C_39_8_1_comp1,P_1_C_39_8_1_comp1,R_1_C_39_8_1,TCDB,TCDB.1_C_39_8_1_comp1
G_8_A_95_3_1_comp1,P_8_A_95_3_1_comp1,R_8_A_95_3_1,TCDB,TCDB.8_A_95_3_1_comp1
G_1_B_80_1_2_comp1,P_1_B_80_1_2_comp1,R_1_B_80_1_2,TCDB,TCDB.1_B_80_1_2_comp1
G_9_B_227_1_6_comp1,P_9_B_227_1_6_comp1,R_9_B_227_1_6,TCDB,TCDB.9_B_227_1_6_comp1
G_1_C_12_2_1_comp1,P_1_C_12_2_1_comp1,R_1_C_12_2_1,TCDB,TCDB.1_C_12_2_1_comp1
G_1_B_23_4_2_comp1,P_1_B_23_4_2_comp1,R_1_B_23_4_2,TCDB,TCDB.1_B_23_4_2_comp1
G_9_B_223_1_4_comp1,P_9_B_223_1_4_comp1,R_9_B_223_1_4,TCDB,TCDB.9_B_223_1_4_comp1
G_3_A_10_1_10_comp1,P_3_A_10_1_10_comp1,R_3_A_10_1_10,TCDB,TCDB.3_A_10_1_10_comp1
G_9_B_304_1_11_comp1,P_9_B_304_1_11_comp1,R_9_B_304_1_11,TCDB,TCDB.9_B_304_1_11_comp1
G_1_B_48_2_6_comp1,P_1_B_48_2_6_comp1,R_1_B_48_2_6,TCDB,TCDB.1_B_48_2_6_comp1
G_1_B_48_2_1_comp1,P_1_B_48_2_1_comp1,R_1_B_48_2_1,TCDB,TCDB.1_B_48_2_1_comp1
G_2_A_81_2_2_comp1,P_2_A_81_2_2_comp1,R_2_A_81_2_2,TCDB,TCDB.2_A_81_2_2_comp1
G_3_A_1_158_3_comp1,P_3_A_1_158_3_comp1+3_A_1_158_3_comp2+3_A_1_158_3_comp3,R_3_A_1_158_3,TCDB,TCDB.3_A_1_158_3_comp1
G_3_A_1_158_3_comp2,P_3_A_1_158_3_comp1+3_A_1_158_3_comp2+3_A_1_158_3_comp3,R_3_A_1_158_3,TCDB,TCDB.3_A_1_158_3_comp2
G_3_A_1_158_3_comp3,P_3_A_1_158_3_comp1+3_A_1_158_3_comp2+3_A_1_158_3_comp3,R_3_A_1_158_3,TCDB,TCDB.3_A_1_158_3_comp3
G_3_A_1_2_26_comp1,P_3_A_1_2_26_comp1+3_A_1_2_26_comp2+3_A_1_2_26_comp3,R_3_A_1_2_26,TCDB,TCDB.3_A_1_2_26_comp1
G_3_A_1_2_26_comp2,P_3_A_1_2_26_comp1+3_A_1_2_26_comp2+3_A_1_2_26_comp3,R_3_A_1_2_26,TCDB,TCDB.3_A_1_2_26_comp2
G_3_A_1_2_26_comp3,P_3_A_1_2_26_comp1+3_A_1_2_26_comp2+3_A_1_2_26_comp3,R_3_A_1_2_26,TCDB,TCDB.3_A_1_2_26_comp3
G_9_B_117_1_3_comp1,P_9_B_117_1_3_comp1,R_9_B_117_1_3,TCDB,TCDB.9_B_117_1_3_comp1
G_1_E_26_1_9_comp1,P_1_E_26_1_9_comp1,R_1_E_26_1_9,TCDB,TCDB.1_E_26_1_9_comp1
G_1_C_21_1_9_comp1,P_1_C_21_1_9_comp1,R_1_C_21_1_9,TCDB,TCDB.1_C_21_1_9_comp1
G_3_A_1_124_4_comp1,P_3_A_1_124_4_comp1+3_A_1_124_4_comp2+3_A_1_124_4_comp3,R_3_A_1_124_4,TCDB,TCDB.3_A_1_124_4_comp1
G_3_A_1_124_4_comp2,P_3_A_1_124_4_comp1+3_A_1_124_4_comp2+3_A_1_124_4_comp3,R_3_A_1_124_4,TCDB,TCDB.3_A_1_124_4_comp2
G_3_A_1_124_4_comp3,P_3_A_1_124_4_comp1+3_A_1_124_4_comp2+3_A_1_124_4_comp3,R_3_A_1_124_4,TCDB,TCDB.3_A_1_124_4_comp3
G_9_B_183_1_2_comp1,P_9_B_183_1_2_comp1,R_9_B_183_1_2,TCDB,TCDB.9_B_183_1_2_comp1
G_8_A_118_1_1_comp1,P_8_A_118_1_1_comp1,R_8_A_118_1_1,TCDB,TCDB.8_A_118_1_1_comp1
G_2_A_39_3_10_comp1,P_2_A_39_3_10_comp1,R_2_A_39_3_10,TCDB,TCDB.2_A_39_3_10_comp1
G_1_E_26_2_5_comp1,P_1_E_26_2_5_comp1,R_1_E_26_2_5,TCDB,TCDB.1_E_26_2_5_comp1
G_8_A_113_1_3_comp1,P_8_A_113_1_3_comp1,R_8_A_113_1_3,TCDB,TCDB.8_A_113_1_3_comp1
G_9_B_92_1_2_comp1,P_9_B_92_1_2_comp1,R_9_B_92_1_2,TCDB,TCDB.9_B_92_1_2_comp1
G_1_N_2_1_7_comp1,P_1_N_2_1_7_comp1,R_1_N_2_1_7,TCDB,TCDB.1_N_2_1_7_comp1
G_1_I_1_1_3_comp1,P_1_I_1_1_3_comp1+1_I_1_1_3_comp2+1_I_1_1_3_comp3+1_I_1_1_3_comp4+1_I_1_1_3_comp5+1_I_1_1_3_comp6+1_I_1_1_3_comp7+1_I_1_1_3_comp8+1_I_1_1_3_comp9+1_I_1_1_3_comp10+1_I_1_1_3_comp11+1_I_1_1_3_comp12+1_I_1_1_3_comp13+1_I_1_1_3_comp14+1_I_1_1_3_comp15+1_I_1_1_3_comp16+1_I_1_1_3_comp17+1_I_1_1_3_comp18+1_I_1_1_3_comp19+1_I_1_1_3_comp20+1_I_1_1_3_comp21+1_I_1_1_3_comp22+1_I_1_1_3_comp23+1_I_1_1_3_comp24+1_I_1_1_3_comp25+1_I_1_1_3_comp26+1_I_1_1_3_comp27+1_I_1_1_3_comp28+1_I_1_1_3_comp29+1_I_1_1_3_comp30+1_I_1_1_3_comp31+1_I_1_1_3_comp32+1_I_1_1_3_comp33+1_I_1_1_3_comp34+1_I_1_1_3_comp35+1_I_1_1_3_comp36+1_I_1_1_3_comp37+1_I_1_1_3_comp38+1_I_1_1_3_comp39+1_I_1_1_3_comp40+1_I_1_1_3_comp41+1_I_1_1_3_comp42+1_I_1_1_3_comp43+1_I_1_1_3_comp44+1_I_1_1_3_comp45+1_I_1_1_3_comp46+1_I_1_1_3_comp47+1_I_1_1_3_comp48+1_I_1_1_3_comp49+1_I_1_1_3_comp50+1_I_1_1_3_comp51+1_I_1_1_3_comp52+1_I_1_1_3_comp53+1_I_1_1_3_comp54+1_I_1_1_3_comp55+1_I_1_1_3_comp56+1_I_1_1_3_comp57+1_I_1_1_3_comp58+1_I_1_1_3_comp59+1_I_1_1_3_comp60+1_I_1_1_3_comp61+1_I_1_1_3_comp62+1_I_1_1_3_comp63+1_I_1_1_3_comp64+1_I_1_1_3_comp65+1_I_1_1_3_comp66+1_I_1_1_3_comp67+1_I_1_1_3_comp68+1_I_1_1_3_comp69+1_I_1_1_3_comp70+1_I_1_1_3_comp71+1_I_1_1_3_comp72+1_I_1_1_3_comp73+1_I_1_1_3_comp74+1_I_1_1_3_comp75+1_I_1_1_3_comp76+1_I_1_1_3_comp77+1_I_1_1_3_comp78+1_I_1_1_3_comp79+1_I_1_1_3_comp80+1_I_1_1_3_comp81+1_I_1_1_3_comp82+1_I_1_1_3_comp83+1_I_1_1_3_comp84+1_I_1_1_3_comp85+1_I_1_1_3_comp86+1_I_1_1_3_comp87+1_I_1_1_3_comp88+1_I_1_1_3_comp89,R_1_I_1_1_3,TCDB,TCDB.1_I_1_1_3_comp1
G_1_I_1_1_3_comp2,P_1_I_1_1_3_comp1+1_I_1_1_3_comp2+1_I_1_1_3_comp3+1_I_1_1_3_comp4+1_I_1_1_3_comp5+1_I_1_1_3_comp6+1_I_1_1_3_comp7+1_I_1_1_3_comp8+1_I_1_1_3_comp9+1_I_1_1_3_comp10+1_I_1_1_3_comp11+1_I_1_1_3_comp12+1_I_1_1_3_comp13+1_I_1_1_3_comp14+1_I_1_1_3_comp15+1_I_1_1_3_comp16+1_I_1_1_3_comp17+1_I_1_1_3_comp18+1_I_1_1_3_comp19+1_I_1_1_3_comp20+1_I_1_1_3_comp21+1_I_1_1_3_comp22+1_I_1_1_3_comp23+1_I_1_1_3_comp24+1_I_1_1_3_comp25+1_I_1_1_3_comp26+1_I_1_1_3_comp27+1_I_1_1_3_comp28+1_I_1_1_3_comp29+1_I_1_1_3_comp30+1_I_1_1_3_comp31+1_I_1_1_3_comp32+1_I_1_1_3_comp33+1_I_1_1_3_comp34+1_I_1_1_3_comp35+1_I_1_1_3_comp36+1_I_1_1_3_comp37+1_I_1_1_3_comp38+1_I_1_1_3_comp39+1_I_1_1_3_comp40+1_I_1_1_3_comp41+1_I_1_1_3_comp42+1_I_1_1_3_comp43+1_I_1_1_3_comp44+1_I_1_1_3_comp45+1_I_1_1_3_comp46+1_I_1_1_3_comp47+1_I_1_1_3_comp48+1_I_1_1_3_comp49+1_I_1_1_3_comp50+1_I_1_1_3_comp51+1_I_1_1_3_comp52+1_I_1_1_3_comp53+1_I_1_1_3_comp54+1_I_1_1_3_comp55+1_I_1_1_3_comp56+1_I_1_1_3_comp57+1_I_1_1_3_comp58+1_I_1_1_3_comp59+1_I_1_1_3_comp60+1_I_1_1_3_comp61+1_I_1_1_3_comp62+1_I_1_1_3_comp63+1_I_1_1_3_comp64+1_I_1_1_3_comp65+1_I_1_1_3_comp66+1_I_1_1_3_comp67+1_I_1_1_3_comp68+1_I_1_1_3_comp69+1_I_1_1_3_comp70+1_I_1_1_3_comp71+1_I_1_1_3_comp72+1_I_1_1_3_comp73+1_I_1_1_3_comp74+1_I_1_1_3_comp75+1_I_1_1_3_comp76+1_I_1_1_3_comp77+1_I_1_1_3_comp78+1_I_1_1_3_comp79+1_I_1_1_3_comp80+1_I_1_1_3_comp81+1_I_1_1_3_comp82+1_I_1_1_3_comp83+1_I_1_1_3_comp84+1_I_1_1_3_comp85+1_I_1_1_3_comp86+1_I_1_1_3_comp87+1_I_1_1_3_comp88+1_I_1_1_3_comp89,R_1_I_1_1_3,TCDB,TCDB.1_I_1_1_3_comp2
G_1_I_1_1_3_comp3,P_1_I_1_1_3_comp1+1_I_1_1_3_comp2+1_I_1_1_3_comp3+1_I_1_1_3_comp4+1_I_1_1_3_comp5+1_I_1_1_3_comp6+1_I_1_1_3_comp7+1_I_1_1_3_comp8+1_I_1_1_3_comp9+1_I_1_1_3_comp10+1_I_1_1_3_comp11+1_I_1_1_3_comp12+1_I_1_1_3_comp13+1_I_1_1_3_comp14+1_I_1_1_3_comp15+1_I_1_1_3_comp16+1_I_1_1_3_comp17+1_I_1_1_3_comp18+1_I_1_1_3_comp19+1_I_1_1_3_comp20+1_I_1_1_3_comp21+1_I_1_1_3_comp22+1_I_1_1_3_comp23+1_I_1_1_3_comp24+1_I_1_1_3_comp25+1_I_1_1_3_comp26+1_I_1_1_3_comp27+1_I_1_1_3_comp28+1_I_1_1_3_comp29+1_I_1_1_3_comp30+1_I_1_1_3_comp31+1_I_1_1_3_comp32+1_I_1_1_3_comp33+1_I_1_1_3_comp34+1_I_1_1_3_comp35+1_I_1_1_3_comp36+1_I_1_1_3_comp37+1_I_1_1_3_comp38+1_I_1_1_3_comp39+1_I_1_1_3_comp40+1_I_1_1_3_comp41+1_I_1_1_3_comp42+1_I_1_1_3_comp43+1_I_1_1_3_comp44+1_I_1_1_3_comp45+1_I_1_1_3_comp46+1_I_1_1_3_comp47+1_I_1_1_3_comp48+1_I_1_1_3_comp49+1_I_1_1_3_comp50+1_I_1_1_3_comp51+1_I_1_1_3_comp52+1_I_1_1_3_comp53+1_I_1_1_3_comp54+1_I_1_1_3_comp55+1_I_1_1_3_comp56+1_I_1_1_3_comp57+1_I_1_1_3_comp58+1_I_1_1_3_comp59+1_I_1_1_3_comp60+1_I_1_1_3_comp61+1_I_1_1_3_comp62+1_I_1_1_3_comp63+1_I_1_1_3_comp64+1_I_1_1_3_comp65+1_I_1_1_3_comp66+1_I_1_1_3_comp67+1_I_1_1_3_comp68+1_I_1_1_3_comp69+1_I_1_1_3_comp70+1_I_1_1_3_comp71+1_I_1_1_3_comp72+1_I_1_1_3_comp73+1_I_1_1_3_comp74+1_I_1_1_3_comp75+1_I_1_1_3_comp76+1_I_1_1_3_comp77+1_I_1_1_3_comp78+1_I_1_1_3_comp79+1_I_1_1_3_comp80+1_I_1_1_3_comp81+1_I_1_1_3_comp82+1_I_1_1_3_comp83+1_I_1_1_3_comp84+1_I_1_1_3_comp85+1_I_1_1_3_comp86+1_I_1_1_3_comp87+1_I_1_1_3_comp88+1_I_1_1_3_comp89,R_1_I_1_1_3,TCDB,TCDB.1_I_1_1_3_comp3
G_1_I_1_1_3_comp4,P_1_I_1_1_3_comp1+1_I_1_1_3_comp2+1_I_1_1_3_comp3+1_I_1_1_3_comp4+1_I_1_1_3_comp5+1_I_1_1_3_comp6+1_I_1_1_3_comp7+1_I_1_1_3_comp8+1_I_1_1_3_comp9+1_I_1_1_3_comp10+1_I_1_1_3_comp11+1_I_1_1_3_comp12+1_I_1_1_3_comp13+1_I_1_1_3_comp14+1_I_1_1_3_comp15+1_I_1_1_3_comp16+1_I_1_1_3_comp17+1_I_1_1_3_comp18+1_I_1_1_3_comp19+1_I_1_1_3_comp20+1_I_1_1_3_comp21+1_I_1_1_3_comp22+1_I_1_1_3_comp23+1_I_1_1_3_comp24+1_I_1_1_3_comp25+1_I_1_1_3_comp26+1_I_1_1_3_comp27+1_I_1_1_3_comp28+1_I_1_1_3_comp29+1_I_1_1_3_comp30+1_I_1_1_3_comp31+1_I_1_1_3_comp32+1_I_1_1_3_comp33+1_I_1_1_3_comp34+1_I_1_1_3_comp35+1_I_1_1_3_comp36+1_I_1_1_3_comp37+1_I_1_1_3_comp38+1_I_1_1_3_comp39+1_I_1_1_3_comp40+1_I_1_1_3_comp41+1_I_1_1_3_comp42+1_I_1_1_3_comp43+1_I_1_1_3_comp44+1_I_1_1_3_comp45+1_I_1_1_3_comp46+1_I_1_1_3_comp47+1_I_1_1_3_comp48+1_I_1_1_3_comp49+1_I_1_1_3_comp50+1_I_1_1_3_comp51+1_I_1_1_3_comp52+1_I_1_1_3_comp53+1_I_1_1_3_comp54+1_I_1_1_3_comp55+1_I_1_1_3_comp56+1_I_1_1_3_comp57+1_I_1_1_3_comp58+1_I_1_1_3_comp59+1_I_1_1_3_comp60+1_I_1_1_3_comp61+1_I_1_1_3_comp62+1_I_1_1_3_comp63+1_I_1_1_3_comp64+1_I_1_1_3_comp65+1_I_1_1_3_comp66+1_I_1_1_3_comp67+1_I_1_1_3_comp68+1_I_1_1_3_comp69+1_I_1_1_3_comp70+1_I_1_1_3_comp71+1_I_1_1_3_comp72+1_I_1_1_3_comp73+1_I_1_1_3_comp74+1_I_1_1_3_comp75+1_I_1_1_3_comp76+1_I_1_1_3_comp77+1_I_1_1_3_comp78+1_I_1_1_3_comp79+1_I_1_1_3_comp80+1_I_1_1_3_comp81+1_I_1_1_3_comp82+1_I_1_1_3_comp83+1_I_1_1_3_comp84+1_I_1_1_3_comp85+1_I_1_1_3_comp86+1_I_1_1_3_comp87+1_I_1_1_3_comp88+1_I_1_1_3_comp89,R_1_I_1_1_3,TCDB,TCDB.1_I_1_1_3_comp4
G_1_I_1_1_3_comp5,P_1_I_1_1_3_comp1+1_I_1_1_3_comp2+1_I_1_1_3_comp3+1_I_1_1_3_comp4+1_I_1_1_3_comp5+1_I_1_1_3_comp6+1_I_1_1_3_comp7+1_I_1_1_3_comp8+1_I_1_1_3_comp9+1_I_1_1_3_comp10+1_I_1_1_3_comp11+1_I_1_1_3_comp12+1_I_1_1_3_comp13+1_I_1_1_3_comp14+1_I_1_1_3_comp15+1_I_1_1_3_comp16+1_I_1_1_3_comp17+1_I_1_1_3_comp18+1_I_1_1_3_comp19+1_I_1_1_3_comp20+1_I_1_1_3_comp21+1_I_1_1_3_comp22+1_I_1_1_3_comp23+1_I_1_1_3_comp24+1_I_1_1_3_comp25+1_I_1_1_3_comp26+1_I_1_1_3_comp27+1_I_1_1_3_comp28+1_I_1_1_3_comp29+1_I_1_1_3_comp30+1_I_1_1_3_comp31+1_I_1_1_3_comp32+1_I_1_1_3_comp33+1_I_1_1_3_comp34+1_I_1_1_3_comp35+1_I_1_1_3_comp36+1_I_1_1_3_comp37+1_I_1_1_3_comp38+1_I_1_1_3_comp39+1_I_1_1_3_comp40+1_I_1_1_3_comp41+1_I_1_1_3_comp42+1_I_1_1_3_comp43+1_I_1_1_3_comp44+1_I_1_1_3_comp45+1_I_1_1_3_comp46+1_I_1_1_3_comp47+1_I_1_1_3_comp48+1_I_1_1_3_comp49+1_I_1_1_3_comp50+1_I_1_1_3_comp51+1_I_1_1_3_comp52+1_I_1_1_3_comp53+1_I_1_1_3_comp54+1_I_1_1_3_comp55+1_I_1_1_3_comp56+1_I_1_1_3_comp57+1_I_1_1_3_comp58+1_I_1_1_3_comp59+1_I_1_1_3_comp60+1_I_1_1_3_comp61+1_I_1_1_3_comp62+1_I_1_1_3_comp63+1_I_1_1_3_comp64+1_I_1_1_3_comp65+1_I_1_1_3_comp66+1_I_1_1_3_comp67+1_I_1_1_3_comp68+1_I_1_1_3_comp69+1_I_1_1_3_comp70+1_I_1_1_3_comp71+1_I_1_1_3_comp72+1_I_1_1_3_comp73+1_I_1_1_3_comp74+1_I_1_1_3_comp75+1_I_1_1_3_comp76+1_I_1_1_3_comp77+1_I_1_1_3_comp78+1_I_1_1_3_comp79+1_I_1_1_3_comp80+1_I_1_1_3_comp81+1_I_1_1_3_comp82+1_I_1_1_3_comp83+1_I_1_1_3_comp84+1_I_1_1_3_comp85+1_I_1_1_3_comp86+1_I_1_1_3_comp87+1_I_1_1_3_comp88+1_I_1_1_3_comp89,R_1_I_1_1_3,TCDB,TCDB.1_I_1_1_3_comp5
G_1_I_1_1_3_comp6,P_1_I_1_1_3_comp1+1_I_1_1_3_comp2+1_I_1_1_3_comp3+1_I_1_1_3_comp4+1_I_1_1_3_comp5+1_I_1_1_3_comp6+1_I_1_1_3_comp7+1_I_1_1_3_comp8+1_I_1_1_3_comp9+1_I_1_1_3_comp10+1_I_1_1_3_comp11+1_I_1_1_3_comp12+1_I_1_1_3_comp13+1_I_1_1_3_comp14+1_I_1_1_3_comp15+1_I_1_1_3_comp16+1_I_1_1_3_comp17+1_I_1_1_3_comp18+1_I_1_1_3_comp19+1_I_1_1_3_comp20+1_I_1_1_3_comp21+1_I_1_1_3_comp22+1_I_1_1_3_comp23+1_I_1_1_3_comp24+1_I_1_1_3_comp25+1_I_1_1_3_comp26+1_I_1_1_3_comp27+1_I_1_1_3_comp28+1_I_1_1_3_comp29+1_I_1_1_3_comp30+1_I_1_1_3_comp31+1_I_1_1_3_comp32+1_I_1_1_3_comp33+1_I_1_1_3_comp34+1_I_1_1_3_comp35+1_I_1_1_3_comp36+1_I_1_1_3_comp37+1_I_1_1_3_comp38+1_I_1_1_3_comp39+1_I_1_1_3_comp40+1_I_1_1_3_comp41+1_I_1_1_3_comp42+1_I_1_1_3_comp43+1_I_1_1_3_comp44+1_I_1_1_3_comp45+1_I_1_1_3_comp46+1_I_1_1_3_comp47+1_I_1_1_3_comp48+1_I_1_1_3_comp49+1_I_1_1_3_comp50+1_I_1_1_3_comp51+1_I_1_1_3_comp52+1_I_1_1_3_comp53+1_I_1_1_3_comp54+1_I_1_1_3_comp55+1_I_1_1_3_comp56+1_I_1_1_3_comp57+1_I_1_1_3_comp58+1_I_1_1_3_comp59+1_I_1_1_3_comp60+1_I_1_1_3_comp61+1_I_1_1_3_comp62+1_I_1_1_3_comp63+1_I_1_1_3_comp64+1_I_1_1_3_comp65+1_I_1_1_3_comp66+1_I_1_1_3_comp67+1_I_1_1_3_comp68+1_I_1_1_3_comp69+1_I_1_1_3_comp70+1_I_1_1_3_comp71+1_I_1_1_3_comp72+1_I_1_1_3_comp73+1_I_1_1_3_comp74+1_I_1_1_3_comp75+1_I_1_1_3_comp76+1_I_1_1_3_comp77+1_I_1_1_3_comp78+1_I_1_1_3_comp79+1_I_1_1_3_comp80+1_I_1_1_3_comp81+1_I_1_1_3_comp82+1_I_1_1_3_comp83+1_I_1_1_3_comp84+1_I_1_1_3_comp85+1_I_1_1_3_comp86+1_I_1_1_3_comp87+1_I_1_1_3_comp88+1_I_1_1_3_comp89,R_1_I_1_1_3,TCDB,TCDB.1_I_1_1_3_comp6
G_1_I_1_1_3_comp7,P_1_I_1_1_3_comp1+1_I_1_1_3_comp2+1_I_1_1_3_comp3+1_I_1_1_3_comp4+1_I_1_1_3_comp5+1_I_1_1_3_comp6+1_I_1_1_3_comp7+1_I_1_1_3_comp8+1_I_1_1_3_comp9+1_I_1_1_3_comp10+1_I_1_1_3_comp11+1_I_1_1_3_comp12+1_I_1_1_3_comp13+1_I_1_1_3_comp14+1_I_1_1_3_comp15+1_I_1_1_3_comp16+1_I_1_1_3_comp17+1_I_1_1_3_comp18+1_I_1_1_3_comp19+1_I_1_1_3_comp20+1_I_1_1_3_comp21+1_I_1_1_3_comp22+1_I_1_1_3_comp23+1_I_1_1_3_comp24+1_I_1_1_3_comp25+1_I_1_1_3_comp26+1_I_1_1_3_comp27+1_I_1_1_3_comp28+1_I_1_1_3_comp29+1_I_1_1_3_comp30+1_I_1_1_3_comp31+1_I_1_1_3_comp32+1_I_1_1_3_comp33+1_I_1_1_3_comp34+1_I_1_1_3_comp35+1_I_1_1_3_comp36+1_I_1_1_3_comp37+1_I_1_1_3_comp38+1_I_1_1_3_comp39+1_I_1_1_3_comp40+1_I_1_1_3_comp41+1_I_1_1_3_comp42+1_I_1_1_3_comp43+1_I_1_1_3_comp44+1_I_1_1_3_comp45+1_I_1_1_3_comp46+1_I_1_1_3_comp47+1_I_1_1_3_comp48+1_I_1_1_3_comp49+1_I_1_1_3_comp50+1_I_1_1_3_comp51+1_I_1_1_3_comp52+1_I_1_1_3_comp53+1_I_1_1_3_comp54+1_I_1_1_3_comp55+1_I_1_1_3_comp56+1_I_1_1_3_comp57+1_I_1_1_3_comp58+1_I_1_1_3_comp59+1_I_1_1_3_comp60+1_I_1_1_3_comp61+1_I_1_1_3_comp62+1_I_1_1_3_comp63+1_I_1_1_3_comp64+1_I_1_1_3_comp65+1_I_1_1_3_comp66+1_I_1_1_3_comp67+1_I_1_1_3_comp68+1_I_1_1_3_comp69+1_I_1_1_3_comp70+1_I_1_1_3_comp71+1_I_1_1_3_comp72+1_I_1_1_3_comp73+1_I_1_1_3_comp74+1_I_1_1_3_comp75+1_I_1_1_3_comp76+1_I_1_1_3_comp77+1_I_1_1_3_comp78+1_I_1_1_3_comp79+1_I_1_1_3_comp80+1_I_1_1_3_comp81+1_I_1_1_3_comp82+1_I_1_1_3_comp83+1_I_1_1_3_comp84+1_I_1_1_3_comp85+1_I_1_1_3_comp86+1_I_1_1_3_comp87+1_I_1_1_3_comp88+1_I_1_1_3_comp89,R_1_I_1_1_3,TCDB,TCDB.1_I_1_1_3_comp7
G_1_I_1_1_3_comp8,P_1_I_1_1_3_comp1+1_I_1_1_3_comp2+1_I_1_1_3_comp3+1_I_1_1_3_comp4+1_I_1_1_3_comp5+1_I_1_1_3_comp6+1_I_1_1_3_comp7+1_I_1_1_3_comp8+1_I_1_1_3_comp9+1_I_1_1_3_comp10+1_I_1_1_3_comp11+1_I_1_1_3_comp12+1_I_1_1_3_comp13+1_I_1_1_3_comp14+1_I_1_1_3_comp15+1_I_1_1_3_comp16+1_I_1_1_3_comp17+1_I_1_1_3_comp18+1_I_1_1_3_comp19+1_I_1_1_3_comp20+1_I_1_1_3_comp21+1_I_1_1_3_comp22+1_I_1_1_3_comp23+1_I_1_1_3_comp24+1_I_1_1_3_comp25+1_I_1_1_3_comp26+1_I_1_1_3_comp27+1_I_1_1_3_comp28+1_I_1_1_3_comp29+1_I_1_1_3_comp30+1_I_1_1_3_comp31+1_I_1_1_3_comp32+1_I_1_1_3_comp33+1_I_1_1_3_comp34+1_I_1_1_3_comp35+1_I_1_1_3_comp36+1_I_1_1_3_comp37+1_I_1_1_3_comp38+1_I_1_1_3_comp39+1_I_1_1_3_comp40+1_I_1_1_3_comp41+1_I_1_1_3_comp42+1_I_1_1_3_comp43+1_I_1_1_3_comp44+1_I_1_1_3_comp45+1_I_1_1_3_comp46+1_I_1_1_3_comp47+1_I_1_1_3_comp48+1_I_1_1_3_comp49+1_I_1_1_3_comp50+1_I_1_1_3_comp51+1_I_1_1_3_comp52+1_I_1_1_3_comp53+1_I_1_1_3_comp54+1_I_1_1_3_comp55+1_I_1_1_3_comp56+1_I_1_1_3_comp57+1_I_1_1_3_comp58+1_I_1_1_3_comp59+1_I_1_1_3_comp60+1_I_1_1_3_comp61+1_I_1_1_3_comp62+1_I_1_1_3_comp63+1_I_1_1_3_comp64+1_I_1_1_3_comp65+1_I_1_1_3_comp66+1_I_1_1_3_comp67+1_I_1_1_3_comp68+1_I_1_1_3_comp69+1_I_1_1_3_comp70+1_I_1_1_3_comp71+1_I_1_1_3_comp72+1_I_1_1_3_comp73+1_I_1_1_3_comp74+1_I_1_1_3_comp75+1_I_1_1_3_comp76+1_I_1_1_3_comp77+1_I_1_1_3_comp78+1_I_1_1_3_comp79+1_I_1_1_3_comp80+1_I_1_1_3_comp81+1_I_1_1_3_comp82+1_I_1_1_3_comp83+1_I_1_1_3_comp84+1_I_1_1_3_comp85+1_I_1_1_3_comp86+1_I_1_1_3_comp87+1_I_1_1_3_comp88+1_I_1_1_3_comp89,R_1_I_1_1_3,TCDB,TCDB.1_I_1_1_3_comp8
G_1_I_1_1_3_comp9,P_1_I_1_1_3_comp1+1_I_1_1_3_comp2+1_I_1_1_3_comp3+1_I_1_1_3_comp4+1_I_1_1_3_comp5+1_I_1_1_3_comp6+1_I_1_1_3_comp7+1_I_1_1_3_comp8+1_I_1_1_3_comp9+1_I_1_1_3_comp10+1_I_1_1_3_comp11+1_I_1_1_3_comp12+1_I_1_1_3_comp13+1_I_1_1_3_comp14+1_I_1_1_3_comp15+1_I_1_1_3_comp16+1_I_1_1_3_comp17+1_I_1_1_3_comp18+1_I_1_1_3_comp19+1_I_1_1_3_comp20+1_I_1_1_3_comp21+1_I_1_1_3_comp22+1_I_1_1_3_comp23+1_I_1_1_3_comp24+1_I_1_1_3_comp25+1_I_1_1_3_comp26+1_I_1_1_3_comp27+1_I_1_1_3_comp28+1_I_1_1_3_comp29+1_I_1_1_3_comp30+1_I_1_1_3_comp31+1_I_1_1_3_comp32+1_I_1_1_3_comp33+1_I_1_1_3_comp34+1_I_1_1_3_comp35+1_I_1_1_3_comp36+1_I_1_1_3_comp37+1_I_1_1_3_comp38+1_I_1_1_3_comp39+1_I_1_1_3_comp40+1_I_1_1_3_comp41+1_I_1_1_3_comp42+1_I_1_1_3_comp43+1_I_1_1_3_comp44+1_I_1_1_3_comp45+1_I_1_1_3_comp46+1_I_1_1_3_comp47+1_I_1_1_3_comp48+1_I_1_1_3_comp49+1_I_1_1_3_comp50+1_I_1_1_3_comp51+1_I_1_1_3_comp52+1_I_1_1_3_comp53+1_I_1_1_3_comp54+1_I_1_1_3_comp55+1_I_1_1_3_comp56+1_I_1_1_3_comp57+1_I_1_1_3_comp58+1_I_1_1_3_comp59+1_I_1_1_3_comp60+1_I_1_1_3_comp61+1_I_1_1_3_comp62+1_I_1_1_3_comp63+1_I_1_1_3_comp64+1_I_1_1_3_comp65+1_I_1_1_3_comp66+1_I_1_1_3_comp67+1_I_1_1_3_comp68+1_I_1_1_3_comp69+1_I_1_1_3_comp70+1_I_1_1_3_comp71+1_I_1_1_3_comp72+1_I_1_1_3_comp73+1_I_1_1_3_comp74+1_I_1_1_3_comp75+1_I_1_1_3_comp76+1_I_1_1_3_comp77+1_I_1_1_3_comp78+1_I_1_1_3_comp79+1_I_1_1_3_comp80+1_I_1_1_3_comp81+1_I_1_1_3_comp82+1_I_1_1_3_comp83+1_I_1_1_3_comp84+1_I_1_1_3_comp85+1_I_1_1_3_comp86+1_I_1_1_3_comp87+1_I_1_1_3_comp88+1_I_1_1_3_comp89,R_1_I_1_1_3,TCDB,TCDB.1_I_1_1_3_comp9
G_1_I_1_1_3_comp10,P_1_I_1_1_3_comp1+1_I_1_1_3_comp2+1_I_1_1_3_comp3+1_I_1_1_3_comp4+1_I_1_1_3_comp5+1_I_1_1_3_comp6+1_I_1_1_3_comp7+1_I_1_1_3_comp8+1_I_1_1_3_comp9+1_I_1_1_3_comp10+1_I_1_1_3_comp11+1_I_1_1_3_comp12+1_I_1_1_3_comp13+1_I_1_1_3_comp14+1_I_1_1_3_comp15+1_I_1_1_3_comp16+1_I_1_1_3_comp17+1_I_1_1_3_comp18+1_I_1_1_3_comp19+1_I_1_1_3_comp20+1_I_1_1_3_comp21+1_I_1_1_3_comp22+1_I_1_1_3_comp23+1_I_1_1_3_comp24+1_I_1_1_3_comp25+1_I_1_1_3_comp26+1_I_1_1_3_comp27+1_I_1_1_3_comp28+1_I_1_1_3_comp29+1_I_1_1_3_comp30+1_I_1_1_3_comp31+1_I_1_1_3_comp32+1_I_1_1_3_comp33+1_I_1_1_3_comp34+1_I_1_1_3_comp35+1_I_1_1_3_comp36+1_I_1_1_3_comp37+1_I_1_1_3_comp38+1_I_1_1_3_comp39+1_I_1_1_3_comp40+1_I_1_1_3_comp41+1_I_1_1_3_comp42+1_I_1_1_3_comp43+1_I_1_1_3_comp44+1_I_1_1_3_comp45+1_I_1_1_3_comp46+1_I_1_1_3_comp47+1_I_1_1_3_comp48+1_I_1_1_3_comp49+1_I_1_1_3_comp50+1_I_1_1_3_comp51+1_I_1_1_3_comp52+1_I_1_1_3_comp53+1_I_1_1_3_comp54+1_I_1_1_3_comp55+1_I_1_1_3_comp56+1_I_1_1_3_comp57+1_I_1_1_3_comp58+1_I_1_1_3_comp59+1_I_1_1_3_comp60+1_I_1_1_3_comp61+1_I_1_1_3_comp62+1_I_1_1_3_comp63+1_I_1_1_3_comp64+1_I_1_1_3_comp65+1_I_1_1_3_comp66+1_I_1_1_3_comp67+1_I_1_1_3_comp68+1_I_1_1_3_comp69+1_I_1_1_3_comp70+1_I_1_1_3_comp71+1_I_1_1_3_comp72+1_I_1_1_3_comp73+1_I_1_1_3_comp74+1_I_1_1_3_comp75+1_I_1_1_3_comp76+1_I_1_1_3_comp77+1_I_1_1_3_comp78+1_I_1_1_3_comp79+1_I_1_1_3_comp80+1_I_1_1_3_comp81+1_I_1_1_3_comp82+1_I_1_1_3_comp83+1_I_1_1_3_comp84+1_I_1_1_3_comp85+1_I_1_1_3_comp86+1_I_1_1_3_comp87+1_I_1_1_3_comp88+1_I_1_1_3_comp89,R_1_I_1_1_3,TCDB,TCDB.1_I_1_1_3_comp10
G_1_I_1_1_3_comp11,P_1_I_1_1_3_comp1+1_I_1_1_3_comp2+1_I_1_1_3_comp3+1_I_1_1_3_comp4+1_I_1_1_3_comp5+1_I_1_1_3_comp6+1_I_1_1_3_comp7+1_I_1_1_3_comp8+1_I_1_1_3_comp9+1_I_1_1_3_comp10+1_I_1_1_3_comp11+1_I_1_1_3_comp12+1_I_1_1_3_comp13+1_I_1_1_3_comp14+1_I_1_1_3_comp15+1_I_1_1_3_comp16+1_I_1_1_3_comp17+1_I_1_1_3_comp18+1_I_1_1_3_comp19+1_I_1_1_3_comp20+1_I_1_1_3_comp21+1_I_1_1_3_comp22+1_I_1_1_3_comp23+1_I_1_1_3_comp24+1_I_1_1_3_comp25+1_I_1_1_3_comp26+1_I_1_1_3_comp27+1_I_1_1_3_comp28+1_I_1_1_3_comp29+1_I_1_1_3_comp30+1_I_1_1_3_comp31+1_I_1_1_3_comp32+1_I_1_1_3_comp33+1_I_1_1_3_comp34+1_I_1_1_3_comp35+1_I_1_1_3_comp36+1_I_1_1_3_comp37+1_I_1_1_3_comp38+1_I_1_1_3_comp39+1_I_1_1_3_comp40+1_I_1_1_3_comp41+1_I_1_1_3_comp42+1_I_1_1_3_comp43+1_I_1_1_3_comp44+1_I_1_1_3_comp45+1_I_1_1_3_comp46+1_I_1_1_3_comp47+1_I_1_1_3_comp48+1_I_1_1_3_comp49+1_I_1_1_3_comp50+1_I_1_1_3_comp51+1_I_1_1_3_comp52+1_I_1_1_3_comp53+1_I_1_1_3_comp54+1_I_1_1_3_comp55+1_I_1_1_3_comp56+1_I_1_1_3_comp57+1_I_1_1_3_comp58+1_I_1_1_3_comp59+1_I_1_1_3_comp60+1_I_1_1_3_comp61+1_I_1_1_3_comp62+1_I_1_1_3_comp63+1_I_1_1_3_comp64+1_I_1_1_3_comp65+1_I_1_1_3_comp66+1_I_1_1_3_comp67+1_I_1_1_3_comp68+1_I_1_1_3_comp69+1_I_1_1_3_comp70+1_I_1_1_3_comp71+1_I_1_1_3_comp72+1_I_1_1_3_comp73+1_I_1_1_3_comp74+1_I_1_1_3_comp75+1_I_1_1_3_comp76+1_I_1_1_3_comp77+1_I_1_1_3_comp78+1_I_1_1_3_comp79+1_I_1_1_3_comp80+1_I_1_1_3_comp81+1_I_1_1_3_comp82+1_I_1_1_3_comp83+1_I_1_1_3_comp84+1_I_1_1_3_comp85+1_I_1_1_3_comp86+1_I_1_1_3_comp87+1_I_1_1_3_comp88+1_I_1_1_3_comp89,R_1_I_1_1_3,TCDB,TCDB.1_I_1_1_3_comp11
G_1_I_1_1_3_comp12,P_1_I_1_1_3_comp1+1_I_1_1_3_comp2+1_I_1_1_3_comp3+1_I_1_1_3_comp4+1_I_1_1_3_comp5+1_I_1_1_3_comp6+1_I_1_1_3_comp7+1_I_1_1_3_comp8+1_I_1_1_3_comp9+1_I_1_1_3_comp10+1_I_1_1_3_comp11+1_I_1_1_3_comp12+1_I_1_1_3_comp13+1_I_1_1_3_comp14+1_I_1_1_3_comp15+1_I_1_1_3_comp16+1_I_1_1_3_comp17+1_I_1_1_3_comp18+1_I_1_1_3_comp19+1_I_1_1_3_comp20+1_I_1_1_3_comp21+1_I_1_1_3_comp22+1_I_1_1_3_comp23+1_I_1_1_3_comp24+1_I_1_1_3_comp25+1_I_1_1_3_comp26+1_I_1_1_3_comp27+1_I_1_1_3_comp28+1_I_1_1_3_comp29+1_I_1_1_3_comp30+1_I_1_1_3_comp31+1_I_1_1_3_comp32+1_I_1_1_3_comp33+1_I_1_1_3_comp34+1_I_1_1_3_comp35+1_I_1_1_3_comp36+1_I_1_1_3_comp37+1_I_1_1_3_comp38+1_I_1_1_3_comp39+1_I_1_1_3_comp40+1_I_1_1_3_comp41+1_I_1_1_3_comp42+1_I_1_1_3_comp43+1_I_1_1_3_comp44+1_I_1_1_3_comp45+1_I_1_1_3_comp46+1_I_1_1_3_comp47+1_I_1_1_3_comp48+1_I_1_1_3_comp49+1_I_1_1_3_comp50+1_I_1_1_3_comp51+1_I_1_1_3_comp52+1_I_1_1_3_comp53+1_I_1_1_3_comp54+1_I_1_1_3_comp55+1_I_1_1_3_comp56+1_I_1_1_3_comp57+1_I_1_1_3_comp58+1_I_1_1_3_comp59+1_I_1_1_3_comp60+1_I_1_1_3_comp61+1_I_1_1_3_comp62+1_I_1_1_3_comp63+1_I_1_1_3_comp64+1_I_1_1_3_comp65+1_I_1_1_3_comp66+1_I_1_1_3_comp67+1_I_1_1_3_comp68+1_I_1_1_3_comp69+1_I_1_1_3_comp70+1_I_1_1_3_comp71+1_I_1_1_3_comp72+1_I_1_1_3_comp73+1_I_1_1_3_comp74+1_I_1_1_3_comp75+1_I_1_1_3_comp76+1_I_1_1_3_comp77+1_I_1_1_3_comp78+1_I_1_1_3_comp79+1_I_1_1_3_comp80+1_I_1_1_3_comp81+1_I_1_1_3_comp82+1_I_1_1_3_comp83+1_I_1_1_3_comp84+1_I_1_1_3_comp85+1_I_1_1_3_comp86+1_I_1_1_3_comp87+1_I_1_1_3_comp88+1_I_1_1_3_comp89,R_1_I_1_1_3,TCDB,TCDB.1_I_1_1_3_comp12
G_1_I_1_1_3_comp13,P_1_I_1_1_3_comp1+1_I_1_1_3_comp2+1_I_1_1_3_comp3+1_I_1_1_3_comp4+1_I_1_1_3_comp5+1_I_1_1_3_comp6+1_I_1_1_3_comp7+1_I_1_1_3_comp8+1_I_1_1_3_comp9+1_I_1_1_3_comp10+1_I_1_1_3_comp11+1_I_1_1_3_comp12+1_I_1_1_3_comp13+1_I_1_1_3_comp14+1_I_1_1_3_comp15+1_I_1_1_3_comp16+1_I_1_1_3_comp17+1_I_1_1_3_comp18+1_I_1_1_3_comp19+1_I_1_1_3_comp20+1_I_1_1_3_comp21+1_I_1_1_3_comp22+1_I_1_1_3_comp23+1_I_1_1_3_comp24+1_I_1_1_3_comp25+1_I_1_1_3_comp26+1_I_1_1_3_comp27+1_I_1_1_3_comp28+1_I_1_1_3_comp29+1_I_1_1_3_comp30+1_I_1_1_3_comp31+1_I_1_1_3_comp32+1_I_1_1_3_comp33+1_I_1_1_3_comp34+1_I_1_1_3_comp35+1_I_1_1_3_comp36+1_I_1_1_3_comp37+1_I_1_1_3_comp38+1_I_1_1_3_comp39+1_I_1_1_3_comp40+1_I_1_1_3_comp41+1_I_1_1_3_comp42+1_I_1_1_3_comp43+1_I_1_1_3_comp44+1_I_1_1_3_comp45+1_I_1_1_3_comp46+1_I_1_1_3_comp47+1_I_1_1_3_comp48+1_I_1_1_3_comp49+1_I_1_1_3_comp50+1_I_1_1_3_comp51+1_I_1_1_3_comp52+1_I_1_1_3_comp53+1_I_1_1_3_comp54+1_I_1_1_3_comp55+1_I_1_1_3_comp56+1_I_1_1_3_comp57+1_I_1_1_3_comp58+1_I_1_1_3_comp59+1_I_1_1_3_comp60+1_I_1_1_3_comp61+1_I_1_1_3_comp62+1_I_1_1_3_comp63+1_I_1_1_3_comp64+1_I_1_1_3_comp65+1_I_1_1_3_comp66+1_I_1_1_3_comp67+1_I_1_1_3_comp68+1_I_1_1_3_comp69+1_I_1_1_3_comp70+1_I_1_1_3_comp71+1_I_1_1_3_comp72+1_I_1_1_3_comp73+1_I_1_1_3_comp74+1_I_1_1_3_comp75+1_I_1_1_3_comp76+1_I_1_1_3_comp77+1_I_1_1_3_comp78+1_I_1_1_3_comp79+1_I_1_1_3_comp80+1_I_1_1_3_comp81+1_I_1_1_3_comp82+1_I_1_1_3_comp83+1_I_1_1_3_comp84+1_I_1_1_3_comp85+1_I_1_1_3_comp86+1_I_1_1_3_comp87+1_I_1_1_3_comp88+1_I_1_1_3_comp89,R_1_I_1_1_3,TCDB,TCDB.1_I_1_1_3_comp13
G_1_I_1_1_3_comp14,P_1_I_1_1_3_comp1+1_I_1_1_3_comp2+1_I_1_1_3_comp3+1_I_1_1_3_comp4+1_I_1_1_3_comp5+1_I_1_1_3_comp6+1_I_1_1_3_comp7+1_I_1_1_3_comp8+1_I_1_1_3_comp9+1_I_1_1_3_comp10+1_I_1_1_3_comp11+1_I_1_1_3_comp12+1_I_1_1_3_comp13+1_I_1_1_3_comp14+1_I_1_1_3_comp15+1_I_1_1_3_comp16+1_I_1_1_3_comp17+1_I_1_1_3_comp18+1_I_1_1_3_comp19+1_I_1_1_3_comp20+1_I_1_1_3_comp21+1_I_1_1_3_comp22+1_I_1_1_3_comp23+1_I_1_1_3_comp24+1_I_1_1_3_comp25+1_I_1_1_3_comp26+1_I_1_1_3_comp27+1_I_1_1_3_comp28+1_I_1_1_3_comp29+1_I_1_1_3_comp30+1_I_1_1_3_comp31+1_I_1_1_3_comp32+1_I_1_1_3_comp33+1_I_1_1_3_comp34+1_I_1_1_3_comp35+1_I_1_1_3_comp36+1_I_1_1_3_comp37+1_I_1_1_3_comp38+1_I_1_1_3_comp39+1_I_1_1_3_comp40+1_I_1_1_3_comp41+1_I_1_1_3_comp42+1_I_1_1_3_comp43+1_I_1_1_3_comp44+1_I_1_1_3_comp45+1_I_1_1_3_comp46+1_I_1_1_3_comp47+1_I_1_1_3_comp48+1_I_1_1_3_comp49+1_I_1_1_3_comp50+1_I_1_1_3_comp51+1_I_1_1_3_comp52+1_I_1_1_3_comp53+1_I_1_1_3_comp54+1_I_1_1_3_comp55+1_I_1_1_3_comp56+1_I_1_1_3_comp57+1_I_1_1_3_comp58+1_I_1_1_3_comp59+1_I_1_1_3_comp60+1_I_1_1_3_comp61+1_I_1_1_3_comp62+1_I_1_1_3_comp63+1_I_1_1_3_comp64+1_I_1_1_3_comp65+1_I_1_1_3_comp66+1_I_1_1_3_comp67+1_I_1_1_3_comp68+1_I_1_1_3_comp69+1_I_1_1_3_comp70+1_I_1_1_3_comp71+1_I_1_1_3_comp72+1_I_1_1_3_comp73+1_I_1_1_3_comp74+1_I_1_1_3_comp75+1_I_1_1_3_comp76+1_I_1_1_3_comp77+1_I_1_1_3_comp78+1_I_1_1_3_comp79+1_I_1_1_3_comp80+1_I_1_1_3_comp81+1_I_1_1_3_comp82+1_I_1_1_3_comp83+1_I_1_1_3_comp84+1_I_1_1_3_comp85+1_I_1_1_3_comp86+1_I_1_1_3_comp87+1_I_1_1_3_comp88+1_I_1_1_3_comp89,R_1_I_1_1_3,TCDB,TCDB.1_I_1_1_3_comp14
G_1_I_1_1_3_comp15,P_1_I_1_1_3_comp1+1_I_1_1_3_comp2+1_I_1_1_3_comp3+1_I_1_1_3_comp4+1_I_1_1_3_comp5+1_I_1_1_3_comp6+1_I_1_1_3_comp7+1_I_1_1_3_comp8+1_I_1_1_3_comp9+1_I_1_1_3_comp10+1_I_1_1_3_comp11+1_I_1_1_3_comp12+1_I_1_1_3_comp13+1_I_1_1_3_comp14+1_I_1_1_3_comp15+1_I_1_1_3_comp16+1_I_1_1_3_comp17+1_I_1_1_3_comp18+1_I_1_1_3_comp19+1_I_1_1_3_comp20+1_I_1_1_3_comp21+1_I_1_1_3_comp22+1_I_1_1_3_comp23+1_I_1_1_3_comp24+1_I_1_1_3_comp25+1_I_1_1_3_comp26+1_I_1_1_3_comp27+1_I_1_1_3_comp28+1_I_1_1_3_comp29+1_I_1_1_3_comp30+1_I_1_1_3_comp31+1_I_1_1_3_comp32+1_I_1_1_3_comp33+1_I_1_1_3_comp34+1_I_1_1_3_comp35+1_I_1_1_3_comp36+1_I_1_1_3_comp37+1_I_1_1_3_comp38+1_I_1_1_3_comp39+1_I_1_1_3_comp40+1_I_1_1_3_comp41+1_I_1_1_3_comp42+1_I_1_1_3_comp43+1_I_1_1_3_comp44+1_I_1_1_3_comp45+1_I_1_1_3_comp46+1_I_1_1_3_comp47+1_I_1_1_3_comp48+1_I_1_1_3_comp49+1_I_1_1_3_comp50+1_I_1_1_3_comp51+1_I_1_1_3_comp52+1_I_1_1_3_comp53+1_I_1_1_3_comp54+1_I_1_1_3_comp55+1_I_1_1_3_comp56+1_I_1_1_3_comp57+1_I_1_1_3_comp58+1_I_1_1_3_comp59+1_I_1_1_3_comp60+1_I_1_1_3_comp61+1_I_1_1_3_comp62+1_I_1_1_3_comp63+1_I_1_1_3_comp64+1_I_1_1_3_comp65+1_I_1_1_3_comp66+1_I_1_1_3_comp67+1_I_1_1_3_comp68+1_I_1_1_3_comp69+1_I_1_1_3_comp70+1_I_1_1_3_comp71+1_I_1_1_3_comp72+1_I_1_1_3_comp73+1_I_1_1_3_comp74+1_I_1_1_3_comp75+1_I_1_1_3_comp76+1_I_1_1_3_comp77+1_I_1_1_3_comp78+1_I_1_1_3_comp79+1_I_1_1_3_comp80+1_I_1_1_3_comp81+1_I_1_1_3_comp82+1_I_1_1_3_comp83+1_I_1_1_3_comp84+1_I_1_1_3_comp85+1_I_1_1_3_comp86+1_I_1_1_3_comp87+1_I_1_1_3_comp88+1_I_1_1_3_comp89,R_1_I_1_1_3,TCDB,TCDB.1_I_1_1_3_comp15
G_1_I_1_1_3_comp16,P_1_I_1_1_3_comp1+1_I_1_1_3_comp2+1_I_1_1_3_comp3+1_I_1_1_3_comp4+1_I_1_1_3_comp5+1_I_1_1_3_comp6+1_I_1_1_3_comp7+1_I_1_1_3_comp8+1_I_1_1_3_comp9+1_I_1_1_3_comp10+1_I_1_1_3_comp11+1_I_1_1_3_comp12+1_I_1_1_3_comp13+1_I_1_1_3_comp14+1_I_1_1_3_comp15+1_I_1_1_3_comp16+1_I_1_1_3_comp17+1_I_1_1_3_comp18+1_I_1_1_3_comp19+1_I_1_1_3_comp20+1_I_1_1_3_comp21+1_I_1_1_3_comp22+1_I_1_1_3_comp23+1_I_1_1_3_comp24+1_I_1_1_3_comp25+1_I_1_1_3_comp26+1_I_1_1_3_comp27+1_I_1_1_3_comp28+1_I_1_1_3_comp29+1_I_1_1_3_comp30+1_I_1_1_3_comp31+1_I_1_1_3_comp32+1_I_1_1_3_comp33+1_I_1_1_3_comp34+1_I_1_1_3_comp35+1_I_1_1_3_comp36+1_I_1_1_3_comp37+1_I_1_1_3_comp38+1_I_1_1_3_comp39+1_I_1_1_3_comp40+1_I_1_1_3_comp41+1_I_1_1_3_comp42+1_I_1_1_3_comp43+1_I_1_1_3_comp44+1_I_1_1_3_comp45+1_I_1_1_3_comp46+1_I_1_1_3_comp47+1_I_1_1_3_comp48+1_I_1_1_3_comp49+1_I_1_1_3_comp50+1_I_1_1_3_comp51+1_I_1_1_3_comp52+1_I_1_1_3_comp53+1_I_1_1_3_comp54+1_I_1_1_3_comp55+1_I_1_1_3_comp56+1_I_1_1_3_comp57+1_I_1_1_3_comp58+1_I_1_1_3_comp59+1_I_1_1_3_comp60+1_I_1_1_3_comp61+1_I_1_1_3_comp62+1_I_1_1_3_comp63+1_I_1_1_3_comp64+1_I_1_1_3_comp65+1_I_1_1_3_comp66+1_I_1_1_3_comp67+1_I_1_1_3_comp68+1_I_1_1_3_comp69+1_I_1_1_3_comp70+1_I_1_1_3_comp71+1_I_1_1_3_comp72+1_I_1_1_3_comp73+1_I_1_1_3_comp74+1_I_1_1_3_comp75+1_I_1_1_3_comp76+1_I_1_1_3_comp77+1_I_1_1_3_comp78+1_I_1_1_3_comp79+1_I_1_1_3_comp80+1_I_1_1_3_comp81+1_I_1_1_3_comp82+1_I_1_1_3_comp83+1_I_1_1_3_comp84+1_I_1_1_3_comp85+1_I_1_1_3_comp86+1_I_1_1_3_comp87+1_I_1_1_3_comp88+1_I_1_1_3_comp89,R_1_I_1_1_3,TCDB,TCDB.1_I_1_1_3_comp16
G_1_I_1_1_3_comp17,P_1_I_1_1_3_comp1+1_I_1_1_3_comp2+1_I_1_1_3_comp3+1_I_1_1_3_comp4+1_I_1_1_3_comp5+1_I_1_1_3_comp6+1_I_1_1_3_comp7+1_I_1_1_3_comp8+1_I_1_1_3_comp9+1_I_1_1_3_comp10+1_I_1_1_3_comp11+1_I_1_1_3_comp12+1_I_1_1_3_comp13+1_I_1_1_3_comp14+1_I_1_1_3_comp15+1_I_1_1_3_comp16+1_I_1_1_3_comp17+1_I_1_1_3_comp18+1_I_1_1_3_comp19+1_I_1_1_3_comp20+1_I_1_1_3_comp21+1_I_1_1_3_comp22+1_I_1_1_3_comp23+1_I_1_1_3_comp24+1_I_1_1_3_comp25+1_I_1_1_3_comp26+1_I_1_1_3_comp27+1_I_1_1_3_comp28+1_I_1_1_3_comp29+1_I_1_1_3_comp30+1_I_1_1_3_comp31+1_I_1_1_3_comp32+1_I_1_1_3_comp33+1_I_1_1_3_comp34+1_I_1_1_3_comp35+1_I_1_1_3_comp36+1_I_1_1_3_comp37+1_I_1_1_3_comp38+1_I_1_1_3_comp39+1_I_1_1_3_comp40+1_I_1_1_3_comp41+1_I_1_1_3_comp42+1_I_1_1_3_comp43+1_I_1_1_3_comp44+1_I_1_1_3_comp45+1_I_1_1_3_comp46+1_I_1_1_3_comp47+1_I_1_1_3_comp48+1_I_1_1_3_comp49+1_I_1_1_3_comp50+1_I_1_1_3_comp51+1_I_1_1_3_comp52+1_I_1_1_3_comp53+1_I_1_1_3_comp54+1_I_1_1_3_comp55+1_I_1_1_3_comp56+1_I_1_1_3_comp57+1_I_1_1_3_comp58+1_I_1_1_3_comp59+1_I_1_1_3_comp60+1_I_1_1_3_comp61+1_I_1_1_3_comp62+1_I_1_1_3_comp63+1_I_1_1_3_comp64+1_I_1_1_3_comp65+1_I_1_1_3_comp66+1_I_1_1_3_comp67+1_I_1_1_3_comp68+1_I_1_1_3_comp69+1_I_1_1_3_comp70+1_I_1_1_3_comp71+1_I_1_1_3_comp72+1_I_1_1_3_comp73+1_I_1_1_3_comp74+1_I_1_1_3_comp75+1_I_1_1_3_comp76+1_I_1_1_3_comp77+1_I_1_1_3_comp78+1_I_1_1_3_comp79+1_I_1_1_3_comp80+1_I_1_1_3_comp81+1_I_1_1_3_comp82+1_I_1_1_3_comp83+1_I_1_1_3_comp84+1_I_1_1_3_comp85+1_I_1_1_3_comp86+1_I_1_1_3_comp87+1_I_1_1_3_comp88+1_I_1_1_3_comp89,R_1_I_1_1_3,TCDB,TCDB.1_I_1_1_3_comp17
G_1_I_1_1_3_comp18,P_1_I_1_1_3_comp1+1_I_1_1_3_comp2+1_I_1_1_3_comp3+1_I_1_1_3_comp4+1_I_1_1_3_comp5+1_I_1_1_3_comp6+1_I_1_1_3_comp7+1_I_1_1_3_comp8+1_I_1_1_3_comp9+1_I_1_1_3_comp10+1_I_1_1_3_comp11+1_I_1_1_3_comp12+1_I_1_1_3_comp13+1_I_1_1_3_comp14+1_I_1_1_3_comp15+1_I_1_1_3_comp16+1_I_1_1_3_comp17+1_I_1_1_3_comp18+1_I_1_1_3_comp19+1_I_1_1_3_comp20+1_I_1_1_3_comp21+1_I_1_1_3_comp22+1_I_1_1_3_comp23+1_I_1_1_3_comp24+1_I_1_1_3_comp25+1_I_1_1_3_comp26+1_I_1_1_3_comp27+1_I_1_1_3_comp28+1_I_1_1_3_comp29+1_I_1_1_3_comp30+1_I_1_1_3_comp31+1_I_1_1_3_comp32+1_I_1_1_3_comp33+1_I_1_1_3_comp34+1_I_1_1_3_comp35+1_I_1_1_3_comp36+1_I_1_1_3_comp37+1_I_1_1_3_comp38+1_I_1_1_3_comp39+1_I_1_1_3_comp40+1_I_1_1_3_comp41+1_I_1_1_3_comp42+1_I_1_1_3_comp43+1_I_1_1_3_comp44+1_I_1_1_3_comp45+1_I_1_1_3_comp46+1_I_1_1_3_comp47+1_I_1_1_3_comp48+1_I_1_1_3_comp49+1_I_1_1_3_comp50+1_I_1_1_3_comp51+1_I_1_1_3_comp52+1_I_1_1_3_comp53+1_I_1_1_3_comp54+1_I_1_1_3_comp55+1_I_1_1_3_comp56+1_I_1_1_3_comp57+1_I_1_1_3_comp58+1_I_1_1_3_comp59+1_I_1_1_3_comp60+1_I_1_1_3_comp61+1_I_1_1_3_comp62+1_I_1_1_3_comp63+1_I_1_1_3_comp64+1_I_1_1_3_comp65+1_I_1_1_3_comp66+1_I_1_1_3_comp67+1_I_1_1_3_comp68+1_I_1_1_3_comp69+1_I_1_1_3_comp70+1_I_1_1_3_comp71+1_I_1_1_3_comp72+1_I_1_1_3_comp73+1_I_1_1_3_comp74+1_I_1_1_3_comp75+1_I_1_1_3_comp76+1_I_1_1_3_comp77+1_I_1_1_3_comp78+1_I_1_1_3_comp79+1_I_1_1_3_comp80+1_I_1_1_3_comp81+1_I_1_1_3_comp82+1_I_1_1_3_comp83+1_I_1_1_3_comp84+1_I_1_1_3_comp85+1_I_1_1_3_comp86+1_I_1_1_3_comp87+1_I_1_1_3_comp88+1_I_1_1_3_comp89,R_1_I_1_1_3,TCDB,TCDB.1_I_1_1_3_comp18
G_1_I_1_1_3_comp19,P_1_I_1_1_3_comp1+1_I_1_1_3_comp2+1_I_1_1_3_comp3+1_I_1_1_3_comp4+1_I_1_1_3_comp5+1_I_1_1_3_comp6+1_I_1_1_3_comp7+1_I_1_1_3_comp8+1_I_1_1_3_comp9+1_I_1_1_3_comp10+1_I_1_1_3_comp11+1_I_1_1_3_comp12+1_I_1_1_3_comp13+1_I_1_1_3_comp14+1_I_1_1_3_comp15+1_I_1_1_3_comp16+1_I_1_1_3_comp17+1_I_1_1_3_comp18+1_I_1_1_3_comp19+1_I_1_1_3_comp20+1_I_1_1_3_comp21+1_I_1_1_3_comp22+1_I_1_1_3_comp23+1_I_1_1_3_comp24+1_I_1_1_3_comp25+1_I_1_1_3_comp26+1_I_1_1_3_comp27+1_I_1_1_3_comp28+1_I_1_1_3_comp29+1_I_1_1_3_comp30+1_I_1_1_3_comp31+1_I_1_1_3_comp32+1_I_1_1_3_comp33+1_I_1_1_3_comp34+1_I_1_1_3_comp35+1_I_1_1_3_comp36+1_I_1_1_3_comp37+1_I_1_1_3_comp38+1_I_1_1_3_comp39+1_I_1_1_3_comp40+1_I_1_1_3_comp41+1_I_1_1_3_comp42+1_I_1_1_3_comp43+1_I_1_1_3_comp44+1_I_1_1_3_comp45+1_I_1_1_3_comp46+1_I_1_1_3_comp47+1_I_1_1_3_comp48+1_I_1_1_3_comp49+1_I_1_1_3_comp50+1_I_1_1_3_comp51+1_I_1_1_3_comp52+1_I_1_1_3_comp53+1_I_1_1_3_comp54+1_I_1_1_3_comp55+1_I_1_1_3_comp56+1_I_1_1_3_comp57+1_I_1_1_3_comp58+1_I_1_1_3_comp59+1_I_1_1_3_comp60+1_I_1_1_3_comp61+1_I_1_1_3_comp62+1_I_1_1_3_comp63+1_I_1_1_3_comp64+1_I_1_1_3_comp65+1_I_1_1_3_comp66+1_I_1_1_3_comp67+1_I_1_1_3_comp68+1_I_1_1_3_comp69+1_I_1_1_3_comp70+1_I_1_1_3_comp71+1_I_1_1_3_comp72+1_I_1_1_3_comp73+1_I_1_1_3_comp74+1_I_1_1_3_comp75+1_I_1_1_3_comp76+1_I_1_1_3_comp77+1_I_1_1_3_comp78+1_I_1_1_3_comp79+1_I_1_1_3_comp80+1_I_1_1_3_comp81+1_I_1_1_3_comp82+1_I_1_1_3_comp83+1_I_1_1_3_comp84+1_I_1_1_3_comp85+1_I_1_1_3_comp86+1_I_1_1_3_comp87+1_I_1_1_3_comp88+1_I_1_1_3_comp89,R_1_I_1_1_3,TCDB,TCDB.1_I_1_1_3_comp19
G_1_I_1_1_3_comp20,P_1_I_1_1_3_comp1+1_I_1_1_3_comp2+1_I_1_1_3_comp3+1_I_1_1_3_comp4+1_I_1_1_3_comp5+1_I_1_1_3_comp6+1_I_1_1_3_comp7+1_I_1_1_3_comp8+1_I_1_1_3_comp9+1_I_1_1_3_comp10+1_I_1_1_3_comp11+1_I_1_1_3_comp12+1_I_1_1_3_comp13+1_I_1_1_3_comp14+1_I_1_1_3_comp15+1_I_1_1_3_comp16+1_I_1_1_3_comp17+1_I_1_1_3_comp18+1_I_1_1_3_comp19+1_I_1_1_3_comp20+1_I_1_1_3_comp21+1_I_1_1_3_comp22+1_I_1_1_3_comp23+1_I_1_1_3_comp24+1_I_1_1_3_comp25+1_I_1_1_3_comp26+1_I_1_1_3_comp27+1_I_1_1_3_comp28+1_I_1_1_3_comp29+1_I_1_1_3_comp30+1_I_1_1_3_comp31+1_I_1_1_3_comp32+1_I_1_1_3_comp33+1_I_1_1_3_comp34+1_I_1_1_3_comp35+1_I_1_1_3_comp36+1_I_1_1_3_comp37+1_I_1_1_3_comp38+1_I_1_1_3_comp39+1_I_1_1_3_comp40+1_I_1_1_3_comp41+1_I_1_1_3_comp42+1_I_1_1_3_comp43+1_I_1_1_3_comp44+1_I_1_1_3_comp45+1_I_1_1_3_comp46+1_I_1_1_3_comp47+1_I_1_1_3_comp48+1_I_1_1_3_comp49+1_I_1_1_3_comp50+1_I_1_1_3_comp51+1_I_1_1_3_comp52+1_I_1_1_3_comp53+1_I_1_1_3_comp54+1_I_1_1_3_comp55+1_I_1_1_3_comp56+1_I_1_1_3_comp57+1_I_1_1_3_comp58+1_I_1_1_3_comp59+1_I_1_1_3_comp60+1_I_1_1_3_comp61+1_I_1_1_3_comp62+1_I_1_1_3_comp63+1_I_1_1_3_comp64+1_I_1_1_3_comp65+1_I_1_1_3_comp66+1_I_1_1_3_comp67+1_I_1_1_3_comp68+1_I_1_1_3_comp69+1_I_1_1_3_comp70+1_I_1_1_3_comp71+1_I_1_1_3_comp72+1_I_1_1_3_comp73+1_I_1_1_3_comp74+1_I_1_1_3_comp75+1_I_1_1_3_comp76+1_I_1_1_3_comp77+1_I_1_1_3_comp78+1_I_1_1_3_comp79+1_I_1_1_3_comp80+1_I_1_1_3_comp81+1_I_1_1_3_comp82+1_I_1_1_3_comp83+1_I_1_1_3_comp84+1_I_1_1_3_comp85+1_I_1_1_3_comp86+1_I_1_1_3_comp87+1_I_1_1_3_comp88+1_I_1_1_3_comp89,R_1_I_1_1_3,TCDB,TCDB.1_I_1_1_3_comp20
G_1_I_1_1_3_comp21,P_1_I_1_1_3_comp1+1_I_1_1_3_comp2+1_I_1_1_3_comp3+1_I_1_1_3_comp4+1_I_1_1_3_comp5+1_I_1_1_3_comp6+1_I_1_1_3_comp7+1_I_1_1_3_comp8+1_I_1_1_3_comp9+1_I_1_1_3_comp10+1_I_1_1_3_comp11+1_I_1_1_3_comp12+1_I_1_1_3_comp13+1_I_1_1_3_comp14+1_I_1_1_3_comp15+1_I_1_1_3_comp16+1_I_1_1_3_comp17+1_I_1_1_3_comp18+1_I_1_1_3_comp19+1_I_1_1_3_comp20+1_I_1_1_3_comp21+1_I_1_1_3_comp22+1_I_1_1_3_comp23+1_I_1_1_3_comp24+1_I_1_1_3_comp25+1_I_1_1_3_comp26+1_I_1_1_3_comp27+1_I_1_1_3_comp28+1_I_1_1_3_comp29+1_I_1_1_3_comp30+1_I_1_1_3_comp31+1_I_1_1_3_comp32+1_I_1_1_3_comp33+1_I_1_1_3_comp34+1_I_1_1_3_comp35+1_I_1_1_3_comp36+1_I_1_1_3_comp37+1_I_1_1_3_comp38+1_I_1_1_3_comp39+1_I_1_1_3_comp40+1_I_1_1_3_comp41+1_I_1_1_3_comp42+1_I_1_1_3_comp43+1_I_1_1_3_comp44+1_I_1_1_3_comp45+1_I_1_1_3_comp46+1_I_1_1_3_comp47+1_I_1_1_3_comp48+1_I_1_1_3_comp49+1_I_1_1_3_comp50+1_I_1_1_3_comp51+1_I_1_1_3_comp52+1_I_1_1_3_comp53+1_I_1_1_3_comp54+1_I_1_1_3_comp55+1_I_1_1_3_comp56+1_I_1_1_3_comp57+1_I_1_1_3_comp58+1_I_1_1_3_comp59+1_I_1_1_3_comp60+1_I_1_1_3_comp61+1_I_1_1_3_comp62+1_I_1_1_3_comp63+1_I_1_1_3_comp64+1_I_1_1_3_comp65+1_I_1_1_3_comp66+1_I_1_1_3_comp67+1_I_1_1_3_comp68+1_I_1_1_3_comp69+1_I_1_1_3_comp70+1_I_1_1_3_comp71+1_I_1_1_3_comp72+1_I_1_1_3_comp73+1_I_1_1_3_comp74+1_I_1_1_3_comp75+1_I_1_1_3_comp76+1_I_1_1_3_comp77+1_I_1_1_3_comp78+1_I_1_1_3_comp79+1_I_1_1_3_comp80+1_I_1_1_3_comp81+1_I_1_1_3_comp82+1_I_1_1_3_comp83+1_I_1_1_3_comp84+1_I_1_1_3_comp85+1_I_1_1_3_comp86+1_I_1_1_3_comp87+1_I_1_1_3_comp88+1_I_1_1_3_comp89,R_1_I_1_1_3,TCDB,TCDB.1_I_1_1_3_comp21
G_1_I_1_1_3_comp22,P_1_I_1_1_3_comp1+1_I_1_1_3_comp2+1_I_1_1_3_comp3+1_I_1_1_3_comp4+1_I_1_1_3_comp5+1_I_1_1_3_comp6+1_I_1_1_3_comp7+1_I_1_1_3_comp8+1_I_1_1_3_comp9+1_I_1_1_3_comp10+1_I_1_1_3_comp11+1_I_1_1_3_comp12+1_I_1_1_3_comp13+1_I_1_1_3_comp14+1_I_1_1_3_comp15+1_I_1_1_3_comp16+1_I_1_1_3_comp17+1_I_1_1_3_comp18+1_I_1_1_3_comp19+1_I_1_1_3_comp20+1_I_1_1_3_comp21+1_I_1_1_3_comp22+1_I_1_1_3_comp23+1_I_1_1_3_comp24+1_I_1_1_3_comp25+1_I_1_1_3_comp26+1_I_1_1_3_comp27+1_I_1_1_3_comp28+1_I_1_1_3_comp29+1_I_1_1_3_comp30+1_I_1_1_3_comp31+1_I_1_1_3_comp32+1_I_1_1_3_comp33+1_I_1_1_3_comp34+1_I_1_1_3_comp35+1_I_1_1_3_comp36+1_I_1_1_3_comp37+1_I_1_1_3_comp38+1_I_1_1_3_comp39+1_I_1_1_3_comp40+1_I_1_1_3_comp41+1_I_1_1_3_comp42+1_I_1_1_3_comp43+1_I_1_1_3_comp44+1_I_1_1_3_comp45+1_I_1_1_3_comp46+1_I_1_1_3_comp47+1_I_1_1_3_comp48+1_I_1_1_3_comp49+1_I_1_1_3_comp50+1_I_1_1_3_comp51+1_I_1_1_3_comp52+1_I_1_1_3_comp53+1_I_1_1_3_comp54+1_I_1_1_3_comp55+1_I_1_1_3_comp56+1_I_1_1_3_comp57+1_I_1_1_3_comp58+1_I_1_1_3_comp59+1_I_1_1_3_comp60+1_I_1_1_3_comp61+1_I_1_1_3_comp62+1_I_1_1_3_comp63+1_I_1_1_3_comp64+1_I_1_1_3_comp65+1_I_1_1_3_comp66+1_I_1_1_3_comp67+1_I_1_1_3_comp68+1_I_1_1_3_comp69+1_I_1_1_3_comp70+1_I_1_1_3_comp71+1_I_1_1_3_comp72+1_I_1_1_3_comp73+1_I_1_1_3_comp74+1_I_1_1_3_comp75+1_I_1_1_3_comp76+1_I_1_1_3_comp77+1_I_1_1_3_comp78+1_I_1_1_3_comp79+1_I_1_1_3_comp80+1_I_1_1_3_comp81+1_I_1_1_3_comp82+1_I_1_1_3_comp83+1_I_1_1_3_comp84+1_I_1_1_3_comp85+1_I_1_1_3_comp86+1_I_1_1_3_comp87+1_I_1_1_3_comp88+1_I_1_1_3_comp89,R_1_I_1_1_3,TCDB,TCDB.1_I_1_1_3_comp22
G_1_I_1_1_3_comp23,P_1_I_1_1_3_comp1+1_I_1_1_3_comp2+1_I_1_1_3_comp3+1_I_1_1_3_comp4+1_I_1_1_3_comp5+1_I_1_1_3_comp6+1_I_1_1_3_comp7+1_I_1_1_3_comp8+1_I_1_1_3_comp9+1_I_1_1_3_comp10+1_I_1_1_3_comp11+1_I_1_1_3_comp12+1_I_1_1_3_comp13+1_I_1_1_3_comp14+1_I_1_1_3_comp15+1_I_1_1_3_comp16+1_I_1_1_3_comp17+1_I_1_1_3_comp18+1_I_1_1_3_comp19+1_I_1_1_3_comp20+1_I_1_1_3_comp21+1_I_1_1_3_comp22+1_I_1_1_3_comp23+1_I_1_1_3_comp24+1_I_1_1_3_comp25+1_I_1_1_3_comp26+1_I_1_1_3_comp27+1_I_1_1_3_comp28+1_I_1_1_3_comp29+1_I_1_1_3_comp30+1_I_1_1_3_comp31+1_I_1_1_3_comp32+1_I_1_1_3_comp33+1_I_1_1_3_comp34+1_I_1_1_3_comp35+1_I_1_1_3_comp36+1_I_1_1_3_comp37+1_I_1_1_3_comp38+1_I_1_1_3_comp39+1_I_1_1_3_comp40+1_I_1_1_3_comp41+1_I_1_1_3_comp42+1_I_1_1_3_comp43+1_I_1_1_3_comp44+1_I_1_1_3_comp45+1_I_1_1_3_comp46+1_I_1_1_3_comp47+1_I_1_1_3_comp48+1_I_1_1_3_comp49+1_I_1_1_3_comp50+1_I_1_1_3_comp51+1_I_1_1_3_comp52+1_I_1_1_3_comp53+1_I_1_1_3_comp54+1_I_1_1_3_comp55+1_I_1_1_3_comp56+1_I_1_1_3_comp57+1_I_1_1_3_comp58+1_I_1_1_3_comp59+1_I_1_1_3_comp60+1_I_1_1_3_comp61+1_I_1_1_3_comp62+1_I_1_1_3_comp63+1_I_1_1_3_comp64+1_I_1_1_3_comp65+1_I_1_1_3_comp66+1_I_1_1_3_comp67+1_I_1_1_3_comp68+1_I_1_1_3_comp69+1_I_1_1_3_comp70+1_I_1_1_3_comp71+1_I_1_1_3_comp72+1_I_1_1_3_comp73+1_I_1_1_3_comp74+1_I_1_1_3_comp75+1_I_1_1_3_comp76+1_I_1_1_3_comp77+1_I_1_1_3_comp78+1_I_1_1_3_comp79+1_I_1_1_3_comp80+1_I_1_1_3_comp81+1_I_1_1_3_comp82+1_I_1_1_3_comp83+1_I_1_1_3_comp84+1_I_1_1_3_comp85+1_I_1_1_3_comp86+1_I_1_1_3_comp87+1_I_1_1_3_comp88+1_I_1_1_3_comp89,R_1_I_1_1_3,TCDB,TCDB.1_I_1_1_3_comp23
G_1_I_1_1_3_comp24,P_1_I_1_1_3_comp1+1_I_1_1_3_comp2+1_I_1_1_3_comp3+1_I_1_1_3_comp4+1_I_1_1_3_comp5+1_I_1_1_3_comp6+1_I_1_1_3_comp7+1_I_1_1_3_comp8+1_I_1_1_3_comp9+1_I_1_1_3_comp10+1_I_1_1_3_comp11+1_I_1_1_3_comp12+1_I_1_1_3_comp13+1_I_1_1_3_comp14+1_I_1_1_3_comp15+1_I_1_1_3_comp16+1_I_1_1_3_comp17+1_I_1_1_3_comp18+1_I_1_1_3_comp19+1_I_1_1_3_comp20+1_I_1_1_3_comp21+1_I_1_1_3_comp22+1_I_1_1_3_comp23+1_I_1_1_3_comp24+1_I_1_1_3_comp25+1_I_1_1_3_comp26+1_I_1_1_3_comp27+1_I_1_1_3_comp28+1_I_1_1_3_comp29+1_I_1_1_3_comp30+1_I_1_1_3_comp31+1_I_1_1_3_comp32+1_I_1_1_3_comp33+1_I_1_1_3_comp34+1_I_1_1_3_comp35+1_I_1_1_3_comp36+1_I_1_1_3_comp37+1_I_1_1_3_comp38+1_I_1_1_3_comp39+1_I_1_1_3_comp40+1_I_1_1_3_comp41+1_I_1_1_3_comp42+1_I_1_1_3_comp43+1_I_1_1_3_comp44+1_I_1_1_3_comp45+1_I_1_1_3_comp46+1_I_1_1_3_comp47+1_I_1_1_3_comp48+1_I_1_1_3_comp49+1_I_1_1_3_comp50+1_I_1_1_3_comp51+1_I_1_1_3_comp52+1_I_1_1_3_comp53+1_I_1_1_3_comp54+1_I_1_1_3_comp55+1_I_1_1_3_comp56+1_I_1_1_3_comp57+1_I_1_1_3_comp58+1_I_1_1_3_comp59+1_I_1_1_3_comp60+1_I_1_1_3_comp61+1_I_1_1_3_comp62+1_I_1_1_3_comp63+1_I_1_1_3_comp64+1_I_1_1_3_comp65+1_I_1_1_3_comp66+1_I_1_1_3_comp67+1_I_1_1_3_comp68+1_I_1_1_3_comp69+1_I_1_1_3_comp70+1_I_1_1_3_comp71+1_I_1_1_3_comp72+1_I_1_1_3_comp73+1_I_1_1_3_comp74+1_I_1_1_3_comp75+1_I_1_1_3_comp76+1_I_1_1_3_comp77+1_I_1_1_3_comp78+1_I_1_1_3_comp79+1_I_1_1_3_comp80+1_I_1_1_3_comp81+1_I_1_1_3_comp82+1_I_1_1_3_comp83+1_I_1_1_3_comp84+1_I_1_1_3_comp85+1_I_1_1_3_comp86+1_I_1_1_3_comp87+1_I_1_1_3_comp88+1_I_1_1_3_comp89,R_1_I_1_1_3,TCDB,TCDB.1_I_1_1_3_comp24
G_1_I_1_1_3_comp25,P_1_I_1_1_3_comp1+1_I_1_1_3_comp2+1_I_1_1_3_comp3+1_I_1_1_3_comp4+1_I_1_1_3_comp5+1_I_1_1_3_comp6+1_I_1_1_3_comp7+1_I_1_1_3_comp8+1_I_1_1_3_comp9+1_I_1_1_3_comp10+1_I_1_1_3_comp11+1_I_1_1_3_comp12+1_I_1_1_3_comp13+1_I_1_1_3_comp14+1_I_1_1_3_comp15+1_I_1_1_3_comp16+1_I_1_1_3_comp17+1_I_1_1_3_comp18+1_I_1_1_3_comp19+1_I_1_1_3_comp20+1_I_1_1_3_comp21+1_I_1_1_3_comp22+1_I_1_1_3_comp23+1_I_1_1_3_comp24+1_I_1_1_3_comp25+1_I_1_1_3_comp26+1_I_1_1_3_comp27+1_I_1_1_3_comp28+1_I_1_1_3_comp29+1_I_1_1_3_comp30+1_I_1_1_3_comp31+1_I_1_1_3_comp32+1_I_1_1_3_comp33+1_I_1_1_3_comp34+1_I_1_1_3_comp35+1_I_1_1_3_comp36+1_I_1_1_3_comp37+1_I_1_1_3_comp38+1_I_1_1_3_comp39+1_I_1_1_3_comp40+1_I_1_1_3_comp41+1_I_1_1_3_comp42+1_I_1_1_3_comp43+1_I_1_1_3_comp44+1_I_1_1_3_comp45+1_I_1_1_3_comp46+1_I_1_1_3_comp47+1_I_1_1_3_comp48+1_I_1_1_3_comp49+1_I_1_1_3_comp50+1_I_1_1_3_comp51+1_I_1_1_3_comp52+1_I_1_1_3_comp53+1_I_1_1_3_comp54+1_I_1_1_3_comp55+1_I_1_1_3_comp56+1_I_1_1_3_comp57+1_I_1_1_3_comp58+1_I_1_1_3_comp59+1_I_1_1_3_comp60+1_I_1_1_3_comp61+1_I_1_1_3_comp62+1_I_1_1_3_comp63+1_I_1_1_3_comp64+1_I_1_1_3_comp65+1_I_1_1_3_comp66+1_I_1_1_3_comp67+1_I_1_1_3_comp68+1_I_1_1_3_comp69+1_I_1_1_3_comp70+1_I_1_1_3_comp71+1_I_1_1_3_comp72+1_I_1_1_3_comp73+1_I_1_1_3_comp74+1_I_1_1_3_comp75+1_I_1_1_3_comp76+1_I_1_1_3_comp77+1_I_1_1_3_comp78+1_I_1_1_3_comp79+1_I_1_1_3_comp80+1_I_1_1_3_comp81+1_I_1_1_3_comp82+1_I_1_1_3_comp83+1_I_1_1_3_comp84+1_I_1_1_3_comp85+1_I_1_1_3_comp86+1_I_1_1_3_comp87+1_I_1_1_3_comp88+1_I_1_1_3_comp89,R_1_I_1_1_3,TCDB,TCDB.1_I_1_1_3_comp25
G_1_I_1_1_3_comp26,P_1_I_1_1_3_comp1+1_I_1_1_3_comp2+1_I_1_1_3_comp3+1_I_1_1_3_comp4+1_I_1_1_3_comp5+1_I_1_1_3_comp6+1_I_1_1_3_comp7+1_I_1_1_3_comp8+1_I_1_1_3_comp9+1_I_1_1_3_comp10+1_I_1_1_3_comp11+1_I_1_1_3_comp12+1_I_1_1_3_comp13+1_I_1_1_3_comp14+1_I_1_1_3_comp15+1_I_1_1_3_comp16+1_I_1_1_3_comp17+1_I_1_1_3_comp18+1_I_1_1_3_comp19+1_I_1_1_3_comp20+1_I_1_1_3_comp21+1_I_1_1_3_comp22+1_I_1_1_3_comp23+1_I_1_1_3_comp24+1_I_1_1_3_comp25+1_I_1_1_3_comp26+1_I_1_1_3_comp27+1_I_1_1_3_comp28+1_I_1_1_3_comp29+1_I_1_1_3_comp30+1_I_1_1_3_comp31+1_I_1_1_3_comp32+1_I_1_1_3_comp33+1_I_1_1_3_comp34+1_I_1_1_3_comp35+1_I_1_1_3_comp36+1_I_1_1_3_comp37+1_I_1_1_3_comp38+1_I_1_1_3_comp39+1_I_1_1_3_comp40+1_I_1_1_3_comp41+1_I_1_1_3_comp42+1_I_1_1_3_comp43+1_I_1_1_3_comp44+1_I_1_1_3_comp45+1_I_1_1_3_comp46+1_I_1_1_3_comp47+1_I_1_1_3_comp48+1_I_1_1_3_comp49+1_I_1_1_3_comp50+1_I_1_1_3_comp51+1_I_1_1_3_comp52+1_I_1_1_3_comp53+1_I_1_1_3_comp54+1_I_1_1_3_comp55+1_I_1_1_3_comp56+1_I_1_1_3_comp57+1_I_1_1_3_comp58+1_I_1_1_3_comp59+1_I_1_1_3_comp60+1_I_1_1_3_comp61+1_I_1_1_3_comp62+1_I_1_1_3_comp63+1_I_1_1_3_comp64+1_I_1_1_3_comp65+1_I_1_1_3_comp66+1_I_1_1_3_comp67+1_I_1_1_3_comp68+1_I_1_1_3_comp69+1_I_1_1_3_comp70+1_I_1_1_3_comp71+1_I_1_1_3_comp72+1_I_1_1_3_comp73+1_I_1_1_3_comp74+1_I_1_1_3_comp75+1_I_1_1_3_comp76+1_I_1_1_3_comp77+1_I_1_1_3_comp78+1_I_1_1_3_comp79+1_I_1_1_3_comp80+1_I_1_1_3_comp81+1_I_1_1_3_comp82+1_I_1_1_3_comp83+1_I_1_1_3_comp84+1_I_1_1_3_comp85+1_I_1_1_3_comp86+1_I_1_1_3_comp87+1_I_1_1_3_comp88+1_I_1_1_3_comp89,R_1_I_1_1_3,TCDB,TCDB.1_I_1_1_3_comp26
G_1_I_1_1_3_comp27,P_1_I_1_1_3_comp1+1_I_1_1_3_comp2+1_I_1_1_3_comp3+1_I_1_1_3_comp4+1_I_1_1_3_comp5+1_I_1_1_3_comp6+1_I_1_1_3_comp7+1_I_1_1_3_comp8+1_I_1_1_3_comp9+1_I_1_1_3_comp10+1_I_1_1_3_comp11+1_I_1_1_3_comp12+1_I_1_1_3_comp13+1_I_1_1_3_comp14+1_I_1_1_3_comp15+1_I_1_1_3_comp16+1_I_1_1_3_comp17+1_I_1_1_3_comp18+1_I_1_1_3_comp19+1_I_1_1_3_comp20+1_I_1_1_3_comp21+1_I_1_1_3_comp22+1_I_1_1_3_comp23+1_I_1_1_3_comp24+1_I_1_1_3_comp25+1_I_1_1_3_comp26+1_I_1_1_3_comp27+1_I_1_1_3_comp28+1_I_1_1_3_comp29+1_I_1_1_3_comp30+1_I_1_1_3_comp31+1_I_1_1_3_comp32+1_I_1_1_3_comp33+1_I_1_1_3_comp34+1_I_1_1_3_comp35+1_I_1_1_3_comp36+1_I_1_1_3_comp37+1_I_1_1_3_comp38+1_I_1_1_3_comp39+1_I_1_1_3_comp40+1_I_1_1_3_comp41+1_I_1_1_3_comp42+1_I_1_1_3_comp43+1_I_1_1_3_comp44+1_I_1_1_3_comp45+1_I_1_1_3_comp46+1_I_1_1_3_comp47+1_I_1_1_3_comp48+1_I_1_1_3_comp49+1_I_1_1_3_comp50+1_I_1_1_3_comp51+1_I_1_1_3_comp52+1_I_1_1_3_comp53+1_I_1_1_3_comp54+1_I_1_1_3_comp55+1_I_1_1_3_comp56+1_I_1_1_3_comp57+1_I_1_1_3_comp58+1_I_1_1_3_comp59+1_I_1_1_3_comp60+1_I_1_1_3_comp61+1_I_1_1_3_comp62+1_I_1_1_3_comp63+1_I_1_1_3_comp64+1_I_1_1_3_comp65+1_I_1_1_3_comp66+1_I_1_1_3_comp67+1_I_1_1_3_comp68+1_I_1_1_3_comp69+1_I_1_1_3_comp70+1_I_1_1_3_comp71+1_I_1_1_3_comp72+1_I_1_1_3_comp73+1_I_1_1_3_comp74+1_I_1_1_3_comp75+1_I_1_1_3_comp76+1_I_1_1_3_comp77+1_I_1_1_3_comp78+1_I_1_1_3_comp79+1_I_1_1_3_comp80+1_I_1_1_3_comp81+1_I_1_1_3_comp82+1_I_1_1_3_comp83+1_I_1_1_3_comp84+1_I_1_1_3_comp85+1_I_1_1_3_comp86+1_I_1_1_3_comp87+1_I_1_1_3_comp88+1_I_1_1_3_comp89,R_1_I_1_1_3,TCDB,TCDB.1_I_1_1_3_comp27
G_1_I_1_1_3_comp28,P_1_I_1_1_3_comp1+1_I_1_1_3_comp2+1_I_1_1_3_comp3+1_I_1_1_3_comp4+1_I_1_1_3_comp5+1_I_1_1_3_comp6+1_I_1_1_3_comp7+1_I_1_1_3_comp8+1_I_1_1_3_comp9+1_I_1_1_3_comp10+1_I_1_1_3_comp11+1_I_1_1_3_comp12+1_I_1_1_3_comp13+1_I_1_1_3_comp14+1_I_1_1_3_comp15+1_I_1_1_3_comp16+1_I_1_1_3_comp17+1_I_1_1_3_comp18+1_I_1_1_3_comp19+1_I_1_1_3_comp20+1_I_1_1_3_comp21+1_I_1_1_3_comp22+1_I_1_1_3_comp23+1_I_1_1_3_comp24+1_I_1_1_3_comp25+1_I_1_1_3_comp26+1_I_1_1_3_comp27+1_I_1_1_3_comp28+1_I_1_1_3_comp29+1_I_1_1_3_comp30+1_I_1_1_3_comp31+1_I_1_1_3_comp32+1_I_1_1_3_comp33+1_I_1_1_3_comp34+1_I_1_1_3_comp35+1_I_1_1_3_comp36+1_I_1_1_3_comp37+1_I_1_1_3_comp38+1_I_1_1_3_comp39+1_I_1_1_3_comp40+1_I_1_1_3_comp41+1_I_1_1_3_comp42+1_I_1_1_3_comp43+1_I_1_1_3_comp44+1_I_1_1_3_comp45+1_I_1_1_3_comp46+1_I_1_1_3_comp47+1_I_1_1_3_comp48+1_I_1_1_3_comp49+1_I_1_1_3_comp50+1_I_1_1_3_comp51+1_I_1_1_3_comp52+1_I_1_1_3_comp53+1_I_1_1_3_comp54+1_I_1_1_3_comp55+1_I_1_1_3_comp56+1_I_1_1_3_comp57+1_I_1_1_3_comp58+1_I_1_1_3_comp59+1_I_1_1_3_comp60+1_I_1_1_3_comp61+1_I_1_1_3_comp62+1_I_1_1_3_comp63+1_I_1_1_3_comp64+1_I_1_1_3_comp65+1_I_1_1_3_comp66+1_I_1_1_3_comp67+1_I_1_1_3_comp68+1_I_1_1_3_comp69+1_I_1_1_3_comp70+1_I_1_1_3_comp71+1_I_1_1_3_comp72+1_I_1_1_3_comp73+1_I_1_1_3_comp74+1_I_1_1_3_comp75+1_I_1_1_3_comp76+1_I_1_1_3_comp77+1_I_1_1_3_comp78+1_I_1_1_3_comp79+1_I_1_1_3_comp80+1_I_1_1_3_comp81+1_I_1_1_3_comp82+1_I_1_1_3_comp83+1_I_1_1_3_comp84+1_I_1_1_3_comp85+1_I_1_1_3_comp86+1_I_1_1_3_comp87+1_I_1_1_3_comp88+1_I_1_1_3_comp89,R_1_I_1_1_3,TCDB,TCDB.1_I_1_1_3_comp28
G_1_I_1_1_3_comp29,P_1_I_1_1_3_comp1+1_I_1_1_3_comp2+1_I_1_1_3_comp3+1_I_1_1_3_comp4+1_I_1_1_3_comp5+1_I_1_1_3_comp6+1_I_1_1_3_comp7+1_I_1_1_3_comp8+1_I_1_1_3_comp9+1_I_1_1_3_comp10+1_I_1_1_3_comp11+1_I_1_1_3_comp12+1_I_1_1_3_comp13+1_I_1_1_3_comp14+1_I_1_1_3_comp15+1_I_1_1_3_comp16+1_I_1_1_3_comp17+1_I_1_1_3_comp18+1_I_1_1_3_comp19+1_I_1_1_3_comp20+1_I_1_1_3_comp21+1_I_1_1_3_comp22+1_I_1_1_3_comp23+1_I_1_1_3_comp24+1_I_1_1_3_comp25+1_I_1_1_3_comp26+1_I_1_1_3_comp27+1_I_1_1_3_comp28+1_I_1_1_3_comp29+1_I_1_1_3_comp30+1_I_1_1_3_comp31+1_I_1_1_3_comp32+1_I_1_1_3_comp33+1_I_1_1_3_comp34+1_I_1_1_3_comp35+1_I_1_1_3_comp36+1_I_1_1_3_comp37+1_I_1_1_3_comp38+1_I_1_1_3_comp39+1_I_1_1_3_comp40+1_I_1_1_3_comp41+1_I_1_1_3_comp42+1_I_1_1_3_comp43+1_I_1_1_3_comp44+1_I_1_1_3_comp45+1_I_1_1_3_comp46+1_I_1_1_3_comp47+1_I_1_1_3_comp48+1_I_1_1_3_comp49+1_I_1_1_3_comp50+1_I_1_1_3_comp51+1_I_1_1_3_comp52+1_I_1_1_3_comp53+1_I_1_1_3_comp54+1_I_1_1_3_comp55+1_I_1_1_3_comp56+1_I_1_1_3_comp57+1_I_1_1_3_comp58+1_I_1_1_3_comp59+1_I_1_1_3_comp60+1_I_1_1_3_comp61+1_I_1_1_3_comp62+1_I_1_1_3_comp63+1_I_1_1_3_comp64+1_I_1_1_3_comp65+1_I_1_1_3_comp66+1_I_1_1_3_comp67+1_I_1_1_3_comp68+1_I_1_1_3_comp69+1_I_1_1_3_comp70+1_I_1_1_3_comp71+1_I_1_1_3_comp72+1_I_1_1_3_comp73+1_I_1_1_3_comp74+1_I_1_1_3_comp75+1_I_1_1_3_comp76+1_I_1_1_3_comp77+1_I_1_1_3_comp78+1_I_1_1_3_comp79+1_I_1_1_3_comp80+1_I_1_1_3_comp81+1_I_1_1_3_comp82+1_I_1_1_3_comp83+1_I_1_1_3_comp84+1_I_1_1_3_comp85+1_I_1_1_3_comp86+1_I_1_1_3_comp87+1_I_1_1_3_comp88+1_I_1_1_3_comp89,R_1_I_1_1_3,TCDB,TCDB.1_I_1_1_3_comp29
G_1_I_1_1_3_comp30,P_1_I_1_1_3_comp1+1_I_1_1_3_comp2+1_I_1_1_3_comp3+1_I_1_1_3_comp4+1_I_1_1_3_comp5+1_I_1_1_3_comp6+1_I_1_1_3_comp7+1_I_1_1_3_comp8+1_I_1_1_3_comp9+1_I_1_1_3_comp10+1_I_1_1_3_comp11+1_I_1_1_3_comp12+1_I_1_1_3_comp13+1_I_1_1_3_comp14+1_I_1_1_3_comp15+1_I_1_1_3_comp16+1_I_1_1_3_comp17+1_I_1_1_3_comp18+1_I_1_1_3_comp19+1_I_1_1_3_comp20+1_I_1_1_3_comp21+1_I_1_1_3_comp22+1_I_1_1_3_comp23+1_I_1_1_3_comp24+1_I_1_1_3_comp25+1_I_1_1_3_comp26+1_I_1_1_3_comp27+1_I_1_1_3_comp28+1_I_1_1_3_comp29+1_I_1_1_3_comp30+1_I_1_1_3_comp31+1_I_1_1_3_comp32+1_I_1_1_3_comp33+1_I_1_1_3_comp34+1_I_1_1_3_comp35+1_I_1_1_3_comp36+1_I_1_1_3_comp37+1_I_1_1_3_comp38+1_I_1_1_3_comp39+1_I_1_1_3_comp40+1_I_1_1_3_comp41+1_I_1_1_3_comp42+1_I_1_1_3_comp43+1_I_1_1_3_comp44+1_I_1_1_3_comp45+1_I_1_1_3_comp46+1_I_1_1_3_comp47+1_I_1_1_3_comp48+1_I_1_1_3_comp49+1_I_1_1_3_comp50+1_I_1_1_3_comp51+1_I_1_1_3_comp52+1_I_1_1_3_comp53+1_I_1_1_3_comp54+1_I_1_1_3_comp55+1_I_1_1_3_comp56+1_I_1_1_3_comp57+1_I_1_1_3_comp58+1_I_1_1_3_comp59+1_I_1_1_3_comp60+1_I_1_1_3_comp61+1_I_1_1_3_comp62+1_I_1_1_3_comp63+1_I_1_1_3_comp64+1_I_1_1_3_comp65+1_I_1_1_3_comp66+1_I_1_1_3_comp67+1_I_1_1_3_comp68+1_I_1_1_3_comp69+1_I_1_1_3_comp70+1_I_1_1_3_comp71+1_I_1_1_3_comp72+1_I_1_1_3_comp73+1_I_1_1_3_comp74+1_I_1_1_3_comp75+1_I_1_1_3_comp76+1_I_1_1_3_comp77+1_I_1_1_3_comp78+1_I_1_1_3_comp79+1_I_1_1_3_comp80+1_I_1_1_3_comp81+1_I_1_1_3_comp82+1_I_1_1_3_comp83+1_I_1_1_3_comp84+1_I_1_1_3_comp85+1_I_1_1_3_comp86+1_I_1_1_3_comp87+1_I_1_1_3_comp88+1_I_1_1_3_comp89,R_1_I_1_1_3,TCDB,TCDB.1_I_1_1_3_comp30
G_1_I_1_1_3_comp31,P_1_I_1_1_3_comp1+1_I_1_1_3_comp2+1_I_1_1_3_comp3+1_I_1_1_3_comp4+1_I_1_1_3_comp5+1_I_1_1_3_comp6+1_I_1_1_3_comp7+1_I_1_1_3_comp8+1_I_1_1_3_comp9+1_I_1_1_3_comp10+1_I_1_1_3_comp11+1_I_1_1_3_comp12+1_I_1_1_3_comp13+1_I_1_1_3_comp14+1_I_1_1_3_comp15+1_I_1_1_3_comp16+1_I_1_1_3_comp17+1_I_1_1_3_comp18+1_I_1_1_3_comp19+1_I_1_1_3_comp20+1_I_1_1_3_comp21+1_I_1_1_3_comp22+1_I_1_1_3_comp23+1_I_1_1_3_comp24+1_I_1_1_3_comp25+1_I_1_1_3_comp26+1_I_1_1_3_comp27+1_I_1_1_3_comp28+1_I_1_1_3_comp29+1_I_1_1_3_comp30+1_I_1_1_3_comp31+1_I_1_1_3_comp32+1_I_1_1_3_comp33+1_I_1_1_3_comp34+1_I_1_1_3_comp35+1_I_1_1_3_comp36+1_I_1_1_3_comp37+1_I_1_1_3_comp38+1_I_1_1_3_comp39+1_I_1_1_3_comp40+1_I_1_1_3_comp41+1_I_1_1_3_comp42+1_I_1_1_3_comp43+1_I_1_1_3_comp44+1_I_1_1_3_comp45+1_I_1_1_3_comp46+1_I_1_1_3_comp47+1_I_1_1_3_comp48+1_I_1_1_3_comp49+1_I_1_1_3_comp50+1_I_1_1_3_comp51+1_I_1_1_3_comp52+1_I_1_1_3_comp53+1_I_1_1_3_comp54+1_I_1_1_3_comp55+1_I_1_1_3_comp56+1_I_1_1_3_comp57+1_I_1_1_3_comp58+1_I_1_1_3_comp59+1_I_1_1_3_comp60+1_I_1_1_3_comp61+1_I_1_1_3_comp62+1_I_1_1_3_comp63+1_I_1_1_3_comp64+1_I_1_1_3_comp65+1_I_1_1_3_comp66+1_I_1_1_3_comp67+1_I_1_1_3_comp68+1_I_1_1_3_comp69+1_I_1_1_3_comp70+1_I_1_1_3_comp71+1_I_1_1_3_comp72+1_I_1_1_3_comp73+1_I_1_1_3_comp74+1_I_1_1_3_comp75+1_I_1_1_3_comp76+1_I_1_1_3_comp77+1_I_1_1_3_comp78+1_I_1_1_3_comp79+1_I_1_1_3_comp80+1_I_1_1_3_comp81+1_I_1_1_3_comp82+1_I_1_1_3_comp83+1_I_1_1_3_comp84+1_I_1_1_3_comp85+1_I_1_1_3_comp86+1_I_1_1_3_comp87+1_I_1_1_3_comp88+1_I_1_1_3_comp89,R_1_I_1_1_3,TCDB,TCDB.1_I_1_1_3_comp31
G_1_I_1_1_3_comp32,P_1_I_1_1_3_comp1+1_I_1_1_3_comp2+1_I_1_1_3_comp3+1_I_1_1_3_comp4+1_I_1_1_3_comp5+1_I_1_1_3_comp6+1_I_1_1_3_comp7+1_I_1_1_3_comp8+1_I_1_1_3_comp9+1_I_1_1_3_comp10+1_I_1_1_3_comp11+1_I_1_1_3_comp12+1_I_1_1_3_comp13+1_I_1_1_3_comp14+1_I_1_1_3_comp15+1_I_1_1_3_comp16+1_I_1_1_3_comp17+1_I_1_1_3_comp18+1_I_1_1_3_comp19+1_I_1_1_3_comp20+1_I_1_1_3_comp21+1_I_1_1_3_comp22+1_I_1_1_3_comp23+1_I_1_1_3_comp24+1_I_1_1_3_comp25+1_I_1_1_3_comp26+1_I_1_1_3_comp27+1_I_1_1_3_comp28+1_I_1_1_3_comp29+1_I_1_1_3_comp30+1_I_1_1_3_comp31+1_I_1_1_3_comp32+1_I_1_1_3_comp33+1_I_1_1_3_comp34+1_I_1_1_3_comp35+1_I_1_1_3_comp36+1_I_1_1_3_comp37+1_I_1_1_3_comp38+1_I_1_1_3_comp39+1_I_1_1_3_comp40+1_I_1_1_3_comp41+1_I_1_1_3_comp42+1_I_1_1_3_comp43+1_I_1_1_3_comp44+1_I_1_1_3_comp45+1_I_1_1_3_comp46+1_I_1_1_3_comp47+1_I_1_1_3_comp48+1_I_1_1_3_comp49+1_I_1_1_3_comp50+1_I_1_1_3_comp51+1_I_1_1_3_comp52+1_I_1_1_3_comp53+1_I_1_1_3_comp54+1_I_1_1_3_comp55+1_I_1_1_3_comp56+1_I_1_1_3_comp57+1_I_1_1_3_comp58+1_I_1_1_3_comp59+1_I_1_1_3_comp60+1_I_1_1_3_comp61+1_I_1_1_3_comp62+1_I_1_1_3_comp63+1_I_1_1_3_comp64+1_I_1_1_3_comp65+1_I_1_1_3_comp66+1_I_1_1_3_comp67+1_I_1_1_3_comp68+1_I_1_1_3_comp69+1_I_1_1_3_comp70+1_I_1_1_3_comp71+1_I_1_1_3_comp72+1_I_1_1_3_comp73+1_I_1_1_3_comp74+1_I_1_1_3_comp75+1_I_1_1_3_comp76+1_I_1_1_3_comp77+1_I_1_1_3_comp78+1_I_1_1_3_comp79+1_I_1_1_3_comp80+1_I_1_1_3_comp81+1_I_1_1_3_comp82+1_I_1_1_3_comp83+1_I_1_1_3_comp84+1_I_1_1_3_comp85+1_I_1_1_3_comp86+1_I_1_1_3_comp87+1_I_1_1_3_comp88+1_I_1_1_3_comp89,R_1_I_1_1_3,TCDB,TCDB.1_I_1_1_3_comp32
G_1_I_1_1_3_comp33,P_1_I_1_1_3_comp1+1_I_1_1_3_comp2+1_I_1_1_3_comp3+1_I_1_1_3_comp4+1_I_1_1_3_comp5+1_I_1_1_3_comp6+1_I_1_1_3_comp7+1_I_1_1_3_comp8+1_I_1_1_3_comp9+1_I_1_1_3_comp10+1_I_1_1_3_comp11+1_I_1_1_3_comp12+1_I_1_1_3_comp13+1_I_1_1_3_comp14+1_I_1_1_3_comp15+1_I_1_1_3_comp16+1_I_1_1_3_comp17+1_I_1_1_3_comp18+1_I_1_1_3_comp19+1_I_1_1_3_comp20+1_I_1_1_3_comp21+1_I_1_1_3_comp22+1_I_1_1_3_comp23+1_I_1_1_3_comp24+1_I_1_1_3_comp25+1_I_1_1_3_comp26+1_I_1_1_3_comp27+1_I_1_1_3_comp28+1_I_1_1_3_comp29+1_I_1_1_3_comp30+1_I_1_1_3_comp31+1_I_1_1_3_comp32+1_I_1_1_3_comp33+1_I_1_1_3_comp34+1_I_1_1_3_comp35+1_I_1_1_3_comp36+1_I_1_1_3_comp37+1_I_1_1_3_comp38+1_I_1_1_3_comp39+1_I_1_1_3_comp40+1_I_1_1_3_comp41+1_I_1_1_3_comp42+1_I_1_1_3_comp43+1_I_1_1_3_comp44+1_I_1_1_3_comp45+1_I_1_1_3_comp46+1_I_1_1_3_comp47+1_I_1_1_3_comp48+1_I_1_1_3_comp49+1_I_1_1_3_comp50+1_I_1_1_3_comp51+1_I_1_1_3_comp52+1_I_1_1_3_comp53+1_I_1_1_3_comp54+1_I_1_1_3_comp55+1_I_1_1_3_comp56+1_I_1_1_3_comp57+1_I_1_1_3_comp58+1_I_1_1_3_comp59+1_I_1_1_3_comp60+1_I_1_1_3_comp61+1_I_1_1_3_comp62+1_I_1_1_3_comp63+1_I_1_1_3_comp64+1_I_1_1_3_comp65+1_I_1_1_3_comp66+1_I_1_1_3_comp67+1_I_1_1_3_comp68+1_I_1_1_3_comp69+1_I_1_1_3_comp70+1_I_1_1_3_comp71+1_I_1_1_3_comp72+1_I_1_1_3_comp73+1_I_1_1_3_comp74+1_I_1_1_3_comp75+1_I_1_1_3_comp76+1_I_1_1_3_comp77+1_I_1_1_3_comp78+1_I_1_1_3_comp79+1_I_1_1_3_comp80+1_I_1_1_3_comp81+1_I_1_1_3_comp82+1_I_1_1_3_comp83+1_I_1_1_3_comp84+1_I_1_1_3_comp85+1_I_1_1_3_comp86+1_I_1_1_3_comp87+1_I_1_1_3_comp88+1_I_1_1_3_comp89,R_1_I_1_1_3,TCDB,TCDB.1_I_1_1_3_comp33
G_1_I_1_1_3_comp34,P_1_I_1_1_3_comp1+1_I_1_1_3_comp2+1_I_1_1_3_comp3+1_I_1_1_3_comp4+1_I_1_1_3_comp5+1_I_1_1_3_comp6+1_I_1_1_3_comp7+1_I_1_1_3_comp8+1_I_1_1_3_comp9+1_I_1_1_3_comp10+1_I_1_1_3_comp11+1_I_1_1_3_comp12+1_I_1_1_3_comp13+1_I_1_1_3_comp14+1_I_1_1_3_comp15+1_I_1_1_3_comp16+1_I_1_1_3_comp17+1_I_1_1_3_comp18+1_I_1_1_3_comp19+1_I_1_1_3_comp20+1_I_1_1_3_comp21+1_I_1_1_3_comp22+1_I_1_1_3_comp23+1_I_1_1_3_comp24+1_I_1_1_3_comp25+1_I_1_1_3_comp26+1_I_1_1_3_comp27+1_I_1_1_3_comp28+1_I_1_1_3_comp29+1_I_1_1_3_comp30+1_I_1_1_3_comp31+1_I_1_1_3_comp32+1_I_1_1_3_comp33+1_I_1_1_3_comp34+1_I_1_1_3_comp35+1_I_1_1_3_comp36+1_I_1_1_3_comp37+1_I_1_1_3_comp38+1_I_1_1_3_comp39+1_I_1_1_3_comp40+1_I_1_1_3_comp41+1_I_1_1_3_comp42+1_I_1_1_3_comp43+1_I_1_1_3_comp44+1_I_1_1_3_comp45+1_I_1_1_3_comp46+1_I_1_1_3_comp47+1_I_1_1_3_comp48+1_I_1_1_3_comp49+1_I_1_1_3_comp50+1_I_1_1_3_comp51+1_I_1_1_3_comp52+1_I_1_1_3_comp53+1_I_1_1_3_comp54+1_I_1_1_3_comp55+1_I_1_1_3_comp56+1_I_1_1_3_comp57+1_I_1_1_3_comp58+1_I_1_1_3_comp59+1_I_1_1_3_comp60+1_I_1_1_3_comp61+1_I_1_1_3_comp62+1_I_1_1_3_comp63+1_I_1_1_3_comp64+1_I_1_1_3_comp65+1_I_1_1_3_comp66+1_I_1_1_3_comp67+1_I_1_1_3_comp68+1_I_1_1_3_comp69+1_I_1_1_3_comp70+1_I_1_1_3_comp71+1_I_1_1_3_comp72+1_I_1_1_3_comp73+1_I_1_1_3_comp74+1_I_1_1_3_comp75+1_I_1_1_3_comp76+1_I_1_1_3_comp77+1_I_1_1_3_comp78+1_I_1_1_3_comp79+1_I_1_1_3_comp80+1_I_1_1_3_comp81+1_I_1_1_3_comp82+1_I_1_1_3_comp83+1_I_1_1_3_comp84+1_I_1_1_3_comp85+1_I_1_1_3_comp86+1_I_1_1_3_comp87+1_I_1_1_3_comp88+1_I_1_1_3_comp89,R_1_I_1_1_3,TCDB,TCDB.1_I_1_1_3_comp34
G_1_I_1_1_3_comp35,P_1_I_1_1_3_comp1+1_I_1_1_3_comp2+1_I_1_1_3_comp3+1_I_1_1_3_comp4+1_I_1_1_3_comp5+1_I_1_1_3_comp6+1_I_1_1_3_comp7+1_I_1_1_3_comp8+1_I_1_1_3_comp9+1_I_1_1_3_comp10+1_I_1_1_3_comp11+1_I_1_1_3_comp12+1_I_1_1_3_comp13+1_I_1_1_3_comp14+1_I_1_1_3_comp15+1_I_1_1_3_comp16+1_I_1_1_3_comp17+1_I_1_1_3_comp18+1_I_1_1_3_comp19+1_I_1_1_3_comp20+1_I_1_1_3_comp21+1_I_1_1_3_comp22+1_I_1_1_3_comp23+1_I_1_1_3_comp24+1_I_1_1_3_comp25+1_I_1_1_3_comp26+1_I_1_1_3_comp27+1_I_1_1_3_comp28+1_I_1_1_3_comp29+1_I_1_1_3_comp30+1_I_1_1_3_comp31+1_I_1_1_3_comp32+1_I_1_1_3_comp33+1_I_1_1_3_comp34+1_I_1_1_3_comp35+1_I_1_1_3_comp36+1_I_1_1_3_comp37+1_I_1_1_3_comp38+1_I_1_1_3_comp39+1_I_1_1_3_comp40+1_I_1_1_3_comp41+1_I_1_1_3_comp42+1_I_1_1_3_comp43+1_I_1_1_3_comp44+1_I_1_1_3_comp45+1_I_1_1_3_comp46+1_I_1_1_3_comp47+1_I_1_1_3_comp48+1_I_1_1_3_comp49+1_I_1_1_3_comp50+1_I_1_1_3_comp51+1_I_1_1_3_comp52+1_I_1_1_3_comp53+1_I_1_1_3_comp54+1_I_1_1_3_comp55+1_I_1_1_3_comp56+1_I_1_1_3_comp57+1_I_1_1_3_comp58+1_I_1_1_3_comp59+1_I_1_1_3_comp60+1_I_1_1_3_comp61+1_I_1_1_3_comp62+1_I_1_1_3_comp63+1_I_1_1_3_comp64+1_I_1_1_3_comp65+1_I_1_1_3_comp66+1_I_1_1_3_comp67+1_I_1_1_3_comp68+1_I_1_1_3_comp69+1_I_1_1_3_comp70+1_I_1_1_3_comp71+1_I_1_1_3_comp72+1_I_1_1_3_comp73+1_I_1_1_3_comp74+1_I_1_1_3_comp75+1_I_1_1_3_comp76+1_I_1_1_3_comp77+1_I_1_1_3_comp78+1_I_1_1_3_comp79+1_I_1_1_3_comp80+1_I_1_1_3_comp81+1_I_1_1_3_comp82+1_I_1_1_3_comp83+1_I_1_1_3_comp84+1_I_1_1_3_comp85+1_I_1_1_3_comp86+1_I_1_1_3_comp87+1_I_1_1_3_comp88+1_I_1_1_3_comp89,R_1_I_1_1_3,TCDB,TCDB.1_I_1_1_3_comp35
G_1_I_1_1_3_comp36,P_1_I_1_1_3_comp1+1_I_1_1_3_comp2+1_I_1_1_3_comp3+1_I_1_1_3_comp4+1_I_1_1_3_comp5+1_I_1_1_3_comp6+1_I_1_1_3_comp7+1_I_1_1_3_comp8+1_I_1_1_3_comp9+1_I_1_1_3_comp10+1_I_1_1_3_comp11+1_I_1_1_3_comp12+1_I_1_1_3_comp13+1_I_1_1_3_comp14+1_I_1_1_3_comp15+1_I_1_1_3_comp16+1_I_1_1_3_comp17+1_I_1_1_3_comp18+1_I_1_1_3_comp19+1_I_1_1_3_comp20+1_I_1_1_3_comp21+1_I_1_1_3_comp22+1_I_1_1_3_comp23+1_I_1_1_3_comp24+1_I_1_1_3_comp25+1_I_1_1_3_comp26+1_I_1_1_3_comp27+1_I_1_1_3_comp28+1_I_1_1_3_comp29+1_I_1_1_3_comp30+1_I_1_1_3_comp31+1_I_1_1_3_comp32+1_I_1_1_3_comp33+1_I_1_1_3_comp34+1_I_1_1_3_comp35+1_I_1_1_3_comp36+1_I_1_1_3_comp37+1_I_1_1_3_comp38+1_I_1_1_3_comp39+1_I_1_1_3_comp40+1_I_1_1_3_comp41+1_I_1_1_3_comp42+1_I_1_1_3_comp43+1_I_1_1_3_comp44+1_I_1_1_3_comp45+1_I_1_1_3_comp46+1_I_1_1_3_comp47+1_I_1_1_3_comp48+1_I_1_1_3_comp49+1_I_1_1_3_comp50+1_I_1_1_3_comp51+1_I_1_1_3_comp52+1_I_1_1_3_comp53+1_I_1_1_3_comp54+1_I_1_1_3_comp55+1_I_1_1_3_comp56+1_I_1_1_3_comp57+1_I_1_1_3_comp58+1_I_1_1_3_comp59+1_I_1_1_3_comp60+1_I_1_1_3_comp61+1_I_1_1_3_comp62+1_I_1_1_3_comp63+1_I_1_1_3_comp64+1_I_1_1_3_comp65+1_I_1_1_3_comp66+1_I_1_1_3_comp67+1_I_1_1_3_comp68+1_I_1_1_3_comp69+1_I_1_1_3_comp70+1_I_1_1_3_comp71+1_I_1_1_3_comp72+1_I_1_1_3_comp73+1_I_1_1_3_comp74+1_I_1_1_3_comp75+1_I_1_1_3_comp76+1_I_1_1_3_comp77+1_I_1_1_3_comp78+1_I_1_1_3_comp79+1_I_1_1_3_comp80+1_I_1_1_3_comp81+1_I_1_1_3_comp82+1_I_1_1_3_comp83+1_I_1_1_3_comp84+1_I_1_1_3_comp85+1_I_1_1_3_comp86+1_I_1_1_3_comp87+1_I_1_1_3_comp88+1_I_1_1_3_comp89,R_1_I_1_1_3,TCDB,TCDB.1_I_1_1_3_comp36
G_1_I_1_1_3_comp37,P_1_I_1_1_3_comp1+1_I_1_1_3_comp2+1_I_1_1_3_comp3+1_I_1_1_3_comp4+1_I_1_1_3_comp5+1_I_1_1_3_comp6+1_I_1_1_3_comp7+1_I_1_1_3_comp8+1_I_1_1_3_comp9+1_I_1_1_3_comp10+1_I_1_1_3_comp11+1_I_1_1_3_comp12+1_I_1_1_3_comp13+1_I_1_1_3_comp14+1_I_1_1_3_comp15+1_I_1_1_3_comp16+1_I_1_1_3_comp17+1_I_1_1_3_comp18+1_I_1_1_3_comp19+1_I_1_1_3_comp20+1_I_1_1_3_comp21+1_I_1_1_3_comp22+1_I_1_1_3_comp23+1_I_1_1_3_comp24+1_I_1_1_3_comp25+1_I_1_1_3_comp26+1_I_1_1_3_comp27+1_I_1_1_3_comp28+1_I_1_1_3_comp29+1_I_1_1_3_comp30+1_I_1_1_3_comp31+1_I_1_1_3_comp32+1_I_1_1_3_comp33+1_I_1_1_3_comp34+1_I_1_1_3_comp35+1_I_1_1_3_comp36+1_I_1_1_3_comp37+1_I_1_1_3_comp38+1_I_1_1_3_comp39+1_I_1_1_3_comp40+1_I_1_1_3_comp41+1_I_1_1_3_comp42+1_I_1_1_3_comp43+1_I_1_1_3_comp44+1_I_1_1_3_comp45+1_I_1_1_3_comp46+1_I_1_1_3_comp47+1_I_1_1_3_comp48+1_I_1_1_3_comp49+1_I_1_1_3_comp50+1_I_1_1_3_comp51+1_I_1_1_3_comp52+1_I_1_1_3_comp53+1_I_1_1_3_comp54+1_I_1_1_3_comp55+1_I_1_1_3_comp56+1_I_1_1_3_comp57+1_I_1_1_3_comp58+1_I_1_1_3_comp59+1_I_1_1_3_comp60+1_I_1_1_3_comp61+1_I_1_1_3_comp62+1_I_1_1_3_comp63+1_I_1_1_3_comp64+1_I_1_1_3_comp65+1_I_1_1_3_comp66+1_I_1_1_3_comp67+1_I_1_1_3_comp68+1_I_1_1_3_comp69+1_I_1_1_3_comp70+1_I_1_1_3_comp71+1_I_1_1_3_comp72+1_I_1_1_3_comp73+1_I_1_1_3_comp74+1_I_1_1_3_comp75+1_I_1_1_3_comp76+1_I_1_1_3_comp77+1_I_1_1_3_comp78+1_I_1_1_3_comp79+1_I_1_1_3_comp80+1_I_1_1_3_comp81+1_I_1_1_3_comp82+1_I_1_1_3_comp83+1_I_1_1_3_comp84+1_I_1_1_3_comp85+1_I_1_1_3_comp86+1_I_1_1_3_comp87+1_I_1_1_3_comp88+1_I_1_1_3_comp89,R_1_I_1_1_3,TCDB,TCDB.1_I_1_1_3_comp37
G_1_I_1_1_3_comp38,P_1_I_1_1_3_comp1+1_I_1_1_3_comp2+1_I_1_1_3_comp3+1_I_1_1_3_comp4+1_I_1_1_3_comp5+1_I_1_1_3_comp6+1_I_1_1_3_comp7+1_I_1_1_3_comp8+1_I_1_1_3_comp9+1_I_1_1_3_comp10+1_I_1_1_3_comp11+1_I_1_1_3_comp12+1_I_1_1_3_comp13+1_I_1_1_3_comp14+1_I_1_1_3_comp15+1_I_1_1_3_comp16+1_I_1_1_3_comp17+1_I_1_1_3_comp18+1_I_1_1_3_comp19+1_I_1_1_3_comp20+1_I_1_1_3_comp21+1_I_1_1_3_comp22+1_I_1_1_3_comp23+1_I_1_1_3_comp24+1_I_1_1_3_comp25+1_I_1_1_3_comp26+1_I_1_1_3_comp27+1_I_1_1_3_comp28+1_I_1_1_3_comp29+1_I_1_1_3_comp30+1_I_1_1_3_comp31+1_I_1_1_3_comp32+1_I_1_1_3_comp33+1_I_1_1_3_comp34+1_I_1_1_3_comp35+1_I_1_1_3_comp36+1_I_1_1_3_comp37+1_I_1_1_3_comp38+1_I_1_1_3_comp39+1_I_1_1_3_comp40+1_I_1_1_3_comp41+1_I_1_1_3_comp42+1_I_1_1_3_comp43+1_I_1_1_3_comp44+1_I_1_1_3_comp45+1_I_1_1_3_comp46+1_I_1_1_3_comp47+1_I_1_1_3_comp48+1_I_1_1_3_comp49+1_I_1_1_3_comp50+1_I_1_1_3_comp51+1_I_1_1_3_comp52+1_I_1_1_3_comp53+1_I_1_1_3_comp54+1_I_1_1_3_comp55+1_I_1_1_3_comp56+1_I_1_1_3_comp57+1_I_1_1_3_comp58+1_I_1_1_3_comp59+1_I_1_1_3_comp60+1_I_1_1_3_comp61+1_I_1_1_3_comp62+1_I_1_1_3_comp63+1_I_1_1_3_comp64+1_I_1_1_3_comp65+1_I_1_1_3_comp66+1_I_1_1_3_comp67+1_I_1_1_3_comp68+1_I_1_1_3_comp69+1_I_1_1_3_comp70+1_I_1_1_3_comp71+1_I_1_1_3_comp72+1_I_1_1_3_comp73+1_I_1_1_3_comp74+1_I_1_1_3_comp75+1_I_1_1_3_comp76+1_I_1_1_3_comp77+1_I_1_1_3_comp78+1_I_1_1_3_comp79+1_I_1_1_3_comp80+1_I_1_1_3_comp81+1_I_1_1_3_comp82+1_I_1_1_3_comp83+1_I_1_1_3_comp84+1_I_1_1_3_comp85+1_I_1_1_3_comp86+1_I_1_1_3_comp87+1_I_1_1_3_comp88+1_I_1_1_3_comp89,R_1_I_1_1_3,TCDB,TCDB.1_I_1_1_3_comp38
G_1_I_1_1_3_comp39,P_1_I_1_1_3_comp1+1_I_1_1_3_comp2+1_I_1_1_3_comp3+1_I_1_1_3_comp4+1_I_1_1_3_comp5+1_I_1_1_3_comp6+1_I_1_1_3_comp7+1_I_1_1_3_comp8+1_I_1_1_3_comp9+1_I_1_1_3_comp10+1_I_1_1_3_comp11+1_I_1_1_3_comp12+1_I_1_1_3_comp13+1_I_1_1_3_comp14+1_I_1_1_3_comp15+1_I_1_1_3_comp16+1_I_1_1_3_comp17+1_I_1_1_3_comp18+1_I_1_1_3_comp19+1_I_1_1_3_comp20+1_I_1_1_3_comp21+1_I_1_1_3_comp22+1_I_1_1_3_comp23+1_I_1_1_3_comp24+1_I_1_1_3_comp25+1_I_1_1_3_comp26+1_I_1_1_3_comp27+1_I_1_1_3_comp28+1_I_1_1_3_comp29+1_I_1_1_3_comp30+1_I_1_1_3_comp31+1_I_1_1_3_comp32+1_I_1_1_3_comp33+1_I_1_1_3_comp34+1_I_1_1_3_comp35+1_I_1_1_3_comp36+1_I_1_1_3_comp37+1_I_1_1_3_comp38+1_I_1_1_3_comp39+1_I_1_1_3_comp40+1_I_1_1_3_comp41+1_I_1_1_3_comp42+1_I_1_1_3_comp43+1_I_1_1_3_comp44+1_I_1_1_3_comp45+1_I_1_1_3_comp46+1_I_1_1_3_comp47+1_I_1_1_3_comp48+1_I_1_1_3_comp49+1_I_1_1_3_comp50+1_I_1_1_3_comp51+1_I_1_1_3_comp52+1_I_1_1_3_comp53+1_I_1_1_3_comp54+1_I_1_1_3_comp55+1_I_1_1_3_comp56+1_I_1_1_3_comp57+1_I_1_1_3_comp58+1_I_1_1_3_comp59+1_I_1_1_3_comp60+1_I_1_1_3_comp61+1_I_1_1_3_comp62+1_I_1_1_3_comp63+1_I_1_1_3_comp64+1_I_1_1_3_comp65+1_I_1_1_3_comp66+1_I_1_1_3_comp67+1_I_1_1_3_comp68+1_I_1_1_3_comp69+1_I_1_1_3_comp70+1_I_1_1_3_comp71+1_I_1_1_3_comp72+1_I_1_1_3_comp73+1_I_1_1_3_comp74+1_I_1_1_3_comp75+1_I_1_1_3_comp76+1_I_1_1_3_comp77+1_I_1_1_3_comp78+1_I_1_1_3_comp79+1_I_1_1_3_comp80+1_I_1_1_3_comp81+1_I_1_1_3_comp82+1_I_1_1_3_comp83+1_I_1_1_3_comp84+1_I_1_1_3_comp85+1_I_1_1_3_comp86+1_I_1_1_3_comp87+1_I_1_1_3_comp88+1_I_1_1_3_comp89,R_1_I_1_1_3,TCDB,TCDB.1_I_1_1_3_comp39
G_1_I_1_1_3_comp40,P_1_I_1_1_3_comp1+1_I_1_1_3_comp2+1_I_1_1_3_comp3+1_I_1_1_3_comp4+1_I_1_1_3_comp5+1_I_1_1_3_comp6+1_I_1_1_3_comp7+1_I_1_1_3_comp8+1_I_1_1_3_comp9+1_I_1_1_3_comp10+1_I_1_1_3_comp11+1_I_1_1_3_comp12+1_I_1_1_3_comp13+1_I_1_1_3_comp14+1_I_1_1_3_comp15+1_I_1_1_3_comp16+1_I_1_1_3_comp17+1_I_1_1_3_comp18+1_I_1_1_3_comp19+1_I_1_1_3_comp20+1_I_1_1_3_comp21+1_I_1_1_3_comp22+1_I_1_1_3_comp23+1_I_1_1_3_comp24+1_I_1_1_3_comp25+1_I_1_1_3_comp26+1_I_1_1_3_comp27+1_I_1_1_3_comp28+1_I_1_1_3_comp29+1_I_1_1_3_comp30+1_I_1_1_3_comp31+1_I_1_1_3_comp32+1_I_1_1_3_comp33+1_I_1_1_3_comp34+1_I_1_1_3_comp35+1_I_1_1_3_comp36+1_I_1_1_3_comp37+1_I_1_1_3_comp38+1_I_1_1_3_comp39+1_I_1_1_3_comp40+1_I_1_1_3_comp41+1_I_1_1_3_comp42+1_I_1_1_3_comp43+1_I_1_1_3_comp44+1_I_1_1_3_comp45+1_I_1_1_3_comp46+1_I_1_1_3_comp47+1_I_1_1_3_comp48+1_I_1_1_3_comp49+1_I_1_1_3_comp50+1_I_1_1_3_comp51+1_I_1_1_3_comp52+1_I_1_1_3_comp53+1_I_1_1_3_comp54+1_I_1_1_3_comp55+1_I_1_1_3_comp56+1_I_1_1_3_comp57+1_I_1_1_3_comp58+1_I_1_1_3_comp59+1_I_1_1_3_comp60+1_I_1_1_3_comp61+1_I_1_1_3_comp62+1_I_1_1_3_comp63+1_I_1_1_3_comp64+1_I_1_1_3_comp65+1_I_1_1_3_comp66+1_I_1_1_3_comp67+1_I_1_1_3_comp68+1_I_1_1_3_comp69+1_I_1_1_3_comp70+1_I_1_1_3_comp71+1_I_1_1_3_comp72+1_I_1_1_3_comp73+1_I_1_1_3_comp74+1_I_1_1_3_comp75+1_I_1_1_3_comp76+1_I_1_1_3_comp77+1_I_1_1_3_comp78+1_I_1_1_3_comp79+1_I_1_1_3_comp80+1_I_1_1_3_comp81+1_I_1_1_3_comp82+1_I_1_1_3_comp83+1_I_1_1_3_comp84+1_I_1_1_3_comp85+1_I_1_1_3_comp86+1_I_1_1_3_comp87+1_I_1_1_3_comp88+1_I_1_1_3_comp89,R_1_I_1_1_3,TCDB,TCDB.1_I_1_1_3_comp40
G_1_I_1_1_3_comp41,P_1_I_1_1_3_comp1+1_I_1_1_3_comp2+1_I_1_1_3_comp3+1_I_1_1_3_comp4+1_I_1_1_3_comp5+1_I_1_1_3_comp6+1_I_1_1_3_comp7+1_I_1_1_3_comp8+1_I_1_1_3_comp9+1_I_1_1_3_comp10+1_I_1_1_3_comp11+1_I_1_1_3_comp12+1_I_1_1_3_comp13+1_I_1_1_3_comp14+1_I_1_1_3_comp15+1_I_1_1_3_comp16+1_I_1_1_3_comp17+1_I_1_1_3_comp18+1_I_1_1_3_comp19+1_I_1_1_3_comp20+1_I_1_1_3_comp21+1_I_1_1_3_comp22+1_I_1_1_3_comp23+1_I_1_1_3_comp24+1_I_1_1_3_comp25+1_I_1_1_3_comp26+1_I_1_1_3_comp27+1_I_1_1_3_comp28+1_I_1_1_3_comp29+1_I_1_1_3_comp30+1_I_1_1_3_comp31+1_I_1_1_3_comp32+1_I_1_1_3_comp33+1_I_1_1_3_comp34+1_I_1_1_3_comp35+1_I_1_1_3_comp36+1_I_1_1_3_comp37+1_I_1_1_3_comp38+1_I_1_1_3_comp39+1_I_1_1_3_comp40+1_I_1_1_3_comp41+1_I_1_1_3_comp42+1_I_1_1_3_comp43+1_I_1_1_3_comp44+1_I_1_1_3_comp45+1_I_1_1_3_comp46+1_I_1_1_3_comp47+1_I_1_1_3_comp48+1_I_1_1_3_comp49+1_I_1_1_3_comp50+1_I_1_1_3_comp51+1_I_1_1_3_comp52+1_I_1_1_3_comp53+1_I_1_1_3_comp54+1_I_1_1_3_comp55+1_I_1_1_3_comp56+1_I_1_1_3_comp57+1_I_1_1_3_comp58+1_I_1_1_3_comp59+1_I_1_1_3_comp60+1_I_1_1_3_comp61+1_I_1_1_3_comp62+1_I_1_1_3_comp63+1_I_1_1_3_comp64+1_I_1_1_3_comp65+1_I_1_1_3_comp66+1_I_1_1_3_comp67+1_I_1_1_3_comp68+1_I_1_1_3_comp69+1_I_1_1_3_comp70+1_I_1_1_3_comp71+1_I_1_1_3_comp72+1_I_1_1_3_comp73+1_I_1_1_3_comp74+1_I_1_1_3_comp75+1_I_1_1_3_comp76+1_I_1_1_3_comp77+1_I_1_1_3_comp78+1_I_1_1_3_comp79+1_I_1_1_3_comp80+1_I_1_1_3_comp81+1_I_1_1_3_comp82+1_I_1_1_3_comp83+1_I_1_1_3_comp84+1_I_1_1_3_comp85+1_I_1_1_3_comp86+1_I_1_1_3_comp87+1_I_1_1_3_comp88+1_I_1_1_3_comp89,R_1_I_1_1_3,TCDB,TCDB.1_I_1_1_3_comp41
G_1_I_1_1_3_comp42,P_1_I_1_1_3_comp1+1_I_1_1_3_comp2+1_I_1_1_3_comp3+1_I_1_1_3_comp4+1_I_1_1_3_comp5+1_I_1_1_3_comp6+1_I_1_1_3_comp7+1_I_1_1_3_comp8+1_I_1_1_3_comp9+1_I_1_1_3_comp10+1_I_1_1_3_comp11+1_I_1_1_3_comp12+1_I_1_1_3_comp13+1_I_1_1_3_comp14+1_I_1_1_3_comp15+1_I_1_1_3_comp16+1_I_1_1_3_comp17+1_I_1_1_3_comp18+1_I_1_1_3_comp19+1_I_1_1_3_comp20+1_I_1_1_3_comp21+1_I_1_1_3_comp22+1_I_1_1_3_comp23+1_I_1_1_3_comp24+1_I_1_1_3_comp25+1_I_1_1_3_comp26+1_I_1_1_3_comp27+1_I_1_1_3_comp28+1_I_1_1_3_comp29+1_I_1_1_3_comp30+1_I_1_1_3_comp31+1_I_1_1_3_comp32+1_I_1_1_3_comp33+1_I_1_1_3_comp34+1_I_1_1_3_comp35+1_I_1_1_3_comp36+1_I_1_1_3_comp37+1_I_1_1_3_comp38+1_I_1_1_3_comp39+1_I_1_1_3_comp40+1_I_1_1_3_comp41+1_I_1_1_3_comp42+1_I_1_1_3_comp43+1_I_1_1_3_comp44+1_I_1_1_3_comp45+1_I_1_1_3_comp46+1_I_1_1_3_comp47+1_I_1_1_3_comp48+1_I_1_1_3_comp49+1_I_1_1_3_comp50+1_I_1_1_3_comp51+1_I_1_1_3_comp52+1_I_1_1_3_comp53+1_I_1_1_3_comp54+1_I_1_1_3_comp55+1_I_1_1_3_comp56+1_I_1_1_3_comp57+1_I_1_1_3_comp58+1_I_1_1_3_comp59+1_I_1_1_3_comp60+1_I_1_1_3_comp61+1_I_1_1_3_comp62+1_I_1_1_3_comp63+1_I_1_1_3_comp64+1_I_1_1_3_comp65+1_I_1_1_3_comp66+1_I_1_1_3_comp67+1_I_1_1_3_comp68+1_I_1_1_3_comp69+1_I_1_1_3_comp70+1_I_1_1_3_comp71+1_I_1_1_3_comp72+1_I_1_1_3_comp73+1_I_1_1_3_comp74+1_I_1_1_3_comp75+1_I_1_1_3_comp76+1_I_1_1_3_comp77+1_I_1_1_3_comp78+1_I_1_1_3_comp79+1_I_1_1_3_comp80+1_I_1_1_3_comp81+1_I_1_1_3_comp82+1_I_1_1_3_comp83+1_I_1_1_3_comp84+1_I_1_1_3_comp85+1_I_1_1_3_comp86+1_I_1_1_3_comp87+1_I_1_1_3_comp88+1_I_1_1_3_comp89,R_1_I_1_1_3,TCDB,TCDB.1_I_1_1_3_comp42
G_1_I_1_1_3_comp43,P_1_I_1_1_3_comp1+1_I_1_1_3_comp2+1_I_1_1_3_comp3+1_I_1_1_3_comp4+1_I_1_1_3_comp5+1_I_1_1_3_comp6+1_I_1_1_3_comp7+1_I_1_1_3_comp8+1_I_1_1_3_comp9+1_I_1_1_3_comp10+1_I_1_1_3_comp11+1_I_1_1_3_comp12+1_I_1_1_3_comp13+1_I_1_1_3_comp14+1_I_1_1_3_comp15+1_I_1_1_3_comp16+1_I_1_1_3_comp17+1_I_1_1_3_comp18+1_I_1_1_3_comp19+1_I_1_1_3_comp20+1_I_1_1_3_comp21+1_I_1_1_3_comp22+1_I_1_1_3_comp23+1_I_1_1_3_comp24+1_I_1_1_3_comp25+1_I_1_1_3_comp26+1_I_1_1_3_comp27+1_I_1_1_3_comp28+1_I_1_1_3_comp29+1_I_1_1_3_comp30+1_I_1_1_3_comp31+1_I_1_1_3_comp32+1_I_1_1_3_comp33+1_I_1_1_3_comp34+1_I_1_1_3_comp35+1_I_1_1_3_comp36+1_I_1_1_3_comp37+1_I_1_1_3_comp38+1_I_1_1_3_comp39+1_I_1_1_3_comp40+1_I_1_1_3_comp41+1_I_1_1_3_comp42+1_I_1_1_3_comp43+1_I_1_1_3_comp44+1_I_1_1_3_comp45+1_I_1_1_3_comp46+1_I_1_1_3_comp47+1_I_1_1_3_comp48+1_I_1_1_3_comp49+1_I_1_1_3_comp50+1_I_1_1_3_comp51+1_I_1_1_3_comp52+1_I_1_1_3_comp53+1_I_1_1_3_comp54+1_I_1_1_3_comp55+1_I_1_1_3_comp56+1_I_1_1_3_comp57+1_I_1_1_3_comp58+1_I_1_1_3_comp59+1_I_1_1_3_comp60+1_I_1_1_3_comp61+1_I_1_1_3_comp62+1_I_1_1_3_comp63+1_I_1_1_3_comp64+1_I_1_1_3_comp65+1_I_1_1_3_comp66+1_I_1_1_3_comp67+1_I_1_1_3_comp68+1_I_1_1_3_comp69+1_I_1_1_3_comp70+1_I_1_1_3_comp71+1_I_1_1_3_comp72+1_I_1_1_3_comp73+1_I_1_1_3_comp74+1_I_1_1_3_comp75+1_I_1_1_3_comp76+1_I_1_1_3_comp77+1_I_1_1_3_comp78+1_I_1_1_3_comp79+1_I_1_1_3_comp80+1_I_1_1_3_comp81+1_I_1_1_3_comp82+1_I_1_1_3_comp83+1_I_1_1_3_comp84+1_I_1_1_3_comp85+1_I_1_1_3_comp86+1_I_1_1_3_comp87+1_I_1_1_3_comp88+1_I_1_1_3_comp89,R_1_I_1_1_3,TCDB,TCDB.1_I_1_1_3_comp43
G_1_I_1_1_3_comp44,P_1_I_1_1_3_comp1+1_I_1_1_3_comp2+1_I_1_1_3_comp3+1_I_1_1_3_comp4+1_I_1_1_3_comp5+1_I_1_1_3_comp6+1_I_1_1_3_comp7+1_I_1_1_3_comp8+1_I_1_1_3_comp9+1_I_1_1_3_comp10+1_I_1_1_3_comp11+1_I_1_1_3_comp12+1_I_1_1_3_comp13+1_I_1_1_3_comp14+1_I_1_1_3_comp15+1_I_1_1_3_comp16+1_I_1_1_3_comp17+1_I_1_1_3_comp18+1_I_1_1_3_comp19+1_I_1_1_3_comp20+1_I_1_1_3_comp21+1_I_1_1_3_comp22+1_I_1_1_3_comp23+1_I_1_1_3_comp24+1_I_1_1_3_comp25+1_I_1_1_3_comp26+1_I_1_1_3_comp27+1_I_1_1_3_comp28+1_I_1_1_3_comp29+1_I_1_1_3_comp30+1_I_1_1_3_comp31+1_I_1_1_3_comp32+1_I_1_1_3_comp33+1_I_1_1_3_comp34+1_I_1_1_3_comp35+1_I_1_1_3_comp36+1_I_1_1_3_comp37+1_I_1_1_3_comp38+1_I_1_1_3_comp39+1_I_1_1_3_comp40+1_I_1_1_3_comp41+1_I_1_1_3_comp42+1_I_1_1_3_comp43+1_I_1_1_3_comp44+1_I_1_1_3_comp45+1_I_1_1_3_comp46+1_I_1_1_3_comp47+1_I_1_1_3_comp48+1_I_1_1_3_comp49+1_I_1_1_3_comp50+1_I_1_1_3_comp51+1_I_1_1_3_comp52+1_I_1_1_3_comp53+1_I_1_1_3_comp54+1_I_1_1_3_comp55+1_I_1_1_3_comp56+1_I_1_1_3_comp57+1_I_1_1_3_comp58+1_I_1_1_3_comp59+1_I_1_1_3_comp60+1_I_1_1_3_comp61+1_I_1_1_3_comp62+1_I_1_1_3_comp63+1_I_1_1_3_comp64+1_I_1_1_3_comp65+1_I_1_1_3_comp66+1_I_1_1_3_comp67+1_I_1_1_3_comp68+1_I_1_1_3_comp69+1_I_1_1_3_comp70+1_I_1_1_3_comp71+1_I_1_1_3_comp72+1_I_1_1_3_comp73+1_I_1_1_3_comp74+1_I_1_1_3_comp75+1_I_1_1_3_comp76+1_I_1_1_3_comp77+1_I_1_1_3_comp78+1_I_1_1_3_comp79+1_I_1_1_3_comp80+1_I_1_1_3_comp81+1_I_1_1_3_comp82+1_I_1_1_3_comp83+1_I_1_1_3_comp84+1_I_1_1_3_comp85+1_I_1_1_3_comp86+1_I_1_1_3_comp87+1_I_1_1_3_comp88+1_I_1_1_3_comp89,R_1_I_1_1_3,TCDB,TCDB.1_I_1_1_3_comp44
G_1_I_1_1_3_comp45,P_1_I_1_1_3_comp1+1_I_1_1_3_comp2+1_I_1_1_3_comp3+1_I_1_1_3_comp4+1_I_1_1_3_comp5+1_I_1_1_3_comp6+1_I_1_1_3_comp7+1_I_1_1_3_comp8+1_I_1_1_3_comp9+1_I_1_1_3_comp10+1_I_1_1_3_comp11+1_I_1_1_3_comp12+1_I_1_1_3_comp13+1_I_1_1_3_comp14+1_I_1_1_3_comp15+1_I_1_1_3_comp16+1_I_1_1_3_comp17+1_I_1_1_3_comp18+1_I_1_1_3_comp19+1_I_1_1_3_comp20+1_I_1_1_3_comp21+1_I_1_1_3_comp22+1_I_1_1_3_comp23+1_I_1_1_3_comp24+1_I_1_1_3_comp25+1_I_1_1_3_comp26+1_I_1_1_3_comp27+1_I_1_1_3_comp28+1_I_1_1_3_comp29+1_I_1_1_3_comp30+1_I_1_1_3_comp31+1_I_1_1_3_comp32+1_I_1_1_3_comp33+1_I_1_1_3_comp34+1_I_1_1_3_comp35+1_I_1_1_3_comp36+1_I_1_1_3_comp37+1_I_1_1_3_comp38+1_I_1_1_3_comp39+1_I_1_1_3_comp40+1_I_1_1_3_comp41+1_I_1_1_3_comp42+1_I_1_1_3_comp43+1_I_1_1_3_comp44+1_I_1_1_3_comp45+1_I_1_1_3_comp46+1_I_1_1_3_comp47+1_I_1_1_3_comp48+1_I_1_1_3_comp49+1_I_1_1_3_comp50+1_I_1_1_3_comp51+1_I_1_1_3_comp52+1_I_1_1_3_comp53+1_I_1_1_3_comp54+1_I_1_1_3_comp55+1_I_1_1_3_comp56+1_I_1_1_3_comp57+1_I_1_1_3_comp58+1_I_1_1_3_comp59+1_I_1_1_3_comp60+1_I_1_1_3_comp61+1_I_1_1_3_comp62+1_I_1_1_3_comp63+1_I_1_1_3_comp64+1_I_1_1_3_comp65+1_I_1_1_3_comp66+1_I_1_1_3_comp67+1_I_1_1_3_comp68+1_I_1_1_3_comp69+1_I_1_1_3_comp70+1_I_1_1_3_comp71+1_I_1_1_3_comp72+1_I_1_1_3_comp73+1_I_1_1_3_comp74+1_I_1_1_3_comp75+1_I_1_1_3_comp76+1_I_1_1_3_comp77+1_I_1_1_3_comp78+1_I_1_1_3_comp79+1_I_1_1_3_comp80+1_I_1_1_3_comp81+1_I_1_1_3_comp82+1_I_1_1_3_comp83+1_I_1_1_3_comp84+1_I_1_1_3_comp85+1_I_1_1_3_comp86+1_I_1_1_3_comp87+1_I_1_1_3_comp88+1_I_1_1_3_comp89,R_1_I_1_1_3,TCDB,TCDB.1_I_1_1_3_comp45
G_1_I_1_1_3_comp46,P_1_I_1_1_3_comp1+1_I_1_1_3_comp2+1_I_1_1_3_comp3+1_I_1_1_3_comp4+1_I_1_1_3_comp5+1_I_1_1_3_comp6+1_I_1_1_3_comp7+1_I_1_1_3_comp8+1_I_1_1_3_comp9+1_I_1_1_3_comp10+1_I_1_1_3_comp11+1_I_1_1_3_comp12+1_I_1_1_3_comp13+1_I_1_1_3_comp14+1_I_1_1_3_comp15+1_I_1_1_3_comp16+1_I_1_1_3_comp17+1_I_1_1_3_comp18+1_I_1_1_3_comp19+1_I_1_1_3_comp20+1_I_1_1_3_comp21+1_I_1_1_3_comp22+1_I_1_1_3_comp23+1_I_1_1_3_comp24+1_I_1_1_3_comp25+1_I_1_1_3_comp26+1_I_1_1_3_comp27+1_I_1_1_3_comp28+1_I_1_1_3_comp29+1_I_1_1_3_comp30+1_I_1_1_3_comp31+1_I_1_1_3_comp32+1_I_1_1_3_comp33+1_I_1_1_3_comp34+1_I_1_1_3_comp35+1_I_1_1_3_comp36+1_I_1_1_3_comp37+1_I_1_1_3_comp38+1_I_1_1_3_comp39+1_I_1_1_3_comp40+1_I_1_1_3_comp41+1_I_1_1_3_comp42+1_I_1_1_3_comp43+1_I_1_1_3_comp44+1_I_1_1_3_comp45+1_I_1_1_3_comp46+1_I_1_1_3_comp47+1_I_1_1_3_comp48+1_I_1_1_3_comp49+1_I_1_1_3_comp50+1_I_1_1_3_comp51+1_I_1_1_3_comp52+1_I_1_1_3_comp53+1_I_1_1_3_comp54+1_I_1_1_3_comp55+1_I_1_1_3_comp56+1_I_1_1_3_comp57+1_I_1_1_3_comp58+1_I_1_1_3_comp59+1_I_1_1_3_comp60+1_I_1_1_3_comp61+1_I_1_1_3_comp62+1_I_1_1_3_comp63+1_I_1_1_3_comp64+1_I_1_1_3_comp65+1_I_1_1_3_comp66+1_I_1_1_3_comp67+1_I_1_1_3_comp68+1_I_1_1_3_comp69+1_I_1_1_3_comp70+1_I_1_1_3_comp71+1_I_1_1_3_comp72+1_I_1_1_3_comp73+1_I_1_1_3_comp74+1_I_1_1_3_comp75+1_I_1_1_3_comp76+1_I_1_1_3_comp77+1_I_1_1_3_comp78+1_I_1_1_3_comp79+1_I_1_1_3_comp80+1_I_1_1_3_comp81+1_I_1_1_3_comp82+1_I_1_1_3_comp83+1_I_1_1_3_comp84+1_I_1_1_3_comp85+1_I_1_1_3_comp86+1_I_1_1_3_comp87+1_I_1_1_3_comp88+1_I_1_1_3_comp89,R_1_I_1_1_3,TCDB,TCDB.1_I_1_1_3_comp46
G_1_I_1_1_3_comp47,P_1_I_1_1_3_comp1+1_I_1_1_3_comp2+1_I_1_1_3_comp3+1_I_1_1_3_comp4+1_I_1_1_3_comp5+1_I_1_1_3_comp6+1_I_1_1_3_comp7+1_I_1_1_3_comp8+1_I_1_1_3_comp9+1_I_1_1_3_comp10+1_I_1_1_3_comp11+1_I_1_1_3_comp12+1_I_1_1_3_comp13+1_I_1_1_3_comp14+1_I_1_1_3_comp15+1_I_1_1_3_comp16+1_I_1_1_3_comp17+1_I_1_1_3_comp18+1_I_1_1_3_comp19+1_I_1_1_3_comp20+1_I_1_1_3_comp21+1_I_1_1_3_comp22+1_I_1_1_3_comp23+1_I_1_1_3_comp24+1_I_1_1_3_comp25+1_I_1_1_3_comp26+1_I_1_1_3_comp27+1_I_1_1_3_comp28+1_I_1_1_3_comp29+1_I_1_1_3_comp30+1_I_1_1_3_comp31+1_I_1_1_3_comp32+1_I_1_1_3_comp33+1_I_1_1_3_comp34+1_I_1_1_3_comp35+1_I_1_1_3_comp36+1_I_1_1_3_comp37+1_I_1_1_3_comp38+1_I_1_1_3_comp39+1_I_1_1_3_comp40+1_I_1_1_3_comp41+1_I_1_1_3_comp42+1_I_1_1_3_comp43+1_I_1_1_3_comp44+1_I_1_1_3_comp45+1_I_1_1_3_comp46+1_I_1_1_3_comp47+1_I_1_1_3_comp48+1_I_1_1_3_comp49+1_I_1_1_3_comp50+1_I_1_1_3_comp51+1_I_1_1_3_comp52+1_I_1_1_3_comp53+1_I_1_1_3_comp54+1_I_1_1_3_comp55+1_I_1_1_3_comp56+1_I_1_1_3_comp57+1_I_1_1_3_comp58+1_I_1_1_3_comp59+1_I_1_1_3_comp60+1_I_1_1_3_comp61+1_I_1_1_3_comp62+1_I_1_1_3_comp63+1_I_1_1_3_comp64+1_I_1_1_3_comp65+1_I_1_1_3_comp66+1_I_1_1_3_comp67+1_I_1_1_3_comp68+1_I_1_1_3_comp69+1_I_1_1_3_comp70+1_I_1_1_3_comp71+1_I_1_1_3_comp72+1_I_1_1_3_comp73+1_I_1_1_3_comp74+1_I_1_1_3_comp75+1_I_1_1_3_comp76+1_I_1_1_3_comp77+1_I_1_1_3_comp78+1_I_1_1_3_comp79+1_I_1_1_3_comp80+1_I_1_1_3_comp81+1_I_1_1_3_comp82+1_I_1_1_3_comp83+1_I_1_1_3_comp84+1_I_1_1_3_comp85+1_I_1_1_3_comp86+1_I_1_1_3_comp87+1_I_1_1_3_comp88+1_I_1_1_3_comp89,R_1_I_1_1_3,TCDB,TCDB.1_I_1_1_3_comp47
G_1_I_1_1_3_comp48,P_1_I_1_1_3_comp1+1_I_1_1_3_comp2+1_I_1_1_3_comp3+1_I_1_1_3_comp4+1_I_1_1_3_comp5+1_I_1_1_3_comp6+1_I_1_1_3_comp7+1_I_1_1_3_comp8+1_I_1_1_3_comp9+1_I_1_1_3_comp10+1_I_1_1_3_comp11+1_I_1_1_3_comp12+1_I_1_1_3_comp13+1_I_1_1_3_comp14+1_I_1_1_3_comp15+1_I_1_1_3_comp16+1_I_1_1_3_comp17+1_I_1_1_3_comp18+1_I_1_1_3_comp19+1_I_1_1_3_comp20+1_I_1_1_3_comp21+1_I_1_1_3_comp22+1_I_1_1_3_comp23+1_I_1_1_3_comp24+1_I_1_1_3_comp25+1_I_1_1_3_comp26+1_I_1_1_3_comp27+1_I_1_1_3_comp28+1_I_1_1_3_comp29+1_I_1_1_3_comp30+1_I_1_1_3_comp31+1_I_1_1_3_comp32+1_I_1_1_3_comp33+1_I_1_1_3_comp34+1_I_1_1_3_comp35+1_I_1_1_3_comp36+1_I_1_1_3_comp37+1_I_1_1_3_comp38+1_I_1_1_3_comp39+1_I_1_1_3_comp40+1_I_1_1_3_comp41+1_I_1_1_3_comp42+1_I_1_1_3_comp43+1_I_1_1_3_comp44+1_I_1_1_3_comp45+1_I_1_1_3_comp46+1_I_1_1_3_comp47+1_I_1_1_3_comp48+1_I_1_1_3_comp49+1_I_1_1_3_comp50+1_I_1_1_3_comp51+1_I_1_1_3_comp52+1_I_1_1_3_comp53+1_I_1_1_3_comp54+1_I_1_1_3_comp55+1_I_1_1_3_comp56+1_I_1_1_3_comp57+1_I_1_1_3_comp58+1_I_1_1_3_comp59+1_I_1_1_3_comp60+1_I_1_1_3_comp61+1_I_1_1_3_comp62+1_I_1_1_3_comp63+1_I_1_1_3_comp64+1_I_1_1_3_comp65+1_I_1_1_3_comp66+1_I_1_1_3_comp67+1_I_1_1_3_comp68+1_I_1_1_3_comp69+1_I_1_1_3_comp70+1_I_1_1_3_comp71+1_I_1_1_3_comp72+1_I_1_1_3_comp73+1_I_1_1_3_comp74+1_I_1_1_3_comp75+1_I_1_1_3_comp76+1_I_1_1_3_comp77+1_I_1_1_3_comp78+1_I_1_1_3_comp79+1_I_1_1_3_comp80+1_I_1_1_3_comp81+1_I_1_1_3_comp82+1_I_1_1_3_comp83+1_I_1_1_3_comp84+1_I_1_1_3_comp85+1_I_1_1_3_comp86+1_I_1_1_3_comp87+1_I_1_1_3_comp88+1_I_1_1_3_comp89,R_1_I_1_1_3,TCDB,TCDB.1_I_1_1_3_comp48
G_1_I_1_1_3_comp49,P_1_I_1_1_3_comp1+1_I_1_1_3_comp2+1_I_1_1_3_comp3+1_I_1_1_3_comp4+1_I_1_1_3_comp5+1_I_1_1_3_comp6+1_I_1_1_3_comp7+1_I_1_1_3_comp8+1_I_1_1_3_comp9+1_I_1_1_3_comp10+1_I_1_1_3_comp11+1_I_1_1_3_comp12+1_I_1_1_3_comp13+1_I_1_1_3_comp14+1_I_1_1_3_comp15+1_I_1_1_3_comp16+1_I_1_1_3_comp17+1_I_1_1_3_comp18+1_I_1_1_3_comp19+1_I_1_1_3_comp20+1_I_1_1_3_comp21+1_I_1_1_3_comp22+1_I_1_1_3_comp23+1_I_1_1_3_comp24+1_I_1_1_3_comp25+1_I_1_1_3_comp26+1_I_1_1_3_comp27+1_I_1_1_3_comp28+1_I_1_1_3_comp29+1_I_1_1_3_comp30+1_I_1_1_3_comp31+1_I_1_1_3_comp32+1_I_1_1_3_comp33+1_I_1_1_3_comp34+1_I_1_1_3_comp35+1_I_1_1_3_comp36+1_I_1_1_3_comp37+1_I_1_1_3_comp38+1_I_1_1_3_comp39+1_I_1_1_3_comp40+1_I_1_1_3_comp41+1_I_1_1_3_comp42+1_I_1_1_3_comp43+1_I_1_1_3_comp44+1_I_1_1_3_comp45+1_I_1_1_3_comp46+1_I_1_1_3_comp47+1_I_1_1_3_comp48+1_I_1_1_3_comp49+1_I_1_1_3_comp50+1_I_1_1_3_comp51+1_I_1_1_3_comp52+1_I_1_1_3_comp53+1_I_1_1_3_comp54+1_I_1_1_3_comp55+1_I_1_1_3_comp56+1_I_1_1_3_comp57+1_I_1_1_3_comp58+1_I_1_1_3_comp59+1_I_1_1_3_comp60+1_I_1_1_3_comp61+1_I_1_1_3_comp62+1_I_1_1_3_comp63+1_I_1_1_3_comp64+1_I_1_1_3_comp65+1_I_1_1_3_comp66+1_I_1_1_3_comp67+1_I_1_1_3_comp68+1_I_1_1_3_comp69+1_I_1_1_3_comp70+1_I_1_1_3_comp71+1_I_1_1_3_comp72+1_I_1_1_3_comp73+1_I_1_1_3_comp74+1_I_1_1_3_comp75+1_I_1_1_3_comp76+1_I_1_1_3_comp77+1_I_1_1_3_comp78+1_I_1_1_3_comp79+1_I_1_1_3_comp80+1_I_1_1_3_comp81+1_I_1_1_3_comp82+1_I_1_1_3_comp83+1_I_1_1_3_comp84+1_I_1_1_3_comp85+1_I_1_1_3_comp86+1_I_1_1_3_comp87+1_I_1_1_3_comp88+1_I_1_1_3_comp89,R_1_I_1_1_3,TCDB,TCDB.1_I_1_1_3_comp49
G_1_I_1_1_3_comp50,P_1_I_1_1_3_comp1+1_I_1_1_3_comp2+1_I_1_1_3_comp3+1_I_1_1_3_comp4+1_I_1_1_3_comp5+1_I_1_1_3_comp6+1_I_1_1_3_comp7+1_I_1_1_3_comp8+1_I_1_1_3_comp9+1_I_1_1_3_comp10+1_I_1_1_3_comp11+1_I_1_1_3_comp12+1_I_1_1_3_comp13+1_I_1_1_3_comp14+1_I_1_1_3_comp15+1_I_1_1_3_comp16+1_I_1_1_3_comp17+1_I_1_1_3_comp18+1_I_1_1_3_comp19+1_I_1_1_3_comp20+1_I_1_1_3_comp21+1_I_1_1_3_comp22+1_I_1_1_3_comp23+1_I_1_1_3_comp24+1_I_1_1_3_comp25+1_I_1_1_3_comp26+1_I_1_1_3_comp27+1_I_1_1_3_comp28+1_I_1_1_3_comp29+1_I_1_1_3_comp30+1_I_1_1_3_comp31+1_I_1_1_3_comp32+1_I_1_1_3_comp33+1_I_1_1_3_comp34+1_I_1_1_3_comp35+1_I_1_1_3_comp36+1_I_1_1_3_comp37+1_I_1_1_3_comp38+1_I_1_1_3_comp39+1_I_1_1_3_comp40+1_I_1_1_3_comp41+1_I_1_1_3_comp42+1_I_1_1_3_comp43+1_I_1_1_3_comp44+1_I_1_1_3_comp45+1_I_1_1_3_comp46+1_I_1_1_3_comp47+1_I_1_1_3_comp48+1_I_1_1_3_comp49+1_I_1_1_3_comp50+1_I_1_1_3_comp51+1_I_1_1_3_comp52+1_I_1_1_3_comp53+1_I_1_1_3_comp54+1_I_1_1_3_comp55+1_I_1_1_3_comp56+1_I_1_1_3_comp57+1_I_1_1_3_comp58+1_I_1_1_3_comp59+1_I_1_1_3_comp60+1_I_1_1_3_comp61+1_I_1_1_3_comp62+1_I_1_1_3_comp63+1_I_1_1_3_comp64+1_I_1_1_3_comp65+1_I_1_1_3_comp66+1_I_1_1_3_comp67+1_I_1_1_3_comp68+1_I_1_1_3_comp69+1_I_1_1_3_comp70+1_I_1_1_3_comp71+1_I_1_1_3_comp72+1_I_1_1_3_comp73+1_I_1_1_3_comp74+1_I_1_1_3_comp75+1_I_1_1_3_comp76+1_I_1_1_3_comp77+1_I_1_1_3_comp78+1_I_1_1_3_comp79+1_I_1_1_3_comp80+1_I_1_1_3_comp81+1_I_1_1_3_comp82+1_I_1_1_3_comp83+1_I_1_1_3_comp84+1_I_1_1_3_comp85+1_I_1_1_3_comp86+1_I_1_1_3_comp87+1_I_1_1_3_comp88+1_I_1_1_3_comp89,R_1_I_1_1_3,TCDB,TCDB.1_I_1_1_3_comp50
G_1_I_1_1_3_comp51,P_1_I_1_1_3_comp1+1_I_1_1_3_comp2+1_I_1_1_3_comp3+1_I_1_1_3_comp4+1_I_1_1_3_comp5+1_I_1_1_3_comp6+1_I_1_1_3_comp7+1_I_1_1_3_comp8+1_I_1_1_3_comp9+1_I_1_1_3_comp10+1_I_1_1_3_comp11+1_I_1_1_3_comp12+1_I_1_1_3_comp13+1_I_1_1_3_comp14+1_I_1_1_3_comp15+1_I_1_1_3_comp16+1_I_1_1_3_comp17+1_I_1_1_3_comp18+1_I_1_1_3_comp19+1_I_1_1_3_comp20+1_I_1_1_3_comp21+1_I_1_1_3_comp22+1_I_1_1_3_comp23+1_I_1_1_3_comp24+1_I_1_1_3_comp25+1_I_1_1_3_comp26+1_I_1_1_3_comp27+1_I_1_1_3_comp28+1_I_1_1_3_comp29+1_I_1_1_3_comp30+1_I_1_1_3_comp31+1_I_1_1_3_comp32+1_I_1_1_3_comp33+1_I_1_1_3_comp34+1_I_1_1_3_comp35+1_I_1_1_3_comp36+1_I_1_1_3_comp37+1_I_1_1_3_comp38+1_I_1_1_3_comp39+1_I_1_1_3_comp40+1_I_1_1_3_comp41+1_I_1_1_3_comp42+1_I_1_1_3_comp43+1_I_1_1_3_comp44+1_I_1_1_3_comp45+1_I_1_1_3_comp46+1_I_1_1_3_comp47+1_I_1_1_3_comp48+1_I_1_1_3_comp49+1_I_1_1_3_comp50+1_I_1_1_3_comp51+1_I_1_1_3_comp52+1_I_1_1_3_comp53+1_I_1_1_3_comp54+1_I_1_1_3_comp55+1_I_1_1_3_comp56+1_I_1_1_3_comp57+1_I_1_1_3_comp58+1_I_1_1_3_comp59+1_I_1_1_3_comp60+1_I_1_1_3_comp61+1_I_1_1_3_comp62+1_I_1_1_3_comp63+1_I_1_1_3_comp64+1_I_1_1_3_comp65+1_I_1_1_3_comp66+1_I_1_1_3_comp67+1_I_1_1_3_comp68+1_I_1_1_3_comp69+1_I_1_1_3_comp70+1_I_1_1_3_comp71+1_I_1_1_3_comp72+1_I_1_1_3_comp73+1_I_1_1_3_comp74+1_I_1_1_3_comp75+1_I_1_1_3_comp76+1_I_1_1_3_comp77+1_I_1_1_3_comp78+1_I_1_1_3_comp79+1_I_1_1_3_comp80+1_I_1_1_3_comp81+1_I_1_1_3_comp82+1_I_1_1_3_comp83+1_I_1_1_3_comp84+1_I_1_1_3_comp85+1_I_1_1_3_comp86+1_I_1_1_3_comp87+1_I_1_1_3_comp88+1_I_1_1_3_comp89,R_1_I_1_1_3,TCDB,TCDB.1_I_1_1_3_comp51
G_1_I_1_1_3_comp52,P_1_I_1_1_3_comp1+1_I_1_1_3_comp2+1_I_1_1_3_comp3+1_I_1_1_3_comp4+1_I_1_1_3_comp5+1_I_1_1_3_comp6+1_I_1_1_3_comp7+1_I_1_1_3_comp8+1_I_1_1_3_comp9+1_I_1_1_3_comp10+1_I_1_1_3_comp11+1_I_1_1_3_comp12+1_I_1_1_3_comp13+1_I_1_1_3_comp14+1_I_1_1_3_comp15+1_I_1_1_3_comp16+1_I_1_1_3_comp17+1_I_1_1_3_comp18+1_I_1_1_3_comp19+1_I_1_1_3_comp20+1_I_1_1_3_comp21+1_I_1_1_3_comp22+1_I_1_1_3_comp23+1_I_1_1_3_comp24+1_I_1_1_3_comp25+1_I_1_1_3_comp26+1_I_1_1_3_comp27+1_I_1_1_3_comp28+1_I_1_1_3_comp29+1_I_1_1_3_comp30+1_I_1_1_3_comp31+1_I_1_1_3_comp32+1_I_1_1_3_comp33+1_I_1_1_3_comp34+1_I_1_1_3_comp35+1_I_1_1_3_comp36+1_I_1_1_3_comp37+1_I_1_1_3_comp38+1_I_1_1_3_comp39+1_I_1_1_3_comp40+1_I_1_1_3_comp41+1_I_1_1_3_comp42+1_I_1_1_3_comp43+1_I_1_1_3_comp44+1_I_1_1_3_comp45+1_I_1_1_3_comp46+1_I_1_1_3_comp47+1_I_1_1_3_comp48+1_I_1_1_3_comp49+1_I_1_1_3_comp50+1_I_1_1_3_comp51+1_I_1_1_3_comp52+1_I_1_1_3_comp53+1_I_1_1_3_comp54+1_I_1_1_3_comp55+1_I_1_1_3_comp56+1_I_1_1_3_comp57+1_I_1_1_3_comp58+1_I_1_1_3_comp59+1_I_1_1_3_comp60+1_I_1_1_3_comp61+1_I_1_1_3_comp62+1_I_1_1_3_comp63+1_I_1_1_3_comp64+1_I_1_1_3_comp65+1_I_1_1_3_comp66+1_I_1_1_3_comp67+1_I_1_1_3_comp68+1_I_1_1_3_comp69+1_I_1_1_3_comp70+1_I_1_1_3_comp71+1_I_1_1_3_comp72+1_I_1_1_3_comp73+1_I_1_1_3_comp74+1_I_1_1_3_comp75+1_I_1_1_3_comp76+1_I_1_1_3_comp77+1_I_1_1_3_comp78+1_I_1_1_3_comp79+1_I_1_1_3_comp80+1_I_1_1_3_comp81+1_I_1_1_3_comp82+1_I_1_1_3_comp83+1_I_1_1_3_comp84+1_I_1_1_3_comp85+1_I_1_1_3_comp86+1_I_1_1_3_comp87+1_I_1_1_3_comp88+1_I_1_1_3_comp89,R_1_I_1_1_3,TCDB,TCDB.1_I_1_1_3_comp52
G_1_I_1_1_3_comp53,P_1_I_1_1_3_comp1+1_I_1_1_3_comp2+1_I_1_1_3_comp3+1_I_1_1_3_comp4+1_I_1_1_3_comp5+1_I_1_1_3_comp6+1_I_1_1_3_comp7+1_I_1_1_3_comp8+1_I_1_1_3_comp9+1_I_1_1_3_comp10+1_I_1_1_3_comp11+1_I_1_1_3_comp12+1_I_1_1_3_comp13+1_I_1_1_3_comp14+1_I_1_1_3_comp15+1_I_1_1_3_comp16+1_I_1_1_3_comp17+1_I_1_1_3_comp18+1_I_1_1_3_comp19+1_I_1_1_3_comp20+1_I_1_1_3_comp21+1_I_1_1_3_comp22+1_I_1_1_3_comp23+1_I_1_1_3_comp24+1_I_1_1_3_comp25+1_I_1_1_3_comp26+1_I_1_1_3_comp27+1_I_1_1_3_comp28+1_I_1_1_3_comp29+1_I_1_1_3_comp30+1_I_1_1_3_comp31+1_I_1_1_3_comp32+1_I_1_1_3_comp33+1_I_1_1_3_comp34+1_I_1_1_3_comp35+1_I_1_1_3_comp36+1_I_1_1_3_comp37+1_I_1_1_3_comp38+1_I_1_1_3_comp39+1_I_1_1_3_comp40+1_I_1_1_3_comp41+1_I_1_1_3_comp42+1_I_1_1_3_comp43+1_I_1_1_3_comp44+1_I_1_1_3_comp45+1_I_1_1_3_comp46+1_I_1_1_3_comp47+1_I_1_1_3_comp48+1_I_1_1_3_comp49+1_I_1_1_3_comp50+1_I_1_1_3_comp51+1_I_1_1_3_comp52+1_I_1_1_3_comp53+1_I_1_1_3_comp54+1_I_1_1_3_comp55+1_I_1_1_3_comp56+1_I_1_1_3_comp57+1_I_1_1_3_comp58+1_I_1_1_3_comp59+1_I_1_1_3_comp60+1_I_1_1_3_comp61+1_I_1_1_3_comp62+1_I_1_1_3_comp63+1_I_1_1_3_comp64+1_I_1_1_3_comp65+1_I_1_1_3_comp66+1_I_1_1_3_comp67+1_I_1_1_3_comp68+1_I_1_1_3_comp69+1_I_1_1_3_comp70+1_I_1_1_3_comp71+1_I_1_1_3_comp72+1_I_1_1_3_comp73+1_I_1_1_3_comp74+1_I_1_1_3_comp75+1_I_1_1_3_comp76+1_I_1_1_3_comp77+1_I_1_1_3_comp78+1_I_1_1_3_comp79+1_I_1_1_3_comp80+1_I_1_1_3_comp81+1_I_1_1_3_comp82+1_I_1_1_3_comp83+1_I_1_1_3_comp84+1_I_1_1_3_comp85+1_I_1_1_3_comp86+1_I_1_1_3_comp87+1_I_1_1_3_comp88+1_I_1_1_3_comp89,R_1_I_1_1_3,TCDB,TCDB.1_I_1_1_3_comp53
G_1_I_1_1_3_comp54,P_1_I_1_1_3_comp1+1_I_1_1_3_comp2+1_I_1_1_3_comp3+1_I_1_1_3_comp4+1_I_1_1_3_comp5+1_I_1_1_3_comp6+1_I_1_1_3_comp7+1_I_1_1_3_comp8+1_I_1_1_3_comp9+1_I_1_1_3_comp10+1_I_1_1_3_comp11+1_I_1_1_3_comp12+1_I_1_1_3_comp13+1_I_1_1_3_comp14+1_I_1_1_3_comp15+1_I_1_1_3_comp16+1_I_1_1_3_comp17+1_I_1_1_3_comp18+1_I_1_1_3_comp19+1_I_1_1_3_comp20+1_I_1_1_3_comp21+1_I_1_1_3_comp22+1_I_1_1_3_comp23+1_I_1_1_3_comp24+1_I_1_1_3_comp25+1_I_1_1_3_comp26+1_I_1_1_3_comp27+1_I_1_1_3_comp28+1_I_1_1_3_comp29+1_I_1_1_3_comp30+1_I_1_1_3_comp31+1_I_1_1_3_comp32+1_I_1_1_3_comp33+1_I_1_1_3_comp34+1_I_1_1_3_comp35+1_I_1_1_3_comp36+1_I_1_1_3_comp37+1_I_1_1_3_comp38+1_I_1_1_3_comp39+1_I_1_1_3_comp40+1_I_1_1_3_comp41+1_I_1_1_3_comp42+1_I_1_1_3_comp43+1_I_1_1_3_comp44+1_I_1_1_3_comp45+1_I_1_1_3_comp46+1_I_1_1_3_comp47+1_I_1_1_3_comp48+1_I_1_1_3_comp49+1_I_1_1_3_comp50+1_I_1_1_3_comp51+1_I_1_1_3_comp52+1_I_1_1_3_comp53+1_I_1_1_3_comp54+1_I_1_1_3_comp55+1_I_1_1_3_comp56+1_I_1_1_3_comp57+1_I_1_1_3_comp58+1_I_1_1_3_comp59+1_I_1_1_3_comp60+1_I_1_1_3_comp61+1_I_1_1_3_comp62+1_I_1_1_3_comp63+1_I_1_1_3_comp64+1_I_1_1_3_comp65+1_I_1_1_3_comp66+1_I_1_1_3_comp67+1_I_1_1_3_comp68+1_I_1_1_3_comp69+1_I_1_1_3_comp70+1_I_1_1_3_comp71+1_I_1_1_3_comp72+1_I_1_1_3_comp73+1_I_1_1_3_comp74+1_I_1_1_3_comp75+1_I_1_1_3_comp76+1_I_1_1_3_comp77+1_I_1_1_3_comp78+1_I_1_1_3_comp79+1_I_1_1_3_comp80+1_I_1_1_3_comp81+1_I_1_1_3_comp82+1_I_1_1_3_comp83+1_I_1_1_3_comp84+1_I_1_1_3_comp85+1_I_1_1_3_comp86+1_I_1_1_3_comp87+1_I_1_1_3_comp88+1_I_1_1_3_comp89,R_1_I_1_1_3,TCDB,TCDB.1_I_1_1_3_comp54
G_1_I_1_1_3_comp55,P_1_I_1_1_3_comp1+1_I_1_1_3_comp2+1_I_1_1_3_comp3+1_I_1_1_3_comp4+1_I_1_1_3_comp5+1_I_1_1_3_comp6+1_I_1_1_3_comp7+1_I_1_1_3_comp8+1_I_1_1_3_comp9+1_I_1_1_3_comp10+1_I_1_1_3_comp11+1_I_1_1_3_comp12+1_I_1_1_3_comp13+1_I_1_1_3_comp14+1_I_1_1_3_comp15+1_I_1_1_3_comp16+1_I_1_1_3_comp17+1_I_1_1_3_comp18+1_I_1_1_3_comp19+1_I_1_1_3_comp20+1_I_1_1_3_comp21+1_I_1_1_3_comp22+1_I_1_1_3_comp23+1_I_1_1_3_comp24+1_I_1_1_3_comp25+1_I_1_1_3_comp26+1_I_1_1_3_comp27+1_I_1_1_3_comp28+1_I_1_1_3_comp29+1_I_1_1_3_comp30+1_I_1_1_3_comp31+1_I_1_1_3_comp32+1_I_1_1_3_comp33+1_I_1_1_3_comp34+1_I_1_1_3_comp35+1_I_1_1_3_comp36+1_I_1_1_3_comp37+1_I_1_1_3_comp38+1_I_1_1_3_comp39+1_I_1_1_3_comp40+1_I_1_1_3_comp41+1_I_1_1_3_comp42+1_I_1_1_3_comp43+1_I_1_1_3_comp44+1_I_1_1_3_comp45+1_I_1_1_3_comp46+1_I_1_1_3_comp47+1_I_1_1_3_comp48+1_I_1_1_3_comp49+1_I_1_1_3_comp50+1_I_1_1_3_comp51+1_I_1_1_3_comp52+1_I_1_1_3_comp53+1_I_1_1_3_comp54+1_I_1_1_3_comp55+1_I_1_1_3_comp56+1_I_1_1_3_comp57+1_I_1_1_3_comp58+1_I_1_1_3_comp59+1_I_1_1_3_comp60+1_I_1_1_3_comp61+1_I_1_1_3_comp62+1_I_1_1_3_comp63+1_I_1_1_3_comp64+1_I_1_1_3_comp65+1_I_1_1_3_comp66+1_I_1_1_3_comp67+1_I_1_1_3_comp68+1_I_1_1_3_comp69+1_I_1_1_3_comp70+1_I_1_1_3_comp71+1_I_1_1_3_comp72+1_I_1_1_3_comp73+1_I_1_1_3_comp74+1_I_1_1_3_comp75+1_I_1_1_3_comp76+1_I_1_1_3_comp77+1_I_1_1_3_comp78+1_I_1_1_3_comp79+1_I_1_1_3_comp80+1_I_1_1_3_comp81+1_I_1_1_3_comp82+1_I_1_1_3_comp83+1_I_1_1_3_comp84+1_I_1_1_3_comp85+1_I_1_1_3_comp86+1_I_1_1_3_comp87+1_I_1_1_3_comp88+1_I_1_1_3_comp89,R_1_I_1_1_3,TCDB,TCDB.1_I_1_1_3_comp55
G_1_I_1_1_3_comp56,P_1_I_1_1_3_comp1+1_I_1_1_3_comp2+1_I_1_1_3_comp3+1_I_1_1_3_comp4+1_I_1_1_3_comp5+1_I_1_1_3_comp6+1_I_1_1_3_comp7+1_I_1_1_3_comp8+1_I_1_1_3_comp9+1_I_1_1_3_comp10+1_I_1_1_3_comp11+1_I_1_1_3_comp12+1_I_1_1_3_comp13+1_I_1_1_3_comp14+1_I_1_1_3_comp15+1_I_1_1_3_comp16+1_I_1_1_3_comp17+1_I_1_1_3_comp18+1_I_1_1_3_comp19+1_I_1_1_3_comp20+1_I_1_1_3_comp21+1_I_1_1_3_comp22+1_I_1_1_3_comp23+1_I_1_1_3_comp24+1_I_1_1_3_comp25+1_I_1_1_3_comp26+1_I_1_1_3_comp27+1_I_1_1_3_comp28+1_I_1_1_3_comp29+1_I_1_1_3_comp30+1_I_1_1_3_comp31+1_I_1_1_3_comp32+1_I_1_1_3_comp33+1_I_1_1_3_comp34+1_I_1_1_3_comp35+1_I_1_1_3_comp36+1_I_1_1_3_comp37+1_I_1_1_3_comp38+1_I_1_1_3_comp39+1_I_1_1_3_comp40+1_I_1_1_3_comp41+1_I_1_1_3_comp42+1_I_1_1_3_comp43+1_I_1_1_3_comp44+1_I_1_1_3_comp45+1_I_1_1_3_comp46+1_I_1_1_3_comp47+1_I_1_1_3_comp48+1_I_1_1_3_comp49+1_I_1_1_3_comp50+1_I_1_1_3_comp51+1_I_1_1_3_comp52+1_I_1_1_3_comp53+1_I_1_1_3_comp54+1_I_1_1_3_comp55+1_I_1_1_3_comp56+1_I_1_1_3_comp57+1_I_1_1_3_comp58+1_I_1_1_3_comp59+1_I_1_1_3_comp60+1_I_1_1_3_comp61+1_I_1_1_3_comp62+1_I_1_1_3_comp63+1_I_1_1_3_comp64+1_I_1_1_3_comp65+1_I_1_1_3_comp66+1_I_1_1_3_comp67+1_I_1_1_3_comp68+1_I_1_1_3_comp69+1_I_1_1_3_comp70+1_I_1_1_3_comp71+1_I_1_1_3_comp72+1_I_1_1_3_comp73+1_I_1_1_3_comp74+1_I_1_1_3_comp75+1_I_1_1_3_comp76+1_I_1_1_3_comp77+1_I_1_1_3_comp78+1_I_1_1_3_comp79+1_I_1_1_3_comp80+1_I_1_1_3_comp81+1_I_1_1_3_comp82+1_I_1_1_3_comp83+1_I_1_1_3_comp84+1_I_1_1_3_comp85+1_I_1_1_3_comp86+1_I_1_1_3_comp87+1_I_1_1_3_comp88+1_I_1_1_3_comp89,R_1_I_1_1_3,TCDB,TCDB.1_I_1_1_3_comp56
G_1_I_1_1_3_comp57,P_1_I_1_1_3_comp1+1_I_1_1_3_comp2+1_I_1_1_3_comp3+1_I_1_1_3_comp4+1_I_1_1_3_comp5+1_I_1_1_3_comp6+1_I_1_1_3_comp7+1_I_1_1_3_comp8+1_I_1_1_3_comp9+1_I_1_1_3_comp10+1_I_1_1_3_comp11+1_I_1_1_3_comp12+1_I_1_1_3_comp13+1_I_1_1_3_comp14+1_I_1_1_3_comp15+1_I_1_1_3_comp16+1_I_1_1_3_comp17+1_I_1_1_3_comp18+1_I_1_1_3_comp19+1_I_1_1_3_comp20+1_I_1_1_3_comp21+1_I_1_1_3_comp22+1_I_1_1_3_comp23+1_I_1_1_3_comp24+1_I_1_1_3_comp25+1_I_1_1_3_comp26+1_I_1_1_3_comp27+1_I_1_1_3_comp28+1_I_1_1_3_comp29+1_I_1_1_3_comp30+1_I_1_1_3_comp31+1_I_1_1_3_comp32+1_I_1_1_3_comp33+1_I_1_1_3_comp34+1_I_1_1_3_comp35+1_I_1_1_3_comp36+1_I_1_1_3_comp37+1_I_1_1_3_comp38+1_I_1_1_3_comp39+1_I_1_1_3_comp40+1_I_1_1_3_comp41+1_I_1_1_3_comp42+1_I_1_1_3_comp43+1_I_1_1_3_comp44+1_I_1_1_3_comp45+1_I_1_1_3_comp46+1_I_1_1_3_comp47+1_I_1_1_3_comp48+1_I_1_1_3_comp49+1_I_1_1_3_comp50+1_I_1_1_3_comp51+1_I_1_1_3_comp52+1_I_1_1_3_comp53+1_I_1_1_3_comp54+1_I_1_1_3_comp55+1_I_1_1_3_comp56+1_I_1_1_3_comp57+1_I_1_1_3_comp58+1_I_1_1_3_comp59+1_I_1_1_3_comp60+1_I_1_1_3_comp61+1_I_1_1_3_comp62+1_I_1_1_3_comp63+1_I_1_1_3_comp64+1_I_1_1_3_comp65+1_I_1_1_3_comp66+1_I_1_1_3_comp67+1_I_1_1_3_comp68+1_I_1_1_3_comp69+1_I_1_1_3_comp70+1_I_1_1_3_comp71+1_I_1_1_3_comp72+1_I_1_1_3_comp73+1_I_1_1_3_comp74+1_I_1_1_3_comp75+1_I_1_1_3_comp76+1_I_1_1_3_comp77+1_I_1_1_3_comp78+1_I_1_1_3_comp79+1_I_1_1_3_comp80+1_I_1_1_3_comp81+1_I_1_1_3_comp82+1_I_1_1_3_comp83+1_I_1_1_3_comp84+1_I_1_1_3_comp85+1_I_1_1_3_comp86+1_I_1_1_3_comp87+1_I_1_1_3_comp88+1_I_1_1_3_comp89,R_1_I_1_1_3,TCDB,TCDB.1_I_1_1_3_comp57
G_1_I_1_1_3_comp58,P_1_I_1_1_3_comp1+1_I_1_1_3_comp2+1_I_1_1_3_comp3+1_I_1_1_3_comp4+1_I_1_1_3_comp5+1_I_1_1_3_comp6+1_I_1_1_3_comp7+1_I_1_1_3_comp8+1_I_1_1_3_comp9+1_I_1_1_3_comp10+1_I_1_1_3_comp11+1_I_1_1_3_comp12+1_I_1_1_3_comp13+1_I_1_1_3_comp14+1_I_1_1_3_comp15+1_I_1_1_3_comp16+1_I_1_1_3_comp17+1_I_1_1_3_comp18+1_I_1_1_3_comp19+1_I_1_1_3_comp20+1_I_1_1_3_comp21+1_I_1_1_3_comp22+1_I_1_1_3_comp23+1_I_1_1_3_comp24+1_I_1_1_3_comp25+1_I_1_1_3_comp26+1_I_1_1_3_comp27+1_I_1_1_3_comp28+1_I_1_1_3_comp29+1_I_1_1_3_comp30+1_I_1_1_3_comp31+1_I_1_1_3_comp32+1_I_1_1_3_comp33+1_I_1_1_3_comp34+1_I_1_1_3_comp35+1_I_1_1_3_comp36+1_I_1_1_3_comp37+1_I_1_1_3_comp38+1_I_1_1_3_comp39+1_I_1_1_3_comp40+1_I_1_1_3_comp41+1_I_1_1_3_comp42+1_I_1_1_3_comp43+1_I_1_1_3_comp44+1_I_1_1_3_comp45+1_I_1_1_3_comp46+1_I_1_1_3_comp47+1_I_1_1_3_comp48+1_I_1_1_3_comp49+1_I_1_1_3_comp50+1_I_1_1_3_comp51+1_I_1_1_3_comp52+1_I_1_1_3_comp53+1_I_1_1_3_comp54+1_I_1_1_3_comp55+1_I_1_1_3_comp56+1_I_1_1_3_comp57+1_I_1_1_3_comp58+1_I_1_1_3_comp59+1_I_1_1_3_comp60+1_I_1_1_3_comp61+1_I_1_1_3_comp62+1_I_1_1_3_comp63+1_I_1_1_3_comp64+1_I_1_1_3_comp65+1_I_1_1_3_comp66+1_I_1_1_3_comp67+1_I_1_1_3_comp68+1_I_1_1_3_comp69+1_I_1_1_3_comp70+1_I_1_1_3_comp71+1_I_1_1_3_comp72+1_I_1_1_3_comp73+1_I_1_1_3_comp74+1_I_1_1_3_comp75+1_I_1_1_3_comp76+1_I_1_1_3_comp77+1_I_1_1_3_comp78+1_I_1_1_3_comp79+1_I_1_1_3_comp80+1_I_1_1_3_comp81+1_I_1_1_3_comp82+1_I_1_1_3_comp83+1_I_1_1_3_comp84+1_I_1_1_3_comp85+1_I_1_1_3_comp86+1_I_1_1_3_comp87+1_I_1_1_3_comp88+1_I_1_1_3_comp89,R_1_I_1_1_3,TCDB,TCDB.1_I_1_1_3_comp58
G_1_I_1_1_3_comp59,P_1_I_1_1_3_comp1+1_I_1_1_3_comp2+1_I_1_1_3_comp3+1_I_1_1_3_comp4+1_I_1_1_3_comp5+1_I_1_1_3_comp6+1_I_1_1_3_comp7+1_I_1_1_3_comp8+1_I_1_1_3_comp9+1_I_1_1_3_comp10+1_I_1_1_3_comp11+1_I_1_1_3_comp12+1_I_1_1_3_comp13+1_I_1_1_3_comp14+1_I_1_1_3_comp15+1_I_1_1_3_comp16+1_I_1_1_3_comp17+1_I_1_1_3_comp18+1_I_1_1_3_comp19+1_I_1_1_3_comp20+1_I_1_1_3_comp21+1_I_1_1_3_comp22+1_I_1_1_3_comp23+1_I_1_1_3_comp24+1_I_1_1_3_comp25+1_I_1_1_3_comp26+1_I_1_1_3_comp27+1_I_1_1_3_comp28+1_I_1_1_3_comp29+1_I_1_1_3_comp30+1_I_1_1_3_comp31+1_I_1_1_3_comp32+1_I_1_1_3_comp33+1_I_1_1_3_comp34+1_I_1_1_3_comp35+1_I_1_1_3_comp36+1_I_1_1_3_comp37+1_I_1_1_3_comp38+1_I_1_1_3_comp39+1_I_1_1_3_comp40+1_I_1_1_3_comp41+1_I_1_1_3_comp42+1_I_1_1_3_comp43+1_I_1_1_3_comp44+1_I_1_1_3_comp45+1_I_1_1_3_comp46+1_I_1_1_3_comp47+1_I_1_1_3_comp48+1_I_1_1_3_comp49+1_I_1_1_3_comp50+1_I_1_1_3_comp51+1_I_1_1_3_comp52+1_I_1_1_3_comp53+1_I_1_1_3_comp54+1_I_1_1_3_comp55+1_I_1_1_3_comp56+1_I_1_1_3_comp57+1_I_1_1_3_comp58+1_I_1_1_3_comp59+1_I_1_1_3_comp60+1_I_1_1_3_comp61+1_I_1_1_3_comp62+1_I_1_1_3_comp63+1_I_1_1_3_comp64+1_I_1_1_3_comp65+1_I_1_1_3_comp66+1_I_1_1_3_comp67+1_I_1_1_3_comp68+1_I_1_1_3_comp69+1_I_1_1_3_comp70+1_I_1_1_3_comp71+1_I_1_1_3_comp72+1_I_1_1_3_comp73+1_I_1_1_3_comp74+1_I_1_1_3_comp75+1_I_1_1_3_comp76+1_I_1_1_3_comp77+1_I_1_1_3_comp78+1_I_1_1_3_comp79+1_I_1_1_3_comp80+1_I_1_1_3_comp81+1_I_1_1_3_comp82+1_I_1_1_3_comp83+1_I_1_1_3_comp84+1_I_1_1_3_comp85+1_I_1_1_3_comp86+1_I_1_1_3_comp87+1_I_1_1_3_comp88+1_I_1_1_3_comp89,R_1_I_1_1_3,TCDB,TCDB.1_I_1_1_3_comp59
G_1_I_1_1_3_comp60,P_1_I_1_1_3_comp1+1_I_1_1_3_comp2+1_I_1_1_3_comp3+1_I_1_1_3_comp4+1_I_1_1_3_comp5+1_I_1_1_3_comp6+1_I_1_1_3_comp7+1_I_1_1_3_comp8+1_I_1_1_3_comp9+1_I_1_1_3_comp10+1_I_1_1_3_comp11+1_I_1_1_3_comp12+1_I_1_1_3_comp13+1_I_1_1_3_comp14+1_I_1_1_3_comp15+1_I_1_1_3_comp16+1_I_1_1_3_comp17+1_I_1_1_3_comp18+1_I_1_1_3_comp19+1_I_1_1_3_comp20+1_I_1_1_3_comp21+1_I_1_1_3_comp22+1_I_1_1_3_comp23+1_I_1_1_3_comp24+1_I_1_1_3_comp25+1_I_1_1_3_comp26+1_I_1_1_3_comp27+1_I_1_1_3_comp28+1_I_1_1_3_comp29+1_I_1_1_3_comp30+1_I_1_1_3_comp31+1_I_1_1_3_comp32+1_I_1_1_3_comp33+1_I_1_1_3_comp34+1_I_1_1_3_comp35+1_I_1_1_3_comp36+1_I_1_1_3_comp37+1_I_1_1_3_comp38+1_I_1_1_3_comp39+1_I_1_1_3_comp40+1_I_1_1_3_comp41+1_I_1_1_3_comp42+1_I_1_1_3_comp43+1_I_1_1_3_comp44+1_I_1_1_3_comp45+1_I_1_1_3_comp46+1_I_1_1_3_comp47+1_I_1_1_3_comp48+1_I_1_1_3_comp49+1_I_1_1_3_comp50+1_I_1_1_3_comp51+1_I_1_1_3_comp52+1_I_1_1_3_comp53+1_I_1_1_3_comp54+1_I_1_1_3_comp55+1_I_1_1_3_comp56+1_I_1_1_3_comp57+1_I_1_1_3_comp58+1_I_1_1_3_comp59+1_I_1_1_3_comp60+1_I_1_1_3_comp61+1_I_1_1_3_comp62+1_I_1_1_3_comp63+1_I_1_1_3_comp64+1_I_1_1_3_comp65+1_I_1_1_3_comp66+1_I_1_1_3_comp67+1_I_1_1_3_comp68+1_I_1_1_3_comp69+1_I_1_1_3_comp70+1_I_1_1_3_comp71+1_I_1_1_3_comp72+1_I_1_1_3_comp73+1_I_1_1_3_comp74+1_I_1_1_3_comp75+1_I_1_1_3_comp76+1_I_1_1_3_comp77+1_I_1_1_3_comp78+1_I_1_1_3_comp79+1_I_1_1_3_comp80+1_I_1_1_3_comp81+1_I_1_1_3_comp82+1_I_1_1_3_comp83+1_I_1_1_3_comp84+1_I_1_1_3_comp85+1_I_1_1_3_comp86+1_I_1_1_3_comp87+1_I_1_1_3_comp88+1_I_1_1_3_comp89,R_1_I_1_1_3,TCDB,TCDB.1_I_1_1_3_comp60
G_1_I_1_1_3_comp61,P_1_I_1_1_3_comp1+1_I_1_1_3_comp2+1_I_1_1_3_comp3+1_I_1_1_3_comp4+1_I_1_1_3_comp5+1_I_1_1_3_comp6+1_I_1_1_3_comp7+1_I_1_1_3_comp8+1_I_1_1_3_comp9+1_I_1_1_3_comp10+1_I_1_1_3_comp11+1_I_1_1_3_comp12+1_I_1_1_3_comp13+1_I_1_1_3_comp14+1_I_1_1_3_comp15+1_I_1_1_3_comp16+1_I_1_1_3_comp17+1_I_1_1_3_comp18+1_I_1_1_3_comp19+1_I_1_1_3_comp20+1_I_1_1_3_comp21+1_I_1_1_3_comp22+1_I_1_1_3_comp23+1_I_1_1_3_comp24+1_I_1_1_3_comp25+1_I_1_1_3_comp26+1_I_1_1_3_comp27+1_I_1_1_3_comp28+1_I_1_1_3_comp29+1_I_1_1_3_comp30+1_I_1_1_3_comp31+1_I_1_1_3_comp32+1_I_1_1_3_comp33+1_I_1_1_3_comp34+1_I_1_1_3_comp35+1_I_1_1_3_comp36+1_I_1_1_3_comp37+1_I_1_1_3_comp38+1_I_1_1_3_comp39+1_I_1_1_3_comp40+1_I_1_1_3_comp41+1_I_1_1_3_comp42+1_I_1_1_3_comp43+1_I_1_1_3_comp44+1_I_1_1_3_comp45+1_I_1_1_3_comp46+1_I_1_1_3_comp47+1_I_1_1_3_comp48+1_I_1_1_3_comp49+1_I_1_1_3_comp50+1_I_1_1_3_comp51+1_I_1_1_3_comp52+1_I_1_1_3_comp53+1_I_1_1_3_comp54+1_I_1_1_3_comp55+1_I_1_1_3_comp56+1_I_1_1_3_comp57+1_I_1_1_3_comp58+1_I_1_1_3_comp59+1_I_1_1_3_comp60+1_I_1_1_3_comp61+1_I_1_1_3_comp62+1_I_1_1_3_comp63+1_I_1_1_3_comp64+1_I_1_1_3_comp65+1_I_1_1_3_comp66+1_I_1_1_3_comp67+1_I_1_1_3_comp68+1_I_1_1_3_comp69+1_I_1_1_3_comp70+1_I_1_1_3_comp71+1_I_1_1_3_comp72+1_I_1_1_3_comp73+1_I_1_1_3_comp74+1_I_1_1_3_comp75+1_I_1_1_3_comp76+1_I_1_1_3_comp77+1_I_1_1_3_comp78+1_I_1_1_3_comp79+1_I_1_1_3_comp80+1_I_1_1_3_comp81+1_I_1_1_3_comp82+1_I_1_1_3_comp83+1_I_1_1_3_comp84+1_I_1_1_3_comp85+1_I_1_1_3_comp86+1_I_1_1_3_comp87+1_I_1_1_3_comp88+1_I_1_1_3_comp89,R_1_I_1_1_3,TCDB,TCDB.1_I_1_1_3_comp61
G_1_I_1_1_3_comp62,P_1_I_1_1_3_comp1+1_I_1_1_3_comp2+1_I_1_1_3_comp3+1_I_1_1_3_comp4+1_I_1_1_3_comp5+1_I_1_1_3_comp6+1_I_1_1_3_comp7+1_I_1_1_3_comp8+1_I_1_1_3_comp9+1_I_1_1_3_comp10+1_I_1_1_3_comp11+1_I_1_1_3_comp12+1_I_1_1_3_comp13+1_I_1_1_3_comp14+1_I_1_1_3_comp15+1_I_1_1_3_comp16+1_I_1_1_3_comp17+1_I_1_1_3_comp18+1_I_1_1_3_comp19+1_I_1_1_3_comp20+1_I_1_1_3_comp21+1_I_1_1_3_comp22+1_I_1_1_3_comp23+1_I_1_1_3_comp24+1_I_1_1_3_comp25+1_I_1_1_3_comp26+1_I_1_1_3_comp27+1_I_1_1_3_comp28+1_I_1_1_3_comp29+1_I_1_1_3_comp30+1_I_1_1_3_comp31+1_I_1_1_3_comp32+1_I_1_1_3_comp33+1_I_1_1_3_comp34+1_I_1_1_3_comp35+1_I_1_1_3_comp36+1_I_1_1_3_comp37+1_I_1_1_3_comp38+1_I_1_1_3_comp39+1_I_1_1_3_comp40+1_I_1_1_3_comp41+1_I_1_1_3_comp42+1_I_1_1_3_comp43+1_I_1_1_3_comp44+1_I_1_1_3_comp45+1_I_1_1_3_comp46+1_I_1_1_3_comp47+1_I_1_1_3_comp48+1_I_1_1_3_comp49+1_I_1_1_3_comp50+1_I_1_1_3_comp51+1_I_1_1_3_comp52+1_I_1_1_3_comp53+1_I_1_1_3_comp54+1_I_1_1_3_comp55+1_I_1_1_3_comp56+1_I_1_1_3_comp57+1_I_1_1_3_comp58+1_I_1_1_3_comp59+1_I_1_1_3_comp60+1_I_1_1_3_comp61+1_I_1_1_3_comp62+1_I_1_1_3_comp63+1_I_1_1_3_comp64+1_I_1_1_3_comp65+1_I_1_1_3_comp66+1_I_1_1_3_comp67+1_I_1_1_3_comp68+1_I_1_1_3_comp69+1_I_1_1_3_comp70+1_I_1_1_3_comp71+1_I_1_1_3_comp72+1_I_1_1_3_comp73+1_I_1_1_3_comp74+1_I_1_1_3_comp75+1_I_1_1_3_comp76+1_I_1_1_3_comp77+1_I_1_1_3_comp78+1_I_1_1_3_comp79+1_I_1_1_3_comp80+1_I_1_1_3_comp81+1_I_1_1_3_comp82+1_I_1_1_3_comp83+1_I_1_1_3_comp84+1_I_1_1_3_comp85+1_I_1_1_3_comp86+1_I_1_1_3_comp87+1_I_1_1_3_comp88+1_I_1_1_3_comp89,R_1_I_1_1_3,TCDB,TCDB.1_I_1_1_3_comp62
G_1_I_1_1_3_comp63,P_1_I_1_1_3_comp1+1_I_1_1_3_comp2+1_I_1_1_3_comp3+1_I_1_1_3_comp4+1_I_1_1_3_comp5+1_I_1_1_3_comp6+1_I_1_1_3_comp7+1_I_1_1_3_comp8+1_I_1_1_3_comp9+1_I_1_1_3_comp10+1_I_1_1_3_comp11+1_I_1_1_3_comp12+1_I_1_1_3_comp13+1_I_1_1_3_comp14+1_I_1_1_3_comp15+1_I_1_1_3_comp16+1_I_1_1_3_comp17+1_I_1_1_3_comp18+1_I_1_1_3_comp19+1_I_1_1_3_comp20+1_I_1_1_3_comp21+1_I_1_1_3_comp22+1_I_1_1_3_comp23+1_I_1_1_3_comp24+1_I_1_1_3_comp25+1_I_1_1_3_comp26+1_I_1_1_3_comp27+1_I_1_1_3_comp28+1_I_1_1_3_comp29+1_I_1_1_3_comp30+1_I_1_1_3_comp31+1_I_1_1_3_comp32+1_I_1_1_3_comp33+1_I_1_1_3_comp34+1_I_1_1_3_comp35+1_I_1_1_3_comp36+1_I_1_1_3_comp37+1_I_1_1_3_comp38+1_I_1_1_3_comp39+1_I_1_1_3_comp40+1_I_1_1_3_comp41+1_I_1_1_3_comp42+1_I_1_1_3_comp43+1_I_1_1_3_comp44+1_I_1_1_3_comp45+1_I_1_1_3_comp46+1_I_1_1_3_comp47+1_I_1_1_3_comp48+1_I_1_1_3_comp49+1_I_1_1_3_comp50+1_I_1_1_3_comp51+1_I_1_1_3_comp52+1_I_1_1_3_comp53+1_I_1_1_3_comp54+1_I_1_1_3_comp55+1_I_1_1_3_comp56+1_I_1_1_3_comp57+1_I_1_1_3_comp58+1_I_1_1_3_comp59+1_I_1_1_3_comp60+1_I_1_1_3_comp61+1_I_1_1_3_comp62+1_I_1_1_3_comp63+1_I_1_1_3_comp64+1_I_1_1_3_comp65+1_I_1_1_3_comp66+1_I_1_1_3_comp67+1_I_1_1_3_comp68+1_I_1_1_3_comp69+1_I_1_1_3_comp70+1_I_1_1_3_comp71+1_I_1_1_3_comp72+1_I_1_1_3_comp73+1_I_1_1_3_comp74+1_I_1_1_3_comp75+1_I_1_1_3_comp76+1_I_1_1_3_comp77+1_I_1_1_3_comp78+1_I_1_1_3_comp79+1_I_1_1_3_comp80+1_I_1_1_3_comp81+1_I_1_1_3_comp82+1_I_1_1_3_comp83+1_I_1_1_3_comp84+1_I_1_1_3_comp85+1_I_1_1_3_comp86+1_I_1_1_3_comp87+1_I_1_1_3_comp88+1_I_1_1_3_comp89,R_1_I_1_1_3,TCDB,TCDB.1_I_1_1_3_comp63
G_1_I_1_1_3_comp64,P_1_I_1_1_3_comp1+1_I_1_1_3_comp2+1_I_1_1_3_comp3+1_I_1_1_3_comp4+1_I_1_1_3_comp5+1_I_1_1_3_comp6+1_I_1_1_3_comp7+1_I_1_1_3_comp8+1_I_1_1_3_comp9+1_I_1_1_3_comp10+1_I_1_1_3_comp11+1_I_1_1_3_comp12+1_I_1_1_3_comp13+1_I_1_1_3_comp14+1_I_1_1_3_comp15+1_I_1_1_3_comp16+1_I_1_1_3_comp17+1_I_1_1_3_comp18+1_I_1_1_3_comp19+1_I_1_1_3_comp20+1_I_1_1_3_comp21+1_I_1_1_3_comp22+1_I_1_1_3_comp23+1_I_1_1_3_comp24+1_I_1_1_3_comp25+1_I_1_1_3_comp26+1_I_1_1_3_comp27+1_I_1_1_3_comp28+1_I_1_1_3_comp29+1_I_1_1_3_comp30+1_I_1_1_3_comp31+1_I_1_1_3_comp32+1_I_1_1_3_comp33+1_I_1_1_3_comp34+1_I_1_1_3_comp35+1_I_1_1_3_comp36+1_I_1_1_3_comp37+1_I_1_1_3_comp38+1_I_1_1_3_comp39+1_I_1_1_3_comp40+1_I_1_1_3_comp41+1_I_1_1_3_comp42+1_I_1_1_3_comp43+1_I_1_1_3_comp44+1_I_1_1_3_comp45+1_I_1_1_3_comp46+1_I_1_1_3_comp47+1_I_1_1_3_comp48+1_I_1_1_3_comp49+1_I_1_1_3_comp50+1_I_1_1_3_comp51+1_I_1_1_3_comp52+1_I_1_1_3_comp53+1_I_1_1_3_comp54+1_I_1_1_3_comp55+1_I_1_1_3_comp56+1_I_1_1_3_comp57+1_I_1_1_3_comp58+1_I_1_1_3_comp59+1_I_1_1_3_comp60+1_I_1_1_3_comp61+1_I_1_1_3_comp62+1_I_1_1_3_comp63+1_I_1_1_3_comp64+1_I_1_1_3_comp65+1_I_1_1_3_comp66+1_I_1_1_3_comp67+1_I_1_1_3_comp68+1_I_1_1_3_comp69+1_I_1_1_3_comp70+1_I_1_1_3_comp71+1_I_1_1_3_comp72+1_I_1_1_3_comp73+1_I_1_1_3_comp74+1_I_1_1_3_comp75+1_I_1_1_3_comp76+1_I_1_1_3_comp77+1_I_1_1_3_comp78+1_I_1_1_3_comp79+1_I_1_1_3_comp80+1_I_1_1_3_comp81+1_I_1_1_3_comp82+1_I_1_1_3_comp83+1_I_1_1_3_comp84+1_I_1_1_3_comp85+1_I_1_1_3_comp86+1_I_1_1_3_comp87+1_I_1_1_3_comp88+1_I_1_1_3_comp89,R_1_I_1_1_3,TCDB,TCDB.1_I_1_1_3_comp64
G_1_I_1_1_3_comp65,P_1_I_1_1_3_comp1+1_I_1_1_3_comp2+1_I_1_1_3_comp3+1_I_1_1_3_comp4+1_I_1_1_3_comp5+1_I_1_1_3_comp6+1_I_1_1_3_comp7+1_I_1_1_3_comp8+1_I_1_1_3_comp9+1_I_1_1_3_comp10+1_I_1_1_3_comp11+1_I_1_1_3_comp12+1_I_1_1_3_comp13+1_I_1_1_3_comp14+1_I_1_1_3_comp15+1_I_1_1_3_comp16+1_I_1_1_3_comp17+1_I_1_1_3_comp18+1_I_1_1_3_comp19+1_I_1_1_3_comp20+1_I_1_1_3_comp21+1_I_1_1_3_comp22+1_I_1_1_3_comp23+1_I_1_1_3_comp24+1_I_1_1_3_comp25+1_I_1_1_3_comp26+1_I_1_1_3_comp27+1_I_1_1_3_comp28+1_I_1_1_3_comp29+1_I_1_1_3_comp30+1_I_1_1_3_comp31+1_I_1_1_3_comp32+1_I_1_1_3_comp33+1_I_1_1_3_comp34+1_I_1_1_3_comp35+1_I_1_1_3_comp36+1_I_1_1_3_comp37+1_I_1_1_3_comp38+1_I_1_1_3_comp39+1_I_1_1_3_comp40+1_I_1_1_3_comp41+1_I_1_1_3_comp42+1_I_1_1_3_comp43+1_I_1_1_3_comp44+1_I_1_1_3_comp45+1_I_1_1_3_comp46+1_I_1_1_3_comp47+1_I_1_1_3_comp48+1_I_1_1_3_comp49+1_I_1_1_3_comp50+1_I_1_1_3_comp51+1_I_1_1_3_comp52+1_I_1_1_3_comp53+1_I_1_1_3_comp54+1_I_1_1_3_comp55+1_I_1_1_3_comp56+1_I_1_1_3_comp57+1_I_1_1_3_comp58+1_I_1_1_3_comp59+1_I_1_1_3_comp60+1_I_1_1_3_comp61+1_I_1_1_3_comp62+1_I_1_1_3_comp63+1_I_1_1_3_comp64+1_I_1_1_3_comp65+1_I_1_1_3_comp66+1_I_1_1_3_comp67+1_I_1_1_3_comp68+1_I_1_1_3_comp69+1_I_1_1_3_comp70+1_I_1_1_3_comp71+1_I_1_1_3_comp72+1_I_1_1_3_comp73+1_I_1_1_3_comp74+1_I_1_1_3_comp75+1_I_1_1_3_comp76+1_I_1_1_3_comp77+1_I_1_1_3_comp78+1_I_1_1_3_comp79+1_I_1_1_3_comp80+1_I_1_1_3_comp81+1_I_1_1_3_comp82+1_I_1_1_3_comp83+1_I_1_1_3_comp84+1_I_1_1_3_comp85+1_I_1_1_3_comp86+1_I_1_1_3_comp87+1_I_1_1_3_comp88+1_I_1_1_3_comp89,R_1_I_1_1_3,TCDB,TCDB.1_I_1_1_3_comp65
G_1_I_1_1_3_comp66,P_1_I_1_1_3_comp1+1_I_1_1_3_comp2+1_I_1_1_3_comp3+1_I_1_1_3_comp4+1_I_1_1_3_comp5+1_I_1_1_3_comp6+1_I_1_1_3_comp7+1_I_1_1_3_comp8+1_I_1_1_3_comp9+1_I_1_1_3_comp10+1_I_1_1_3_comp11+1_I_1_1_3_comp12+1_I_1_1_3_comp13+1_I_1_1_3_comp14+1_I_1_1_3_comp15+1_I_1_1_3_comp16+1_I_1_1_3_comp17+1_I_1_1_3_comp18+1_I_1_1_3_comp19+1_I_1_1_3_comp20+1_I_1_1_3_comp21+1_I_1_1_3_comp22+1_I_1_1_3_comp23+1_I_1_1_3_comp24+1_I_1_1_3_comp25+1_I_1_1_3_comp26+1_I_1_1_3_comp27+1_I_1_1_3_comp28+1_I_1_1_3_comp29+1_I_1_1_3_comp30+1_I_1_1_3_comp31+1_I_1_1_3_comp32+1_I_1_1_3_comp33+1_I_1_1_3_comp34+1_I_1_1_3_comp35+1_I_1_1_3_comp36+1_I_1_1_3_comp37+1_I_1_1_3_comp38+1_I_1_1_3_comp39+1_I_1_1_3_comp40+1_I_1_1_3_comp41+1_I_1_1_3_comp42+1_I_1_1_3_comp43+1_I_1_1_3_comp44+1_I_1_1_3_comp45+1_I_1_1_3_comp46+1_I_1_1_3_comp47+1_I_1_1_3_comp48+1_I_1_1_3_comp49+1_I_1_1_3_comp50+1_I_1_1_3_comp51+1_I_1_1_3_comp52+1_I_1_1_3_comp53+1_I_1_1_3_comp54+1_I_1_1_3_comp55+1_I_1_1_3_comp56+1_I_1_1_3_comp57+1_I_1_1_3_comp58+1_I_1_1_3_comp59+1_I_1_1_3_comp60+1_I_1_1_3_comp61+1_I_1_1_3_comp62+1_I_1_1_3_comp63+1_I_1_1_3_comp64+1_I_1_1_3_comp65+1_I_1_1_3_comp66+1_I_1_1_3_comp67+1_I_1_1_3_comp68+1_I_1_1_3_comp69+1_I_1_1_3_comp70+1_I_1_1_3_comp71+1_I_1_1_3_comp72+1_I_1_1_3_comp73+1_I_1_1_3_comp74+1_I_1_1_3_comp75+1_I_1_1_3_comp76+1_I_1_1_3_comp77+1_I_1_1_3_comp78+1_I_1_1_3_comp79+1_I_1_1_3_comp80+1_I_1_1_3_comp81+1_I_1_1_3_comp82+1_I_1_1_3_comp83+1_I_1_1_3_comp84+1_I_1_1_3_comp85+1_I_1_1_3_comp86+1_I_1_1_3_comp87+1_I_1_1_3_comp88+1_I_1_1_3_comp89,R_1_I_1_1_3,TCDB,TCDB.1_I_1_1_3_comp66
G_1_I_1_1_3_comp67,P_1_I_1_1_3_comp1+1_I_1_1_3_comp2+1_I_1_1_3_comp3+1_I_1_1_3_comp4+1_I_1_1_3_comp5+1_I_1_1_3_comp6+1_I_1_1_3_comp7+1_I_1_1_3_comp8+1_I_1_1_3_comp9+1_I_1_1_3_comp10+1_I_1_1_3_comp11+1_I_1_1_3_comp12+1_I_1_1_3_comp13+1_I_1_1_3_comp14+1_I_1_1_3_comp15+1_I_1_1_3_comp16+1_I_1_1_3_comp17+1_I_1_1_3_comp18+1_I_1_1_3_comp19+1_I_1_1_3_comp20+1_I_1_1_3_comp21+1_I_1_1_3_comp22+1_I_1_1_3_comp23+1_I_1_1_3_comp24+1_I_1_1_3_comp25+1_I_1_1_3_comp26+1_I_1_1_3_comp27+1_I_1_1_3_comp28+1_I_1_1_3_comp29+1_I_1_1_3_comp30+1_I_1_1_3_comp31+1_I_1_1_3_comp32+1_I_1_1_3_comp33+1_I_1_1_3_comp34+1_I_1_1_3_comp35+1_I_1_1_3_comp36+1_I_1_1_3_comp37+1_I_1_1_3_comp38+1_I_1_1_3_comp39+1_I_1_1_3_comp40+1_I_1_1_3_comp41+1_I_1_1_3_comp42+1_I_1_1_3_comp43+1_I_1_1_3_comp44+1_I_1_1_3_comp45+1_I_1_1_3_comp46+1_I_1_1_3_comp47+1_I_1_1_3_comp48+1_I_1_1_3_comp49+1_I_1_1_3_comp50+1_I_1_1_3_comp51+1_I_1_1_3_comp52+1_I_1_1_3_comp53+1_I_1_1_3_comp54+1_I_1_1_3_comp55+1_I_1_1_3_comp56+1_I_1_1_3_comp57+1_I_1_1_3_comp58+1_I_1_1_3_comp59+1_I_1_1_3_comp60+1_I_1_1_3_comp61+1_I_1_1_3_comp62+1_I_1_1_3_comp63+1_I_1_1_3_comp64+1_I_1_1_3_comp65+1_I_1_1_3_comp66+1_I_1_1_3_comp67+1_I_1_1_3_comp68+1_I_1_1_3_comp69+1_I_1_1_3_comp70+1_I_1_1_3_comp71+1_I_1_1_3_comp72+1_I_1_1_3_comp73+1_I_1_1_3_comp74+1_I_1_1_3_comp75+1_I_1_1_3_comp76+1_I_1_1_3_comp77+1_I_1_1_3_comp78+1_I_1_1_3_comp79+1_I_1_1_3_comp80+1_I_1_1_3_comp81+1_I_1_1_3_comp82+1_I_1_1_3_comp83+1_I_1_1_3_comp84+1_I_1_1_3_comp85+1_I_1_1_3_comp86+1_I_1_1_3_comp87+1_I_1_1_3_comp88+1_I_1_1_3_comp89,R_1_I_1_1_3,TCDB,TCDB.1_I_1_1_3_comp67
G_1_I_1_1_3_comp68,P_1_I_1_1_3_comp1+1_I_1_1_3_comp2+1_I_1_1_3_comp3+1_I_1_1_3_comp4+1_I_1_1_3_comp5+1_I_1_1_3_comp6+1_I_1_1_3_comp7+1_I_1_1_3_comp8+1_I_1_1_3_comp9+1_I_1_1_3_comp10+1_I_1_1_3_comp11+1_I_1_1_3_comp12+1_I_1_1_3_comp13+1_I_1_1_3_comp14+1_I_1_1_3_comp15+1_I_1_1_3_comp16+1_I_1_1_3_comp17+1_I_1_1_3_comp18+1_I_1_1_3_comp19+1_I_1_1_3_comp20+1_I_1_1_3_comp21+1_I_1_1_3_comp22+1_I_1_1_3_comp23+1_I_1_1_3_comp24+1_I_1_1_3_comp25+1_I_1_1_3_comp26+1_I_1_1_3_comp27+1_I_1_1_3_comp28+1_I_1_1_3_comp29+1_I_1_1_3_comp30+1_I_1_1_3_comp31+1_I_1_1_3_comp32+1_I_1_1_3_comp33+1_I_1_1_3_comp34+1_I_1_1_3_comp35+1_I_1_1_3_comp36+1_I_1_1_3_comp37+1_I_1_1_3_comp38+1_I_1_1_3_comp39+1_I_1_1_3_comp40+1_I_1_1_3_comp41+1_I_1_1_3_comp42+1_I_1_1_3_comp43+1_I_1_1_3_comp44+1_I_1_1_3_comp45+1_I_1_1_3_comp46+1_I_1_1_3_comp47+1_I_1_1_3_comp48+1_I_1_1_3_comp49+1_I_1_1_3_comp50+1_I_1_1_3_comp51+1_I_1_1_3_comp52+1_I_1_1_3_comp53+1_I_1_1_3_comp54+1_I_1_1_3_comp55+1_I_1_1_3_comp56+1_I_1_1_3_comp57+1_I_1_1_3_comp58+1_I_1_1_3_comp59+1_I_1_1_3_comp60+1_I_1_1_3_comp61+1_I_1_1_3_comp62+1_I_1_1_3_comp63+1_I_1_1_3_comp64+1_I_1_1_3_comp65+1_I_1_1_3_comp66+1_I_1_1_3_comp67+1_I_1_1_3_comp68+1_I_1_1_3_comp69+1_I_1_1_3_comp70+1_I_1_1_3_comp71+1_I_1_1_3_comp72+1_I_1_1_3_comp73+1_I_1_1_3_comp74+1_I_1_1_3_comp75+1_I_1_1_3_comp76+1_I_1_1_3_comp77+1_I_1_1_3_comp78+1_I_1_1_3_comp79+1_I_1_1_3_comp80+1_I_1_1_3_comp81+1_I_1_1_3_comp82+1_I_1_1_3_comp83+1_I_1_1_3_comp84+1_I_1_1_3_comp85+1_I_1_1_3_comp86+1_I_1_1_3_comp87+1_I_1_1_3_comp88+1_I_1_1_3_comp89,R_1_I_1_1_3,TCDB,TCDB.1_I_1_1_3_comp68
G_1_I_1_1_3_comp69,P_1_I_1_1_3_comp1+1_I_1_1_3_comp2+1_I_1_1_3_comp3+1_I_1_1_3_comp4+1_I_1_1_3_comp5+1_I_1_1_3_comp6+1_I_1_1_3_comp7+1_I_1_1_3_comp8+1_I_1_1_3_comp9+1_I_1_1_3_comp10+1_I_1_1_3_comp11+1_I_1_1_3_comp12+1_I_1_1_3_comp13+1_I_1_1_3_comp14+1_I_1_1_3_comp15+1_I_1_1_3_comp16+1_I_1_1_3_comp17+1_I_1_1_3_comp18+1_I_1_1_3_comp19+1_I_1_1_3_comp20+1_I_1_1_3_comp21+1_I_1_1_3_comp22+1_I_1_1_3_comp23+1_I_1_1_3_comp24+1_I_1_1_3_comp25+1_I_1_1_3_comp26+1_I_1_1_3_comp27+1_I_1_1_3_comp28+1_I_1_1_3_comp29+1_I_1_1_3_comp30+1_I_1_1_3_comp31+1_I_1_1_3_comp32+1_I_1_1_3_comp33+1_I_1_1_3_comp34+1_I_1_1_3_comp35+1_I_1_1_3_comp36+1_I_1_1_3_comp37+1_I_1_1_3_comp38+1_I_1_1_3_comp39+1_I_1_1_3_comp40+1_I_1_1_3_comp41+1_I_1_1_3_comp42+1_I_1_1_3_comp43+1_I_1_1_3_comp44+1_I_1_1_3_comp45+1_I_1_1_3_comp46+1_I_1_1_3_comp47+1_I_1_1_3_comp48+1_I_1_1_3_comp49+1_I_1_1_3_comp50+1_I_1_1_3_comp51+1_I_1_1_3_comp52+1_I_1_1_3_comp53+1_I_1_1_3_comp54+1_I_1_1_3_comp55+1_I_1_1_3_comp56+1_I_1_1_3_comp57+1_I_1_1_3_comp58+1_I_1_1_3_comp59+1_I_1_1_3_comp60+1_I_1_1_3_comp61+1_I_1_1_3_comp62+1_I_1_1_3_comp63+1_I_1_1_3_comp64+1_I_1_1_3_comp65+1_I_1_1_3_comp66+1_I_1_1_3_comp67+1_I_1_1_3_comp68+1_I_1_1_3_comp69+1_I_1_1_3_comp70+1_I_1_1_3_comp71+1_I_1_1_3_comp72+1_I_1_1_3_comp73+1_I_1_1_3_comp74+1_I_1_1_3_comp75+1_I_1_1_3_comp76+1_I_1_1_3_comp77+1_I_1_1_3_comp78+1_I_1_1_3_comp79+1_I_1_1_3_comp80+1_I_1_1_3_comp81+1_I_1_1_3_comp82+1_I_1_1_3_comp83+1_I_1_1_3_comp84+1_I_1_1_3_comp85+1_I_1_1_3_comp86+1_I_1_1_3_comp87+1_I_1_1_3_comp88+1_I_1_1_3_comp89,R_1_I_1_1_3,TCDB,TCDB.1_I_1_1_3_comp69
G_1_I_1_1_3_comp70,P_1_I_1_1_3_comp1+1_I_1_1_3_comp2+1_I_1_1_3_comp3+1_I_1_1_3_comp4+1_I_1_1_3_comp5+1_I_1_1_3_comp6+1_I_1_1_3_comp7+1_I_1_1_3_comp8+1_I_1_1_3_comp9+1_I_1_1_3_comp10+1_I_1_1_3_comp11+1_I_1_1_3_comp12+1_I_1_1_3_comp13+1_I_1_1_3_comp14+1_I_1_1_3_comp15+1_I_1_1_3_comp16+1_I_1_1_3_comp17+1_I_1_1_3_comp18+1_I_1_1_3_comp19+1_I_1_1_3_comp20+1_I_1_1_3_comp21+1_I_1_1_3_comp22+1_I_1_1_3_comp23+1_I_1_1_3_comp24+1_I_1_1_3_comp25+1_I_1_1_3_comp26+1_I_1_1_3_comp27+1_I_1_1_3_comp28+1_I_1_1_3_comp29+1_I_1_1_3_comp30+1_I_1_1_3_comp31+1_I_1_1_3_comp32+1_I_1_1_3_comp33+1_I_1_1_3_comp34+1_I_1_1_3_comp35+1_I_1_1_3_comp36+1_I_1_1_3_comp37+1_I_1_1_3_comp38+1_I_1_1_3_comp39+1_I_1_1_3_comp40+1_I_1_1_3_comp41+1_I_1_1_3_comp42+1_I_1_1_3_comp43+1_I_1_1_3_comp44+1_I_1_1_3_comp45+1_I_1_1_3_comp46+1_I_1_1_3_comp47+1_I_1_1_3_comp48+1_I_1_1_3_comp49+1_I_1_1_3_comp50+1_I_1_1_3_comp51+1_I_1_1_3_comp52+1_I_1_1_3_comp53+1_I_1_1_3_comp54+1_I_1_1_3_comp55+1_I_1_1_3_comp56+1_I_1_1_3_comp57+1_I_1_1_3_comp58+1_I_1_1_3_comp59+1_I_1_1_3_comp60+1_I_1_1_3_comp61+1_I_1_1_3_comp62+1_I_1_1_3_comp63+1_I_1_1_3_comp64+1_I_1_1_3_comp65+1_I_1_1_3_comp66+1_I_1_1_3_comp67+1_I_1_1_3_comp68+1_I_1_1_3_comp69+1_I_1_1_3_comp70+1_I_1_1_3_comp71+1_I_1_1_3_comp72+1_I_1_1_3_comp73+1_I_1_1_3_comp74+1_I_1_1_3_comp75+1_I_1_1_3_comp76+1_I_1_1_3_comp77+1_I_1_1_3_comp78+1_I_1_1_3_comp79+1_I_1_1_3_comp80+1_I_1_1_3_comp81+1_I_1_1_3_comp82+1_I_1_1_3_comp83+1_I_1_1_3_comp84+1_I_1_1_3_comp85+1_I_1_1_3_comp86+1_I_1_1_3_comp87+1_I_1_1_3_comp88+1_I_1_1_3_comp89,R_1_I_1_1_3,TCDB,TCDB.1_I_1_1_3_comp70
G_1_I_1_1_3_comp71,P_1_I_1_1_3_comp1+1_I_1_1_3_comp2+1_I_1_1_3_comp3+1_I_1_1_3_comp4+1_I_1_1_3_comp5+1_I_1_1_3_comp6+1_I_1_1_3_comp7+1_I_1_1_3_comp8+1_I_1_1_3_comp9+1_I_1_1_3_comp10+1_I_1_1_3_comp11+1_I_1_1_3_comp12+1_I_1_1_3_comp13+1_I_1_1_3_comp14+1_I_1_1_3_comp15+1_I_1_1_3_comp16+1_I_1_1_3_comp17+1_I_1_1_3_comp18+1_I_1_1_3_comp19+1_I_1_1_3_comp20+1_I_1_1_3_comp21+1_I_1_1_3_comp22+1_I_1_1_3_comp23+1_I_1_1_3_comp24+1_I_1_1_3_comp25+1_I_1_1_3_comp26+1_I_1_1_3_comp27+1_I_1_1_3_comp28+1_I_1_1_3_comp29+1_I_1_1_3_comp30+1_I_1_1_3_comp31+1_I_1_1_3_comp32+1_I_1_1_3_comp33+1_I_1_1_3_comp34+1_I_1_1_3_comp35+1_I_1_1_3_comp36+1_I_1_1_3_comp37+1_I_1_1_3_comp38+1_I_1_1_3_comp39+1_I_1_1_3_comp40+1_I_1_1_3_comp41+1_I_1_1_3_comp42+1_I_1_1_3_comp43+1_I_1_1_3_comp44+1_I_1_1_3_comp45+1_I_1_1_3_comp46+1_I_1_1_3_comp47+1_I_1_1_3_comp48+1_I_1_1_3_comp49+1_I_1_1_3_comp50+1_I_1_1_3_comp51+1_I_1_1_3_comp52+1_I_1_1_3_comp53+1_I_1_1_3_comp54+1_I_1_1_3_comp55+1_I_1_1_3_comp56+1_I_1_1_3_comp57+1_I_1_1_3_comp58+1_I_1_1_3_comp59+1_I_1_1_3_comp60+1_I_1_1_3_comp61+1_I_1_1_3_comp62+1_I_1_1_3_comp63+1_I_1_1_3_comp64+1_I_1_1_3_comp65+1_I_1_1_3_comp66+1_I_1_1_3_comp67+1_I_1_1_3_comp68+1_I_1_1_3_comp69+1_I_1_1_3_comp70+1_I_1_1_3_comp71+1_I_1_1_3_comp72+1_I_1_1_3_comp73+1_I_1_1_3_comp74+1_I_1_1_3_comp75+1_I_1_1_3_comp76+1_I_1_1_3_comp77+1_I_1_1_3_comp78+1_I_1_1_3_comp79+1_I_1_1_3_comp80+1_I_1_1_3_comp81+1_I_1_1_3_comp82+1_I_1_1_3_comp83+1_I_1_1_3_comp84+1_I_1_1_3_comp85+1_I_1_1_3_comp86+1_I_1_1_3_comp87+1_I_1_1_3_comp88+1_I_1_1_3_comp89,R_1_I_1_1_3,TCDB,TCDB.1_I_1_1_3_comp71
G_1_I_1_1_3_comp72,P_1_I_1_1_3_comp1+1_I_1_1_3_comp2+1_I_1_1_3_comp3+1_I_1_1_3_comp4+1_I_1_1_3_comp5+1_I_1_1_3_comp6+1_I_1_1_3_comp7+1_I_1_1_3_comp8+1_I_1_1_3_comp9+1_I_1_1_3_comp10+1_I_1_1_3_comp11+1_I_1_1_3_comp12+1_I_1_1_3_comp13+1_I_1_1_3_comp14+1_I_1_1_3_comp15+1_I_1_1_3_comp16+1_I_1_1_3_comp17+1_I_1_1_3_comp18+1_I_1_1_3_comp19+1_I_1_1_3_comp20+1_I_1_1_3_comp21+1_I_1_1_3_comp22+1_I_1_1_3_comp23+1_I_1_1_3_comp24+1_I_1_1_3_comp25+1_I_1_1_3_comp26+1_I_1_1_3_comp27+1_I_1_1_3_comp28+1_I_1_1_3_comp29+1_I_1_1_3_comp30+1_I_1_1_3_comp31+1_I_1_1_3_comp32+1_I_1_1_3_comp33+1_I_1_1_3_comp34+1_I_1_1_3_comp35+1_I_1_1_3_comp36+1_I_1_1_3_comp37+1_I_1_1_3_comp38+1_I_1_1_3_comp39+1_I_1_1_3_comp40+1_I_1_1_3_comp41+1_I_1_1_3_comp42+1_I_1_1_3_comp43+1_I_1_1_3_comp44+1_I_1_1_3_comp45+1_I_1_1_3_comp46+1_I_1_1_3_comp47+1_I_1_1_3_comp48+1_I_1_1_3_comp49+1_I_1_1_3_comp50+1_I_1_1_3_comp51+1_I_1_1_3_comp52+1_I_1_1_3_comp53+1_I_1_1_3_comp54+1_I_1_1_3_comp55+1_I_1_1_3_comp56+1_I_1_1_3_comp57+1_I_1_1_3_comp58+1_I_1_1_3_comp59+1_I_1_1_3_comp60+1_I_1_1_3_comp61+1_I_1_1_3_comp62+1_I_1_1_3_comp63+1_I_1_1_3_comp64+1_I_1_1_3_comp65+1_I_1_1_3_comp66+1_I_1_1_3_comp67+1_I_1_1_3_comp68+1_I_1_1_3_comp69+1_I_1_1_3_comp70+1_I_1_1_3_comp71+1_I_1_1_3_comp72+1_I_1_1_3_comp73+1_I_1_1_3_comp74+1_I_1_1_3_comp75+1_I_1_1_3_comp76+1_I_1_1_3_comp77+1_I_1_1_3_comp78+1_I_1_1_3_comp79+1_I_1_1_3_comp80+1_I_1_1_3_comp81+1_I_1_1_3_comp82+1_I_1_1_3_comp83+1_I_1_1_3_comp84+1_I_1_1_3_comp85+1_I_1_1_3_comp86+1_I_1_1_3_comp87+1_I_1_1_3_comp88+1_I_1_1_3_comp89,R_1_I_1_1_3,TCDB,TCDB.1_I_1_1_3_comp72
G_1_I_1_1_3_comp73,P_1_I_1_1_3_comp1+1_I_1_1_3_comp2+1_I_1_1_3_comp3+1_I_1_1_3_comp4+1_I_1_1_3_comp5+1_I_1_1_3_comp6+1_I_1_1_3_comp7+1_I_1_1_3_comp8+1_I_1_1_3_comp9+1_I_1_1_3_comp10+1_I_1_1_3_comp11+1_I_1_1_3_comp12+1_I_1_1_3_comp13+1_I_1_1_3_comp14+1_I_1_1_3_comp15+1_I_1_1_3_comp16+1_I_1_1_3_comp17+1_I_1_1_3_comp18+1_I_1_1_3_comp19+1_I_1_1_3_comp20+1_I_1_1_3_comp21+1_I_1_1_3_comp22+1_I_1_1_3_comp23+1_I_1_1_3_comp24+1_I_1_1_3_comp25+1_I_1_1_3_comp26+1_I_1_1_3_comp27+1_I_1_1_3_comp28+1_I_1_1_3_comp29+1_I_1_1_3_comp30+1_I_1_1_3_comp31+1_I_1_1_3_comp32+1_I_1_1_3_comp33+1_I_1_1_3_comp34+1_I_1_1_3_comp35+1_I_1_1_3_comp36+1_I_1_1_3_comp37+1_I_1_1_3_comp38+1_I_1_1_3_comp39+1_I_1_1_3_comp40+1_I_1_1_3_comp41+1_I_1_1_3_comp42+1_I_1_1_3_comp43+1_I_1_1_3_comp44+1_I_1_1_3_comp45+1_I_1_1_3_comp46+1_I_1_1_3_comp47+1_I_1_1_3_comp48+1_I_1_1_3_comp49+1_I_1_1_3_comp50+1_I_1_1_3_comp51+1_I_1_1_3_comp52+1_I_1_1_3_comp53+1_I_1_1_3_comp54+1_I_1_1_3_comp55+1_I_1_1_3_comp56+1_I_1_1_3_comp57+1_I_1_1_3_comp58+1_I_1_1_3_comp59+1_I_1_1_3_comp60+1_I_1_1_3_comp61+1_I_1_1_3_comp62+1_I_1_1_3_comp63+1_I_1_1_3_comp64+1_I_1_1_3_comp65+1_I_1_1_3_comp66+1_I_1_1_3_comp67+1_I_1_1_3_comp68+1_I_1_1_3_comp69+1_I_1_1_3_comp70+1_I_1_1_3_comp71+1_I_1_1_3_comp72+1_I_1_1_3_comp73+1_I_1_1_3_comp74+1_I_1_1_3_comp75+1_I_1_1_3_comp76+1_I_1_1_3_comp77+1_I_1_1_3_comp78+1_I_1_1_3_comp79+1_I_1_1_3_comp80+1_I_1_1_3_comp81+1_I_1_1_3_comp82+1_I_1_1_3_comp83+1_I_1_1_3_comp84+1_I_1_1_3_comp85+1_I_1_1_3_comp86+1_I_1_1_3_comp87+1_I_1_1_3_comp88+1_I_1_1_3_comp89,R_1_I_1_1_3,TCDB,TCDB.1_I_1_1_3_comp73
G_1_I_1_1_3_comp74,P_1_I_1_1_3_comp1+1_I_1_1_3_comp2+1_I_1_1_3_comp3+1_I_1_1_3_comp4+1_I_1_1_3_comp5+1_I_1_1_3_comp6+1_I_1_1_3_comp7+1_I_1_1_3_comp8+1_I_1_1_3_comp9+1_I_1_1_3_comp10+1_I_1_1_3_comp11+1_I_1_1_3_comp12+1_I_1_1_3_comp13+1_I_1_1_3_comp14+1_I_1_1_3_comp15+1_I_1_1_3_comp16+1_I_1_1_3_comp17+1_I_1_1_3_comp18+1_I_1_1_3_comp19+1_I_1_1_3_comp20+1_I_1_1_3_comp21+1_I_1_1_3_comp22+1_I_1_1_3_comp23+1_I_1_1_3_comp24+1_I_1_1_3_comp25+1_I_1_1_3_comp26+1_I_1_1_3_comp27+1_I_1_1_3_comp28+1_I_1_1_3_comp29+1_I_1_1_3_comp30+1_I_1_1_3_comp31+1_I_1_1_3_comp32+1_I_1_1_3_comp33+1_I_1_1_3_comp34+1_I_1_1_3_comp35+1_I_1_1_3_comp36+1_I_1_1_3_comp37+1_I_1_1_3_comp38+1_I_1_1_3_comp39+1_I_1_1_3_comp40+1_I_1_1_3_comp41+1_I_1_1_3_comp42+1_I_1_1_3_comp43+1_I_1_1_3_comp44+1_I_1_1_3_comp45+1_I_1_1_3_comp46+1_I_1_1_3_comp47+1_I_1_1_3_comp48+1_I_1_1_3_comp49+1_I_1_1_3_comp50+1_I_1_1_3_comp51+1_I_1_1_3_comp52+1_I_1_1_3_comp53+1_I_1_1_3_comp54+1_I_1_1_3_comp55+1_I_1_1_3_comp56+1_I_1_1_3_comp57+1_I_1_1_3_comp58+1_I_1_1_3_comp59+1_I_1_1_3_comp60+1_I_1_1_3_comp61+1_I_1_1_3_comp62+1_I_1_1_3_comp63+1_I_1_1_3_comp64+1_I_1_1_3_comp65+1_I_1_1_3_comp66+1_I_1_1_3_comp67+1_I_1_1_3_comp68+1_I_1_1_3_comp69+1_I_1_1_3_comp70+1_I_1_1_3_comp71+1_I_1_1_3_comp72+1_I_1_1_3_comp73+1_I_1_1_3_comp74+1_I_1_1_3_comp75+1_I_1_1_3_comp76+1_I_1_1_3_comp77+1_I_1_1_3_comp78+1_I_1_1_3_comp79+1_I_1_1_3_comp80+1_I_1_1_3_comp81+1_I_1_1_3_comp82+1_I_1_1_3_comp83+1_I_1_1_3_comp84+1_I_1_1_3_comp85+1_I_1_1_3_comp86+1_I_1_1_3_comp87+1_I_1_1_3_comp88+1_I_1_1_3_comp89,R_1_I_1_1_3,TCDB,TCDB.1_I_1_1_3_comp74
G_1_I_1_1_3_comp75,P_1_I_1_1_3_comp1+1_I_1_1_3_comp2+1_I_1_1_3_comp3+1_I_1_1_3_comp4+1_I_1_1_3_comp5+1_I_1_1_3_comp6+1_I_1_1_3_comp7+1_I_1_1_3_comp8+1_I_1_1_3_comp9+1_I_1_1_3_comp10+1_I_1_1_3_comp11+1_I_1_1_3_comp12+1_I_1_1_3_comp13+1_I_1_1_3_comp14+1_I_1_1_3_comp15+1_I_1_1_3_comp16+1_I_1_1_3_comp17+1_I_1_1_3_comp18+1_I_1_1_3_comp19+1_I_1_1_3_comp20+1_I_1_1_3_comp21+1_I_1_1_3_comp22+1_I_1_1_3_comp23+1_I_1_1_3_comp24+1_I_1_1_3_comp25+1_I_1_1_3_comp26+1_I_1_1_3_comp27+1_I_1_1_3_comp28+1_I_1_1_3_comp29+1_I_1_1_3_comp30+1_I_1_1_3_comp31+1_I_1_1_3_comp32+1_I_1_1_3_comp33+1_I_1_1_3_comp34+1_I_1_1_3_comp35+1_I_1_1_3_comp36+1_I_1_1_3_comp37+1_I_1_1_3_comp38+1_I_1_1_3_comp39+1_I_1_1_3_comp40+1_I_1_1_3_comp41+1_I_1_1_3_comp42+1_I_1_1_3_comp43+1_I_1_1_3_comp44+1_I_1_1_3_comp45+1_I_1_1_3_comp46+1_I_1_1_3_comp47+1_I_1_1_3_comp48+1_I_1_1_3_comp49+1_I_1_1_3_comp50+1_I_1_1_3_comp51+1_I_1_1_3_comp52+1_I_1_1_3_comp53+1_I_1_1_3_comp54+1_I_1_1_3_comp55+1_I_1_1_3_comp56+1_I_1_1_3_comp57+1_I_1_1_3_comp58+1_I_1_1_3_comp59+1_I_1_1_3_comp60+1_I_1_1_3_comp61+1_I_1_1_3_comp62+1_I_1_1_3_comp63+1_I_1_1_3_comp64+1_I_1_1_3_comp65+1_I_1_1_3_comp66+1_I_1_1_3_comp67+1_I_1_1_3_comp68+1_I_1_1_3_comp69+1_I_1_1_3_comp70+1_I_1_1_3_comp71+1_I_1_1_3_comp72+1_I_1_1_3_comp73+1_I_1_1_3_comp74+1_I_1_1_3_comp75+1_I_1_1_3_comp76+1_I_1_1_3_comp77+1_I_1_1_3_comp78+1_I_1_1_3_comp79+1_I_1_1_3_comp80+1_I_1_1_3_comp81+1_I_1_1_3_comp82+1_I_1_1_3_comp83+1_I_1_1_3_comp84+1_I_1_1_3_comp85+1_I_1_1_3_comp86+1_I_1_1_3_comp87+1_I_1_1_3_comp88+1_I_1_1_3_comp89,R_1_I_1_1_3,TCDB,TCDB.1_I_1_1_3_comp75
G_1_I_1_1_3_comp76,P_1_I_1_1_3_comp1+1_I_1_1_3_comp2+1_I_1_1_3_comp3+1_I_1_1_3_comp4+1_I_1_1_3_comp5+1_I_1_1_3_comp6+1_I_1_1_3_comp7+1_I_1_1_3_comp8+1_I_1_1_3_comp9+1_I_1_1_3_comp10+1_I_1_1_3_comp11+1_I_1_1_3_comp12+1_I_1_1_3_comp13+1_I_1_1_3_comp14+1_I_1_1_3_comp15+1_I_1_1_3_comp16+1_I_1_1_3_comp17+1_I_1_1_3_comp18+1_I_1_1_3_comp19+1_I_1_1_3_comp20+1_I_1_1_3_comp21+1_I_1_1_3_comp22+1_I_1_1_3_comp23+1_I_1_1_3_comp24+1_I_1_1_3_comp25+1_I_1_1_3_comp26+1_I_1_1_3_comp27+1_I_1_1_3_comp28+1_I_1_1_3_comp29+1_I_1_1_3_comp30+1_I_1_1_3_comp31+1_I_1_1_3_comp32+1_I_1_1_3_comp33+1_I_1_1_3_comp34+1_I_1_1_3_comp35+1_I_1_1_3_comp36+1_I_1_1_3_comp37+1_I_1_1_3_comp38+1_I_1_1_3_comp39+1_I_1_1_3_comp40+1_I_1_1_3_comp41+1_I_1_1_3_comp42+1_I_1_1_3_comp43+1_I_1_1_3_comp44+1_I_1_1_3_comp45+1_I_1_1_3_comp46+1_I_1_1_3_comp47+1_I_1_1_3_comp48+1_I_1_1_3_comp49+1_I_1_1_3_comp50+1_I_1_1_3_comp51+1_I_1_1_3_comp52+1_I_1_1_3_comp53+1_I_1_1_3_comp54+1_I_1_1_3_comp55+1_I_1_1_3_comp56+1_I_1_1_3_comp57+1_I_1_1_3_comp58+1_I_1_1_3_comp59+1_I_1_1_3_comp60+1_I_1_1_3_comp61+1_I_1_1_3_comp62+1_I_1_1_3_comp63+1_I_1_1_3_comp64+1_I_1_1_3_comp65+1_I_1_1_3_comp66+1_I_1_1_3_comp67+1_I_1_1_3_comp68+1_I_1_1_3_comp69+1_I_1_1_3_comp70+1_I_1_1_3_comp71+1_I_1_1_3_comp72+1_I_1_1_3_comp73+1_I_1_1_3_comp74+1_I_1_1_3_comp75+1_I_1_1_3_comp76+1_I_1_1_3_comp77+1_I_1_1_3_comp78+1_I_1_1_3_comp79+1_I_1_1_3_comp80+1_I_1_1_3_comp81+1_I_1_1_3_comp82+1_I_1_1_3_comp83+1_I_1_1_3_comp84+1_I_1_1_3_comp85+1_I_1_1_3_comp86+1_I_1_1_3_comp87+1_I_1_1_3_comp88+1_I_1_1_3_comp89,R_1_I_1_1_3,TCDB,TCDB.1_I_1_1_3_comp76
G_1_I_1_1_3_comp77,P_1_I_1_1_3_comp1+1_I_1_1_3_comp2+1_I_1_1_3_comp3+1_I_1_1_3_comp4+1_I_1_1_3_comp5+1_I_1_1_3_comp6+1_I_1_1_3_comp7+1_I_1_1_3_comp8+1_I_1_1_3_comp9+1_I_1_1_3_comp10+1_I_1_1_3_comp11+1_I_1_1_3_comp12+1_I_1_1_3_comp13+1_I_1_1_3_comp14+1_I_1_1_3_comp15+1_I_1_1_3_comp16+1_I_1_1_3_comp17+1_I_1_1_3_comp18+1_I_1_1_3_comp19+1_I_1_1_3_comp20+1_I_1_1_3_comp21+1_I_1_1_3_comp22+1_I_1_1_3_comp23+1_I_1_1_3_comp24+1_I_1_1_3_comp25+1_I_1_1_3_comp26+1_I_1_1_3_comp27+1_I_1_1_3_comp28+1_I_1_1_3_comp29+1_I_1_1_3_comp30+1_I_1_1_3_comp31+1_I_1_1_3_comp32+1_I_1_1_3_comp33+1_I_1_1_3_comp34+1_I_1_1_3_comp35+1_I_1_1_3_comp36+1_I_1_1_3_comp37+1_I_1_1_3_comp38+1_I_1_1_3_comp39+1_I_1_1_3_comp40+1_I_1_1_3_comp41+1_I_1_1_3_comp42+1_I_1_1_3_comp43+1_I_1_1_3_comp44+1_I_1_1_3_comp45+1_I_1_1_3_comp46+1_I_1_1_3_comp47+1_I_1_1_3_comp48+1_I_1_1_3_comp49+1_I_1_1_3_comp50+1_I_1_1_3_comp51+1_I_1_1_3_comp52+1_I_1_1_3_comp53+1_I_1_1_3_comp54+1_I_1_1_3_comp55+1_I_1_1_3_comp56+1_I_1_1_3_comp57+1_I_1_1_3_comp58+1_I_1_1_3_comp59+1_I_1_1_3_comp60+1_I_1_1_3_comp61+1_I_1_1_3_comp62+1_I_1_1_3_comp63+1_I_1_1_3_comp64+1_I_1_1_3_comp65+1_I_1_1_3_comp66+1_I_1_1_3_comp67+1_I_1_1_3_comp68+1_I_1_1_3_comp69+1_I_1_1_3_comp70+1_I_1_1_3_comp71+1_I_1_1_3_comp72+1_I_1_1_3_comp73+1_I_1_1_3_comp74+1_I_1_1_3_comp75+1_I_1_1_3_comp76+1_I_1_1_3_comp77+1_I_1_1_3_comp78+1_I_1_1_3_comp79+1_I_1_1_3_comp80+1_I_1_1_3_comp81+1_I_1_1_3_comp82+1_I_1_1_3_comp83+1_I_1_1_3_comp84+1_I_1_1_3_comp85+1_I_1_1_3_comp86+1_I_1_1_3_comp87+1_I_1_1_3_comp88+1_I_1_1_3_comp89,R_1_I_1_1_3,TCDB,TCDB.1_I_1_1_3_comp77
G_1_I_1_1_3_comp78,P_1_I_1_1_3_comp1+1_I_1_1_3_comp2+1_I_1_1_3_comp3+1_I_1_1_3_comp4+1_I_1_1_3_comp5+1_I_1_1_3_comp6+1_I_1_1_3_comp7+1_I_1_1_3_comp8+1_I_1_1_3_comp9+1_I_1_1_3_comp10+1_I_1_1_3_comp11+1_I_1_1_3_comp12+1_I_1_1_3_comp13+1_I_1_1_3_comp14+1_I_1_1_3_comp15+1_I_1_1_3_comp16+1_I_1_1_3_comp17+1_I_1_1_3_comp18+1_I_1_1_3_comp19+1_I_1_1_3_comp20+1_I_1_1_3_comp21+1_I_1_1_3_comp22+1_I_1_1_3_comp23+1_I_1_1_3_comp24+1_I_1_1_3_comp25+1_I_1_1_3_comp26+1_I_1_1_3_comp27+1_I_1_1_3_comp28+1_I_1_1_3_comp29+1_I_1_1_3_comp30+1_I_1_1_3_comp31+1_I_1_1_3_comp32+1_I_1_1_3_comp33+1_I_1_1_3_comp34+1_I_1_1_3_comp35+1_I_1_1_3_comp36+1_I_1_1_3_comp37+1_I_1_1_3_comp38+1_I_1_1_3_comp39+1_I_1_1_3_comp40+1_I_1_1_3_comp41+1_I_1_1_3_comp42+1_I_1_1_3_comp43+1_I_1_1_3_comp44+1_I_1_1_3_comp45+1_I_1_1_3_comp46+1_I_1_1_3_comp47+1_I_1_1_3_comp48+1_I_1_1_3_comp49+1_I_1_1_3_comp50+1_I_1_1_3_comp51+1_I_1_1_3_comp52+1_I_1_1_3_comp53+1_I_1_1_3_comp54+1_I_1_1_3_comp55+1_I_1_1_3_comp56+1_I_1_1_3_comp57+1_I_1_1_3_comp58+1_I_1_1_3_comp59+1_I_1_1_3_comp60+1_I_1_1_3_comp61+1_I_1_1_3_comp62+1_I_1_1_3_comp63+1_I_1_1_3_comp64+1_I_1_1_3_comp65+1_I_1_1_3_comp66+1_I_1_1_3_comp67+1_I_1_1_3_comp68+1_I_1_1_3_comp69+1_I_1_1_3_comp70+1_I_1_1_3_comp71+1_I_1_1_3_comp72+1_I_1_1_3_comp73+1_I_1_1_3_comp74+1_I_1_1_3_comp75+1_I_1_1_3_comp76+1_I_1_1_3_comp77+1_I_1_1_3_comp78+1_I_1_1_3_comp79+1_I_1_1_3_comp80+1_I_1_1_3_comp81+1_I_1_1_3_comp82+1_I_1_1_3_comp83+1_I_1_1_3_comp84+1_I_1_1_3_comp85+1_I_1_1_3_comp86+1_I_1_1_3_comp87+1_I_1_1_3_comp88+1_I_1_1_3_comp89,R_1_I_1_1_3,TCDB,TCDB.1_I_1_1_3_comp78
G_1_I_1_1_3_comp79,P_1_I_1_1_3_comp1+1_I_1_1_3_comp2+1_I_1_1_3_comp3+1_I_1_1_3_comp4+1_I_1_1_3_comp5+1_I_1_1_3_comp6+1_I_1_1_3_comp7+1_I_1_1_3_comp8+1_I_1_1_3_comp9+1_I_1_1_3_comp10+1_I_1_1_3_comp11+1_I_1_1_3_comp12+1_I_1_1_3_comp13+1_I_1_1_3_comp14+1_I_1_1_3_comp15+1_I_1_1_3_comp16+1_I_1_1_3_comp17+1_I_1_1_3_comp18+1_I_1_1_3_comp19+1_I_1_1_3_comp20+1_I_1_1_3_comp21+1_I_1_1_3_comp22+1_I_1_1_3_comp23+1_I_1_1_3_comp24+1_I_1_1_3_comp25+1_I_1_1_3_comp26+1_I_1_1_3_comp27+1_I_1_1_3_comp28+1_I_1_1_3_comp29+1_I_1_1_3_comp30+1_I_1_1_3_comp31+1_I_1_1_3_comp32+1_I_1_1_3_comp33+1_I_1_1_3_comp34+1_I_1_1_3_comp35+1_I_1_1_3_comp36+1_I_1_1_3_comp37+1_I_1_1_3_comp38+1_I_1_1_3_comp39+1_I_1_1_3_comp40+1_I_1_1_3_comp41+1_I_1_1_3_comp42+1_I_1_1_3_comp43+1_I_1_1_3_comp44+1_I_1_1_3_comp45+1_I_1_1_3_comp46+1_I_1_1_3_comp47+1_I_1_1_3_comp48+1_I_1_1_3_comp49+1_I_1_1_3_comp50+1_I_1_1_3_comp51+1_I_1_1_3_comp52+1_I_1_1_3_comp53+1_I_1_1_3_comp54+1_I_1_1_3_comp55+1_I_1_1_3_comp56+1_I_1_1_3_comp57+1_I_1_1_3_comp58+1_I_1_1_3_comp59+1_I_1_1_3_comp60+1_I_1_1_3_comp61+1_I_1_1_3_comp62+1_I_1_1_3_comp63+1_I_1_1_3_comp64+1_I_1_1_3_comp65+1_I_1_1_3_comp66+1_I_1_1_3_comp67+1_I_1_1_3_comp68+1_I_1_1_3_comp69+1_I_1_1_3_comp70+1_I_1_1_3_comp71+1_I_1_1_3_comp72+1_I_1_1_3_comp73+1_I_1_1_3_comp74+1_I_1_1_3_comp75+1_I_1_1_3_comp76+1_I_1_1_3_comp77+1_I_1_1_3_comp78+1_I_1_1_3_comp79+1_I_1_1_3_comp80+1_I_1_1_3_comp81+1_I_1_1_3_comp82+1_I_1_1_3_comp83+1_I_1_1_3_comp84+1_I_1_1_3_comp85+1_I_1_1_3_comp86+1_I_1_1_3_comp87+1_I_1_1_3_comp88+1_I_1_1_3_comp89,R_1_I_1_1_3,TCDB,TCDB.1_I_1_1_3_comp79
G_1_I_1_1_3_comp80,P_1_I_1_1_3_comp1+1_I_1_1_3_comp2+1_I_1_1_3_comp3+1_I_1_1_3_comp4+1_I_1_1_3_comp5+1_I_1_1_3_comp6+1_I_1_1_3_comp7+1_I_1_1_3_comp8+1_I_1_1_3_comp9+1_I_1_1_3_comp10+1_I_1_1_3_comp11+1_I_1_1_3_comp12+1_I_1_1_3_comp13+1_I_1_1_3_comp14+1_I_1_1_3_comp15+1_I_1_1_3_comp16+1_I_1_1_3_comp17+1_I_1_1_3_comp18+1_I_1_1_3_comp19+1_I_1_1_3_comp20+1_I_1_1_3_comp21+1_I_1_1_3_comp22+1_I_1_1_3_comp23+1_I_1_1_3_comp24+1_I_1_1_3_comp25+1_I_1_1_3_comp26+1_I_1_1_3_comp27+1_I_1_1_3_comp28+1_I_1_1_3_comp29+1_I_1_1_3_comp30+1_I_1_1_3_comp31+1_I_1_1_3_comp32+1_I_1_1_3_comp33+1_I_1_1_3_comp34+1_I_1_1_3_comp35+1_I_1_1_3_comp36+1_I_1_1_3_comp37+1_I_1_1_3_comp38+1_I_1_1_3_comp39+1_I_1_1_3_comp40+1_I_1_1_3_comp41+1_I_1_1_3_comp42+1_I_1_1_3_comp43+1_I_1_1_3_comp44+1_I_1_1_3_comp45+1_I_1_1_3_comp46+1_I_1_1_3_comp47+1_I_1_1_3_comp48+1_I_1_1_3_comp49+1_I_1_1_3_comp50+1_I_1_1_3_comp51+1_I_1_1_3_comp52+1_I_1_1_3_comp53+1_I_1_1_3_comp54+1_I_1_1_3_comp55+1_I_1_1_3_comp56+1_I_1_1_3_comp57+1_I_1_1_3_comp58+1_I_1_1_3_comp59+1_I_1_1_3_comp60+1_I_1_1_3_comp61+1_I_1_1_3_comp62+1_I_1_1_3_comp63+1_I_1_1_3_comp64+1_I_1_1_3_comp65+1_I_1_1_3_comp66+1_I_1_1_3_comp67+1_I_1_1_3_comp68+1_I_1_1_3_comp69+1_I_1_1_3_comp70+1_I_1_1_3_comp71+1_I_1_1_3_comp72+1_I_1_1_3_comp73+1_I_1_1_3_comp74+1_I_1_1_3_comp75+1_I_1_1_3_comp76+1_I_1_1_3_comp77+1_I_1_1_3_comp78+1_I_1_1_3_comp79+1_I_1_1_3_comp80+1_I_1_1_3_comp81+1_I_1_1_3_comp82+1_I_1_1_3_comp83+1_I_1_1_3_comp84+1_I_1_1_3_comp85+1_I_1_1_3_comp86+1_I_1_1_3_comp87+1_I_1_1_3_comp88+1_I_1_1_3_comp89,R_1_I_1_1_3,TCDB,TCDB.1_I_1_1_3_comp80
G_1_I_1_1_3_comp81,P_1_I_1_1_3_comp1+1_I_1_1_3_comp2+1_I_1_1_3_comp3+1_I_1_1_3_comp4+1_I_1_1_3_comp5+1_I_1_1_3_comp6+1_I_1_1_3_comp7+1_I_1_1_3_comp8+1_I_1_1_3_comp9+1_I_1_1_3_comp10+1_I_1_1_3_comp11+1_I_1_1_3_comp12+1_I_1_1_3_comp13+1_I_1_1_3_comp14+1_I_1_1_3_comp15+1_I_1_1_3_comp16+1_I_1_1_3_comp17+1_I_1_1_3_comp18+1_I_1_1_3_comp19+1_I_1_1_3_comp20+1_I_1_1_3_comp21+1_I_1_1_3_comp22+1_I_1_1_3_comp23+1_I_1_1_3_comp24+1_I_1_1_3_comp25+1_I_1_1_3_comp26+1_I_1_1_3_comp27+1_I_1_1_3_comp28+1_I_1_1_3_comp29+1_I_1_1_3_comp30+1_I_1_1_3_comp31+1_I_1_1_3_comp32+1_I_1_1_3_comp33+1_I_1_1_3_comp34+1_I_1_1_3_comp35+1_I_1_1_3_comp36+1_I_1_1_3_comp37+1_I_1_1_3_comp38+1_I_1_1_3_comp39+1_I_1_1_3_comp40+1_I_1_1_3_comp41+1_I_1_1_3_comp42+1_I_1_1_3_comp43+1_I_1_1_3_comp44+1_I_1_1_3_comp45+1_I_1_1_3_comp46+1_I_1_1_3_comp47+1_I_1_1_3_comp48+1_I_1_1_3_comp49+1_I_1_1_3_comp50+1_I_1_1_3_comp51+1_I_1_1_3_comp52+1_I_1_1_3_comp53+1_I_1_1_3_comp54+1_I_1_1_3_comp55+1_I_1_1_3_comp56+1_I_1_1_3_comp57+1_I_1_1_3_comp58+1_I_1_1_3_comp59+1_I_1_1_3_comp60+1_I_1_1_3_comp61+1_I_1_1_3_comp62+1_I_1_1_3_comp63+1_I_1_1_3_comp64+1_I_1_1_3_comp65+1_I_1_1_3_comp66+1_I_1_1_3_comp67+1_I_1_1_3_comp68+1_I_1_1_3_comp69+1_I_1_1_3_comp70+1_I_1_1_3_comp71+1_I_1_1_3_comp72+1_I_1_1_3_comp73+1_I_1_1_3_comp74+1_I_1_1_3_comp75+1_I_1_1_3_comp76+1_I_1_1_3_comp77+1_I_1_1_3_comp78+1_I_1_1_3_comp79+1_I_1_1_3_comp80+1_I_1_1_3_comp81+1_I_1_1_3_comp82+1_I_1_1_3_comp83+1_I_1_1_3_comp84+1_I_1_1_3_comp85+1_I_1_1_3_comp86+1_I_1_1_3_comp87+1_I_1_1_3_comp88+1_I_1_1_3_comp89,R_1_I_1_1_3,TCDB,TCDB.1_I_1_1_3_comp81
G_1_I_1_1_3_comp82,P_1_I_1_1_3_comp1+1_I_1_1_3_comp2+1_I_1_1_3_comp3+1_I_1_1_3_comp4+1_I_1_1_3_comp5+1_I_1_1_3_comp6+1_I_1_1_3_comp7+1_I_1_1_3_comp8+1_I_1_1_3_comp9+1_I_1_1_3_comp10+1_I_1_1_3_comp11+1_I_1_1_3_comp12+1_I_1_1_3_comp13+1_I_1_1_3_comp14+1_I_1_1_3_comp15+1_I_1_1_3_comp16+1_I_1_1_3_comp17+1_I_1_1_3_comp18+1_I_1_1_3_comp19+1_I_1_1_3_comp20+1_I_1_1_3_comp21+1_I_1_1_3_comp22+1_I_1_1_3_comp23+1_I_1_1_3_comp24+1_I_1_1_3_comp25+1_I_1_1_3_comp26+1_I_1_1_3_comp27+1_I_1_1_3_comp28+1_I_1_1_3_comp29+1_I_1_1_3_comp30+1_I_1_1_3_comp31+1_I_1_1_3_comp32+1_I_1_1_3_comp33+1_I_1_1_3_comp34+1_I_1_1_3_comp35+1_I_1_1_3_comp36+1_I_1_1_3_comp37+1_I_1_1_3_comp38+1_I_1_1_3_comp39+1_I_1_1_3_comp40+1_I_1_1_3_comp41+1_I_1_1_3_comp42+1_I_1_1_3_comp43+1_I_1_1_3_comp44+1_I_1_1_3_comp45+1_I_1_1_3_comp46+1_I_1_1_3_comp47+1_I_1_1_3_comp48+1_I_1_1_3_comp49+1_I_1_1_3_comp50+1_I_1_1_3_comp51+1_I_1_1_3_comp52+1_I_1_1_3_comp53+1_I_1_1_3_comp54+1_I_1_1_3_comp55+1_I_1_1_3_comp56+1_I_1_1_3_comp57+1_I_1_1_3_comp58+1_I_1_1_3_comp59+1_I_1_1_3_comp60+1_I_1_1_3_comp61+1_I_1_1_3_comp62+1_I_1_1_3_comp63+1_I_1_1_3_comp64+1_I_1_1_3_comp65+1_I_1_1_3_comp66+1_I_1_1_3_comp67+1_I_1_1_3_comp68+1_I_1_1_3_comp69+1_I_1_1_3_comp70+1_I_1_1_3_comp71+1_I_1_1_3_comp72+1_I_1_1_3_comp73+1_I_1_1_3_comp74+1_I_1_1_3_comp75+1_I_1_1_3_comp76+1_I_1_1_3_comp77+1_I_1_1_3_comp78+1_I_1_1_3_comp79+1_I_1_1_3_comp80+1_I_1_1_3_comp81+1_I_1_1_3_comp82+1_I_1_1_3_comp83+1_I_1_1_3_comp84+1_I_1_1_3_comp85+1_I_1_1_3_comp86+1_I_1_1_3_comp87+1_I_1_1_3_comp88+1_I_1_1_3_comp89,R_1_I_1_1_3,TCDB,TCDB.1_I_1_1_3_comp82
G_1_I_1_1_3_comp83,P_1_I_1_1_3_comp1+1_I_1_1_3_comp2+1_I_1_1_3_comp3+1_I_1_1_3_comp4+1_I_1_1_3_comp5+1_I_1_1_3_comp6+1_I_1_1_3_comp7+1_I_1_1_3_comp8+1_I_1_1_3_comp9+1_I_1_1_3_comp10+1_I_1_1_3_comp11+1_I_1_1_3_comp12+1_I_1_1_3_comp13+1_I_1_1_3_comp14+1_I_1_1_3_comp15+1_I_1_1_3_comp16+1_I_1_1_3_comp17+1_I_1_1_3_comp18+1_I_1_1_3_comp19+1_I_1_1_3_comp20+1_I_1_1_3_comp21+1_I_1_1_3_comp22+1_I_1_1_3_comp23+1_I_1_1_3_comp24+1_I_1_1_3_comp25+1_I_1_1_3_comp26+1_I_1_1_3_comp27+1_I_1_1_3_comp28+1_I_1_1_3_comp29+1_I_1_1_3_comp30+1_I_1_1_3_comp31+1_I_1_1_3_comp32+1_I_1_1_3_comp33+1_I_1_1_3_comp34+1_I_1_1_3_comp35+1_I_1_1_3_comp36+1_I_1_1_3_comp37+1_I_1_1_3_comp38+1_I_1_1_3_comp39+1_I_1_1_3_comp40+1_I_1_1_3_comp41+1_I_1_1_3_comp42+1_I_1_1_3_comp43+1_I_1_1_3_comp44+1_I_1_1_3_comp45+1_I_1_1_3_comp46+1_I_1_1_3_comp47+1_I_1_1_3_comp48+1_I_1_1_3_comp49+1_I_1_1_3_comp50+1_I_1_1_3_comp51+1_I_1_1_3_comp52+1_I_1_1_3_comp53+1_I_1_1_3_comp54+1_I_1_1_3_comp55+1_I_1_1_3_comp56+1_I_1_1_3_comp57+1_I_1_1_3_comp58+1_I_1_1_3_comp59+1_I_1_1_3_comp60+1_I_1_1_3_comp61+1_I_1_1_3_comp62+1_I_1_1_3_comp63+1_I_1_1_3_comp64+1_I_1_1_3_comp65+1_I_1_1_3_comp66+1_I_1_1_3_comp67+1_I_1_1_3_comp68+1_I_1_1_3_comp69+1_I_1_1_3_comp70+1_I_1_1_3_comp71+1_I_1_1_3_comp72+1_I_1_1_3_comp73+1_I_1_1_3_comp74+1_I_1_1_3_comp75+1_I_1_1_3_comp76+1_I_1_1_3_comp77+1_I_1_1_3_comp78+1_I_1_1_3_comp79+1_I_1_1_3_comp80+1_I_1_1_3_comp81+1_I_1_1_3_comp82+1_I_1_1_3_comp83+1_I_1_1_3_comp84+1_I_1_1_3_comp85+1_I_1_1_3_comp86+1_I_1_1_3_comp87+1_I_1_1_3_comp88+1_I_1_1_3_comp89,R_1_I_1_1_3,TCDB,TCDB.1_I_1_1_3_comp83
G_1_I_1_1_3_comp84,P_1_I_1_1_3_comp1+1_I_1_1_3_comp2+1_I_1_1_3_comp3+1_I_1_1_3_comp4+1_I_1_1_3_comp5+1_I_1_1_3_comp6+1_I_1_1_3_comp7+1_I_1_1_3_comp8+1_I_1_1_3_comp9+1_I_1_1_3_comp10+1_I_1_1_3_comp11+1_I_1_1_3_comp12+1_I_1_1_3_comp13+1_I_1_1_3_comp14+1_I_1_1_3_comp15+1_I_1_1_3_comp16+1_I_1_1_3_comp17+1_I_1_1_3_comp18+1_I_1_1_3_comp19+1_I_1_1_3_comp20+1_I_1_1_3_comp21+1_I_1_1_3_comp22+1_I_1_1_3_comp23+1_I_1_1_3_comp24+1_I_1_1_3_comp25+1_I_1_1_3_comp26+1_I_1_1_3_comp27+1_I_1_1_3_comp28+1_I_1_1_3_comp29+1_I_1_1_3_comp30+1_I_1_1_3_comp31+1_I_1_1_3_comp32+1_I_1_1_3_comp33+1_I_1_1_3_comp34+1_I_1_1_3_comp35+1_I_1_1_3_comp36+1_I_1_1_3_comp37+1_I_1_1_3_comp38+1_I_1_1_3_comp39+1_I_1_1_3_comp40+1_I_1_1_3_comp41+1_I_1_1_3_comp42+1_I_1_1_3_comp43+1_I_1_1_3_comp44+1_I_1_1_3_comp45+1_I_1_1_3_comp46+1_I_1_1_3_comp47+1_I_1_1_3_comp48+1_I_1_1_3_comp49+1_I_1_1_3_comp50+1_I_1_1_3_comp51+1_I_1_1_3_comp52+1_I_1_1_3_comp53+1_I_1_1_3_comp54+1_I_1_1_3_comp55+1_I_1_1_3_comp56+1_I_1_1_3_comp57+1_I_1_1_3_comp58+1_I_1_1_3_comp59+1_I_1_1_3_comp60+1_I_1_1_3_comp61+1_I_1_1_3_comp62+1_I_1_1_3_comp63+1_I_1_1_3_comp64+1_I_1_1_3_comp65+1_I_1_1_3_comp66+1_I_1_1_3_comp67+1_I_1_1_3_comp68+1_I_1_1_3_comp69+1_I_1_1_3_comp70+1_I_1_1_3_comp71+1_I_1_1_3_comp72+1_I_1_1_3_comp73+1_I_1_1_3_comp74+1_I_1_1_3_comp75+1_I_1_1_3_comp76+1_I_1_1_3_comp77+1_I_1_1_3_comp78+1_I_1_1_3_comp79+1_I_1_1_3_comp80+1_I_1_1_3_comp81+1_I_1_1_3_comp82+1_I_1_1_3_comp83+1_I_1_1_3_comp84+1_I_1_1_3_comp85+1_I_1_1_3_comp86+1_I_1_1_3_comp87+1_I_1_1_3_comp88+1_I_1_1_3_comp89,R_1_I_1_1_3,TCDB,TCDB.1_I_1_1_3_comp84
G_1_I_1_1_3_comp85,P_1_I_1_1_3_comp1+1_I_1_1_3_comp2+1_I_1_1_3_comp3+1_I_1_1_3_comp4+1_I_1_1_3_comp5+1_I_1_1_3_comp6+1_I_1_1_3_comp7+1_I_1_1_3_comp8+1_I_1_1_3_comp9+1_I_1_1_3_comp10+1_I_1_1_3_comp11+1_I_1_1_3_comp12+1_I_1_1_3_comp13+1_I_1_1_3_comp14+1_I_1_1_3_comp15+1_I_1_1_3_comp16+1_I_1_1_3_comp17+1_I_1_1_3_comp18+1_I_1_1_3_comp19+1_I_1_1_3_comp20+1_I_1_1_3_comp21+1_I_1_1_3_comp22+1_I_1_1_3_comp23+1_I_1_1_3_comp24+1_I_1_1_3_comp25+1_I_1_1_3_comp26+1_I_1_1_3_comp27+1_I_1_1_3_comp28+1_I_1_1_3_comp29+1_I_1_1_3_comp30+1_I_1_1_3_comp31+1_I_1_1_3_comp32+1_I_1_1_3_comp33+1_I_1_1_3_comp34+1_I_1_1_3_comp35+1_I_1_1_3_comp36+1_I_1_1_3_comp37+1_I_1_1_3_comp38+1_I_1_1_3_comp39+1_I_1_1_3_comp40+1_I_1_1_3_comp41+1_I_1_1_3_comp42+1_I_1_1_3_comp43+1_I_1_1_3_comp44+1_I_1_1_3_comp45+1_I_1_1_3_comp46+1_I_1_1_3_comp47+1_I_1_1_3_comp48+1_I_1_1_3_comp49+1_I_1_1_3_comp50+1_I_1_1_3_comp51+1_I_1_1_3_comp52+1_I_1_1_3_comp53+1_I_1_1_3_comp54+1_I_1_1_3_comp55+1_I_1_1_3_comp56+1_I_1_1_3_comp57+1_I_1_1_3_comp58+1_I_1_1_3_comp59+1_I_1_1_3_comp60+1_I_1_1_3_comp61+1_I_1_1_3_comp62+1_I_1_1_3_comp63+1_I_1_1_3_comp64+1_I_1_1_3_comp65+1_I_1_1_3_comp66+1_I_1_1_3_comp67+1_I_1_1_3_comp68+1_I_1_1_3_comp69+1_I_1_1_3_comp70+1_I_1_1_3_comp71+1_I_1_1_3_comp72+1_I_1_1_3_comp73+1_I_1_1_3_comp74+1_I_1_1_3_comp75+1_I_1_1_3_comp76+1_I_1_1_3_comp77+1_I_1_1_3_comp78+1_I_1_1_3_comp79+1_I_1_1_3_comp80+1_I_1_1_3_comp81+1_I_1_1_3_comp82+1_I_1_1_3_comp83+1_I_1_1_3_comp84+1_I_1_1_3_comp85+1_I_1_1_3_comp86+1_I_1_1_3_comp87+1_I_1_1_3_comp88+1_I_1_1_3_comp89,R_1_I_1_1_3,TCDB,TCDB.1_I_1_1_3_comp85
G_1_I_1_1_3_comp86,P_1_I_1_1_3_comp1+1_I_1_1_3_comp2+1_I_1_1_3_comp3+1_I_1_1_3_comp4+1_I_1_1_3_comp5+1_I_1_1_3_comp6+1_I_1_1_3_comp7+1_I_1_1_3_comp8+1_I_1_1_3_comp9+1_I_1_1_3_comp10+1_I_1_1_3_comp11+1_I_1_1_3_comp12+1_I_1_1_3_comp13+1_I_1_1_3_comp14+1_I_1_1_3_comp15+1_I_1_1_3_comp16+1_I_1_1_3_comp17+1_I_1_1_3_comp18+1_I_1_1_3_comp19+1_I_1_1_3_comp20+1_I_1_1_3_comp21+1_I_1_1_3_comp22+1_I_1_1_3_comp23+1_I_1_1_3_comp24+1_I_1_1_3_comp25+1_I_1_1_3_comp26+1_I_1_1_3_comp27+1_I_1_1_3_comp28+1_I_1_1_3_comp29+1_I_1_1_3_comp30+1_I_1_1_3_comp31+1_I_1_1_3_comp32+1_I_1_1_3_comp33+1_I_1_1_3_comp34+1_I_1_1_3_comp35+1_I_1_1_3_comp36+1_I_1_1_3_comp37+1_I_1_1_3_comp38+1_I_1_1_3_comp39+1_I_1_1_3_comp40+1_I_1_1_3_comp41+1_I_1_1_3_comp42+1_I_1_1_3_comp43+1_I_1_1_3_comp44+1_I_1_1_3_comp45+1_I_1_1_3_comp46+1_I_1_1_3_comp47+1_I_1_1_3_comp48+1_I_1_1_3_comp49+1_I_1_1_3_comp50+1_I_1_1_3_comp51+1_I_1_1_3_comp52+1_I_1_1_3_comp53+1_I_1_1_3_comp54+1_I_1_1_3_comp55+1_I_1_1_3_comp56+1_I_1_1_3_comp57+1_I_1_1_3_comp58+1_I_1_1_3_comp59+1_I_1_1_3_comp60+1_I_1_1_3_comp61+1_I_1_1_3_comp62+1_I_1_1_3_comp63+1_I_1_1_3_comp64+1_I_1_1_3_comp65+1_I_1_1_3_comp66+1_I_1_1_3_comp67+1_I_1_1_3_comp68+1_I_1_1_3_comp69+1_I_1_1_3_comp70+1_I_1_1_3_comp71+1_I_1_1_3_comp72+1_I_1_1_3_comp73+1_I_1_1_3_comp74+1_I_1_1_3_comp75+1_I_1_1_3_comp76+1_I_1_1_3_comp77+1_I_1_1_3_comp78+1_I_1_1_3_comp79+1_I_1_1_3_comp80+1_I_1_1_3_comp81+1_I_1_1_3_comp82+1_I_1_1_3_comp83+1_I_1_1_3_comp84+1_I_1_1_3_comp85+1_I_1_1_3_comp86+1_I_1_1_3_comp87+1_I_1_1_3_comp88+1_I_1_1_3_comp89,R_1_I_1_1_3,TCDB,TCDB.1_I_1_1_3_comp86
G_1_I_1_1_3_comp87,P_1_I_1_1_3_comp1+1_I_1_1_3_comp2+1_I_1_1_3_comp3+1_I_1_1_3_comp4+1_I_1_1_3_comp5+1_I_1_1_3_comp6+1_I_1_1_3_comp7+1_I_1_1_3_comp8+1_I_1_1_3_comp9+1_I_1_1_3_comp10+1_I_1_1_3_comp11+1_I_1_1_3_comp12+1_I_1_1_3_comp13+1_I_1_1_3_comp14+1_I_1_1_3_comp15+1_I_1_1_3_comp16+1_I_1_1_3_comp17+1_I_1_1_3_comp18+1_I_1_1_3_comp19+1_I_1_1_3_comp20+1_I_1_1_3_comp21+1_I_1_1_3_comp22+1_I_1_1_3_comp23+1_I_1_1_3_comp24+1_I_1_1_3_comp25+1_I_1_1_3_comp26+1_I_1_1_3_comp27+1_I_1_1_3_comp28+1_I_1_1_3_comp29+1_I_1_1_3_comp30+1_I_1_1_3_comp31+1_I_1_1_3_comp32+1_I_1_1_3_comp33+1_I_1_1_3_comp34+1_I_1_1_3_comp35+1_I_1_1_3_comp36+1_I_1_1_3_comp37+1_I_1_1_3_comp38+1_I_1_1_3_comp39+1_I_1_1_3_comp40+1_I_1_1_3_comp41+1_I_1_1_3_comp42+1_I_1_1_3_comp43+1_I_1_1_3_comp44+1_I_1_1_3_comp45+1_I_1_1_3_comp46+1_I_1_1_3_comp47+1_I_1_1_3_comp48+1_I_1_1_3_comp49+1_I_1_1_3_comp50+1_I_1_1_3_comp51+1_I_1_1_3_comp52+1_I_1_1_3_comp53+1_I_1_1_3_comp54+1_I_1_1_3_comp55+1_I_1_1_3_comp56+1_I_1_1_3_comp57+1_I_1_1_3_comp58+1_I_1_1_3_comp59+1_I_1_1_3_comp60+1_I_1_1_3_comp61+1_I_1_1_3_comp62+1_I_1_1_3_comp63+1_I_1_1_3_comp64+1_I_1_1_3_comp65+1_I_1_1_3_comp66+1_I_1_1_3_comp67+1_I_1_1_3_comp68+1_I_1_1_3_comp69+1_I_1_1_3_comp70+1_I_1_1_3_comp71+1_I_1_1_3_comp72+1_I_1_1_3_comp73+1_I_1_1_3_comp74+1_I_1_1_3_comp75+1_I_1_1_3_comp76+1_I_1_1_3_comp77+1_I_1_1_3_comp78+1_I_1_1_3_comp79+1_I_1_1_3_comp80+1_I_1_1_3_comp81+1_I_1_1_3_comp82+1_I_1_1_3_comp83+1_I_1_1_3_comp84+1_I_1_1_3_comp85+1_I_1_1_3_comp86+1_I_1_1_3_comp87+1_I_1_1_3_comp88+1_I_1_1_3_comp89,R_1_I_1_1_3,TCDB,TCDB.1_I_1_1_3_comp87
G_1_I_1_1_3_comp88,P_1_I_1_1_3_comp1+1_I_1_1_3_comp2+1_I_1_1_3_comp3+1_I_1_1_3_comp4+1_I_1_1_3_comp5+1_I_1_1_3_comp6+1_I_1_1_3_comp7+1_I_1_1_3_comp8+1_I_1_1_3_comp9+1_I_1_1_3_comp10+1_I_1_1_3_comp11+1_I_1_1_3_comp12+1_I_1_1_3_comp13+1_I_1_1_3_comp14+1_I_1_1_3_comp15+1_I_1_1_3_comp16+1_I_1_1_3_comp17+1_I_1_1_3_comp18+1_I_1_1_3_comp19+1_I_1_1_3_comp20+1_I_1_1_3_comp21+1_I_1_1_3_comp22+1_I_1_1_3_comp23+1_I_1_1_3_comp24+1_I_1_1_3_comp25+1_I_1_1_3_comp26+1_I_1_1_3_comp27+1_I_1_1_3_comp28+1_I_1_1_3_comp29+1_I_1_1_3_comp30+1_I_1_1_3_comp31+1_I_1_1_3_comp32+1_I_1_1_3_comp33+1_I_1_1_3_comp34+1_I_1_1_3_comp35+1_I_1_1_3_comp36+1_I_1_1_3_comp37+1_I_1_1_3_comp38+1_I_1_1_3_comp39+1_I_1_1_3_comp40+1_I_1_1_3_comp41+1_I_1_1_3_comp42+1_I_1_1_3_comp43+1_I_1_1_3_comp44+1_I_1_1_3_comp45+1_I_1_1_3_comp46+1_I_1_1_3_comp47+1_I_1_1_3_comp48+1_I_1_1_3_comp49+1_I_1_1_3_comp50+1_I_1_1_3_comp51+1_I_1_1_3_comp52+1_I_1_1_3_comp53+1_I_1_1_3_comp54+1_I_1_1_3_comp55+1_I_1_1_3_comp56+1_I_1_1_3_comp57+1_I_1_1_3_comp58+1_I_1_1_3_comp59+1_I_1_1_3_comp60+1_I_1_1_3_comp61+1_I_1_1_3_comp62+1_I_1_1_3_comp63+1_I_1_1_3_comp64+1_I_1_1_3_comp65+1_I_1_1_3_comp66+1_I_1_1_3_comp67+1_I_1_1_3_comp68+1_I_1_1_3_comp69+1_I_1_1_3_comp70+1_I_1_1_3_comp71+1_I_1_1_3_comp72+1_I_1_1_3_comp73+1_I_1_1_3_comp74+1_I_1_1_3_comp75+1_I_1_1_3_comp76+1_I_1_1_3_comp77+1_I_1_1_3_comp78+1_I_1_1_3_comp79+1_I_1_1_3_comp80+1_I_1_1_3_comp81+1_I_1_1_3_comp82+1_I_1_1_3_comp83+1_I_1_1_3_comp84+1_I_1_1_3_comp85+1_I_1_1_3_comp86+1_I_1_1_3_comp87+1_I_1_1_3_comp88+1_I_1_1_3_comp89,R_1_I_1_1_3,TCDB,TCDB.1_I_1_1_3_comp88
G_1_I_1_1_3_comp89,P_1_I_1_1_3_comp1+1_I_1_1_3_comp2+1_I_1_1_3_comp3+1_I_1_1_3_comp4+1_I_1_1_3_comp5+1_I_1_1_3_comp6+1_I_1_1_3_comp7+1_I_1_1_3_comp8+1_I_1_1_3_comp9+1_I_1_1_3_comp10+1_I_1_1_3_comp11+1_I_1_1_3_comp12+1_I_1_1_3_comp13+1_I_1_1_3_comp14+1_I_1_1_3_comp15+1_I_1_1_3_comp16+1_I_1_1_3_comp17+1_I_1_1_3_comp18+1_I_1_1_3_comp19+1_I_1_1_3_comp20+1_I_1_1_3_comp21+1_I_1_1_3_comp22+1_I_1_1_3_comp23+1_I_1_1_3_comp24+1_I_1_1_3_comp25+1_I_1_1_3_comp26+1_I_1_1_3_comp27+1_I_1_1_3_comp28+1_I_1_1_3_comp29+1_I_1_1_3_comp30+1_I_1_1_3_comp31+1_I_1_1_3_comp32+1_I_1_1_3_comp33+1_I_1_1_3_comp34+1_I_1_1_3_comp35+1_I_1_1_3_comp36+1_I_1_1_3_comp37+1_I_1_1_3_comp38+1_I_1_1_3_comp39+1_I_1_1_3_comp40+1_I_1_1_3_comp41+1_I_1_1_3_comp42+1_I_1_1_3_comp43+1_I_1_1_3_comp44+1_I_1_1_3_comp45+1_I_1_1_3_comp46+1_I_1_1_3_comp47+1_I_1_1_3_comp48+1_I_1_1_3_comp49+1_I_1_1_3_comp50+1_I_1_1_3_comp51+1_I_1_1_3_comp52+1_I_1_1_3_comp53+1_I_1_1_3_comp54+1_I_1_1_3_comp55+1_I_1_1_3_comp56+1_I_1_1_3_comp57+1_I_1_1_3_comp58+1_I_1_1_3_comp59+1_I_1_1_3_comp60+1_I_1_1_3_comp61+1_I_1_1_3_comp62+1_I_1_1_3_comp63+1_I_1_1_3_comp64+1_I_1_1_3_comp65+1_I_1_1_3_comp66+1_I_1_1_3_comp67+1_I_1_1_3_comp68+1_I_1_1_3_comp69+1_I_1_1_3_comp70+1_I_1_1_3_comp71+1_I_1_1_3_comp72+1_I_1_1_3_comp73+1_I_1_1_3_comp74+1_I_1_1_3_comp75+1_I_1_1_3_comp76+1_I_1_1_3_comp77+1_I_1_1_3_comp78+1_I_1_1_3_comp79+1_I_1_1_3_comp80+1_I_1_1_3_comp81+1_I_1_1_3_comp82+1_I_1_1_3_comp83+1_I_1_1_3_comp84+1_I_1_1_3_comp85+1_I_1_1_3_comp86+1_I_1_1_3_comp87+1_I_1_1_3_comp88+1_I_1_1_3_comp89,R_1_I_1_1_3,TCDB,TCDB.1_I_1_1_3_comp89
G_2_A_2_3_16_comp1,P_2_A_2_3_16_comp1,R_2_A_2_3_16,TCDB,TCDB.2_A_2_3_16_comp1
G_8_A_16_3_2_comp1,P_8_A_16_3_2_comp1,R_8_A_16_3_2,TCDB,TCDB.8_A_16_3_2_comp1
G_1_N_2_1_1_comp1,P_1_N_2_1_1_comp1+1_N_2_1_1_comp2,R_1_N_2_1_1,TCDB,TCDB.1_N_2_1_1_comp1
G_1_N_2_1_1_comp2,P_1_N_2_1_1_comp1+1_N_2_1_1_comp2,R_1_N_2_1_1,TCDB,TCDB.1_N_2_1_1_comp2
G_2_A_1_53_3_comp1,P_2_A_1_53_3_comp1+2_A_1_53_3_comp2,R_2_A_1_53_3,TCDB,TCDB.2_A_1_53_3_comp1
G_2_A_1_53_3_comp2,P_2_A_1_53_3_comp1+2_A_1_53_3_comp2,R_2_A_1_53_3,TCDB,TCDB.2_A_1_53_3_comp2
G_2_A_17_3_10_comp1,P_2_A_17_3_10_comp1,R_2_A_17_3_10,TCDB,TCDB.2_A_17_3_10_comp1
G_2_A_1_19_35_comp1,P_2_A_1_19_35_comp1,R_2_A_1_19_35,TCDB,TCDB.2_A_1_19_35_comp1
G_9_A_80_1_1_comp1,P_9_A_80_1_1_comp1,R_9_A_80_1_1,TCDB,TCDB.9_A_80_1_1_comp1
G_2_A_1_19_23_comp1,P_2_A_1_19_23_comp1,R_2_A_1_19_23,TCDB,TCDB.2_A_1_19_23_comp1
G_8_A_83_1_4_comp1,P_8_A_83_1_4_comp1,R_8_A_83_1_4,TCDB,TCDB.8_A_83_1_4_comp1
G_1_A_37_7_1_comp1,P_1_A_37_7_1_comp1,R_1_A_37_7_1,TCDB,TCDB.1_A_37_7_1_comp1
G_2_A_18_6_12_comp1,P_2_A_18_6_12_comp1,R_2_A_18_6_12,TCDB,TCDB.2_A_18_6_12_comp1
G_9_A_49_1_2_comp1,P_9_A_49_1_2_comp1,R_9_A_49_1_2,TCDB,TCDB.9_A_49_1_2_comp1
G_3_A_3_32_3_comp1,P_3_A_3_32_3_comp1,R_3_A_3_32_3,TCDB,TCDB.3_A_3_32_3_comp1
G_2_A_6_2_37_comp1,P_2_A_6_2_37_comp1,R_2_A_6_2_37,TCDB,TCDB.2_A_6_2_37_comp1
G_2_A_6_2_30_comp1,P_2_A_6_2_30_comp1+2_A_6_2_30_comp2+2_A_6_2_30_comp3,R_2_A_6_2_30,TCDB,TCDB.2_A_6_2_30_comp1
G_2_A_6_2_30_comp2,P_2_A_6_2_30_comp1+2_A_6_2_30_comp2+2_A_6_2_30_comp3,R_2_A_6_2_30,TCDB,TCDB.2_A_6_2_30_comp2
G_2_A_6_2_30_comp3,P_2_A_6_2_30_comp1+2_A_6_2_30_comp2+2_A_6_2_30_comp3,R_2_A_6_2_30,TCDB,TCDB.2_A_6_2_30_comp3
G_1_B_13_1_5_comp1,P_1_B_13_1_5_comp1,R_1_B_13_1_5,TCDB,TCDB.1_B_13_1_5_comp1
G_1_E_5_2_1_comp1,P_1_E_5_2_1_comp1,R_1_E_5_2_1,TCDB,TCDB.1_E_5_2_1_comp1
G_3_A_3_27_3_comp1,P_3_A_3_27_3_comp1,R_3_A_3_27_3,TCDB,TCDB.3_A_3_27_3_comp1
G_3_A_7_17_1_comp1,P_3_A_7_17_1_comp1+3_A_7_17_1_comp2+3_A_7_17_1_comp3+3_A_7_17_1_comp4+3_A_7_17_1_comp5+3_A_7_17_1_comp6+3_A_7_17_1_comp7,R_3_A_7_17_1,TCDB,TCDB.3_A_7_17_1_comp1
G_3_A_7_17_1_comp2,P_3_A_7_17_1_comp1+3_A_7_17_1_comp2+3_A_7_17_1_comp3+3_A_7_17_1_comp4+3_A_7_17_1_comp5+3_A_7_17_1_comp6+3_A_7_17_1_comp7,R_3_A_7_17_1,TCDB,TCDB.3_A_7_17_1_comp2
G_3_A_7_17_1_comp3,P_3_A_7_17_1_comp1+3_A_7_17_1_comp2+3_A_7_17_1_comp3+3_A_7_17_1_comp4+3_A_7_17_1_comp5+3_A_7_17_1_comp6+3_A_7_17_1_comp7,R_3_A_7_17_1,TCDB,TCDB.3_A_7_17_1_comp3
G_3_A_7_17_1_comp4,P_3_A_7_17_1_comp1+3_A_7_17_1_comp2+3_A_7_17_1_comp3+3_A_7_17_1_comp4+3_A_7_17_1_comp5+3_A_7_17_1_comp6+3_A_7_17_1_comp7,R_3_A_7_17_1,TCDB,TCDB.3_A_7_17_1_comp4
G_3_A_7_17_1_comp5,P_3_A_7_17_1_comp1+3_A_7_17_1_comp2+3_A_7_17_1_comp3+3_A_7_17_1_comp4+3_A_7_17_1_comp5+3_A_7_17_1_comp6+3_A_7_17_1_comp7,R_3_A_7_17_1,TCDB,TCDB.3_A_7_17_1_comp5
G_3_A_7_17_1_comp6,P_3_A_7_17_1_comp1+3_A_7_17_1_comp2+3_A_7_17_1_comp3+3_A_7_17_1_comp4+3_A_7_17_1_comp5+3_A_7_17_1_comp6+3_A_7_17_1_comp7,R_3_A_7_17_1,TCDB,TCDB.3_A_7_17_1_comp6
G_3_A_7_17_1_comp7,P_3_A_7_17_1_comp1+3_A_7_17_1_comp2+3_A_7_17_1_comp3+3_A_7_17_1_comp4+3_A_7_17_1_comp5+3_A_7_17_1_comp6+3_A_7_17_1_comp7,R_3_A_7_17_1,TCDB,TCDB.3_A_7_17_1_comp7
G_3_A_1_134_7_comp1,P_3_A_1_134_7_comp1+3_A_1_134_7_comp2+3_A_1_134_7_comp3,R_3_A_1_134_7,TCDB,TCDB.3_A_1_134_7_comp1
G_3_A_1_134_7_comp2,P_3_A_1_134_7_comp1+3_A_1_134_7_comp2+3_A_1_134_7_comp3,R_3_A_1_134_7,TCDB,TCDB.3_A_1_134_7_comp2
G_3_A_1_134_7_comp3,P_3_A_1_134_7_comp1+3_A_1_134_7_comp2+3_A_1_134_7_comp3,R_3_A_1_134_7,TCDB,TCDB.3_A_1_134_7_comp3
G_2_A_1_21_7_comp1,P_2_A_1_21_7_comp1,R_2_A_1_21_7,TCDB,TCDB.2_A_1_21_7_comp1
G_9_B_97_1_7_comp1,P_9_B_97_1_7_comp1,R_9_B_97_1_7,TCDB,TCDB.9_B_97_1_7_comp1
G_1_A_9_1_12_comp1,P_1_A_9_1_12_comp1+1_A_9_1_12_comp2+1_A_9_1_12_comp3,R_1_A_9_1_12,TCDB,TCDB.1_A_9_1_12_comp1
G_1_A_9_1_12_comp2,P_1_A_9_1_12_comp1+1_A_9_1_12_comp2+1_A_9_1_12_comp3,R_1_A_9_1_12,TCDB,TCDB.1_A_9_1_12_comp2
G_1_A_9_1_12_comp3,P_1_A_9_1_12_comp1+1_A_9_1_12_comp2+1_A_9_1_12_comp3,R_1_A_9_1_12,TCDB,TCDB.1_A_9_1_12_comp3
G_9_A_54_1_3_comp1,P_9_A_54_1_3_comp1,R_9_A_54_1_3,TCDB,TCDB.9_A_54_1_3_comp1
G_1_C_97_2_3_comp1,P_1_C_97_2_3_comp1,R_1_C_97_2_3,TCDB,TCDB.1_C_97_2_3_comp1
G_2_A_6_2_49_comp1,P_2_A_6_2_49_comp1+2_A_6_2_49_comp2+2_A_6_2_49_comp3,R_2_A_6_2_49,TCDB,TCDB.2_A_6_2_49_comp1
G_2_A_6_2_49_comp2,P_2_A_6_2_49_comp1+2_A_6_2_49_comp2+2_A_6_2_49_comp3,R_2_A_6_2_49,TCDB,TCDB.2_A_6_2_49_comp2
G_2_A_6_2_49_comp3,P_2_A_6_2_49_comp1+2_A_6_2_49_comp2+2_A_6_2_49_comp3,R_2_A_6_2_49,TCDB,TCDB.2_A_6_2_49_comp3
G_1_E_43_1_1_comp1,P_1_E_43_1_1_comp1,R_1_E_43_1_1,TCDB,TCDB.1_E_43_1_1_comp1
G_1_B_35_1_7_comp1,P_1_B_35_1_7_comp1,R_1_B_35_1_7,TCDB,TCDB.1_B_35_1_7_comp1
G_3_A_1_152_9_comp1,P_3_A_1_152_9_comp1+3_A_1_152_9_comp2+3_A_1_152_9_comp3,R_3_A_1_152_9,TCDB,TCDB.3_A_1_152_9_comp1
G_3_A_1_152_9_comp2,P_3_A_1_152_9_comp1+3_A_1_152_9_comp2+3_A_1_152_9_comp3,R_3_A_1_152_9,TCDB,TCDB.3_A_1_152_9_comp2
G_3_A_1_152_9_comp3,P_3_A_1_152_9_comp1+3_A_1_152_9_comp2+3_A_1_152_9_comp3,R_3_A_1_152_9,TCDB,TCDB.3_A_1_152_9_comp3
G_2_A_59_1_6_comp1,P_2_A_59_1_6_comp1+2_A_59_1_6_comp2+2_A_59_1_6_comp3,R_2_A_59_1_6,TCDB,TCDB.2_A_59_1_6_comp1
G_2_A_59_1_6_comp2,P_2_A_59_1_6_comp1+2_A_59_1_6_comp2+2_A_59_1_6_comp3,R_2_A_59_1_6,TCDB,TCDB.2_A_59_1_6_comp2
G_2_A_59_1_6_comp3,P_2_A_59_1_6_comp1+2_A_59_1_6_comp2+2_A_59_1_6_comp3,R_2_A_59_1_6,TCDB,TCDB.2_A_59_1_6_comp3
G_2_A_59_1_5_comp1,P_2_A_59_1_5_comp1+2_A_59_1_5_comp2+2_A_59_1_5_comp3,R_2_A_59_1_5,TCDB,TCDB.2_A_59_1_5_comp1
G_2_A_59_1_5_comp2,P_2_A_59_1_5_comp1+2_A_59_1_5_comp2+2_A_59_1_5_comp3,R_2_A_59_1_5,TCDB,TCDB.2_A_59_1_5_comp2
G_2_A_59_1_5_comp3,P_2_A_59_1_5_comp1+2_A_59_1_5_comp2+2_A_59_1_5_comp3,R_2_A_59_1_5,TCDB,TCDB.2_A_59_1_5_comp3
G_1_C_27_1_3_comp1,P_1_C_27_1_3_comp1,R_1_C_27_1_3,TCDB,TCDB.1_C_27_1_3_comp1
G_9_B_176_2_1_comp1,P_9_B_176_2_1_comp1,R_9_B_176_2_1,TCDB,TCDB.9_B_176_2_1_comp1
G_3_A_3_2_23_comp1,P_3_A_3_2_23_comp1,R_3_A_3_2_23,TCDB,TCDB.3_A_3_2_23_comp1
G_2_A_1_59_1_comp1,P_2_A_1_59_1_comp1,R_2_A_1_59_1,TCDB,TCDB.2_A_1_59_1_comp1
G_1_C_97_3_4_comp1,P_1_C_97_3_4_comp1,R_1_C_97_3_4,TCDB,TCDB.1_C_97_3_4_comp1
G_9_B_14_3_5_comp1,P_9_B_14_3_5_comp1,R_9_B_14_3_5,TCDB,TCDB.9_B_14_3_5_comp1
G_9_B_20_1_5_comp1,P_9_B_20_1_5_comp1,R_9_B_20_1_5,TCDB,TCDB.9_B_20_1_5_comp1
G_2_A_6_2_16_comp1,P_2_A_6_2_16_comp1+2_A_6_2_16_comp2+2_A_6_2_16_comp3,R_2_A_6_2_16,TCDB,TCDB.2_A_6_2_16_comp1
G_2_A_6_2_16_comp2,P_2_A_6_2_16_comp1+2_A_6_2_16_comp2+2_A_6_2_16_comp3,R_2_A_6_2_16,TCDB,TCDB.2_A_6_2_16_comp2
G_2_A_6_2_16_comp3,P_2_A_6_2_16_comp1+2_A_6_2_16_comp2+2_A_6_2_16_comp3,R_2_A_6_2_16,TCDB,TCDB.2_A_6_2_16_comp3
G_1_B_20_1_8_comp1,P_1_B_20_1_8_comp1,R_1_B_20_1_8,TCDB,TCDB.1_B_20_1_8_comp1
G_2_A_102_4_3_comp1,P_2_A_102_4_3_comp1,R_2_A_102_4_3,TCDB,TCDB.2_A_102_4_3_comp1
G_2_A_119_1_3_comp1,P_2_A_119_1_3_comp1,R_2_A_119_1_3,TCDB,TCDB.2_A_119_1_3_comp1
G_9_B_169_2_2_comp1,P_9_B_169_2_2_comp1,R_9_B_169_2_2,TCDB,TCDB.9_B_169_2_2_comp1
G_3_A_1_2_13_comp1,P_3_A_1_2_13_comp1+3_A_1_2_13_comp2+3_A_1_2_13_comp3,R_3_A_1_2_13,TCDB,TCDB.3_A_1_2_13_comp1
G_3_A_1_2_13_comp2,P_3_A_1_2_13_comp1+3_A_1_2_13_comp2+3_A_1_2_13_comp3,R_3_A_1_2_13,TCDB,TCDB.3_A_1_2_13_comp2
G_3_A_1_2_13_comp3,P_3_A_1_2_13_comp1+3_A_1_2_13_comp2+3_A_1_2_13_comp3,R_3_A_1_2_13,TCDB,TCDB.3_A_1_2_13_comp3
G_2_A_47_5_3_comp1,P_2_A_47_5_3_comp1,R_2_A_47_5_3,TCDB,TCDB.2_A_47_5_3_comp1
G_1_E_2_1_8_comp1,P_1_E_2_1_8_comp1,R_1_E_2_1_8,TCDB,TCDB.1_E_2_1_8_comp1
G_2_A_46_1_3_comp1,P_2_A_46_1_3_comp1,R_2_A_46_1_3,TCDB,TCDB.2_A_46_1_3_comp1
G_1_B_60_1_3_comp1,P_1_B_60_1_3_comp1,R_1_B_60_1_3,TCDB,TCDB.1_B_60_1_3_comp1
G_2_A_7_3_55_comp1,P_2_A_7_3_55_comp1,R_2_A_7_3_55,TCDB,TCDB.2_A_7_3_55_comp1
G_2_A_1_81_5_comp1,P_2_A_1_81_5_comp1,R_2_A_1_81_5,TCDB,TCDB.2_A_1_81_5_comp1
G_1_C_52_1_19_comp1,P_1_C_52_1_19_comp1,R_1_C_52_1_19,TCDB,TCDB.1_C_52_1_19_comp1
G_1_B_17_3_6_comp1,P_1_B_17_3_6_comp1,R_1_B_17_3_6,TCDB,TCDB.1_B_17_3_6_comp1
G_2_A_53_5_2_comp1,P_2_A_53_5_2_comp1,R_2_A_53_5_2,TCDB,TCDB.2_A_53_5_2_comp1
G_2_A_55_2_14_comp1,P_2_A_55_2_14_comp1,R_2_A_55_2_14,TCDB,TCDB.2_A_55_2_14_comp1
G_8_A_92_1_3_comp1,P_8_A_92_1_3_comp1+8_A_92_1_3_comp2+8_A_92_1_3_comp3,R_8_A_92_1_3,TCDB,TCDB.8_A_92_1_3_comp1
G_8_A_92_1_3_comp2,P_8_A_92_1_3_comp1+8_A_92_1_3_comp2+8_A_92_1_3_comp3,R_8_A_92_1_3,TCDB,TCDB.8_A_92_1_3_comp2
G_8_A_92_1_3_comp3,P_8_A_92_1_3_comp1+8_A_92_1_3_comp2+8_A_92_1_3_comp3,R_8_A_92_1_3,TCDB,TCDB.8_A_92_1_3_comp3
G_1_E_24_1_5_comp1,P_1_E_24_1_5_comp1,R_1_E_24_1_5,TCDB,TCDB.1_E_24_1_5_comp1
G_1_C_39_6_4_comp1,P_1_C_39_6_4_comp1,R_1_C_39_6_4,TCDB,TCDB.1_C_39_6_4_comp1
G_3_A_1_26_3_comp1,P_3_A_1_26_3_comp1+3_A_1_26_3_comp2,R_3_A_1_26_3,TCDB,TCDB.3_A_1_26_3_comp1
G_3_A_1_26_3_comp2,P_3_A_1_26_3_comp1+3_A_1_26_3_comp2,R_3_A_1_26_3,TCDB,TCDB.3_A_1_26_3_comp2
G_1_A_8_8_19_comp1,P_1_A_8_8_19_comp1,R_1_A_8_8_19,TCDB,TCDB.1_A_8_8_19_comp1
G_1_C_39_8_2_comp1,P_1_C_39_8_2_comp1,R_1_C_39_8_2,TCDB,TCDB.1_C_39_8_2_comp1
G_4_D_1_1_6_comp1,P_4_D_1_1_6_comp1,R_4_D_1_1_6,TCDB,TCDB.4_D_1_1_6_comp1
G_1_E_26_1_6_comp1,P_1_E_26_1_6_comp1,R_1_E_26_1_6,TCDB,TCDB.1_E_26_1_6_comp1
G_1_A_69_6_1_comp1,P_1_A_69_6_1_comp1,R_1_A_69_6_1,TCDB,TCDB.1_A_69_6_1_comp1
G_1_A_83_1_2_comp1,P_1_A_83_1_2_comp1,R_1_A_83_1_2,TCDB,TCDB.1_A_83_1_2_comp1
G_4_D_3_2_1_comp1,P_4_D_3_2_1_comp1,R_4_D_3_2_1,TCDB,TCDB.4_D_3_2_1_comp1
G_8_A_52_1_3_comp1,P_8_A_52_1_3_comp1,R_8_A_52_1_3,TCDB,TCDB.8_A_52_1_3_comp1
G_1_B_1_1_23_comp1,P_1_B_1_1_23_comp1,R_1_B_1_1_23,TCDB,TCDB.1_B_1_1_23_comp1
G_1_C_31_2_1_comp1,P_1_C_31_2_1_comp1,R_1_C_31_2_1,TCDB,TCDB.1_C_31_2_1_comp1
G_3_A_1_155_8_comp1,P_3_A_1_155_8_comp1,R_3_A_1_155_8,TCDB,TCDB.3_A_1_155_8_comp1
G_1_A_77_2_11_comp1,P_1_A_77_2_11_comp1,R_1_A_77_2_11,TCDB,TCDB.1_A_77_2_11_comp1
G_1_A_77_2_2_comp1,P_1_A_77_2_2_comp1,R_1_A_77_2_2,TCDB,TCDB.1_A_77_2_2_comp1
G_9_B_2_6_3_comp1,P_9_B_2_6_3_comp1,R_9_B_2_6_3,TCDB,TCDB.9_B_2_6_3_comp1
G_2_A_7_38_1_comp1,P_2_A_7_38_1_comp1,R_2_A_7_38_1,TCDB,TCDB.2_A_7_38_1_comp1
G_9_B_8_1_8_comp1,P_9_B_8_1_8_comp1,R_9_B_8_1_8,TCDB,TCDB.9_B_8_1_8_comp1
G_2_A_115_1_7_comp1,P_2_A_115_1_7_comp1,R_2_A_115_1_7,TCDB,TCDB.2_A_115_1_7_comp1
G_9_B_72_1_4_comp1,P_9_B_72_1_4_comp1,R_9_B_72_1_4,TCDB,TCDB.9_B_72_1_4_comp1
G_2_A_85_12_1_comp1,P_2_A_85_12_1_comp1,R_2_A_85_12_1,TCDB,TCDB.2_A_85_12_1_comp1
G_9_B_142_4_5_comp1,P_9_B_142_4_5_comp1,R_9_B_142_4_5,TCDB,TCDB.9_B_142_4_5_comp1
G_1_B_4_2_6_comp1,P_1_B_4_2_6_comp1,R_1_B_4_2_6,TCDB,TCDB.1_B_4_2_6_comp1
G_9_B_365_4_1_comp1,P_9_B_365_4_1_comp1,R_9_B_365_4_1,TCDB,TCDB.9_B_365_4_1_comp1
G_3_A_3_2_26_comp1,P_3_A_3_2_26_comp1,R_3_A_3_2_26,TCDB,TCDB.3_A_3_2_26_comp1
G_1_C_78_1_4_comp1,P_1_C_78_1_4_comp1,R_1_C_78_1_4,TCDB,TCDB.1_C_78_1_4_comp1
G_2_A_72_3_6_comp1,P_2_A_72_3_6_comp1,R_2_A_72_3_6,TCDB,TCDB.2_A_72_3_6_comp1
G_9_B_142_2_7_comp1,P_9_B_142_2_7_comp1,R_9_B_142_2_7,TCDB,TCDB.9_B_142_2_7_comp1
G_2_A_7_3_13_comp1,P_2_A_7_3_13_comp1,R_2_A_7_3_13,TCDB,TCDB.2_A_7_3_13_comp1
G_1_C_3_3_1_comp1,P_1_C_3_3_1_comp1,R_1_C_3_3_1,TCDB,TCDB.1_C_3_3_1_comp1
G_1_A_1_12_2_comp1,P_1_A_1_12_2_comp1,R_1_A_1_12_2,TCDB,TCDB.1_A_1_12_2_comp1
G_3_A_1_208_42_comp1,P_3_A_1_208_42_comp1,R_3_A_1_208_42,TCDB,TCDB.3_A_1_208_42_comp1
G_1_A_54_3_4_comp1,P_1_A_54_3_4_comp1,R_1_A_54_3_4,TCDB,TCDB.1_A_54_3_4_comp1
G_1_C_112_1_4_comp1,P_1_C_112_1_4_comp1,R_1_C_112_1_4,TCDB,TCDB.1_C_112_1_4_comp1
G_2_A_49_1_2_comp1,P_2_A_49_1_2_comp1,R_2_A_49_1_2,TCDB,TCDB.2_A_49_1_2_comp1
G_2_C_1_4_3_comp1,P_2_C_1_4_3_comp1,R_2_C_1_4_3,TCDB,TCDB.2_C_1_4_3_comp1
G_9_B_29_3_6_comp1,P_9_B_29_3_6_comp1,R_9_B_29_3_6,TCDB,TCDB.9_B_29_3_6_comp1
G_2_A_1_33_2_comp1,P_2_A_1_33_2_comp1,R_2_A_1_33_2,TCDB,TCDB.2_A_1_33_2_comp1
G_1_E_1_1_5_comp1,P_1_E_1_1_5_comp1,R_1_E_1_1_5,TCDB,TCDB.1_E_1_1_5_comp1
G_1_C_87_1_2_comp1,P_1_C_87_1_2_comp1,R_1_C_87_1_2,TCDB,TCDB.1_C_87_1_2_comp1
G_1_B_15_1_4_comp1,P_1_B_15_1_4_comp1,R_1_B_15_1_4,TCDB,TCDB.1_B_15_1_4_comp1
G_3_A_1_17_8_comp1,P_3_A_1_17_8_comp1+3_A_1_17_8_comp2+3_A_1_17_8_comp3,R_3_A_1_17_8,TCDB,TCDB.3_A_1_17_8_comp1
G_3_A_1_17_8_comp2,P_3_A_1_17_8_comp1+3_A_1_17_8_comp2+3_A_1_17_8_comp3,R_3_A_1_17_8,TCDB,TCDB.3_A_1_17_8_comp2
G_3_A_1_17_8_comp3,P_3_A_1_17_8_comp1+3_A_1_17_8_comp2+3_A_1_17_8_comp3,R_3_A_1_17_8,TCDB,TCDB.3_A_1_17_8_comp3
G_9_B_154_1_3_comp1,P_9_B_154_1_3_comp1,R_9_B_154_1_3,TCDB,TCDB.9_B_154_1_3_comp1
G_3_A_1_17_7_comp1,P_3_A_1_17_7_comp1+3_A_1_17_7_comp2,R_3_A_1_17_7,TCDB,TCDB.3_A_1_17_7_comp1
G_3_A_1_17_7_comp2,P_3_A_1_17_7_comp1+3_A_1_17_7_comp2,R_3_A_1_17_7,TCDB,TCDB.3_A_1_17_7_comp2
G_3_A_1_26_5_comp1,P_3_A_1_26_5_comp1+3_A_1_26_5_comp2+3_A_1_26_5_comp3,R_3_A_1_26_5,TCDB,TCDB.3_A_1_26_5_comp1
G_3_A_1_26_5_comp2,P_3_A_1_26_5_comp1+3_A_1_26_5_comp2+3_A_1_26_5_comp3,R_3_A_1_26_5,TCDB,TCDB.3_A_1_26_5_comp2
G_3_A_1_26_5_comp3,P_3_A_1_26_5_comp1+3_A_1_26_5_comp2+3_A_1_26_5_comp3,R_3_A_1_26_5,TCDB,TCDB.3_A_1_26_5_comp3
G_1_C_39_5_2_comp1,P_1_C_39_5_2_comp1,R_1_C_39_5_2,TCDB,TCDB.1_C_39_5_2_comp1
G_8_B_19_1_2_comp1,P_8_B_19_1_2_comp1,R_8_B_19_1_2,TCDB,TCDB.8_B_19_1_2_comp1
G_1_C_39_10_4_comp1,P_1_C_39_10_4_comp1,R_1_C_39_10_4,TCDB,TCDB.1_C_39_10_4_comp1
G_1_A_84_2_2_comp1,P_1_A_84_2_2_comp1,R_1_A_84_2_2,TCDB,TCDB.1_A_84_2_2_comp1
G_1_A_36_1_2_comp1,P_1_A_36_1_2_comp1,R_1_A_36_1_2,TCDB,TCDB.1_A_36_1_2_comp1
G_1_A_84_2_1_comp1,P_1_A_84_2_1_comp1,R_1_A_84_2_1,TCDB,TCDB.1_A_84_2_1_comp1
G_2_A_1_65_4_comp1,P_2_A_1_65_4_comp1,R_2_A_1_65_4,TCDB,TCDB.2_A_1_65_4_comp1
G_1_C_85_4_3_comp1,P_1_C_85_4_3_comp1,R_1_C_85_4_3,TCDB,TCDB.1_C_85_4_3_comp1
G_9_A_46_2_1_comp1,P_9_A_46_2_1_comp1,R_9_A_46_2_1,TCDB,TCDB.9_A_46_2_1_comp1
G_1_A_21_1_9_comp1,P_1_A_21_1_9_comp1,R_1_A_21_1_9,TCDB,TCDB.1_A_21_1_9_comp1
G_2_A_20_2_8_comp1,P_2_A_20_2_8_comp1,R_2_A_20_2_8,TCDB,TCDB.2_A_20_2_8_comp1
G_1_G_9_2_1_comp1,P_1_G_9_2_1_comp1,R_1_G_9_2_1,TCDB,TCDB.1_G_9_2_1_comp1
G_1_A_69_3_6_comp1,P_1_A_69_3_6_comp1,R_1_A_69_3_6,TCDB,TCDB.1_A_69_3_6_comp1
G_1_A_113_3_2_comp1,P_1_A_113_3_2_comp1,R_1_A_113_3_2,TCDB,TCDB.1_A_113_3_2_comp1
G_1_A_2_1_14_comp1,P_1_A_2_1_14_comp1,R_1_A_2_1_14,TCDB,TCDB.1_A_2_1_14_comp1
G_1_A_81_4_1_comp1,P_1_A_81_4_1_comp1,R_1_A_81_4_1,TCDB,TCDB.1_A_81_4_1_comp1
G_9_B_67_3_2_comp1,P_9_B_67_3_2_comp1,R_9_B_67_3_2,TCDB,TCDB.9_B_67_3_2_comp1
G_3_A_1_106_5_comp1,P_3_A_1_106_5_comp1+3_A_1_106_5_comp2,R_3_A_1_106_5,TCDB,TCDB.3_A_1_106_5_comp1
G_3_A_1_106_5_comp2,P_3_A_1_106_5_comp1+3_A_1_106_5_comp2,R_3_A_1_106_5,TCDB,TCDB.3_A_1_106_5_comp2
G_3_A_10_1_13_comp1,P_3_A_10_1_13_comp1,R_3_A_10_1_13,TCDB,TCDB.3_A_10_1_13_comp1
G_2_A_87_3_2_comp1,P_2_A_87_3_2_comp1,R_2_A_87_3_2,TCDB,TCDB.2_A_87_3_2_comp1
G_1_G_6_1_1_comp1,P_1_G_6_1_1_comp1,R_1_G_6_1_1,TCDB,TCDB.1_G_6_1_1_comp1
G_3_A_1_208_33_comp1,P_3_A_1_208_33_comp1,R_3_A_1_208_33,TCDB,TCDB.3_A_1_208_33_comp1
G_3_A_1_208_26_comp1,P_3_A_1_208_26_comp1,R_3_A_1_208_26,TCDB,TCDB.3_A_1_208_26_comp1
G_1_E_26_5_1_comp1,P_1_E_26_5_1_comp1,R_1_E_26_5_1,TCDB,TCDB.1_E_26_5_1_comp1
G_1_W_9_1_13_comp1,P_1_W_9_1_13_comp1,R_1_W_9_1_13,TCDB,TCDB.1_W_9_1_13_comp1
G_9_B_160_1_2_comp1,P_9_B_160_1_2_comp1,R_9_B_160_1_2,TCDB,TCDB.9_B_160_1_2_comp1
G_1_E_2_2_2_comp1,P_1_E_2_2_2_comp1,R_1_E_2_2_2,TCDB,TCDB.1_E_2_2_2_comp1
G_9_B_127_1_3_comp1,P_9_B_127_1_3_comp1,R_9_B_127_1_3,TCDB,TCDB.9_B_127_1_3_comp1
G_2_A_81_1_4_comp1,P_2_A_81_1_4_comp1,R_2_A_81_1_4,TCDB,TCDB.2_A_81_1_4_comp1
G_1_B_53_1_4_comp1,P_1_B_53_1_4_comp1,R_1_B_53_1_4,TCDB,TCDB.1_B_53_1_4_comp1
G_2_A_66_4_6_comp1,P_2_A_66_4_6_comp1,R_2_A_66_4_6,TCDB,TCDB.2_A_66_4_6_comp1
G_2_A_2_1_1_comp1,P_2_A_2_1_1_comp1,R_2_A_2_1_1,TCDB,TCDB.2_A_2_1_1_comp1
G_1_B_40_2_3_comp1,P_1_B_40_2_3_comp1,R_1_B_40_2_3,TCDB,TCDB.1_B_40_2_3_comp1
G_9_B_136_4_1_comp1,P_9_B_136_4_1_comp1,R_9_B_136_4_1,TCDB,TCDB.9_B_136_4_1_comp1
G_3_A_1_122_28_comp1,P_3_A_1_122_28_comp1+3_A_1_122_28_comp2,R_3_A_1_122_28,TCDB,TCDB.3_A_1_122_28_comp1
G_3_A_1_122_28_comp2,P_3_A_1_122_28_comp1+3_A_1_122_28_comp2,R_3_A_1_122_28,TCDB,TCDB.3_A_1_122_28_comp2
G_1_A_63_1_1_comp1,P_1_A_63_1_1_comp1,R_1_A_63_1_1,TCDB,TCDB.1_A_63_1_1_comp1
G_2_A_49_5_4_comp1,P_2_A_49_5_4_comp1,R_2_A_49_5_4,TCDB,TCDB.2_A_49_5_4_comp1
G_2_A_49_5_5_comp1,P_2_A_49_5_5_comp1,R_2_A_49_5_5,TCDB,TCDB.2_A_49_5_5_comp1
G_2_A_104_1_1_comp1,P_2_A_104_1_1_comp1,R_2_A_104_1_1,TCDB,TCDB.2_A_104_1_1_comp1
G_3_E_2_1_2_comp1,P_3_E_2_1_2_comp1+3_E_2_1_2_comp2+3_E_2_1_2_comp3+3_E_2_1_2_comp4+3_E_2_1_2_comp5+3_E_2_1_2_comp6,R_3_E_2_1_2,TCDB,TCDB.3_E_2_1_2_comp1
G_3_E_2_1_2_comp2,P_3_E_2_1_2_comp1+3_E_2_1_2_comp2+3_E_2_1_2_comp3+3_E_2_1_2_comp4+3_E_2_1_2_comp5+3_E_2_1_2_comp6,R_3_E_2_1_2,TCDB,TCDB.3_E_2_1_2_comp2
G_3_E_2_1_2_comp3,P_3_E_2_1_2_comp1+3_E_2_1_2_comp2+3_E_2_1_2_comp3+3_E_2_1_2_comp4+3_E_2_1_2_comp5+3_E_2_1_2_comp6,R_3_E_2_1_2,TCDB,TCDB.3_E_2_1_2_comp3
G_3_E_2_1_2_comp4,P_3_E_2_1_2_comp1+3_E_2_1_2_comp2+3_E_2_1_2_comp3+3_E_2_1_2_comp4+3_E_2_1_2_comp5+3_E_2_1_2_comp6,R_3_E_2_1_2,TCDB,TCDB.3_E_2_1_2_comp4
G_3_E_2_1_2_comp5,P_3_E_2_1_2_comp1+3_E_2_1_2_comp2+3_E_2_1_2_comp3+3_E_2_1_2_comp4+3_E_2_1_2_comp5+3_E_2_1_2_comp6,R_3_E_2_1_2,TCDB,TCDB.3_E_2_1_2_comp5
G_3_E_2_1_2_comp6,P_3_E_2_1_2_comp1+3_E_2_1_2_comp2+3_E_2_1_2_comp3+3_E_2_1_2_comp4+3_E_2_1_2_comp5+3_E_2_1_2_comp6,R_3_E_2_1_2,TCDB,TCDB.3_E_2_1_2_comp6
G_1_E_51_1_2_comp1,P_1_E_51_1_2_comp1,R_1_E_51_1_2,TCDB,TCDB.1_E_51_1_2_comp1
G_1_A_17_7_5_comp1,P_1_A_17_7_5_comp1,R_1_A_17_7_5,TCDB,TCDB.1_A_17_7_5_comp1
G_1_B_27_1_8_comp1,P_1_B_27_1_8_comp1,R_1_B_27_1_8,TCDB,TCDB.1_B_27_1_8_comp1
G_2_A_48_1_6_comp1,P_2_A_48_1_6_comp1,R_2_A_48_1_6,TCDB,TCDB.2_A_48_1_6_comp1
G_1_A_94_1_2_comp1,P_1_A_94_1_2_comp1,R_1_A_94_1_2,TCDB,TCDB.1_A_94_1_2_comp1
G_1_M_1_1_4_comp1,P_1_M_1_1_4_comp1+1_M_1_1_4_comp2,R_1_M_1_1_4,TCDB,TCDB.1_M_1_1_4_comp1
G_1_M_1_1_4_comp2,P_1_M_1_1_4_comp1+1_M_1_1_4_comp2,R_1_M_1_1_4,TCDB,TCDB.1_M_1_1_4_comp2
G_9_A_14_10_6_comp1,P_9_A_14_10_6_comp1,R_9_A_14_10_6,TCDB,TCDB.9_A_14_10_6_comp1
G_1_C_111_1_5_comp1,P_1_C_111_1_5_comp1,R_1_C_111_1_5,TCDB,TCDB.1_C_111_1_5_comp1
G_2_A_1_1_126_comp1,P_2_A_1_1_126_comp1,R_2_A_1_1_126,TCDB,TCDB.2_A_1_1_126_comp1
G_1_A_4_5_9_comp1,P_1_A_4_5_9_comp1,R_1_A_4_5_9,TCDB,TCDB.1_A_4_5_9_comp1
G_1_A_6_1_14_comp1,P_1_A_6_1_14_comp1+1_A_6_1_14_comp2+1_A_6_1_14_comp3+1_A_6_1_14_comp4,R_1_A_6_1_14,TCDB,TCDB.1_A_6_1_14_comp1
G_1_A_6_1_14_comp2,P_1_A_6_1_14_comp1+1_A_6_1_14_comp2+1_A_6_1_14_comp3+1_A_6_1_14_comp4,R_1_A_6_1_14,TCDB,TCDB.1_A_6_1_14_comp2
G_1_A_6_1_14_comp3,P_1_A_6_1_14_comp1+1_A_6_1_14_comp2+1_A_6_1_14_comp3+1_A_6_1_14_comp4,R_1_A_6_1_14,TCDB,TCDB.1_A_6_1_14_comp3
G_1_A_6_1_14_comp4,P_1_A_6_1_14_comp1+1_A_6_1_14_comp2+1_A_6_1_14_comp3+1_A_6_1_14_comp4,R_1_A_6_1_14,TCDB,TCDB.1_A_6_1_14_comp4
G_9_A_14_18_1_comp1,P_9_A_14_18_1_comp1,R_9_A_14_18_1,TCDB,TCDB.9_A_14_18_1_comp1
G_1_C_56_1_3_comp1,P_1_C_56_1_3_comp1,R_1_C_56_1_3,TCDB,TCDB.1_C_56_1_3_comp1
G_9_B_160_1_1_comp1,P_9_B_160_1_1_comp1,R_9_B_160_1_1,TCDB,TCDB.9_B_160_1_1_comp1
G_1_A_72_1_2_comp1,P_1_A_72_1_2_comp1,R_1_A_72_1_2,TCDB,TCDB.1_A_72_1_2_comp1
G_1_A_1_14_5_comp1,P_1_A_1_14_5_comp1,R_1_A_1_14_5,TCDB,TCDB.1_A_1_14_5_comp1
G_3_A_1_128_4_comp1,P_3_A_1_128_4_comp1+3_A_1_128_4_comp2,R_3_A_1_128_4,TCDB,TCDB.3_A_1_128_4_comp1
G_3_A_1_128_4_comp2,P_3_A_1_128_4_comp1+3_A_1_128_4_comp2,R_3_A_1_128_4,TCDB,TCDB.3_A_1_128_4_comp2
G_3_A_1_131_3_comp1,P_3_A_1_131_3_comp1,R_3_A_1_131_3,TCDB,TCDB.3_A_1_131_3_comp1
G_9_B_161_1_3_comp1,P_9_B_161_1_3_comp1,R_9_B_161_1_3,TCDB,TCDB.9_B_161_1_3_comp1
G_8_A_42_1_2_comp1,P_8_A_42_1_2_comp1,R_8_A_42_1_2,TCDB,TCDB.8_A_42_1_2_comp1
G_1_E_31_1_12_comp1,P_1_E_31_1_12_comp1,R_1_E_31_1_12,TCDB,TCDB.1_E_31_1_12_comp1
G_1_E_27_1_1_comp1,P_1_E_27_1_1_comp1,R_1_E_27_1_1,TCDB,TCDB.1_E_27_1_1_comp1
G_1_E_31_1_3_comp1,P_1_E_31_1_3_comp1,R_1_E_31_1_3,TCDB,TCDB.1_E_31_1_3_comp1
G_1_B_71_1_2_comp1,P_1_B_71_1_2_comp1,R_1_B_71_1_2,TCDB,TCDB.1_B_71_1_2_comp1
G_1_B_25_1_31_comp1,P_1_B_25_1_31_comp1,R_1_B_25_1_31,TCDB,TCDB.1_B_25_1_31_comp1
G_1_E_9_1_7_comp1,P_1_E_9_1_7_comp1,R_1_E_9_1_7,TCDB,TCDB.1_E_9_1_7_comp1
G_3_A_1_14_16_comp1,P_3_A_1_14_16_comp1+3_A_1_14_16_comp2+3_A_1_14_16_comp3,R_3_A_1_14_16,TCDB,TCDB.3_A_1_14_16_comp1
G_3_A_1_14_16_comp2,P_3_A_1_14_16_comp1+3_A_1_14_16_comp2+3_A_1_14_16_comp3,R_3_A_1_14_16,TCDB,TCDB.3_A_1_14_16_comp2
G_3_A_1_14_16_comp3,P_3_A_1_14_16_comp1+3_A_1_14_16_comp2+3_A_1_14_16_comp3,R_3_A_1_14_16,TCDB,TCDB.3_A_1_14_16_comp3
G_2_A_1_36_2_comp1,P_2_A_1_36_2_comp1,R_2_A_1_36_2,TCDB,TCDB.2_A_1_36_2_comp1
G_3_A_1_132_5_comp1,P_3_A_1_132_5_comp1+3_A_1_132_5_comp2,R_3_A_1_132_5,TCDB,TCDB.3_A_1_132_5_comp1
G_3_A_1_132_5_comp2,P_3_A_1_132_5_comp1+3_A_1_132_5_comp2,R_3_A_1_132_5,TCDB,TCDB.3_A_1_132_5_comp2
G_2_A_21_3_9_comp1,P_2_A_21_3_9_comp1,R_2_A_21_3_9,TCDB,TCDB.2_A_21_3_9_comp1
G_3_A_1_2_15_comp1,P_3_A_1_2_15_comp1+3_A_1_2_15_comp2+3_A_1_2_15_comp3,R_3_A_1_2_15,TCDB,TCDB.3_A_1_2_15_comp1
G_3_A_1_2_15_comp2,P_3_A_1_2_15_comp1+3_A_1_2_15_comp2+3_A_1_2_15_comp3,R_3_A_1_2_15,TCDB,TCDB.3_A_1_2_15_comp2
G_3_A_1_2_15_comp3,P_3_A_1_2_15_comp1+3_A_1_2_15_comp2+3_A_1_2_15_comp3,R_3_A_1_2_15,TCDB,TCDB.3_A_1_2_15_comp3
G_8_A_61_1_5_comp1,P_8_A_61_1_5_comp1,R_8_A_61_1_5,TCDB,TCDB.8_A_61_1_5_comp1
G_2_A_1_75_6_comp1,P_2_A_1_75_6_comp1,R_2_A_1_75_6,TCDB,TCDB.2_A_1_75_6_comp1
G_1_A_77_3_45_comp1,P_1_A_77_3_45_comp1,R_1_A_77_3_45,TCDB,TCDB.1_A_77_3_45_comp1
G_1_E_5_2_3_comp1,P_1_E_5_2_3_comp1,R_1_E_5_2_3,TCDB,TCDB.1_E_5_2_3_comp1
G_2_A_7_20_3_comp1,P_2_A_7_20_3_comp1,R_2_A_7_20_3,TCDB,TCDB.2_A_7_20_3_comp1
G_4_D_3_1_10_comp1,P_4_D_3_1_10_comp1,R_4_D_3_1_10,TCDB,TCDB.4_D_3_1_10_comp1
G_1_A_4_1_11_comp1,P_1_A_4_1_11_comp1,R_1_A_4_1_11,TCDB,TCDB.1_A_4_1_11_comp1
G_3_A_1_208_19_comp1,P_3_A_1_208_19_comp1,R_3_A_1_208_19,TCDB,TCDB.3_A_1_208_19_comp1
G_9_B_23_1_3_comp1,P_9_B_23_1_3_comp1,R_9_B_23_1_3,TCDB,TCDB.9_B_23_1_3_comp1
G_2_A_106_1_6_comp1,P_2_A_106_1_6_comp1,R_2_A_106_1_6,TCDB,TCDB.2_A_106_1_6_comp1
G_1_A_4_1_14_comp1,P_1_A_4_1_14_comp1,R_1_A_4_1_14,TCDB,TCDB.1_A_4_1_14_comp1
G_1_B_12_5_2_comp1,P_1_B_12_5_2_comp1,R_1_B_12_5_2,TCDB,TCDB.1_B_12_5_2_comp1
G_2_A_1_65_11_comp1,P_2_A_1_65_11_comp1,R_2_A_1_65_11,TCDB,TCDB.2_A_1_65_11_comp1
G_2_A_47_4_4_comp1,P_2_A_47_4_4_comp1,R_2_A_47_4_4,TCDB,TCDB.2_A_47_4_4_comp1
G_1_A_1_11_29_comp1,P_1_A_1_11_29_comp1,R_1_A_1_11_29,TCDB,TCDB.1_A_1_11_29_comp1
G_9_B_206_1_5_comp1,P_9_B_206_1_5_comp1,R_9_B_206_1_5,TCDB,TCDB.9_B_206_1_5_comp1
G_2_A_47_4_3_comp1,P_2_A_47_4_3_comp1,R_2_A_47_4_3,TCDB,TCDB.2_A_47_4_3_comp1
G_9_B_51_1_8_comp1,P_9_B_51_1_8_comp1,R_9_B_51_1_8,TCDB,TCDB.9_B_51_1_8_comp1
G_9_B_115_1_4_comp1,P_9_B_115_1_4_comp1,R_9_B_115_1_4,TCDB,TCDB.9_B_115_1_4_comp1
G_1_B_4_2_12_comp1,P_1_B_4_2_12_comp1,R_1_B_4_2_12,TCDB,TCDB.1_B_4_2_12_comp1
G_2_A_1_31_5_comp1,P_2_A_1_31_5_comp1,R_2_A_1_31_5,TCDB,TCDB.2_A_1_31_5_comp1
G_2_A_1_31_6_comp1,P_2_A_1_31_6_comp1,R_2_A_1_31_6,TCDB,TCDB.2_A_1_31_6_comp1
G_1_A_9_10_1_comp1,P_1_A_9_10_1_comp1,R_1_A_9_10_1,TCDB,TCDB.1_A_9_10_1_comp1
G_1_A_8_8_32_comp1,P_1_A_8_8_32_comp1,R_1_A_8_8_32,TCDB,TCDB.1_A_8_8_32_comp1
G_1_A_10_1_18_comp1,P_1_A_10_1_18_comp1,R_1_A_10_1_18,TCDB,TCDB.1_A_10_1_18_comp1
G_2_A_29_8_14_comp1,P_2_A_29_8_14_comp1,R_2_A_29_8_14,TCDB,TCDB.2_A_29_8_14_comp1
G_5_B_2_2_5_comp1,P_5_B_2_2_5_comp1,R_5_B_2_2_5,TCDB,TCDB.5_B_2_2_5_comp1
G_1_A_10_2_5_comp1,P_1_A_10_2_5_comp1,R_1_A_10_2_5,TCDB,TCDB.1_A_10_2_5_comp1
G_3_A_19_1_5_comp1,P_3_A_19_1_5_comp1,R_3_A_19_1_5,TCDB,TCDB.3_A_19_1_5_comp1
G_1_A_1_20_7_comp1,P_1_A_1_20_7_comp1,R_1_A_1_20_7,TCDB,TCDB.1_A_1_20_7_comp1
G_2_A_1_49_11_comp1,P_2_A_1_49_11_comp1,R_2_A_1_49_11,TCDB,TCDB.2_A_1_49_11_comp1
G_2_A_122_2_4_comp1,P_2_A_122_2_4_comp1,R_2_A_122_2_4,TCDB,TCDB.2_A_122_2_4_comp1
G_2_A_39_3_14_comp1,P_2_A_39_3_14_comp1,R_2_A_39_3_14,TCDB,TCDB.2_A_39_3_14_comp1
G_2_A_5_5_7_comp1,P_2_A_5_5_7_comp1,R_2_A_5_5_7,TCDB,TCDB.2_A_5_5_7_comp1
G_2_A_4_3_10_comp1,P_2_A_4_3_10_comp1,R_2_A_4_3_10,TCDB,TCDB.2_A_4_3_10_comp1
G_2_A_1_7_22_comp1,P_2_A_1_7_22_comp1,R_2_A_1_7_22,TCDB,TCDB.2_A_1_7_22_comp1
G_2_A_1_8_7_comp1,P_2_A_1_8_7_comp1,R_2_A_1_8_7,TCDB,TCDB.2_A_1_8_7_comp1
G_8_A_20_2_1_comp1,P_8_A_20_2_1_comp1,R_8_A_20_2_1,TCDB,TCDB.8_A_20_2_1_comp1
G_1_B_29_2_1_comp1,P_1_B_29_2_1_comp1,R_1_B_29_2_1,TCDB,TCDB.1_B_29_2_1_comp1
G_1_A_4_10_1_comp1,P_1_A_4_10_1_comp1,R_1_A_4_10_1,TCDB,TCDB.1_A_4_10_1_comp1
G_2_A_53_1_8_comp1,P_2_A_53_1_8_comp1,R_2_A_53_1_8,TCDB,TCDB.2_A_53_1_8_comp1
G_1_A_77_1_3_comp1,P_1_A_77_1_3_comp1,R_1_A_77_1_3,TCDB,TCDB.1_A_77_1_3_comp1
G_9_A_55_1_4_comp1,P_9_A_55_1_4_comp1+9_A_55_1_4_comp2,R_9_A_55_1_4,TCDB,TCDB.9_A_55_1_4_comp1
G_9_A_55_1_4_comp2,P_9_A_55_1_4_comp1+9_A_55_1_4_comp2,R_9_A_55_1_4,TCDB,TCDB.9_A_55_1_4_comp2
G_2_A_4_5_6_comp1,P_2_A_4_5_6_comp1,R_2_A_4_5_6,TCDB,TCDB.2_A_4_5_6_comp1
G_2_A_1_7_21_comp1,P_2_A_1_7_21_comp1,R_2_A_1_7_21,TCDB,TCDB.2_A_1_7_21_comp1
G_9_B_51_1_9_comp1,P_9_B_51_1_9_comp1,R_9_B_51_1_9,TCDB,TCDB.9_B_51_1_9_comp1
G_1_A_1_4_11_comp1,P_1_A_1_4_11_comp1,R_1_A_1_4_11,TCDB,TCDB.1_A_1_4_11_comp1
G_1_A_76_1_10_comp1,P_1_A_76_1_10_comp1,R_1_A_76_1_10,TCDB,TCDB.1_A_76_1_10_comp1
G_2_A_85_11_4_comp1,P_2_A_85_11_4_comp1,R_2_A_85_11_4,TCDB,TCDB.2_A_85_11_4_comp1
G_1_A_4_1_13_comp1,P_1_A_4_1_13_comp1,R_1_A_4_1_13,TCDB,TCDB.1_A_4_1_13_comp1
G_9_B_2_1_17_comp1,P_9_B_2_1_17_comp1,R_9_B_2_1_17,TCDB,TCDB.9_B_2_1_17_comp1
G_2_A_29_9_3_comp1,P_2_A_29_9_3_comp1,R_2_A_29_9_3,TCDB,TCDB.2_A_29_9_3_comp1
G_1_A_3_2_17_comp1,P_1_A_3_2_17_comp1,R_1_A_3_2_17,TCDB,TCDB.1_A_3_2_17_comp1
G_1_A_1_10_14_comp1,P_1_A_1_10_14_comp1,R_1_A_1_10_14,TCDB,TCDB.1_A_1_10_14_comp1
G_3_A_19_1_4_comp1,P_3_A_19_1_4_comp1,R_3_A_19_1_4,TCDB,TCDB.3_A_19_1_4_comp1
G_8_A_44_1_6_comp1,P_8_A_44_1_6_comp1,R_8_A_44_1_6,TCDB,TCDB.8_A_44_1_6_comp1
G_1_A_106_1_9_comp1,P_1_A_106_1_9_comp1,R_1_A_106_1_9,TCDB,TCDB.1_A_106_1_9_comp1
G_2_A_29_18_4_comp1,P_2_A_29_18_4_comp1,R_2_A_29_18_4,TCDB,TCDB.2_A_29_18_4_comp1
G_9_B_119_1_4_comp1,P_9_B_119_1_4_comp1,R_9_B_119_1_4,TCDB,TCDB.9_B_119_1_4_comp1
G_9_B_39_1_8_comp1,P_9_B_39_1_8_comp1,R_9_B_39_1_8,TCDB,TCDB.9_B_39_1_8_comp1
G_8_A_135_1_1_comp1,P_8_A_135_1_1_comp1,R_8_A_135_1_1,TCDB,TCDB.8_A_135_1_1_comp1
G_9_A_3_1_2_comp1,P_9_A_3_1_2_comp1+9_A_3_1_2_comp2+9_A_3_1_2_comp3+9_A_3_1_2_comp4+9_A_3_1_2_comp5+9_A_3_1_2_comp6+9_A_3_1_2_comp7+9_A_3_1_2_comp8+9_A_3_1_2_comp9+9_A_3_1_2_comp10+9_A_3_1_2_comp11+9_A_3_1_2_comp12,R_9_A_3_1_2,TCDB,TCDB.9_A_3_1_2_comp1
G_9_A_3_1_2_comp2,P_9_A_3_1_2_comp1+9_A_3_1_2_comp2+9_A_3_1_2_comp3+9_A_3_1_2_comp4+9_A_3_1_2_comp5+9_A_3_1_2_comp6+9_A_3_1_2_comp7+9_A_3_1_2_comp8+9_A_3_1_2_comp9+9_A_3_1_2_comp10+9_A_3_1_2_comp11+9_A_3_1_2_comp12,R_9_A_3_1_2,TCDB,TCDB.9_A_3_1_2_comp2
G_9_A_3_1_2_comp3,P_9_A_3_1_2_comp1+9_A_3_1_2_comp2+9_A_3_1_2_comp3+9_A_3_1_2_comp4+9_A_3_1_2_comp5+9_A_3_1_2_comp6+9_A_3_1_2_comp7+9_A_3_1_2_comp8+9_A_3_1_2_comp9+9_A_3_1_2_comp10+9_A_3_1_2_comp11+9_A_3_1_2_comp12,R_9_A_3_1_2,TCDB,TCDB.9_A_3_1_2_comp3
G_9_A_3_1_2_comp4,P_9_A_3_1_2_comp1+9_A_3_1_2_comp2+9_A_3_1_2_comp3+9_A_3_1_2_comp4+9_A_3_1_2_comp5+9_A_3_1_2_comp6+9_A_3_1_2_comp7+9_A_3_1_2_comp8+9_A_3_1_2_comp9+9_A_3_1_2_comp10+9_A_3_1_2_comp11+9_A_3_1_2_comp12,R_9_A_3_1_2,TCDB,TCDB.9_A_3_1_2_comp4
G_9_A_3_1_2_comp5,P_9_A_3_1_2_comp1+9_A_3_1_2_comp2+9_A_3_1_2_comp3+9_A_3_1_2_comp4+9_A_3_1_2_comp5+9_A_3_1_2_comp6+9_A_3_1_2_comp7+9_A_3_1_2_comp8+9_A_3_1_2_comp9+9_A_3_1_2_comp10+9_A_3_1_2_comp11+9_A_3_1_2_comp12,R_9_A_3_1_2,TCDB,TCDB.9_A_3_1_2_comp5
G_9_A_3_1_2_comp6,P_9_A_3_1_2_comp1+9_A_3_1_2_comp2+9_A_3_1_2_comp3+9_A_3_1_2_comp4+9_A_3_1_2_comp5+9_A_3_1_2_comp6+9_A_3_1_2_comp7+9_A_3_1_2_comp8+9_A_3_1_2_comp9+9_A_3_1_2_comp10+9_A_3_1_2_comp11+9_A_3_1_2_comp12,R_9_A_3_1_2,TCDB,TCDB.9_A_3_1_2_comp6
G_9_A_3_1_2_comp7,P_9_A_3_1_2_comp1+9_A_3_1_2_comp2+9_A_3_1_2_comp3+9_A_3_1_2_comp4+9_A_3_1_2_comp5+9_A_3_1_2_comp6+9_A_3_1_2_comp7+9_A_3_1_2_comp8+9_A_3_1_2_comp9+9_A_3_1_2_comp10+9_A_3_1_2_comp11+9_A_3_1_2_comp12,R_9_A_3_1_2,TCDB,TCDB.9_A_3_1_2_comp7
G_9_A_3_1_2_comp8,P_9_A_3_1_2_comp1+9_A_3_1_2_comp2+9_A_3_1_2_comp3+9_A_3_1_2_comp4+9_A_3_1_2_comp5+9_A_3_1_2_comp6+9_A_3_1_2_comp7+9_A_3_1_2_comp8+9_A_3_1_2_comp9+9_A_3_1_2_comp10+9_A_3_1_2_comp11+9_A_3_1_2_comp12,R_9_A_3_1_2,TCDB,TCDB.9_A_3_1_2_comp8
G_9_A_3_1_2_comp9,P_9_A_3_1_2_comp1+9_A_3_1_2_comp2+9_A_3_1_2_comp3+9_A_3_1_2_comp4+9_A_3_1_2_comp5+9_A_3_1_2_comp6+9_A_3_1_2_comp7+9_A_3_1_2_comp8+9_A_3_1_2_comp9+9_A_3_1_2_comp10+9_A_3_1_2_comp11+9_A_3_1_2_comp12,R_9_A_3_1_2,TCDB,TCDB.9_A_3_1_2_comp9
G_9_A_3_1_2_comp10,P_9_A_3_1_2_comp1+9_A_3_1_2_comp2+9_A_3_1_2_comp3+9_A_3_1_2_comp4+9_A_3_1_2_comp5+9_A_3_1_2_comp6+9_A_3_1_2_comp7+9_A_3_1_2_comp8+9_A_3_1_2_comp9+9_A_3_1_2_comp10+9_A_3_1_2_comp11+9_A_3_1_2_comp12,R_9_A_3_1_2,TCDB,TCDB.9_A_3_1_2_comp10
G_9_A_3_1_2_comp11,P_9_A_3_1_2_comp1+9_A_3_1_2_comp2+9_A_3_1_2_comp3+9_A_3_1_2_comp4+9_A_3_1_2_comp5+9_A_3_1_2_comp6+9_A_3_1_2_comp7+9_A_3_1_2_comp8+9_A_3_1_2_comp9+9_A_3_1_2_comp10+9_A_3_1_2_comp11+9_A_3_1_2_comp12,R_9_A_3_1_2,TCDB,TCDB.9_A_3_1_2_comp11
G_9_A_3_1_2_comp12,P_9_A_3_1_2_comp1+9_A_3_1_2_comp2+9_A_3_1_2_comp3+9_A_3_1_2_comp4+9_A_3_1_2_comp5+9_A_3_1_2_comp6+9_A_3_1_2_comp7+9_A_3_1_2_comp8+9_A_3_1_2_comp9+9_A_3_1_2_comp10+9_A_3_1_2_comp11+9_A_3_1_2_comp12,R_9_A_3_1_2,TCDB,TCDB.9_A_3_1_2_comp12
G_1_A_54_3_3_comp1,P_1_A_54_3_3_comp1,R_1_A_54_3_3,TCDB,TCDB.1_A_54_3_3_comp1
G_2_A_126_1_6_comp1,P_2_A_126_1_6_comp1,R_2_A_126_1_6,TCDB,TCDB.2_A_126_1_6_comp1
G_1_A_13_1_6_comp1,P_1_A_13_1_6_comp1,R_1_A_13_1_6,TCDB,TCDB.1_A_13_1_6_comp1
G_2_A_1_1_85_comp1,P_2_A_1_1_85_comp1,R_2_A_1_1_85,TCDB,TCDB.2_A_1_1_85_comp1
G_2_A_7_35_3_comp1,P_2_A_7_35_3_comp1,R_2_A_7_35_3,TCDB,TCDB.2_A_7_35_3_comp1
G_9_B_179_1_4_comp1,P_9_B_179_1_4_comp1,R_9_B_179_1_4,TCDB,TCDB.9_B_179_1_4_comp1
G_2_A_56_1_18_comp1,P_2_A_56_1_18_comp1+2_A_56_1_18_comp2,R_2_A_56_1_18,TCDB,TCDB.2_A_56_1_18_comp1
G_2_A_56_1_18_comp2,P_2_A_56_1_18_comp1+2_A_56_1_18_comp2,R_2_A_56_1_18,TCDB,TCDB.2_A_56_1_18_comp2
G_2_A_58_2_4_comp1,P_2_A_58_2_4_comp1,R_2_A_58_2_4,TCDB,TCDB.2_A_58_2_4_comp1
G_3_A_1_122_9_comp1,P_3_A_1_122_9_comp1,R_3_A_1_122_9,TCDB,TCDB.3_A_1_122_9_comp1
G_2_A_120_1_13_comp1,P_2_A_120_1_13_comp1,R_2_A_120_1_13,TCDB,TCDB.2_A_120_1_13_comp1
G_3_A_16_1_5_comp1,P_3_A_16_1_5_comp1+3_A_16_1_5_comp2+3_A_16_1_5_comp3+3_A_16_1_5_comp4+3_A_16_1_5_comp5+3_A_16_1_5_comp6+3_A_16_1_5_comp7+3_A_16_1_5_comp8+3_A_16_1_5_comp9+3_A_16_1_5_comp10+3_A_16_1_5_comp11+3_A_16_1_5_comp12+3_A_16_1_5_comp13+3_A_16_1_5_comp14+3_A_16_1_5_comp15+3_A_16_1_5_comp16+3_A_16_1_5_comp17+3_A_16_1_5_comp18+3_A_16_1_5_comp19+3_A_16_1_5_comp20+3_A_16_1_5_comp21+3_A_16_1_5_comp22+3_A_16_1_5_comp23+3_A_16_1_5_comp24+3_A_16_1_5_comp25+3_A_16_1_5_comp26+3_A_16_1_5_comp27+3_A_16_1_5_comp28+3_A_16_1_5_comp29+3_A_16_1_5_comp30+3_A_16_1_5_comp31+3_A_16_1_5_comp32+3_A_16_1_5_comp33+3_A_16_1_5_comp34+3_A_16_1_5_comp35+3_A_16_1_5_comp36+3_A_16_1_5_comp37+3_A_16_1_5_comp38+3_A_16_1_5_comp39+3_A_16_1_5_comp40+3_A_16_1_5_comp41+3_A_16_1_5_comp42+3_A_16_1_5_comp43+3_A_16_1_5_comp44+3_A_16_1_5_comp45+3_A_16_1_5_comp46+3_A_16_1_5_comp47,R_3_A_16_1_5,TCDB,TCDB.3_A_16_1_5_comp1
G_3_A_16_1_5_comp2,P_3_A_16_1_5_comp1+3_A_16_1_5_comp2+3_A_16_1_5_comp3+3_A_16_1_5_comp4+3_A_16_1_5_comp5+3_A_16_1_5_comp6+3_A_16_1_5_comp7+3_A_16_1_5_comp8+3_A_16_1_5_comp9+3_A_16_1_5_comp10+3_A_16_1_5_comp11+3_A_16_1_5_comp12+3_A_16_1_5_comp13+3_A_16_1_5_comp14+3_A_16_1_5_comp15+3_A_16_1_5_comp16+3_A_16_1_5_comp17+3_A_16_1_5_comp18+3_A_16_1_5_comp19+3_A_16_1_5_comp20+3_A_16_1_5_comp21+3_A_16_1_5_comp22+3_A_16_1_5_comp23+3_A_16_1_5_comp24+3_A_16_1_5_comp25+3_A_16_1_5_comp26+3_A_16_1_5_comp27+3_A_16_1_5_comp28+3_A_16_1_5_comp29+3_A_16_1_5_comp30+3_A_16_1_5_comp31+3_A_16_1_5_comp32+3_A_16_1_5_comp33+3_A_16_1_5_comp34+3_A_16_1_5_comp35+3_A_16_1_5_comp36+3_A_16_1_5_comp37+3_A_16_1_5_comp38+3_A_16_1_5_comp39+3_A_16_1_5_comp40+3_A_16_1_5_comp41+3_A_16_1_5_comp42+3_A_16_1_5_comp43+3_A_16_1_5_comp44+3_A_16_1_5_comp45+3_A_16_1_5_comp46+3_A_16_1_5_comp47,R_3_A_16_1_5,TCDB,TCDB.3_A_16_1_5_comp2
G_3_A_16_1_5_comp3,P_3_A_16_1_5_comp1+3_A_16_1_5_comp2+3_A_16_1_5_comp3+3_A_16_1_5_comp4+3_A_16_1_5_comp5+3_A_16_1_5_comp6+3_A_16_1_5_comp7+3_A_16_1_5_comp8+3_A_16_1_5_comp9+3_A_16_1_5_comp10+3_A_16_1_5_comp11+3_A_16_1_5_comp12+3_A_16_1_5_comp13+3_A_16_1_5_comp14+3_A_16_1_5_comp15+3_A_16_1_5_comp16+3_A_16_1_5_comp17+3_A_16_1_5_comp18+3_A_16_1_5_comp19+3_A_16_1_5_comp20+3_A_16_1_5_comp21+3_A_16_1_5_comp22+3_A_16_1_5_comp23+3_A_16_1_5_comp24+3_A_16_1_5_comp25+3_A_16_1_5_comp26+3_A_16_1_5_comp27+3_A_16_1_5_comp28+3_A_16_1_5_comp29+3_A_16_1_5_comp30+3_A_16_1_5_comp31+3_A_16_1_5_comp32+3_A_16_1_5_comp33+3_A_16_1_5_comp34+3_A_16_1_5_comp35+3_A_16_1_5_comp36+3_A_16_1_5_comp37+3_A_16_1_5_comp38+3_A_16_1_5_comp39+3_A_16_1_5_comp40+3_A_16_1_5_comp41+3_A_16_1_5_comp42+3_A_16_1_5_comp43+3_A_16_1_5_comp44+3_A_16_1_5_comp45+3_A_16_1_5_comp46+3_A_16_1_5_comp47,R_3_A_16_1_5,TCDB,TCDB.3_A_16_1_5_comp3
G_3_A_16_1_5_comp4,P_3_A_16_1_5_comp1+3_A_16_1_5_comp2+3_A_16_1_5_comp3+3_A_16_1_5_comp4+3_A_16_1_5_comp5+3_A_16_1_5_comp6+3_A_16_1_5_comp7+3_A_16_1_5_comp8+3_A_16_1_5_comp9+3_A_16_1_5_comp10+3_A_16_1_5_comp11+3_A_16_1_5_comp12+3_A_16_1_5_comp13+3_A_16_1_5_comp14+3_A_16_1_5_comp15+3_A_16_1_5_comp16+3_A_16_1_5_comp17+3_A_16_1_5_comp18+3_A_16_1_5_comp19+3_A_16_1_5_comp20+3_A_16_1_5_comp21+3_A_16_1_5_comp22+3_A_16_1_5_comp23+3_A_16_1_5_comp24+3_A_16_1_5_comp25+3_A_16_1_5_comp26+3_A_16_1_5_comp27+3_A_16_1_5_comp28+3_A_16_1_5_comp29+3_A_16_1_5_comp30+3_A_16_1_5_comp31+3_A_16_1_5_comp32+3_A_16_1_5_comp33+3_A_16_1_5_comp34+3_A_16_1_5_comp35+3_A_16_1_5_comp36+3_A_16_1_5_comp37+3_A_16_1_5_comp38+3_A_16_1_5_comp39+3_A_16_1_5_comp40+3_A_16_1_5_comp41+3_A_16_1_5_comp42+3_A_16_1_5_comp43+3_A_16_1_5_comp44+3_A_16_1_5_comp45+3_A_16_1_5_comp46+3_A_16_1_5_comp47,R_3_A_16_1_5,TCDB,TCDB.3_A_16_1_5_comp4
G_3_A_16_1_5_comp5,P_3_A_16_1_5_comp1+3_A_16_1_5_comp2+3_A_16_1_5_comp3+3_A_16_1_5_comp4+3_A_16_1_5_comp5+3_A_16_1_5_comp6+3_A_16_1_5_comp7+3_A_16_1_5_comp8+3_A_16_1_5_comp9+3_A_16_1_5_comp10+3_A_16_1_5_comp11+3_A_16_1_5_comp12+3_A_16_1_5_comp13+3_A_16_1_5_comp14+3_A_16_1_5_comp15+3_A_16_1_5_comp16+3_A_16_1_5_comp17+3_A_16_1_5_comp18+3_A_16_1_5_comp19+3_A_16_1_5_comp20+3_A_16_1_5_comp21+3_A_16_1_5_comp22+3_A_16_1_5_comp23+3_A_16_1_5_comp24+3_A_16_1_5_comp25+3_A_16_1_5_comp26+3_A_16_1_5_comp27+3_A_16_1_5_comp28+3_A_16_1_5_comp29+3_A_16_1_5_comp30+3_A_16_1_5_comp31+3_A_16_1_5_comp32+3_A_16_1_5_comp33+3_A_16_1_5_comp34+3_A_16_1_5_comp35+3_A_16_1_5_comp36+3_A_16_1_5_comp37+3_A_16_1_5_comp38+3_A_16_1_5_comp39+3_A_16_1_5_comp40+3_A_16_1_5_comp41+3_A_16_1_5_comp42+3_A_16_1_5_comp43+3_A_16_1_5_comp44+3_A_16_1_5_comp45+3_A_16_1_5_comp46+3_A_16_1_5_comp47,R_3_A_16_1_5,TCDB,TCDB.3_A_16_1_5_comp5
G_3_A_16_1_5_comp6,P_3_A_16_1_5_comp1+3_A_16_1_5_comp2+3_A_16_1_5_comp3+3_A_16_1_5_comp4+3_A_16_1_5_comp5+3_A_16_1_5_comp6+3_A_16_1_5_comp7+3_A_16_1_5_comp8+3_A_16_1_5_comp9+3_A_16_1_5_comp10+3_A_16_1_5_comp11+3_A_16_1_5_comp12+3_A_16_1_5_comp13+3_A_16_1_5_comp14+3_A_16_1_5_comp15+3_A_16_1_5_comp16+3_A_16_1_5_comp17+3_A_16_1_5_comp18+3_A_16_1_5_comp19+3_A_16_1_5_comp20+3_A_16_1_5_comp21+3_A_16_1_5_comp22+3_A_16_1_5_comp23+3_A_16_1_5_comp24+3_A_16_1_5_comp25+3_A_16_1_5_comp26+3_A_16_1_5_comp27+3_A_16_1_5_comp28+3_A_16_1_5_comp29+3_A_16_1_5_comp30+3_A_16_1_5_comp31+3_A_16_1_5_comp32+3_A_16_1_5_comp33+3_A_16_1_5_comp34+3_A_16_1_5_comp35+3_A_16_1_5_comp36+3_A_16_1_5_comp37+3_A_16_1_5_comp38+3_A_16_1_5_comp39+3_A_16_1_5_comp40+3_A_16_1_5_comp41+3_A_16_1_5_comp42+3_A_16_1_5_comp43+3_A_16_1_5_comp44+3_A_16_1_5_comp45+3_A_16_1_5_comp46+3_A_16_1_5_comp47,R_3_A_16_1_5,TCDB,TCDB.3_A_16_1_5_comp6
G_3_A_16_1_5_comp7,P_3_A_16_1_5_comp1+3_A_16_1_5_comp2+3_A_16_1_5_comp3+3_A_16_1_5_comp4+3_A_16_1_5_comp5+3_A_16_1_5_comp6+3_A_16_1_5_comp7+3_A_16_1_5_comp8+3_A_16_1_5_comp9+3_A_16_1_5_comp10+3_A_16_1_5_comp11+3_A_16_1_5_comp12+3_A_16_1_5_comp13+3_A_16_1_5_comp14+3_A_16_1_5_comp15+3_A_16_1_5_comp16+3_A_16_1_5_comp17+3_A_16_1_5_comp18+3_A_16_1_5_comp19+3_A_16_1_5_comp20+3_A_16_1_5_comp21+3_A_16_1_5_comp22+3_A_16_1_5_comp23+3_A_16_1_5_comp24+3_A_16_1_5_comp25+3_A_16_1_5_comp26+3_A_16_1_5_comp27+3_A_16_1_5_comp28+3_A_16_1_5_comp29+3_A_16_1_5_comp30+3_A_16_1_5_comp31+3_A_16_1_5_comp32+3_A_16_1_5_comp33+3_A_16_1_5_comp34+3_A_16_1_5_comp35+3_A_16_1_5_comp36+3_A_16_1_5_comp37+3_A_16_1_5_comp38+3_A_16_1_5_comp39+3_A_16_1_5_comp40+3_A_16_1_5_comp41+3_A_16_1_5_comp42+3_A_16_1_5_comp43+3_A_16_1_5_comp44+3_A_16_1_5_comp45+3_A_16_1_5_comp46+3_A_16_1_5_comp47,R_3_A_16_1_5,TCDB,TCDB.3_A_16_1_5_comp7
G_3_A_16_1_5_comp8,P_3_A_16_1_5_comp1+3_A_16_1_5_comp2+3_A_16_1_5_comp3+3_A_16_1_5_comp4+3_A_16_1_5_comp5+3_A_16_1_5_comp6+3_A_16_1_5_comp7+3_A_16_1_5_comp8+3_A_16_1_5_comp9+3_A_16_1_5_comp10+3_A_16_1_5_comp11+3_A_16_1_5_comp12+3_A_16_1_5_comp13+3_A_16_1_5_comp14+3_A_16_1_5_comp15+3_A_16_1_5_comp16+3_A_16_1_5_comp17+3_A_16_1_5_comp18+3_A_16_1_5_comp19+3_A_16_1_5_comp20+3_A_16_1_5_comp21+3_A_16_1_5_comp22+3_A_16_1_5_comp23+3_A_16_1_5_comp24+3_A_16_1_5_comp25+3_A_16_1_5_comp26+3_A_16_1_5_comp27+3_A_16_1_5_comp28+3_A_16_1_5_comp29+3_A_16_1_5_comp30+3_A_16_1_5_comp31+3_A_16_1_5_comp32+3_A_16_1_5_comp33+3_A_16_1_5_comp34+3_A_16_1_5_comp35+3_A_16_1_5_comp36+3_A_16_1_5_comp37+3_A_16_1_5_comp38+3_A_16_1_5_comp39+3_A_16_1_5_comp40+3_A_16_1_5_comp41+3_A_16_1_5_comp42+3_A_16_1_5_comp43+3_A_16_1_5_comp44+3_A_16_1_5_comp45+3_A_16_1_5_comp46+3_A_16_1_5_comp47,R_3_A_16_1_5,TCDB,TCDB.3_A_16_1_5_comp8
G_3_A_16_1_5_comp9,P_3_A_16_1_5_comp1+3_A_16_1_5_comp2+3_A_16_1_5_comp3+3_A_16_1_5_comp4+3_A_16_1_5_comp5+3_A_16_1_5_comp6+3_A_16_1_5_comp7+3_A_16_1_5_comp8+3_A_16_1_5_comp9+3_A_16_1_5_comp10+3_A_16_1_5_comp11+3_A_16_1_5_comp12+3_A_16_1_5_comp13+3_A_16_1_5_comp14+3_A_16_1_5_comp15+3_A_16_1_5_comp16+3_A_16_1_5_comp17+3_A_16_1_5_comp18+3_A_16_1_5_comp19+3_A_16_1_5_comp20+3_A_16_1_5_comp21+3_A_16_1_5_comp22+3_A_16_1_5_comp23+3_A_16_1_5_comp24+3_A_16_1_5_comp25+3_A_16_1_5_comp26+3_A_16_1_5_comp27+3_A_16_1_5_comp28+3_A_16_1_5_comp29+3_A_16_1_5_comp30+3_A_16_1_5_comp31+3_A_16_1_5_comp32+3_A_16_1_5_comp33+3_A_16_1_5_comp34+3_A_16_1_5_comp35+3_A_16_1_5_comp36+3_A_16_1_5_comp37+3_A_16_1_5_comp38+3_A_16_1_5_comp39+3_A_16_1_5_comp40+3_A_16_1_5_comp41+3_A_16_1_5_comp42+3_A_16_1_5_comp43+3_A_16_1_5_comp44+3_A_16_1_5_comp45+3_A_16_1_5_comp46+3_A_16_1_5_comp47,R_3_A_16_1_5,TCDB,TCDB.3_A_16_1_5_comp9
G_3_A_16_1_5_comp10,P_3_A_16_1_5_comp1+3_A_16_1_5_comp2+3_A_16_1_5_comp3+3_A_16_1_5_comp4+3_A_16_1_5_comp5+3_A_16_1_5_comp6+3_A_16_1_5_comp7+3_A_16_1_5_comp8+3_A_16_1_5_comp9+3_A_16_1_5_comp10+3_A_16_1_5_comp11+3_A_16_1_5_comp12+3_A_16_1_5_comp13+3_A_16_1_5_comp14+3_A_16_1_5_comp15+3_A_16_1_5_comp16+3_A_16_1_5_comp17+3_A_16_1_5_comp18+3_A_16_1_5_comp19+3_A_16_1_5_comp20+3_A_16_1_5_comp21+3_A_16_1_5_comp22+3_A_16_1_5_comp23+3_A_16_1_5_comp24+3_A_16_1_5_comp25+3_A_16_1_5_comp26+3_A_16_1_5_comp27+3_A_16_1_5_comp28+3_A_16_1_5_comp29+3_A_16_1_5_comp30+3_A_16_1_5_comp31+3_A_16_1_5_comp32+3_A_16_1_5_comp33+3_A_16_1_5_comp34+3_A_16_1_5_comp35+3_A_16_1_5_comp36+3_A_16_1_5_comp37+3_A_16_1_5_comp38+3_A_16_1_5_comp39+3_A_16_1_5_comp40+3_A_16_1_5_comp41+3_A_16_1_5_comp42+3_A_16_1_5_comp43+3_A_16_1_5_comp44+3_A_16_1_5_comp45+3_A_16_1_5_comp46+3_A_16_1_5_comp47,R_3_A_16_1_5,TCDB,TCDB.3_A_16_1_5_comp10
G_3_A_16_1_5_comp11,P_3_A_16_1_5_comp1+3_A_16_1_5_comp2+3_A_16_1_5_comp3+3_A_16_1_5_comp4+3_A_16_1_5_comp5+3_A_16_1_5_comp6+3_A_16_1_5_comp7+3_A_16_1_5_comp8+3_A_16_1_5_comp9+3_A_16_1_5_comp10+3_A_16_1_5_comp11+3_A_16_1_5_comp12+3_A_16_1_5_comp13+3_A_16_1_5_comp14+3_A_16_1_5_comp15+3_A_16_1_5_comp16+3_A_16_1_5_comp17+3_A_16_1_5_comp18+3_A_16_1_5_comp19+3_A_16_1_5_comp20+3_A_16_1_5_comp21+3_A_16_1_5_comp22+3_A_16_1_5_comp23+3_A_16_1_5_comp24+3_A_16_1_5_comp25+3_A_16_1_5_comp26+3_A_16_1_5_comp27+3_A_16_1_5_comp28+3_A_16_1_5_comp29+3_A_16_1_5_comp30+3_A_16_1_5_comp31+3_A_16_1_5_comp32+3_A_16_1_5_comp33+3_A_16_1_5_comp34+3_A_16_1_5_comp35+3_A_16_1_5_comp36+3_A_16_1_5_comp37+3_A_16_1_5_comp38+3_A_16_1_5_comp39+3_A_16_1_5_comp40+3_A_16_1_5_comp41+3_A_16_1_5_comp42+3_A_16_1_5_comp43+3_A_16_1_5_comp44+3_A_16_1_5_comp45+3_A_16_1_5_comp46+3_A_16_1_5_comp47,R_3_A_16_1_5,TCDB,TCDB.3_A_16_1_5_comp11
G_3_A_16_1_5_comp12,P_3_A_16_1_5_comp1+3_A_16_1_5_comp2+3_A_16_1_5_comp3+3_A_16_1_5_comp4+3_A_16_1_5_comp5+3_A_16_1_5_comp6+3_A_16_1_5_comp7+3_A_16_1_5_comp8+3_A_16_1_5_comp9+3_A_16_1_5_comp10+3_A_16_1_5_comp11+3_A_16_1_5_comp12+3_A_16_1_5_comp13+3_A_16_1_5_comp14+3_A_16_1_5_comp15+3_A_16_1_5_comp16+3_A_16_1_5_comp17+3_A_16_1_5_comp18+3_A_16_1_5_comp19+3_A_16_1_5_comp20+3_A_16_1_5_comp21+3_A_16_1_5_comp22+3_A_16_1_5_comp23+3_A_16_1_5_comp24+3_A_16_1_5_comp25+3_A_16_1_5_comp26+3_A_16_1_5_comp27+3_A_16_1_5_comp28+3_A_16_1_5_comp29+3_A_16_1_5_comp30+3_A_16_1_5_comp31+3_A_16_1_5_comp32+3_A_16_1_5_comp33+3_A_16_1_5_comp34+3_A_16_1_5_comp35+3_A_16_1_5_comp36+3_A_16_1_5_comp37+3_A_16_1_5_comp38+3_A_16_1_5_comp39+3_A_16_1_5_comp40+3_A_16_1_5_comp41+3_A_16_1_5_comp42+3_A_16_1_5_comp43+3_A_16_1_5_comp44+3_A_16_1_5_comp45+3_A_16_1_5_comp46+3_A_16_1_5_comp47,R_3_A_16_1_5,TCDB,TCDB.3_A_16_1_5_comp12
G_3_A_16_1_5_comp13,P_3_A_16_1_5_comp1+3_A_16_1_5_comp2+3_A_16_1_5_comp3+3_A_16_1_5_comp4+3_A_16_1_5_comp5+3_A_16_1_5_comp6+3_A_16_1_5_comp7+3_A_16_1_5_comp8+3_A_16_1_5_comp9+3_A_16_1_5_comp10+3_A_16_1_5_comp11+3_A_16_1_5_comp12+3_A_16_1_5_comp13+3_A_16_1_5_comp14+3_A_16_1_5_comp15+3_A_16_1_5_comp16+3_A_16_1_5_comp17+3_A_16_1_5_comp18+3_A_16_1_5_comp19+3_A_16_1_5_comp20+3_A_16_1_5_comp21+3_A_16_1_5_comp22+3_A_16_1_5_comp23+3_A_16_1_5_comp24+3_A_16_1_5_comp25+3_A_16_1_5_comp26+3_A_16_1_5_comp27+3_A_16_1_5_comp28+3_A_16_1_5_comp29+3_A_16_1_5_comp30+3_A_16_1_5_comp31+3_A_16_1_5_comp32+3_A_16_1_5_comp33+3_A_16_1_5_comp34+3_A_16_1_5_comp35+3_A_16_1_5_comp36+3_A_16_1_5_comp37+3_A_16_1_5_comp38+3_A_16_1_5_comp39+3_A_16_1_5_comp40+3_A_16_1_5_comp41+3_A_16_1_5_comp42+3_A_16_1_5_comp43+3_A_16_1_5_comp44+3_A_16_1_5_comp45+3_A_16_1_5_comp46+3_A_16_1_5_comp47,R_3_A_16_1_5,TCDB,TCDB.3_A_16_1_5_comp13
G_3_A_16_1_5_comp14,P_3_A_16_1_5_comp1+3_A_16_1_5_comp2+3_A_16_1_5_comp3+3_A_16_1_5_comp4+3_A_16_1_5_comp5+3_A_16_1_5_comp6+3_A_16_1_5_comp7+3_A_16_1_5_comp8+3_A_16_1_5_comp9+3_A_16_1_5_comp10+3_A_16_1_5_comp11+3_A_16_1_5_comp12+3_A_16_1_5_comp13+3_A_16_1_5_comp14+3_A_16_1_5_comp15+3_A_16_1_5_comp16+3_A_16_1_5_comp17+3_A_16_1_5_comp18+3_A_16_1_5_comp19+3_A_16_1_5_comp20+3_A_16_1_5_comp21+3_A_16_1_5_comp22+3_A_16_1_5_comp23+3_A_16_1_5_comp24+3_A_16_1_5_comp25+3_A_16_1_5_comp26+3_A_16_1_5_comp27+3_A_16_1_5_comp28+3_A_16_1_5_comp29+3_A_16_1_5_comp30+3_A_16_1_5_comp31+3_A_16_1_5_comp32+3_A_16_1_5_comp33+3_A_16_1_5_comp34+3_A_16_1_5_comp35+3_A_16_1_5_comp36+3_A_16_1_5_comp37+3_A_16_1_5_comp38+3_A_16_1_5_comp39+3_A_16_1_5_comp40+3_A_16_1_5_comp41+3_A_16_1_5_comp42+3_A_16_1_5_comp43+3_A_16_1_5_comp44+3_A_16_1_5_comp45+3_A_16_1_5_comp46+3_A_16_1_5_comp47,R_3_A_16_1_5,TCDB,TCDB.3_A_16_1_5_comp14
G_3_A_16_1_5_comp15,P_3_A_16_1_5_comp1+3_A_16_1_5_comp2+3_A_16_1_5_comp3+3_A_16_1_5_comp4+3_A_16_1_5_comp5+3_A_16_1_5_comp6+3_A_16_1_5_comp7+3_A_16_1_5_comp8+3_A_16_1_5_comp9+3_A_16_1_5_comp10+3_A_16_1_5_comp11+3_A_16_1_5_comp12+3_A_16_1_5_comp13+3_A_16_1_5_comp14+3_A_16_1_5_comp15+3_A_16_1_5_comp16+3_A_16_1_5_comp17+3_A_16_1_5_comp18+3_A_16_1_5_comp19+3_A_16_1_5_comp20+3_A_16_1_5_comp21+3_A_16_1_5_comp22+3_A_16_1_5_comp23+3_A_16_1_5_comp24+3_A_16_1_5_comp25+3_A_16_1_5_comp26+3_A_16_1_5_comp27+3_A_16_1_5_comp28+3_A_16_1_5_comp29+3_A_16_1_5_comp30+3_A_16_1_5_comp31+3_A_16_1_5_comp32+3_A_16_1_5_comp33+3_A_16_1_5_comp34+3_A_16_1_5_comp35+3_A_16_1_5_comp36+3_A_16_1_5_comp37+3_A_16_1_5_comp38+3_A_16_1_5_comp39+3_A_16_1_5_comp40+3_A_16_1_5_comp41+3_A_16_1_5_comp42+3_A_16_1_5_comp43+3_A_16_1_5_comp44+3_A_16_1_5_comp45+3_A_16_1_5_comp46+3_A_16_1_5_comp47,R_3_A_16_1_5,TCDB,TCDB.3_A_16_1_5_comp15
G_3_A_16_1_5_comp16,P_3_A_16_1_5_comp1+3_A_16_1_5_comp2+3_A_16_1_5_comp3+3_A_16_1_5_comp4+3_A_16_1_5_comp5+3_A_16_1_5_comp6+3_A_16_1_5_comp7+3_A_16_1_5_comp8+3_A_16_1_5_comp9+3_A_16_1_5_comp10+3_A_16_1_5_comp11+3_A_16_1_5_comp12+3_A_16_1_5_comp13+3_A_16_1_5_comp14+3_A_16_1_5_comp15+3_A_16_1_5_comp16+3_A_16_1_5_comp17+3_A_16_1_5_comp18+3_A_16_1_5_comp19+3_A_16_1_5_comp20+3_A_16_1_5_comp21+3_A_16_1_5_comp22+3_A_16_1_5_comp23+3_A_16_1_5_comp24+3_A_16_1_5_comp25+3_A_16_1_5_comp26+3_A_16_1_5_comp27+3_A_16_1_5_comp28+3_A_16_1_5_comp29+3_A_16_1_5_comp30+3_A_16_1_5_comp31+3_A_16_1_5_comp32+3_A_16_1_5_comp33+3_A_16_1_5_comp34+3_A_16_1_5_comp35+3_A_16_1_5_comp36+3_A_16_1_5_comp37+3_A_16_1_5_comp38+3_A_16_1_5_comp39+3_A_16_1_5_comp40+3_A_16_1_5_comp41+3_A_16_1_5_comp42+3_A_16_1_5_comp43+3_A_16_1_5_comp44+3_A_16_1_5_comp45+3_A_16_1_5_comp46+3_A_16_1_5_comp47,R_3_A_16_1_5,TCDB,TCDB.3_A_16_1_5_comp16
G_3_A_16_1_5_comp17,P_3_A_16_1_5_comp1+3_A_16_1_5_comp2+3_A_16_1_5_comp3+3_A_16_1_5_comp4+3_A_16_1_5_comp5+3_A_16_1_5_comp6+3_A_16_1_5_comp7+3_A_16_1_5_comp8+3_A_16_1_5_comp9+3_A_16_1_5_comp10+3_A_16_1_5_comp11+3_A_16_1_5_comp12+3_A_16_1_5_comp13+3_A_16_1_5_comp14+3_A_16_1_5_comp15+3_A_16_1_5_comp16+3_A_16_1_5_comp17+3_A_16_1_5_comp18+3_A_16_1_5_comp19+3_A_16_1_5_comp20+3_A_16_1_5_comp21+3_A_16_1_5_comp22+3_A_16_1_5_comp23+3_A_16_1_5_comp24+3_A_16_1_5_comp25+3_A_16_1_5_comp26+3_A_16_1_5_comp27+3_A_16_1_5_comp28+3_A_16_1_5_comp29+3_A_16_1_5_comp30+3_A_16_1_5_comp31+3_A_16_1_5_comp32+3_A_16_1_5_comp33+3_A_16_1_5_comp34+3_A_16_1_5_comp35+3_A_16_1_5_comp36+3_A_16_1_5_comp37+3_A_16_1_5_comp38+3_A_16_1_5_comp39+3_A_16_1_5_comp40+3_A_16_1_5_comp41+3_A_16_1_5_comp42+3_A_16_1_5_comp43+3_A_16_1_5_comp44+3_A_16_1_5_comp45+3_A_16_1_5_comp46+3_A_16_1_5_comp47,R_3_A_16_1_5,TCDB,TCDB.3_A_16_1_5_comp17
G_3_A_16_1_5_comp18,P_3_A_16_1_5_comp1+3_A_16_1_5_comp2+3_A_16_1_5_comp3+3_A_16_1_5_comp4+3_A_16_1_5_comp5+3_A_16_1_5_comp6+3_A_16_1_5_comp7+3_A_16_1_5_comp8+3_A_16_1_5_comp9+3_A_16_1_5_comp10+3_A_16_1_5_comp11+3_A_16_1_5_comp12+3_A_16_1_5_comp13+3_A_16_1_5_comp14+3_A_16_1_5_comp15+3_A_16_1_5_comp16+3_A_16_1_5_comp17+3_A_16_1_5_comp18+3_A_16_1_5_comp19+3_A_16_1_5_comp20+3_A_16_1_5_comp21+3_A_16_1_5_comp22+3_A_16_1_5_comp23+3_A_16_1_5_comp24+3_A_16_1_5_comp25+3_A_16_1_5_comp26+3_A_16_1_5_comp27+3_A_16_1_5_comp28+3_A_16_1_5_comp29+3_A_16_1_5_comp30+3_A_16_1_5_comp31+3_A_16_1_5_comp32+3_A_16_1_5_comp33+3_A_16_1_5_comp34+3_A_16_1_5_comp35+3_A_16_1_5_comp36+3_A_16_1_5_comp37+3_A_16_1_5_comp38+3_A_16_1_5_comp39+3_A_16_1_5_comp40+3_A_16_1_5_comp41+3_A_16_1_5_comp42+3_A_16_1_5_comp43+3_A_16_1_5_comp44+3_A_16_1_5_comp45+3_A_16_1_5_comp46+3_A_16_1_5_comp47,R_3_A_16_1_5,TCDB,TCDB.3_A_16_1_5_comp18
G_3_A_16_1_5_comp19,P_3_A_16_1_5_comp1+3_A_16_1_5_comp2+3_A_16_1_5_comp3+3_A_16_1_5_comp4+3_A_16_1_5_comp5+3_A_16_1_5_comp6+3_A_16_1_5_comp7+3_A_16_1_5_comp8+3_A_16_1_5_comp9+3_A_16_1_5_comp10+3_A_16_1_5_comp11+3_A_16_1_5_comp12+3_A_16_1_5_comp13+3_A_16_1_5_comp14+3_A_16_1_5_comp15+3_A_16_1_5_comp16+3_A_16_1_5_comp17+3_A_16_1_5_comp18+3_A_16_1_5_comp19+3_A_16_1_5_comp20+3_A_16_1_5_comp21+3_A_16_1_5_comp22+3_A_16_1_5_comp23+3_A_16_1_5_comp24+3_A_16_1_5_comp25+3_A_16_1_5_comp26+3_A_16_1_5_comp27+3_A_16_1_5_comp28+3_A_16_1_5_comp29+3_A_16_1_5_comp30+3_A_16_1_5_comp31+3_A_16_1_5_comp32+3_A_16_1_5_comp33+3_A_16_1_5_comp34+3_A_16_1_5_comp35+3_A_16_1_5_comp36+3_A_16_1_5_comp37+3_A_16_1_5_comp38+3_A_16_1_5_comp39+3_A_16_1_5_comp40+3_A_16_1_5_comp41+3_A_16_1_5_comp42+3_A_16_1_5_comp43+3_A_16_1_5_comp44+3_A_16_1_5_comp45+3_A_16_1_5_comp46+3_A_16_1_5_comp47,R_3_A_16_1_5,TCDB,TCDB.3_A_16_1_5_comp19
G_3_A_16_1_5_comp20,P_3_A_16_1_5_comp1+3_A_16_1_5_comp2+3_A_16_1_5_comp3+3_A_16_1_5_comp4+3_A_16_1_5_comp5+3_A_16_1_5_comp6+3_A_16_1_5_comp7+3_A_16_1_5_comp8+3_A_16_1_5_comp9+3_A_16_1_5_comp10+3_A_16_1_5_comp11+3_A_16_1_5_comp12+3_A_16_1_5_comp13+3_A_16_1_5_comp14+3_A_16_1_5_comp15+3_A_16_1_5_comp16+3_A_16_1_5_comp17+3_A_16_1_5_comp18+3_A_16_1_5_comp19+3_A_16_1_5_comp20+3_A_16_1_5_comp21+3_A_16_1_5_comp22+3_A_16_1_5_comp23+3_A_16_1_5_comp24+3_A_16_1_5_comp25+3_A_16_1_5_comp26+3_A_16_1_5_comp27+3_A_16_1_5_comp28+3_A_16_1_5_comp29+3_A_16_1_5_comp30+3_A_16_1_5_comp31+3_A_16_1_5_comp32+3_A_16_1_5_comp33+3_A_16_1_5_comp34+3_A_16_1_5_comp35+3_A_16_1_5_comp36+3_A_16_1_5_comp37+3_A_16_1_5_comp38+3_A_16_1_5_comp39+3_A_16_1_5_comp40+3_A_16_1_5_comp41+3_A_16_1_5_comp42+3_A_16_1_5_comp43+3_A_16_1_5_comp44+3_A_16_1_5_comp45+3_A_16_1_5_comp46+3_A_16_1_5_comp47,R_3_A_16_1_5,TCDB,TCDB.3_A_16_1_5_comp20
G_3_A_16_1_5_comp21,P_3_A_16_1_5_comp1+3_A_16_1_5_comp2+3_A_16_1_5_comp3+3_A_16_1_5_comp4+3_A_16_1_5_comp5+3_A_16_1_5_comp6+3_A_16_1_5_comp7+3_A_16_1_5_comp8+3_A_16_1_5_comp9+3_A_16_1_5_comp10+3_A_16_1_5_comp11+3_A_16_1_5_comp12+3_A_16_1_5_comp13+3_A_16_1_5_comp14+3_A_16_1_5_comp15+3_A_16_1_5_comp16+3_A_16_1_5_comp17+3_A_16_1_5_comp18+3_A_16_1_5_comp19+3_A_16_1_5_comp20+3_A_16_1_5_comp21+3_A_16_1_5_comp22+3_A_16_1_5_comp23+3_A_16_1_5_comp24+3_A_16_1_5_comp25+3_A_16_1_5_comp26+3_A_16_1_5_comp27+3_A_16_1_5_comp28+3_A_16_1_5_comp29+3_A_16_1_5_comp30+3_A_16_1_5_comp31+3_A_16_1_5_comp32+3_A_16_1_5_comp33+3_A_16_1_5_comp34+3_A_16_1_5_comp35+3_A_16_1_5_comp36+3_A_16_1_5_comp37+3_A_16_1_5_comp38+3_A_16_1_5_comp39+3_A_16_1_5_comp40+3_A_16_1_5_comp41+3_A_16_1_5_comp42+3_A_16_1_5_comp43+3_A_16_1_5_comp44+3_A_16_1_5_comp45+3_A_16_1_5_comp46+3_A_16_1_5_comp47,R_3_A_16_1_5,TCDB,TCDB.3_A_16_1_5_comp21
G_3_A_16_1_5_comp22,P_3_A_16_1_5_comp1+3_A_16_1_5_comp2+3_A_16_1_5_comp3+3_A_16_1_5_comp4+3_A_16_1_5_comp5+3_A_16_1_5_comp6+3_A_16_1_5_comp7+3_A_16_1_5_comp8+3_A_16_1_5_comp9+3_A_16_1_5_comp10+3_A_16_1_5_comp11+3_A_16_1_5_comp12+3_A_16_1_5_comp13+3_A_16_1_5_comp14+3_A_16_1_5_comp15+3_A_16_1_5_comp16+3_A_16_1_5_comp17+3_A_16_1_5_comp18+3_A_16_1_5_comp19+3_A_16_1_5_comp20+3_A_16_1_5_comp21+3_A_16_1_5_comp22+3_A_16_1_5_comp23+3_A_16_1_5_comp24+3_A_16_1_5_comp25+3_A_16_1_5_comp26+3_A_16_1_5_comp27+3_A_16_1_5_comp28+3_A_16_1_5_comp29+3_A_16_1_5_comp30+3_A_16_1_5_comp31+3_A_16_1_5_comp32+3_A_16_1_5_comp33+3_A_16_1_5_comp34+3_A_16_1_5_comp35+3_A_16_1_5_comp36+3_A_16_1_5_comp37+3_A_16_1_5_comp38+3_A_16_1_5_comp39+3_A_16_1_5_comp40+3_A_16_1_5_comp41+3_A_16_1_5_comp42+3_A_16_1_5_comp43+3_A_16_1_5_comp44+3_A_16_1_5_comp45+3_A_16_1_5_comp46+3_A_16_1_5_comp47,R_3_A_16_1_5,TCDB,TCDB.3_A_16_1_5_comp22
G_3_A_16_1_5_comp23,P_3_A_16_1_5_comp1+3_A_16_1_5_comp2+3_A_16_1_5_comp3+3_A_16_1_5_comp4+3_A_16_1_5_comp5+3_A_16_1_5_comp6+3_A_16_1_5_comp7+3_A_16_1_5_comp8+3_A_16_1_5_comp9+3_A_16_1_5_comp10+3_A_16_1_5_comp11+3_A_16_1_5_comp12+3_A_16_1_5_comp13+3_A_16_1_5_comp14+3_A_16_1_5_comp15+3_A_16_1_5_comp16+3_A_16_1_5_comp17+3_A_16_1_5_comp18+3_A_16_1_5_comp19+3_A_16_1_5_comp20+3_A_16_1_5_comp21+3_A_16_1_5_comp22+3_A_16_1_5_comp23+3_A_16_1_5_comp24+3_A_16_1_5_comp25+3_A_16_1_5_comp26+3_A_16_1_5_comp27+3_A_16_1_5_comp28+3_A_16_1_5_comp29+3_A_16_1_5_comp30+3_A_16_1_5_comp31+3_A_16_1_5_comp32+3_A_16_1_5_comp33+3_A_16_1_5_comp34+3_A_16_1_5_comp35+3_A_16_1_5_comp36+3_A_16_1_5_comp37+3_A_16_1_5_comp38+3_A_16_1_5_comp39+3_A_16_1_5_comp40+3_A_16_1_5_comp41+3_A_16_1_5_comp42+3_A_16_1_5_comp43+3_A_16_1_5_comp44+3_A_16_1_5_comp45+3_A_16_1_5_comp46+3_A_16_1_5_comp47,R_3_A_16_1_5,TCDB,TCDB.3_A_16_1_5_comp23
G_3_A_16_1_5_comp24,P_3_A_16_1_5_comp1+3_A_16_1_5_comp2+3_A_16_1_5_comp3+3_A_16_1_5_comp4+3_A_16_1_5_comp5+3_A_16_1_5_comp6+3_A_16_1_5_comp7+3_A_16_1_5_comp8+3_A_16_1_5_comp9+3_A_16_1_5_comp10+3_A_16_1_5_comp11+3_A_16_1_5_comp12+3_A_16_1_5_comp13+3_A_16_1_5_comp14+3_A_16_1_5_comp15+3_A_16_1_5_comp16+3_A_16_1_5_comp17+3_A_16_1_5_comp18+3_A_16_1_5_comp19+3_A_16_1_5_comp20+3_A_16_1_5_comp21+3_A_16_1_5_comp22+3_A_16_1_5_comp23+3_A_16_1_5_comp24+3_A_16_1_5_comp25+3_A_16_1_5_comp26+3_A_16_1_5_comp27+3_A_16_1_5_comp28+3_A_16_1_5_comp29+3_A_16_1_5_comp30+3_A_16_1_5_comp31+3_A_16_1_5_comp32+3_A_16_1_5_comp33+3_A_16_1_5_comp34+3_A_16_1_5_comp35+3_A_16_1_5_comp36+3_A_16_1_5_comp37+3_A_16_1_5_comp38+3_A_16_1_5_comp39+3_A_16_1_5_comp40+3_A_16_1_5_comp41+3_A_16_1_5_comp42+3_A_16_1_5_comp43+3_A_16_1_5_comp44+3_A_16_1_5_comp45+3_A_16_1_5_comp46+3_A_16_1_5_comp47,R_3_A_16_1_5,TCDB,TCDB.3_A_16_1_5_comp24
G_3_A_16_1_5_comp25,P_3_A_16_1_5_comp1+3_A_16_1_5_comp2+3_A_16_1_5_comp3+3_A_16_1_5_comp4+3_A_16_1_5_comp5+3_A_16_1_5_comp6+3_A_16_1_5_comp7+3_A_16_1_5_comp8+3_A_16_1_5_comp9+3_A_16_1_5_comp10+3_A_16_1_5_comp11+3_A_16_1_5_comp12+3_A_16_1_5_comp13+3_A_16_1_5_comp14+3_A_16_1_5_comp15+3_A_16_1_5_comp16+3_A_16_1_5_comp17+3_A_16_1_5_comp18+3_A_16_1_5_comp19+3_A_16_1_5_comp20+3_A_16_1_5_comp21+3_A_16_1_5_comp22+3_A_16_1_5_comp23+3_A_16_1_5_comp24+3_A_16_1_5_comp25+3_A_16_1_5_comp26+3_A_16_1_5_comp27+3_A_16_1_5_comp28+3_A_16_1_5_comp29+3_A_16_1_5_comp30+3_A_16_1_5_comp31+3_A_16_1_5_comp32+3_A_16_1_5_comp33+3_A_16_1_5_comp34+3_A_16_1_5_comp35+3_A_16_1_5_comp36+3_A_16_1_5_comp37+3_A_16_1_5_comp38+3_A_16_1_5_comp39+3_A_16_1_5_comp40+3_A_16_1_5_comp41+3_A_16_1_5_comp42+3_A_16_1_5_comp43+3_A_16_1_5_comp44+3_A_16_1_5_comp45+3_A_16_1_5_comp46+3_A_16_1_5_comp47,R_3_A_16_1_5,TCDB,TCDB.3_A_16_1_5_comp25
G_3_A_16_1_5_comp26,P_3_A_16_1_5_comp1+3_A_16_1_5_comp2+3_A_16_1_5_comp3+3_A_16_1_5_comp4+3_A_16_1_5_comp5+3_A_16_1_5_comp6+3_A_16_1_5_comp7+3_A_16_1_5_comp8+3_A_16_1_5_comp9+3_A_16_1_5_comp10+3_A_16_1_5_comp11+3_A_16_1_5_comp12+3_A_16_1_5_comp13+3_A_16_1_5_comp14+3_A_16_1_5_comp15+3_A_16_1_5_comp16+3_A_16_1_5_comp17+3_A_16_1_5_comp18+3_A_16_1_5_comp19+3_A_16_1_5_comp20+3_A_16_1_5_comp21+3_A_16_1_5_comp22+3_A_16_1_5_comp23+3_A_16_1_5_comp24+3_A_16_1_5_comp25+3_A_16_1_5_comp26+3_A_16_1_5_comp27+3_A_16_1_5_comp28+3_A_16_1_5_comp29+3_A_16_1_5_comp30+3_A_16_1_5_comp31+3_A_16_1_5_comp32+3_A_16_1_5_comp33+3_A_16_1_5_comp34+3_A_16_1_5_comp35+3_A_16_1_5_comp36+3_A_16_1_5_comp37+3_A_16_1_5_comp38+3_A_16_1_5_comp39+3_A_16_1_5_comp40+3_A_16_1_5_comp41+3_A_16_1_5_comp42+3_A_16_1_5_comp43+3_A_16_1_5_comp44+3_A_16_1_5_comp45+3_A_16_1_5_comp46+3_A_16_1_5_comp47,R_3_A_16_1_5,TCDB,TCDB.3_A_16_1_5_comp26
G_3_A_16_1_5_comp27,P_3_A_16_1_5_comp1+3_A_16_1_5_comp2+3_A_16_1_5_comp3+3_A_16_1_5_comp4+3_A_16_1_5_comp5+3_A_16_1_5_comp6+3_A_16_1_5_comp7+3_A_16_1_5_comp8+3_A_16_1_5_comp9+3_A_16_1_5_comp10+3_A_16_1_5_comp11+3_A_16_1_5_comp12+3_A_16_1_5_comp13+3_A_16_1_5_comp14+3_A_16_1_5_comp15+3_A_16_1_5_comp16+3_A_16_1_5_comp17+3_A_16_1_5_comp18+3_A_16_1_5_comp19+3_A_16_1_5_comp20+3_A_16_1_5_comp21+3_A_16_1_5_comp22+3_A_16_1_5_comp23+3_A_16_1_5_comp24+3_A_16_1_5_comp25+3_A_16_1_5_comp26+3_A_16_1_5_comp27+3_A_16_1_5_comp28+3_A_16_1_5_comp29+3_A_16_1_5_comp30+3_A_16_1_5_comp31+3_A_16_1_5_comp32+3_A_16_1_5_comp33+3_A_16_1_5_comp34+3_A_16_1_5_comp35+3_A_16_1_5_comp36+3_A_16_1_5_comp37+3_A_16_1_5_comp38+3_A_16_1_5_comp39+3_A_16_1_5_comp40+3_A_16_1_5_comp41+3_A_16_1_5_comp42+3_A_16_1_5_comp43+3_A_16_1_5_comp44+3_A_16_1_5_comp45+3_A_16_1_5_comp46+3_A_16_1_5_comp47,R_3_A_16_1_5,TCDB,TCDB.3_A_16_1_5_comp27
G_3_A_16_1_5_comp28,P_3_A_16_1_5_comp1+3_A_16_1_5_comp2+3_A_16_1_5_comp3+3_A_16_1_5_comp4+3_A_16_1_5_comp5+3_A_16_1_5_comp6+3_A_16_1_5_comp7+3_A_16_1_5_comp8+3_A_16_1_5_comp9+3_A_16_1_5_comp10+3_A_16_1_5_comp11+3_A_16_1_5_comp12+3_A_16_1_5_comp13+3_A_16_1_5_comp14+3_A_16_1_5_comp15+3_A_16_1_5_comp16+3_A_16_1_5_comp17+3_A_16_1_5_comp18+3_A_16_1_5_comp19+3_A_16_1_5_comp20+3_A_16_1_5_comp21+3_A_16_1_5_comp22+3_A_16_1_5_comp23+3_A_16_1_5_comp24+3_A_16_1_5_comp25+3_A_16_1_5_comp26+3_A_16_1_5_comp27+3_A_16_1_5_comp28+3_A_16_1_5_comp29+3_A_16_1_5_comp30+3_A_16_1_5_comp31+3_A_16_1_5_comp32+3_A_16_1_5_comp33+3_A_16_1_5_comp34+3_A_16_1_5_comp35+3_A_16_1_5_comp36+3_A_16_1_5_comp37+3_A_16_1_5_comp38+3_A_16_1_5_comp39+3_A_16_1_5_comp40+3_A_16_1_5_comp41+3_A_16_1_5_comp42+3_A_16_1_5_comp43+3_A_16_1_5_comp44+3_A_16_1_5_comp45+3_A_16_1_5_comp46+3_A_16_1_5_comp47,R_3_A_16_1_5,TCDB,TCDB.3_A_16_1_5_comp28
G_3_A_16_1_5_comp29,P_3_A_16_1_5_comp1+3_A_16_1_5_comp2+3_A_16_1_5_comp3+3_A_16_1_5_comp4+3_A_16_1_5_comp5+3_A_16_1_5_comp6+3_A_16_1_5_comp7+3_A_16_1_5_comp8+3_A_16_1_5_comp9+3_A_16_1_5_comp10+3_A_16_1_5_comp11+3_A_16_1_5_comp12+3_A_16_1_5_comp13+3_A_16_1_5_comp14+3_A_16_1_5_comp15+3_A_16_1_5_comp16+3_A_16_1_5_comp17+3_A_16_1_5_comp18+3_A_16_1_5_comp19+3_A_16_1_5_comp20+3_A_16_1_5_comp21+3_A_16_1_5_comp22+3_A_16_1_5_comp23+3_A_16_1_5_comp24+3_A_16_1_5_comp25+3_A_16_1_5_comp26+3_A_16_1_5_comp27+3_A_16_1_5_comp28+3_A_16_1_5_comp29+3_A_16_1_5_comp30+3_A_16_1_5_comp31+3_A_16_1_5_comp32+3_A_16_1_5_comp33+3_A_16_1_5_comp34+3_A_16_1_5_comp35+3_A_16_1_5_comp36+3_A_16_1_5_comp37+3_A_16_1_5_comp38+3_A_16_1_5_comp39+3_A_16_1_5_comp40+3_A_16_1_5_comp41+3_A_16_1_5_comp42+3_A_16_1_5_comp43+3_A_16_1_5_comp44+3_A_16_1_5_comp45+3_A_16_1_5_comp46+3_A_16_1_5_comp47,R_3_A_16_1_5,TCDB,TCDB.3_A_16_1_5_comp29
G_3_A_16_1_5_comp30,P_3_A_16_1_5_comp1+3_A_16_1_5_comp2+3_A_16_1_5_comp3+3_A_16_1_5_comp4+3_A_16_1_5_comp5+3_A_16_1_5_comp6+3_A_16_1_5_comp7+3_A_16_1_5_comp8+3_A_16_1_5_comp9+3_A_16_1_5_comp10+3_A_16_1_5_comp11+3_A_16_1_5_comp12+3_A_16_1_5_comp13+3_A_16_1_5_comp14+3_A_16_1_5_comp15+3_A_16_1_5_comp16+3_A_16_1_5_comp17+3_A_16_1_5_comp18+3_A_16_1_5_comp19+3_A_16_1_5_comp20+3_A_16_1_5_comp21+3_A_16_1_5_comp22+3_A_16_1_5_comp23+3_A_16_1_5_comp24+3_A_16_1_5_comp25+3_A_16_1_5_comp26+3_A_16_1_5_comp27+3_A_16_1_5_comp28+3_A_16_1_5_comp29+3_A_16_1_5_comp30+3_A_16_1_5_comp31+3_A_16_1_5_comp32+3_A_16_1_5_comp33+3_A_16_1_5_comp34+3_A_16_1_5_comp35+3_A_16_1_5_comp36+3_A_16_1_5_comp37+3_A_16_1_5_comp38+3_A_16_1_5_comp39+3_A_16_1_5_comp40+3_A_16_1_5_comp41+3_A_16_1_5_comp42+3_A_16_1_5_comp43+3_A_16_1_5_comp44+3_A_16_1_5_comp45+3_A_16_1_5_comp46+3_A_16_1_5_comp47,R_3_A_16_1_5,TCDB,TCDB.3_A_16_1_5_comp30
G_3_A_16_1_5_comp31,P_3_A_16_1_5_comp1+3_A_16_1_5_comp2+3_A_16_1_5_comp3+3_A_16_1_5_comp4+3_A_16_1_5_comp5+3_A_16_1_5_comp6+3_A_16_1_5_comp7+3_A_16_1_5_comp8+3_A_16_1_5_comp9+3_A_16_1_5_comp10+3_A_16_1_5_comp11+3_A_16_1_5_comp12+3_A_16_1_5_comp13+3_A_16_1_5_comp14+3_A_16_1_5_comp15+3_A_16_1_5_comp16+3_A_16_1_5_comp17+3_A_16_1_5_comp18+3_A_16_1_5_comp19+3_A_16_1_5_comp20+3_A_16_1_5_comp21+3_A_16_1_5_comp22+3_A_16_1_5_comp23+3_A_16_1_5_comp24+3_A_16_1_5_comp25+3_A_16_1_5_comp26+3_A_16_1_5_comp27+3_A_16_1_5_comp28+3_A_16_1_5_comp29+3_A_16_1_5_comp30+3_A_16_1_5_comp31+3_A_16_1_5_comp32+3_A_16_1_5_comp33+3_A_16_1_5_comp34+3_A_16_1_5_comp35+3_A_16_1_5_comp36+3_A_16_1_5_comp37+3_A_16_1_5_comp38+3_A_16_1_5_comp39+3_A_16_1_5_comp40+3_A_16_1_5_comp41+3_A_16_1_5_comp42+3_A_16_1_5_comp43+3_A_16_1_5_comp44+3_A_16_1_5_comp45+3_A_16_1_5_comp46+3_A_16_1_5_comp47,R_3_A_16_1_5,TCDB,TCDB.3_A_16_1_5_comp31
G_3_A_16_1_5_comp32,P_3_A_16_1_5_comp1+3_A_16_1_5_comp2+3_A_16_1_5_comp3+3_A_16_1_5_comp4+3_A_16_1_5_comp5+3_A_16_1_5_comp6+3_A_16_1_5_comp7+3_A_16_1_5_comp8+3_A_16_1_5_comp9+3_A_16_1_5_comp10+3_A_16_1_5_comp11+3_A_16_1_5_comp12+3_A_16_1_5_comp13+3_A_16_1_5_comp14+3_A_16_1_5_comp15+3_A_16_1_5_comp16+3_A_16_1_5_comp17+3_A_16_1_5_comp18+3_A_16_1_5_comp19+3_A_16_1_5_comp20+3_A_16_1_5_comp21+3_A_16_1_5_comp22+3_A_16_1_5_comp23+3_A_16_1_5_comp24+3_A_16_1_5_comp25+3_A_16_1_5_comp26+3_A_16_1_5_comp27+3_A_16_1_5_comp28+3_A_16_1_5_comp29+3_A_16_1_5_comp30+3_A_16_1_5_comp31+3_A_16_1_5_comp32+3_A_16_1_5_comp33+3_A_16_1_5_comp34+3_A_16_1_5_comp35+3_A_16_1_5_comp36+3_A_16_1_5_comp37+3_A_16_1_5_comp38+3_A_16_1_5_comp39+3_A_16_1_5_comp40+3_A_16_1_5_comp41+3_A_16_1_5_comp42+3_A_16_1_5_comp43+3_A_16_1_5_comp44+3_A_16_1_5_comp45+3_A_16_1_5_comp46+3_A_16_1_5_comp47,R_3_A_16_1_5,TCDB,TCDB.3_A_16_1_5_comp32
G_3_A_16_1_5_comp33,P_3_A_16_1_5_comp1+3_A_16_1_5_comp2+3_A_16_1_5_comp3+3_A_16_1_5_comp4+3_A_16_1_5_comp5+3_A_16_1_5_comp6+3_A_16_1_5_comp7+3_A_16_1_5_comp8+3_A_16_1_5_comp9+3_A_16_1_5_comp10+3_A_16_1_5_comp11+3_A_16_1_5_comp12+3_A_16_1_5_comp13+3_A_16_1_5_comp14+3_A_16_1_5_comp15+3_A_16_1_5_comp16+3_A_16_1_5_comp17+3_A_16_1_5_comp18+3_A_16_1_5_comp19+3_A_16_1_5_comp20+3_A_16_1_5_comp21+3_A_16_1_5_comp22+3_A_16_1_5_comp23+3_A_16_1_5_comp24+3_A_16_1_5_comp25+3_A_16_1_5_comp26+3_A_16_1_5_comp27+3_A_16_1_5_comp28+3_A_16_1_5_comp29+3_A_16_1_5_comp30+3_A_16_1_5_comp31+3_A_16_1_5_comp32+3_A_16_1_5_comp33+3_A_16_1_5_comp34+3_A_16_1_5_comp35+3_A_16_1_5_comp36+3_A_16_1_5_comp37+3_A_16_1_5_comp38+3_A_16_1_5_comp39+3_A_16_1_5_comp40+3_A_16_1_5_comp41+3_A_16_1_5_comp42+3_A_16_1_5_comp43+3_A_16_1_5_comp44+3_A_16_1_5_comp45+3_A_16_1_5_comp46+3_A_16_1_5_comp47,R_3_A_16_1_5,TCDB,TCDB.3_A_16_1_5_comp33
G_3_A_16_1_5_comp34,P_3_A_16_1_5_comp1+3_A_16_1_5_comp2+3_A_16_1_5_comp3+3_A_16_1_5_comp4+3_A_16_1_5_comp5+3_A_16_1_5_comp6+3_A_16_1_5_comp7+3_A_16_1_5_comp8+3_A_16_1_5_comp9+3_A_16_1_5_comp10+3_A_16_1_5_comp11+3_A_16_1_5_comp12+3_A_16_1_5_comp13+3_A_16_1_5_comp14+3_A_16_1_5_comp15+3_A_16_1_5_comp16+3_A_16_1_5_comp17+3_A_16_1_5_comp18+3_A_16_1_5_comp19+3_A_16_1_5_comp20+3_A_16_1_5_comp21+3_A_16_1_5_comp22+3_A_16_1_5_comp23+3_A_16_1_5_comp24+3_A_16_1_5_comp25+3_A_16_1_5_comp26+3_A_16_1_5_comp27+3_A_16_1_5_comp28+3_A_16_1_5_comp29+3_A_16_1_5_comp30+3_A_16_1_5_comp31+3_A_16_1_5_comp32+3_A_16_1_5_comp33+3_A_16_1_5_comp34+3_A_16_1_5_comp35+3_A_16_1_5_comp36+3_A_16_1_5_comp37+3_A_16_1_5_comp38+3_A_16_1_5_comp39+3_A_16_1_5_comp40+3_A_16_1_5_comp41+3_A_16_1_5_comp42+3_A_16_1_5_comp43+3_A_16_1_5_comp44+3_A_16_1_5_comp45+3_A_16_1_5_comp46+3_A_16_1_5_comp47,R_3_A_16_1_5,TCDB,TCDB.3_A_16_1_5_comp34
G_3_A_16_1_5_comp35,P_3_A_16_1_5_comp1+3_A_16_1_5_comp2+3_A_16_1_5_comp3+3_A_16_1_5_comp4+3_A_16_1_5_comp5+3_A_16_1_5_comp6+3_A_16_1_5_comp7+3_A_16_1_5_comp8+3_A_16_1_5_comp9+3_A_16_1_5_comp10+3_A_16_1_5_comp11+3_A_16_1_5_comp12+3_A_16_1_5_comp13+3_A_16_1_5_comp14+3_A_16_1_5_comp15+3_A_16_1_5_comp16+3_A_16_1_5_comp17+3_A_16_1_5_comp18+3_A_16_1_5_comp19+3_A_16_1_5_comp20+3_A_16_1_5_comp21+3_A_16_1_5_comp22+3_A_16_1_5_comp23+3_A_16_1_5_comp24+3_A_16_1_5_comp25+3_A_16_1_5_comp26+3_A_16_1_5_comp27+3_A_16_1_5_comp28+3_A_16_1_5_comp29+3_A_16_1_5_comp30+3_A_16_1_5_comp31+3_A_16_1_5_comp32+3_A_16_1_5_comp33+3_A_16_1_5_comp34+3_A_16_1_5_comp35+3_A_16_1_5_comp36+3_A_16_1_5_comp37+3_A_16_1_5_comp38+3_A_16_1_5_comp39+3_A_16_1_5_comp40+3_A_16_1_5_comp41+3_A_16_1_5_comp42+3_A_16_1_5_comp43+3_A_16_1_5_comp44+3_A_16_1_5_comp45+3_A_16_1_5_comp46+3_A_16_1_5_comp47,R_3_A_16_1_5,TCDB,TCDB.3_A_16_1_5_comp35
G_3_A_16_1_5_comp36,P_3_A_16_1_5_comp1+3_A_16_1_5_comp2+3_A_16_1_5_comp3+3_A_16_1_5_comp4+3_A_16_1_5_comp5+3_A_16_1_5_comp6+3_A_16_1_5_comp7+3_A_16_1_5_comp8+3_A_16_1_5_comp9+3_A_16_1_5_comp10+3_A_16_1_5_comp11+3_A_16_1_5_comp12+3_A_16_1_5_comp13+3_A_16_1_5_comp14+3_A_16_1_5_comp15+3_A_16_1_5_comp16+3_A_16_1_5_comp17+3_A_16_1_5_comp18+3_A_16_1_5_comp19+3_A_16_1_5_comp20+3_A_16_1_5_comp21+3_A_16_1_5_comp22+3_A_16_1_5_comp23+3_A_16_1_5_comp24+3_A_16_1_5_comp25+3_A_16_1_5_comp26+3_A_16_1_5_comp27+3_A_16_1_5_comp28+3_A_16_1_5_comp29+3_A_16_1_5_comp30+3_A_16_1_5_comp31+3_A_16_1_5_comp32+3_A_16_1_5_comp33+3_A_16_1_5_comp34+3_A_16_1_5_comp35+3_A_16_1_5_comp36+3_A_16_1_5_comp37+3_A_16_1_5_comp38+3_A_16_1_5_comp39+3_A_16_1_5_comp40+3_A_16_1_5_comp41+3_A_16_1_5_comp42+3_A_16_1_5_comp43+3_A_16_1_5_comp44+3_A_16_1_5_comp45+3_A_16_1_5_comp46+3_A_16_1_5_comp47,R_3_A_16_1_5,TCDB,TCDB.3_A_16_1_5_comp36
G_3_A_16_1_5_comp37,P_3_A_16_1_5_comp1+3_A_16_1_5_comp2+3_A_16_1_5_comp3+3_A_16_1_5_comp4+3_A_16_1_5_comp5+3_A_16_1_5_comp6+3_A_16_1_5_comp7+3_A_16_1_5_comp8+3_A_16_1_5_comp9+3_A_16_1_5_comp10+3_A_16_1_5_comp11+3_A_16_1_5_comp12+3_A_16_1_5_comp13+3_A_16_1_5_comp14+3_A_16_1_5_comp15+3_A_16_1_5_comp16+3_A_16_1_5_comp17+3_A_16_1_5_comp18+3_A_16_1_5_comp19+3_A_16_1_5_comp20+3_A_16_1_5_comp21+3_A_16_1_5_comp22+3_A_16_1_5_comp23+3_A_16_1_5_comp24+3_A_16_1_5_comp25+3_A_16_1_5_comp26+3_A_16_1_5_comp27+3_A_16_1_5_comp28+3_A_16_1_5_comp29+3_A_16_1_5_comp30+3_A_16_1_5_comp31+3_A_16_1_5_comp32+3_A_16_1_5_comp33+3_A_16_1_5_comp34+3_A_16_1_5_comp35+3_A_16_1_5_comp36+3_A_16_1_5_comp37+3_A_16_1_5_comp38+3_A_16_1_5_comp39+3_A_16_1_5_comp40+3_A_16_1_5_comp41+3_A_16_1_5_comp42+3_A_16_1_5_comp43+3_A_16_1_5_comp44+3_A_16_1_5_comp45+3_A_16_1_5_comp46+3_A_16_1_5_comp47,R_3_A_16_1_5,TCDB,TCDB.3_A_16_1_5_comp37
G_3_A_16_1_5_comp38,P_3_A_16_1_5_comp1+3_A_16_1_5_comp2+3_A_16_1_5_comp3+3_A_16_1_5_comp4+3_A_16_1_5_comp5+3_A_16_1_5_comp6+3_A_16_1_5_comp7+3_A_16_1_5_comp8+3_A_16_1_5_comp9+3_A_16_1_5_comp10+3_A_16_1_5_comp11+3_A_16_1_5_comp12+3_A_16_1_5_comp13+3_A_16_1_5_comp14+3_A_16_1_5_comp15+3_A_16_1_5_comp16+3_A_16_1_5_comp17+3_A_16_1_5_comp18+3_A_16_1_5_comp19+3_A_16_1_5_comp20+3_A_16_1_5_comp21+3_A_16_1_5_comp22+3_A_16_1_5_comp23+3_A_16_1_5_comp24+3_A_16_1_5_comp25+3_A_16_1_5_comp26+3_A_16_1_5_comp27+3_A_16_1_5_comp28+3_A_16_1_5_comp29+3_A_16_1_5_comp30+3_A_16_1_5_comp31+3_A_16_1_5_comp32+3_A_16_1_5_comp33+3_A_16_1_5_comp34+3_A_16_1_5_comp35+3_A_16_1_5_comp36+3_A_16_1_5_comp37+3_A_16_1_5_comp38+3_A_16_1_5_comp39+3_A_16_1_5_comp40+3_A_16_1_5_comp41+3_A_16_1_5_comp42+3_A_16_1_5_comp43+3_A_16_1_5_comp44+3_A_16_1_5_comp45+3_A_16_1_5_comp46+3_A_16_1_5_comp47,R_3_A_16_1_5,TCDB,TCDB.3_A_16_1_5_comp38
G_3_A_16_1_5_comp39,P_3_A_16_1_5_comp1+3_A_16_1_5_comp2+3_A_16_1_5_comp3+3_A_16_1_5_comp4+3_A_16_1_5_comp5+3_A_16_1_5_comp6+3_A_16_1_5_comp7+3_A_16_1_5_comp8+3_A_16_1_5_comp9+3_A_16_1_5_comp10+3_A_16_1_5_comp11+3_A_16_1_5_comp12+3_A_16_1_5_comp13+3_A_16_1_5_comp14+3_A_16_1_5_comp15+3_A_16_1_5_comp16+3_A_16_1_5_comp17+3_A_16_1_5_comp18+3_A_16_1_5_comp19+3_A_16_1_5_comp20+3_A_16_1_5_comp21+3_A_16_1_5_comp22+3_A_16_1_5_comp23+3_A_16_1_5_comp24+3_A_16_1_5_comp25+3_A_16_1_5_comp26+3_A_16_1_5_comp27+3_A_16_1_5_comp28+3_A_16_1_5_comp29+3_A_16_1_5_comp30+3_A_16_1_5_comp31+3_A_16_1_5_comp32+3_A_16_1_5_comp33+3_A_16_1_5_comp34+3_A_16_1_5_comp35+3_A_16_1_5_comp36+3_A_16_1_5_comp37+3_A_16_1_5_comp38+3_A_16_1_5_comp39+3_A_16_1_5_comp40+3_A_16_1_5_comp41+3_A_16_1_5_comp42+3_A_16_1_5_comp43+3_A_16_1_5_comp44+3_A_16_1_5_comp45+3_A_16_1_5_comp46+3_A_16_1_5_comp47,R_3_A_16_1_5,TCDB,TCDB.3_A_16_1_5_comp39
G_3_A_16_1_5_comp40,P_3_A_16_1_5_comp1+3_A_16_1_5_comp2+3_A_16_1_5_comp3+3_A_16_1_5_comp4+3_A_16_1_5_comp5+3_A_16_1_5_comp6+3_A_16_1_5_comp7+3_A_16_1_5_comp8+3_A_16_1_5_comp9+3_A_16_1_5_comp10+3_A_16_1_5_comp11+3_A_16_1_5_comp12+3_A_16_1_5_comp13+3_A_16_1_5_comp14+3_A_16_1_5_comp15+3_A_16_1_5_comp16+3_A_16_1_5_comp17+3_A_16_1_5_comp18+3_A_16_1_5_comp19+3_A_16_1_5_comp20+3_A_16_1_5_comp21+3_A_16_1_5_comp22+3_A_16_1_5_comp23+3_A_16_1_5_comp24+3_A_16_1_5_comp25+3_A_16_1_5_comp26+3_A_16_1_5_comp27+3_A_16_1_5_comp28+3_A_16_1_5_comp29+3_A_16_1_5_comp30+3_A_16_1_5_comp31+3_A_16_1_5_comp32+3_A_16_1_5_comp33+3_A_16_1_5_comp34+3_A_16_1_5_comp35+3_A_16_1_5_comp36+3_A_16_1_5_comp37+3_A_16_1_5_comp38+3_A_16_1_5_comp39+3_A_16_1_5_comp40+3_A_16_1_5_comp41+3_A_16_1_5_comp42+3_A_16_1_5_comp43+3_A_16_1_5_comp44+3_A_16_1_5_comp45+3_A_16_1_5_comp46+3_A_16_1_5_comp47,R_3_A_16_1_5,TCDB,TCDB.3_A_16_1_5_comp40
G_3_A_16_1_5_comp41,P_3_A_16_1_5_comp1+3_A_16_1_5_comp2+3_A_16_1_5_comp3+3_A_16_1_5_comp4+3_A_16_1_5_comp5+3_A_16_1_5_comp6+3_A_16_1_5_comp7+3_A_16_1_5_comp8+3_A_16_1_5_comp9+3_A_16_1_5_comp10+3_A_16_1_5_comp11+3_A_16_1_5_comp12+3_A_16_1_5_comp13+3_A_16_1_5_comp14+3_A_16_1_5_comp15+3_A_16_1_5_comp16+3_A_16_1_5_comp17+3_A_16_1_5_comp18+3_A_16_1_5_comp19+3_A_16_1_5_comp20+3_A_16_1_5_comp21+3_A_16_1_5_comp22+3_A_16_1_5_comp23+3_A_16_1_5_comp24+3_A_16_1_5_comp25+3_A_16_1_5_comp26+3_A_16_1_5_comp27+3_A_16_1_5_comp28+3_A_16_1_5_comp29+3_A_16_1_5_comp30+3_A_16_1_5_comp31+3_A_16_1_5_comp32+3_A_16_1_5_comp33+3_A_16_1_5_comp34+3_A_16_1_5_comp35+3_A_16_1_5_comp36+3_A_16_1_5_comp37+3_A_16_1_5_comp38+3_A_16_1_5_comp39+3_A_16_1_5_comp40+3_A_16_1_5_comp41+3_A_16_1_5_comp42+3_A_16_1_5_comp43+3_A_16_1_5_comp44+3_A_16_1_5_comp45+3_A_16_1_5_comp46+3_A_16_1_5_comp47,R_3_A_16_1_5,TCDB,TCDB.3_A_16_1_5_comp41
G_3_A_16_1_5_comp42,P_3_A_16_1_5_comp1+3_A_16_1_5_comp2+3_A_16_1_5_comp3+3_A_16_1_5_comp4+3_A_16_1_5_comp5+3_A_16_1_5_comp6+3_A_16_1_5_comp7+3_A_16_1_5_comp8+3_A_16_1_5_comp9+3_A_16_1_5_comp10+3_A_16_1_5_comp11+3_A_16_1_5_comp12+3_A_16_1_5_comp13+3_A_16_1_5_comp14+3_A_16_1_5_comp15+3_A_16_1_5_comp16+3_A_16_1_5_comp17+3_A_16_1_5_comp18+3_A_16_1_5_comp19+3_A_16_1_5_comp20+3_A_16_1_5_comp21+3_A_16_1_5_comp22+3_A_16_1_5_comp23+3_A_16_1_5_comp24+3_A_16_1_5_comp25+3_A_16_1_5_comp26+3_A_16_1_5_comp27+3_A_16_1_5_comp28+3_A_16_1_5_comp29+3_A_16_1_5_comp30+3_A_16_1_5_comp31+3_A_16_1_5_comp32+3_A_16_1_5_comp33+3_A_16_1_5_comp34+3_A_16_1_5_comp35+3_A_16_1_5_comp36+3_A_16_1_5_comp37+3_A_16_1_5_comp38+3_A_16_1_5_comp39+3_A_16_1_5_comp40+3_A_16_1_5_comp41+3_A_16_1_5_comp42+3_A_16_1_5_comp43+3_A_16_1_5_comp44+3_A_16_1_5_comp45+3_A_16_1_5_comp46+3_A_16_1_5_comp47,R_3_A_16_1_5,TCDB,TCDB.3_A_16_1_5_comp42
G_3_A_16_1_5_comp43,P_3_A_16_1_5_comp1+3_A_16_1_5_comp2+3_A_16_1_5_comp3+3_A_16_1_5_comp4+3_A_16_1_5_comp5+3_A_16_1_5_comp6+3_A_16_1_5_comp7+3_A_16_1_5_comp8+3_A_16_1_5_comp9+3_A_16_1_5_comp10+3_A_16_1_5_comp11+3_A_16_1_5_comp12+3_A_16_1_5_comp13+3_A_16_1_5_comp14+3_A_16_1_5_comp15+3_A_16_1_5_comp16+3_A_16_1_5_comp17+3_A_16_1_5_comp18+3_A_16_1_5_comp19+3_A_16_1_5_comp20+3_A_16_1_5_comp21+3_A_16_1_5_comp22+3_A_16_1_5_comp23+3_A_16_1_5_comp24+3_A_16_1_5_comp25+3_A_16_1_5_comp26+3_A_16_1_5_comp27+3_A_16_1_5_comp28+3_A_16_1_5_comp29+3_A_16_1_5_comp30+3_A_16_1_5_comp31+3_A_16_1_5_comp32+3_A_16_1_5_comp33+3_A_16_1_5_comp34+3_A_16_1_5_comp35+3_A_16_1_5_comp36+3_A_16_1_5_comp37+3_A_16_1_5_comp38+3_A_16_1_5_comp39+3_A_16_1_5_comp40+3_A_16_1_5_comp41+3_A_16_1_5_comp42+3_A_16_1_5_comp43+3_A_16_1_5_comp44+3_A_16_1_5_comp45+3_A_16_1_5_comp46+3_A_16_1_5_comp47,R_3_A_16_1_5,TCDB,TCDB.3_A_16_1_5_comp43
G_3_A_16_1_5_comp44,P_3_A_16_1_5_comp1+3_A_16_1_5_comp2+3_A_16_1_5_comp3+3_A_16_1_5_comp4+3_A_16_1_5_comp5+3_A_16_1_5_comp6+3_A_16_1_5_comp7+3_A_16_1_5_comp8+3_A_16_1_5_comp9+3_A_16_1_5_comp10+3_A_16_1_5_comp11+3_A_16_1_5_comp12+3_A_16_1_5_comp13+3_A_16_1_5_comp14+3_A_16_1_5_comp15+3_A_16_1_5_comp16+3_A_16_1_5_comp17+3_A_16_1_5_comp18+3_A_16_1_5_comp19+3_A_16_1_5_comp20+3_A_16_1_5_comp21+3_A_16_1_5_comp22+3_A_16_1_5_comp23+3_A_16_1_5_comp24+3_A_16_1_5_comp25+3_A_16_1_5_comp26+3_A_16_1_5_comp27+3_A_16_1_5_comp28+3_A_16_1_5_comp29+3_A_16_1_5_comp30+3_A_16_1_5_comp31+3_A_16_1_5_comp32+3_A_16_1_5_comp33+3_A_16_1_5_comp34+3_A_16_1_5_comp35+3_A_16_1_5_comp36+3_A_16_1_5_comp37+3_A_16_1_5_comp38+3_A_16_1_5_comp39+3_A_16_1_5_comp40+3_A_16_1_5_comp41+3_A_16_1_5_comp42+3_A_16_1_5_comp43+3_A_16_1_5_comp44+3_A_16_1_5_comp45+3_A_16_1_5_comp46+3_A_16_1_5_comp47,R_3_A_16_1_5,TCDB,TCDB.3_A_16_1_5_comp44
G_3_A_16_1_5_comp45,P_3_A_16_1_5_comp1+3_A_16_1_5_comp2+3_A_16_1_5_comp3+3_A_16_1_5_comp4+3_A_16_1_5_comp5+3_A_16_1_5_comp6+3_A_16_1_5_comp7+3_A_16_1_5_comp8+3_A_16_1_5_comp9+3_A_16_1_5_comp10+3_A_16_1_5_comp11+3_A_16_1_5_comp12+3_A_16_1_5_comp13+3_A_16_1_5_comp14+3_A_16_1_5_comp15+3_A_16_1_5_comp16+3_A_16_1_5_comp17+3_A_16_1_5_comp18+3_A_16_1_5_comp19+3_A_16_1_5_comp20+3_A_16_1_5_comp21+3_A_16_1_5_comp22+3_A_16_1_5_comp23+3_A_16_1_5_comp24+3_A_16_1_5_comp25+3_A_16_1_5_comp26+3_A_16_1_5_comp27+3_A_16_1_5_comp28+3_A_16_1_5_comp29+3_A_16_1_5_comp30+3_A_16_1_5_comp31+3_A_16_1_5_comp32+3_A_16_1_5_comp33+3_A_16_1_5_comp34+3_A_16_1_5_comp35+3_A_16_1_5_comp36+3_A_16_1_5_comp37+3_A_16_1_5_comp38+3_A_16_1_5_comp39+3_A_16_1_5_comp40+3_A_16_1_5_comp41+3_A_16_1_5_comp42+3_A_16_1_5_comp43+3_A_16_1_5_comp44+3_A_16_1_5_comp45+3_A_16_1_5_comp46+3_A_16_1_5_comp47,R_3_A_16_1_5,TCDB,TCDB.3_A_16_1_5_comp45
G_3_A_16_1_5_comp46,P_3_A_16_1_5_comp1+3_A_16_1_5_comp2+3_A_16_1_5_comp3+3_A_16_1_5_comp4+3_A_16_1_5_comp5+3_A_16_1_5_comp6+3_A_16_1_5_comp7+3_A_16_1_5_comp8+3_A_16_1_5_comp9+3_A_16_1_5_comp10+3_A_16_1_5_comp11+3_A_16_1_5_comp12+3_A_16_1_5_comp13+3_A_16_1_5_comp14+3_A_16_1_5_comp15+3_A_16_1_5_comp16+3_A_16_1_5_comp17+3_A_16_1_5_comp18+3_A_16_1_5_comp19+3_A_16_1_5_comp20+3_A_16_1_5_comp21+3_A_16_1_5_comp22+3_A_16_1_5_comp23+3_A_16_1_5_comp24+3_A_16_1_5_comp25+3_A_16_1_5_comp26+3_A_16_1_5_comp27+3_A_16_1_5_comp28+3_A_16_1_5_comp29+3_A_16_1_5_comp30+3_A_16_1_5_comp31+3_A_16_1_5_comp32+3_A_16_1_5_comp33+3_A_16_1_5_comp34+3_A_16_1_5_comp35+3_A_16_1_5_comp36+3_A_16_1_5_comp37+3_A_16_1_5_comp38+3_A_16_1_5_comp39+3_A_16_1_5_comp40+3_A_16_1_5_comp41+3_A_16_1_5_comp42+3_A_16_1_5_comp43+3_A_16_1_5_comp44+3_A_16_1_5_comp45+3_A_16_1_5_comp46+3_A_16_1_5_comp47,R_3_A_16_1_5,TCDB,TCDB.3_A_16_1_5_comp46
G_3_A_16_1_5_comp47,P_3_A_16_1_5_comp1+3_A_16_1_5_comp2+3_A_16_1_5_comp3+3_A_16_1_5_comp4+3_A_16_1_5_comp5+3_A_16_1_5_comp6+3_A_16_1_5_comp7+3_A_16_1_5_comp8+3_A_16_1_5_comp9+3_A_16_1_5_comp10+3_A_16_1_5_comp11+3_A_16_1_5_comp12+3_A_16_1_5_comp13+3_A_16_1_5_comp14+3_A_16_1_5_comp15+3_A_16_1_5_comp16+3_A_16_1_5_comp17+3_A_16_1_5_comp18+3_A_16_1_5_comp19+3_A_16_1_5_comp20+3_A_16_1_5_comp21+3_A_16_1_5_comp22+3_A_16_1_5_comp23+3_A_16_1_5_comp24+3_A_16_1_5_comp25+3_A_16_1_5_comp26+3_A_16_1_5_comp27+3_A_16_1_5_comp28+3_A_16_1_5_comp29+3_A_16_1_5_comp30+3_A_16_1_5_comp31+3_A_16_1_5_comp32+3_A_16_1_5_comp33+3_A_16_1_5_comp34+3_A_16_1_5_comp35+3_A_16_1_5_comp36+3_A_16_1_5_comp37+3_A_16_1_5_comp38+3_A_16_1_5_comp39+3_A_16_1_5_comp40+3_A_16_1_5_comp41+3_A_16_1_5_comp42+3_A_16_1_5_comp43+3_A_16_1_5_comp44+3_A_16_1_5_comp45+3_A_16_1_5_comp46+3_A_16_1_5_comp47,R_3_A_16_1_5,TCDB,TCDB.3_A_16_1_5_comp47
G_9_A_15_3_1_comp1,P_9_A_15_3_1_comp1+9_A_15_3_1_comp2+9_A_15_3_1_comp3+9_A_15_3_1_comp4+9_A_15_3_1_comp5+9_A_15_3_1_comp6+9_A_15_3_1_comp7+9_A_15_3_1_comp8+9_A_15_3_1_comp9+9_A_15_3_1_comp10+9_A_15_3_1_comp11+9_A_15_3_1_comp12+9_A_15_3_1_comp13+9_A_15_3_1_comp14+9_A_15_3_1_comp15,R_9_A_15_3_1,TCDB,TCDB.9_A_15_3_1_comp1
G_9_A_15_3_1_comp2,P_9_A_15_3_1_comp1+9_A_15_3_1_comp2+9_A_15_3_1_comp3+9_A_15_3_1_comp4+9_A_15_3_1_comp5+9_A_15_3_1_comp6+9_A_15_3_1_comp7+9_A_15_3_1_comp8+9_A_15_3_1_comp9+9_A_15_3_1_comp10+9_A_15_3_1_comp11+9_A_15_3_1_comp12+9_A_15_3_1_comp13+9_A_15_3_1_comp14+9_A_15_3_1_comp15,R_9_A_15_3_1,TCDB,TCDB.9_A_15_3_1_comp2
G_9_A_15_3_1_comp3,P_9_A_15_3_1_comp1+9_A_15_3_1_comp2+9_A_15_3_1_comp3+9_A_15_3_1_comp4+9_A_15_3_1_comp5+9_A_15_3_1_comp6+9_A_15_3_1_comp7+9_A_15_3_1_comp8+9_A_15_3_1_comp9+9_A_15_3_1_comp10+9_A_15_3_1_comp11+9_A_15_3_1_comp12+9_A_15_3_1_comp13+9_A_15_3_1_comp14+9_A_15_3_1_comp15,R_9_A_15_3_1,TCDB,TCDB.9_A_15_3_1_comp3
G_9_A_15_3_1_comp4,P_9_A_15_3_1_comp1+9_A_15_3_1_comp2+9_A_15_3_1_comp3+9_A_15_3_1_comp4+9_A_15_3_1_comp5+9_A_15_3_1_comp6+9_A_15_3_1_comp7+9_A_15_3_1_comp8+9_A_15_3_1_comp9+9_A_15_3_1_comp10+9_A_15_3_1_comp11+9_A_15_3_1_comp12+9_A_15_3_1_comp13+9_A_15_3_1_comp14+9_A_15_3_1_comp15,R_9_A_15_3_1,TCDB,TCDB.9_A_15_3_1_comp4
G_9_A_15_3_1_comp5,P_9_A_15_3_1_comp1+9_A_15_3_1_comp2+9_A_15_3_1_comp3+9_A_15_3_1_comp4+9_A_15_3_1_comp5+9_A_15_3_1_comp6+9_A_15_3_1_comp7+9_A_15_3_1_comp8+9_A_15_3_1_comp9+9_A_15_3_1_comp10+9_A_15_3_1_comp11+9_A_15_3_1_comp12+9_A_15_3_1_comp13+9_A_15_3_1_comp14+9_A_15_3_1_comp15,R_9_A_15_3_1,TCDB,TCDB.9_A_15_3_1_comp5
G_9_A_15_3_1_comp6,P_9_A_15_3_1_comp1+9_A_15_3_1_comp2+9_A_15_3_1_comp3+9_A_15_3_1_comp4+9_A_15_3_1_comp5+9_A_15_3_1_comp6+9_A_15_3_1_comp7+9_A_15_3_1_comp8+9_A_15_3_1_comp9+9_A_15_3_1_comp10+9_A_15_3_1_comp11+9_A_15_3_1_comp12+9_A_15_3_1_comp13+9_A_15_3_1_comp14+9_A_15_3_1_comp15,R_9_A_15_3_1,TCDB,TCDB.9_A_15_3_1_comp6
G_9_A_15_3_1_comp7,P_9_A_15_3_1_comp1+9_A_15_3_1_comp2+9_A_15_3_1_comp3+9_A_15_3_1_comp4+9_A_15_3_1_comp5+9_A_15_3_1_comp6+9_A_15_3_1_comp7+9_A_15_3_1_comp8+9_A_15_3_1_comp9+9_A_15_3_1_comp10+9_A_15_3_1_comp11+9_A_15_3_1_comp12+9_A_15_3_1_comp13+9_A_15_3_1_comp14+9_A_15_3_1_comp15,R_9_A_15_3_1,TCDB,TCDB.9_A_15_3_1_comp7
G_9_A_15_3_1_comp8,P_9_A_15_3_1_comp1+9_A_15_3_1_comp2+9_A_15_3_1_comp3+9_A_15_3_1_comp4+9_A_15_3_1_comp5+9_A_15_3_1_comp6+9_A_15_3_1_comp7+9_A_15_3_1_comp8+9_A_15_3_1_comp9+9_A_15_3_1_comp10+9_A_15_3_1_comp11+9_A_15_3_1_comp12+9_A_15_3_1_comp13+9_A_15_3_1_comp14+9_A_15_3_1_comp15,R_9_A_15_3_1,TCDB,TCDB.9_A_15_3_1_comp8
G_9_A_15_3_1_comp9,P_9_A_15_3_1_comp1+9_A_15_3_1_comp2+9_A_15_3_1_comp3+9_A_15_3_1_comp4+9_A_15_3_1_comp5+9_A_15_3_1_comp6+9_A_15_3_1_comp7+9_A_15_3_1_comp8+9_A_15_3_1_comp9+9_A_15_3_1_comp10+9_A_15_3_1_comp11+9_A_15_3_1_comp12+9_A_15_3_1_comp13+9_A_15_3_1_comp14+9_A_15_3_1_comp15,R_9_A_15_3_1,TCDB,TCDB.9_A_15_3_1_comp9
G_9_A_15_3_1_comp10,P_9_A_15_3_1_comp1+9_A_15_3_1_comp2+9_A_15_3_1_comp3+9_A_15_3_1_comp4+9_A_15_3_1_comp5+9_A_15_3_1_comp6+9_A_15_3_1_comp7+9_A_15_3_1_comp8+9_A_15_3_1_comp9+9_A_15_3_1_comp10+9_A_15_3_1_comp11+9_A_15_3_1_comp12+9_A_15_3_1_comp13+9_A_15_3_1_comp14+9_A_15_3_1_comp15,R_9_A_15_3_1,TCDB,TCDB.9_A_15_3_1_comp10
G_9_A_15_3_1_comp11,P_9_A_15_3_1_comp1+9_A_15_3_1_comp2+9_A_15_3_1_comp3+9_A_15_3_1_comp4+9_A_15_3_1_comp5+9_A_15_3_1_comp6+9_A_15_3_1_comp7+9_A_15_3_1_comp8+9_A_15_3_1_comp9+9_A_15_3_1_comp10+9_A_15_3_1_comp11+9_A_15_3_1_comp12+9_A_15_3_1_comp13+9_A_15_3_1_comp14+9_A_15_3_1_comp15,R_9_A_15_3_1,TCDB,TCDB.9_A_15_3_1_comp11
G_9_A_15_3_1_comp12,P_9_A_15_3_1_comp1+9_A_15_3_1_comp2+9_A_15_3_1_comp3+9_A_15_3_1_comp4+9_A_15_3_1_comp5+9_A_15_3_1_comp6+9_A_15_3_1_comp7+9_A_15_3_1_comp8+9_A_15_3_1_comp9+9_A_15_3_1_comp10+9_A_15_3_1_comp11+9_A_15_3_1_comp12+9_A_15_3_1_comp13+9_A_15_3_1_comp14+9_A_15_3_1_comp15,R_9_A_15_3_1,TCDB,TCDB.9_A_15_3_1_comp12
G_9_A_15_3_1_comp13,P_9_A_15_3_1_comp1+9_A_15_3_1_comp2+9_A_15_3_1_comp3+9_A_15_3_1_comp4+9_A_15_3_1_comp5+9_A_15_3_1_comp6+9_A_15_3_1_comp7+9_A_15_3_1_comp8+9_A_15_3_1_comp9+9_A_15_3_1_comp10+9_A_15_3_1_comp11+9_A_15_3_1_comp12+9_A_15_3_1_comp13+9_A_15_3_1_comp14+9_A_15_3_1_comp15,R_9_A_15_3_1,TCDB,TCDB.9_A_15_3_1_comp13
G_9_A_15_3_1_comp14,P_9_A_15_3_1_comp1+9_A_15_3_1_comp2+9_A_15_3_1_comp3+9_A_15_3_1_comp4+9_A_15_3_1_comp5+9_A_15_3_1_comp6+9_A_15_3_1_comp7+9_A_15_3_1_comp8+9_A_15_3_1_comp9+9_A_15_3_1_comp10+9_A_15_3_1_comp11+9_A_15_3_1_comp12+9_A_15_3_1_comp13+9_A_15_3_1_comp14+9_A_15_3_1_comp15,R_9_A_15_3_1,TCDB,TCDB.9_A_15_3_1_comp14
G_9_A_15_3_1_comp15,P_9_A_15_3_1_comp1+9_A_15_3_1_comp2+9_A_15_3_1_comp3+9_A_15_3_1_comp4+9_A_15_3_1_comp5+9_A_15_3_1_comp6+9_A_15_3_1_comp7+9_A_15_3_1_comp8+9_A_15_3_1_comp9+9_A_15_3_1_comp10+9_A_15_3_1_comp11+9_A_15_3_1_comp12+9_A_15_3_1_comp13+9_A_15_3_1_comp14+9_A_15_3_1_comp15,R_9_A_15_3_1,TCDB,TCDB.9_A_15_3_1_comp15
G_1_A_1_19_1_comp1,P_1_A_1_19_1_comp1+1_A_1_19_1_comp2+1_A_1_19_1_comp3+1_A_1_19_1_comp4+1_A_1_19_1_comp5+1_A_1_19_1_comp6+1_A_1_19_1_comp7+1_A_1_19_1_comp8+1_A_1_19_1_comp9+1_A_1_19_1_comp10,R_1_A_1_19_1,TCDB,TCDB.1_A_1_19_1_comp1
G_1_A_1_19_1_comp2,P_1_A_1_19_1_comp1+1_A_1_19_1_comp2+1_A_1_19_1_comp3+1_A_1_19_1_comp4+1_A_1_19_1_comp5+1_A_1_19_1_comp6+1_A_1_19_1_comp7+1_A_1_19_1_comp8+1_A_1_19_1_comp9+1_A_1_19_1_comp10,R_1_A_1_19_1,TCDB,TCDB.1_A_1_19_1_comp2
G_1_A_1_19_1_comp3,P_1_A_1_19_1_comp1+1_A_1_19_1_comp2+1_A_1_19_1_comp3+1_A_1_19_1_comp4+1_A_1_19_1_comp5+1_A_1_19_1_comp6+1_A_1_19_1_comp7+1_A_1_19_1_comp8+1_A_1_19_1_comp9+1_A_1_19_1_comp10,R_1_A_1_19_1,TCDB,TCDB.1_A_1_19_1_comp3
G_1_A_1_19_1_comp4,P_1_A_1_19_1_comp1+1_A_1_19_1_comp2+1_A_1_19_1_comp3+1_A_1_19_1_comp4+1_A_1_19_1_comp5+1_A_1_19_1_comp6+1_A_1_19_1_comp7+1_A_1_19_1_comp8+1_A_1_19_1_comp9+1_A_1_19_1_comp10,R_1_A_1_19_1,TCDB,TCDB.1_A_1_19_1_comp4
G_1_A_1_19_1_comp5,P_1_A_1_19_1_comp1+1_A_1_19_1_comp2+1_A_1_19_1_comp3+1_A_1_19_1_comp4+1_A_1_19_1_comp5+1_A_1_19_1_comp6+1_A_1_19_1_comp7+1_A_1_19_1_comp8+1_A_1_19_1_comp9+1_A_1_19_1_comp10,R_1_A_1_19_1,TCDB,TCDB.1_A_1_19_1_comp5
G_1_A_1_19_1_comp6,P_1_A_1_19_1_comp1+1_A_1_19_1_comp2+1_A_1_19_1_comp3+1_A_1_19_1_comp4+1_A_1_19_1_comp5+1_A_1_19_1_comp6+1_A_1_19_1_comp7+1_A_1_19_1_comp8+1_A_1_19_1_comp9+1_A_1_19_1_comp10,R_1_A_1_19_1,TCDB,TCDB.1_A_1_19_1_comp6
G_1_A_1_19_1_comp7,P_1_A_1_19_1_comp1+1_A_1_19_1_comp2+1_A_1_19_1_comp3+1_A_1_19_1_comp4+1_A_1_19_1_comp5+1_A_1_19_1_comp6+1_A_1_19_1_comp7+1_A_1_19_1_comp8+1_A_1_19_1_comp9+1_A_1_19_1_comp10,R_1_A_1_19_1,TCDB,TCDB.1_A_1_19_1_comp7
G_1_A_1_19_1_comp8,P_1_A_1_19_1_comp1+1_A_1_19_1_comp2+1_A_1_19_1_comp3+1_A_1_19_1_comp4+1_A_1_19_1_comp5+1_A_1_19_1_comp6+1_A_1_19_1_comp7+1_A_1_19_1_comp8+1_A_1_19_1_comp9+1_A_1_19_1_comp10,R_1_A_1_19_1,TCDB,TCDB.1_A_1_19_1_comp8
G_1_A_1_19_1_comp9,P_1_A_1_19_1_comp1+1_A_1_19_1_comp2+1_A_1_19_1_comp3+1_A_1_19_1_comp4+1_A_1_19_1_comp5+1_A_1_19_1_comp6+1_A_1_19_1_comp7+1_A_1_19_1_comp8+1_A_1_19_1_comp9+1_A_1_19_1_comp10,R_1_A_1_19_1,TCDB,TCDB.1_A_1_19_1_comp9
G_1_A_1_19_1_comp10,P_1_A_1_19_1_comp1+1_A_1_19_1_comp2+1_A_1_19_1_comp3+1_A_1_19_1_comp4+1_A_1_19_1_comp5+1_A_1_19_1_comp6+1_A_1_19_1_comp7+1_A_1_19_1_comp8+1_A_1_19_1_comp9+1_A_1_19_1_comp10,R_1_A_1_19_1,TCDB,TCDB.1_A_1_19_1_comp10
G_2_A_1_9_10_comp1,P_2_A_1_9_10_comp1,R_2_A_1_9_10,TCDB,TCDB.2_A_1_9_10_comp1
G_2_A_132_1_2_comp1,P_2_A_132_1_2_comp1,R_2_A_132_1_2,TCDB,TCDB.2_A_132_1_2_comp1
G_1_A_1_11_20_comp1,P_1_A_1_11_20_comp1,R_1_A_1_11_20,TCDB,TCDB.1_A_1_11_20_comp1
G_1_B_38_1_3_comp1,P_1_B_38_1_3_comp1,R_1_B_38_1_3,TCDB,TCDB.1_B_38_1_3_comp1
G_9_B_217_2_6_comp1,P_9_B_217_2_6_comp1,R_9_B_217_2_6,TCDB,TCDB.9_B_217_2_6_comp1
G_1_C_11_1_6_comp1,P_1_C_11_1_6_comp1,R_1_C_11_1_6,TCDB,TCDB.1_C_11_1_6_comp1
G_3_A_3_2_41_comp1,P_3_A_3_2_41_comp1,R_3_A_3_2_41,TCDB,TCDB.3_A_3_2_41_comp1
G_1_E_19_1_5_comp1,P_1_E_19_1_5_comp1,R_1_E_19_1_5,TCDB,TCDB.1_E_19_1_5_comp1
G_3_A_1_122_7_comp1,P_3_A_1_122_7_comp1+3_A_1_122_7_comp2,R_3_A_1_122_7,TCDB,TCDB.3_A_1_122_7_comp1
G_3_A_1_122_7_comp2,P_3_A_1_122_7_comp1+3_A_1_122_7_comp2,R_3_A_1_122_7,TCDB,TCDB.3_A_1_122_7_comp2
G_1_C_3_2_4_comp1,P_1_C_3_2_4_comp1,R_1_C_3_2_4,TCDB,TCDB.1_C_3_2_4_comp1
G_2_A_1_59_4_comp1,P_2_A_1_59_4_comp1,R_2_A_1_59_4,TCDB,TCDB.2_A_1_59_4_comp1
G_3_A_11_2_1_comp1,P_3_A_11_2_1_comp1+3_A_11_2_1_comp2,R_3_A_11_2_1,TCDB,TCDB.3_A_11_2_1_comp1
G_3_A_11_2_1_comp2,P_3_A_11_2_1_comp1+3_A_11_2_1_comp2,R_3_A_11_2_1,TCDB,TCDB.3_A_11_2_1_comp2
G_2_A_119_1_2_comp1,P_2_A_119_1_2_comp1,R_2_A_119_1_2,TCDB,TCDB.2_A_119_1_2_comp1
G_2_A_71_1_5_comp1,P_2_A_71_1_5_comp1,R_2_A_71_1_5,TCDB,TCDB.2_A_71_1_5_comp1
G_9_B_94_2_1_comp1,P_9_B_94_2_1_comp1,R_9_B_94_2_1,TCDB,TCDB.9_B_94_2_1_comp1
G_3_A_1_204_7_comp1,P_3_A_1_204_7_comp1,R_3_A_1_204_7,TCDB,TCDB.3_A_1_204_7_comp1
G_1_H_1_1_17_comp1,P_1_H_1_1_17_comp1,R_1_H_1_1_17,TCDB,TCDB.1_H_1_1_17_comp1
G_8_A_135_1_2_comp1,P_8_A_135_1_2_comp1,R_8_A_135_1_2,TCDB,TCDB.8_A_135_1_2_comp1
G_1_A_1_5_28_comp1,P_1_A_1_5_28_comp1,R_1_A_1_5_28,TCDB,TCDB.1_A_1_5_28_comp1
G_3_A_23_2_1_comp1,P_3_A_23_2_1_comp1+3_A_23_2_1_comp2+3_A_23_2_1_comp3+3_A_23_2_1_comp4+3_A_23_2_1_comp5+3_A_23_2_1_comp6+3_A_23_2_1_comp7+3_A_23_2_1_comp8+3_A_23_2_1_comp9+3_A_23_2_1_comp10+3_A_23_2_1_comp11+3_A_23_2_1_comp12+3_A_23_2_1_comp13+3_A_23_2_1_comp14+3_A_23_2_1_comp15+3_A_23_2_1_comp16,R_3_A_23_2_1,TCDB,TCDB.3_A_23_2_1_comp1
G_3_A_23_2_1_comp2,P_3_A_23_2_1_comp1+3_A_23_2_1_comp2+3_A_23_2_1_comp3+3_A_23_2_1_comp4+3_A_23_2_1_comp5+3_A_23_2_1_comp6+3_A_23_2_1_comp7+3_A_23_2_1_comp8+3_A_23_2_1_comp9+3_A_23_2_1_comp10+3_A_23_2_1_comp11+3_A_23_2_1_comp12+3_A_23_2_1_comp13+3_A_23_2_1_comp14+3_A_23_2_1_comp15+3_A_23_2_1_comp16,R_3_A_23_2_1,TCDB,TCDB.3_A_23_2_1_comp2
G_3_A_23_2_1_comp3,P_3_A_23_2_1_comp1+3_A_23_2_1_comp2+3_A_23_2_1_comp3+3_A_23_2_1_comp4+3_A_23_2_1_comp5+3_A_23_2_1_comp6+3_A_23_2_1_comp7+3_A_23_2_1_comp8+3_A_23_2_1_comp9+3_A_23_2_1_comp10+3_A_23_2_1_comp11+3_A_23_2_1_comp12+3_A_23_2_1_comp13+3_A_23_2_1_comp14+3_A_23_2_1_comp15+3_A_23_2_1_comp16,R_3_A_23_2_1,TCDB,TCDB.3_A_23_2_1_comp3
G_3_A_23_2_1_comp4,P_3_A_23_2_1_comp1+3_A_23_2_1_comp2+3_A_23_2_1_comp3+3_A_23_2_1_comp4+3_A_23_2_1_comp5+3_A_23_2_1_comp6+3_A_23_2_1_comp7+3_A_23_2_1_comp8+3_A_23_2_1_comp9+3_A_23_2_1_comp10+3_A_23_2_1_comp11+3_A_23_2_1_comp12+3_A_23_2_1_comp13+3_A_23_2_1_comp14+3_A_23_2_1_comp15+3_A_23_2_1_comp16,R_3_A_23_2_1,TCDB,TCDB.3_A_23_2_1_comp4
G_3_A_23_2_1_comp5,P_3_A_23_2_1_comp1+3_A_23_2_1_comp2+3_A_23_2_1_comp3+3_A_23_2_1_comp4+3_A_23_2_1_comp5+3_A_23_2_1_comp6+3_A_23_2_1_comp7+3_A_23_2_1_comp8+3_A_23_2_1_comp9+3_A_23_2_1_comp10+3_A_23_2_1_comp11+3_A_23_2_1_comp12+3_A_23_2_1_comp13+3_A_23_2_1_comp14+3_A_23_2_1_comp15+3_A_23_2_1_comp16,R_3_A_23_2_1,TCDB,TCDB.3_A_23_2_1_comp5
G_3_A_23_2_1_comp6,P_3_A_23_2_1_comp1+3_A_23_2_1_comp2+3_A_23_2_1_comp3+3_A_23_2_1_comp4+3_A_23_2_1_comp5+3_A_23_2_1_comp6+3_A_23_2_1_comp7+3_A_23_2_1_comp8+3_A_23_2_1_comp9+3_A_23_2_1_comp10+3_A_23_2_1_comp11+3_A_23_2_1_comp12+3_A_23_2_1_comp13+3_A_23_2_1_comp14+3_A_23_2_1_comp15+3_A_23_2_1_comp16,R_3_A_23_2_1,TCDB,TCDB.3_A_23_2_1_comp6
G_3_A_23_2_1_comp7,P_3_A_23_2_1_comp1+3_A_23_2_1_comp2+3_A_23_2_1_comp3+3_A_23_2_1_comp4+3_A_23_2_1_comp5+3_A_23_2_1_comp6+3_A_23_2_1_comp7+3_A_23_2_1_comp8+3_A_23_2_1_comp9+3_A_23_2_1_comp10+3_A_23_2_1_comp11+3_A_23_2_1_comp12+3_A_23_2_1_comp13+3_A_23_2_1_comp14+3_A_23_2_1_comp15+3_A_23_2_1_comp16,R_3_A_23_2_1,TCDB,TCDB.3_A_23_2_1_comp7
G_3_A_23_2_1_comp8,P_3_A_23_2_1_comp1+3_A_23_2_1_comp2+3_A_23_2_1_comp3+3_A_23_2_1_comp4+3_A_23_2_1_comp5+3_A_23_2_1_comp6+3_A_23_2_1_comp7+3_A_23_2_1_comp8+3_A_23_2_1_comp9+3_A_23_2_1_comp10+3_A_23_2_1_comp11+3_A_23_2_1_comp12+3_A_23_2_1_comp13+3_A_23_2_1_comp14+3_A_23_2_1_comp15+3_A_23_2_1_comp16,R_3_A_23_2_1,TCDB,TCDB.3_A_23_2_1_comp8
G_3_A_23_2_1_comp9,P_3_A_23_2_1_comp1+3_A_23_2_1_comp2+3_A_23_2_1_comp3+3_A_23_2_1_comp4+3_A_23_2_1_comp5+3_A_23_2_1_comp6+3_A_23_2_1_comp7+3_A_23_2_1_comp8+3_A_23_2_1_comp9+3_A_23_2_1_comp10+3_A_23_2_1_comp11+3_A_23_2_1_comp12+3_A_23_2_1_comp13+3_A_23_2_1_comp14+3_A_23_2_1_comp15+3_A_23_2_1_comp16,R_3_A_23_2_1,TCDB,TCDB.3_A_23_2_1_comp9
G_3_A_23_2_1_comp10,P_3_A_23_2_1_comp1+3_A_23_2_1_comp2+3_A_23_2_1_comp3+3_A_23_2_1_comp4+3_A_23_2_1_comp5+3_A_23_2_1_comp6+3_A_23_2_1_comp7+3_A_23_2_1_comp8+3_A_23_2_1_comp9+3_A_23_2_1_comp10+3_A_23_2_1_comp11+3_A_23_2_1_comp12+3_A_23_2_1_comp13+3_A_23_2_1_comp14+3_A_23_2_1_comp15+3_A_23_2_1_comp16,R_3_A_23_2_1,TCDB,TCDB.3_A_23_2_1_comp10
G_3_A_23_2_1_comp11,P_3_A_23_2_1_comp1+3_A_23_2_1_comp2+3_A_23_2_1_comp3+3_A_23_2_1_comp4+3_A_23_2_1_comp5+3_A_23_2_1_comp6+3_A_23_2_1_comp7+3_A_23_2_1_comp8+3_A_23_2_1_comp9+3_A_23_2_1_comp10+3_A_23_2_1_comp11+3_A_23_2_1_comp12+3_A_23_2_1_comp13+3_A_23_2_1_comp14+3_A_23_2_1_comp15+3_A_23_2_1_comp16,R_3_A_23_2_1,TCDB,TCDB.3_A_23_2_1_comp11
G_3_A_23_2_1_comp12,P_3_A_23_2_1_comp1+3_A_23_2_1_comp2+3_A_23_2_1_comp3+3_A_23_2_1_comp4+3_A_23_2_1_comp5+3_A_23_2_1_comp6+3_A_23_2_1_comp7+3_A_23_2_1_comp8+3_A_23_2_1_comp9+3_A_23_2_1_comp10+3_A_23_2_1_comp11+3_A_23_2_1_comp12+3_A_23_2_1_comp13+3_A_23_2_1_comp14+3_A_23_2_1_comp15+3_A_23_2_1_comp16,R_3_A_23_2_1,TCDB,TCDB.3_A_23_2_1_comp12
G_3_A_23_2_1_comp13,P_3_A_23_2_1_comp1+3_A_23_2_1_comp2+3_A_23_2_1_comp3+3_A_23_2_1_comp4+3_A_23_2_1_comp5+3_A_23_2_1_comp6+3_A_23_2_1_comp7+3_A_23_2_1_comp8+3_A_23_2_1_comp9+3_A_23_2_1_comp10+3_A_23_2_1_comp11+3_A_23_2_1_comp12+3_A_23_2_1_comp13+3_A_23_2_1_comp14+3_A_23_2_1_comp15+3_A_23_2_1_comp16,R_3_A_23_2_1,TCDB,TCDB.3_A_23_2_1_comp13
G_3_A_23_2_1_comp14,P_3_A_23_2_1_comp1+3_A_23_2_1_comp2+3_A_23_2_1_comp3+3_A_23_2_1_comp4+3_A_23_2_1_comp5+3_A_23_2_1_comp6+3_A_23_2_1_comp7+3_A_23_2_1_comp8+3_A_23_2_1_comp9+3_A_23_2_1_comp10+3_A_23_2_1_comp11+3_A_23_2_1_comp12+3_A_23_2_1_comp13+3_A_23_2_1_comp14+3_A_23_2_1_comp15+3_A_23_2_1_comp16,R_3_A_23_2_1,TCDB,TCDB.3_A_23_2_1_comp14
G_3_A_23_2_1_comp15,P_3_A_23_2_1_comp1+3_A_23_2_1_comp2+3_A_23_2_1_comp3+3_A_23_2_1_comp4+3_A_23_2_1_comp5+3_A_23_2_1_comp6+3_A_23_2_1_comp7+3_A_23_2_1_comp8+3_A_23_2_1_comp9+3_A_23_2_1_comp10+3_A_23_2_1_comp11+3_A_23_2_1_comp12+3_A_23_2_1_comp13+3_A_23_2_1_comp14+3_A_23_2_1_comp15+3_A_23_2_1_comp16,R_3_A_23_2_1,TCDB,TCDB.3_A_23_2_1_comp15
G_3_A_23_2_1_comp16,P_3_A_23_2_1_comp1+3_A_23_2_1_comp2+3_A_23_2_1_comp3+3_A_23_2_1_comp4+3_A_23_2_1_comp5+3_A_23_2_1_comp6+3_A_23_2_1_comp7+3_A_23_2_1_comp8+3_A_23_2_1_comp9+3_A_23_2_1_comp10+3_A_23_2_1_comp11+3_A_23_2_1_comp12+3_A_23_2_1_comp13+3_A_23_2_1_comp14+3_A_23_2_1_comp15+3_A_23_2_1_comp16,R_3_A_23_2_1,TCDB,TCDB.3_A_23_2_1_comp16
G_2_A_1_62_1_comp1,P_2_A_1_62_1_comp1,R_2_A_1_62_1,TCDB,TCDB.2_A_1_62_1_comp1
G_1_A_77_3_3_comp1,P_1_A_77_3_3_comp1,R_1_A_77_3_3,TCDB,TCDB.1_A_77_3_3_comp1
G_9_B_153_3_2_comp1,P_9_B_153_3_2_comp1,R_9_B_153_3_2,TCDB,TCDB.9_B_153_3_2_comp1
G_1_B_11_7_1_comp1,P_1_B_11_7_1_comp1,R_1_B_11_7_1,TCDB,TCDB.1_B_11_7_1_comp1
G_9_B_160_1_9_comp1,P_9_B_160_1_9_comp1,R_9_B_160_1_9,TCDB,TCDB.9_B_160_1_9_comp1
G_9_B_8_2_8_comp1,P_9_B_8_2_8_comp1,R_9_B_8_2_8,TCDB,TCDB.9_B_8_2_8_comp1
G_1_E_19_1_14_comp1,P_1_E_19_1_14_comp1,R_1_E_19_1_14,TCDB,TCDB.1_E_19_1_14_comp1
G_2_A_115_1_8_comp1,P_2_A_115_1_8_comp1,R_2_A_115_1_8,TCDB,TCDB.2_A_115_1_8_comp1
G_1_E_19_1_7_comp1,P_1_E_19_1_7_comp1,R_1_E_19_1_7,TCDB,TCDB.1_E_19_1_7_comp1
G_3_A_1_128_5_comp1,P_3_A_1_128_5_comp1+3_A_1_128_5_comp2,R_3_A_1_128_5,TCDB,TCDB.3_A_1_128_5_comp1
G_3_A_1_128_5_comp2,P_3_A_1_128_5_comp1+3_A_1_128_5_comp2,R_3_A_1_128_5,TCDB,TCDB.3_A_1_128_5_comp2
G_9_B_14_1_14_comp1,P_9_B_14_1_14_comp1,R_9_B_14_1_14,TCDB,TCDB.9_B_14_1_14_comp1
G_3_A_3_2_21_comp1,P_3_A_3_2_21_comp1,R_3_A_3_2_21,TCDB,TCDB.3_A_3_2_21_comp1
G_2_A_7_37_1_comp1,P_2_A_7_37_1_comp1,R_2_A_7_37_1,TCDB,TCDB.2_A_7_37_1_comp1
G_1_E_6_3_3_comp1,P_1_E_6_3_3_comp1,R_1_E_6_3_3,TCDB,TCDB.1_E_6_3_3_comp1
G_2_A_7_3_8_comp1,P_2_A_7_3_8_comp1,R_2_A_7_3_8,TCDB,TCDB.2_A_7_3_8_comp1
G_2_A_6_3_2_comp1,P_2_A_6_3_2_comp1,R_2_A_6_3_2,TCDB,TCDB.2_A_6_3_2_comp1
G_9_B_43_1_1_comp1,P_9_B_43_1_1_comp1,R_9_B_43_1_1,TCDB,TCDB.9_B_43_1_1_comp1
G_3_A_1_12_13_comp1,P_3_A_1_12_13_comp1+3_A_1_12_13_comp2+3_A_1_12_13_comp3,R_3_A_1_12_13,TCDB,TCDB.3_A_1_12_13_comp1
G_3_A_1_12_13_comp2,P_3_A_1_12_13_comp1+3_A_1_12_13_comp2+3_A_1_12_13_comp3,R_3_A_1_12_13,TCDB,TCDB.3_A_1_12_13_comp2
G_3_A_1_12_13_comp3,P_3_A_1_12_13_comp1+3_A_1_12_13_comp2+3_A_1_12_13_comp3,R_3_A_1_12_13,TCDB,TCDB.3_A_1_12_13_comp3
G_2_A_83_2_1_comp1,P_2_A_83_2_1_comp1,R_2_A_83_2_1,TCDB,TCDB.2_A_83_2_1_comp1
G_2_A_7_1_14_comp1,P_2_A_7_1_14_comp1,R_2_A_7_1_14,TCDB,TCDB.2_A_7_1_14_comp1
G_1_B_80_1_5_comp1,P_1_B_80_1_5_comp1,R_1_B_80_1_5,TCDB,TCDB.1_B_80_1_5_comp1
G_9_B_153_3_4_comp1,P_9_B_153_3_4_comp1,R_9_B_153_3_4,TCDB,TCDB.9_B_153_3_4_comp1
G_9_B_155_2_15_comp1,P_9_B_155_2_15_comp1,R_9_B_155_2_15,TCDB,TCDB.9_B_155_2_15_comp1
G_1_A_110_1_9_comp1,P_1_A_110_1_9_comp1,R_1_A_110_1_9,TCDB,TCDB.1_A_110_1_9_comp1
G_1_B_4_2_10_comp1,P_1_B_4_2_10_comp1,R_1_B_4_2_10,TCDB,TCDB.1_B_4_2_10_comp1
G_1_E_26_1_1_comp1,P_1_E_26_1_1_comp1,R_1_E_26_1_1,TCDB,TCDB.1_E_26_1_1_comp1
G_9_B_28_1_2_comp1,P_9_B_28_1_2_comp1,R_9_B_28_1_2,TCDB,TCDB.9_B_28_1_2_comp1
G_1_B_46_1_2_comp1,P_1_B_46_1_2_comp1+1_B_46_1_2_comp2,R_1_B_46_1_2,TCDB,TCDB.1_B_46_1_2_comp1
G_1_B_46_1_2_comp2,P_1_B_46_1_2_comp1+1_B_46_1_2_comp2,R_1_B_46_1_2,TCDB,TCDB.1_B_46_1_2_comp2
G_1_M_15_1_1_comp1,P_1_M_15_1_1_comp1,R_1_M_15_1_1,TCDB,TCDB.1_M_15_1_1_comp1
G_1_A_5_4_1_comp1,P_1_A_5_4_1_comp1,R_1_A_5_4_1,TCDB,TCDB.1_A_5_4_1_comp1
G_1_B_14_2_16_comp1,P_1_B_14_2_16_comp1,R_1_B_14_2_16,TCDB,TCDB.1_B_14_2_16_comp1
G_1_B_4_2_13_comp1,P_1_B_4_2_13_comp1,R_1_B_4_2_13,TCDB,TCDB.1_B_4_2_13_comp1
G_2_A_87_3_3_comp1,P_2_A_87_3_3_comp1,R_2_A_87_3_3,TCDB,TCDB.2_A_87_3_3_comp1
G_9_A_23_1_2_comp1,P_9_A_23_1_2_comp1,R_9_A_23_1_2,TCDB,TCDB.9_A_23_1_2_comp1
G_1_E_19_1_10_comp1,P_1_E_19_1_10_comp1,R_1_E_19_1_10,TCDB,TCDB.1_E_19_1_10_comp1
G_1_E_26_10_1_comp1,P_1_E_26_10_1_comp1,R_1_E_26_10_1,TCDB,TCDB.1_E_26_10_1_comp1
G_1_A_16_5_2_comp1,P_1_A_16_5_2_comp1,R_1_A_16_5_2,TCDB,TCDB.1_A_16_5_2_comp1
G_1_C_24_1_11_comp1,P_1_C_24_1_11_comp1,R_1_C_24_1_11,TCDB,TCDB.1_C_24_1_11_comp1
G_3_A_1_1_29_comp1,P_3_A_1_1_29_comp1+3_A_1_1_29_comp2+3_A_1_1_29_comp3,R_3_A_1_1_29,TCDB,TCDB.3_A_1_1_29_comp1
G_3_A_1_1_29_comp2,P_3_A_1_1_29_comp1+3_A_1_1_29_comp2+3_A_1_1_29_comp3,R_3_A_1_1_29,TCDB,TCDB.3_A_1_1_29_comp2
G_3_A_1_1_29_comp3,P_3_A_1_1_29_comp1+3_A_1_1_29_comp2+3_A_1_1_29_comp3,R_3_A_1_1_29,TCDB,TCDB.3_A_1_1_29_comp3
G_8_B_2_2_2_comp1,P_8_B_2_2_2_comp1,R_8_B_2_2_2,TCDB,TCDB.8_B_2_2_2_comp1
G_1_A_1_7_4_comp1,P_1_A_1_7_4_comp1,R_1_A_1_7_4,TCDB,TCDB.1_A_1_7_4_comp1
G_9_B_50_1_4_comp1,P_9_B_50_1_4_comp1,R_9_B_50_1_4,TCDB,TCDB.9_B_50_1_4_comp1
G_1_A_1_11_30_comp1,P_1_A_1_11_30_comp1,R_1_A_1_11_30,TCDB,TCDB.1_A_1_11_30_comp1
G_1_C_38_1_7_comp1,P_1_C_38_1_7_comp1,R_1_C_38_1_7,TCDB,TCDB.1_C_38_1_7_comp1
G_3_A_1_204_11_comp1,P_3_A_1_204_11_comp1,R_3_A_1_204_11,TCDB,TCDB.3_A_1_204_11_comp1
G_1_A_87_4_1_comp1,P_1_A_87_4_1_comp1,R_1_A_87_4_1,TCDB,TCDB.1_A_87_4_1_comp1
G_2_A_7_26_4_comp1,P_2_A_7_26_4_comp1,R_2_A_7_26_4,TCDB,TCDB.2_A_7_26_4_comp1
G_9_A_15_2_1_comp1,P_9_A_15_2_1_comp1+9_A_15_2_1_comp2+9_A_15_2_1_comp3+9_A_15_2_1_comp4+9_A_15_2_1_comp5+9_A_15_2_1_comp6+9_A_15_2_1_comp7+9_A_15_2_1_comp8+9_A_15_2_1_comp9+9_A_15_2_1_comp10+9_A_15_2_1_comp11+9_A_15_2_1_comp12+9_A_15_2_1_comp13+9_A_15_2_1_comp14+9_A_15_2_1_comp15+9_A_15_2_1_comp16+9_A_15_2_1_comp17,R_9_A_15_2_1,TCDB,TCDB.9_A_15_2_1_comp1
G_9_A_15_2_1_comp2,P_9_A_15_2_1_comp1+9_A_15_2_1_comp2+9_A_15_2_1_comp3+9_A_15_2_1_comp4+9_A_15_2_1_comp5+9_A_15_2_1_comp6+9_A_15_2_1_comp7+9_A_15_2_1_comp8+9_A_15_2_1_comp9+9_A_15_2_1_comp10+9_A_15_2_1_comp11+9_A_15_2_1_comp12+9_A_15_2_1_comp13+9_A_15_2_1_comp14+9_A_15_2_1_comp15+9_A_15_2_1_comp16+9_A_15_2_1_comp17,R_9_A_15_2_1,TCDB,TCDB.9_A_15_2_1_comp2
G_9_A_15_2_1_comp3,P_9_A_15_2_1_comp1+9_A_15_2_1_comp2+9_A_15_2_1_comp3+9_A_15_2_1_comp4+9_A_15_2_1_comp5+9_A_15_2_1_comp6+9_A_15_2_1_comp7+9_A_15_2_1_comp8+9_A_15_2_1_comp9+9_A_15_2_1_comp10+9_A_15_2_1_comp11+9_A_15_2_1_comp12+9_A_15_2_1_comp13+9_A_15_2_1_comp14+9_A_15_2_1_comp15+9_A_15_2_1_comp16+9_A_15_2_1_comp17,R_9_A_15_2_1,TCDB,TCDB.9_A_15_2_1_comp3
G_9_A_15_2_1_comp4,P_9_A_15_2_1_comp1+9_A_15_2_1_comp2+9_A_15_2_1_comp3+9_A_15_2_1_comp4+9_A_15_2_1_comp5+9_A_15_2_1_comp6+9_A_15_2_1_comp7+9_A_15_2_1_comp8+9_A_15_2_1_comp9+9_A_15_2_1_comp10+9_A_15_2_1_comp11+9_A_15_2_1_comp12+9_A_15_2_1_comp13+9_A_15_2_1_comp14+9_A_15_2_1_comp15+9_A_15_2_1_comp16+9_A_15_2_1_comp17,R_9_A_15_2_1,TCDB,TCDB.9_A_15_2_1_comp4
G_9_A_15_2_1_comp5,P_9_A_15_2_1_comp1+9_A_15_2_1_comp2+9_A_15_2_1_comp3+9_A_15_2_1_comp4+9_A_15_2_1_comp5+9_A_15_2_1_comp6+9_A_15_2_1_comp7+9_A_15_2_1_comp8+9_A_15_2_1_comp9+9_A_15_2_1_comp10+9_A_15_2_1_comp11+9_A_15_2_1_comp12+9_A_15_2_1_comp13+9_A_15_2_1_comp14+9_A_15_2_1_comp15+9_A_15_2_1_comp16+9_A_15_2_1_comp17,R_9_A_15_2_1,TCDB,TCDB.9_A_15_2_1_comp5
G_9_A_15_2_1_comp6,P_9_A_15_2_1_comp1+9_A_15_2_1_comp2+9_A_15_2_1_comp3+9_A_15_2_1_comp4+9_A_15_2_1_comp5+9_A_15_2_1_comp6+9_A_15_2_1_comp7+9_A_15_2_1_comp8+9_A_15_2_1_comp9+9_A_15_2_1_comp10+9_A_15_2_1_comp11+9_A_15_2_1_comp12+9_A_15_2_1_comp13+9_A_15_2_1_comp14+9_A_15_2_1_comp15+9_A_15_2_1_comp16+9_A_15_2_1_comp17,R_9_A_15_2_1,TCDB,TCDB.9_A_15_2_1_comp6
G_9_A_15_2_1_comp7,P_9_A_15_2_1_comp1+9_A_15_2_1_comp2+9_A_15_2_1_comp3+9_A_15_2_1_comp4+9_A_15_2_1_comp5+9_A_15_2_1_comp6+9_A_15_2_1_comp7+9_A_15_2_1_comp8+9_A_15_2_1_comp9+9_A_15_2_1_comp10+9_A_15_2_1_comp11+9_A_15_2_1_comp12+9_A_15_2_1_comp13+9_A_15_2_1_comp14+9_A_15_2_1_comp15+9_A_15_2_1_comp16+9_A_15_2_1_comp17,R_9_A_15_2_1,TCDB,TCDB.9_A_15_2_1_comp7
G_9_A_15_2_1_comp8,P_9_A_15_2_1_comp1+9_A_15_2_1_comp2+9_A_15_2_1_comp3+9_A_15_2_1_comp4+9_A_15_2_1_comp5+9_A_15_2_1_comp6+9_A_15_2_1_comp7+9_A_15_2_1_comp8+9_A_15_2_1_comp9+9_A_15_2_1_comp10+9_A_15_2_1_comp11+9_A_15_2_1_comp12+9_A_15_2_1_comp13+9_A_15_2_1_comp14+9_A_15_2_1_comp15+9_A_15_2_1_comp16+9_A_15_2_1_comp17,R_9_A_15_2_1,TCDB,TCDB.9_A_15_2_1_comp8
G_9_A_15_2_1_comp9,P_9_A_15_2_1_comp1+9_A_15_2_1_comp2+9_A_15_2_1_comp3+9_A_15_2_1_comp4+9_A_15_2_1_comp5+9_A_15_2_1_comp6+9_A_15_2_1_comp7+9_A_15_2_1_comp8+9_A_15_2_1_comp9+9_A_15_2_1_comp10+9_A_15_2_1_comp11+9_A_15_2_1_comp12+9_A_15_2_1_comp13+9_A_15_2_1_comp14+9_A_15_2_1_comp15+9_A_15_2_1_comp16+9_A_15_2_1_comp17,R_9_A_15_2_1,TCDB,TCDB.9_A_15_2_1_comp9
G_9_A_15_2_1_comp10,P_9_A_15_2_1_comp1+9_A_15_2_1_comp2+9_A_15_2_1_comp3+9_A_15_2_1_comp4+9_A_15_2_1_comp5+9_A_15_2_1_comp6+9_A_15_2_1_comp7+9_A_15_2_1_comp8+9_A_15_2_1_comp9+9_A_15_2_1_comp10+9_A_15_2_1_comp11+9_A_15_2_1_comp12+9_A_15_2_1_comp13+9_A_15_2_1_comp14+9_A_15_2_1_comp15+9_A_15_2_1_comp16+9_A_15_2_1_comp17,R_9_A_15_2_1,TCDB,TCDB.9_A_15_2_1_comp10
G_9_A_15_2_1_comp11,P_9_A_15_2_1_comp1+9_A_15_2_1_comp2+9_A_15_2_1_comp3+9_A_15_2_1_comp4+9_A_15_2_1_comp5+9_A_15_2_1_comp6+9_A_15_2_1_comp7+9_A_15_2_1_comp8+9_A_15_2_1_comp9+9_A_15_2_1_comp10+9_A_15_2_1_comp11+9_A_15_2_1_comp12+9_A_15_2_1_comp13+9_A_15_2_1_comp14+9_A_15_2_1_comp15+9_A_15_2_1_comp16+9_A_15_2_1_comp17,R_9_A_15_2_1,TCDB,TCDB.9_A_15_2_1_comp11
G_9_A_15_2_1_comp12,P_9_A_15_2_1_comp1+9_A_15_2_1_comp2+9_A_15_2_1_comp3+9_A_15_2_1_comp4+9_A_15_2_1_comp5+9_A_15_2_1_comp6+9_A_15_2_1_comp7+9_A_15_2_1_comp8+9_A_15_2_1_comp9+9_A_15_2_1_comp10+9_A_15_2_1_comp11+9_A_15_2_1_comp12+9_A_15_2_1_comp13+9_A_15_2_1_comp14+9_A_15_2_1_comp15+9_A_15_2_1_comp16+9_A_15_2_1_comp17,R_9_A_15_2_1,TCDB,TCDB.9_A_15_2_1_comp12
G_9_A_15_2_1_comp13,P_9_A_15_2_1_comp1+9_A_15_2_1_comp2+9_A_15_2_1_comp3+9_A_15_2_1_comp4+9_A_15_2_1_comp5+9_A_15_2_1_comp6+9_A_15_2_1_comp7+9_A_15_2_1_comp8+9_A_15_2_1_comp9+9_A_15_2_1_comp10+9_A_15_2_1_comp11+9_A_15_2_1_comp12+9_A_15_2_1_comp13+9_A_15_2_1_comp14+9_A_15_2_1_comp15+9_A_15_2_1_comp16+9_A_15_2_1_comp17,R_9_A_15_2_1,TCDB,TCDB.9_A_15_2_1_comp13
G_9_A_15_2_1_comp14,P_9_A_15_2_1_comp1+9_A_15_2_1_comp2+9_A_15_2_1_comp3+9_A_15_2_1_comp4+9_A_15_2_1_comp5+9_A_15_2_1_comp6+9_A_15_2_1_comp7+9_A_15_2_1_comp8+9_A_15_2_1_comp9+9_A_15_2_1_comp10+9_A_15_2_1_comp11+9_A_15_2_1_comp12+9_A_15_2_1_comp13+9_A_15_2_1_comp14+9_A_15_2_1_comp15+9_A_15_2_1_comp16+9_A_15_2_1_comp17,R_9_A_15_2_1,TCDB,TCDB.9_A_15_2_1_comp14
G_9_A_15_2_1_comp15,P_9_A_15_2_1_comp1+9_A_15_2_1_comp2+9_A_15_2_1_comp3+9_A_15_2_1_comp4+9_A_15_2_1_comp5+9_A_15_2_1_comp6+9_A_15_2_1_comp7+9_A_15_2_1_comp8+9_A_15_2_1_comp9+9_A_15_2_1_comp10+9_A_15_2_1_comp11+9_A_15_2_1_comp12+9_A_15_2_1_comp13+9_A_15_2_1_comp14+9_A_15_2_1_comp15+9_A_15_2_1_comp16+9_A_15_2_1_comp17,R_9_A_15_2_1,TCDB,TCDB.9_A_15_2_1_comp15
G_9_A_15_2_1_comp16,P_9_A_15_2_1_comp1+9_A_15_2_1_comp2+9_A_15_2_1_comp3+9_A_15_2_1_comp4+9_A_15_2_1_comp5+9_A_15_2_1_comp6+9_A_15_2_1_comp7+9_A_15_2_1_comp8+9_A_15_2_1_comp9+9_A_15_2_1_comp10+9_A_15_2_1_comp11+9_A_15_2_1_comp12+9_A_15_2_1_comp13+9_A_15_2_1_comp14+9_A_15_2_1_comp15+9_A_15_2_1_comp16+9_A_15_2_1_comp17,R_9_A_15_2_1,TCDB,TCDB.9_A_15_2_1_comp16
G_9_A_15_2_1_comp17,P_9_A_15_2_1_comp1+9_A_15_2_1_comp2+9_A_15_2_1_comp3+9_A_15_2_1_comp4+9_A_15_2_1_comp5+9_A_15_2_1_comp6+9_A_15_2_1_comp7+9_A_15_2_1_comp8+9_A_15_2_1_comp9+9_A_15_2_1_comp10+9_A_15_2_1_comp11+9_A_15_2_1_comp12+9_A_15_2_1_comp13+9_A_15_2_1_comp14+9_A_15_2_1_comp15+9_A_15_2_1_comp16+9_A_15_2_1_comp17,R_9_A_15_2_1,TCDB,TCDB.9_A_15_2_1_comp17
G_1_B_40_4_1_comp1,P_1_B_40_4_1_comp1,R_1_B_40_4_1,TCDB,TCDB.1_B_40_4_1_comp1
G_8_B_18_1_1_comp1,P_8_B_18_1_1_comp1,R_8_B_18_1_1,TCDB,TCDB.8_B_18_1_1_comp1
G_2_A_121_3_2_comp1,P_2_A_121_3_2_comp1,R_2_A_121_3_2,TCDB,TCDB.2_A_121_3_2_comp1
G_8_A_45_2_1_comp1,P_8_A_45_2_1_comp1,R_8_A_45_2_1,TCDB,TCDB.8_A_45_2_1_comp1
G_2_A_90_2_4_comp1,P_2_A_90_2_4_comp1,R_2_A_90_2_4,TCDB,TCDB.2_A_90_2_4_comp1
G_8_A_70_1_6_comp1,P_8_A_70_1_6_comp1,R_8_A_70_1_6,TCDB,TCDB.8_A_70_1_6_comp1
G_1_A_77_1_13_comp1,P_1_A_77_1_13_comp1,R_1_A_77_1_13,TCDB,TCDB.1_A_77_1_13_comp1
G_2_A_6_5_9_comp1,P_2_A_6_5_9_comp1,R_2_A_6_5_9,TCDB,TCDB.2_A_6_5_9_comp1
G_3_A_1_32_3_comp1,P_3_A_1_32_3_comp1+3_A_1_32_3_comp2+3_A_1_32_3_comp3,R_3_A_1_32_3,TCDB,TCDB.3_A_1_32_3_comp1
G_3_A_1_32_3_comp2,P_3_A_1_32_3_comp1+3_A_1_32_3_comp2+3_A_1_32_3_comp3,R_3_A_1_32_3,TCDB,TCDB.3_A_1_32_3_comp2
G_3_A_1_32_3_comp3,P_3_A_1_32_3_comp1+3_A_1_32_3_comp2+3_A_1_32_3_comp3,R_3_A_1_32_3,TCDB,TCDB.3_A_1_32_3_comp3
G_3_A_1_13_2_comp1,P_3_A_1_13_2_comp1+3_A_1_13_2_comp2+3_A_1_13_2_comp3,R_3_A_1_13_2,TCDB,TCDB.3_A_1_13_2_comp1
G_3_A_1_13_2_comp2,P_3_A_1_13_2_comp1+3_A_1_13_2_comp2+3_A_1_13_2_comp3,R_3_A_1_13_2,TCDB,TCDB.3_A_1_13_2_comp2
G_3_A_1_13_2_comp3,P_3_A_1_13_2_comp1+3_A_1_13_2_comp2+3_A_1_13_2_comp3,R_3_A_1_13_2,TCDB,TCDB.3_A_1_13_2_comp3
G_3_A_1_17_13_comp1,P_3_A_1_17_13_comp1+3_A_1_17_13_comp2+3_A_1_17_13_comp3,R_3_A_1_17_13,TCDB,TCDB.3_A_1_17_13_comp1
G_3_A_1_17_13_comp2,P_3_A_1_17_13_comp1+3_A_1_17_13_comp2+3_A_1_17_13_comp3,R_3_A_1_17_13,TCDB,TCDB.3_A_1_17_13_comp2
G_3_A_1_17_13_comp3,P_3_A_1_17_13_comp1+3_A_1_17_13_comp2+3_A_1_17_13_comp3,R_3_A_1_17_13,TCDB,TCDB.3_A_1_17_13_comp3
G_3_A_1_26_1_comp1,P_3_A_1_26_1_comp1+3_A_1_26_1_comp2,R_3_A_1_26_1,TCDB,TCDB.3_A_1_26_1_comp1
G_3_A_1_26_1_comp2,P_3_A_1_26_1_comp1+3_A_1_26_1_comp2,R_3_A_1_26_1,TCDB,TCDB.3_A_1_26_1_comp2
G_3_A_1_17_14_comp1,P_3_A_1_17_14_comp1+3_A_1_17_14_comp2,R_3_A_1_17_14,TCDB,TCDB.3_A_1_17_14_comp1
G_3_A_1_17_14_comp2,P_3_A_1_17_14_comp1+3_A_1_17_14_comp2,R_3_A_1_17_14,TCDB,TCDB.3_A_1_17_14_comp2
G_2_A_1_24_3_comp1,P_2_A_1_24_3_comp1,R_2_A_1_24_3,TCDB,TCDB.2_A_1_24_3_comp1
G_1_A_13_3_1_comp1,P_1_A_13_3_1_comp1,R_1_A_13_3_1,TCDB,TCDB.1_A_13_3_1_comp1
G_1_A_22_1_9_comp1,P_1_A_22_1_9_comp1,R_1_A_22_1_9,TCDB,TCDB.1_A_22_1_9_comp1
G_1_E_18_1_7_comp1,P_1_E_18_1_7_comp1,R_1_E_18_1_7,TCDB,TCDB.1_E_18_1_7_comp1
G_1_B_12_11_1_comp1,P_1_B_12_11_1_comp1,R_1_B_12_11_1,TCDB,TCDB.1_B_12_11_1_comp1
G_1_A_56_1_10_comp1,P_1_A_56_1_10_comp1,R_1_A_56_1_10,TCDB,TCDB.1_A_56_1_10_comp1
G_3_A_1_204_22_comp1,P_3_A_1_204_22_comp1+3_A_1_204_22_comp2,R_3_A_1_204_22,TCDB,TCDB.3_A_1_204_22_comp1
G_3_A_1_204_22_comp2,P_3_A_1_204_22_comp1+3_A_1_204_22_comp2,R_3_A_1_204_22,TCDB,TCDB.3_A_1_204_22_comp2
G_1_C_129_1_3_comp1,P_1_C_129_1_3_comp1,R_1_C_129_1_3,TCDB,TCDB.1_C_129_1_3_comp1
G_8_A_152_1_6_comp1,P_8_A_152_1_6_comp1,R_8_A_152_1_6,TCDB,TCDB.8_A_152_1_6_comp1
G_1_C_101_1_3_comp1,P_1_C_101_1_3_comp1,R_1_C_101_1_3,TCDB,TCDB.1_C_101_1_3_comp1
G_9_B_399_1_1_comp1,P_9_B_399_1_1_comp1,R_9_B_399_1_1,TCDB,TCDB.9_B_399_1_1_comp1
G_9_B_399_2_1_comp1,P_9_B_399_2_1_comp1,R_9_B_399_2_1,TCDB,TCDB.9_B_399_2_1_comp1
G_9_B_399_1_2_comp1,P_9_B_399_1_2_comp1,R_9_B_399_1_2,TCDB,TCDB.9_B_399_1_2_comp1
G_9_B_159_3_2_comp1,P_9_B_159_3_2_comp1,R_9_B_159_3_2,TCDB,TCDB.9_B_159_3_2_comp1
G_9_B_308_1_1_comp1,P_9_B_308_1_1_comp1,R_9_B_308_1_1,TCDB,TCDB.9_B_308_1_1_comp1
G_1_C_41_1_4_comp1,P_1_C_41_1_4_comp1+1_C_41_1_4_comp2,R_1_C_41_1_4,TCDB,TCDB.1_C_41_1_4_comp1
G_1_C_41_1_4_comp2,P_1_C_41_1_4_comp1+1_C_41_1_4_comp2,R_1_C_41_1_4,TCDB,TCDB.1_C_41_1_4_comp2
G_8_A_223_1_4_comp1,P_8_A_223_1_4_comp1,R_8_A_223_1_4,TCDB,TCDB.8_A_223_1_4_comp1
G_1_A_17_4_18_comp1,P_1_A_17_4_18_comp1,R_1_A_17_4_18,TCDB,TCDB.1_A_17_4_18_comp1
G_9_B_456_1_1_comp1,P_9_B_456_1_1_comp1,R_9_B_456_1_1,TCDB,TCDB.9_B_456_1_1_comp1
G_8_A_130_2_2_comp1,P_8_A_130_2_2_comp1,R_8_A_130_2_2,TCDB,TCDB.8_A_130_2_2_comp1
G_9_B_399_1_3_comp1,P_9_B_399_1_3_comp1,R_9_B_399_1_3,TCDB,TCDB.9_B_399_1_3_comp1
G_9_B_326_1_5_comp1,P_9_B_326_1_5_comp1,R_9_B_326_1_5,TCDB,TCDB.9_B_326_1_5_comp1
G_1_G_3_1_8_comp1,P_1_G_3_1_8_comp1,R_1_G_3_1_8,TCDB,TCDB.1_G_3_1_8_comp1
G_1_C_30_1_6_comp1,P_1_C_30_1_6_comp1+1_C_30_1_6_comp2,R_1_C_30_1_6,TCDB,TCDB.1_C_30_1_6_comp1
G_1_C_30_1_6_comp2,P_1_C_30_1_6_comp1+1_C_30_1_6_comp2,R_1_C_30_1_6,TCDB,TCDB.1_C_30_1_6_comp2
G_8_A_234_1_2_comp1,P_8_A_234_1_2_comp1,R_8_A_234_1_2,TCDB,TCDB.8_A_234_1_2_comp1
G_8_A_17_3_5_comp1,P_8_A_17_3_5_comp1,R_8_A_17_3_5,TCDB,TCDB.8_A_17_3_5_comp1
G_9_B_445_1_5_comp1,P_9_B_445_1_5_comp1,R_9_B_445_1_5,TCDB,TCDB.9_B_445_1_5_comp1
G_2_A_55_2_21_comp1,P_2_A_55_2_21_comp1,R_2_A_55_2_21,TCDB,TCDB.2_A_55_2_21_comp1
G_2_A_1_1_150_comp1,P_2_A_1_1_150_comp1,R_2_A_1_1_150,TCDB,TCDB.2_A_1_1_150_comp1
G_1_C_85_1_11_comp1,P_1_C_85_1_11_comp1,R_1_C_85_1_11,TCDB,TCDB.1_C_85_1_11_comp1
G_8_A_152_2_3_comp1,P_8_A_152_2_3_comp1,R_8_A_152_2_3,TCDB,TCDB.8_A_152_2_3_comp1
G_5_B_13_1_1_comp1,P_5_B_13_1_1_comp1+5_B_13_1_1_comp2+5_B_13_1_1_comp3+5_B_13_1_1_comp4+5_B_13_1_1_comp5+5_B_13_1_1_comp6,R_5_B_13_1_1,TCDB,TCDB.5_B_13_1_1_comp1
G_5_B_13_1_1_comp2,P_5_B_13_1_1_comp1+5_B_13_1_1_comp2+5_B_13_1_1_comp3+5_B_13_1_1_comp4+5_B_13_1_1_comp5+5_B_13_1_1_comp6,R_5_B_13_1_1,TCDB,TCDB.5_B_13_1_1_comp2
G_5_B_13_1_1_comp3,P_5_B_13_1_1_comp1+5_B_13_1_1_comp2+5_B_13_1_1_comp3+5_B_13_1_1_comp4+5_B_13_1_1_comp5+5_B_13_1_1_comp6,R_5_B_13_1_1,TCDB,TCDB.5_B_13_1_1_comp3
G_5_B_13_1_1_comp4,P_5_B_13_1_1_comp1+5_B_13_1_1_comp2+5_B_13_1_1_comp3+5_B_13_1_1_comp4+5_B_13_1_1_comp5+5_B_13_1_1_comp6,R_5_B_13_1_1,TCDB,TCDB.5_B_13_1_1_comp4
G_5_B_13_1_1_comp5,P_5_B_13_1_1_comp1+5_B_13_1_1_comp2+5_B_13_1_1_comp3+5_B_13_1_1_comp4+5_B_13_1_1_comp5+5_B_13_1_1_comp6,R_5_B_13_1_1,TCDB,TCDB.5_B_13_1_1_comp5
G_5_B_13_1_1_comp6,P_5_B_13_1_1_comp1+5_B_13_1_1_comp2+5_B_13_1_1_comp3+5_B_13_1_1_comp4+5_B_13_1_1_comp5+5_B_13_1_1_comp6,R_5_B_13_1_1,TCDB,TCDB.5_B_13_1_1_comp6
G_1_A_127_1_2_comp1,P_1_A_127_1_2_comp1,R_1_A_127_1_2,TCDB,TCDB.1_A_127_1_2_comp1
G_9_A_2_1_3_comp1,P_9_A_2_1_3_comp1+9_A_2_1_3_comp2,R_9_A_2_1_3,TCDB,TCDB.9_A_2_1_3_comp1
G_9_A_2_1_3_comp2,P_9_A_2_1_3_comp1+9_A_2_1_3_comp2,R_9_A_2_1_3,TCDB,TCDB.9_A_2_1_3_comp2
G_1_B_38_1_9_comp1,P_1_B_38_1_9_comp1,R_1_B_38_1_9,TCDB,TCDB.1_B_38_1_9_comp1
G_8_A_166_1_7_comp1,P_8_A_166_1_7_comp1,R_8_A_166_1_7,TCDB,TCDB.8_A_166_1_7_comp1
G_1_C_99_2_1_comp1,P_1_C_99_2_1_comp1,R_1_C_99_2_1,TCDB,TCDB.1_C_99_2_1_comp1
G_3_A_1_7_6_comp1,P_3_A_1_7_6_comp1+3_A_1_7_6_comp2+3_A_1_7_6_comp3+3_A_1_7_6_comp4,R_3_A_1_7_6,TCDB,TCDB.3_A_1_7_6_comp1
G_3_A_1_7_6_comp2,P_3_A_1_7_6_comp1+3_A_1_7_6_comp2+3_A_1_7_6_comp3+3_A_1_7_6_comp4,R_3_A_1_7_6,TCDB,TCDB.3_A_1_7_6_comp2
G_3_A_1_7_6_comp3,P_3_A_1_7_6_comp1+3_A_1_7_6_comp2+3_A_1_7_6_comp3+3_A_1_7_6_comp4,R_3_A_1_7_6,TCDB,TCDB.3_A_1_7_6_comp3
G_3_A_1_7_6_comp4,P_3_A_1_7_6_comp1+3_A_1_7_6_comp2+3_A_1_7_6_comp3+3_A_1_7_6_comp4,R_3_A_1_7_6,TCDB,TCDB.3_A_1_7_6_comp4
G_9_B_392_3_1_comp1,P_9_B_392_3_1_comp1,R_9_B_392_3_1,TCDB,TCDB.9_B_392_3_1_comp1
G_1_C_129_1_2_comp1,P_1_C_129_1_2_comp1,R_1_C_129_1_2,TCDB,TCDB.1_C_129_1_2_comp1
G_9_B_308_2_1_comp1,P_9_B_308_2_1_comp1,R_9_B_308_2_1,TCDB,TCDB.9_B_308_2_1_comp1
G_9_B_414_1_1_comp1,P_9_B_414_1_1_comp1,R_9_B_414_1_1,TCDB,TCDB.9_B_414_1_1_comp1
G_9_B_415_1_1_comp1,P_9_B_415_1_1_comp1,R_9_B_415_1_1,TCDB,TCDB.9_B_415_1_1_comp1
G_9_B_395_1_1_comp1,P_9_B_395_1_1_comp1,R_9_B_395_1_1,TCDB,TCDB.9_B_395_1_1_comp1
G_3_D_7_1_4_comp1,P_3_D_7_1_4_comp1+3_D_7_1_4_comp2+3_D_7_1_4_comp3+3_D_7_1_4_comp4+3_D_7_1_4_comp5,R_3_D_7_1_4,TCDB,TCDB.3_D_7_1_4_comp1
G_3_D_7_1_4_comp2,P_3_D_7_1_4_comp1+3_D_7_1_4_comp2+3_D_7_1_4_comp3+3_D_7_1_4_comp4+3_D_7_1_4_comp5,R_3_D_7_1_4,TCDB,TCDB.3_D_7_1_4_comp2
G_3_D_7_1_4_comp3,P_3_D_7_1_4_comp1+3_D_7_1_4_comp2+3_D_7_1_4_comp3+3_D_7_1_4_comp4+3_D_7_1_4_comp5,R_3_D_7_1_4,TCDB,TCDB.3_D_7_1_4_comp3
G_3_D_7_1_4_comp4,P_3_D_7_1_4_comp1+3_D_7_1_4_comp2+3_D_7_1_4_comp3+3_D_7_1_4_comp4+3_D_7_1_4_comp5,R_3_D_7_1_4,TCDB,TCDB.3_D_7_1_4_comp4
G_3_D_7_1_4_comp5,P_3_D_7_1_4_comp1+3_D_7_1_4_comp2+3_D_7_1_4_comp3+3_D_7_1_4_comp4+3_D_7_1_4_comp5,R_3_D_7_1_4,TCDB,TCDB.3_D_7_1_4_comp5
G_9_B_408_1_2_comp1,P_9_B_408_1_2_comp1,R_9_B_408_1_2,TCDB,TCDB.9_B_408_1_2_comp1
G_2_C_1_4_4_comp1,P_2_C_1_4_4_comp1,R_2_C_1_4_4,TCDB,TCDB.2_C_1_4_4_comp1
G_2_A_1_3_85_comp1,P_2_A_1_3_85_comp1,R_2_A_1_3_85,TCDB,TCDB.2_A_1_3_85_comp1
G_1_A_30_6_2_comp1,P_1_A_30_6_2_comp1+1_A_30_6_2_comp2,R_1_A_30_6_2,TCDB,TCDB.1_A_30_6_2_comp1
G_1_A_30_6_2_comp2,P_1_A_30_6_2_comp1+1_A_30_6_2_comp2,R_1_A_30_6_2,TCDB,TCDB.1_A_30_6_2_comp2
G_1_A_30_6_1_comp1,P_1_A_30_6_1_comp1+1_A_30_6_1_comp2,R_1_A_30_6_1,TCDB,TCDB.1_A_30_6_1_comp1
G_1_A_30_6_1_comp2,P_1_A_30_6_1_comp1+1_A_30_6_1_comp2,R_1_A_30_6_1,TCDB,TCDB.1_A_30_6_1_comp2
G_1_A_8_2_10_comp1,P_1_A_8_2_10_comp1,R_1_A_8_2_10,TCDB,TCDB.1_A_8_2_10_comp1
G_9_B_221_1_6_comp1,P_9_B_221_1_6_comp1,R_9_B_221_1_6,TCDB,TCDB.9_B_221_1_6_comp1
G_9_A_74_1_1_comp1,P_9_A_74_1_1_comp1+9_A_74_1_1_comp2,R_9_A_74_1_1,TCDB,TCDB.9_A_74_1_1_comp1
G_9_A_74_1_1_comp2,P_9_A_74_1_1_comp1+9_A_74_1_1_comp2,R_9_A_74_1_1,TCDB,TCDB.9_A_74_1_1_comp2
G_8_A_21_2_7_comp1,P_8_A_21_2_7_comp1,R_8_A_21_2_7,TCDB,TCDB.8_A_21_2_7_comp1
G_1_C_12_1_16_comp1,P_1_C_12_1_16_comp1,R_1_C_12_1_16,TCDB,TCDB.1_C_12_1_16_comp1
G_2_A_1_62_5_comp1,P_2_A_1_62_5_comp1,R_2_A_1_62_5,TCDB,TCDB.2_A_1_62_5_comp1
G_4_A_2_1_27_comp1,P_4_A_2_1_27_comp1,R_4_A_2_1_27,TCDB,TCDB.4_A_2_1_27_comp1
G_3_A_1_22_2_comp1,P_3_A_1_22_2_comp1+3_A_1_22_2_comp2+3_A_1_22_2_comp3+3_A_1_22_2_comp4,R_3_A_1_22_2,TCDB,TCDB.3_A_1_22_2_comp1
G_3_A_1_22_2_comp2,P_3_A_1_22_2_comp1+3_A_1_22_2_comp2+3_A_1_22_2_comp3+3_A_1_22_2_comp4,R_3_A_1_22_2,TCDB,TCDB.3_A_1_22_2_comp2
G_3_A_1_22_2_comp3,P_3_A_1_22_2_comp1+3_A_1_22_2_comp2+3_A_1_22_2_comp3+3_A_1_22_2_comp4,R_3_A_1_22_2,TCDB,TCDB.3_A_1_22_2_comp3
G_3_A_1_22_2_comp4,P_3_A_1_22_2_comp1+3_A_1_22_2_comp2+3_A_1_22_2_comp3+3_A_1_22_2_comp4,R_3_A_1_22_2,TCDB,TCDB.3_A_1_22_2_comp4
G_2_C_1_2_5_comp1,P_2_C_1_2_5_comp1+2_C_1_2_5_comp2+2_C_1_2_5_comp3+2_C_1_2_5_comp4,R_2_C_1_2_5,TCDB,TCDB.2_C_1_2_5_comp1
G_2_C_1_2_5_comp2,P_2_C_1_2_5_comp1+2_C_1_2_5_comp2+2_C_1_2_5_comp3+2_C_1_2_5_comp4,R_2_C_1_2_5,TCDB,TCDB.2_C_1_2_5_comp2
G_2_C_1_2_5_comp3,P_2_C_1_2_5_comp1+2_C_1_2_5_comp2+2_C_1_2_5_comp3+2_C_1_2_5_comp4,R_2_C_1_2_5,TCDB,TCDB.2_C_1_2_5_comp3
G_2_C_1_2_5_comp4,P_2_C_1_2_5_comp1+2_C_1_2_5_comp2+2_C_1_2_5_comp3+2_C_1_2_5_comp4,R_2_C_1_2_5,TCDB,TCDB.2_C_1_2_5_comp4
G_3_A_26_1_1_comp1,P_3_A_26_1_1_comp1+3_A_26_1_1_comp2+3_A_26_1_1_comp3+3_A_26_1_1_comp4+3_A_26_1_1_comp5+3_A_26_1_1_comp6+3_A_26_1_1_comp7,R_3_A_26_1_1,TCDB,TCDB.3_A_26_1_1_comp1
G_3_A_26_1_1_comp2,P_3_A_26_1_1_comp1+3_A_26_1_1_comp2+3_A_26_1_1_comp3+3_A_26_1_1_comp4+3_A_26_1_1_comp5+3_A_26_1_1_comp6+3_A_26_1_1_comp7,R_3_A_26_1_1,TCDB,TCDB.3_A_26_1_1_comp2
G_3_A_26_1_1_comp3,P_3_A_26_1_1_comp1+3_A_26_1_1_comp2+3_A_26_1_1_comp3+3_A_26_1_1_comp4+3_A_26_1_1_comp5+3_A_26_1_1_comp6+3_A_26_1_1_comp7,R_3_A_26_1_1,TCDB,TCDB.3_A_26_1_1_comp3
G_3_A_26_1_1_comp4,P_3_A_26_1_1_comp1+3_A_26_1_1_comp2+3_A_26_1_1_comp3+3_A_26_1_1_comp4+3_A_26_1_1_comp5+3_A_26_1_1_comp6+3_A_26_1_1_comp7,R_3_A_26_1_1,TCDB,TCDB.3_A_26_1_1_comp4
G_3_A_26_1_1_comp5,P_3_A_26_1_1_comp1+3_A_26_1_1_comp2+3_A_26_1_1_comp3+3_A_26_1_1_comp4+3_A_26_1_1_comp5+3_A_26_1_1_comp6+3_A_26_1_1_comp7,R_3_A_26_1_1,TCDB,TCDB.3_A_26_1_1_comp5
G_3_A_26_1_1_comp6,P_3_A_26_1_1_comp1+3_A_26_1_1_comp2+3_A_26_1_1_comp3+3_A_26_1_1_comp4+3_A_26_1_1_comp5+3_A_26_1_1_comp6+3_A_26_1_1_comp7,R_3_A_26_1_1,TCDB,TCDB.3_A_26_1_1_comp6
G_3_A_26_1_1_comp7,P_3_A_26_1_1_comp1+3_A_26_1_1_comp2+3_A_26_1_1_comp3+3_A_26_1_1_comp4+3_A_26_1_1_comp5+3_A_26_1_1_comp6+3_A_26_1_1_comp7,R_3_A_26_1_1,TCDB,TCDB.3_A_26_1_1_comp7
G_1_H_3_1_12_comp1,P_1_H_3_1_12_comp1,R_1_H_3_1_12,TCDB,TCDB.1_H_3_1_12_comp1
G_9_B_308_3_1_comp1,P_9_B_308_3_1_comp1,R_9_B_308_3_1,TCDB,TCDB.9_B_308_3_1_comp1
G_2_A_1_1_141_comp1,P_2_A_1_1_141_comp1,R_2_A_1_1_141,TCDB,TCDB.2_A_1_1_141_comp1
G_1_B_40_2_8_comp1,P_1_B_40_2_8_comp1,R_1_B_40_2_8,TCDB,TCDB.1_B_40_2_8_comp1
G_1_B_6_1_25_comp1,P_1_B_6_1_25_comp1,R_1_B_6_1_25,TCDB,TCDB.1_B_6_1_25_comp1
G_2_A_86_1_16_comp1,P_2_A_86_1_16_comp1,R_2_A_86_1_16,TCDB,TCDB.2_A_86_1_16_comp1
G_1_A_30_6_8_comp1,P_1_A_30_6_8_comp1+1_A_30_6_8_comp2,R_1_A_30_6_8,TCDB,TCDB.1_A_30_6_8_comp1
G_1_A_30_6_8_comp2,P_1_A_30_6_8_comp1+1_A_30_6_8_comp2,R_1_A_30_6_8,TCDB,TCDB.1_A_30_6_8_comp2
G_1_A_30_6_5_comp1,P_1_A_30_6_5_comp1,R_1_A_30_6_5,TCDB,TCDB.1_A_30_6_5_comp1
G_9_B_33_1_5_comp1,P_9_B_33_1_5_comp1,R_9_B_33_1_5,TCDB,TCDB.9_B_33_1_5_comp1
G_1_E_63_1_12_comp1,P_1_E_63_1_12_comp1,R_1_E_63_1_12,TCDB,TCDB.1_E_63_1_12_comp1
G_8_B_10_2_4_comp1,P_8_B_10_2_4_comp1,R_8_B_10_2_4,TCDB,TCDB.8_B_10_2_4_comp1
G_1_A_91_1_3_comp1,P_1_A_91_1_3_comp1,R_1_A_91_1_3,TCDB,TCDB.1_A_91_1_3_comp1
G_2_A_1_2_114_comp1,P_2_A_1_2_114_comp1,R_2_A_1_2_114,TCDB,TCDB.2_A_1_2_114_comp1
G_1_A_42_1_5_comp1,P_1_A_42_1_5_comp1,R_1_A_42_1_5,TCDB,TCDB.1_A_42_1_5_comp1
G_1_B_3_1_13_comp1,P_1_B_3_1_13_comp1,R_1_B_3_1_13,TCDB,TCDB.1_B_3_1_13_comp1
G_1_A_89_1_6_comp1,P_1_A_89_1_6_comp1,R_1_A_89_1_6,TCDB,TCDB.1_A_89_1_6_comp1
G_1_C_3_4_5_comp1,P_1_C_3_4_5_comp1+1_C_3_4_5_comp2,R_1_C_3_4_5,TCDB,TCDB.1_C_3_4_5_comp1
G_1_C_3_4_5_comp2,P_1_C_3_4_5_comp1+1_C_3_4_5_comp2,R_1_C_3_4_5,TCDB,TCDB.1_C_3_4_5_comp2
G_8_B_1_1_10_comp1,P_8_B_1_1_10_comp1,R_8_B_1_1_10,TCDB,TCDB.8_B_1_1_10_comp1
G_8_B_32_1_12_comp1,P_8_B_32_1_12_comp1,R_8_B_32_1_12,TCDB,TCDB.8_B_32_1_12_comp1
G_8_B_35_1_2_comp1,P_8_B_35_1_2_comp1,R_8_B_35_1_2,TCDB,TCDB.8_B_35_1_2_comp1
G_1_A_92_1_2_comp1,P_1_A_92_1_2_comp1,R_1_A_92_1_2,TCDB,TCDB.1_A_92_1_2_comp1
G_8_B_23_2_2_comp1,P_8_B_23_2_2_comp1,R_8_B_23_2_2,TCDB,TCDB.8_B_23_2_2_comp1
G_1_A_35_5_11_comp1,P_1_A_35_5_11_comp1,R_1_A_35_5_11,TCDB,TCDB.1_A_35_5_11_comp1
G_2_A_7_4_9_comp1,P_2_A_7_4_9_comp1,R_2_A_7_4_9,TCDB,TCDB.2_A_7_4_9_comp1
G_1_C_11_1_9_comp1,P_1_C_11_1_9_comp1,R_1_C_11_1_9,TCDB,TCDB.1_C_11_1_9_comp1
G_1_B_34_3_3_comp1,P_1_B_34_3_3_comp1,R_1_B_34_3_3,TCDB,TCDB.1_B_34_3_3_comp1
G_8_A_146_3_2_comp1,P_8_A_146_3_2_comp1,R_8_A_146_3_2,TCDB,TCDB.8_A_146_3_2_comp1
G_1_W_1_1_2_comp1,P_1_W_1_1_2_comp1,R_1_W_1_1_2,TCDB,TCDB.1_W_1_1_2_comp1
G_1_A_11_1_10_comp1,P_1_A_11_1_10_comp1,R_1_A_11_1_10,TCDB,TCDB.1_A_11_1_10_comp1
G_1_C_133_1_2_comp1,P_1_C_133_1_2_comp1,R_1_C_133_1_2,TCDB,TCDB.1_C_133_1_2_comp1
G_2_A_20_2_13_comp1,P_2_A_20_2_13_comp1,R_2_A_20_2_13,TCDB,TCDB.2_A_20_2_13_comp1
G_3_E_3_1_4_comp1,P_3_E_3_1_4_comp1,R_3_E_3_1_4,TCDB,TCDB.3_E_3_1_4_comp1
G_3_E_3_1_8_comp1,P_3_E_3_1_8_comp1,R_3_E_3_1_8,TCDB,TCDB.3_E_3_1_8_comp1
G_1_A_1_12_5_comp1,P_1_A_1_12_5_comp1,R_1_A_1_12_5,TCDB,TCDB.1_A_1_12_5_comp1
G_9_B_240_1_3_comp1,P_9_B_240_1_3_comp1,R_9_B_240_1_3,TCDB,TCDB.9_B_240_1_3_comp1
G_1_C_124_1_6_comp1,P_1_C_124_1_6_comp1,R_1_C_124_1_6,TCDB,TCDB.1_C_124_1_6_comp1
G_8_B_2_1_3_comp1,P_8_B_2_1_3_comp1,R_8_B_2_1_3,TCDB,TCDB.8_B_2_1_3_comp1
G_1_B_34_2_3_comp1,P_1_B_34_2_3_comp1,R_1_B_34_2_3,TCDB,TCDB.1_B_34_2_3_comp1
G_1_A_11_2_14_comp1,P_1_A_11_2_14_comp1,R_1_A_11_2_14,TCDB,TCDB.1_A_11_2_14_comp1
G_9_B_361_4_1_comp1,P_9_B_361_4_1_comp1,R_9_B_361_4_1,TCDB,TCDB.9_B_361_4_1_comp1
G_1_A_120_1_2_comp1,P_1_A_120_1_2_comp1,R_1_A_120_1_2,TCDB,TCDB.1_A_120_1_2_comp1
G_1_A_102_1_4_comp1,P_1_A_102_1_4_comp1,R_1_A_102_1_4,TCDB,TCDB.1_A_102_1_4_comp1
G_1_C_133_2_1_comp1,P_1_C_133_2_1_comp1,R_1_C_133_2_1,TCDB,TCDB.1_C_133_2_1_comp1
G_9_B_444_1_3_comp1,P_9_B_444_1_3_comp1,R_9_B_444_1_3,TCDB,TCDB.9_B_444_1_3_comp1
G_9_B_308_4_2_comp1,P_9_B_308_4_2_comp1,R_9_B_308_4_2,TCDB,TCDB.9_B_308_4_2_comp1
G_1_G_4_1_5_comp1,P_1_G_4_1_5_comp1,R_1_G_4_1_5,TCDB,TCDB.1_G_4_1_5_comp1
G_2_A_87_5_4_comp1,P_2_A_87_5_4_comp1,R_2_A_87_5_4,TCDB,TCDB.2_A_87_5_4_comp1
G_1_B_89_1_2_comp1,P_1_B_89_1_2_comp1,R_1_B_89_1_2,TCDB,TCDB.1_B_89_1_2_comp1
G_1_G_8_1_3_comp1,P_1_G_8_1_3_comp1,R_1_G_8_1_3,TCDB,TCDB.1_G_8_1_3_comp1
G_9_B_291_1_2_comp1,P_9_B_291_1_2_comp1,R_9_B_291_1_2,TCDB,TCDB.9_B_291_1_2_comp1
G_1_G_1_1_7_comp1,P_1_G_1_1_7_comp1,R_1_G_1_1_7,TCDB,TCDB.1_G_1_1_7_comp1
G_9_B_174_2_3_comp1,P_9_B_174_2_3_comp1,R_9_B_174_2_3,TCDB,TCDB.9_B_174_2_3_comp1
G_9_B_347_5_2_comp1,P_9_B_347_5_2_comp1,R_9_B_347_5_2,TCDB,TCDB.9_B_347_5_2_comp1
G_1_A_116_1_7_comp1,P_1_A_116_1_7_comp1,R_1_A_116_1_7,TCDB,TCDB.1_A_116_1_7_comp1
G_3_A_1_143_4_comp1,P_3_A_1_143_4_comp1+3_A_1_143_4_comp2,R_3_A_1_143_4,TCDB,TCDB.3_A_1_143_4_comp1
G_3_A_1_143_4_comp2,P_3_A_1_143_4_comp1+3_A_1_143_4_comp2,R_3_A_1_143_4,TCDB,TCDB.3_A_1_143_4_comp2
G_8_A_21_2_6_comp1,P_8_A_21_2_6_comp1,R_8_A_21_2_6,TCDB,TCDB.8_A_21_2_6_comp1
G_9_B_377_1_3_comp1,P_9_B_377_1_3_comp1,R_9_B_377_1_3,TCDB,TCDB.9_B_377_1_3_comp1
G_1_G_3_1_10_comp1,P_1_G_3_1_10_comp1,R_1_G_3_1_10,TCDB,TCDB.1_G_3_1_10_comp1
G_1_M_1_3_12_comp1,P_1_M_1_3_12_comp1,R_1_M_1_3_12,TCDB,TCDB.1_M_1_3_12_comp1
G_9_B_344_2_7_comp1,P_9_B_344_2_7_comp1,R_9_B_344_2_7,TCDB,TCDB.9_B_344_2_7_comp1
G_2_A_1_1_122_comp1,P_2_A_1_1_122_comp1,R_2_A_1_1_122,TCDB,TCDB.2_A_1_1_122_comp1
G_1_E_7_1_3_comp1,P_1_E_7_1_3_comp1,R_1_E_7_1_3,TCDB,TCDB.1_E_7_1_3_comp1
G_1_C_124_1_2_comp1,P_1_C_124_1_2_comp1,R_1_C_124_1_2,TCDB,TCDB.1_C_124_1_2_comp1
G_1_B_89_1_18_comp1,P_1_B_89_1_18_comp1,R_1_B_89_1_18,TCDB,TCDB.1_B_89_1_18_comp1
G_1_W_2_1_6_comp1,P_1_W_2_1_6_comp1,R_1_W_2_1_6,TCDB,TCDB.1_W_2_1_6_comp1
G_2_A_1_3_76_comp1,P_2_A_1_3_76_comp1,R_2_A_1_3_76,TCDB,TCDB.2_A_1_3_76_comp1
G_3_A_1_120_7_comp1,P_3_A_1_120_7_comp1,R_3_A_1_120_7,TCDB,TCDB.3_A_1_120_7_comp1
G_2_A_1_3_77_comp1,P_2_A_1_3_77_comp1,R_2_A_1_3_77,TCDB,TCDB.2_A_1_3_77_comp1
G_1_G_18_1_5_comp1,P_1_G_18_1_5_comp1,R_1_G_18_1_5,TCDB,TCDB.1_G_18_1_5_comp1
G_1_C_64_1_9_comp1,P_1_C_64_1_9_comp1,R_1_C_64_1_9,TCDB,TCDB.1_C_64_1_9_comp1
G_2_A_6_4_4_comp1,P_2_A_6_4_4_comp1,R_2_A_6_4_4,TCDB,TCDB.2_A_6_4_4_comp1
G_1_B_22_4_4_comp1,P_1_B_22_4_4_comp1,R_1_B_22_4_4,TCDB,TCDB.1_B_22_4_4_comp1
G_1_K_4_1_2_comp1,P_1_K_4_1_2_comp1+1_K_4_1_2_comp2+1_K_4_1_2_comp3,R_1_K_4_1_2,TCDB,TCDB.1_K_4_1_2_comp1
G_1_K_4_1_2_comp2,P_1_K_4_1_2_comp1+1_K_4_1_2_comp2+1_K_4_1_2_comp3,R_1_K_4_1_2,TCDB,TCDB.1_K_4_1_2_comp2
G_1_K_4_1_2_comp3,P_1_K_4_1_2_comp1+1_K_4_1_2_comp2+1_K_4_1_2_comp3,R_1_K_4_1_2,TCDB,TCDB.1_K_4_1_2_comp3
G_8_A_33_1_5_comp1,P_8_A_33_1_5_comp1,R_8_A_33_1_5,TCDB,TCDB.8_A_33_1_5_comp1
G_9_B_237_1_5_comp1,P_9_B_237_1_5_comp1,R_9_B_237_1_5,TCDB,TCDB.9_B_237_1_5_comp1
G_9_B_444_1_5_comp1,P_9_B_444_1_5_comp1,R_9_B_444_1_5,TCDB,TCDB.9_B_444_1_5_comp1
G_1_A_116_1_2_comp1,P_1_A_116_1_2_comp1,R_1_A_116_1_2,TCDB,TCDB.1_A_116_1_2_comp1
G_1_B_59_2_1_comp1,P_1_B_59_2_1_comp1,R_1_B_59_2_1,TCDB,TCDB.1_B_59_2_1_comp1
G_1_M_1_3_7_comp1,P_1_M_1_3_7_comp1+1_M_1_3_7_comp2,R_1_M_1_3_7,TCDB,TCDB.1_M_1_3_7_comp1
G_1_M_1_3_7_comp2,P_1_M_1_3_7_comp1+1_M_1_3_7_comp2,R_1_M_1_3_7,TCDB,TCDB.1_M_1_3_7_comp2
G_2_A_1_9_12_comp1,P_2_A_1_9_12_comp1,R_2_A_1_9_12,TCDB,TCDB.2_A_1_9_12_comp1
G_9_B_432_1_7_comp1,P_9_B_432_1_7_comp1,R_9_B_432_1_7,TCDB,TCDB.9_B_432_1_7_comp1
G_3_A_3_8_19_comp1,P_3_A_3_8_19_comp1,R_3_A_3_8_19,TCDB,TCDB.3_A_3_8_19_comp1
G_1_C_126_1_4_comp1,P_1_C_126_1_4_comp1,R_1_C_126_1_4,TCDB,TCDB.1_C_126_1_4_comp1
G_1_A_86_1_3_comp1,P_1_A_86_1_3_comp1,R_1_A_86_1_3,TCDB,TCDB.1_A_86_1_3_comp1
G_3_A_1_204_34_comp1,P_3_A_1_204_34_comp1,R_3_A_1_204_34,TCDB,TCDB.3_A_1_204_34_comp1
G_1_G_18_1_4_comp1,P_1_G_18_1_4_comp1,R_1_G_18_1_4,TCDB,TCDB.1_G_18_1_4_comp1
G_1_A_11_4_11_comp1,P_1_A_11_4_11_comp1,R_1_A_11_4_11,TCDB,TCDB.1_A_11_4_11_comp1
G_1_B_20_2_3_comp1,P_1_B_20_2_3_comp1,R_1_B_20_2_3,TCDB,TCDB.1_B_20_2_3_comp1
G_9_B_320_2_1_comp1,P_9_B_320_2_1_comp1,R_9_B_320_2_1,TCDB,TCDB.9_B_320_2_1_comp1
G_8_A_72_1_3_comp1,P_8_A_72_1_3_comp1,R_8_A_72_1_3,TCDB,TCDB.8_A_72_1_3_comp1
G_1_A_3_1_11_comp1,P_1_A_3_1_11_comp1,R_1_A_3_1_11,TCDB,TCDB.1_A_3_1_11_comp1
G_9_B_375_1_2_comp1,P_9_B_375_1_2_comp1,R_9_B_375_1_2,TCDB,TCDB.9_B_375_1_2_comp1
G_3_E_1_5_1_comp1,P_3_E_1_5_1_comp1,R_3_E_1_5_1,TCDB,TCDB.3_E_1_5_1_comp1
G_1_A_11_4_8_comp1,P_1_A_11_4_8_comp1,R_1_A_11_4_8,TCDB,TCDB.1_A_11_4_8_comp1
G_1_A_11_4_9_comp1,P_1_A_11_4_9_comp1,R_1_A_11_4_9,TCDB,TCDB.1_A_11_4_9_comp1
G_1_C_125_1_2_comp1,P_1_C_125_1_2_comp1+1_C_125_1_2_comp2,R_1_C_125_1_2,TCDB,TCDB.1_C_125_1_2_comp1
G_1_C_125_1_2_comp2,P_1_C_125_1_2_comp1+1_C_125_1_2_comp2,R_1_C_125_1_2,TCDB,TCDB.1_C_125_1_2_comp2
G_1_C_125_1_3_comp1,P_1_C_125_1_3_comp1+1_C_125_1_3_comp2+1_C_125_1_3_comp3,R_1_C_125_1_3,TCDB,TCDB.1_C_125_1_3_comp1
G_1_C_125_1_3_comp2,P_1_C_125_1_3_comp1+1_C_125_1_3_comp2+1_C_125_1_3_comp3,R_1_C_125_1_3,TCDB,TCDB.1_C_125_1_3_comp2
G_1_C_125_1_3_comp3,P_1_C_125_1_3_comp1+1_C_125_1_3_comp2+1_C_125_1_3_comp3,R_1_C_125_1_3,TCDB,TCDB.1_C_125_1_3_comp3
G_3_A_1_15_16_comp1,P_3_A_1_15_16_comp1+3_A_1_15_16_comp2+3_A_1_15_16_comp3,R_3_A_1_15_16,TCDB,TCDB.3_A_1_15_16_comp1
G_3_A_1_15_16_comp2,P_3_A_1_15_16_comp1+3_A_1_15_16_comp2+3_A_1_15_16_comp3,R_3_A_1_15_16,TCDB,TCDB.3_A_1_15_16_comp2
G_3_A_1_15_16_comp3,P_3_A_1_15_16_comp1+3_A_1_15_16_comp2+3_A_1_15_16_comp3,R_3_A_1_15_16,TCDB,TCDB.3_A_1_15_16_comp3
G_1_B_14_4_3_comp1,P_1_B_14_4_3_comp1,R_1_B_14_4_3,TCDB,TCDB.1_B_14_4_3_comp1
G_9_B_238_3_6_comp1,P_9_B_238_3_6_comp1,R_9_B_238_3_6,TCDB,TCDB.9_B_238_3_6_comp1
G_9_B_109_1_5_comp1,P_9_B_109_1_5_comp1,R_9_B_109_1_5,TCDB,TCDB.9_B_109_1_5_comp1
G_8_B_32_1_3_comp1,P_8_B_32_1_3_comp1,R_8_B_32_1_3,TCDB,TCDB.8_B_32_1_3_comp1
G_1_A_116_1_5_comp1,P_1_A_116_1_5_comp1,R_1_A_116_1_5,TCDB,TCDB.1_A_116_1_5_comp1
G_1_A_17_5_22_comp1,P_1_A_17_5_22_comp1,R_1_A_17_5_22,TCDB,TCDB.1_A_17_5_22_comp1
G_2_A_1_1_131_comp1,P_2_A_1_1_131_comp1,R_2_A_1_1_131,TCDB,TCDB.2_A_1_1_131_comp1
G_1_A_85_1_5_comp1,P_1_A_85_1_5_comp1,R_1_A_85_1_5,TCDB,TCDB.1_A_85_1_5_comp1
G_2_A_1_1_123_comp1,P_2_A_1_1_123_comp1,R_2_A_1_1_123,TCDB,TCDB.2_A_1_1_123_comp1
G_2_A_15_1_13_comp1,P_2_A_15_1_13_comp1,R_2_A_15_1_13,TCDB,TCDB.2_A_15_1_13_comp1
G_3_A_1_201_35_comp1,P_3_A_1_201_35_comp1,R_3_A_1_201_35,TCDB,TCDB.3_A_1_201_35_comp1
G_1_A_8_8_17_comp1,P_1_A_8_8_17_comp1,R_1_A_8_8_17,TCDB,TCDB.1_A_8_8_17_comp1
G_9_B_36_4_6_comp1,P_9_B_36_4_6_comp1,R_9_B_36_4_6,TCDB,TCDB.9_B_36_4_6_comp1
G_9_B_379_1_1_comp1,P_9_B_379_1_1_comp1,R_9_B_379_1_1,TCDB,TCDB.9_B_379_1_1_comp1
G_1_A_42_1_4_comp1,P_1_A_42_1_4_comp1,R_1_A_42_1_4,TCDB,TCDB.1_A_42_1_4_comp1
G_1_A_102_1_3_comp1,P_1_A_102_1_3_comp1,R_1_A_102_1_3,TCDB,TCDB.1_A_102_1_3_comp1
G_1_C_3_2_6_comp1,P_1_C_3_2_6_comp1,R_1_C_3_2_6,TCDB,TCDB.1_C_3_2_6_comp1
G_2_A_57_1_12_comp1,P_2_A_57_1_12_comp1,R_2_A_57_1_12,TCDB,TCDB.2_A_57_1_12_comp1
G_9_B_154_1_11_comp1,P_9_B_154_1_11_comp1,R_9_B_154_1_11,TCDB,TCDB.9_B_154_1_11_comp1
G_1_A_40_1_2_comp1,P_1_A_40_1_2_comp1,R_1_A_40_1_2,TCDB,TCDB.1_A_40_1_2_comp1
G_1_E_11_3_9_comp1,P_1_E_11_3_9_comp1,R_1_E_11_3_9,TCDB,TCDB.1_E_11_3_9_comp1
G_1_A_95_2_1_comp1,P_1_A_95_2_1_comp1,R_1_A_95_2_1,TCDB,TCDB.1_A_95_2_1_comp1
G_1_A_95_1_5_comp1,P_1_A_95_1_5_comp1,R_1_A_95_1_5,TCDB,TCDB.1_A_95_1_5_comp1
G_1_A_95_1_3_comp1,P_1_A_95_1_3_comp1,R_1_A_95_1_3,TCDB,TCDB.1_A_95_1_3_comp1
G_1_A_95_2_2_comp1,P_1_A_95_2_2_comp1,R_1_A_95_2_2,TCDB,TCDB.1_A_95_2_2_comp1
G_1_A_100_1_2_comp1,P_1_A_100_1_2_comp1,R_1_A_100_1_2,TCDB,TCDB.1_A_100_1_2_comp1
G_1_A_95_2_3_comp1,P_1_A_95_2_3_comp1,R_1_A_95_2_3,TCDB,TCDB.1_A_95_2_3_comp1
G_9_B_392_3_2_comp1,P_9_B_392_3_2_comp1,R_9_B_392_3_2,TCDB,TCDB.9_B_392_3_2_comp1
G_1_A_40_2_3_comp1,P_1_A_40_2_3_comp1,R_1_A_40_2_3,TCDB,TCDB.1_A_40_2_3_comp1
G_3_A_1_105_25_comp1,P_3_A_1_105_25_comp1,R_3_A_1_105_25,TCDB,TCDB.3_A_1_105_25_comp1
G_1_W_4_2_1_comp1,P_1_W_4_2_1_comp1,R_1_W_4_2_1,TCDB,TCDB.1_W_4_2_1_comp1
G_1_B_1_1_28_comp1,P_1_B_1_1_28_comp1,R_1_B_1_1_28,TCDB,TCDB.1_B_1_1_28_comp1
G_9_B_323_1_5_comp1,P_9_B_323_1_5_comp1,R_9_B_323_1_5,TCDB,TCDB.9_B_323_1_5_comp1
G_1_B_20_4_1_comp1,P_1_B_20_4_1_comp1,R_1_B_20_4_1,TCDB,TCDB.1_B_20_4_1_comp1
G_1_C_75_1_8_comp1,P_1_C_75_1_8_comp1,R_1_C_75_1_8,TCDB,TCDB.1_C_75_1_8_comp1
G_1_A_79_1_9_comp1,P_1_A_79_1_9_comp1+1_A_79_1_9_comp2,R_1_A_79_1_9,TCDB,TCDB.1_A_79_1_9_comp1
G_1_A_79_1_9_comp2,P_1_A_79_1_9_comp1+1_A_79_1_9_comp2,R_1_A_79_1_9,TCDB,TCDB.1_A_79_1_9_comp2
G_3_A_1_122_36_comp1,P_3_A_1_122_36_comp1,R_3_A_1_122_36,TCDB,TCDB.3_A_1_122_36_comp1
G_1_B_34_1_5_comp1,P_1_B_34_1_5_comp1,R_1_B_34_1_5,TCDB,TCDB.1_B_34_1_5_comp1
G_1_A_65_1_5_comp1,P_1_A_65_1_5_comp1,R_1_A_65_1_5,TCDB,TCDB.1_A_65_1_5_comp1
G_1_C_36_3_6_comp1,P_1_C_36_3_6_comp1+1_C_36_3_6_comp2,R_1_C_36_3_6,TCDB,TCDB.1_C_36_3_6_comp1
G_1_C_36_3_6_comp2,P_1_C_36_3_6_comp1+1_C_36_3_6_comp2,R_1_C_36_3_6,TCDB,TCDB.1_C_36_3_6_comp2
G_9_B_249_1_1_comp1,P_9_B_249_1_1_comp1,R_9_B_249_1_1,TCDB,TCDB.9_B_249_1_1_comp1
G_9_B_67_6_9_comp1,P_9_B_67_6_9_comp1,R_9_B_67_6_9,TCDB,TCDB.9_B_67_6_9_comp1
G_9_B_217_1_8_comp1,P_9_B_217_1_8_comp1,R_9_B_217_1_8,TCDB,TCDB.9_B_217_1_8_comp1
G_9_B_250_1_1_comp1,P_9_B_250_1_1_comp1,R_9_B_250_1_1,TCDB,TCDB.9_B_250_1_1_comp1
G_1_E_40_3_7_comp1,P_1_E_40_3_7_comp1,R_1_E_40_3_7,TCDB,TCDB.1_E_40_3_7_comp1
G_9_B_222_1_5_comp1,P_9_B_222_1_5_comp1,R_9_B_222_1_5,TCDB,TCDB.9_B_222_1_5_comp1
G_2_A_7_1_16_comp1,P_2_A_7_1_16_comp1,R_2_A_7_1_16,TCDB,TCDB.2_A_7_1_16_comp1
G_2_A_76_1_12_comp1,P_2_A_76_1_12_comp1,R_2_A_76_1_12,TCDB,TCDB.2_A_76_1_12_comp1
G_9_B_221_1_3_comp1,P_9_B_221_1_3_comp1,R_9_B_221_1_3,TCDB,TCDB.9_B_221_1_3_comp1
G_9_B_27_2_9_comp1,P_9_B_27_2_9_comp1,R_9_B_27_2_9,TCDB,TCDB.9_B_27_2_9_comp1
G_3_A_1_145_5_comp1,P_3_A_1_145_5_comp1+3_A_1_145_5_comp2,R_3_A_1_145_5,TCDB,TCDB.3_A_1_145_5_comp1
G_3_A_1_145_5_comp2,P_3_A_1_145_5_comp1+3_A_1_145_5_comp2,R_3_A_1_145_5,TCDB,TCDB.3_A_1_145_5_comp2
G_9_B_251_1_1_comp1,P_9_B_251_1_1_comp1,R_9_B_251_1_1,TCDB,TCDB.9_B_251_1_1_comp1
G_9_B_149_2_2_comp1,P_9_B_149_2_2_comp1,R_9_B_149_2_2,TCDB,TCDB.9_B_149_2_2_comp1
G_2_A_42_1_8_comp1,P_2_A_42_1_8_comp1,R_2_A_42_1_8,TCDB,TCDB.2_A_42_1_8_comp1
G_9_B_427_1_1_comp1,P_9_B_427_1_1_comp1,R_9_B_427_1_1,TCDB,TCDB.9_B_427_1_1_comp1
G_9_B_27_2_10_comp1,P_9_B_27_2_10_comp1,R_9_B_27_2_10,TCDB,TCDB.9_B_27_2_10_comp1
G_9_B_142_2_12_comp1,P_9_B_142_2_12_comp1,R_9_B_142_2_12,TCDB,TCDB.9_B_142_2_12_comp1
G_9_B_252_1_1_comp1,P_9_B_252_1_1_comp1,R_9_B_252_1_1,TCDB,TCDB.9_B_252_1_1_comp1
G_9_B_426_2_3_comp1,P_9_B_426_2_3_comp1,R_9_B_426_2_3,TCDB,TCDB.9_B_426_2_3_comp1
G_9_B_223_1_5_comp1,P_9_B_223_1_5_comp1,R_9_B_223_1_5,TCDB,TCDB.9_B_223_1_5_comp1
G_2_A_129_1_3_comp1,P_2_A_129_1_3_comp1,R_2_A_129_1_3,TCDB,TCDB.2_A_129_1_3_comp1
G_2_A_1_46_11_comp1,P_2_A_1_46_11_comp1,R_2_A_1_46_11,TCDB,TCDB.2_A_1_46_11_comp1
G_9_B_214_2_5_comp1,P_9_B_214_2_5_comp1,R_9_B_214_2_5,TCDB,TCDB.9_B_214_2_5_comp1
G_9_B_253_1_1_comp1,P_9_B_253_1_1_comp1,R_9_B_253_1_1,TCDB,TCDB.9_B_253_1_1_comp1
G_9_B_142_4_10_comp1,P_9_B_142_4_10_comp1,R_9_B_142_4_10,TCDB,TCDB.9_B_142_4_10_comp1
G_9_B_220_1_1_comp1,P_9_B_220_1_1_comp1,R_9_B_220_1_1,TCDB,TCDB.9_B_220_1_1_comp1
G_9_B_223_1_11_comp1,P_9_B_223_1_11_comp1,R_9_B_223_1_11,TCDB,TCDB.9_B_223_1_11_comp1
G_9_B_223_1_12_comp1,P_9_B_223_1_12_comp1,R_9_B_223_1_12,TCDB,TCDB.9_B_223_1_12_comp1
G_9_B_236_1_1_comp1,P_9_B_236_1_1_comp1,R_9_B_236_1_1,TCDB,TCDB.9_B_236_1_1_comp1
G_9_B_237_1_1_comp1,P_9_B_237_1_1_comp1,R_9_B_237_1_1,TCDB,TCDB.9_B_237_1_1_comp1
G_9_B_238_1_1_comp1,P_9_B_238_1_1_comp1,R_9_B_238_1_1,TCDB,TCDB.9_B_238_1_1_comp1
G_9_B_67_1_5_comp1,P_9_B_67_1_5_comp1,R_9_B_67_1_5,TCDB,TCDB.9_B_67_1_5_comp1
G_9_B_330_4_3_comp1,P_9_B_330_4_3_comp1,R_9_B_330_4_3,TCDB,TCDB.9_B_330_4_3_comp1
G_9_B_67_4_4_comp1,P_9_B_67_4_4_comp1,R_9_B_67_4_4,TCDB,TCDB.9_B_67_4_4_comp1
G_9_B_142_3_12_comp1,P_9_B_142_3_12_comp1,R_9_B_142_3_12,TCDB,TCDB.9_B_142_3_12_comp1
G_9_B_142_4_13_comp1,P_9_B_142_4_13_comp1,R_9_B_142_4_13,TCDB,TCDB.9_B_142_4_13_comp1
G_2_A_7_3_73_comp1,P_2_A_7_3_73_comp1,R_2_A_7_3_73,TCDB,TCDB.2_A_7_3_73_comp1
G_2_A_66_2_25_comp1,P_2_A_66_2_25_comp1,R_2_A_66_2_25,TCDB,TCDB.2_A_66_2_25_comp1
G_9_B_142_9_10_comp1,P_9_B_142_9_10_comp1,R_9_B_142_9_10,TCDB,TCDB.9_B_142_9_10_comp1
G_9_B_142_17_1_comp1,P_9_B_142_17_1_comp1,R_9_B_142_17_1,TCDB,TCDB.9_B_142_17_1_comp1
G_4_D_1_3_5_comp1,P_4_D_1_3_5_comp1,R_4_D_1_3_5,TCDB,TCDB.4_D_1_3_5_comp1
G_9_B_142_4_12_comp1,P_9_B_142_4_12_comp1,R_9_B_142_4_12,TCDB,TCDB.9_B_142_4_12_comp1
G_2_A_7_3_72_comp1,P_2_A_7_3_72_comp1,R_2_A_7_3_72,TCDB,TCDB.2_A_7_3_72_comp1
G_2_A_1_33_4_comp1,P_2_A_1_33_4_comp1,R_2_A_1_33_4,TCDB,TCDB.2_A_1_33_4_comp1
G_9_B_142_16_1_comp1,P_9_B_142_16_1_comp1,R_9_B_142_16_1,TCDB,TCDB.9_B_142_16_1_comp1
G_9_B_241_1_1_comp1,P_9_B_241_1_1_comp1,R_9_B_241_1_1,TCDB,TCDB.9_B_241_1_1_comp1
G_9_B_242_1_1_comp1,P_9_B_242_1_1_comp1,R_9_B_242_1_1,TCDB,TCDB.9_B_242_1_1_comp1
G_9_B_243_1_1_comp1,P_9_B_243_1_1_comp1,R_9_B_243_1_1,TCDB,TCDB.9_B_243_1_1_comp1
G_9_B_244_1_1_comp1,P_9_B_244_1_1_comp1,R_9_B_244_1_1,TCDB,TCDB.9_B_244_1_1_comp1
G_9_B_424_1_1_comp1,P_9_B_424_1_1_comp1,R_9_B_424_1_1,TCDB,TCDB.9_B_424_1_1_comp1
G_9_B_258_1_8_comp1,P_9_B_258_1_8_comp1,R_9_B_258_1_8,TCDB,TCDB.9_B_258_1_8_comp1
G_3_A_1_115_3_comp1,P_3_A_1_115_3_comp1+3_A_1_115_3_comp2,R_3_A_1_115_3,TCDB,TCDB.3_A_1_115_3_comp1
G_3_A_1_115_3_comp2,P_3_A_1_115_3_comp1+3_A_1_115_3_comp2,R_3_A_1_115_3,TCDB,TCDB.3_A_1_115_3_comp2
G_9_B_142_14_1_comp1,P_9_B_142_14_1_comp1,R_9_B_142_14_1,TCDB,TCDB.9_B_142_14_1_comp1
G_9_B_2_8_2_comp1,P_9_B_2_8_2_comp1,R_9_B_2_8_2,TCDB,TCDB.9_B_2_8_2_comp1
G_9_B_257_1_5_comp1,P_9_B_257_1_5_comp1,R_9_B_257_1_5,TCDB,TCDB.9_B_257_1_5_comp1
G_9_B_259_1_1_comp1,P_9_B_259_1_1_comp1,R_9_B_259_1_1,TCDB,TCDB.9_B_259_1_1_comp1
G_9_B_28_2_9_comp1,P_9_B_28_2_9_comp1,R_9_B_28_2_9,TCDB,TCDB.9_B_28_2_9_comp1
G_3_A_11_1_5_comp1,P_3_A_11_1_5_comp1+3_A_11_1_5_comp2+3_A_11_1_5_comp3+3_A_11_1_5_comp4+3_A_11_1_5_comp5+3_A_11_1_5_comp6+3_A_11_1_5_comp7+3_A_11_1_5_comp8+3_A_11_1_5_comp9+3_A_11_1_5_comp10+3_A_11_1_5_comp11+3_A_11_1_5_comp12+3_A_11_1_5_comp13+3_A_11_1_5_comp14+3_A_11_1_5_comp15+3_A_11_1_5_comp16,R_3_A_11_1_5,TCDB,TCDB.3_A_11_1_5_comp1
G_3_A_11_1_5_comp2,P_3_A_11_1_5_comp1+3_A_11_1_5_comp2+3_A_11_1_5_comp3+3_A_11_1_5_comp4+3_A_11_1_5_comp5+3_A_11_1_5_comp6+3_A_11_1_5_comp7+3_A_11_1_5_comp8+3_A_11_1_5_comp9+3_A_11_1_5_comp10+3_A_11_1_5_comp11+3_A_11_1_5_comp12+3_A_11_1_5_comp13+3_A_11_1_5_comp14+3_A_11_1_5_comp15+3_A_11_1_5_comp16,R_3_A_11_1_5,TCDB,TCDB.3_A_11_1_5_comp2
G_3_A_11_1_5_comp3,P_3_A_11_1_5_comp1+3_A_11_1_5_comp2+3_A_11_1_5_comp3+3_A_11_1_5_comp4+3_A_11_1_5_comp5+3_A_11_1_5_comp6+3_A_11_1_5_comp7+3_A_11_1_5_comp8+3_A_11_1_5_comp9+3_A_11_1_5_comp10+3_A_11_1_5_comp11+3_A_11_1_5_comp12+3_A_11_1_5_comp13+3_A_11_1_5_comp14+3_A_11_1_5_comp15+3_A_11_1_5_comp16,R_3_A_11_1_5,TCDB,TCDB.3_A_11_1_5_comp3
G_3_A_11_1_5_comp4,P_3_A_11_1_5_comp1+3_A_11_1_5_comp2+3_A_11_1_5_comp3+3_A_11_1_5_comp4+3_A_11_1_5_comp5+3_A_11_1_5_comp6+3_A_11_1_5_comp7+3_A_11_1_5_comp8+3_A_11_1_5_comp9+3_A_11_1_5_comp10+3_A_11_1_5_comp11+3_A_11_1_5_comp12+3_A_11_1_5_comp13+3_A_11_1_5_comp14+3_A_11_1_5_comp15+3_A_11_1_5_comp16,R_3_A_11_1_5,TCDB,TCDB.3_A_11_1_5_comp4
G_3_A_11_1_5_comp5,P_3_A_11_1_5_comp1+3_A_11_1_5_comp2+3_A_11_1_5_comp3+3_A_11_1_5_comp4+3_A_11_1_5_comp5+3_A_11_1_5_comp6+3_A_11_1_5_comp7+3_A_11_1_5_comp8+3_A_11_1_5_comp9+3_A_11_1_5_comp10+3_A_11_1_5_comp11+3_A_11_1_5_comp12+3_A_11_1_5_comp13+3_A_11_1_5_comp14+3_A_11_1_5_comp15+3_A_11_1_5_comp16,R_3_A_11_1_5,TCDB,TCDB.3_A_11_1_5_comp5
G_3_A_11_1_5_comp6,P_3_A_11_1_5_comp1+3_A_11_1_5_comp2+3_A_11_1_5_comp3+3_A_11_1_5_comp4+3_A_11_1_5_comp5+3_A_11_1_5_comp6+3_A_11_1_5_comp7+3_A_11_1_5_comp8+3_A_11_1_5_comp9+3_A_11_1_5_comp10+3_A_11_1_5_comp11+3_A_11_1_5_comp12+3_A_11_1_5_comp13+3_A_11_1_5_comp14+3_A_11_1_5_comp15+3_A_11_1_5_comp16,R_3_A_11_1_5,TCDB,TCDB.3_A_11_1_5_comp6
G_3_A_11_1_5_comp7,P_3_A_11_1_5_comp1+3_A_11_1_5_comp2+3_A_11_1_5_comp3+3_A_11_1_5_comp4+3_A_11_1_5_comp5+3_A_11_1_5_comp6+3_A_11_1_5_comp7+3_A_11_1_5_comp8+3_A_11_1_5_comp9+3_A_11_1_5_comp10+3_A_11_1_5_comp11+3_A_11_1_5_comp12+3_A_11_1_5_comp13+3_A_11_1_5_comp14+3_A_11_1_5_comp15+3_A_11_1_5_comp16,R_3_A_11_1_5,TCDB,TCDB.3_A_11_1_5_comp7
G_3_A_11_1_5_comp8,P_3_A_11_1_5_comp1+3_A_11_1_5_comp2+3_A_11_1_5_comp3+3_A_11_1_5_comp4+3_A_11_1_5_comp5+3_A_11_1_5_comp6+3_A_11_1_5_comp7+3_A_11_1_5_comp8+3_A_11_1_5_comp9+3_A_11_1_5_comp10+3_A_11_1_5_comp11+3_A_11_1_5_comp12+3_A_11_1_5_comp13+3_A_11_1_5_comp14+3_A_11_1_5_comp15+3_A_11_1_5_comp16,R_3_A_11_1_5,TCDB,TCDB.3_A_11_1_5_comp8
G_3_A_11_1_5_comp9,P_3_A_11_1_5_comp1+3_A_11_1_5_comp2+3_A_11_1_5_comp3+3_A_11_1_5_comp4+3_A_11_1_5_comp5+3_A_11_1_5_comp6+3_A_11_1_5_comp7+3_A_11_1_5_comp8+3_A_11_1_5_comp9+3_A_11_1_5_comp10+3_A_11_1_5_comp11+3_A_11_1_5_comp12+3_A_11_1_5_comp13+3_A_11_1_5_comp14+3_A_11_1_5_comp15+3_A_11_1_5_comp16,R_3_A_11_1_5,TCDB,TCDB.3_A_11_1_5_comp9
G_3_A_11_1_5_comp10,P_3_A_11_1_5_comp1+3_A_11_1_5_comp2+3_A_11_1_5_comp3+3_A_11_1_5_comp4+3_A_11_1_5_comp5+3_A_11_1_5_comp6+3_A_11_1_5_comp7+3_A_11_1_5_comp8+3_A_11_1_5_comp9+3_A_11_1_5_comp10+3_A_11_1_5_comp11+3_A_11_1_5_comp12+3_A_11_1_5_comp13+3_A_11_1_5_comp14+3_A_11_1_5_comp15+3_A_11_1_5_comp16,R_3_A_11_1_5,TCDB,TCDB.3_A_11_1_5_comp10
G_3_A_11_1_5_comp11,P_3_A_11_1_5_comp1+3_A_11_1_5_comp2+3_A_11_1_5_comp3+3_A_11_1_5_comp4+3_A_11_1_5_comp5+3_A_11_1_5_comp6+3_A_11_1_5_comp7+3_A_11_1_5_comp8+3_A_11_1_5_comp9+3_A_11_1_5_comp10+3_A_11_1_5_comp11+3_A_11_1_5_comp12+3_A_11_1_5_comp13+3_A_11_1_5_comp14+3_A_11_1_5_comp15+3_A_11_1_5_comp16,R_3_A_11_1_5,TCDB,TCDB.3_A_11_1_5_comp11
G_3_A_11_1_5_comp12,P_3_A_11_1_5_comp1+3_A_11_1_5_comp2+3_A_11_1_5_comp3+3_A_11_1_5_comp4+3_A_11_1_5_comp5+3_A_11_1_5_comp6+3_A_11_1_5_comp7+3_A_11_1_5_comp8+3_A_11_1_5_comp9+3_A_11_1_5_comp10+3_A_11_1_5_comp11+3_A_11_1_5_comp12+3_A_11_1_5_comp13+3_A_11_1_5_comp14+3_A_11_1_5_comp15+3_A_11_1_5_comp16,R_3_A_11_1_5,TCDB,TCDB.3_A_11_1_5_comp12
G_3_A_11_1_5_comp13,P_3_A_11_1_5_comp1+3_A_11_1_5_comp2+3_A_11_1_5_comp3+3_A_11_1_5_comp4+3_A_11_1_5_comp5+3_A_11_1_5_comp6+3_A_11_1_5_comp7+3_A_11_1_5_comp8+3_A_11_1_5_comp9+3_A_11_1_5_comp10+3_A_11_1_5_comp11+3_A_11_1_5_comp12+3_A_11_1_5_comp13+3_A_11_1_5_comp14+3_A_11_1_5_comp15+3_A_11_1_5_comp16,R_3_A_11_1_5,TCDB,TCDB.3_A_11_1_5_comp13
G_3_A_11_1_5_comp14,P_3_A_11_1_5_comp1+3_A_11_1_5_comp2+3_A_11_1_5_comp3+3_A_11_1_5_comp4+3_A_11_1_5_comp5+3_A_11_1_5_comp6+3_A_11_1_5_comp7+3_A_11_1_5_comp8+3_A_11_1_5_comp9+3_A_11_1_5_comp10+3_A_11_1_5_comp11+3_A_11_1_5_comp12+3_A_11_1_5_comp13+3_A_11_1_5_comp14+3_A_11_1_5_comp15+3_A_11_1_5_comp16,R_3_A_11_1_5,TCDB,TCDB.3_A_11_1_5_comp14
G_3_A_11_1_5_comp15,P_3_A_11_1_5_comp1+3_A_11_1_5_comp2+3_A_11_1_5_comp3+3_A_11_1_5_comp4+3_A_11_1_5_comp5+3_A_11_1_5_comp6+3_A_11_1_5_comp7+3_A_11_1_5_comp8+3_A_11_1_5_comp9+3_A_11_1_5_comp10+3_A_11_1_5_comp11+3_A_11_1_5_comp12+3_A_11_1_5_comp13+3_A_11_1_5_comp14+3_A_11_1_5_comp15+3_A_11_1_5_comp16,R_3_A_11_1_5,TCDB,TCDB.3_A_11_1_5_comp15
G_3_A_11_1_5_comp16,P_3_A_11_1_5_comp1+3_A_11_1_5_comp2+3_A_11_1_5_comp3+3_A_11_1_5_comp4+3_A_11_1_5_comp5+3_A_11_1_5_comp6+3_A_11_1_5_comp7+3_A_11_1_5_comp8+3_A_11_1_5_comp9+3_A_11_1_5_comp10+3_A_11_1_5_comp11+3_A_11_1_5_comp12+3_A_11_1_5_comp13+3_A_11_1_5_comp14+3_A_11_1_5_comp15+3_A_11_1_5_comp16,R_3_A_11_1_5,TCDB,TCDB.3_A_11_1_5_comp16
G_9_B_124_1_10_comp1,P_9_B_124_1_10_comp1,R_9_B_124_1_10,TCDB,TCDB.9_B_124_1_10_comp1
G_9_B_142_2_19_comp1,P_9_B_142_2_19_comp1,R_9_B_142_2_19,TCDB,TCDB.9_B_142_2_19_comp1
G_9_B_260_1_1_comp1,P_9_B_260_1_1_comp1,R_9_B_260_1_1,TCDB,TCDB.9_B_260_1_1_comp1
G_3_A_1_122_17_comp1,P_3_A_1_122_17_comp1+3_A_1_122_17_comp2,R_3_A_1_122_17,TCDB,TCDB.3_A_1_122_17_comp1
G_3_A_1_122_17_comp2,P_3_A_1_122_17_comp1+3_A_1_122_17_comp2,R_3_A_1_122_17,TCDB,TCDB.3_A_1_122_17_comp2
G_3_A_1_105_21_comp1,P_3_A_1_105_21_comp1+3_A_1_105_21_comp2,R_3_A_1_105_21,TCDB,TCDB.3_A_1_105_21_comp1
G_3_A_1_105_21_comp2,P_3_A_1_105_21_comp1+3_A_1_105_21_comp2,R_3_A_1_105_21,TCDB,TCDB.3_A_1_105_21_comp2
G_2_A_64_6_1_comp1,P_2_A_64_6_1_comp1+2_A_64_6_1_comp2,R_2_A_64_6_1,TCDB,TCDB.2_A_64_6_1_comp1
G_2_A_64_6_1_comp2,P_2_A_64_6_1_comp1+2_A_64_6_1_comp2,R_2_A_64_6_1,TCDB,TCDB.2_A_64_6_1_comp2
G_2_A_1_46_12_comp1,P_2_A_1_46_12_comp1,R_2_A_1_46_12,TCDB,TCDB.2_A_1_46_12_comp1
G_2_A_1_46_13_comp1,P_2_A_1_46_13_comp1,R_2_A_1_46_13,TCDB,TCDB.2_A_1_46_13_comp1
G_9_B_241_2_1_comp1,P_9_B_241_2_1_comp1,R_9_B_241_2_1,TCDB,TCDB.9_B_241_2_1_comp1
G_9_B_67_4_5_comp1,P_9_B_67_4_5_comp1,R_9_B_67_4_5,TCDB,TCDB.9_B_67_4_5_comp1
G_9_B_224_1_2_comp1,P_9_B_224_1_2_comp1,R_9_B_224_1_2,TCDB,TCDB.9_B_224_1_2_comp1
G_2_A_123_2_15_comp1,P_2_A_123_2_15_comp1,R_2_A_123_2_15,TCDB,TCDB.2_A_123_2_15_comp1
G_4_D_1_2_3_comp1,P_4_D_1_2_3_comp1,R_4_D_1_2_3,TCDB,TCDB.4_D_1_2_3_comp1
G_9_B_266_1_1_comp1,P_9_B_266_1_1_comp1,R_9_B_266_1_1,TCDB,TCDB.9_B_266_1_1_comp1
G_9_B_265_1_1_comp1,P_9_B_265_1_1_comp1,R_9_B_265_1_1,TCDB,TCDB.9_B_265_1_1_comp1
G_9_B_270_1_2_comp1,P_9_B_270_1_2_comp1,R_9_B_270_1_2,TCDB,TCDB.9_B_270_1_2_comp1
G_9_B_1_1_7_comp1,P_9_B_1_1_7_comp1,R_9_B_1_1_7,TCDB,TCDB.9_B_1_1_7_comp1
G_8_A_49_1_3_comp1,P_8_A_49_1_3_comp1,R_8_A_49_1_3,TCDB,TCDB.8_A_49_1_3_comp1
G_9_B_242_1_8_comp1,P_9_B_242_1_8_comp1,R_9_B_242_1_8,TCDB,TCDB.9_B_242_1_8_comp1
G_3_A_1_4_14_comp1,P_3_A_1_4_14_comp1+3_A_1_4_14_comp2+3_A_1_4_14_comp3+3_A_1_4_14_comp4+3_A_1_4_14_comp5,R_3_A_1_4_14,TCDB,TCDB.3_A_1_4_14_comp1
G_3_A_1_4_14_comp2,P_3_A_1_4_14_comp1+3_A_1_4_14_comp2+3_A_1_4_14_comp3+3_A_1_4_14_comp4+3_A_1_4_14_comp5,R_3_A_1_4_14,TCDB,TCDB.3_A_1_4_14_comp2
G_3_A_1_4_14_comp3,P_3_A_1_4_14_comp1+3_A_1_4_14_comp2+3_A_1_4_14_comp3+3_A_1_4_14_comp4+3_A_1_4_14_comp5,R_3_A_1_4_14,TCDB,TCDB.3_A_1_4_14_comp3
G_3_A_1_4_14_comp4,P_3_A_1_4_14_comp1+3_A_1_4_14_comp2+3_A_1_4_14_comp3+3_A_1_4_14_comp4+3_A_1_4_14_comp5,R_3_A_1_4_14,TCDB,TCDB.3_A_1_4_14_comp4
G_3_A_1_4_14_comp5,P_3_A_1_4_14_comp1+3_A_1_4_14_comp2+3_A_1_4_14_comp3+3_A_1_4_14_comp4+3_A_1_4_14_comp5,R_3_A_1_4_14,TCDB,TCDB.3_A_1_4_14_comp5
G_1_A_3_1_8_comp1,P_1_A_3_1_8_comp1,R_1_A_3_1_8,TCDB,TCDB.1_A_3_1_8_comp1
G_8_B_41_1_1_comp1,P_8_B_41_1_1_comp1,R_8_B_41_1_1,TCDB,TCDB.8_B_41_1_1_comp1
G_9_A_14_13_24_comp1,P_9_A_14_13_24_comp1,R_9_A_14_13_24,TCDB,TCDB.9_A_14_13_24_comp1
G_4_B_1_1_8_comp1,P_4_B_1_1_8_comp1,R_4_B_1_1_8,TCDB,TCDB.4_B_1_1_8_comp1
G_9_B_351_1_3_comp1,P_9_B_351_1_3_comp1,R_9_B_351_1_3,TCDB,TCDB.9_B_351_1_3_comp1
G_2_A_21_3_25_comp1,P_2_A_21_3_25_comp1,R_2_A_21_3_25,TCDB,TCDB.2_A_21_3_25_comp1
G_2_A_1_1_137_comp1,P_2_A_1_1_137_comp1,R_2_A_1_1_137,TCDB,TCDB.2_A_1_1_137_comp1
G_9_B_104_6_2_comp1,P_9_B_104_6_2_comp1,R_9_B_104_6_2,TCDB,TCDB.9_B_104_6_2_comp1
G_9_B_143_3_2_comp1,P_9_B_143_3_2_comp1,R_9_B_143_3_2,TCDB,TCDB.9_B_143_3_2_comp1
G_8_B_42_1_3_comp1,P_8_B_42_1_3_comp1,R_8_B_42_1_3,TCDB,TCDB.8_B_42_1_3_comp1
G_1_A_8_9_17_comp1,P_1_A_8_9_17_comp1,R_1_A_8_9_17,TCDB,TCDB.1_A_8_9_17_comp1
G_1_A_8_4_4_comp1,P_1_A_8_4_4_comp1,R_1_A_8_4_4,TCDB,TCDB.1_A_8_4_4_comp1
G_1_E_25_2_7_comp1,P_1_E_25_2_7_comp1,R_1_E_25_2_7,TCDB,TCDB.1_E_25_2_7_comp1
G_2_A_3_3_24_comp1,P_2_A_3_3_24_comp1,R_2_A_3_3_24,TCDB,TCDB.2_A_3_3_24_comp1
G_1_M_1_3_2_comp1,P_1_M_1_3_2_comp1+1_M_1_3_2_comp2,R_1_M_1_3_2,TCDB,TCDB.1_M_1_3_2_comp1
G_1_M_1_3_2_comp2,P_1_M_1_3_2_comp1+1_M_1_3_2_comp2,R_1_M_1_3_2,TCDB,TCDB.1_M_1_3_2_comp2
G_9_B_69_1_2_comp1,P_9_B_69_1_2_comp1+9_B_69_1_2_comp2,R_9_B_69_1_2,TCDB,TCDB.9_B_69_1_2_comp1
G_9_B_69_1_2_comp2,P_9_B_69_1_2_comp1+9_B_69_1_2_comp2,R_9_B_69_1_2,TCDB,TCDB.9_B_69_1_2_comp2
G_2_A_32_1_4_comp1,P_2_A_32_1_4_comp1,R_2_A_32_1_4,TCDB,TCDB.2_A_32_1_4_comp1
G_9_B_410_2_1_comp1,P_9_B_410_2_1_comp1,R_9_B_410_2_1,TCDB,TCDB.9_B_410_2_1_comp1
G_9_B_142_17_4_comp1,P_9_B_142_17_4_comp1,R_9_B_142_17_4,TCDB,TCDB.9_B_142_17_4_comp1
G_9_B_2_12_1_comp1,P_9_B_2_12_1_comp1,R_9_B_2_12_1,TCDB,TCDB.9_B_2_12_1_comp1
G_9_B_219_1_1_comp1,P_9_B_219_1_1_comp1,R_9_B_219_1_1,TCDB,TCDB.9_B_219_1_1_comp1
G_9_B_272_1_3_comp1,P_9_B_272_1_3_comp1,R_9_B_272_1_3,TCDB,TCDB.9_B_272_1_3_comp1
G_9_A_22_5_1_comp1,P_9_A_22_5_1_comp1,R_9_A_22_5_1,TCDB,TCDB.9_A_22_5_1_comp1
G_9_B_142_2_16_comp1,P_9_B_142_2_16_comp1,R_9_B_142_2_16,TCDB,TCDB.9_B_142_2_16_comp1
G_2_A_69_4_7_comp1,P_2_A_69_4_7_comp1,R_2_A_69_4_7,TCDB,TCDB.2_A_69_4_7_comp1
G_3_A_29_1_6_comp1,P_3_A_29_1_6_comp1,R_3_A_29_1_6,TCDB,TCDB.3_A_29_1_6_comp1
G_9_B_425_1_1_comp1,P_9_B_425_1_1_comp1,R_9_B_425_1_1,TCDB,TCDB.9_B_425_1_1_comp1
G_9_B_330_4_4_comp1,P_9_B_330_4_4_comp1,R_9_B_330_4_4,TCDB,TCDB.9_B_330_4_4_comp1
G_1_E_43_1_14_comp1,P_1_E_43_1_14_comp1,R_1_E_43_1_14,TCDB,TCDB.1_E_43_1_14_comp1
G_9_A_24_1_14_comp1,P_9_A_24_1_14_comp1,R_9_A_24_1_14,TCDB,TCDB.9_A_24_1_14_comp1
G_9_B_146_1_8_comp1,P_9_B_146_1_8_comp1,R_9_B_146_1_8,TCDB,TCDB.9_B_146_1_8_comp1
G_9_B_242_1_10_comp1,P_9_B_242_1_10_comp1,R_9_B_242_1_10,TCDB,TCDB.9_B_242_1_10_comp1
G_2_A_102_3_3_comp1,P_2_A_102_3_3_comp1,R_2_A_102_3_3,TCDB,TCDB.2_A_102_3_3_comp1
G_2_A_55_3_8_comp1,P_2_A_55_3_8_comp1,R_2_A_55_3_8,TCDB,TCDB.2_A_55_3_8_comp1
G_9_B_428_1_1_comp1,P_9_B_428_1_1_comp1,R_9_B_428_1_1,TCDB,TCDB.9_B_428_1_1_comp1
G_1_A_23_2_3_comp1,P_1_A_23_2_3_comp1,R_1_A_23_2_3,TCDB,TCDB.1_A_23_2_3_comp1
G_1_A_1_29_6_comp1,P_1_A_1_29_6_comp1,R_1_A_1_29_6,TCDB,TCDB.1_A_1_29_6_comp1
G_9_B_142_6_3_comp1,P_9_B_142_6_3_comp1,R_9_B_142_6_3,TCDB,TCDB.9_B_142_6_3_comp1
G_2_A_66_12_8_comp1,P_2_A_66_12_8_comp1,R_2_A_66_12_8,TCDB,TCDB.2_A_66_12_8_comp1
G_9_B_105_1_9_comp1,P_9_B_105_1_9_comp1,R_9_B_105_1_9,TCDB,TCDB.9_B_105_1_9_comp1
G_8_B_10_3_2_comp1,P_8_B_10_3_2_comp1,R_8_B_10_3_2,TCDB,TCDB.8_B_10_3_2_comp1
G_1_B_38_1_8_comp1,P_1_B_38_1_8_comp1,R_1_B_38_1_8,TCDB,TCDB.1_B_38_1_8_comp1
G_1_C_101_1_2_comp1,P_1_C_101_1_2_comp1,R_1_C_101_1_2,TCDB,TCDB.1_C_101_1_2_comp1
G_3_A_1_204_39_comp1,P_3_A_1_204_39_comp1,R_3_A_1_204_39,TCDB,TCDB.3_A_1_204_39_comp1
G_2_A_5_1_16_comp1,P_2_A_5_1_16_comp1,R_2_A_5_1_16,TCDB,TCDB.2_A_5_1_16_comp1
G_8_B_1_4_4_comp1,P_8_B_1_4_4_comp1,R_8_B_1_4_4,TCDB,TCDB.8_B_1_4_4_comp1
G_8_B_34_1_4_comp1,P_8_B_34_1_4_comp1,R_8_B_34_1_4,TCDB,TCDB.8_B_34_1_4_comp1
G_1_A_51_1_5_comp1,P_1_A_51_1_5_comp1,R_1_A_51_1_5,TCDB,TCDB.1_A_51_1_5_comp1
G_1_C_39_4_7_comp1,P_1_C_39_4_7_comp1,R_1_C_39_4_7,TCDB,TCDB.1_C_39_4_7_comp1
G_2_A_4_2_8_comp1,P_2_A_4_2_8_comp1,R_2_A_4_2_8,TCDB,TCDB.2_A_4_2_8_comp1
G_2_A_4_5_2_comp1,P_2_A_4_5_2_comp1,R_2_A_4_5_2,TCDB,TCDB.2_A_4_5_2_comp1
G_8_B_40_1_2_comp1,P_8_B_40_1_2_comp1,R_8_B_40_1_2,TCDB,TCDB.8_B_40_1_2_comp1
G_8_B_35_1_3_comp1,P_8_B_35_1_3_comp1,R_8_B_35_1_3,TCDB,TCDB.8_B_35_1_3_comp1
G_8_B_34_1_3_comp1,P_8_B_34_1_3_comp1,R_8_B_34_1_3,TCDB,TCDB.8_B_34_1_3_comp1
G_1_G_1_1_6_comp1,P_1_G_1_1_6_comp1,R_1_G_1_1_6,TCDB,TCDB.1_G_1_1_6_comp1
G_3_A_3_5_39_comp1,P_3_A_3_5_39_comp1,R_3_A_3_5_39,TCDB,TCDB.3_A_3_5_39_comp1
G_2_A_62_1_5_comp1,P_2_A_62_1_5_comp1,R_2_A_62_1_5,TCDB,TCDB.2_A_62_1_5_comp1
G_1_A_89_1_5_comp1,P_1_A_89_1_5_comp1,R_1_A_89_1_5,TCDB,TCDB.1_A_89_1_5_comp1
G_3_A_1_211_25_comp1,P_3_A_1_211_25_comp1,R_3_A_1_211_25,TCDB,TCDB.3_A_1_211_25_comp1
G_2_A_123_1_27_comp1,P_2_A_123_1_27_comp1,R_2_A_123_1_27,TCDB,TCDB.2_A_123_1_27_comp1
G_2_A_49_3_5_comp1,P_2_A_49_3_5_comp1,R_2_A_49_3_5,TCDB,TCDB.2_A_49_3_5_comp1
G_8_A_26_1_6_comp1,P_8_A_26_1_6_comp1,R_8_A_26_1_6,TCDB,TCDB.8_A_26_1_6_comp1
G_1_C_45_5_1_comp1,P_1_C_45_5_1_comp1,R_1_C_45_5_1,TCDB,TCDB.1_C_45_5_1_comp1
G_1_C_127_2_2_comp1,P_1_C_127_2_2_comp1,R_1_C_127_2_2,TCDB,TCDB.1_C_127_2_2_comp1
G_1_W_7_4_2_comp1,P_1_W_7_4_2_comp1,R_1_W_7_4_2,TCDB,TCDB.1_W_7_4_2_comp1
G_8_A_23_2_2_comp1,P_8_A_23_2_2_comp1,R_8_A_23_2_2,TCDB,TCDB.8_A_23_2_2_comp1
G_1_H_3_2_6_comp1,P_1_H_3_2_6_comp1,R_1_H_3_2_6,TCDB,TCDB.1_H_3_2_6_comp1
G_1_A_41_1_3_comp1,P_1_A_41_1_3_comp1,R_1_A_41_1_3,TCDB,TCDB.1_A_41_1_3_comp1
G_3_A_1_208_48_comp1,P_3_A_1_208_48_comp1,R_3_A_1_208_48,TCDB,TCDB.3_A_1_208_48_comp1
G_8_A_94_1_3_comp1,P_8_A_94_1_3_comp1,R_8_A_94_1_3,TCDB,TCDB.8_A_94_1_3_comp1
G_9_B_398_1_5_comp1,P_9_B_398_1_5_comp1,R_9_B_398_1_5,TCDB,TCDB.9_B_398_1_5_comp1
G_2_A_1_12_4_comp1,P_2_A_1_12_4_comp1,R_2_A_1_12_4,TCDB,TCDB.2_A_1_12_4_comp1
G_2_A_1_12_3_comp1,P_2_A_1_12_3_comp1,R_2_A_1_12_3,TCDB,TCDB.2_A_1_12_3_comp1
G_2_A_32_1_11_comp1,P_2_A_32_1_11_comp1,R_2_A_32_1_11,TCDB,TCDB.2_A_32_1_11_comp1
G_2_A_32_1_5_comp1,P_2_A_32_1_5_comp1,R_2_A_32_1_5,TCDB,TCDB.2_A_32_1_5_comp1
G_2_A_32_1_7_comp1,P_2_A_32_1_7_comp1,R_2_A_32_1_7,TCDB,TCDB.2_A_32_1_7_comp1
G_1_A_141_1_1_comp1,P_1_A_141_1_1_comp1,R_1_A_141_1_1,TCDB,TCDB.1_A_141_1_1_comp1
G_5_B_11_1_2_comp1,P_5_B_11_1_2_comp1+5_B_11_1_2_comp2+5_B_11_1_2_comp3,R_5_B_11_1_2,TCDB,TCDB.5_B_11_1_2_comp1
G_5_B_11_1_2_comp2,P_5_B_11_1_2_comp1+5_B_11_1_2_comp2+5_B_11_1_2_comp3,R_5_B_11_1_2,TCDB,TCDB.5_B_11_1_2_comp2
G_5_B_11_1_2_comp3,P_5_B_11_1_2_comp1+5_B_11_1_2_comp2+5_B_11_1_2_comp3,R_5_B_11_1_2,TCDB,TCDB.5_B_11_1_2_comp3
G_5_B_13_1_2_comp1,P_5_B_13_1_2_comp1+5_B_13_1_2_comp2+5_B_13_1_2_comp3+5_B_13_1_2_comp4+5_B_13_1_2_comp5+5_B_13_1_2_comp6,R_5_B_13_1_2,TCDB,TCDB.5_B_13_1_2_comp1
G_5_B_13_1_2_comp2,P_5_B_13_1_2_comp1+5_B_13_1_2_comp2+5_B_13_1_2_comp3+5_B_13_1_2_comp4+5_B_13_1_2_comp5+5_B_13_1_2_comp6,R_5_B_13_1_2,TCDB,TCDB.5_B_13_1_2_comp2
G_5_B_13_1_2_comp3,P_5_B_13_1_2_comp1+5_B_13_1_2_comp2+5_B_13_1_2_comp3+5_B_13_1_2_comp4+5_B_13_1_2_comp5+5_B_13_1_2_comp6,R_5_B_13_1_2,TCDB,TCDB.5_B_13_1_2_comp3
G_5_B_13_1_2_comp4,P_5_B_13_1_2_comp1+5_B_13_1_2_comp2+5_B_13_1_2_comp3+5_B_13_1_2_comp4+5_B_13_1_2_comp5+5_B_13_1_2_comp6,R_5_B_13_1_2,TCDB,TCDB.5_B_13_1_2_comp4
G_5_B_13_1_2_comp5,P_5_B_13_1_2_comp1+5_B_13_1_2_comp2+5_B_13_1_2_comp3+5_B_13_1_2_comp4+5_B_13_1_2_comp5+5_B_13_1_2_comp6,R_5_B_13_1_2,TCDB,TCDB.5_B_13_1_2_comp5
G_5_B_13_1_2_comp6,P_5_B_13_1_2_comp1+5_B_13_1_2_comp2+5_B_13_1_2_comp3+5_B_13_1_2_comp4+5_B_13_1_2_comp5+5_B_13_1_2_comp6,R_5_B_13_1_2,TCDB,TCDB.5_B_13_1_2_comp6
G_2_A_14_2_2_comp1,P_2_A_14_2_2_comp1,R_2_A_14_2_2,TCDB,TCDB.2_A_14_2_2_comp1
G_2_A_56_1_14_comp1,P_2_A_56_1_14_comp1+2_A_56_1_14_comp2+2_A_56_1_14_comp3,R_2_A_56_1_14,TCDB,TCDB.2_A_56_1_14_comp1
G_2_A_56_1_14_comp2,P_2_A_56_1_14_comp1+2_A_56_1_14_comp2+2_A_56_1_14_comp3,R_2_A_56_1_14,TCDB,TCDB.2_A_56_1_14_comp2
G_2_A_56_1_14_comp3,P_2_A_56_1_14_comp1+2_A_56_1_14_comp2+2_A_56_1_14_comp3,R_2_A_56_1_14,TCDB,TCDB.2_A_56_1_14_comp3
G_3_D_7_1_6_comp1,P_3_D_7_1_6_comp1+3_D_7_1_6_comp2+3_D_7_1_6_comp3+3_D_7_1_6_comp4+3_D_7_1_6_comp5+3_D_7_1_6_comp6,R_3_D_7_1_6,TCDB,TCDB.3_D_7_1_6_comp1
G_3_D_7_1_6_comp2,P_3_D_7_1_6_comp1+3_D_7_1_6_comp2+3_D_7_1_6_comp3+3_D_7_1_6_comp4+3_D_7_1_6_comp5+3_D_7_1_6_comp6,R_3_D_7_1_6,TCDB,TCDB.3_D_7_1_6_comp2
G_3_D_7_1_6_comp3,P_3_D_7_1_6_comp1+3_D_7_1_6_comp2+3_D_7_1_6_comp3+3_D_7_1_6_comp4+3_D_7_1_6_comp5+3_D_7_1_6_comp6,R_3_D_7_1_6,TCDB,TCDB.3_D_7_1_6_comp3
G_3_D_7_1_6_comp4,P_3_D_7_1_6_comp1+3_D_7_1_6_comp2+3_D_7_1_6_comp3+3_D_7_1_6_comp4+3_D_7_1_6_comp5+3_D_7_1_6_comp6,R_3_D_7_1_6,TCDB,TCDB.3_D_7_1_6_comp4
G_3_D_7_1_6_comp5,P_3_D_7_1_6_comp1+3_D_7_1_6_comp2+3_D_7_1_6_comp3+3_D_7_1_6_comp4+3_D_7_1_6_comp5+3_D_7_1_6_comp6,R_3_D_7_1_6,TCDB,TCDB.3_D_7_1_6_comp5
G_3_D_7_1_6_comp6,P_3_D_7_1_6_comp1+3_D_7_1_6_comp2+3_D_7_1_6_comp3+3_D_7_1_6_comp4+3_D_7_1_6_comp5+3_D_7_1_6_comp6,R_3_D_7_1_6,TCDB,TCDB.3_D_7_1_6_comp6
G_5_B_12_1_2_comp1,P_5_B_12_1_2_comp1+5_B_12_1_2_comp2+5_B_12_1_2_comp3+5_B_12_1_2_comp4+5_B_12_1_2_comp5,R_5_B_12_1_2,TCDB,TCDB.5_B_12_1_2_comp1
G_5_B_12_1_2_comp2,P_5_B_12_1_2_comp1+5_B_12_1_2_comp2+5_B_12_1_2_comp3+5_B_12_1_2_comp4+5_B_12_1_2_comp5,R_5_B_12_1_2,TCDB,TCDB.5_B_12_1_2_comp2
G_5_B_12_1_2_comp3,P_5_B_12_1_2_comp1+5_B_12_1_2_comp2+5_B_12_1_2_comp3+5_B_12_1_2_comp4+5_B_12_1_2_comp5,R_5_B_12_1_2,TCDB,TCDB.5_B_12_1_2_comp3
G_5_B_12_1_2_comp4,P_5_B_12_1_2_comp1+5_B_12_1_2_comp2+5_B_12_1_2_comp3+5_B_12_1_2_comp4+5_B_12_1_2_comp5,R_5_B_12_1_2,TCDB,TCDB.5_B_12_1_2_comp4
G_5_B_12_1_2_comp5,P_5_B_12_1_2_comp1+5_B_12_1_2_comp2+5_B_12_1_2_comp3+5_B_12_1_2_comp4+5_B_12_1_2_comp5,R_5_B_12_1_2,TCDB,TCDB.5_B_12_1_2_comp5
G_1_C_4_5_2_comp1,P_1_C_4_5_2_comp1,R_1_C_4_5_2,TCDB,TCDB.1_C_4_5_2_comp1
G_2_A_1_9_13_comp1,P_2_A_1_9_13_comp1,R_2_A_1_9_13,TCDB,TCDB.2_A_1_9_13_comp1
G_1_M_2_2_2_comp1,P_1_M_2_2_2_comp1,R_1_M_2_2_2,TCDB,TCDB.1_M_2_2_2_comp1
G_8_B_2_2_3_comp1,P_8_B_2_2_3_comp1,R_8_B_2_2_3,TCDB,TCDB.8_B_2_2_3_comp1
G_1_C_124_1_3_comp1,P_1_C_124_1_3_comp1,R_1_C_124_1_3,TCDB,TCDB.1_C_124_1_3_comp1
G_9_B_376_1_2_comp1,P_9_B_376_1_2_comp1,R_9_B_376_1_2,TCDB,TCDB.9_B_376_1_2_comp1
G_1_E_60_1_2_comp1,P_1_E_60_1_2_comp1,R_1_E_60_1_2,TCDB,TCDB.1_E_60_1_2_comp1
G_1_C_64_1_12_comp1,P_1_C_64_1_12_comp1,R_1_C_64_1_12,TCDB,TCDB.1_C_64_1_12_comp1
G_9_B_410_2_3_comp1,P_9_B_410_2_3_comp1,R_9_B_410_2_3,TCDB,TCDB.9_B_410_2_3_comp1
G_9_B_410_1_2_comp1,P_9_B_410_1_2_comp1,R_9_B_410_1_2,TCDB,TCDB.9_B_410_1_2_comp1
G_8_A_145_1_4_comp1,P_8_A_145_1_4_comp1,R_8_A_145_1_4,TCDB,TCDB.8_A_145_1_4_comp1
G_9_B_39_1_7_comp1,P_9_B_39_1_7_comp1,R_9_B_39_1_7,TCDB,TCDB.9_B_39_1_7_comp1
G_2_A_36_5_6_comp1,P_2_A_36_5_6_comp1,R_2_A_36_5_6,TCDB,TCDB.2_A_36_5_6_comp1
G_1_G_8_1_4_comp1,P_1_G_8_1_4_comp1,R_1_G_8_1_4,TCDB,TCDB.1_G_8_1_4_comp1
G_3_A_3_2_45_comp1,P_3_A_3_2_45_comp1,R_3_A_3_2_45,TCDB,TCDB.3_A_3_2_45_comp1
G_3_A_1_128_9_comp1,P_3_A_1_128_9_comp1+3_A_1_128_9_comp2+3_A_1_128_9_comp3,R_3_A_1_128_9,TCDB,TCDB.3_A_1_128_9_comp1
G_3_A_1_128_9_comp2,P_3_A_1_128_9_comp1+3_A_1_128_9_comp2+3_A_1_128_9_comp3,R_3_A_1_128_9,TCDB,TCDB.3_A_1_128_9_comp2
G_3_A_1_128_9_comp3,P_3_A_1_128_9_comp1+3_A_1_128_9_comp2+3_A_1_128_9_comp3,R_3_A_1_128_9,TCDB,TCDB.3_A_1_128_9_comp3
G_2_A_3_4_8_comp1,P_2_A_3_4_8_comp1,R_2_A_3_4_8,TCDB,TCDB.2_A_3_4_8_comp1
G_2_A_31_2_15_comp1,P_2_A_31_2_15_comp1,R_2_A_31_2_15,TCDB,TCDB.2_A_31_2_15_comp1
G_1_A_8_8_25_comp1,P_1_A_8_8_25_comp1,R_1_A_8_8_25,TCDB,TCDB.1_A_8_8_25_comp1
G_1_A_8_9_16_comp1,P_1_A_8_9_16_comp1,R_1_A_8_9_16,TCDB,TCDB.1_A_8_9_16_comp1
G_1_A_8_8_24_comp1,P_1_A_8_8_24_comp1,R_1_A_8_8_24,TCDB,TCDB.1_A_8_8_24_comp1
G_3_A_1_156_3_comp1,P_3_A_1_156_3_comp1+3_A_1_156_3_comp2+3_A_1_156_3_comp3,R_3_A_1_156_3,TCDB,TCDB.3_A_1_156_3_comp1
G_3_A_1_156_3_comp2,P_3_A_1_156_3_comp1+3_A_1_156_3_comp2+3_A_1_156_3_comp3,R_3_A_1_156_3,TCDB,TCDB.3_A_1_156_3_comp2
G_3_A_1_156_3_comp3,P_3_A_1_156_3_comp1+3_A_1_156_3_comp2+3_A_1_156_3_comp3,R_3_A_1_156_3,TCDB,TCDB.3_A_1_156_3_comp3
G_1_A_58_1_3_comp1,P_1_A_58_1_3_comp1,R_1_A_58_1_3,TCDB,TCDB.1_A_58_1_3_comp1
G_3_A_1_208_45_comp1,P_3_A_1_208_45_comp1,R_3_A_1_208_45,TCDB,TCDB.3_A_1_208_45_comp1
G_1_A_145_1_2_comp1,P_1_A_145_1_2_comp1,R_1_A_145_1_2,TCDB,TCDB.1_A_145_1_2_comp1
G_3_A_3_8_23_comp1,P_3_A_3_8_23_comp1,R_3_A_3_8_23,TCDB,TCDB.3_A_3_8_23_comp1
G_3_A_3_8_21_comp1,P_3_A_3_8_21_comp1,R_3_A_3_8_21,TCDB,TCDB.3_A_3_8_21_comp1
G_2_A_120_1_14_comp1,P_2_A_120_1_14_comp1,R_2_A_120_1_14,TCDB,TCDB.2_A_120_1_14_comp1
G_2_A_86_1_14_comp1,P_2_A_86_1_14_comp1,R_2_A_86_1_14,TCDB,TCDB.2_A_86_1_14_comp1
G_8_A_200_1_1_comp1,P_8_A_200_1_1_comp1,R_8_A_200_1_1,TCDB,TCDB.8_A_200_1_1_comp1
G_2_A_28_1_11_comp1,P_2_A_28_1_11_comp1,R_2_A_28_1_11,TCDB,TCDB.2_A_28_1_11_comp1
G_4_A_1_2_16_comp1,P_4_A_1_2_16_comp1,R_4_A_1_2_16,TCDB,TCDB.4_A_1_2_16_comp1
G_4_A_1_2_15_comp1,P_4_A_1_2_15_comp1,R_4_A_1_2_15,TCDB,TCDB.4_A_1_2_15_comp1
G_4_A_1_2_14_comp1,P_4_A_1_2_14_comp1,R_4_A_1_2_14,TCDB,TCDB.4_A_1_2_14_comp1
G_4_A_1_1_19_comp1,P_4_A_1_1_19_comp1,R_4_A_1_1_19,TCDB,TCDB.4_A_1_1_19_comp1
G_1_G_12_2_5_comp1,P_1_G_12_2_5_comp1,R_1_G_12_2_5,TCDB,TCDB.1_G_12_2_5_comp1
G_1_A_8_4_5_comp1,P_1_A_8_4_5_comp1,R_1_A_8_4_5,TCDB,TCDB.1_A_8_4_5_comp1
G_1_A_8_8_26_comp1,P_1_A_8_8_26_comp1,R_1_A_8_8_26,TCDB,TCDB.1_A_8_8_26_comp1
G_1_A_8_9_20_comp1,P_1_A_8_9_20_comp1,R_1_A_8_9_20,TCDB,TCDB.1_A_8_9_20_comp1
G_1_W_9_1_10_comp1,P_1_W_9_1_10_comp1,R_1_W_9_1_10,TCDB,TCDB.1_W_9_1_10_comp1
G_1_C_33_1_12_comp1,P_1_C_33_1_12_comp1,R_1_C_33_1_12,TCDB,TCDB.1_C_33_1_12_comp1
G_1_M_2_1_5_comp1,P_1_M_2_1_5_comp1,R_1_M_2_1_5,TCDB,TCDB.1_M_2_1_5_comp1
G_1_E_39_1_2_comp1,P_1_E_39_1_2_comp1,R_1_E_39_1_2,TCDB,TCDB.1_E_39_1_2_comp1
G_9_B_97_7_2_comp1,P_9_B_97_7_2_comp1,R_9_B_97_7_2,TCDB,TCDB.9_B_97_7_2_comp1
G_9_B_221_1_5_comp1,P_9_B_221_1_5_comp1,R_9_B_221_1_5,TCDB,TCDB.9_B_221_1_5_comp1
G_1_A_117_1_4_comp1,P_1_A_117_1_4_comp1,R_1_A_117_1_4,TCDB,TCDB.1_A_117_1_4_comp1
G_9_B_370_1_4_comp1,P_9_B_370_1_4_comp1,R_9_B_370_1_4,TCDB,TCDB.9_B_370_1_4_comp1
G_1_E_39_1_3_comp1,P_1_E_39_1_3_comp1,R_1_E_39_1_3,TCDB,TCDB.1_E_39_1_3_comp1
G_8_B_32_1_5_comp1,P_8_B_32_1_5_comp1,R_8_B_32_1_5,TCDB,TCDB.8_B_32_1_5_comp1
G_8_B_40_1_3_comp1,P_8_B_40_1_3_comp1,R_8_B_40_1_3,TCDB,TCDB.8_B_40_1_3_comp1
G_8_B_37_1_3_comp1,P_8_B_37_1_3_comp1,R_8_B_37_1_3,TCDB,TCDB.8_B_37_1_3_comp1
G_8_B_4_1_10_comp1,P_8_B_4_1_10_comp1,R_8_B_4_1_10,TCDB,TCDB.8_B_4_1_10_comp1
G_8_B_28_2_1_comp1,P_8_B_28_2_1_comp1,R_8_B_28_2_1,TCDB,TCDB.8_B_28_2_1_comp1
G_2_A_134_1_1_comp1,P_2_A_134_1_1_comp1,R_2_A_134_1_1,TCDB,TCDB.2_A_134_1_1_comp1
G_2_A_133_1_1_comp1,P_2_A_133_1_1_comp1,R_2_A_133_1_1,TCDB,TCDB.2_A_133_1_1_comp1
G_8_B_10_3_1_comp1,P_8_B_10_3_1_comp1,R_8_B_10_3_1,TCDB,TCDB.8_B_10_3_1_comp1
G_2_A_19_4_15_comp1,P_2_A_19_4_15_comp1,R_2_A_19_4_15,TCDB,TCDB.2_A_19_4_15_comp1
G_1_A_116_1_3_comp1,P_1_A_116_1_3_comp1,R_1_A_116_1_3,TCDB,TCDB.1_A_116_1_3_comp1
G_1_A_65_1_8_comp1,P_1_A_65_1_8_comp1,R_1_A_65_1_8,TCDB,TCDB.1_A_65_1_8_comp1
G_9_A_76_1_7_comp1,P_9_A_76_1_7_comp1,R_9_A_76_1_7,TCDB,TCDB.9_A_76_1_7_comp1
G_1_A_21_1_8_comp1,P_1_A_21_1_8_comp1,R_1_A_21_1_8,TCDB,TCDB.1_A_21_1_8_comp1
G_8_B_17_1_6_comp1,P_8_B_17_1_6_comp1,R_8_B_17_1_6,TCDB,TCDB.8_B_17_1_6_comp1
G_2_A_38_3_6_comp1,P_2_A_38_3_6_comp1,R_2_A_38_3_6,TCDB,TCDB.2_A_38_3_6_comp1
G_1_A_22_1_13_comp1,P_1_A_22_1_13_comp1,R_1_A_22_1_13,TCDB,TCDB.1_A_22_1_13_comp1
G_2_A_6_3_14_comp1,P_2_A_6_3_14_comp1+2_A_6_3_14_comp2+2_A_6_3_14_comp3,R_2_A_6_3_14,TCDB,TCDB.2_A_6_3_14_comp1
G_2_A_6_3_14_comp2,P_2_A_6_3_14_comp1+2_A_6_3_14_comp2+2_A_6_3_14_comp3,R_2_A_6_3_14,TCDB,TCDB.2_A_6_3_14_comp2
G_2_A_6_3_14_comp3,P_2_A_6_3_14_comp1+2_A_6_3_14_comp2+2_A_6_3_14_comp3,R_2_A_6_3_14,TCDB,TCDB.2_A_6_3_14_comp3
G_3_A_3_8_22_comp1,P_3_A_3_8_22_comp1,R_3_A_3_8_22,TCDB,TCDB.3_A_3_8_22_comp1
G_1_A_1_30_1_comp1,P_1_A_1_30_1_comp1,R_1_A_1_30_1,TCDB,TCDB.1_A_1_30_1_comp1
G_1_W_1_1_5_comp1,P_1_W_1_1_5_comp1,R_1_W_1_1_5,TCDB,TCDB.1_W_1_1_5_comp1
G_1_W_10_3_2_comp1,P_1_W_10_3_2_comp1,R_1_W_10_3_2,TCDB,TCDB.1_W_10_3_2_comp1
G_1_E_11_1_11_comp1,P_1_E_11_1_11_comp1,R_1_E_11_1_11,TCDB,TCDB.1_E_11_1_11_comp1
G_1_B_4_2_19_comp1,P_1_B_4_2_19_comp1,R_1_B_4_2_19,TCDB,TCDB.1_B_4_2_19_comp1
G_8_B_44_1_1_comp1,P_8_B_44_1_1_comp1,R_8_B_44_1_1,TCDB,TCDB.8_B_44_1_1_comp1
G_9_B_330_1_2_comp1,P_9_B_330_1_2_comp1+9_B_330_1_2_comp2,R_9_B_330_1_2,TCDB,TCDB.9_B_330_1_2_comp1
G_9_B_330_1_2_comp2,P_9_B_330_1_2_comp1+9_B_330_1_2_comp2,R_9_B_330_1_2,TCDB,TCDB.9_B_330_1_2_comp2
G_9_B_126_2_9_comp1,P_9_B_126_2_9_comp1,R_9_B_126_2_9,TCDB,TCDB.9_B_126_2_9_comp1
G_9_B_257_4_3_comp1,P_9_B_257_4_3_comp1,R_9_B_257_4_3,TCDB,TCDB.9_B_257_4_3_comp1
G_9_B_95_1_2_comp1,P_9_B_95_1_2_comp1,R_9_B_95_1_2,TCDB,TCDB.9_B_95_1_2_comp1
G_1_A_125_1_6_comp1,P_1_A_125_1_6_comp1,R_1_A_125_1_6,TCDB,TCDB.1_A_125_1_6_comp1
G_1_G_14_1_3_comp1,P_1_G_14_1_3_comp1,R_1_G_14_1_3,TCDB,TCDB.1_G_14_1_3_comp1
G_1_A_125_1_7_comp1,P_1_A_125_1_7_comp1,R_1_A_125_1_7,TCDB,TCDB.1_A_125_1_7_comp1
G_1_A_117_1_1_comp1,P_1_A_117_1_1_comp1,R_1_A_117_1_1,TCDB,TCDB.1_A_117_1_1_comp1
G_1_A_58_1_4_comp1,P_1_A_58_1_4_comp1,R_1_A_58_1_4,TCDB,TCDB.1_A_58_1_4_comp1
G_1_C_57_2_3_comp1,P_1_C_57_2_3_comp1,R_1_C_57_2_3,TCDB,TCDB.1_C_57_2_3_comp1
G_9_B_376_1_3_comp1,P_9_B_376_1_3_comp1,R_9_B_376_1_3,TCDB,TCDB.9_B_376_1_3_comp1
G_3_E_3_1_1_comp1,P_3_E_3_1_1_comp1,R_3_E_3_1_1,TCDB,TCDB.3_E_3_1_1_comp1
G_9_B_432_1_5_comp1,P_9_B_432_1_5_comp1,R_9_B_432_1_5,TCDB,TCDB.9_B_432_1_5_comp1
G_1_W_8_1_3_comp1,P_1_W_8_1_3_comp1,R_1_W_8_1_3,TCDB,TCDB.1_W_8_1_3_comp1
G_1_C_23_1_3_comp1,P_1_C_23_1_3_comp1,R_1_C_23_1_3,TCDB,TCDB.1_C_23_1_3_comp1
G_1_C_2_1_13_comp1,P_1_C_2_1_13_comp1,R_1_C_2_1_13,TCDB,TCDB.1_C_2_1_13_comp1
G_9_B_379_1_2_comp1,P_9_B_379_1_2_comp1,R_9_B_379_1_2,TCDB,TCDB.9_B_379_1_2_comp1
G_9_B_378_1_3_comp1,P_9_B_378_1_3_comp1,R_9_B_378_1_3,TCDB,TCDB.9_B_378_1_3_comp1
G_1_W_7_3_6_comp1,P_1_W_7_3_6_comp1,R_1_W_7_3_6,TCDB,TCDB.1_W_7_3_6_comp1
G_3_D_10_1_9_comp1,P_3_D_10_1_9_comp1+3_D_10_1_9_comp2+3_D_10_1_9_comp3+3_D_10_1_9_comp4+3_D_10_1_9_comp5,R_3_D_10_1_9,TCDB,TCDB.3_D_10_1_9_comp1
G_3_D_10_1_9_comp2,P_3_D_10_1_9_comp1+3_D_10_1_9_comp2+3_D_10_1_9_comp3+3_D_10_1_9_comp4+3_D_10_1_9_comp5,R_3_D_10_1_9,TCDB,TCDB.3_D_10_1_9_comp2
G_3_D_10_1_9_comp3,P_3_D_10_1_9_comp1+3_D_10_1_9_comp2+3_D_10_1_9_comp3+3_D_10_1_9_comp4+3_D_10_1_9_comp5,R_3_D_10_1_9,TCDB,TCDB.3_D_10_1_9_comp3
G_3_D_10_1_9_comp4,P_3_D_10_1_9_comp1+3_D_10_1_9_comp2+3_D_10_1_9_comp3+3_D_10_1_9_comp4+3_D_10_1_9_comp5,R_3_D_10_1_9,TCDB,TCDB.3_D_10_1_9_comp4
G_3_D_10_1_9_comp5,P_3_D_10_1_9_comp1+3_D_10_1_9_comp2+3_D_10_1_9_comp3+3_D_10_1_9_comp4+3_D_10_1_9_comp5,R_3_D_10_1_9,TCDB,TCDB.3_D_10_1_9_comp5
G_3_A_3_2_48_comp1,P_3_A_3_2_48_comp1,R_3_A_3_2_48,TCDB,TCDB.3_A_3_2_48_comp1
G_1_A_3_1_10_comp1,P_1_A_3_1_10_comp1,R_1_A_3_1_10,TCDB,TCDB.1_A_3_1_10_comp1
G_3_E_1_8_5_comp1,P_3_E_1_8_5_comp1,R_3_E_1_8_5,TCDB,TCDB.3_E_1_8_5_comp1
G_3_E_1_8_4_comp1,P_3_E_1_8_4_comp1,R_3_E_1_8_4,TCDB,TCDB.3_E_1_8_4_comp1
G_3_A_1_130_2_comp1,P_3_A_1_130_2_comp1+3_A_1_130_2_comp2,R_3_A_1_130_2,TCDB,TCDB.3_A_1_130_2_comp1
G_3_A_1_130_2_comp2,P_3_A_1_130_2_comp1+3_A_1_130_2_comp2,R_3_A_1_130_2,TCDB,TCDB.3_A_1_130_2_comp2
G_8_B_10_3_3_comp1,P_8_B_10_3_3_comp1,R_8_B_10_3_3,TCDB,TCDB.8_B_10_3_3_comp1
G_1_C_38_1_14_comp1,P_1_C_38_1_14_comp1,R_1_C_38_1_14,TCDB,TCDB.1_C_38_1_14_comp1
G_1_W_9_3_1_comp1,P_1_W_9_3_1_comp1,R_1_W_9_3_1,TCDB,TCDB.1_W_9_3_1_comp1
G_1_A_102_1_2_comp1,P_1_A_102_1_2_comp1,R_1_A_102_1_2,TCDB,TCDB.1_A_102_1_2_comp1
G_8_B_28_2_2_comp1,P_8_B_28_2_2_comp1,R_8_B_28_2_2,TCDB,TCDB.8_B_28_2_2_comp1
G_8_B_1_4_2_comp1,P_8_B_1_4_2_comp1,R_8_B_1_4_2,TCDB,TCDB.8_B_1_4_2_comp1
G_8_B_16_3_2_comp1,P_8_B_16_3_2_comp1,R_8_B_16_3_2,TCDB,TCDB.8_B_16_3_2_comp1
G_1_W_10_3_4_comp1,P_1_W_10_3_4_comp1,R_1_W_10_3_4,TCDB,TCDB.1_W_10_3_4_comp1
G_2_A_131_1_3_comp1,P_2_A_131_1_3_comp1,R_2_A_131_1_3,TCDB,TCDB.2_A_131_1_3_comp1
G_2_A_36_1_24_comp1,P_2_A_36_1_24_comp1,R_2_A_36_1_24,TCDB,TCDB.2_A_36_1_24_comp1
G_9_B_387_1_2_comp1,P_9_B_387_1_2_comp1,R_9_B_387_1_2,TCDB,TCDB.9_B_387_1_2_comp1
G_1_W_9_1_11_comp1,P_1_W_9_1_11_comp1,R_1_W_9_1_11,TCDB,TCDB.1_W_9_1_11_comp1
G_1_C_81_1_2_comp1,P_1_C_81_1_2_comp1,R_1_C_81_1_2,TCDB,TCDB.1_C_81_1_2_comp1
G_1_W_2_1_15_comp1,P_1_W_2_1_15_comp1,R_1_W_2_1_15,TCDB,TCDB.1_W_2_1_15_comp1
G_1_A_1_4_12_comp1,P_1_A_1_4_12_comp1,R_1_A_1_4_12,TCDB,TCDB.1_A_1_4_12_comp1
G_3_A_1_207_8_comp1,P_3_A_1_207_8_comp1,R_3_A_1_207_8,TCDB,TCDB.3_A_1_207_8_comp1
G_1_A_135_1_1_comp1,P_1_A_135_1_1_comp1,R_1_A_135_1_1,TCDB,TCDB.1_A_135_1_1_comp1
G_8_A_23_1_20_comp1,P_8_A_23_1_20_comp1,R_8_A_23_1_20,TCDB,TCDB.8_A_23_1_20_comp1
G_1_B_165_1_7_comp1,P_1_B_165_1_7_comp1,R_1_B_165_1_7,TCDB,TCDB.1_B_165_1_7_comp1
G_1_A_65_1_6_comp1,P_1_A_65_1_6_comp1,R_1_A_65_1_6,TCDB,TCDB.1_A_65_1_6_comp1
G_1_W_9_1_2_comp1,P_1_W_9_1_2_comp1,R_1_W_9_1_2,TCDB,TCDB.1_W_9_1_2_comp1
G_2_A_85_2_8_comp1,P_2_A_85_2_8_comp1,R_2_A_85_2_8,TCDB,TCDB.2_A_85_2_8_comp1
G_1_M_11_1_2_comp1,P_1_M_11_1_2_comp1,R_1_M_11_1_2,TCDB,TCDB.1_M_11_1_2_comp1
G_9_A_75_1_2_comp1,P_9_A_75_1_2_comp1+9_A_75_1_2_comp2+9_A_75_1_2_comp3+9_A_75_1_2_comp4,R_9_A_75_1_2,TCDB,TCDB.9_A_75_1_2_comp1
G_9_A_75_1_2_comp2,P_9_A_75_1_2_comp1+9_A_75_1_2_comp2+9_A_75_1_2_comp3+9_A_75_1_2_comp4,R_9_A_75_1_2,TCDB,TCDB.9_A_75_1_2_comp2
G_9_A_75_1_2_comp3,P_9_A_75_1_2_comp1+9_A_75_1_2_comp2+9_A_75_1_2_comp3+9_A_75_1_2_comp4,R_9_A_75_1_2,TCDB,TCDB.9_A_75_1_2_comp3
G_9_A_75_1_2_comp4,P_9_A_75_1_2_comp1+9_A_75_1_2_comp2+9_A_75_1_2_comp3+9_A_75_1_2_comp4,R_9_A_75_1_2,TCDB,TCDB.9_A_75_1_2_comp4
G_9_B_354_1_1_comp1,P_9_B_354_1_1_comp1,R_9_B_354_1_1,TCDB,TCDB.9_B_354_1_1_comp1
G_1_E_8_1_6_comp1,P_1_E_8_1_6_comp1,R_1_E_8_1_6,TCDB,TCDB.1_E_8_1_6_comp1
G_1_C_101_1_5_comp1,P_1_C_101_1_5_comp1,R_1_C_101_1_5,TCDB,TCDB.1_C_101_1_5_comp1
G_1_B_2_1_2_comp1,P_1_B_2_1_2_comp1+1_B_2_1_2_comp2+1_B_2_1_2_comp3,R_1_B_2_1_2,TCDB,TCDB.1_B_2_1_2_comp1
G_1_B_2_1_2_comp2,P_1_B_2_1_2_comp1+1_B_2_1_2_comp2+1_B_2_1_2_comp3,R_1_B_2_1_2,TCDB,TCDB.1_B_2_1_2_comp2
G_1_B_2_1_2_comp3,P_1_B_2_1_2_comp1+1_B_2_1_2_comp2+1_B_2_1_2_comp3,R_1_B_2_1_2,TCDB,TCDB.1_B_2_1_2_comp3
G_2_A_7_3_20_comp1,P_2_A_7_3_20_comp1,R_2_A_7_3_20,TCDB,TCDB.2_A_7_3_20_comp1
G_9_B_2_1_6_comp1,P_9_B_2_1_6_comp1,R_9_B_2_1_6,TCDB,TCDB.9_B_2_1_6_comp1
G_5_B_4_1_2_comp1,P_5_B_4_1_2_comp1+5_B_4_1_2_comp2+5_B_4_1_2_comp3+5_B_4_1_2_comp4+5_B_4_1_2_comp5+5_B_4_1_2_comp6+5_B_4_1_2_comp7+5_B_4_1_2_comp8+5_B_4_1_2_comp9+5_B_4_1_2_comp10,R_5_B_4_1_2,TCDB,TCDB.5_B_4_1_2_comp1
G_5_B_4_1_2_comp2,P_5_B_4_1_2_comp1+5_B_4_1_2_comp2+5_B_4_1_2_comp3+5_B_4_1_2_comp4+5_B_4_1_2_comp5+5_B_4_1_2_comp6+5_B_4_1_2_comp7+5_B_4_1_2_comp8+5_B_4_1_2_comp9+5_B_4_1_2_comp10,R_5_B_4_1_2,TCDB,TCDB.5_B_4_1_2_comp2
G_5_B_4_1_2_comp3,P_5_B_4_1_2_comp1+5_B_4_1_2_comp2+5_B_4_1_2_comp3+5_B_4_1_2_comp4+5_B_4_1_2_comp5+5_B_4_1_2_comp6+5_B_4_1_2_comp7+5_B_4_1_2_comp8+5_B_4_1_2_comp9+5_B_4_1_2_comp10,R_5_B_4_1_2,TCDB,TCDB.5_B_4_1_2_comp3
G_5_B_4_1_2_comp4,P_5_B_4_1_2_comp1+5_B_4_1_2_comp2+5_B_4_1_2_comp3+5_B_4_1_2_comp4+5_B_4_1_2_comp5+5_B_4_1_2_comp6+5_B_4_1_2_comp7+5_B_4_1_2_comp8+5_B_4_1_2_comp9+5_B_4_1_2_comp10,R_5_B_4_1_2,TCDB,TCDB.5_B_4_1_2_comp4
G_5_B_4_1_2_comp5,P_5_B_4_1_2_comp1+5_B_4_1_2_comp2+5_B_4_1_2_comp3+5_B_4_1_2_comp4+5_B_4_1_2_comp5+5_B_4_1_2_comp6+5_B_4_1_2_comp7+5_B_4_1_2_comp8+5_B_4_1_2_comp9+5_B_4_1_2_comp10,R_5_B_4_1_2,TCDB,TCDB.5_B_4_1_2_comp5
G_5_B_4_1_2_comp6,P_5_B_4_1_2_comp1+5_B_4_1_2_comp2+5_B_4_1_2_comp3+5_B_4_1_2_comp4+5_B_4_1_2_comp5+5_B_4_1_2_comp6+5_B_4_1_2_comp7+5_B_4_1_2_comp8+5_B_4_1_2_comp9+5_B_4_1_2_comp10,R_5_B_4_1_2,TCDB,TCDB.5_B_4_1_2_comp6
G_5_B_4_1_2_comp7,P_5_B_4_1_2_comp1+5_B_4_1_2_comp2+5_B_4_1_2_comp3+5_B_4_1_2_comp4+5_B_4_1_2_comp5+5_B_4_1_2_comp6+5_B_4_1_2_comp7+5_B_4_1_2_comp8+5_B_4_1_2_comp9+5_B_4_1_2_comp10,R_5_B_4_1_2,TCDB,TCDB.5_B_4_1_2_comp7
G_5_B_4_1_2_comp8,P_5_B_4_1_2_comp1+5_B_4_1_2_comp2+5_B_4_1_2_comp3+5_B_4_1_2_comp4+5_B_4_1_2_comp5+5_B_4_1_2_comp6+5_B_4_1_2_comp7+5_B_4_1_2_comp8+5_B_4_1_2_comp9+5_B_4_1_2_comp10,R_5_B_4_1_2,TCDB,TCDB.5_B_4_1_2_comp8
G_5_B_4_1_2_comp9,P_5_B_4_1_2_comp1+5_B_4_1_2_comp2+5_B_4_1_2_comp3+5_B_4_1_2_comp4+5_B_4_1_2_comp5+5_B_4_1_2_comp6+5_B_4_1_2_comp7+5_B_4_1_2_comp8+5_B_4_1_2_comp9+5_B_4_1_2_comp10,R_5_B_4_1_2,TCDB,TCDB.5_B_4_1_2_comp9
G_5_B_4_1_2_comp10,P_5_B_4_1_2_comp1+5_B_4_1_2_comp2+5_B_4_1_2_comp3+5_B_4_1_2_comp4+5_B_4_1_2_comp5+5_B_4_1_2_comp6+5_B_4_1_2_comp7+5_B_4_1_2_comp8+5_B_4_1_2_comp9+5_B_4_1_2_comp10,R_5_B_4_1_2,TCDB,TCDB.5_B_4_1_2_comp10
G_1_A_35_3_8_comp1,P_1_A_35_3_8_comp1,R_1_A_35_3_8,TCDB,TCDB.1_A_35_3_8_comp1
G_8_B_24_5_3_comp1,P_8_B_24_5_3_comp1,R_8_B_24_5_3,TCDB,TCDB.8_B_24_5_3_comp1
G_1_A_14_2_7_comp1,P_1_A_14_2_7_comp1,R_1_A_14_2_7,TCDB,TCDB.1_A_14_2_7_comp1
G_1_B_69_1_6_comp1,P_1_B_69_1_6_comp1,R_1_B_69_1_6,TCDB,TCDB.1_B_69_1_6_comp1
G_3_A_28_1_2_comp1,P_3_A_28_1_2_comp1,R_3_A_28_1_2,TCDB,TCDB.3_A_28_1_2_comp1
G_1_C_85_1_9_comp1,P_1_C_85_1_9_comp1,R_1_C_85_1_9,TCDB,TCDB.1_C_85_1_9_comp1
G_1_G_2_1_4_comp1,P_1_G_2_1_4_comp1,R_1_G_2_1_4,TCDB,TCDB.1_G_2_1_4_comp1
G_9_B_133_1_2_comp1,P_9_B_133_1_2_comp1,R_9_B_133_1_2,TCDB,TCDB.9_B_133_1_2_comp1
G_8_A_131_1_16_comp1,P_8_A_131_1_16_comp1,R_8_A_131_1_16,TCDB,TCDB.8_A_131_1_16_comp1
G_1_A_79_1_6_comp1,P_1_A_79_1_6_comp1,R_1_A_79_1_6,TCDB,TCDB.1_A_79_1_6_comp1
G_3_A_1_128_2_comp1,P_3_A_1_128_2_comp1+3_A_1_128_2_comp2,R_3_A_1_128_2,TCDB,TCDB.3_A_1_128_2_comp1
G_3_A_1_128_2_comp2,P_3_A_1_128_2_comp1+3_A_1_128_2_comp2,R_3_A_1_128_2,TCDB,TCDB.3_A_1_128_2_comp2
G_1_B_19_1_3_comp1,P_1_B_19_1_3_comp1,R_1_B_19_1_3,TCDB,TCDB.1_B_19_1_3_comp1
G_8_A_43_1_1_comp1,P_8_A_43_1_1_comp1,R_8_A_43_1_1,TCDB,TCDB.8_A_43_1_1_comp1
G_2_A_36_6_10_comp1,P_2_A_36_6_10_comp1,R_2_A_36_6_10,TCDB,TCDB.2_A_36_6_10_comp1
G_1_A_91_1_1_comp1,P_1_A_91_1_1_comp1+1_A_91_1_1_comp2+1_A_91_1_1_comp3,R_1_A_91_1_1,TCDB,TCDB.1_A_91_1_1_comp1
G_1_A_91_1_1_comp2,P_1_A_91_1_1_comp1+1_A_91_1_1_comp2+1_A_91_1_1_comp3,R_1_A_91_1_1,TCDB,TCDB.1_A_91_1_1_comp2
G_1_A_91_1_1_comp3,P_1_A_91_1_1_comp1+1_A_91_1_1_comp2+1_A_91_1_1_comp3,R_1_A_91_1_1,TCDB,TCDB.1_A_91_1_1_comp3
G_3_A_10_1_5_comp1,P_3_A_10_1_5_comp1,R_3_A_10_1_5,TCDB,TCDB.3_A_10_1_5_comp1
G_1_E_18_1_3_comp1,P_1_E_18_1_3_comp1,R_1_E_18_1_3,TCDB,TCDB.1_E_18_1_3_comp1
G_1_B_57_4_2_comp1,P_1_B_57_4_2_comp1,R_1_B_57_4_2,TCDB,TCDB.1_B_57_4_2_comp1
G_9_A_28_1_2_comp1,P_9_A_28_1_2_comp1,R_9_A_28_1_2,TCDB,TCDB.9_A_28_1_2_comp1
G_9_B_28_1_8_comp1,P_9_B_28_1_8_comp1,R_9_B_28_1_8,TCDB,TCDB.9_B_28_1_8_comp1
G_2_A_7_1_7_comp1,P_2_A_7_1_7_comp1,R_2_A_7_1_7,TCDB,TCDB.2_A_7_1_7_comp1
G_2_A_102_4_7_comp1,P_2_A_102_4_7_comp1,R_2_A_102_4_7,TCDB,TCDB.2_A_102_4_7_comp1
G_2_A_35_1_4_comp1,P_2_A_35_1_4_comp1,R_2_A_35_1_4,TCDB,TCDB.2_A_35_1_4_comp1
G_9_B_107_1_2_comp1,P_9_B_107_1_2_comp1,R_9_B_107_1_2,TCDB,TCDB.9_B_107_1_2_comp1
G_1_B_18_3_7_comp1,P_1_B_18_3_7_comp1,R_1_B_18_3_7,TCDB,TCDB.1_B_18_3_7_comp1
G_8_A_3_1_3_comp1,P_8_A_3_1_3_comp1,R_8_A_3_1_3,TCDB,TCDB.8_A_3_1_3_comp1
G_9_B_30_1_1_comp1,P_9_B_30_1_1_comp1,R_9_B_30_1_1,TCDB,TCDB.9_B_30_1_1_comp1
G_9_B_97_6_1_comp1,P_9_B_97_6_1_comp1,R_9_B_97_6_1,TCDB,TCDB.9_B_97_6_1_comp1
G_2_A_66_2_23_comp1,P_2_A_66_2_23_comp1,R_2_A_66_2_23,TCDB,TCDB.2_A_66_2_23_comp1
G_2_A_7_34_2_comp1,P_2_A_7_34_2_comp1,R_2_A_7_34_2,TCDB,TCDB.2_A_7_34_2_comp1
G_2_A_12_1_14_comp1,P_2_A_12_1_14_comp1,R_2_A_12_1_14,TCDB,TCDB.2_A_12_1_14_comp1
G_1_B_16_2_2_comp1,P_1_B_16_2_2_comp1,R_1_B_16_2_2,TCDB,TCDB.1_B_16_2_2_comp1
G_2_A_21_8_3_comp1,P_2_A_21_8_3_comp1,R_2_A_21_8_3,TCDB,TCDB.2_A_21_8_3_comp1
G_1_A_13_1_5_comp1,P_1_A_13_1_5_comp1,R_1_A_13_1_5,TCDB,TCDB.1_A_13_1_5_comp1
G_1_B_66_1_7_comp1,P_1_B_66_1_7_comp1,R_1_B_66_1_7,TCDB,TCDB.1_B_66_1_7_comp1
G_2_A_7_3_21_comp1,P_2_A_7_3_21_comp1,R_2_A_7_3_21,TCDB,TCDB.2_A_7_3_21_comp1
G_1_B_48_1_10_comp1,P_1_B_48_1_10_comp1,R_1_B_48_1_10,TCDB,TCDB.1_B_48_1_10_comp1
G_9_B_67_4_2_comp1,P_9_B_67_4_2_comp1,R_9_B_67_4_2,TCDB,TCDB.9_B_67_4_2_comp1
G_1_B_6_1_20_comp1,P_1_B_6_1_20_comp1,R_1_B_6_1_20,TCDB,TCDB.1_B_6_1_20_comp1
G_1_B_74_1_2_comp1,P_1_B_74_1_2_comp1,R_1_B_74_1_2,TCDB,TCDB.1_B_74_1_2_comp1
G_2_A_123_2_6_comp1,P_2_A_123_2_6_comp1,R_2_A_123_2_6,TCDB,TCDB.2_A_123_2_6_comp1
G_9_B_97_1_8_comp1,P_9_B_97_1_8_comp1,R_9_B_97_1_8,TCDB,TCDB.9_B_97_1_8_comp1
G_9_B_29_1_2_comp1,P_9_B_29_1_2_comp1,R_9_B_29_1_2,TCDB,TCDB.9_B_29_1_2_comp1
G_2_A_1_28_5_comp1,P_2_A_1_28_5_comp1,R_2_A_1_28_5,TCDB,TCDB.2_A_1_28_5_comp1
G_3_A_3_30_3_comp1,P_3_A_3_30_3_comp1,R_3_A_3_30_3,TCDB,TCDB.3_A_3_30_3_comp1
G_2_A_25_1_6_comp1,P_2_A_25_1_6_comp1,R_2_A_25_1_6,TCDB,TCDB.2_A_25_1_6_comp1
G_3_A_3_1_5_comp1,P_3_A_3_1_5_comp1,R_3_A_3_1_5,TCDB,TCDB.3_A_3_1_5_comp1
G_3_A_3_27_2_comp1,P_3_A_3_27_2_comp1,R_3_A_3_27_2,TCDB,TCDB.3_A_3_27_2_comp1
G_2_A_19_8_1_comp1,P_2_A_19_8_1_comp1,R_2_A_19_8_1,TCDB,TCDB.2_A_19_8_1_comp1
G_5_A_1_5_2_comp1,P_5_A_1_5_2_comp1,R_5_A_1_5_2,TCDB,TCDB.5_A_1_5_2_comp1
G_1_A_77_3_35_comp1,P_1_A_77_3_35_comp1,R_1_A_77_3_35,TCDB,TCDB.1_A_77_3_35_comp1
G_9_B_29_2_4_comp1,P_9_B_29_2_4_comp1,R_9_B_29_2_4,TCDB,TCDB.9_B_29_2_4_comp1
G_1_M_1_3_16_comp1,P_1_M_1_3_16_comp1,R_1_M_1_3_16,TCDB,TCDB.1_M_1_3_16_comp1
G_1_E_56_1_11_comp1,P_1_E_56_1_11_comp1,R_1_E_56_1_11,TCDB,TCDB.1_E_56_1_11_comp1
G_2_A_23_2_11_comp1,P_2_A_23_2_11_comp1,R_2_A_23_2_11,TCDB,TCDB.2_A_23_2_11_comp1
G_2_A_23_2_12_comp1,P_2_A_23_2_12_comp1,R_2_A_23_2_12,TCDB,TCDB.2_A_23_2_12_comp1
G_1_A_90_2_4_comp1,P_1_A_90_2_4_comp1,R_1_A_90_2_4,TCDB,TCDB.1_A_90_2_4_comp1
G_2_A_1_65_2_comp1,P_2_A_1_65_2_comp1,R_2_A_1_65_2,TCDB,TCDB.2_A_1_65_2_comp1
G_2_A_112_1_4_comp1,P_2_A_112_1_4_comp1,R_2_A_112_1_4,TCDB,TCDB.2_A_112_1_4_comp1
G_2_A_90_3_2_comp1,P_2_A_90_3_2_comp1,R_2_A_90_3_2,TCDB,TCDB.2_A_90_3_2_comp1
G_2_A_94_1_2_comp1,P_2_A_94_1_2_comp1,R_2_A_94_1_2,TCDB,TCDB.2_A_94_1_2_comp1
G_8_B_9_1_6_comp1,P_8_B_9_1_6_comp1,R_8_B_9_1_6,TCDB,TCDB.8_B_9_1_6_comp1
G_1_C_113_2_2_comp1,P_1_C_113_2_2_comp1,R_1_C_113_2_2,TCDB,TCDB.1_C_113_2_2_comp1
G_3_A_1_201_10_comp1,P_3_A_1_201_10_comp1,R_3_A_1_201_10,TCDB,TCDB.3_A_1_201_10_comp1
G_1_A_17_1_17_comp1,P_1_A_17_1_17_comp1,R_1_A_17_1_17,TCDB,TCDB.1_A_17_1_17_comp1
G_3_A_2_1_13_comp1,P_3_A_2_1_13_comp1+3_A_2_1_13_comp2+3_A_2_1_13_comp3+3_A_2_1_13_comp4+3_A_2_1_13_comp5+3_A_2_1_13_comp6+3_A_2_1_13_comp7,R_3_A_2_1_13,TCDB,TCDB.3_A_2_1_13_comp1
G_3_A_2_1_13_comp2,P_3_A_2_1_13_comp1+3_A_2_1_13_comp2+3_A_2_1_13_comp3+3_A_2_1_13_comp4+3_A_2_1_13_comp5+3_A_2_1_13_comp6+3_A_2_1_13_comp7,R_3_A_2_1_13,TCDB,TCDB.3_A_2_1_13_comp2
G_3_A_2_1_13_comp3,P_3_A_2_1_13_comp1+3_A_2_1_13_comp2+3_A_2_1_13_comp3+3_A_2_1_13_comp4+3_A_2_1_13_comp5+3_A_2_1_13_comp6+3_A_2_1_13_comp7,R_3_A_2_1_13,TCDB,TCDB.3_A_2_1_13_comp3
G_3_A_2_1_13_comp4,P_3_A_2_1_13_comp1+3_A_2_1_13_comp2+3_A_2_1_13_comp3+3_A_2_1_13_comp4+3_A_2_1_13_comp5+3_A_2_1_13_comp6+3_A_2_1_13_comp7,R_3_A_2_1_13,TCDB,TCDB.3_A_2_1_13_comp4
G_3_A_2_1_13_comp5,P_3_A_2_1_13_comp1+3_A_2_1_13_comp2+3_A_2_1_13_comp3+3_A_2_1_13_comp4+3_A_2_1_13_comp5+3_A_2_1_13_comp6+3_A_2_1_13_comp7,R_3_A_2_1_13,TCDB,TCDB.3_A_2_1_13_comp5
G_3_A_2_1_13_comp6,P_3_A_2_1_13_comp1+3_A_2_1_13_comp2+3_A_2_1_13_comp3+3_A_2_1_13_comp4+3_A_2_1_13_comp5+3_A_2_1_13_comp6+3_A_2_1_13_comp7,R_3_A_2_1_13,TCDB,TCDB.3_A_2_1_13_comp6
G_3_A_2_1_13_comp7,P_3_A_2_1_13_comp1+3_A_2_1_13_comp2+3_A_2_1_13_comp3+3_A_2_1_13_comp4+3_A_2_1_13_comp5+3_A_2_1_13_comp6+3_A_2_1_13_comp7,R_3_A_2_1_13,TCDB,TCDB.3_A_2_1_13_comp7
G_1_B_49_1_7_comp1,P_1_B_49_1_7_comp1,R_1_B_49_1_7,TCDB,TCDB.1_B_49_1_7_comp1
G_9_B_38_1_2_comp1,P_9_B_38_1_2_comp1,R_9_B_38_1_2,TCDB,TCDB.9_B_38_1_2_comp1
G_9_B_91_1_1_comp1,P_9_B_91_1_1_comp1,R_9_B_91_1_1,TCDB,TCDB.9_B_91_1_1_comp1
G_8_B_17_1_8_comp1,P_8_B_17_1_8_comp1,R_8_B_17_1_8,TCDB,TCDB.8_B_17_1_8_comp1
G_1_C_90_3_2_comp1,P_1_C_90_3_2_comp1,R_1_C_90_3_2,TCDB,TCDB.1_C_90_3_2_comp1
G_9_B_211_1_1_comp1,P_9_B_211_1_1_comp1,R_9_B_211_1_1,TCDB,TCDB.9_B_211_1_1_comp1
G_9_B_27_3_3_comp1,P_9_B_27_3_3_comp1,R_9_B_27_3_3,TCDB,TCDB.9_B_27_3_3_comp1
G_2_A_39_1_2_comp1,P_2_A_39_1_2_comp1,R_2_A_39_1_2,TCDB,TCDB.2_A_39_1_2_comp1
G_1_B_62_1_2_comp1,P_1_B_62_1_2_comp1,R_1_B_62_1_2,TCDB,TCDB.1_B_62_1_2_comp1
G_1_E_11_3_1_comp1,P_1_E_11_3_1_comp1,R_1_E_11_3_1,TCDB,TCDB.1_E_11_3_1_comp1
G_1_A_77_3_9_comp1,P_1_A_77_3_9_comp1,R_1_A_77_3_9,TCDB,TCDB.1_A_77_3_9_comp1
G_1_E_56_1_2_comp1,P_1_E_56_1_2_comp1,R_1_E_56_1_2,TCDB,TCDB.1_E_56_1_2_comp1
G_2_A_66_4_7_comp1,P_2_A_66_4_7_comp1,R_2_A_66_4_7,TCDB,TCDB.2_A_66_4_7_comp1
G_1_B_68_1_2_comp1,P_1_B_68_1_2_comp1,R_1_B_68_1_2,TCDB,TCDB.1_B_68_1_2_comp1
G_2_A_120_1_3_comp1,P_2_A_120_1_3_comp1,R_2_A_120_1_3,TCDB,TCDB.2_A_120_1_3_comp1
G_3_A_1_128_3_comp1,P_3_A_1_128_3_comp1+3_A_1_128_3_comp2,R_3_A_1_128_3,TCDB,TCDB.3_A_1_128_3_comp1
G_3_A_1_128_3_comp2,P_3_A_1_128_3_comp1+3_A_1_128_3_comp2,R_3_A_1_128_3,TCDB,TCDB.3_A_1_128_3_comp2
G_3_A_3_5_27_comp1,P_3_A_3_5_27_comp1,R_3_A_3_5_27,TCDB,TCDB.3_A_3_5_27_comp1
G_3_A_10_1_15_comp1,P_3_A_10_1_15_comp1,R_3_A_10_1_15,TCDB,TCDB.3_A_10_1_15_comp1
G_1_A_106_2_1_comp1,P_1_A_106_2_1_comp1,R_1_A_106_2_1,TCDB,TCDB.1_A_106_2_1_comp1
G_2_A_86_2_1_comp1,P_2_A_86_2_1_comp1,R_2_A_86_2_1,TCDB,TCDB.2_A_86_2_1_comp1
G_8_A_1_1_3_comp1,P_8_A_1_1_3_comp1,R_8_A_1_1_3,TCDB,TCDB.8_A_1_1_3_comp1
G_3_A_3_5_31_comp1,P_3_A_3_5_31_comp1,R_3_A_3_5_31,TCDB,TCDB.3_A_3_5_31_comp1
G_1_E_3_2_2_comp1,P_1_E_3_2_2_comp1,R_1_E_3_2_2,TCDB,TCDB.1_E_3_2_2_comp1
G_1_E_36_1_8_comp1,P_1_E_36_1_8_comp1,R_1_E_36_1_8,TCDB,TCDB.1_E_36_1_8_comp1
G_1_A_22_1_8_comp1,P_1_A_22_1_8_comp1,R_1_A_22_1_8,TCDB,TCDB.1_A_22_1_8_comp1
G_2_A_1_11_9_comp1,P_2_A_1_11_9_comp1,R_2_A_1_11_9,TCDB,TCDB.2_A_1_11_9_comp1
G_1_B_49_1_4_comp1,P_1_B_49_1_4_comp1,R_1_B_49_1_4,TCDB,TCDB.1_B_49_1_4_comp1
G_1_C_116_1_2_comp1,P_1_C_116_1_2_comp1,R_1_C_116_1_2,TCDB,TCDB.1_C_116_1_2_comp1
G_1_C_47_1_8_comp1,P_1_C_47_1_8_comp1,R_1_C_47_1_8,TCDB,TCDB.1_C_47_1_8_comp1
G_1_C_24_1_12_comp1,P_1_C_24_1_12_comp1,R_1_C_24_1_12,TCDB,TCDB.1_C_24_1_12_comp1
G_8_B_17_1_4_comp1,P_8_B_17_1_4_comp1,R_8_B_17_1_4,TCDB,TCDB.8_B_17_1_4_comp1
G_8_B_4_1_6_comp1,P_8_B_4_1_6_comp1,R_8_B_4_1_6,TCDB,TCDB.8_B_4_1_6_comp1
G_8_B_3_1_6_comp1,P_8_B_3_1_6_comp1,R_8_B_3_1_6,TCDB,TCDB.8_B_3_1_6_comp1
G_8_B_21_1_2_comp1,P_8_B_21_1_2_comp1,R_8_B_21_1_2,TCDB,TCDB.8_B_21_1_2_comp1
G_8_B_10_1_3_comp1,P_8_B_10_1_3_comp1,R_8_B_10_1_3,TCDB,TCDB.8_B_10_1_3_comp1
G_8_B_10_1_2_comp1,P_8_B_10_1_2_comp1,R_8_B_10_1_2,TCDB,TCDB.8_B_10_1_2_comp1
G_1_A_93_1_2_comp1,P_1_A_93_1_2_comp1,R_1_A_93_1_2,TCDB,TCDB.1_A_93_1_2_comp1
G_2_A_36_5_2_comp1,P_2_A_36_5_2_comp1,R_2_A_36_5_2,TCDB,TCDB.2_A_36_5_2_comp1
G_2_A_1_1_71_comp1,P_2_A_1_1_71_comp1,R_2_A_1_1_71,TCDB,TCDB.2_A_1_1_71_comp1
G_2_A_1_1_64_comp1,P_2_A_1_1_64_comp1,R_2_A_1_1_64,TCDB,TCDB.2_A_1_1_64_comp1
G_1_A_70_1_2_comp1,P_1_A_70_1_2_comp1,R_1_A_70_1_2,TCDB,TCDB.1_A_70_1_2_comp1
G_1_A_70_1_1_comp1,P_1_A_70_1_1_comp1,R_1_A_70_1_1,TCDB,TCDB.1_A_70_1_1_comp1
G_2_A_39_2_4_comp1,P_2_A_39_2_4_comp1,R_2_A_39_2_4,TCDB,TCDB.2_A_39_2_4_comp1
G_9_A_14_23_4_comp1,P_9_A_14_23_4_comp1,R_9_A_14_23_4,TCDB,TCDB.9_A_14_23_4_comp1
G_9_A_8_1_14_comp1,P_9_A_8_1_14_comp1,R_9_A_8_1_14,TCDB,TCDB.9_A_8_1_14_comp1
G_9_B_67_2_2_comp1,P_9_B_67_2_2_comp1,R_9_B_67_2_2,TCDB,TCDB.9_B_67_2_2_comp1
G_1_E_21_2_2_comp1,P_1_E_21_2_2_comp1,R_1_E_21_2_2,TCDB,TCDB.1_E_21_2_2_comp1
G_1_E_11_2_2_comp1,P_1_E_11_2_2_comp1,R_1_E_11_2_2,TCDB,TCDB.1_E_11_2_2_comp1
G_2_A_51_1_7_comp1,P_2_A_51_1_7_comp1,R_2_A_51_1_7,TCDB,TCDB.2_A_51_1_7_comp1
G_2_A_7_35_5_comp1,P_2_A_7_35_5_comp1,R_2_A_7_35_5,TCDB,TCDB.2_A_7_35_5_comp1
G_3_A_1_5_37_comp1,P_3_A_1_5_37_comp1+3_A_1_5_37_comp2+3_A_1_5_37_comp3+3_A_1_5_37_comp4+3_A_1_5_37_comp5,R_3_A_1_5_37,TCDB,TCDB.3_A_1_5_37_comp1
G_3_A_1_5_37_comp2,P_3_A_1_5_37_comp1+3_A_1_5_37_comp2+3_A_1_5_37_comp3+3_A_1_5_37_comp4+3_A_1_5_37_comp5,R_3_A_1_5_37,TCDB,TCDB.3_A_1_5_37_comp2
G_3_A_1_5_37_comp3,P_3_A_1_5_37_comp1+3_A_1_5_37_comp2+3_A_1_5_37_comp3+3_A_1_5_37_comp4+3_A_1_5_37_comp5,R_3_A_1_5_37,TCDB,TCDB.3_A_1_5_37_comp3
G_3_A_1_5_37_comp4,P_3_A_1_5_37_comp1+3_A_1_5_37_comp2+3_A_1_5_37_comp3+3_A_1_5_37_comp4+3_A_1_5_37_comp5,R_3_A_1_5_37,TCDB,TCDB.3_A_1_5_37_comp4
G_3_A_1_5_37_comp5,P_3_A_1_5_37_comp1+3_A_1_5_37_comp2+3_A_1_5_37_comp3+3_A_1_5_37_comp4+3_A_1_5_37_comp5,R_3_A_1_5_37,TCDB,TCDB.3_A_1_5_37_comp5
G_9_B_149_1_1_comp1,P_9_B_149_1_1_comp1,R_9_B_149_1_1,TCDB,TCDB.9_B_149_1_1_comp1
G_1_A_77_3_40_comp1,P_1_A_77_3_40_comp1,R_1_A_77_3_40,TCDB,TCDB.1_A_77_3_40_comp1
G_3_A_1_17_10_comp1,P_3_A_1_17_10_comp1+3_A_1_17_10_comp2+3_A_1_17_10_comp3,R_3_A_1_17_10,TCDB,TCDB.3_A_1_17_10_comp1
G_3_A_1_17_10_comp2,P_3_A_1_17_10_comp1+3_A_1_17_10_comp2+3_A_1_17_10_comp3,R_3_A_1_17_10,TCDB,TCDB.3_A_1_17_10_comp2
G_3_A_1_17_10_comp3,P_3_A_1_17_10_comp1+3_A_1_17_10_comp2+3_A_1_17_10_comp3,R_3_A_1_17_10,TCDB,TCDB.3_A_1_17_10_comp3
G_1_E_1_1_4_comp1,P_1_E_1_1_4_comp1,R_1_E_1_1_4,TCDB,TCDB.1_E_1_1_4_comp1
G_2_A_84_1_3_comp1,P_2_A_84_1_3_comp1,R_2_A_84_1_3,TCDB,TCDB.2_A_84_1_3_comp1
G_2_A_27_2_1_comp1,P_2_A_27_2_1_comp1,R_2_A_27_2_1,TCDB,TCDB.2_A_27_2_1_comp1
G_2_A_47_6_2_comp1,P_2_A_47_6_2_comp1,R_2_A_47_6_2,TCDB,TCDB.2_A_47_6_2_comp1
G_3_E_1_6_5_comp1,P_3_E_1_6_5_comp1,R_3_E_1_6_5,TCDB,TCDB.3_E_1_6_5_comp1
G_1_E_14_1_14_comp1,P_1_E_14_1_14_comp1,R_1_E_14_1_14,TCDB,TCDB.1_E_14_1_14_comp1
G_1_C_75_1_7_comp1,P_1_C_75_1_7_comp1,R_1_C_75_1_7,TCDB,TCDB.1_C_75_1_7_comp1
G_2_A_117_1_7_comp1,P_2_A_117_1_7_comp1,R_2_A_117_1_7,TCDB,TCDB.2_A_117_1_7_comp1
G_9_B_15_2_4_comp1,P_9_B_15_2_4_comp1,R_9_B_15_2_4,TCDB,TCDB.9_B_15_2_4_comp1
G_1_B_81_1_4_comp1,P_1_B_81_1_4_comp1,R_1_B_81_1_4,TCDB,TCDB.1_B_81_1_4_comp1
G_3_A_1_125_5_comp1,P_3_A_1_125_5_comp1+3_A_1_125_5_comp2,R_3_A_1_125_5,TCDB,TCDB.3_A_1_125_5_comp1
G_3_A_1_125_5_comp2,P_3_A_1_125_5_comp1+3_A_1_125_5_comp2,R_3_A_1_125_5,TCDB,TCDB.3_A_1_125_5_comp2
G_9_B_164_1_2_comp1,P_9_B_164_1_2_comp1,R_9_B_164_1_2,TCDB,TCDB.9_B_164_1_2_comp1
G_9_B_155_2_10_comp1,P_9_B_155_2_10_comp1,R_9_B_155_2_10,TCDB,TCDB.9_B_155_2_10_comp1
G_1_B_6_3_3_comp1,P_1_B_6_3_3_comp1,R_1_B_6_3_3,TCDB,TCDB.1_B_6_3_3_comp1
G_9_B_102_4_4_comp1,P_9_B_102_4_4_comp1,R_9_B_102_4_4,TCDB,TCDB.9_B_102_4_4_comp1
G_1_B_3_2_1_comp1,P_1_B_3_2_1_comp1,R_1_B_3_2_1,TCDB,TCDB.1_B_3_2_1_comp1
G_9_B_154_1_12_comp1,P_9_B_154_1_12_comp1,R_9_B_154_1_12,TCDB,TCDB.9_B_154_1_12_comp1
G_1_B_14_18_1_comp1,P_1_B_14_18_1_comp1,R_1_B_14_18_1,TCDB,TCDB.1_B_14_18_1_comp1
G_1_E_40_3_3_comp1,P_1_E_40_3_3_comp1,R_1_E_40_3_3,TCDB,TCDB.1_E_40_3_3_comp1
G_9_B_153_3_9_comp1,P_9_B_153_3_9_comp1,R_9_B_153_3_9,TCDB,TCDB.9_B_153_3_9_comp1
G_1_B_84_1_6_comp1,P_1_B_84_1_6_comp1,R_1_B_84_1_6,TCDB,TCDB.1_B_84_1_6_comp1
G_9_B_154_1_5_comp1,P_9_B_154_1_5_comp1,R_9_B_154_1_5,TCDB,TCDB.9_B_154_1_5_comp1
G_2_A_58_2_3_comp1,P_2_A_58_2_3_comp1,R_2_A_58_2_3,TCDB,TCDB.2_A_58_2_3_comp1
G_3_A_1_147_5_comp1,P_3_A_1_147_5_comp1+3_A_1_147_5_comp2,R_3_A_1_147_5,TCDB,TCDB.3_A_1_147_5_comp1
G_3_A_1_147_5_comp2,P_3_A_1_147_5_comp1+3_A_1_147_5_comp2,R_3_A_1_147_5,TCDB,TCDB.3_A_1_147_5_comp2
G_9_B_156_1_2_comp1,P_9_B_156_1_2_comp1,R_9_B_156_1_2,TCDB,TCDB.9_B_156_1_2_comp1
G_1_A_99_1_3_comp1,P_1_A_99_1_3_comp1,R_1_A_99_1_3,TCDB,TCDB.1_A_99_1_3_comp1
G_2_A_3_12_2_comp1,P_2_A_3_12_2_comp1,R_2_A_3_12_2,TCDB,TCDB.2_A_3_12_2_comp1
G_1_B_70_1_6_comp1,P_1_B_70_1_6_comp1,R_1_B_70_1_6,TCDB,TCDB.1_B_70_1_6_comp1
G_1_B_14_6_4_comp1,P_1_B_14_6_4_comp1,R_1_B_14_6_4,TCDB,TCDB.1_B_14_6_4_comp1
G_2_A_1_67_6_comp1,P_2_A_1_67_6_comp1,R_2_A_1_67_6,TCDB,TCDB.2_A_1_67_6_comp1
G_2_A_1_2_122_comp1,P_2_A_1_2_122_comp1,R_2_A_1_2_122,TCDB,TCDB.2_A_1_2_122_comp1
G_2_A_6_2_14_comp1,P_2_A_6_2_14_comp1+2_A_6_2_14_comp2+2_A_6_2_14_comp3,R_2_A_6_2_14,TCDB,TCDB.2_A_6_2_14_comp1
G_2_A_6_2_14_comp2,P_2_A_6_2_14_comp1+2_A_6_2_14_comp2+2_A_6_2_14_comp3,R_2_A_6_2_14,TCDB,TCDB.2_A_6_2_14_comp2
G_2_A_6_2_14_comp3,P_2_A_6_2_14_comp1+2_A_6_2_14_comp2+2_A_6_2_14_comp3,R_2_A_6_2_14,TCDB,TCDB.2_A_6_2_14_comp3
G_2_A_88_8_5_comp1,P_2_A_88_8_5_comp1,R_2_A_88_8_5,TCDB,TCDB.2_A_88_8_5_comp1
G_2_A_77_1_3_comp1,P_2_A_77_1_3_comp1,R_2_A_77_1_3,TCDB,TCDB.2_A_77_1_3_comp1
G_9_B_160_1_10_comp1,P_9_B_160_1_10_comp1,R_9_B_160_1_10,TCDB,TCDB.9_B_160_1_10_comp1
G_1_A_33_2_1_comp1,P_1_A_33_2_1_comp1,R_1_A_33_2_1,TCDB,TCDB.1_A_33_2_1_comp1
G_3_A_3_7_3_comp1,P_3_A_3_7_3_comp1+3_A_3_7_3_comp2+3_A_3_7_3_comp3,R_3_A_3_7_3,TCDB,TCDB.3_A_3_7_3_comp1
G_3_A_3_7_3_comp2,P_3_A_3_7_3_comp1+3_A_3_7_3_comp2+3_A_3_7_3_comp3,R_3_A_3_7_3,TCDB,TCDB.3_A_3_7_3_comp2
G_3_A_3_7_3_comp3,P_3_A_3_7_3_comp1+3_A_3_7_3_comp2+3_A_3_7_3_comp3,R_3_A_3_7_3,TCDB,TCDB.3_A_3_7_3_comp3
G_9_B_115_1_3_comp1,P_9_B_115_1_3_comp1,R_9_B_115_1_3,TCDB,TCDB.9_B_115_1_3_comp1
G_1_B_1_2_1_comp1,P_1_B_1_2_1_comp1,R_1_B_1_2_1,TCDB,TCDB.1_B_1_2_1_comp1
G_1_A_72_2_1_comp1,P_1_A_72_2_1_comp1,R_1_A_72_2_1,TCDB,TCDB.1_A_72_2_1_comp1
G_1_B_70_1_5_comp1,P_1_B_70_1_5_comp1,R_1_B_70_1_5,TCDB,TCDB.1_B_70_1_5_comp1
G_2_A_1_47_3_comp1,P_2_A_1_47_3_comp1,R_2_A_1_47_3,TCDB,TCDB.2_A_1_47_3_comp1
G_3_A_1_15_13_comp1,P_3_A_1_15_13_comp1+3_A_1_15_13_comp2+3_A_1_15_13_comp3+3_A_1_15_13_comp4,R_3_A_1_15_13,TCDB,TCDB.3_A_1_15_13_comp1
G_3_A_1_15_13_comp2,P_3_A_1_15_13_comp1+3_A_1_15_13_comp2+3_A_1_15_13_comp3+3_A_1_15_13_comp4,R_3_A_1_15_13,TCDB,TCDB.3_A_1_15_13_comp2
G_3_A_1_15_13_comp3,P_3_A_1_15_13_comp1+3_A_1_15_13_comp2+3_A_1_15_13_comp3+3_A_1_15_13_comp4,R_3_A_1_15_13,TCDB,TCDB.3_A_1_15_13_comp3
G_3_A_1_15_13_comp4,P_3_A_1_15_13_comp1+3_A_1_15_13_comp2+3_A_1_15_13_comp3+3_A_1_15_13_comp4,R_3_A_1_15_13,TCDB,TCDB.3_A_1_15_13_comp4
G_2_A_5_5_6_comp1,P_2_A_5_5_6_comp1,R_2_A_5_5_6,TCDB,TCDB.2_A_5_5_6_comp1
G_2_A_126_1_15_comp1,P_2_A_126_1_15_comp1,R_2_A_126_1_15,TCDB,TCDB.2_A_126_1_15_comp1
G_3_A_1_140_3_comp1,P_3_A_1_140_3_comp1+3_A_1_140_3_comp2,R_3_A_1_140_3,TCDB,TCDB.3_A_1_140_3_comp1
G_3_A_1_140_3_comp2,P_3_A_1_140_3_comp1+3_A_1_140_3_comp2,R_3_A_1_140_3,TCDB,TCDB.3_A_1_140_3_comp2
G_2_A_7_33_7_comp1,P_2_A_7_33_7_comp1,R_2_A_7_33_7,TCDB,TCDB.2_A_7_33_7_comp1
G_2_A_113_2_3_comp1,P_2_A_113_2_3_comp1,R_2_A_113_2_3,TCDB,TCDB.2_A_113_2_3_comp1
G_2_A_1_59_2_comp1,P_2_A_1_59_2_comp1,R_2_A_1_59_2,TCDB,TCDB.2_A_1_59_2_comp1
G_9_B_75_3_1_comp1,P_9_B_75_3_1_comp1,R_9_B_75_3_1,TCDB,TCDB.9_B_75_3_1_comp1
G_1_B_65_1_2_comp1,P_1_B_65_1_2_comp1,R_1_B_65_1_2,TCDB,TCDB.1_B_65_1_2_comp1
G_1_B_57_4_1_comp1,P_1_B_57_4_1_comp1,R_1_B_57_4_1,TCDB,TCDB.1_B_57_4_1_comp1
G_8_A_69_1_2_comp1,P_8_A_69_1_2_comp1,R_8_A_69_1_2,TCDB,TCDB.8_A_69_1_2_comp1
G_1_C_106_1_3_comp1,P_1_C_106_1_3_comp1,R_1_C_106_1_3,TCDB,TCDB.1_C_106_1_3_comp1
G_1_C_42_1_5_comp1,P_1_C_42_1_5_comp1,R_1_C_42_1_5,TCDB,TCDB.1_C_42_1_5_comp1
G_1_A_99_1_2_comp1,P_1_A_99_1_2_comp1,R_1_A_99_1_2,TCDB,TCDB.1_A_99_1_2_comp1
G_1_C_90_1_1_comp1,P_1_C_90_1_1_comp1,R_1_C_90_1_1,TCDB,TCDB.1_C_90_1_1_comp1
G_9_A_14_6_5_comp1,P_9_A_14_6_5_comp1,R_9_A_14_6_5,TCDB,TCDB.9_A_14_6_5_comp1
G_1_A_46_2_6_comp1,P_1_A_46_2_6_comp1,R_1_A_46_2_6,TCDB,TCDB.1_A_46_2_6_comp1
G_9_B_65_1_3_comp1,P_9_B_65_1_3_comp1,R_9_B_65_1_3,TCDB,TCDB.9_B_65_1_3_comp1
G_9_B_39_1_12_comp1,P_9_B_39_1_12_comp1,R_9_B_39_1_12,TCDB,TCDB.9_B_39_1_12_comp1
G_1_B_63_1_6_comp1,P_1_B_63_1_6_comp1,R_1_B_63_1_6,TCDB,TCDB.1_B_63_1_6_comp1
G_2_A_130_1_1_comp1,P_2_A_130_1_1_comp1+2_A_130_1_1_comp2+2_A_130_1_1_comp3+2_A_130_1_1_comp4+2_A_130_1_1_comp5+2_A_130_1_1_comp6+2_A_130_1_1_comp7+2_A_130_1_1_comp8+2_A_130_1_1_comp9+2_A_130_1_1_comp10+2_A_130_1_1_comp11+2_A_130_1_1_comp12+2_A_130_1_1_comp13+2_A_130_1_1_comp14+2_A_130_1_1_comp15,R_2_A_130_1_1,TCDB,TCDB.2_A_130_1_1_comp1
G_2_A_130_1_1_comp2,P_2_A_130_1_1_comp1+2_A_130_1_1_comp2+2_A_130_1_1_comp3+2_A_130_1_1_comp4+2_A_130_1_1_comp5+2_A_130_1_1_comp6+2_A_130_1_1_comp7+2_A_130_1_1_comp8+2_A_130_1_1_comp9+2_A_130_1_1_comp10+2_A_130_1_1_comp11+2_A_130_1_1_comp12+2_A_130_1_1_comp13+2_A_130_1_1_comp14+2_A_130_1_1_comp15,R_2_A_130_1_1,TCDB,TCDB.2_A_130_1_1_comp2
G_2_A_130_1_1_comp3,P_2_A_130_1_1_comp1+2_A_130_1_1_comp2+2_A_130_1_1_comp3+2_A_130_1_1_comp4+2_A_130_1_1_comp5+2_A_130_1_1_comp6+2_A_130_1_1_comp7+2_A_130_1_1_comp8+2_A_130_1_1_comp9+2_A_130_1_1_comp10+2_A_130_1_1_comp11+2_A_130_1_1_comp12+2_A_130_1_1_comp13+2_A_130_1_1_comp14+2_A_130_1_1_comp15,R_2_A_130_1_1,TCDB,TCDB.2_A_130_1_1_comp3
G_2_A_130_1_1_comp4,P_2_A_130_1_1_comp1+2_A_130_1_1_comp2+2_A_130_1_1_comp3+2_A_130_1_1_comp4+2_A_130_1_1_comp5+2_A_130_1_1_comp6+2_A_130_1_1_comp7+2_A_130_1_1_comp8+2_A_130_1_1_comp9+2_A_130_1_1_comp10+2_A_130_1_1_comp11+2_A_130_1_1_comp12+2_A_130_1_1_comp13+2_A_130_1_1_comp14+2_A_130_1_1_comp15,R_2_A_130_1_1,TCDB,TCDB.2_A_130_1_1_comp4
G_2_A_130_1_1_comp5,P_2_A_130_1_1_comp1+2_A_130_1_1_comp2+2_A_130_1_1_comp3+2_A_130_1_1_comp4+2_A_130_1_1_comp5+2_A_130_1_1_comp6+2_A_130_1_1_comp7+2_A_130_1_1_comp8+2_A_130_1_1_comp9+2_A_130_1_1_comp10+2_A_130_1_1_comp11+2_A_130_1_1_comp12+2_A_130_1_1_comp13+2_A_130_1_1_comp14+2_A_130_1_1_comp15,R_2_A_130_1_1,TCDB,TCDB.2_A_130_1_1_comp5
G_2_A_130_1_1_comp6,P_2_A_130_1_1_comp1+2_A_130_1_1_comp2+2_A_130_1_1_comp3+2_A_130_1_1_comp4+2_A_130_1_1_comp5+2_A_130_1_1_comp6+2_A_130_1_1_comp7+2_A_130_1_1_comp8+2_A_130_1_1_comp9+2_A_130_1_1_comp10+2_A_130_1_1_comp11+2_A_130_1_1_comp12+2_A_130_1_1_comp13+2_A_130_1_1_comp14+2_A_130_1_1_comp15,R_2_A_130_1_1,TCDB,TCDB.2_A_130_1_1_comp6
G_2_A_130_1_1_comp7,P_2_A_130_1_1_comp1+2_A_130_1_1_comp2+2_A_130_1_1_comp3+2_A_130_1_1_comp4+2_A_130_1_1_comp5+2_A_130_1_1_comp6+2_A_130_1_1_comp7+2_A_130_1_1_comp8+2_A_130_1_1_comp9+2_A_130_1_1_comp10+2_A_130_1_1_comp11+2_A_130_1_1_comp12+2_A_130_1_1_comp13+2_A_130_1_1_comp14+2_A_130_1_1_comp15,R_2_A_130_1_1,TCDB,TCDB.2_A_130_1_1_comp7
G_2_A_130_1_1_comp8,P_2_A_130_1_1_comp1+2_A_130_1_1_comp2+2_A_130_1_1_comp3+2_A_130_1_1_comp4+2_A_130_1_1_comp5+2_A_130_1_1_comp6+2_A_130_1_1_comp7+2_A_130_1_1_comp8+2_A_130_1_1_comp9+2_A_130_1_1_comp10+2_A_130_1_1_comp11+2_A_130_1_1_comp12+2_A_130_1_1_comp13+2_A_130_1_1_comp14+2_A_130_1_1_comp15,R_2_A_130_1_1,TCDB,TCDB.2_A_130_1_1_comp8
G_2_A_130_1_1_comp9,P_2_A_130_1_1_comp1+2_A_130_1_1_comp2+2_A_130_1_1_comp3+2_A_130_1_1_comp4+2_A_130_1_1_comp5+2_A_130_1_1_comp6+2_A_130_1_1_comp7+2_A_130_1_1_comp8+2_A_130_1_1_comp9+2_A_130_1_1_comp10+2_A_130_1_1_comp11+2_A_130_1_1_comp12+2_A_130_1_1_comp13+2_A_130_1_1_comp14+2_A_130_1_1_comp15,R_2_A_130_1_1,TCDB,TCDB.2_A_130_1_1_comp9
G_2_A_130_1_1_comp10,P_2_A_130_1_1_comp1+2_A_130_1_1_comp2+2_A_130_1_1_comp3+2_A_130_1_1_comp4+2_A_130_1_1_comp5+2_A_130_1_1_comp6+2_A_130_1_1_comp7+2_A_130_1_1_comp8+2_A_130_1_1_comp9+2_A_130_1_1_comp10+2_A_130_1_1_comp11+2_A_130_1_1_comp12+2_A_130_1_1_comp13+2_A_130_1_1_comp14+2_A_130_1_1_comp15,R_2_A_130_1_1,TCDB,TCDB.2_A_130_1_1_comp10
G_2_A_130_1_1_comp11,P_2_A_130_1_1_comp1+2_A_130_1_1_comp2+2_A_130_1_1_comp3+2_A_130_1_1_comp4+2_A_130_1_1_comp5+2_A_130_1_1_comp6+2_A_130_1_1_comp7+2_A_130_1_1_comp8+2_A_130_1_1_comp9+2_A_130_1_1_comp10+2_A_130_1_1_comp11+2_A_130_1_1_comp12+2_A_130_1_1_comp13+2_A_130_1_1_comp14+2_A_130_1_1_comp15,R_2_A_130_1_1,TCDB,TCDB.2_A_130_1_1_comp11
G_2_A_130_1_1_comp12,P_2_A_130_1_1_comp1+2_A_130_1_1_comp2+2_A_130_1_1_comp3+2_A_130_1_1_comp4+2_A_130_1_1_comp5+2_A_130_1_1_comp6+2_A_130_1_1_comp7+2_A_130_1_1_comp8+2_A_130_1_1_comp9+2_A_130_1_1_comp10+2_A_130_1_1_comp11+2_A_130_1_1_comp12+2_A_130_1_1_comp13+2_A_130_1_1_comp14+2_A_130_1_1_comp15,R_2_A_130_1_1,TCDB,TCDB.2_A_130_1_1_comp12
G_2_A_130_1_1_comp13,P_2_A_130_1_1_comp1+2_A_130_1_1_comp2+2_A_130_1_1_comp3+2_A_130_1_1_comp4+2_A_130_1_1_comp5+2_A_130_1_1_comp6+2_A_130_1_1_comp7+2_A_130_1_1_comp8+2_A_130_1_1_comp9+2_A_130_1_1_comp10+2_A_130_1_1_comp11+2_A_130_1_1_comp12+2_A_130_1_1_comp13+2_A_130_1_1_comp14+2_A_130_1_1_comp15,R_2_A_130_1_1,TCDB,TCDB.2_A_130_1_1_comp13
G_2_A_130_1_1_comp14,P_2_A_130_1_1_comp1+2_A_130_1_1_comp2+2_A_130_1_1_comp3+2_A_130_1_1_comp4+2_A_130_1_1_comp5+2_A_130_1_1_comp6+2_A_130_1_1_comp7+2_A_130_1_1_comp8+2_A_130_1_1_comp9+2_A_130_1_1_comp10+2_A_130_1_1_comp11+2_A_130_1_1_comp12+2_A_130_1_1_comp13+2_A_130_1_1_comp14+2_A_130_1_1_comp15,R_2_A_130_1_1,TCDB,TCDB.2_A_130_1_1_comp14
G_2_A_130_1_1_comp15,P_2_A_130_1_1_comp1+2_A_130_1_1_comp2+2_A_130_1_1_comp3+2_A_130_1_1_comp4+2_A_130_1_1_comp5+2_A_130_1_1_comp6+2_A_130_1_1_comp7+2_A_130_1_1_comp8+2_A_130_1_1_comp9+2_A_130_1_1_comp10+2_A_130_1_1_comp11+2_A_130_1_1_comp12+2_A_130_1_1_comp13+2_A_130_1_1_comp14+2_A_130_1_1_comp15,R_2_A_130_1_1,TCDB,TCDB.2_A_130_1_1_comp15
G_1_B_44_2_15_comp1,P_1_B_44_2_15_comp1,R_1_B_44_2_15,TCDB,TCDB.1_B_44_2_15_comp1
G_1_A_124_1_1_comp1,P_1_A_124_1_1_comp1+1_A_124_1_1_comp2,R_1_A_124_1_1,TCDB,TCDB.1_A_124_1_1_comp1
G_1_A_124_1_1_comp2,P_1_A_124_1_1_comp1+1_A_124_1_1_comp2,R_1_A_124_1_1,TCDB,TCDB.1_A_124_1_1_comp2
G_1_B_6_10_5_comp1,P_1_B_6_10_5_comp1,R_1_B_6_10_5,TCDB,TCDB.1_B_6_10_5_comp1
G_1_B_38_1_6_comp1,P_1_B_38_1_6_comp1,R_1_B_38_1_6,TCDB,TCDB.1_B_38_1_6_comp1
G_1_B_1_12_1_comp1,P_1_B_1_12_1_comp1,R_1_B_1_12_1,TCDB,TCDB.1_B_1_12_1_comp1
G_1_E_4_1_3_comp1,P_1_E_4_1_3_comp1,R_1_E_4_1_3,TCDB,TCDB.1_E_4_1_3_comp1
G_2_A_89_3_1_comp1,P_2_A_89_3_1_comp1,R_2_A_89_3_1,TCDB,TCDB.2_A_89_3_1_comp1
G_9_B_142_3_7_comp1,P_9_B_142_3_7_comp1,R_9_B_142_3_7,TCDB,TCDB.9_B_142_3_7_comp1
G_9_B_8_7_1_comp1,P_9_B_8_7_1_comp1,R_9_B_8_7_1,TCDB,TCDB.9_B_8_7_1_comp1
G_9_A_55_1_3_comp1,P_9_A_55_1_3_comp1,R_9_A_55_1_3,TCDB,TCDB.9_A_55_1_3_comp1
G_2_A_49_9_2_comp1,P_2_A_49_9_2_comp1,R_2_A_49_9_2,TCDB,TCDB.2_A_49_9_2_comp1
G_2_A_5_5_5_comp1,P_2_A_5_5_5_comp1,R_2_A_5_5_5,TCDB,TCDB.2_A_5_5_5_comp1
G_1_B_23_1_16_comp1,P_1_B_23_1_16_comp1,R_1_B_23_1_16,TCDB,TCDB.1_B_23_1_16_comp1
G_1_B_71_1_5_comp1,P_1_B_71_1_5_comp1,R_1_B_71_1_5,TCDB,TCDB.1_B_71_1_5_comp1
G_3_A_3_32_7_comp1,P_3_A_3_32_7_comp1,R_3_A_3_32_7,TCDB,TCDB.3_A_3_32_7_comp1
G_1_E_25_2_2_comp1,P_1_E_25_2_2_comp1,R_1_E_25_2_2,TCDB,TCDB.1_E_25_2_2_comp1
G_1_B_8_6_5_comp1,P_1_B_8_6_5_comp1,R_1_B_8_6_5,TCDB,TCDB.1_B_8_6_5_comp1
G_2_A_106_2_5_comp1,P_2_A_106_2_5_comp1,R_2_A_106_2_5,TCDB,TCDB.2_A_106_2_5_comp1
G_3_A_1_201_12_comp1,P_3_A_1_201_12_comp1,R_3_A_1_201_12,TCDB,TCDB.3_A_1_201_12_comp1
G_3_A_1_208_22_comp1,P_3_A_1_208_22_comp1,R_3_A_1_208_22,TCDB,TCDB.3_A_1_208_22_comp1
G_1_A_100_1_1_comp1,P_1_A_100_1_1_comp1,R_1_A_100_1_1,TCDB,TCDB.1_A_100_1_1_comp1
G_2_A_1_2_41_comp1,P_2_A_1_2_41_comp1,R_2_A_1_2_41,TCDB,TCDB.2_A_1_2_41_comp1
G_9_B_94_1_1_comp1,P_9_B_94_1_1_comp1,R_9_B_94_1_1,TCDB,TCDB.9_B_94_1_1_comp1
G_1_A_38_1_1_comp1,P_1_A_38_1_1_comp1,R_1_A_38_1_1,TCDB,TCDB.1_A_38_1_1_comp1
G_2_A_22_2_9_comp1,P_2_A_22_2_9_comp1,R_2_A_22_2_9,TCDB,TCDB.2_A_22_2_9_comp1
G_1_B_6_1_5_comp1,P_1_B_6_1_5_comp1,R_1_B_6_1_5,TCDB,TCDB.1_B_6_1_5_comp1
G_2_A_60_1_28_comp1,P_2_A_60_1_28_comp1,R_2_A_60_1_28,TCDB,TCDB.2_A_60_1_28_comp1
G_3_A_1_106_3_comp1,P_3_A_1_106_3_comp1+3_A_1_106_3_comp2,R_3_A_1_106_3,TCDB,TCDB.3_A_1_106_3_comp1
G_3_A_1_106_3_comp2,P_3_A_1_106_3_comp1+3_A_1_106_3_comp2,R_3_A_1_106_3,TCDB,TCDB.3_A_1_106_3_comp2
G_1_A_43_3_3_comp1,P_1_A_43_3_3_comp1,R_1_A_43_3_3,TCDB,TCDB.1_A_43_3_3_comp1
G_9_A_47_2_2_comp1,P_9_A_47_2_2_comp1+9_A_47_2_2_comp2+9_A_47_2_2_comp3,R_9_A_47_2_2,TCDB,TCDB.9_A_47_2_2_comp1
G_9_A_47_2_2_comp2,P_9_A_47_2_2_comp1+9_A_47_2_2_comp2+9_A_47_2_2_comp3,R_9_A_47_2_2,TCDB,TCDB.9_A_47_2_2_comp2
G_9_A_47_2_2_comp3,P_9_A_47_2_2_comp1+9_A_47_2_2_comp2+9_A_47_2_2_comp3,R_9_A_47_2_2,TCDB,TCDB.9_A_47_2_2_comp3
G_1_B_42_1_9_comp1,P_1_B_42_1_9_comp1,R_1_B_42_1_9,TCDB,TCDB.1_B_42_1_9_comp1
G_1_A_72_3_3_comp1,P_1_A_72_3_3_comp1,R_1_A_72_3_3,TCDB,TCDB.1_A_72_3_3_comp1
G_2_A_89_3_9_comp1,P_2_A_89_3_9_comp1,R_2_A_89_3_9,TCDB,TCDB.2_A_89_3_9_comp1
G_1_B_60_1_4_comp1,P_1_B_60_1_4_comp1,R_1_B_60_1_4,TCDB,TCDB.1_B_60_1_4_comp1
G_1_B_93_1_6_comp1,P_1_B_93_1_6_comp1,R_1_B_93_1_6,TCDB,TCDB.1_B_93_1_6_comp1
G_4_D_1_3_3_comp1,P_4_D_1_3_3_comp1,R_4_D_1_3_3,TCDB,TCDB.4_D_1_3_3_comp1
G_3_A_10_1_6_comp1,P_3_A_10_1_6_comp1,R_3_A_10_1_6,TCDB,TCDB.3_A_10_1_6_comp1
G_3_A_10_3_2_comp1,P_3_A_10_3_2_comp1,R_3_A_10_3_2,TCDB,TCDB.3_A_10_3_2_comp1
G_1_C_97_1_6_comp1,P_1_C_97_1_6_comp1,R_1_C_97_1_6,TCDB,TCDB.1_C_97_1_6_comp1
G_1_B_62_1_1_comp1,P_1_B_62_1_1_comp1,R_1_B_62_1_1,TCDB,TCDB.1_B_62_1_1_comp1
G_2_A_37_2_5_comp1,P_2_A_37_2_5_comp1,R_2_A_37_2_5,TCDB,TCDB.2_A_37_2_5_comp1
G_1_B_1_4_5_comp1,P_1_B_1_4_5_comp1,R_1_B_1_4_5,TCDB,TCDB.1_B_1_4_5_comp1
G_9_B_67_6_6_comp1,P_9_B_67_6_6_comp1,R_9_B_67_6_6,TCDB,TCDB.9_B_67_6_6_comp1
G_3_A_23_6_1_comp1,P_3_A_23_6_1_comp1+3_A_23_6_1_comp2+3_A_23_6_1_comp3+3_A_23_6_1_comp4+3_A_23_6_1_comp5+3_A_23_6_1_comp6+3_A_23_6_1_comp7+3_A_23_6_1_comp8+3_A_23_6_1_comp9+3_A_23_6_1_comp10+3_A_23_6_1_comp11+3_A_23_6_1_comp12+3_A_23_6_1_comp13+3_A_23_6_1_comp14+3_A_23_6_1_comp15+3_A_23_6_1_comp16+3_A_23_6_1_comp17+3_A_23_6_1_comp18+3_A_23_6_1_comp19+3_A_23_6_1_comp20+3_A_23_6_1_comp21,R_3_A_23_6_1,TCDB,TCDB.3_A_23_6_1_comp1
G_3_A_23_6_1_comp2,P_3_A_23_6_1_comp1+3_A_23_6_1_comp2+3_A_23_6_1_comp3+3_A_23_6_1_comp4+3_A_23_6_1_comp5+3_A_23_6_1_comp6+3_A_23_6_1_comp7+3_A_23_6_1_comp8+3_A_23_6_1_comp9+3_A_23_6_1_comp10+3_A_23_6_1_comp11+3_A_23_6_1_comp12+3_A_23_6_1_comp13+3_A_23_6_1_comp14+3_A_23_6_1_comp15+3_A_23_6_1_comp16+3_A_23_6_1_comp17+3_A_23_6_1_comp18+3_A_23_6_1_comp19+3_A_23_6_1_comp20+3_A_23_6_1_comp21,R_3_A_23_6_1,TCDB,TCDB.3_A_23_6_1_comp2
G_3_A_23_6_1_comp3,P_3_A_23_6_1_comp1+3_A_23_6_1_comp2+3_A_23_6_1_comp3+3_A_23_6_1_comp4+3_A_23_6_1_comp5+3_A_23_6_1_comp6+3_A_23_6_1_comp7+3_A_23_6_1_comp8+3_A_23_6_1_comp9+3_A_23_6_1_comp10+3_A_23_6_1_comp11+3_A_23_6_1_comp12+3_A_23_6_1_comp13+3_A_23_6_1_comp14+3_A_23_6_1_comp15+3_A_23_6_1_comp16+3_A_23_6_1_comp17+3_A_23_6_1_comp18+3_A_23_6_1_comp19+3_A_23_6_1_comp20+3_A_23_6_1_comp21,R_3_A_23_6_1,TCDB,TCDB.3_A_23_6_1_comp3
G_3_A_23_6_1_comp4,P_3_A_23_6_1_comp1+3_A_23_6_1_comp2+3_A_23_6_1_comp3+3_A_23_6_1_comp4+3_A_23_6_1_comp5+3_A_23_6_1_comp6+3_A_23_6_1_comp7+3_A_23_6_1_comp8+3_A_23_6_1_comp9+3_A_23_6_1_comp10+3_A_23_6_1_comp11+3_A_23_6_1_comp12+3_A_23_6_1_comp13+3_A_23_6_1_comp14+3_A_23_6_1_comp15+3_A_23_6_1_comp16+3_A_23_6_1_comp17+3_A_23_6_1_comp18+3_A_23_6_1_comp19+3_A_23_6_1_comp20+3_A_23_6_1_comp21,R_3_A_23_6_1,TCDB,TCDB.3_A_23_6_1_comp4
G_3_A_23_6_1_comp5,P_3_A_23_6_1_comp1+3_A_23_6_1_comp2+3_A_23_6_1_comp3+3_A_23_6_1_comp4+3_A_23_6_1_comp5+3_A_23_6_1_comp6+3_A_23_6_1_comp7+3_A_23_6_1_comp8+3_A_23_6_1_comp9+3_A_23_6_1_comp10+3_A_23_6_1_comp11+3_A_23_6_1_comp12+3_A_23_6_1_comp13+3_A_23_6_1_comp14+3_A_23_6_1_comp15+3_A_23_6_1_comp16+3_A_23_6_1_comp17+3_A_23_6_1_comp18+3_A_23_6_1_comp19+3_A_23_6_1_comp20+3_A_23_6_1_comp21,R_3_A_23_6_1,TCDB,TCDB.3_A_23_6_1_comp5
G_3_A_23_6_1_comp6,P_3_A_23_6_1_comp1+3_A_23_6_1_comp2+3_A_23_6_1_comp3+3_A_23_6_1_comp4+3_A_23_6_1_comp5+3_A_23_6_1_comp6+3_A_23_6_1_comp7+3_A_23_6_1_comp8+3_A_23_6_1_comp9+3_A_23_6_1_comp10+3_A_23_6_1_comp11+3_A_23_6_1_comp12+3_A_23_6_1_comp13+3_A_23_6_1_comp14+3_A_23_6_1_comp15+3_A_23_6_1_comp16+3_A_23_6_1_comp17+3_A_23_6_1_comp18+3_A_23_6_1_comp19+3_A_23_6_1_comp20+3_A_23_6_1_comp21,R_3_A_23_6_1,TCDB,TCDB.3_A_23_6_1_comp6
G_3_A_23_6_1_comp7,P_3_A_23_6_1_comp1+3_A_23_6_1_comp2+3_A_23_6_1_comp3+3_A_23_6_1_comp4+3_A_23_6_1_comp5+3_A_23_6_1_comp6+3_A_23_6_1_comp7+3_A_23_6_1_comp8+3_A_23_6_1_comp9+3_A_23_6_1_comp10+3_A_23_6_1_comp11+3_A_23_6_1_comp12+3_A_23_6_1_comp13+3_A_23_6_1_comp14+3_A_23_6_1_comp15+3_A_23_6_1_comp16+3_A_23_6_1_comp17+3_A_23_6_1_comp18+3_A_23_6_1_comp19+3_A_23_6_1_comp20+3_A_23_6_1_comp21,R_3_A_23_6_1,TCDB,TCDB.3_A_23_6_1_comp7
G_3_A_23_6_1_comp8,P_3_A_23_6_1_comp1+3_A_23_6_1_comp2+3_A_23_6_1_comp3+3_A_23_6_1_comp4+3_A_23_6_1_comp5+3_A_23_6_1_comp6+3_A_23_6_1_comp7+3_A_23_6_1_comp8+3_A_23_6_1_comp9+3_A_23_6_1_comp10+3_A_23_6_1_comp11+3_A_23_6_1_comp12+3_A_23_6_1_comp13+3_A_23_6_1_comp14+3_A_23_6_1_comp15+3_A_23_6_1_comp16+3_A_23_6_1_comp17+3_A_23_6_1_comp18+3_A_23_6_1_comp19+3_A_23_6_1_comp20+3_A_23_6_1_comp21,R_3_A_23_6_1,TCDB,TCDB.3_A_23_6_1_comp8
G_3_A_23_6_1_comp9,P_3_A_23_6_1_comp1+3_A_23_6_1_comp2+3_A_23_6_1_comp3+3_A_23_6_1_comp4+3_A_23_6_1_comp5+3_A_23_6_1_comp6+3_A_23_6_1_comp7+3_A_23_6_1_comp8+3_A_23_6_1_comp9+3_A_23_6_1_comp10+3_A_23_6_1_comp11+3_A_23_6_1_comp12+3_A_23_6_1_comp13+3_A_23_6_1_comp14+3_A_23_6_1_comp15+3_A_23_6_1_comp16+3_A_23_6_1_comp17+3_A_23_6_1_comp18+3_A_23_6_1_comp19+3_A_23_6_1_comp20+3_A_23_6_1_comp21,R_3_A_23_6_1,TCDB,TCDB.3_A_23_6_1_comp9
G_3_A_23_6_1_comp10,P_3_A_23_6_1_comp1+3_A_23_6_1_comp2+3_A_23_6_1_comp3+3_A_23_6_1_comp4+3_A_23_6_1_comp5+3_A_23_6_1_comp6+3_A_23_6_1_comp7+3_A_23_6_1_comp8+3_A_23_6_1_comp9+3_A_23_6_1_comp10+3_A_23_6_1_comp11+3_A_23_6_1_comp12+3_A_23_6_1_comp13+3_A_23_6_1_comp14+3_A_23_6_1_comp15+3_A_23_6_1_comp16+3_A_23_6_1_comp17+3_A_23_6_1_comp18+3_A_23_6_1_comp19+3_A_23_6_1_comp20+3_A_23_6_1_comp21,R_3_A_23_6_1,TCDB,TCDB.3_A_23_6_1_comp10
G_3_A_23_6_1_comp11,P_3_A_23_6_1_comp1+3_A_23_6_1_comp2+3_A_23_6_1_comp3+3_A_23_6_1_comp4+3_A_23_6_1_comp5+3_A_23_6_1_comp6+3_A_23_6_1_comp7+3_A_23_6_1_comp8+3_A_23_6_1_comp9+3_A_23_6_1_comp10+3_A_23_6_1_comp11+3_A_23_6_1_comp12+3_A_23_6_1_comp13+3_A_23_6_1_comp14+3_A_23_6_1_comp15+3_A_23_6_1_comp16+3_A_23_6_1_comp17+3_A_23_6_1_comp18+3_A_23_6_1_comp19+3_A_23_6_1_comp20+3_A_23_6_1_comp21,R_3_A_23_6_1,TCDB,TCDB.3_A_23_6_1_comp11
G_3_A_23_6_1_comp12,P_3_A_23_6_1_comp1+3_A_23_6_1_comp2+3_A_23_6_1_comp3+3_A_23_6_1_comp4+3_A_23_6_1_comp5+3_A_23_6_1_comp6+3_A_23_6_1_comp7+3_A_23_6_1_comp8+3_A_23_6_1_comp9+3_A_23_6_1_comp10+3_A_23_6_1_comp11+3_A_23_6_1_comp12+3_A_23_6_1_comp13+3_A_23_6_1_comp14+3_A_23_6_1_comp15+3_A_23_6_1_comp16+3_A_23_6_1_comp17+3_A_23_6_1_comp18+3_A_23_6_1_comp19+3_A_23_6_1_comp20+3_A_23_6_1_comp21,R_3_A_23_6_1,TCDB,TCDB.3_A_23_6_1_comp12
G_3_A_23_6_1_comp13,P_3_A_23_6_1_comp1+3_A_23_6_1_comp2+3_A_23_6_1_comp3+3_A_23_6_1_comp4+3_A_23_6_1_comp5+3_A_23_6_1_comp6+3_A_23_6_1_comp7+3_A_23_6_1_comp8+3_A_23_6_1_comp9+3_A_23_6_1_comp10+3_A_23_6_1_comp11+3_A_23_6_1_comp12+3_A_23_6_1_comp13+3_A_23_6_1_comp14+3_A_23_6_1_comp15+3_A_23_6_1_comp16+3_A_23_6_1_comp17+3_A_23_6_1_comp18+3_A_23_6_1_comp19+3_A_23_6_1_comp20+3_A_23_6_1_comp21,R_3_A_23_6_1,TCDB,TCDB.3_A_23_6_1_comp13
G_3_A_23_6_1_comp14,P_3_A_23_6_1_comp1+3_A_23_6_1_comp2+3_A_23_6_1_comp3+3_A_23_6_1_comp4+3_A_23_6_1_comp5+3_A_23_6_1_comp6+3_A_23_6_1_comp7+3_A_23_6_1_comp8+3_A_23_6_1_comp9+3_A_23_6_1_comp10+3_A_23_6_1_comp11+3_A_23_6_1_comp12+3_A_23_6_1_comp13+3_A_23_6_1_comp14+3_A_23_6_1_comp15+3_A_23_6_1_comp16+3_A_23_6_1_comp17+3_A_23_6_1_comp18+3_A_23_6_1_comp19+3_A_23_6_1_comp20+3_A_23_6_1_comp21,R_3_A_23_6_1,TCDB,TCDB.3_A_23_6_1_comp14
G_3_A_23_6_1_comp15,P_3_A_23_6_1_comp1+3_A_23_6_1_comp2+3_A_23_6_1_comp3+3_A_23_6_1_comp4+3_A_23_6_1_comp5+3_A_23_6_1_comp6+3_A_23_6_1_comp7+3_A_23_6_1_comp8+3_A_23_6_1_comp9+3_A_23_6_1_comp10+3_A_23_6_1_comp11+3_A_23_6_1_comp12+3_A_23_6_1_comp13+3_A_23_6_1_comp14+3_A_23_6_1_comp15+3_A_23_6_1_comp16+3_A_23_6_1_comp17+3_A_23_6_1_comp18+3_A_23_6_1_comp19+3_A_23_6_1_comp20+3_A_23_6_1_comp21,R_3_A_23_6_1,TCDB,TCDB.3_A_23_6_1_comp15
G_3_A_23_6_1_comp16,P_3_A_23_6_1_comp1+3_A_23_6_1_comp2+3_A_23_6_1_comp3+3_A_23_6_1_comp4+3_A_23_6_1_comp5+3_A_23_6_1_comp6+3_A_23_6_1_comp7+3_A_23_6_1_comp8+3_A_23_6_1_comp9+3_A_23_6_1_comp10+3_A_23_6_1_comp11+3_A_23_6_1_comp12+3_A_23_6_1_comp13+3_A_23_6_1_comp14+3_A_23_6_1_comp15+3_A_23_6_1_comp16+3_A_23_6_1_comp17+3_A_23_6_1_comp18+3_A_23_6_1_comp19+3_A_23_6_1_comp20+3_A_23_6_1_comp21,R_3_A_23_6_1,TCDB,TCDB.3_A_23_6_1_comp16
G_3_A_23_6_1_comp17,P_3_A_23_6_1_comp1+3_A_23_6_1_comp2+3_A_23_6_1_comp3+3_A_23_6_1_comp4+3_A_23_6_1_comp5+3_A_23_6_1_comp6+3_A_23_6_1_comp7+3_A_23_6_1_comp8+3_A_23_6_1_comp9+3_A_23_6_1_comp10+3_A_23_6_1_comp11+3_A_23_6_1_comp12+3_A_23_6_1_comp13+3_A_23_6_1_comp14+3_A_23_6_1_comp15+3_A_23_6_1_comp16+3_A_23_6_1_comp17+3_A_23_6_1_comp18+3_A_23_6_1_comp19+3_A_23_6_1_comp20+3_A_23_6_1_comp21,R_3_A_23_6_1,TCDB,TCDB.3_A_23_6_1_comp17
G_3_A_23_6_1_comp18,P_3_A_23_6_1_comp1+3_A_23_6_1_comp2+3_A_23_6_1_comp3+3_A_23_6_1_comp4+3_A_23_6_1_comp5+3_A_23_6_1_comp6+3_A_23_6_1_comp7+3_A_23_6_1_comp8+3_A_23_6_1_comp9+3_A_23_6_1_comp10+3_A_23_6_1_comp11+3_A_23_6_1_comp12+3_A_23_6_1_comp13+3_A_23_6_1_comp14+3_A_23_6_1_comp15+3_A_23_6_1_comp16+3_A_23_6_1_comp17+3_A_23_6_1_comp18+3_A_23_6_1_comp19+3_A_23_6_1_comp20+3_A_23_6_1_comp21,R_3_A_23_6_1,TCDB,TCDB.3_A_23_6_1_comp18
G_3_A_23_6_1_comp19,P_3_A_23_6_1_comp1+3_A_23_6_1_comp2+3_A_23_6_1_comp3+3_A_23_6_1_comp4+3_A_23_6_1_comp5+3_A_23_6_1_comp6+3_A_23_6_1_comp7+3_A_23_6_1_comp8+3_A_23_6_1_comp9+3_A_23_6_1_comp10+3_A_23_6_1_comp11+3_A_23_6_1_comp12+3_A_23_6_1_comp13+3_A_23_6_1_comp14+3_A_23_6_1_comp15+3_A_23_6_1_comp16+3_A_23_6_1_comp17+3_A_23_6_1_comp18+3_A_23_6_1_comp19+3_A_23_6_1_comp20+3_A_23_6_1_comp21,R_3_A_23_6_1,TCDB,TCDB.3_A_23_6_1_comp19
G_3_A_23_6_1_comp20,P_3_A_23_6_1_comp1+3_A_23_6_1_comp2+3_A_23_6_1_comp3+3_A_23_6_1_comp4+3_A_23_6_1_comp5+3_A_23_6_1_comp6+3_A_23_6_1_comp7+3_A_23_6_1_comp8+3_A_23_6_1_comp9+3_A_23_6_1_comp10+3_A_23_6_1_comp11+3_A_23_6_1_comp12+3_A_23_6_1_comp13+3_A_23_6_1_comp14+3_A_23_6_1_comp15+3_A_23_6_1_comp16+3_A_23_6_1_comp17+3_A_23_6_1_comp18+3_A_23_6_1_comp19+3_A_23_6_1_comp20+3_A_23_6_1_comp21,R_3_A_23_6_1,TCDB,TCDB.3_A_23_6_1_comp20
G_3_A_23_6_1_comp21,P_3_A_23_6_1_comp1+3_A_23_6_1_comp2+3_A_23_6_1_comp3+3_A_23_6_1_comp4+3_A_23_6_1_comp5+3_A_23_6_1_comp6+3_A_23_6_1_comp7+3_A_23_6_1_comp8+3_A_23_6_1_comp9+3_A_23_6_1_comp10+3_A_23_6_1_comp11+3_A_23_6_1_comp12+3_A_23_6_1_comp13+3_A_23_6_1_comp14+3_A_23_6_1_comp15+3_A_23_6_1_comp16+3_A_23_6_1_comp17+3_A_23_6_1_comp18+3_A_23_6_1_comp19+3_A_23_6_1_comp20+3_A_23_6_1_comp21,R_3_A_23_6_1,TCDB,TCDB.3_A_23_6_1_comp21
G_1_B_14_15_3_comp1,P_1_B_14_15_3_comp1,R_1_B_14_15_3,TCDB,TCDB.1_B_14_15_3_comp1
G_8_B_19_2_5_comp1,P_8_B_19_2_5_comp1,R_8_B_19_2_5,TCDB,TCDB.8_B_19_2_5_comp1
G_8_B_10_2_2_comp1,P_8_B_10_2_2_comp1,R_8_B_10_2_2,TCDB,TCDB.8_B_10_2_2_comp1
G_3_A_1_2_32_comp1,P_3_A_1_2_32_comp1+3_A_1_2_32_comp2+3_A_1_2_32_comp3+3_A_1_2_32_comp4,R_3_A_1_2_32,TCDB,TCDB.3_A_1_2_32_comp1
G_3_A_1_2_32_comp2,P_3_A_1_2_32_comp1+3_A_1_2_32_comp2+3_A_1_2_32_comp3+3_A_1_2_32_comp4,R_3_A_1_2_32,TCDB,TCDB.3_A_1_2_32_comp2
G_3_A_1_2_32_comp3,P_3_A_1_2_32_comp1+3_A_1_2_32_comp2+3_A_1_2_32_comp3+3_A_1_2_32_comp4,R_3_A_1_2_32,TCDB,TCDB.3_A_1_2_32_comp3
G_3_A_1_2_32_comp4,P_3_A_1_2_32_comp1+3_A_1_2_32_comp2+3_A_1_2_32_comp3+3_A_1_2_32_comp4,R_3_A_1_2_32,TCDB,TCDB.3_A_1_2_32_comp4
G_3_A_1_1_57_comp1,P_3_A_1_1_57_comp1+3_A_1_1_57_comp2+3_A_1_1_57_comp3,R_3_A_1_1_57,TCDB,TCDB.3_A_1_1_57_comp1
G_3_A_1_1_57_comp2,P_3_A_1_1_57_comp1+3_A_1_1_57_comp2+3_A_1_1_57_comp3,R_3_A_1_1_57,TCDB,TCDB.3_A_1_1_57_comp2
G_3_A_1_1_57_comp3,P_3_A_1_1_57_comp1+3_A_1_1_57_comp2+3_A_1_1_57_comp3,R_3_A_1_1_57,TCDB,TCDB.3_A_1_1_57_comp3
G_1_C_45_1_4_comp1,P_1_C_45_1_4_comp1,R_1_C_45_1_4,TCDB,TCDB.1_C_45_1_4_comp1
G_2_A_55_2_17_comp1,P_2_A_55_2_17_comp1,R_2_A_55_2_17,TCDB,TCDB.2_A_55_2_17_comp1
G_3_A_1_101_3_comp1,P_3_A_1_101_3_comp1+3_A_1_101_3_comp2,R_3_A_1_101_3,TCDB,TCDB.3_A_1_101_3_comp1
G_3_A_1_101_3_comp2,P_3_A_1_101_3_comp1+3_A_1_101_3_comp2,R_3_A_1_101_3,TCDB,TCDB.3_A_1_101_3_comp2
G_1_B_40_1_5_comp1,P_1_B_40_1_5_comp1,R_1_B_40_1_5,TCDB,TCDB.1_B_40_1_5_comp1
G_2_A_90_2_2_comp1,P_2_A_90_2_2_comp1,R_2_A_90_2_2,TCDB,TCDB.2_A_90_2_2_comp1
G_1_A_130_1_1_comp1,P_1_A_130_1_1_comp1+1_A_130_1_1_comp2+1_A_130_1_1_comp3,R_1_A_130_1_1,TCDB,TCDB.1_A_130_1_1_comp1
G_1_A_130_1_1_comp2,P_1_A_130_1_1_comp1+1_A_130_1_1_comp2+1_A_130_1_1_comp3,R_1_A_130_1_1,TCDB,TCDB.1_A_130_1_1_comp2
G_1_A_130_1_1_comp3,P_1_A_130_1_1_comp1+1_A_130_1_1_comp2+1_A_130_1_1_comp3,R_1_A_130_1_1,TCDB,TCDB.1_A_130_1_1_comp3
G_1_A_69_3_1_comp1,P_1_A_69_3_1_comp1,R_1_A_69_3_1,TCDB,TCDB.1_A_69_3_1_comp1
G_3_D_1_8_1_comp1,P_3_D_1_8_1_comp1+3_D_1_8_1_comp2+3_D_1_8_1_comp3+3_D_1_8_1_comp4+3_D_1_8_1_comp5+3_D_1_8_1_comp6+3_D_1_8_1_comp7+3_D_1_8_1_comp8+3_D_1_8_1_comp9+3_D_1_8_1_comp10+3_D_1_8_1_comp11+3_D_1_8_1_comp12+3_D_1_8_1_comp13+3_D_1_8_1_comp14+3_D_1_8_1_comp15+3_D_1_8_1_comp16+3_D_1_8_1_comp17+3_D_1_8_1_comp18+3_D_1_8_1_comp19+3_D_1_8_1_comp20+3_D_1_8_1_comp21+3_D_1_8_1_comp22+3_D_1_8_1_comp23+3_D_1_8_1_comp24+3_D_1_8_1_comp25,R_3_D_1_8_1,TCDB,TCDB.3_D_1_8_1_comp1
G_3_D_1_8_1_comp2,P_3_D_1_8_1_comp1+3_D_1_8_1_comp2+3_D_1_8_1_comp3+3_D_1_8_1_comp4+3_D_1_8_1_comp5+3_D_1_8_1_comp6+3_D_1_8_1_comp7+3_D_1_8_1_comp8+3_D_1_8_1_comp9+3_D_1_8_1_comp10+3_D_1_8_1_comp11+3_D_1_8_1_comp12+3_D_1_8_1_comp13+3_D_1_8_1_comp14+3_D_1_8_1_comp15+3_D_1_8_1_comp16+3_D_1_8_1_comp17+3_D_1_8_1_comp18+3_D_1_8_1_comp19+3_D_1_8_1_comp20+3_D_1_8_1_comp21+3_D_1_8_1_comp22+3_D_1_8_1_comp23+3_D_1_8_1_comp24+3_D_1_8_1_comp25,R_3_D_1_8_1,TCDB,TCDB.3_D_1_8_1_comp2
G_3_D_1_8_1_comp3,P_3_D_1_8_1_comp1+3_D_1_8_1_comp2+3_D_1_8_1_comp3+3_D_1_8_1_comp4+3_D_1_8_1_comp5+3_D_1_8_1_comp6+3_D_1_8_1_comp7+3_D_1_8_1_comp8+3_D_1_8_1_comp9+3_D_1_8_1_comp10+3_D_1_8_1_comp11+3_D_1_8_1_comp12+3_D_1_8_1_comp13+3_D_1_8_1_comp14+3_D_1_8_1_comp15+3_D_1_8_1_comp16+3_D_1_8_1_comp17+3_D_1_8_1_comp18+3_D_1_8_1_comp19+3_D_1_8_1_comp20+3_D_1_8_1_comp21+3_D_1_8_1_comp22+3_D_1_8_1_comp23+3_D_1_8_1_comp24+3_D_1_8_1_comp25,R_3_D_1_8_1,TCDB,TCDB.3_D_1_8_1_comp3
G_3_D_1_8_1_comp4,P_3_D_1_8_1_comp1+3_D_1_8_1_comp2+3_D_1_8_1_comp3+3_D_1_8_1_comp4+3_D_1_8_1_comp5+3_D_1_8_1_comp6+3_D_1_8_1_comp7+3_D_1_8_1_comp8+3_D_1_8_1_comp9+3_D_1_8_1_comp10+3_D_1_8_1_comp11+3_D_1_8_1_comp12+3_D_1_8_1_comp13+3_D_1_8_1_comp14+3_D_1_8_1_comp15+3_D_1_8_1_comp16+3_D_1_8_1_comp17+3_D_1_8_1_comp18+3_D_1_8_1_comp19+3_D_1_8_1_comp20+3_D_1_8_1_comp21+3_D_1_8_1_comp22+3_D_1_8_1_comp23+3_D_1_8_1_comp24+3_D_1_8_1_comp25,R_3_D_1_8_1,TCDB,TCDB.3_D_1_8_1_comp4
G_3_D_1_8_1_comp5,P_3_D_1_8_1_comp1+3_D_1_8_1_comp2+3_D_1_8_1_comp3+3_D_1_8_1_comp4+3_D_1_8_1_comp5+3_D_1_8_1_comp6+3_D_1_8_1_comp7+3_D_1_8_1_comp8+3_D_1_8_1_comp9+3_D_1_8_1_comp10+3_D_1_8_1_comp11+3_D_1_8_1_comp12+3_D_1_8_1_comp13+3_D_1_8_1_comp14+3_D_1_8_1_comp15+3_D_1_8_1_comp16+3_D_1_8_1_comp17+3_D_1_8_1_comp18+3_D_1_8_1_comp19+3_D_1_8_1_comp20+3_D_1_8_1_comp21+3_D_1_8_1_comp22+3_D_1_8_1_comp23+3_D_1_8_1_comp24+3_D_1_8_1_comp25,R_3_D_1_8_1,TCDB,TCDB.3_D_1_8_1_comp5
G_3_D_1_8_1_comp6,P_3_D_1_8_1_comp1+3_D_1_8_1_comp2+3_D_1_8_1_comp3+3_D_1_8_1_comp4+3_D_1_8_1_comp5+3_D_1_8_1_comp6+3_D_1_8_1_comp7+3_D_1_8_1_comp8+3_D_1_8_1_comp9+3_D_1_8_1_comp10+3_D_1_8_1_comp11+3_D_1_8_1_comp12+3_D_1_8_1_comp13+3_D_1_8_1_comp14+3_D_1_8_1_comp15+3_D_1_8_1_comp16+3_D_1_8_1_comp17+3_D_1_8_1_comp18+3_D_1_8_1_comp19+3_D_1_8_1_comp20+3_D_1_8_1_comp21+3_D_1_8_1_comp22+3_D_1_8_1_comp23+3_D_1_8_1_comp24+3_D_1_8_1_comp25,R_3_D_1_8_1,TCDB,TCDB.3_D_1_8_1_comp6
G_3_D_1_8_1_comp7,P_3_D_1_8_1_comp1+3_D_1_8_1_comp2+3_D_1_8_1_comp3+3_D_1_8_1_comp4+3_D_1_8_1_comp5+3_D_1_8_1_comp6+3_D_1_8_1_comp7+3_D_1_8_1_comp8+3_D_1_8_1_comp9+3_D_1_8_1_comp10+3_D_1_8_1_comp11+3_D_1_8_1_comp12+3_D_1_8_1_comp13+3_D_1_8_1_comp14+3_D_1_8_1_comp15+3_D_1_8_1_comp16+3_D_1_8_1_comp17+3_D_1_8_1_comp18+3_D_1_8_1_comp19+3_D_1_8_1_comp20+3_D_1_8_1_comp21+3_D_1_8_1_comp22+3_D_1_8_1_comp23+3_D_1_8_1_comp24+3_D_1_8_1_comp25,R_3_D_1_8_1,TCDB,TCDB.3_D_1_8_1_comp7
G_3_D_1_8_1_comp8,P_3_D_1_8_1_comp1+3_D_1_8_1_comp2+3_D_1_8_1_comp3+3_D_1_8_1_comp4+3_D_1_8_1_comp5+3_D_1_8_1_comp6+3_D_1_8_1_comp7+3_D_1_8_1_comp8+3_D_1_8_1_comp9+3_D_1_8_1_comp10+3_D_1_8_1_comp11+3_D_1_8_1_comp12+3_D_1_8_1_comp13+3_D_1_8_1_comp14+3_D_1_8_1_comp15+3_D_1_8_1_comp16+3_D_1_8_1_comp17+3_D_1_8_1_comp18+3_D_1_8_1_comp19+3_D_1_8_1_comp20+3_D_1_8_1_comp21+3_D_1_8_1_comp22+3_D_1_8_1_comp23+3_D_1_8_1_comp24+3_D_1_8_1_comp25,R_3_D_1_8_1,TCDB,TCDB.3_D_1_8_1_comp8
G_3_D_1_8_1_comp9,P_3_D_1_8_1_comp1+3_D_1_8_1_comp2+3_D_1_8_1_comp3+3_D_1_8_1_comp4+3_D_1_8_1_comp5+3_D_1_8_1_comp6+3_D_1_8_1_comp7+3_D_1_8_1_comp8+3_D_1_8_1_comp9+3_D_1_8_1_comp10+3_D_1_8_1_comp11+3_D_1_8_1_comp12+3_D_1_8_1_comp13+3_D_1_8_1_comp14+3_D_1_8_1_comp15+3_D_1_8_1_comp16+3_D_1_8_1_comp17+3_D_1_8_1_comp18+3_D_1_8_1_comp19+3_D_1_8_1_comp20+3_D_1_8_1_comp21+3_D_1_8_1_comp22+3_D_1_8_1_comp23+3_D_1_8_1_comp24+3_D_1_8_1_comp25,R_3_D_1_8_1,TCDB,TCDB.3_D_1_8_1_comp9
G_3_D_1_8_1_comp10,P_3_D_1_8_1_comp1+3_D_1_8_1_comp2+3_D_1_8_1_comp3+3_D_1_8_1_comp4+3_D_1_8_1_comp5+3_D_1_8_1_comp6+3_D_1_8_1_comp7+3_D_1_8_1_comp8+3_D_1_8_1_comp9+3_D_1_8_1_comp10+3_D_1_8_1_comp11+3_D_1_8_1_comp12+3_D_1_8_1_comp13+3_D_1_8_1_comp14+3_D_1_8_1_comp15+3_D_1_8_1_comp16+3_D_1_8_1_comp17+3_D_1_8_1_comp18+3_D_1_8_1_comp19+3_D_1_8_1_comp20+3_D_1_8_1_comp21+3_D_1_8_1_comp22+3_D_1_8_1_comp23+3_D_1_8_1_comp24+3_D_1_8_1_comp25,R_3_D_1_8_1,TCDB,TCDB.3_D_1_8_1_comp10
G_3_D_1_8_1_comp11,P_3_D_1_8_1_comp1+3_D_1_8_1_comp2+3_D_1_8_1_comp3+3_D_1_8_1_comp4+3_D_1_8_1_comp5+3_D_1_8_1_comp6+3_D_1_8_1_comp7+3_D_1_8_1_comp8+3_D_1_8_1_comp9+3_D_1_8_1_comp10+3_D_1_8_1_comp11+3_D_1_8_1_comp12+3_D_1_8_1_comp13+3_D_1_8_1_comp14+3_D_1_8_1_comp15+3_D_1_8_1_comp16+3_D_1_8_1_comp17+3_D_1_8_1_comp18+3_D_1_8_1_comp19+3_D_1_8_1_comp20+3_D_1_8_1_comp21+3_D_1_8_1_comp22+3_D_1_8_1_comp23+3_D_1_8_1_comp24+3_D_1_8_1_comp25,R_3_D_1_8_1,TCDB,TCDB.3_D_1_8_1_comp11
G_3_D_1_8_1_comp12,P_3_D_1_8_1_comp1+3_D_1_8_1_comp2+3_D_1_8_1_comp3+3_D_1_8_1_comp4+3_D_1_8_1_comp5+3_D_1_8_1_comp6+3_D_1_8_1_comp7+3_D_1_8_1_comp8+3_D_1_8_1_comp9+3_D_1_8_1_comp10+3_D_1_8_1_comp11+3_D_1_8_1_comp12+3_D_1_8_1_comp13+3_D_1_8_1_comp14+3_D_1_8_1_comp15+3_D_1_8_1_comp16+3_D_1_8_1_comp17+3_D_1_8_1_comp18+3_D_1_8_1_comp19+3_D_1_8_1_comp20+3_D_1_8_1_comp21+3_D_1_8_1_comp22+3_D_1_8_1_comp23+3_D_1_8_1_comp24+3_D_1_8_1_comp25,R_3_D_1_8_1,TCDB,TCDB.3_D_1_8_1_comp12
G_3_D_1_8_1_comp13,P_3_D_1_8_1_comp1+3_D_1_8_1_comp2+3_D_1_8_1_comp3+3_D_1_8_1_comp4+3_D_1_8_1_comp5+3_D_1_8_1_comp6+3_D_1_8_1_comp7+3_D_1_8_1_comp8+3_D_1_8_1_comp9+3_D_1_8_1_comp10+3_D_1_8_1_comp11+3_D_1_8_1_comp12+3_D_1_8_1_comp13+3_D_1_8_1_comp14+3_D_1_8_1_comp15+3_D_1_8_1_comp16+3_D_1_8_1_comp17+3_D_1_8_1_comp18+3_D_1_8_1_comp19+3_D_1_8_1_comp20+3_D_1_8_1_comp21+3_D_1_8_1_comp22+3_D_1_8_1_comp23+3_D_1_8_1_comp24+3_D_1_8_1_comp25,R_3_D_1_8_1,TCDB,TCDB.3_D_1_8_1_comp13
G_3_D_1_8_1_comp14,P_3_D_1_8_1_comp1+3_D_1_8_1_comp2+3_D_1_8_1_comp3+3_D_1_8_1_comp4+3_D_1_8_1_comp5+3_D_1_8_1_comp6+3_D_1_8_1_comp7+3_D_1_8_1_comp8+3_D_1_8_1_comp9+3_D_1_8_1_comp10+3_D_1_8_1_comp11+3_D_1_8_1_comp12+3_D_1_8_1_comp13+3_D_1_8_1_comp14+3_D_1_8_1_comp15+3_D_1_8_1_comp16+3_D_1_8_1_comp17+3_D_1_8_1_comp18+3_D_1_8_1_comp19+3_D_1_8_1_comp20+3_D_1_8_1_comp21+3_D_1_8_1_comp22+3_D_1_8_1_comp23+3_D_1_8_1_comp24+3_D_1_8_1_comp25,R_3_D_1_8_1,TCDB,TCDB.3_D_1_8_1_comp14
G_3_D_1_8_1_comp15,P_3_D_1_8_1_comp1+3_D_1_8_1_comp2+3_D_1_8_1_comp3+3_D_1_8_1_comp4+3_D_1_8_1_comp5+3_D_1_8_1_comp6+3_D_1_8_1_comp7+3_D_1_8_1_comp8+3_D_1_8_1_comp9+3_D_1_8_1_comp10+3_D_1_8_1_comp11+3_D_1_8_1_comp12+3_D_1_8_1_comp13+3_D_1_8_1_comp14+3_D_1_8_1_comp15+3_D_1_8_1_comp16+3_D_1_8_1_comp17+3_D_1_8_1_comp18+3_D_1_8_1_comp19+3_D_1_8_1_comp20+3_D_1_8_1_comp21+3_D_1_8_1_comp22+3_D_1_8_1_comp23+3_D_1_8_1_comp24+3_D_1_8_1_comp25,R_3_D_1_8_1,TCDB,TCDB.3_D_1_8_1_comp15
G_3_D_1_8_1_comp16,P_3_D_1_8_1_comp1+3_D_1_8_1_comp2+3_D_1_8_1_comp3+3_D_1_8_1_comp4+3_D_1_8_1_comp5+3_D_1_8_1_comp6+3_D_1_8_1_comp7+3_D_1_8_1_comp8+3_D_1_8_1_comp9+3_D_1_8_1_comp10+3_D_1_8_1_comp11+3_D_1_8_1_comp12+3_D_1_8_1_comp13+3_D_1_8_1_comp14+3_D_1_8_1_comp15+3_D_1_8_1_comp16+3_D_1_8_1_comp17+3_D_1_8_1_comp18+3_D_1_8_1_comp19+3_D_1_8_1_comp20+3_D_1_8_1_comp21+3_D_1_8_1_comp22+3_D_1_8_1_comp23+3_D_1_8_1_comp24+3_D_1_8_1_comp25,R_3_D_1_8_1,TCDB,TCDB.3_D_1_8_1_comp16
G_3_D_1_8_1_comp17,P_3_D_1_8_1_comp1+3_D_1_8_1_comp2+3_D_1_8_1_comp3+3_D_1_8_1_comp4+3_D_1_8_1_comp5+3_D_1_8_1_comp6+3_D_1_8_1_comp7+3_D_1_8_1_comp8+3_D_1_8_1_comp9+3_D_1_8_1_comp10+3_D_1_8_1_comp11+3_D_1_8_1_comp12+3_D_1_8_1_comp13+3_D_1_8_1_comp14+3_D_1_8_1_comp15+3_D_1_8_1_comp16+3_D_1_8_1_comp17+3_D_1_8_1_comp18+3_D_1_8_1_comp19+3_D_1_8_1_comp20+3_D_1_8_1_comp21+3_D_1_8_1_comp22+3_D_1_8_1_comp23+3_D_1_8_1_comp24+3_D_1_8_1_comp25,R_3_D_1_8_1,TCDB,TCDB.3_D_1_8_1_comp17
G_3_D_1_8_1_comp18,P_3_D_1_8_1_comp1+3_D_1_8_1_comp2+3_D_1_8_1_comp3+3_D_1_8_1_comp4+3_D_1_8_1_comp5+3_D_1_8_1_comp6+3_D_1_8_1_comp7+3_D_1_8_1_comp8+3_D_1_8_1_comp9+3_D_1_8_1_comp10+3_D_1_8_1_comp11+3_D_1_8_1_comp12+3_D_1_8_1_comp13+3_D_1_8_1_comp14+3_D_1_8_1_comp15+3_D_1_8_1_comp16+3_D_1_8_1_comp17+3_D_1_8_1_comp18+3_D_1_8_1_comp19+3_D_1_8_1_comp20+3_D_1_8_1_comp21+3_D_1_8_1_comp22+3_D_1_8_1_comp23+3_D_1_8_1_comp24+3_D_1_8_1_comp25,R_3_D_1_8_1,TCDB,TCDB.3_D_1_8_1_comp18
G_3_D_1_8_1_comp19,P_3_D_1_8_1_comp1+3_D_1_8_1_comp2+3_D_1_8_1_comp3+3_D_1_8_1_comp4+3_D_1_8_1_comp5+3_D_1_8_1_comp6+3_D_1_8_1_comp7+3_D_1_8_1_comp8+3_D_1_8_1_comp9+3_D_1_8_1_comp10+3_D_1_8_1_comp11+3_D_1_8_1_comp12+3_D_1_8_1_comp13+3_D_1_8_1_comp14+3_D_1_8_1_comp15+3_D_1_8_1_comp16+3_D_1_8_1_comp17+3_D_1_8_1_comp18+3_D_1_8_1_comp19+3_D_1_8_1_comp20+3_D_1_8_1_comp21+3_D_1_8_1_comp22+3_D_1_8_1_comp23+3_D_1_8_1_comp24+3_D_1_8_1_comp25,R_3_D_1_8_1,TCDB,TCDB.3_D_1_8_1_comp19
G_3_D_1_8_1_comp20,P_3_D_1_8_1_comp1+3_D_1_8_1_comp2+3_D_1_8_1_comp3+3_D_1_8_1_comp4+3_D_1_8_1_comp5+3_D_1_8_1_comp6+3_D_1_8_1_comp7+3_D_1_8_1_comp8+3_D_1_8_1_comp9+3_D_1_8_1_comp10+3_D_1_8_1_comp11+3_D_1_8_1_comp12+3_D_1_8_1_comp13+3_D_1_8_1_comp14+3_D_1_8_1_comp15+3_D_1_8_1_comp16+3_D_1_8_1_comp17+3_D_1_8_1_comp18+3_D_1_8_1_comp19+3_D_1_8_1_comp20+3_D_1_8_1_comp21+3_D_1_8_1_comp22+3_D_1_8_1_comp23+3_D_1_8_1_comp24+3_D_1_8_1_comp25,R_3_D_1_8_1,TCDB,TCDB.3_D_1_8_1_comp20
G_3_D_1_8_1_comp21,P_3_D_1_8_1_comp1+3_D_1_8_1_comp2+3_D_1_8_1_comp3+3_D_1_8_1_comp4+3_D_1_8_1_comp5+3_D_1_8_1_comp6+3_D_1_8_1_comp7+3_D_1_8_1_comp8+3_D_1_8_1_comp9+3_D_1_8_1_comp10+3_D_1_8_1_comp11+3_D_1_8_1_comp12+3_D_1_8_1_comp13+3_D_1_8_1_comp14+3_D_1_8_1_comp15+3_D_1_8_1_comp16+3_D_1_8_1_comp17+3_D_1_8_1_comp18+3_D_1_8_1_comp19+3_D_1_8_1_comp20+3_D_1_8_1_comp21+3_D_1_8_1_comp22+3_D_1_8_1_comp23+3_D_1_8_1_comp24+3_D_1_8_1_comp25,R_3_D_1_8_1,TCDB,TCDB.3_D_1_8_1_comp21
G_3_D_1_8_1_comp22,P_3_D_1_8_1_comp1+3_D_1_8_1_comp2+3_D_1_8_1_comp3+3_D_1_8_1_comp4+3_D_1_8_1_comp5+3_D_1_8_1_comp6+3_D_1_8_1_comp7+3_D_1_8_1_comp8+3_D_1_8_1_comp9+3_D_1_8_1_comp10+3_D_1_8_1_comp11+3_D_1_8_1_comp12+3_D_1_8_1_comp13+3_D_1_8_1_comp14+3_D_1_8_1_comp15+3_D_1_8_1_comp16+3_D_1_8_1_comp17+3_D_1_8_1_comp18+3_D_1_8_1_comp19+3_D_1_8_1_comp20+3_D_1_8_1_comp21+3_D_1_8_1_comp22+3_D_1_8_1_comp23+3_D_1_8_1_comp24+3_D_1_8_1_comp25,R_3_D_1_8_1,TCDB,TCDB.3_D_1_8_1_comp22
G_3_D_1_8_1_comp23,P_3_D_1_8_1_comp1+3_D_1_8_1_comp2+3_D_1_8_1_comp3+3_D_1_8_1_comp4+3_D_1_8_1_comp5+3_D_1_8_1_comp6+3_D_1_8_1_comp7+3_D_1_8_1_comp8+3_D_1_8_1_comp9+3_D_1_8_1_comp10+3_D_1_8_1_comp11+3_D_1_8_1_comp12+3_D_1_8_1_comp13+3_D_1_8_1_comp14+3_D_1_8_1_comp15+3_D_1_8_1_comp16+3_D_1_8_1_comp17+3_D_1_8_1_comp18+3_D_1_8_1_comp19+3_D_1_8_1_comp20+3_D_1_8_1_comp21+3_D_1_8_1_comp22+3_D_1_8_1_comp23+3_D_1_8_1_comp24+3_D_1_8_1_comp25,R_3_D_1_8_1,TCDB,TCDB.3_D_1_8_1_comp23
G_3_D_1_8_1_comp24,P_3_D_1_8_1_comp1+3_D_1_8_1_comp2+3_D_1_8_1_comp3+3_D_1_8_1_comp4+3_D_1_8_1_comp5+3_D_1_8_1_comp6+3_D_1_8_1_comp7+3_D_1_8_1_comp8+3_D_1_8_1_comp9+3_D_1_8_1_comp10+3_D_1_8_1_comp11+3_D_1_8_1_comp12+3_D_1_8_1_comp13+3_D_1_8_1_comp14+3_D_1_8_1_comp15+3_D_1_8_1_comp16+3_D_1_8_1_comp17+3_D_1_8_1_comp18+3_D_1_8_1_comp19+3_D_1_8_1_comp20+3_D_1_8_1_comp21+3_D_1_8_1_comp22+3_D_1_8_1_comp23+3_D_1_8_1_comp24+3_D_1_8_1_comp25,R_3_D_1_8_1,TCDB,TCDB.3_D_1_8_1_comp24
G_3_D_1_8_1_comp25,P_3_D_1_8_1_comp1+3_D_1_8_1_comp2+3_D_1_8_1_comp3+3_D_1_8_1_comp4+3_D_1_8_1_comp5+3_D_1_8_1_comp6+3_D_1_8_1_comp7+3_D_1_8_1_comp8+3_D_1_8_1_comp9+3_D_1_8_1_comp10+3_D_1_8_1_comp11+3_D_1_8_1_comp12+3_D_1_8_1_comp13+3_D_1_8_1_comp14+3_D_1_8_1_comp15+3_D_1_8_1_comp16+3_D_1_8_1_comp17+3_D_1_8_1_comp18+3_D_1_8_1_comp19+3_D_1_8_1_comp20+3_D_1_8_1_comp21+3_D_1_8_1_comp22+3_D_1_8_1_comp23+3_D_1_8_1_comp24+3_D_1_8_1_comp25,R_3_D_1_8_1,TCDB,TCDB.3_D_1_8_1_comp25
G_2_A_108_2_10_comp1,P_2_A_108_2_10_comp1+2_A_108_2_10_comp2,R_2_A_108_2_10,TCDB,TCDB.2_A_108_2_10_comp1
G_2_A_108_2_10_comp2,P_2_A_108_2_10_comp1+2_A_108_2_10_comp2,R_2_A_108_2_10,TCDB,TCDB.2_A_108_2_10_comp2
G_1_A_8_6_1_comp1,P_1_A_8_6_1_comp1,R_1_A_8_6_1,TCDB,TCDB.1_A_8_6_1_comp1
G_1_C_100_1_1_comp1,P_1_C_100_1_1_comp1,R_1_C_100_1_1,TCDB,TCDB.1_C_100_1_1_comp1
G_1_C_39_6_1_comp1,P_1_C_39_6_1_comp1,R_1_C_39_6_1,TCDB,TCDB.1_C_39_6_1_comp1
G_9_A_54_2_1_comp1,P_9_A_54_2_1_comp1,R_9_A_54_2_1,TCDB,TCDB.9_A_54_2_1_comp1
G_1_B_8_2_9_comp1,P_1_B_8_2_9_comp1,R_1_B_8_2_9,TCDB,TCDB.1_B_8_2_9_comp1
G_3_A_3_3_10_comp1,P_3_A_3_3_10_comp1,R_3_A_3_3_10,TCDB,TCDB.3_A_3_3_10_comp1
G_1_C_2_1_6_comp1,P_1_C_2_1_6_comp1,R_1_C_2_1_6,TCDB,TCDB.1_C_2_1_6_comp1
G_9_B_287_1_4_comp1,P_9_B_287_1_4_comp1,R_9_B_287_1_4,TCDB,TCDB.9_B_287_1_4_comp1
G_2_A_85_3_2_comp1,P_2_A_85_3_2_comp1,R_2_A_85_3_2,TCDB,TCDB.2_A_85_3_2_comp1
G_1_C_10_3_2_comp1,P_1_C_10_3_2_comp1,R_1_C_10_3_2,TCDB,TCDB.1_C_10_3_2_comp1
G_1_A_77_3_32_comp1,P_1_A_77_3_32_comp1,R_1_A_77_3_32,TCDB,TCDB.1_A_77_3_32_comp1
G_2_A_123_2_1_comp1,P_2_A_123_2_1_comp1,R_2_A_123_2_1,TCDB,TCDB.2_A_123_2_1_comp1
G_1_B_17_3_8_comp1,P_1_B_17_3_8_comp1,R_1_B_17_3_8,TCDB,TCDB.1_B_17_3_8_comp1
G_2_A_6_7_5_comp1,P_2_A_6_7_5_comp1,R_2_A_6_7_5,TCDB,TCDB.2_A_6_7_5_comp1
G_1_B_6_2_12_comp1,P_1_B_6_2_12_comp1,R_1_B_6_2_12,TCDB,TCDB.1_B_6_2_12_comp1
G_9_B_12_1_5_comp1,P_9_B_12_1_5_comp1,R_9_B_12_1_5,TCDB,TCDB.9_B_12_1_5_comp1
G_1_E_9_1_12_comp1,P_1_E_9_1_12_comp1,R_1_E_9_1_12,TCDB,TCDB.1_E_9_1_12_comp1
G_9_B_108_1_3_comp1,P_9_B_108_1_3_comp1,R_9_B_108_1_3,TCDB,TCDB.9_B_108_1_3_comp1
G_9_B_153_3_5_comp1,P_9_B_153_3_5_comp1,R_9_B_153_3_5,TCDB,TCDB.9_B_153_3_5_comp1
G_1_B_23_4_1_comp1,P_1_B_23_4_1_comp1,R_1_B_23_4_1,TCDB,TCDB.1_B_23_4_1_comp1
G_1_E_52_3_2_comp1,P_1_E_52_3_2_comp1,R_1_E_52_3_2,TCDB,TCDB.1_E_52_3_2_comp1
G_2_A_1_22_5_comp1,P_2_A_1_22_5_comp1,R_2_A_1_22_5,TCDB,TCDB.2_A_1_22_5_comp1
G_9_B_130_2_2_comp1,P_9_B_130_2_2_comp1,R_9_B_130_2_2,TCDB,TCDB.9_B_130_2_2_comp1
G_9_B_130_2_1_comp1,P_9_B_130_2_1_comp1,R_9_B_130_2_1,TCDB,TCDB.9_B_130_2_1_comp1
G_9_B_142_3_3_comp1,P_9_B_142_3_3_comp1,R_9_B_142_3_3,TCDB,TCDB.9_B_142_3_3_comp1
G_2_A_19_10_2_comp1,P_2_A_19_10_2_comp1,R_2_A_19_10_2,TCDB,TCDB.2_A_19_10_2_comp1
G_9_B_55_2_2_comp1,P_9_B_55_2_2_comp1,R_9_B_55_2_2,TCDB,TCDB.9_B_55_2_2_comp1
G_3_A_3_1_9_comp1,P_3_A_3_1_9_comp1,R_3_A_3_1_9,TCDB,TCDB.3_A_3_1_9_comp1
G_4_A_6_1_18_comp1,P_4_A_6_1_18_comp1+4_A_6_1_18_comp2+4_A_6_1_18_comp3+4_A_6_1_18_comp4,R_4_A_6_1_18,TCDB,TCDB.4_A_6_1_18_comp1
G_4_A_6_1_18_comp2,P_4_A_6_1_18_comp1+4_A_6_1_18_comp2+4_A_6_1_18_comp3+4_A_6_1_18_comp4,R_4_A_6_1_18,TCDB,TCDB.4_A_6_1_18_comp2
G_4_A_6_1_18_comp3,P_4_A_6_1_18_comp1+4_A_6_1_18_comp2+4_A_6_1_18_comp3+4_A_6_1_18_comp4,R_4_A_6_1_18,TCDB,TCDB.4_A_6_1_18_comp3
G_4_A_6_1_18_comp4,P_4_A_6_1_18_comp1+4_A_6_1_18_comp2+4_A_6_1_18_comp3+4_A_6_1_18_comp4,R_4_A_6_1_18,TCDB,TCDB.4_A_6_1_18_comp4
G_2_A_2_1_2_comp1,P_2_A_2_1_2_comp1,R_2_A_2_1_2,TCDB,TCDB.2_A_2_1_2_comp1
G_4_A_6_1_13_comp1,P_4_A_6_1_13_comp1+4_A_6_1_13_comp2+4_A_6_1_13_comp3,R_4_A_6_1_13,TCDB,TCDB.4_A_6_1_13_comp1
G_4_A_6_1_13_comp2,P_4_A_6_1_13_comp1+4_A_6_1_13_comp2+4_A_6_1_13_comp3,R_4_A_6_1_13,TCDB,TCDB.4_A_6_1_13_comp2
G_4_A_6_1_13_comp3,P_4_A_6_1_13_comp1+4_A_6_1_13_comp2+4_A_6_1_13_comp3,R_4_A_6_1_13,TCDB,TCDB.4_A_6_1_13_comp3
G_3_A_1_134_9_comp1,P_3_A_1_134_9_comp1+3_A_1_134_9_comp2,R_3_A_1_134_9,TCDB,TCDB.3_A_1_134_9_comp1
G_3_A_1_134_9_comp2,P_3_A_1_134_9_comp1+3_A_1_134_9_comp2,R_3_A_1_134_9,TCDB,TCDB.3_A_1_134_9_comp2
G_3_A_1_134_8_comp1,P_3_A_1_134_8_comp1+3_A_1_134_8_comp2,R_3_A_1_134_8,TCDB,TCDB.3_A_1_134_8_comp1
G_3_A_1_134_8_comp2,P_3_A_1_134_8_comp1+3_A_1_134_8_comp2,R_3_A_1_134_8,TCDB,TCDB.3_A_1_134_8_comp2
G_2_A_31_2_10_comp1,P_2_A_31_2_10_comp1,R_2_A_31_2_10,TCDB,TCDB.2_A_31_2_10_comp1
G_2_A_88_8_6_comp1,P_2_A_88_8_6_comp1,R_2_A_88_8_6,TCDB,TCDB.2_A_88_8_6_comp1
G_9_B_33_1_2_comp1,P_9_B_33_1_2_comp1,R_9_B_33_1_2,TCDB,TCDB.9_B_33_1_2_comp1
G_2_A_133_1_12_comp1,P_2_A_133_1_12_comp1,R_2_A_133_1_12,TCDB,TCDB.2_A_133_1_12_comp1
G_1_A_21_1_4_comp1,P_1_A_21_1_4_comp1,R_1_A_21_1_4,TCDB,TCDB.1_A_21_1_4_comp1
G_9_B_142_3_4_comp1,P_9_B_142_3_4_comp1,R_9_B_142_3_4,TCDB,TCDB.9_B_142_3_4_comp1
G_8_A_83_1_3_comp1,P_8_A_83_1_3_comp1,R_8_A_83_1_3,TCDB,TCDB.8_A_83_1_3_comp1
G_2_A_1_3_82_comp1,P_2_A_1_3_82_comp1,R_2_A_1_3_82,TCDB,TCDB.2_A_1_3_82_comp1
G_3_A_1_14_27_comp1,P_3_A_1_14_27_comp1+3_A_1_14_27_comp2+3_A_1_14_27_comp3,R_3_A_1_14_27,TCDB,TCDB.3_A_1_14_27_comp1
G_3_A_1_14_27_comp2,P_3_A_1_14_27_comp1+3_A_1_14_27_comp2+3_A_1_14_27_comp3,R_3_A_1_14_27,TCDB,TCDB.3_A_1_14_27_comp2
G_3_A_1_14_27_comp3,P_3_A_1_14_27_comp1+3_A_1_14_27_comp2+3_A_1_14_27_comp3,R_3_A_1_14_27,TCDB,TCDB.3_A_1_14_27_comp3
G_1_C_52_1_21_comp1,P_1_C_52_1_21_comp1,R_1_C_52_1_21,TCDB,TCDB.1_C_52_1_21_comp1
G_2_A_15_2_2_comp1,P_2_A_15_2_2_comp1,R_2_A_15_2_2,TCDB,TCDB.2_A_15_2_2_comp1
G_1_C_36_3_4_comp1,P_1_C_36_3_4_comp1+1_C_36_3_4_comp2,R_1_C_36_3_4,TCDB,TCDB.1_C_36_3_4_comp1
G_1_C_36_3_4_comp2,P_1_C_36_3_4_comp1+1_C_36_3_4_comp2,R_1_C_36_3_4,TCDB,TCDB.1_C_36_3_4_comp2
G_1_B_12_5_3_comp1,P_1_B_12_5_3_comp1,R_1_B_12_5_3,TCDB,TCDB.1_B_12_5_3_comp1
G_9_A_43_1_5_comp1,P_9_A_43_1_5_comp1,R_9_A_43_1_5,TCDB,TCDB.9_A_43_1_5_comp1
G_2_A_112_4_1_comp1,P_2_A_112_4_1_comp1,R_2_A_112_4_1,TCDB,TCDB.2_A_112_4_1_comp1
G_1_C_59_5_1_comp1,P_1_C_59_5_1_comp1,R_1_C_59_5_1,TCDB,TCDB.1_C_59_5_1_comp1
G_1_A_69_1_4_comp1,P_1_A_69_1_4_comp1,R_1_A_69_1_4,TCDB,TCDB.1_A_69_1_4_comp1
G_1_B_6_1_16_comp1,P_1_B_6_1_16_comp1,R_1_B_6_1_16,TCDB,TCDB.1_B_6_1_16_comp1
G_9_B_28_2_3_comp1,P_9_B_28_2_3_comp1,R_9_B_28_2_3,TCDB,TCDB.9_B_28_2_3_comp1
G_9_B_2_5_3_comp1,P_9_B_2_5_3_comp1,R_9_B_2_5_3,TCDB,TCDB.9_B_2_5_3_comp1
G_1_B_42_1_6_comp1,P_1_B_42_1_6_comp1,R_1_B_42_1_6,TCDB,TCDB.1_B_42_1_6_comp1
G_1_A_58_1_2_comp1,P_1_A_58_1_2_comp1,R_1_A_58_1_2,TCDB,TCDB.1_A_58_1_2_comp1
G_9_A_55_3_1_comp1,P_9_A_55_3_1_comp1,R_9_A_55_3_1,TCDB,TCDB.9_A_55_3_1_comp1
G_2_A_6_3_5_comp1,P_2_A_6_3_5_comp1,R_2_A_6_3_5,TCDB,TCDB.2_A_6_3_5_comp1
G_3_E_1_7_3_comp1,P_3_E_1_7_3_comp1,R_3_E_1_7_3,TCDB,TCDB.3_E_1_7_3_comp1
G_8_A_231_2_1_comp1,P_8_A_231_2_1_comp1,R_8_A_231_2_1,TCDB,TCDB.8_A_231_2_1_comp1
G_1_B_12_13_2_comp1,P_1_B_12_13_2_comp1,R_1_B_12_13_2,TCDB,TCDB.1_B_12_13_2_comp1
G_1_C_40_2_1_comp1,P_1_C_40_2_1_comp1,R_1_C_40_2_1,TCDB,TCDB.1_C_40_2_1_comp1
G_2_A_7_9_5_comp1,P_2_A_7_9_5_comp1,R_2_A_7_9_5,TCDB,TCDB.2_A_7_9_5_comp1
G_3_A_3_9_5_comp1,P_3_A_3_9_5_comp1,R_3_A_3_9_5,TCDB,TCDB.3_A_3_9_5_comp1
G_1_A_52_1_4_comp1,P_1_A_52_1_4_comp1+1_A_52_1_4_comp2+1_A_52_1_4_comp3,R_1_A_52_1_4,TCDB,TCDB.1_A_52_1_4_comp1
G_1_A_52_1_4_comp2,P_1_A_52_1_4_comp1+1_A_52_1_4_comp2+1_A_52_1_4_comp3,R_1_A_52_1_4,TCDB,TCDB.1_A_52_1_4_comp2
G_1_A_52_1_4_comp3,P_1_A_52_1_4_comp1+1_A_52_1_4_comp2+1_A_52_1_4_comp3,R_1_A_52_1_4,TCDB,TCDB.1_A_52_1_4_comp3
G_3_A_1_112_5_comp1,P_3_A_1_112_5_comp1+3_A_1_112_5_comp2,R_3_A_1_112_5,TCDB,TCDB.3_A_1_112_5_comp1
G_3_A_1_112_5_comp2,P_3_A_1_112_5_comp1+3_A_1_112_5_comp2,R_3_A_1_112_5,TCDB,TCDB.3_A_1_112_5_comp2
G_8_A_95_2_1_comp1,P_8_A_95_2_1_comp1,R_8_A_95_2_1,TCDB,TCDB.8_A_95_2_1_comp1
G_5_B_9_1_5_comp1,P_5_B_9_1_5_comp1,R_5_B_9_1_5,TCDB,TCDB.5_B_9_1_5_comp1
G_8_A_95_2_4_comp1,P_8_A_95_2_4_comp1,R_8_A_95_2_4,TCDB,TCDB.8_A_95_2_4_comp1
G_1_A_10_2_4_comp1,P_1_A_10_2_4_comp1,R_1_A_10_2_4,TCDB,TCDB.1_A_10_2_4_comp1
G_9_B_2_4_2_comp1,P_9_B_2_4_2_comp1,R_9_B_2_4_2,TCDB,TCDB.9_B_2_4_2_comp1
G_1_B_6_2_16_comp1,P_1_B_6_2_16_comp1,R_1_B_6_2_16,TCDB,TCDB.1_B_6_2_16_comp1
G_8_A_104_1_7_comp1,P_8_A_104_1_7_comp1,R_8_A_104_1_7,TCDB,TCDB.8_A_104_1_7_comp1
G_9_B_217_2_1_comp1,P_9_B_217_2_1_comp1,R_9_B_217_2_1,TCDB,TCDB.9_B_217_2_1_comp1
G_9_B_120_1_6_comp1,P_9_B_120_1_6_comp1,R_9_B_120_1_6,TCDB,TCDB.9_B_120_1_6_comp1
G_2_A_1_78_4_comp1,P_2_A_1_78_4_comp1,R_2_A_1_78_4,TCDB,TCDB.2_A_1_78_4_comp1
G_1_B_5_1_11_comp1,P_1_B_5_1_11_comp1,R_1_B_5_1_11,TCDB,TCDB.1_B_5_1_11_comp1
G_1_B_3_1_9_comp1,P_1_B_3_1_9_comp1,R_1_B_3_1_9,TCDB,TCDB.1_B_3_1_9_comp1
G_3_A_10_1_12_comp1,P_3_A_10_1_12_comp1,R_3_A_10_1_12,TCDB,TCDB.3_A_10_1_12_comp1
G_1_A_8_8_15_comp1,P_1_A_8_8_15_comp1,R_1_A_8_8_15,TCDB,TCDB.1_A_8_8_15_comp1
G_1_E_19_1_4_comp1,P_1_E_19_1_4_comp1,R_1_E_19_1_4,TCDB,TCDB.1_E_19_1_4_comp1
G_1_C_52_1_11_comp1,P_1_C_52_1_11_comp1,R_1_C_52_1_11,TCDB,TCDB.1_C_52_1_11_comp1
G_2_A_119_1_1_comp1,P_2_A_119_1_1_comp1,R_2_A_119_1_1,TCDB,TCDB.2_A_119_1_1_comp1
G_1_E_42_1_1_comp1,P_1_E_42_1_1_comp1,R_1_E_42_1_1,TCDB,TCDB.1_E_42_1_1_comp1
G_2_A_20_2_10_comp1,P_2_A_20_2_10_comp1,R_2_A_20_2_10,TCDB,TCDB.2_A_20_2_10_comp1
G_2_A_125_1_1_comp1,P_2_A_125_1_1_comp1,R_2_A_125_1_1,TCDB,TCDB.2_A_125_1_1_comp1
G_1_C_21_1_8_comp1,P_1_C_21_1_8_comp1,R_1_C_21_1_8,TCDB,TCDB.1_C_21_1_8_comp1
G_1_C_27_1_2_comp1,P_1_C_27_1_2_comp1,R_1_C_27_1_2,TCDB,TCDB.1_C_27_1_2_comp1
G_1_B_56_1_1_comp1,P_1_B_56_1_1_comp1,R_1_B_56_1_1,TCDB,TCDB.1_B_56_1_1_comp1
G_1_A_17_1_28_comp1,P_1_A_17_1_28_comp1,R_1_A_17_1_28,TCDB,TCDB.1_A_17_1_28_comp1
G_1_A_8_8_29_comp1,P_1_A_8_8_29_comp1,R_1_A_8_8_29,TCDB,TCDB.1_A_8_8_29_comp1
G_2_A_75_1_4_comp1,P_2_A_75_1_4_comp1,R_2_A_75_1_4,TCDB,TCDB.2_A_75_1_4_comp1
G_1_E_36_2_2_comp1,P_1_E_36_2_2_comp1,R_1_E_36_2_2,TCDB,TCDB.1_E_36_2_2_comp1
G_2_A_60_1_24_comp1,P_2_A_60_1_24_comp1,R_2_A_60_1_24,TCDB,TCDB.2_A_60_1_24_comp1
G_2_A_109_1_3_comp1,P_2_A_109_1_3_comp1,R_2_A_109_1_3,TCDB,TCDB.2_A_109_1_3_comp1
G_1_C_28_3_1_comp1,P_1_C_28_3_1_comp1,R_1_C_28_3_1,TCDB,TCDB.1_C_28_3_1_comp1
G_9_B_142_4_2_comp1,P_9_B_142_4_2_comp1,R_9_B_142_4_2,TCDB,TCDB.9_B_142_4_2_comp1
G_1_A_14_3_4_comp1,P_1_A_14_3_4_comp1,R_1_A_14_3_4,TCDB,TCDB.1_A_14_3_4_comp1
G_8_A_90_1_2_comp1,P_8_A_90_1_2_comp1,R_8_A_90_1_2,TCDB,TCDB.8_A_90_1_2_comp1
G_9_A_8_1_10_comp1,P_9_A_8_1_10_comp1+9_A_8_1_10_comp2+9_A_8_1_10_comp3,R_9_A_8_1_10,TCDB,TCDB.9_A_8_1_10_comp1
G_9_A_8_1_10_comp2,P_9_A_8_1_10_comp1+9_A_8_1_10_comp2+9_A_8_1_10_comp3,R_9_A_8_1_10,TCDB,TCDB.9_A_8_1_10_comp2
G_9_A_8_1_10_comp3,P_9_A_8_1_10_comp1+9_A_8_1_10_comp2+9_A_8_1_10_comp3,R_9_A_8_1_10,TCDB,TCDB.9_A_8_1_10_comp3
G_9_B_8_3_4_comp1,P_9_B_8_3_4_comp1,R_9_B_8_3_4,TCDB,TCDB.9_B_8_3_4_comp1
G_1_B_1_1_18_comp1,P_1_B_1_1_18_comp1,R_1_B_1_1_18,TCDB,TCDB.1_B_1_1_18_comp1
G_1_A_1_14_9_comp1,P_1_A_1_14_9_comp1,R_1_A_1_14_9,TCDB,TCDB.1_A_1_14_9_comp1
G_1_A_101_8_2_comp1,P_1_A_101_8_2_comp1,R_1_A_101_8_2,TCDB,TCDB.1_A_101_8_2_comp1
G_3_A_1_151_2_comp1,P_3_A_1_151_2_comp1+3_A_1_151_2_comp2+3_A_1_151_2_comp3,R_3_A_1_151_2,TCDB,TCDB.3_A_1_151_2_comp1
G_3_A_1_151_2_comp2,P_3_A_1_151_2_comp1+3_A_1_151_2_comp2+3_A_1_151_2_comp3,R_3_A_1_151_2,TCDB,TCDB.3_A_1_151_2_comp2
G_3_A_1_151_2_comp3,P_3_A_1_151_2_comp1+3_A_1_151_2_comp2+3_A_1_151_2_comp3,R_3_A_1_151_2,TCDB,TCDB.3_A_1_151_2_comp3
G_4_D_1_4_3_comp1,P_4_D_1_4_3_comp1,R_4_D_1_4_3,TCDB,TCDB.4_D_1_4_3_comp1
G_1_A_77_3_43_comp1,P_1_A_77_3_43_comp1,R_1_A_77_3_43,TCDB,TCDB.1_A_77_3_43_comp1
G_1_B_23_1_14_comp1,P_1_B_23_1_14_comp1,R_1_B_23_1_14,TCDB,TCDB.1_B_23_1_14_comp1
G_2_A_122_2_6_comp1,P_2_A_122_2_6_comp1,R_2_A_122_2_6,TCDB,TCDB.2_A_122_2_6_comp1
G_1_B_20_1_7_comp1,P_1_B_20_1_7_comp1,R_1_B_20_1_7,TCDB,TCDB.1_B_20_1_7_comp1
G_9_A_18_1_3_comp1,P_9_A_18_1_3_comp1,R_9_A_18_1_3,TCDB,TCDB.9_A_18_1_3_comp1
G_1_B_25_1_24_comp1,P_1_B_25_1_24_comp1,R_1_B_25_1_24,TCDB,TCDB.1_B_25_1_24_comp1
G_9_B_14_4_5_comp1,P_9_B_14_4_5_comp1,R_9_B_14_4_5,TCDB,TCDB.9_B_14_4_5_comp1
G_1_E_11_2_1_comp1,P_1_E_11_2_1_comp1,R_1_E_11_2_1,TCDB,TCDB.1_E_11_2_1_comp1
G_1_E_16_1_2_comp1,P_1_E_16_1_2_comp1,R_1_E_16_1_2,TCDB,TCDB.1_E_16_1_2_comp1
G_8_A_21_2_9_comp1,P_8_A_21_2_9_comp1,R_8_A_21_2_9,TCDB,TCDB.8_A_21_2_9_comp1
G_8_B_19_2_3_comp1,P_8_B_19_2_3_comp1,R_8_B_19_2_3,TCDB,TCDB.8_B_19_2_3_comp1
G_8_B_19_2_6_comp1,P_8_B_19_2_6_comp1,R_8_B_19_2_6,TCDB,TCDB.8_B_19_2_6_comp1
G_1_A_53_1_2_comp1,P_1_A_53_1_2_comp1,R_1_A_53_1_2,TCDB,TCDB.1_A_53_1_2_comp1
G_9_B_410_2_4_comp1,P_9_B_410_2_4_comp1,R_9_B_410_2_4,TCDB,TCDB.9_B_410_2_4_comp1
G_1_J_1_1_3_comp1,P_1_J_1_1_3_comp1,R_1_J_1_1_3,TCDB,TCDB.1_J_1_1_3_comp1
G_1_E_54_4_7_comp1,P_1_E_54_4_7_comp1,R_1_E_54_4_7,TCDB,TCDB.1_E_54_4_7_comp1
G_1_B_6_5_6_comp1,P_1_B_6_5_6_comp1,R_1_B_6_5_6,TCDB,TCDB.1_B_6_5_6_comp1
G_2_A_1_83_1_comp1,P_2_A_1_83_1_comp1,R_2_A_1_83_1,TCDB,TCDB.2_A_1_83_1_comp1
G_1_B_44_2_17_comp1,P_1_B_44_2_17_comp1,R_1_B_44_2_17,TCDB,TCDB.1_B_44_2_17_comp1
G_2_A_1_2_85_comp1,P_2_A_1_2_85_comp1,R_2_A_1_2_85,TCDB,TCDB.2_A_1_2_85_comp1
G_2_A_1_2_78_comp1,P_2_A_1_2_78_comp1,R_2_A_1_2_78,TCDB,TCDB.2_A_1_2_78_comp1
G_2_A_1_2_86_comp1,P_2_A_1_2_86_comp1,R_2_A_1_2_86,TCDB,TCDB.2_A_1_2_86_comp1
G_9_B_128_1_1_comp1,P_9_B_128_1_1_comp1,R_9_B_128_1_1,TCDB,TCDB.9_B_128_1_1_comp1
G_1_E_43_1_3_comp1,P_1_E_43_1_3_comp1,R_1_E_43_1_3,TCDB,TCDB.1_E_43_1_3_comp1
G_8_A_19_1_3_comp1,P_8_A_19_1_3_comp1,R_8_A_19_1_3,TCDB,TCDB.8_A_19_1_3_comp1
G_1_B_66_3_3_comp1,P_1_B_66_3_3_comp1,R_1_B_66_3_3,TCDB,TCDB.1_B_66_3_3_comp1
G_2_A_6_3_12_comp1,P_2_A_6_3_12_comp1+2_A_6_3_12_comp2+2_A_6_3_12_comp3,R_2_A_6_3_12,TCDB,TCDB.2_A_6_3_12_comp1
G_2_A_6_3_12_comp2,P_2_A_6_3_12_comp1+2_A_6_3_12_comp2+2_A_6_3_12_comp3,R_2_A_6_3_12,TCDB,TCDB.2_A_6_3_12_comp2
G_2_A_6_3_12_comp3,P_2_A_6_3_12_comp1+2_A_6_3_12_comp2+2_A_6_3_12_comp3,R_2_A_6_3_12,TCDB,TCDB.2_A_6_3_12_comp3
G_1_B_27_1_6_comp1,P_1_B_27_1_6_comp1,R_1_B_27_1_6,TCDB,TCDB.1_B_27_1_6_comp1
G_8_A_73_2_2_comp1,P_8_A_73_2_2_comp1,R_8_A_73_2_2,TCDB,TCDB.8_A_73_2_2_comp1
G_1_A_17_1_15_comp1,P_1_A_17_1_15_comp1,R_1_A_17_1_15,TCDB,TCDB.1_A_17_1_15_comp1
G_1_C_16_2_1_comp1,P_1_C_16_2_1_comp1,R_1_C_16_2_1,TCDB,TCDB.1_C_16_2_1_comp1
G_9_A_63_1_2_comp1,P_9_A_63_1_2_comp1+9_A_63_1_2_comp2+9_A_63_1_2_comp3,R_9_A_63_1_2,TCDB,TCDB.9_A_63_1_2_comp1
G_9_A_63_1_2_comp2,P_9_A_63_1_2_comp1+9_A_63_1_2_comp2+9_A_63_1_2_comp3,R_9_A_63_1_2,TCDB,TCDB.9_A_63_1_2_comp2
G_9_A_63_1_2_comp3,P_9_A_63_1_2_comp1+9_A_63_1_2_comp2+9_A_63_1_2_comp3,R_9_A_63_1_2,TCDB,TCDB.9_A_63_1_2_comp3
G_3_A_10_1_17_comp1,P_3_A_10_1_17_comp1,R_3_A_10_1_17,TCDB,TCDB.3_A_10_1_17_comp1
G_2_A_1_3_68_comp1,P_2_A_1_3_68_comp1,R_2_A_1_3_68,TCDB,TCDB.2_A_1_3_68_comp1
G_1_C_39_16_1_comp1,P_1_C_39_16_1_comp1,R_1_C_39_16_1,TCDB,TCDB.1_C_39_16_1_comp1
G_1_B_14_1_21_comp1,P_1_B_14_1_21_comp1,R_1_B_14_1_21,TCDB,TCDB.1_B_14_1_21_comp1
G_1_C_115_1_3_comp1,P_1_C_115_1_3_comp1,R_1_C_115_1_3,TCDB,TCDB.1_C_115_1_3_comp1
G_1_M_1_3_8_comp1,P_1_M_1_3_8_comp1+1_M_1_3_8_comp2,R_1_M_1_3_8,TCDB,TCDB.1_M_1_3_8_comp1
G_1_M_1_3_8_comp2,P_1_M_1_3_8_comp1+1_M_1_3_8_comp2,R_1_M_1_3_8,TCDB,TCDB.1_M_1_3_8_comp2
G_9_A_24_1_8_comp1,P_9_A_24_1_8_comp1,R_9_A_24_1_8,TCDB,TCDB.9_A_24_1_8_comp1
G_8_A_61_1_7_comp1,P_8_A_61_1_7_comp1,R_8_A_61_1_7,TCDB,TCDB.8_A_61_1_7_comp1
G_2_A_126_1_14_comp1,P_2_A_126_1_14_comp1,R_2_A_126_1_14,TCDB,TCDB.2_A_126_1_14_comp1
G_9_B_56_1_3_comp1,P_9_B_56_1_3_comp1,R_9_B_56_1_3,TCDB,TCDB.9_B_56_1_3_comp1
G_1_C_57_1_6_comp1,P_1_C_57_1_6_comp1,R_1_C_57_1_6,TCDB,TCDB.1_C_57_1_6_comp1
G_8_B_24_1_3_comp1,P_8_B_24_1_3_comp1,R_8_B_24_1_3,TCDB,TCDB.8_B_24_1_3_comp1
G_1_E_31_1_5_comp1,P_1_E_31_1_5_comp1,R_1_E_31_1_5,TCDB,TCDB.1_E_31_1_5_comp1
G_9_B_67_8_1_comp1,P_9_B_67_8_1_comp1,R_9_B_67_8_1,TCDB,TCDB.9_B_67_8_1_comp1
G_3_A_10_3_4_comp1,P_3_A_10_3_4_comp1,R_3_A_10_3_4,TCDB,TCDB.3_A_10_3_4_comp1
G_2_A_19_2_6_comp1,P_2_A_19_2_6_comp1,R_2_A_19_2_6,TCDB,TCDB.2_A_19_2_6_comp1
G_9_B_208_1_2_comp1,P_9_B_208_1_2_comp1,R_9_B_208_1_2,TCDB,TCDB.9_B_208_1_2_comp1
G_1_A_8_8_18_comp1,P_1_A_8_8_18_comp1,R_1_A_8_8_18,TCDB,TCDB.1_A_8_8_18_comp1
G_2_A_66_12_2_comp1,P_2_A_66_12_2_comp1,R_2_A_66_12_2,TCDB,TCDB.2_A_66_12_2_comp1
G_9_A_24_1_9_comp1,P_9_A_24_1_9_comp1,R_9_A_24_1_9,TCDB,TCDB.9_A_24_1_9_comp1
G_2_A_1_2_92_comp1,P_2_A_1_2_92_comp1,R_2_A_1_2_92,TCDB,TCDB.2_A_1_2_92_comp1
G_9_B_199_1_3_comp1,P_9_B_199_1_3_comp1,R_9_B_199_1_3,TCDB,TCDB.9_B_199_1_3_comp1
G_3_A_25_1_1_comp1,P_3_A_25_1_1_comp1+3_A_25_1_1_comp2+3_A_25_1_1_comp3+3_A_25_1_1_comp4+3_A_25_1_1_comp5+3_A_25_1_1_comp6+3_A_25_1_1_comp7,R_3_A_25_1_1,TCDB,TCDB.3_A_25_1_1_comp1
G_3_A_25_1_1_comp2,P_3_A_25_1_1_comp1+3_A_25_1_1_comp2+3_A_25_1_1_comp3+3_A_25_1_1_comp4+3_A_25_1_1_comp5+3_A_25_1_1_comp6+3_A_25_1_1_comp7,R_3_A_25_1_1,TCDB,TCDB.3_A_25_1_1_comp2
G_3_A_25_1_1_comp3,P_3_A_25_1_1_comp1+3_A_25_1_1_comp2+3_A_25_1_1_comp3+3_A_25_1_1_comp4+3_A_25_1_1_comp5+3_A_25_1_1_comp6+3_A_25_1_1_comp7,R_3_A_25_1_1,TCDB,TCDB.3_A_25_1_1_comp3
G_3_A_25_1_1_comp4,P_3_A_25_1_1_comp1+3_A_25_1_1_comp2+3_A_25_1_1_comp3+3_A_25_1_1_comp4+3_A_25_1_1_comp5+3_A_25_1_1_comp6+3_A_25_1_1_comp7,R_3_A_25_1_1,TCDB,TCDB.3_A_25_1_1_comp4
G_3_A_25_1_1_comp5,P_3_A_25_1_1_comp1+3_A_25_1_1_comp2+3_A_25_1_1_comp3+3_A_25_1_1_comp4+3_A_25_1_1_comp5+3_A_25_1_1_comp6+3_A_25_1_1_comp7,R_3_A_25_1_1,TCDB,TCDB.3_A_25_1_1_comp5
G_3_A_25_1_1_comp6,P_3_A_25_1_1_comp1+3_A_25_1_1_comp2+3_A_25_1_1_comp3+3_A_25_1_1_comp4+3_A_25_1_1_comp5+3_A_25_1_1_comp6+3_A_25_1_1_comp7,R_3_A_25_1_1,TCDB,TCDB.3_A_25_1_1_comp6
G_3_A_25_1_1_comp7,P_3_A_25_1_1_comp1+3_A_25_1_1_comp2+3_A_25_1_1_comp3+3_A_25_1_1_comp4+3_A_25_1_1_comp5+3_A_25_1_1_comp6+3_A_25_1_1_comp7,R_3_A_25_1_1,TCDB,TCDB.3_A_25_1_1_comp7
G_2_A_123_1_15_comp1,P_2_A_123_1_15_comp1,R_2_A_123_1_15,TCDB,TCDB.2_A_123_1_15_comp1
G_1_B_77_2_2_comp1,P_1_B_77_2_2_comp1,R_1_B_77_2_2,TCDB,TCDB.1_B_77_2_2_comp1
G_3_A_1_1_59_comp1,P_3_A_1_1_59_comp1+3_A_1_1_59_comp2+3_A_1_1_59_comp3,R_3_A_1_1_59,TCDB,TCDB.3_A_1_1_59_comp1
G_3_A_1_1_59_comp2,P_3_A_1_1_59_comp1+3_A_1_1_59_comp2+3_A_1_1_59_comp3,R_3_A_1_1_59,TCDB,TCDB.3_A_1_1_59_comp2
G_3_A_1_1_59_comp3,P_3_A_1_1_59_comp1+3_A_1_1_59_comp2+3_A_1_1_59_comp3,R_3_A_1_1_59,TCDB,TCDB.3_A_1_1_59_comp3
G_2_A_28_2_6_comp1,P_2_A_28_2_6_comp1,R_2_A_28_2_6,TCDB,TCDB.2_A_28_2_6_comp1
G_3_A_5_7_3_comp1,P_3_A_5_7_3_comp1,R_3_A_5_7_3,TCDB,TCDB.3_A_5_7_3_comp1
G_2_A_115_2_5_comp1,P_2_A_115_2_5_comp1,R_2_A_115_2_5,TCDB,TCDB.2_A_115_2_5_comp1
G_2_A_116_3_3_comp1,P_2_A_116_3_3_comp1,R_2_A_116_3_3,TCDB,TCDB.2_A_116_3_3_comp1
G_2_A_66_4_8_comp1,P_2_A_66_4_8_comp1,R_2_A_66_4_8,TCDB,TCDB.2_A_66_4_8_comp1
G_9_B_29_2_3_comp1,P_9_B_29_2_3_comp1,R_9_B_29_2_3,TCDB,TCDB.9_B_29_2_3_comp1
G_3_A_29_1_8_comp1,P_3_A_29_1_8_comp1,R_3_A_29_1_8,TCDB,TCDB.3_A_29_1_8_comp1
G_1_A_46_2_3_comp1,P_1_A_46_2_3_comp1,R_1_A_46_2_3,TCDB,TCDB.1_A_46_2_3_comp1
G_1_A_1_24_4_comp1,P_1_A_1_24_4_comp1,R_1_A_1_24_4,TCDB,TCDB.1_A_1_24_4_comp1
G_9_B_122_1_2_comp1,P_9_B_122_1_2_comp1,R_9_B_122_1_2,TCDB,TCDB.9_B_122_1_2_comp1
G_1_A_34_1_3_comp1,P_1_A_34_1_3_comp1,R_1_A_34_1_3,TCDB,TCDB.1_A_34_1_3_comp1
G_3_A_1_19_4_comp1,P_3_A_1_19_4_comp1+3_A_1_19_4_comp2+3_A_1_19_4_comp3,R_3_A_1_19_4,TCDB,TCDB.3_A_1_19_4_comp1
G_3_A_1_19_4_comp2,P_3_A_1_19_4_comp1+3_A_1_19_4_comp2+3_A_1_19_4_comp3,R_3_A_1_19_4,TCDB,TCDB.3_A_1_19_4_comp2
G_3_A_1_19_4_comp3,P_3_A_1_19_4_comp1+3_A_1_19_4_comp2+3_A_1_19_4_comp3,R_3_A_1_19_4,TCDB,TCDB.3_A_1_19_4_comp3
G_2_A_15_2_3_comp1,P_2_A_15_2_3_comp1,R_2_A_15_2_3,TCDB,TCDB.2_A_15_2_3_comp1
G_2_A_81_1_5_comp1,P_2_A_81_1_5_comp1,R_2_A_81_1_5,TCDB,TCDB.2_A_81_1_5_comp1
G_2_A_1_57_3_comp1,P_2_A_1_57_3_comp1,R_2_A_1_57_3,TCDB,TCDB.2_A_1_57_3_comp1
G_1_C_80_1_4_comp1,P_1_C_80_1_4_comp1,R_1_C_80_1_4,TCDB,TCDB.1_C_80_1_4_comp1
G_1_A_12_3_2_comp1,P_1_A_12_3_2_comp1,R_1_A_12_3_2,TCDB,TCDB.1_A_12_3_2_comp1
G_1_C_80_1_3_comp1,P_1_C_80_1_3_comp1,R_1_C_80_1_3,TCDB,TCDB.1_C_80_1_3_comp1
G_1_A_14_2_5_comp1,P_1_A_14_2_5_comp1,R_1_A_14_2_5,TCDB,TCDB.1_A_14_2_5_comp1
G_1_A_14_2_4_comp1,P_1_A_14_2_4_comp1,R_1_A_14_2_4,TCDB,TCDB.1_A_14_2_4_comp1
G_4_A_7_1_2_comp1,P_4_A_7_1_2_comp1+4_A_7_1_2_comp2+4_A_7_1_2_comp3,R_4_A_7_1_2,TCDB,TCDB.4_A_7_1_2_comp1
G_4_A_7_1_2_comp2,P_4_A_7_1_2_comp1+4_A_7_1_2_comp2+4_A_7_1_2_comp3,R_4_A_7_1_2,TCDB,TCDB.4_A_7_1_2_comp2
G_4_A_7_1_2_comp3,P_4_A_7_1_2_comp1+4_A_7_1_2_comp2+4_A_7_1_2_comp3,R_4_A_7_1_2,TCDB,TCDB.4_A_7_1_2_comp3
G_1_A_34_1_2_comp1,P_1_A_34_1_2_comp1,R_1_A_34_1_2,TCDB,TCDB.1_A_34_1_2_comp1
G_9_B_124_2_2_comp1,P_9_B_124_2_2_comp1,R_9_B_124_2_2,TCDB,TCDB.9_B_124_2_2_comp1
G_1_E_2_1_10_comp1,P_1_E_2_1_10_comp1,R_1_E_2_1_10,TCDB,TCDB.1_E_2_1_10_comp1
G_1_C_47_1_9_comp1,P_1_C_47_1_9_comp1,R_1_C_47_1_9,TCDB,TCDB.1_C_47_1_9_comp1
G_1_C_13_1_5_comp1,P_1_C_13_1_5_comp1,R_1_C_13_1_5,TCDB,TCDB.1_C_13_1_5_comp1
G_1_G_3_1_2_comp1,P_1_G_3_1_2_comp1+1_G_3_1_2_comp2,R_1_G_3_1_2,TCDB,TCDB.1_G_3_1_2_comp1
G_1_G_3_1_2_comp2,P_1_G_3_1_2_comp1+1_G_3_1_2_comp2,R_1_G_3_1_2,TCDB,TCDB.1_G_3_1_2_comp2
G_1_C_96_1_2_comp1,P_1_C_96_1_2_comp1,R_1_C_96_1_2,TCDB,TCDB.1_C_96_1_2_comp1
G_3_A_1_121_5_comp1,P_3_A_1_121_5_comp1,R_3_A_1_121_5,TCDB,TCDB.3_A_1_121_5_comp1
G_3_B_1_1_7_comp1,P_3_B_1_1_7_comp1+3_B_1_1_7_comp2+3_B_1_1_7_comp3+3_B_1_1_7_comp4+3_B_1_1_7_comp5,R_3_B_1_1_7,TCDB,TCDB.3_B_1_1_7_comp1
G_3_B_1_1_7_comp2,P_3_B_1_1_7_comp1+3_B_1_1_7_comp2+3_B_1_1_7_comp3+3_B_1_1_7_comp4+3_B_1_1_7_comp5,R_3_B_1_1_7,TCDB,TCDB.3_B_1_1_7_comp2
G_3_B_1_1_7_comp3,P_3_B_1_1_7_comp1+3_B_1_1_7_comp2+3_B_1_1_7_comp3+3_B_1_1_7_comp4+3_B_1_1_7_comp5,R_3_B_1_1_7,TCDB,TCDB.3_B_1_1_7_comp3
G_3_B_1_1_7_comp4,P_3_B_1_1_7_comp1+3_B_1_1_7_comp2+3_B_1_1_7_comp3+3_B_1_1_7_comp4+3_B_1_1_7_comp5,R_3_B_1_1_7,TCDB,TCDB.3_B_1_1_7_comp4
G_3_B_1_1_7_comp5,P_3_B_1_1_7_comp1+3_B_1_1_7_comp2+3_B_1_1_7_comp3+3_B_1_1_7_comp4+3_B_1_1_7_comp5,R_3_B_1_1_7,TCDB,TCDB.3_B_1_1_7_comp5
G_8_A_223_1_1_comp1,P_8_A_223_1_1_comp1,R_8_A_223_1_1,TCDB,TCDB.8_A_223_1_1_comp1
G_1_B_10_2_2_comp1,P_1_B_10_2_2_comp1,R_1_B_10_2_2,TCDB,TCDB.1_B_10_2_2_comp1
G_1_B_10_2_3_comp1,P_1_B_10_2_3_comp1,R_1_B_10_2_3,TCDB,TCDB.1_B_10_2_3_comp1
G_1_B_25_1_32_comp1,P_1_B_25_1_32_comp1,R_1_B_25_1_32,TCDB,TCDB.1_B_25_1_32_comp1
G_1_E_30_1_3_comp1,P_1_E_30_1_3_comp1,R_1_E_30_1_3,TCDB,TCDB.1_E_30_1_3_comp1
G_1_A_8_10_13_comp1,P_1_A_8_10_13_comp1,R_1_A_8_10_13,TCDB,TCDB.1_A_8_10_13_comp1
G_1_A_46_1_5_comp1,P_1_A_46_1_5_comp1,R_1_A_46_1_5,TCDB,TCDB.1_A_46_1_5_comp1
G_9_B_105_3_5_comp1,P_9_B_105_3_5_comp1,R_9_B_105_3_5,TCDB,TCDB.9_B_105_3_5_comp1
G_2_A_66_1_19_comp1,P_2_A_66_1_19_comp1,R_2_A_66_1_19,TCDB,TCDB.2_A_66_1_19_comp1
G_2_A_7_32_6_comp1,P_2_A_7_32_6_comp1,R_2_A_7_32_6,TCDB,TCDB.2_A_7_32_6_comp1
G_1_A_13_2_1_comp1,P_1_A_13_2_1_comp1,R_1_A_13_2_1,TCDB,TCDB.1_A_13_2_1_comp1
G_8_A_15_1_4_comp1,P_8_A_15_1_4_comp1,R_8_A_15_1_4,TCDB,TCDB.8_A_15_1_4_comp1
G_2_A_7_11_8_comp1,P_2_A_7_11_8_comp1,R_2_A_7_11_8,TCDB,TCDB.2_A_7_11_8_comp1
G_9_B_123_2_2_comp1,P_9_B_123_2_2_comp1,R_9_B_123_2_2,TCDB,TCDB.9_B_123_2_2_comp1
G_9_B_56_1_10_comp1,P_9_B_56_1_10_comp1,R_9_B_56_1_10,TCDB,TCDB.9_B_56_1_10_comp1
G_1_B_30_3_1_comp1,P_1_B_30_3_1_comp1,R_1_B_30_3_1,TCDB,TCDB.1_B_30_3_1_comp1
G_1_A_17_3_1_comp1,P_1_A_17_3_1_comp1,R_1_A_17_3_1,TCDB,TCDB.1_A_17_3_1_comp1
G_2_A_1_66_3_comp1,P_2_A_1_66_3_comp1,R_2_A_1_66_3,TCDB,TCDB.2_A_1_66_3_comp1
G_3_A_3_10_17_comp1,P_3_A_3_10_17_comp1,R_3_A_3_10_17,TCDB,TCDB.3_A_3_10_17_comp1
G_1_A_17_5_15_comp1,P_1_A_17_5_15_comp1,R_1_A_17_5_15,TCDB,TCDB.1_A_17_5_15_comp1
G_1_A_17_3_2_comp1,P_1_A_17_3_2_comp1,R_1_A_17_3_2,TCDB,TCDB.1_A_17_3_2_comp1
G_1_B_33_3_9_comp1,P_1_B_33_3_9_comp1,R_1_B_33_3_9,TCDB,TCDB.1_B_33_3_9_comp1
G_9_B_115_1_5_comp1,P_9_B_115_1_5_comp1,R_9_B_115_1_5,TCDB,TCDB.9_B_115_1_5_comp1
G_2_A_122_2_5_comp1,P_2_A_122_2_5_comp1,R_2_A_122_2_5,TCDB,TCDB.2_A_122_2_5_comp1
G_1_B_1_2_2_comp1,P_1_B_1_2_2_comp1,R_1_B_1_2_2,TCDB,TCDB.1_B_1_2_2_comp1
G_1_B_42_1_13_comp1,P_1_B_42_1_13_comp1,R_1_B_42_1_13,TCDB,TCDB.1_B_42_1_13_comp1
G_1_A_77_3_22_comp1,P_1_A_77_3_22_comp1,R_1_A_77_3_22,TCDB,TCDB.1_A_77_3_22_comp1
G_3_A_1_151_1_comp1,P_3_A_1_151_1_comp1+3_A_1_151_1_comp2+3_A_1_151_1_comp3,R_3_A_1_151_1,TCDB,TCDB.3_A_1_151_1_comp1
G_3_A_1_151_1_comp2,P_3_A_1_151_1_comp1+3_A_1_151_1_comp2+3_A_1_151_1_comp3,R_3_A_1_151_1,TCDB,TCDB.3_A_1_151_1_comp2
G_3_A_1_151_1_comp3,P_3_A_1_151_1_comp1+3_A_1_151_1_comp2+3_A_1_151_1_comp3,R_3_A_1_151_1,TCDB,TCDB.3_A_1_151_1_comp3
G_9_B_160_1_12_comp1,P_9_B_160_1_12_comp1,R_9_B_160_1_12,TCDB,TCDB.9_B_160_1_12_comp1
G_1_E_51_1_3_comp1,P_1_E_51_1_3_comp1,R_1_E_51_1_3,TCDB,TCDB.1_E_51_1_3_comp1
G_1_B_61_1_4_comp1,P_1_B_61_1_4_comp1,R_1_B_61_1_4,TCDB,TCDB.1_B_61_1_4_comp1
G_1_E_5_3_1_comp1,P_1_E_5_3_1_comp1,R_1_E_5_3_1,TCDB,TCDB.1_E_5_3_1_comp1
G_1_A_43_3_4_comp1,P_1_A_43_3_4_comp1,R_1_A_43_3_4,TCDB,TCDB.1_A_43_3_4_comp1
G_1_B_52_1_2_comp1,P_1_B_52_1_2_comp1,R_1_B_52_1_2,TCDB,TCDB.1_B_52_1_2_comp1
G_1_E_17_1_6_comp1,P_1_E_17_1_6_comp1,R_1_E_17_1_6,TCDB,TCDB.1_E_17_1_6_comp1
G_4_D_1_3_2_comp1,P_4_D_1_3_2_comp1,R_4_D_1_3_2,TCDB,TCDB.4_D_1_3_2_comp1
G_3_A_1_3_28_comp1,P_3_A_1_3_28_comp1+3_A_1_3_28_comp2+3_A_1_3_28_comp3,R_3_A_1_3_28,TCDB,TCDB.3_A_1_3_28_comp1
G_3_A_1_3_28_comp2,P_3_A_1_3_28_comp1+3_A_1_3_28_comp2+3_A_1_3_28_comp3,R_3_A_1_3_28,TCDB,TCDB.3_A_1_3_28_comp2
G_3_A_1_3_28_comp3,P_3_A_1_3_28_comp1+3_A_1_3_28_comp2+3_A_1_3_28_comp3,R_3_A_1_3_28,TCDB,TCDB.3_A_1_3_28_comp3
G_9_B_144_2_2_comp1,P_9_B_144_2_2_comp1,R_9_B_144_2_2,TCDB,TCDB.9_B_144_2_2_comp1
G_9_B_142_4_6_comp1,P_9_B_142_4_6_comp1,R_9_B_142_4_6,TCDB,TCDB.9_B_142_4_6_comp1
G_9_B_170_1_5_comp1,P_9_B_170_1_5_comp1,R_9_B_170_1_5,TCDB,TCDB.9_B_170_1_5_comp1
G_1_E_54_4_3_comp1,P_1_E_54_4_3_comp1,R_1_E_54_4_3,TCDB,TCDB.1_E_54_4_3_comp1
G_9_B_170_1_6_comp1,P_9_B_170_1_6_comp1,R_9_B_170_1_6,TCDB,TCDB.9_B_170_1_6_comp1
G_9_B_105_4_1_comp1,P_9_B_105_4_1_comp1,R_9_B_105_4_1,TCDB,TCDB.9_B_105_4_1_comp1
G_4_D_2_5_1_comp1,P_4_D_2_5_1_comp1,R_4_D_2_5_1,TCDB,TCDB.4_D_2_5_1_comp1
G_2_A_59_2_2_comp1,P_2_A_59_2_2_comp1,R_2_A_59_2_2,TCDB,TCDB.2_A_59_2_2_comp1
G_2_A_1_81_2_comp1,P_2_A_1_81_2_comp1,R_2_A_1_81_2,TCDB,TCDB.2_A_1_81_2_comp1
G_1_E_14_1_7_comp1,P_1_E_14_1_7_comp1,R_1_E_14_1_7,TCDB,TCDB.1_E_14_1_7_comp1
G_9_B_185_1_5_comp1,P_9_B_185_1_5_comp1,R_9_B_185_1_5,TCDB,TCDB.9_B_185_1_5_comp1
G_1_A_54_4_5_comp1,P_1_A_54_4_5_comp1,R_1_A_54_4_5,TCDB,TCDB.1_A_54_4_5_comp1
G_2_A_1_46_4_comp1,P_2_A_1_46_4_comp1,R_2_A_1_46_4,TCDB,TCDB.2_A_1_46_4_comp1
G_3_A_1_122_21_comp1,P_3_A_1_122_21_comp1+3_A_1_122_21_comp2,R_3_A_1_122_21,TCDB,TCDB.3_A_1_122_21_comp1
G_3_A_1_122_21_comp2,P_3_A_1_122_21_comp1+3_A_1_122_21_comp2,R_3_A_1_122_21,TCDB,TCDB.3_A_1_122_21_comp2
G_9_B_29_2_7_comp1,P_9_B_29_2_7_comp1+9_B_29_2_7_comp2+9_B_29_2_7_comp3,R_9_B_29_2_7,TCDB,TCDB.9_B_29_2_7_comp1
G_9_B_29_2_7_comp2,P_9_B_29_2_7_comp1+9_B_29_2_7_comp2+9_B_29_2_7_comp3,R_9_B_29_2_7,TCDB,TCDB.9_B_29_2_7_comp2
G_9_B_29_2_7_comp3,P_9_B_29_2_7_comp1+9_B_29_2_7_comp2+9_B_29_2_7_comp3,R_9_B_29_2_7,TCDB,TCDB.9_B_29_2_7_comp3
G_2_A_6_1_16_comp1,P_2_A_6_1_16_comp1+2_A_6_1_16_comp2+2_A_6_1_16_comp3,R_2_A_6_1_16,TCDB,TCDB.2_A_6_1_16_comp1
G_2_A_6_1_16_comp2,P_2_A_6_1_16_comp1+2_A_6_1_16_comp2+2_A_6_1_16_comp3,R_2_A_6_1_16,TCDB,TCDB.2_A_6_1_16_comp2
G_2_A_6_1_16_comp3,P_2_A_6_1_16_comp1+2_A_6_1_16_comp2+2_A_6_1_16_comp3,R_2_A_6_1_16,TCDB,TCDB.2_A_6_1_16_comp3
G_2_A_6_1_15_comp1,P_2_A_6_1_15_comp1+2_A_6_1_15_comp2+2_A_6_1_15_comp3,R_2_A_6_1_15,TCDB,TCDB.2_A_6_1_15_comp1
G_2_A_6_1_15_comp2,P_2_A_6_1_15_comp1+2_A_6_1_15_comp2+2_A_6_1_15_comp3,R_2_A_6_1_15,TCDB,TCDB.2_A_6_1_15_comp2
G_2_A_6_1_15_comp3,P_2_A_6_1_15_comp1+2_A_6_1_15_comp2+2_A_6_1_15_comp3,R_2_A_6_1_15,TCDB,TCDB.2_A_6_1_15_comp3
G_3_A_1_2_21_comp1,P_3_A_1_2_21_comp1+3_A_1_2_21_comp2+3_A_1_2_21_comp3,R_3_A_1_2_21,TCDB,TCDB.3_A_1_2_21_comp1
G_3_A_1_2_21_comp2,P_3_A_1_2_21_comp1+3_A_1_2_21_comp2+3_A_1_2_21_comp3,R_3_A_1_2_21,TCDB,TCDB.3_A_1_2_21_comp2
G_3_A_1_2_21_comp3,P_3_A_1_2_21_comp1+3_A_1_2_21_comp2+3_A_1_2_21_comp3,R_3_A_1_2_21,TCDB,TCDB.3_A_1_2_21_comp3
G_9_B_13_2_1_comp1,P_9_B_13_2_1_comp1,R_9_B_13_2_1,TCDB,TCDB.9_B_13_2_1_comp1
G_2_A_95_1_8_comp1,P_2_A_95_1_8_comp1,R_2_A_95_1_8,TCDB,TCDB.2_A_95_1_8_comp1
G_9_B_126_2_6_comp1,P_9_B_126_2_6_comp1,R_9_B_126_2_6,TCDB,TCDB.9_B_126_2_6_comp1
G_1_E_2_3_1_comp1,P_1_E_2_3_1_comp1,R_1_E_2_3_1,TCDB,TCDB.1_E_2_3_1_comp1
G_9_B_105_1_5_comp1,P_9_B_105_1_5_comp1,R_9_B_105_1_5,TCDB,TCDB.9_B_105_1_5_comp1
G_2_A_116_3_4_comp1,P_2_A_116_3_4_comp1,R_2_A_116_3_4,TCDB,TCDB.2_A_116_3_4_comp1
G_2_A_1_27_2_comp1,P_2_A_1_27_2_comp1,R_2_A_1_27_2,TCDB,TCDB.2_A_1_27_2_comp1
G_9_B_72_2_3_comp1,P_9_B_72_2_3_comp1,R_9_B_72_2_3,TCDB,TCDB.9_B_72_2_3_comp1
G_2_A_7_3_68_comp1,P_2_A_7_3_68_comp1,R_2_A_7_3_68,TCDB,TCDB.2_A_7_3_68_comp1
G_2_A_26_1_8_comp1,P_2_A_26_1_8_comp1,R_2_A_26_1_8,TCDB,TCDB.2_A_26_1_8_comp1
G_9_B_102_4_2_comp1,P_9_B_102_4_2_comp1,R_9_B_102_4_2,TCDB,TCDB.9_B_102_4_2_comp1
G_1_E_52_3_3_comp1,P_1_E_52_3_3_comp1,R_1_E_52_3_3,TCDB,TCDB.1_E_52_3_3_comp1
G_1_A_77_3_26_comp1,P_1_A_77_3_26_comp1,R_1_A_77_3_26,TCDB,TCDB.1_A_77_3_26_comp1
G_1_B_21_3_3_comp1,P_1_B_21_3_3_comp1,R_1_B_21_3_3,TCDB,TCDB.1_B_21_3_3_comp1
G_9_B_32_1_3_comp1,P_9_B_32_1_3_comp1,R_9_B_32_1_3,TCDB,TCDB.9_B_32_1_3_comp1
G_1_E_30_1_2_comp1,P_1_E_30_1_2_comp1,R_1_E_30_1_2,TCDB,TCDB.1_E_30_1_2_comp1
G_9_B_3_1_4_comp1,P_9_B_3_1_4_comp1,R_9_B_3_1_4,TCDB,TCDB.9_B_3_1_4_comp1
G_9_B_87_1_6_comp1,P_9_B_87_1_6_comp1,R_9_B_87_1_6,TCDB,TCDB.9_B_87_1_6_comp1
G_9_B_235_1_8_comp1,P_9_B_235_1_8_comp1,R_9_B_235_1_8,TCDB,TCDB.9_B_235_1_8_comp1
G_2_A_69_2_3_comp1,P_2_A_69_2_3_comp1,R_2_A_69_2_3,TCDB,TCDB.2_A_69_2_3_comp1
G_1_A_55_4_1_comp1,P_1_A_55_4_1_comp1,R_1_A_55_4_1,TCDB,TCDB.1_A_55_4_1_comp1
G_1_C_39_9_1_comp1,P_1_C_39_9_1_comp1,R_1_C_39_9_1,TCDB,TCDB.1_C_39_9_1_comp1
G_1_G_20_2_3_comp1,P_1_G_20_2_3_comp1,R_1_G_20_2_3,TCDB,TCDB.1_G_20_2_3_comp1
G_8_B_16_1_3_comp1,P_8_B_16_1_3_comp1,R_8_B_16_1_3,TCDB,TCDB.8_B_16_1_3_comp1
G_1_E_12_2_3_comp1,P_1_E_12_2_3_comp1,R_1_E_12_2_3,TCDB,TCDB.1_E_12_2_3_comp1
G_9_A_57_1_7_comp1,P_9_A_57_1_7_comp1,R_9_A_57_1_7,TCDB,TCDB.9_A_57_1_7_comp1
G_8_B_7_1_5_comp1,P_8_B_7_1_5_comp1,R_8_B_7_1_5,TCDB,TCDB.8_B_7_1_5_comp1
G_9_B_439_1_1_comp1,P_9_B_439_1_1_comp1,R_9_B_439_1_1,TCDB,TCDB.9_B_439_1_1_comp1
G_9_B_355_1_1_comp1,P_9_B_355_1_1_comp1+9_B_355_1_1_comp2+9_B_355_1_1_comp3+9_B_355_1_1_comp4,R_9_B_355_1_1,TCDB,TCDB.9_B_355_1_1_comp1
G_9_B_355_1_1_comp2,P_9_B_355_1_1_comp1+9_B_355_1_1_comp2+9_B_355_1_1_comp3+9_B_355_1_1_comp4,R_9_B_355_1_1,TCDB,TCDB.9_B_355_1_1_comp2
G_9_B_355_1_1_comp3,P_9_B_355_1_1_comp1+9_B_355_1_1_comp2+9_B_355_1_1_comp3+9_B_355_1_1_comp4,R_9_B_355_1_1,TCDB,TCDB.9_B_355_1_1_comp3
G_9_B_355_1_1_comp4,P_9_B_355_1_1_comp1+9_B_355_1_1_comp2+9_B_355_1_1_comp3+9_B_355_1_1_comp4,R_9_B_355_1_1,TCDB,TCDB.9_B_355_1_1_comp4
G_1_C_21_2_1_comp1,P_1_C_21_2_1_comp1,R_1_C_21_2_1,TCDB,TCDB.1_C_21_2_1_comp1
G_3_A_1_147_8_comp1,P_3_A_1_147_8_comp1+3_A_1_147_8_comp2,R_3_A_1_147_8,TCDB,TCDB.3_A_1_147_8_comp1
G_3_A_1_147_8_comp2,P_3_A_1_147_8_comp1+3_A_1_147_8_comp2,R_3_A_1_147_8,TCDB,TCDB.3_A_1_147_8_comp2
G_2_A_102_4_4_comp1,P_2_A_102_4_4_comp1,R_2_A_102_4_4,TCDB,TCDB.2_A_102_4_4_comp1
G_3_A_1_135_4_comp1,P_3_A_1_135_4_comp1+3_A_1_135_4_comp2,R_3_A_1_135_4,TCDB,TCDB.3_A_1_135_4_comp1
G_3_A_1_135_4_comp2,P_3_A_1_135_4_comp1+3_A_1_135_4_comp2,R_3_A_1_135_4,TCDB,TCDB.3_A_1_135_4_comp2
G_9_B_14_3_4_comp1,P_9_B_14_3_4_comp1,R_9_B_14_3_4,TCDB,TCDB.9_B_14_3_4_comp1
G_1_A_11_2_11_comp1,P_1_A_11_2_11_comp1,R_1_A_11_2_11,TCDB,TCDB.1_A_11_2_11_comp1
G_8_A_83_1_2_comp1,P_8_A_83_1_2_comp1,R_8_A_83_1_2,TCDB,TCDB.8_A_83_1_2_comp1
G_1_B_31_1_6_comp1,P_1_B_31_1_6_comp1,R_1_B_31_1_6,TCDB,TCDB.1_B_31_1_6_comp1
G_8_A_160_1_3_comp1,P_8_A_160_1_3_comp1,R_8_A_160_1_3,TCDB,TCDB.8_A_160_1_3_comp1
G_9_B_97_5_1_comp1,P_9_B_97_5_1_comp1,R_9_B_97_5_1,TCDB,TCDB.9_B_97_5_1_comp1
G_2_A_120_1_8_comp1,P_2_A_120_1_8_comp1,R_2_A_120_1_8,TCDB,TCDB.2_A_120_1_8_comp1
G_1_E_55_3_2_comp1,P_1_E_55_3_2_comp1,R_1_E_55_3_2,TCDB,TCDB.1_E_55_3_2_comp1
G_1_E_19_2_1_comp1,P_1_E_19_2_1_comp1,R_1_E_19_2_1,TCDB,TCDB.1_E_19_2_1_comp1
G_8_A_113_1_1_comp1,P_8_A_113_1_1_comp1,R_8_A_113_1_1,TCDB,TCDB.8_A_113_1_1_comp1
G_3_A_1_211_8_comp1,P_3_A_1_211_8_comp1,R_3_A_1_211_8,TCDB,TCDB.3_A_1_211_8_comp1
G_2_A_122_2_2_comp1,P_2_A_122_2_2_comp1,R_2_A_122_2_2,TCDB,TCDB.2_A_122_2_2_comp1
G_1_A_25_3_4_comp1,P_1_A_25_3_4_comp1,R_1_A_25_3_4,TCDB,TCDB.1_A_25_3_4_comp1
G_1_C_39_11_2_comp1,P_1_C_39_11_2_comp1,R_1_C_39_11_2,TCDB,TCDB.1_C_39_11_2_comp1
G_8_A_96_3_1_comp1,P_8_A_96_3_1_comp1,R_8_A_96_3_1,TCDB,TCDB.8_A_96_3_1_comp1
G_1_B_66_3_4_comp1,P_1_B_66_3_4_comp1,R_1_B_66_3_4,TCDB,TCDB.1_B_66_3_4_comp1
G_9_B_142_3_11_comp1,P_9_B_142_3_11_comp1,R_9_B_142_3_11,TCDB,TCDB.9_B_142_3_11_comp1
G_1_B_31_1_7_comp1,P_1_B_31_1_7_comp1,R_1_B_31_1_7,TCDB,TCDB.1_B_31_1_7_comp1
G_1_B_54_1_6_comp1,P_1_B_54_1_6_comp1,R_1_B_54_1_6,TCDB,TCDB.1_B_54_1_6_comp1
G_9_B_142_10_3_comp1,P_9_B_142_10_3_comp1,R_9_B_142_10_3,TCDB,TCDB.9_B_142_10_3_comp1
G_3_A_3_24_2_comp1,P_3_A_3_24_2_comp1,R_3_A_3_24_2,TCDB,TCDB.3_A_3_24_2_comp1
G_2_A_121_4_5_comp1,P_2_A_121_4_5_comp1,R_2_A_121_4_5,TCDB,TCDB.2_A_121_4_5_comp1
G_2_A_53_3_4_comp1,P_2_A_53_3_4_comp1,R_2_A_53_3_4,TCDB,TCDB.2_A_53_3_4_comp1
G_9_B_102_1_6_comp1,P_9_B_102_1_6_comp1,R_9_B_102_1_6,TCDB,TCDB.9_B_102_1_6_comp1
G_9_B_20_3_2_comp1,P_9_B_20_3_2_comp1,R_9_B_20_3_2,TCDB,TCDB.9_B_20_3_2_comp1
G_9_B_153_2_2_comp1,P_9_B_153_2_2_comp1,R_9_B_153_2_2,TCDB,TCDB.9_B_153_2_2_comp1
G_1_B_55_2_3_comp1,P_1_B_55_2_3_comp1,R_1_B_55_2_3,TCDB,TCDB.1_B_55_2_3_comp1
G_1_B_39_2_2_comp1,P_1_B_39_2_2_comp1,R_1_B_39_2_2,TCDB,TCDB.1_B_39_2_2_comp1
G_1_B_16_2_3_comp1,P_1_B_16_2_3_comp1,R_1_B_16_2_3,TCDB,TCDB.1_B_16_2_3_comp1
G_2_A_106_1_4_comp1,P_2_A_106_1_4_comp1,R_2_A_106_1_4,TCDB,TCDB.2_A_106_1_4_comp1
G_2_A_123_3_2_comp1,P_2_A_123_3_2_comp1,R_2_A_123_3_2,TCDB,TCDB.2_A_123_3_2_comp1
G_1_A_106_1_5_comp1,P_1_A_106_1_5_comp1,R_1_A_106_1_5,TCDB,TCDB.1_A_106_1_5_comp1
G_9_B_191_1_4_comp1,P_9_B_191_1_4_comp1,R_9_B_191_1_4,TCDB,TCDB.9_B_191_1_4_comp1
G_9_B_32_1_5_comp1,P_9_B_32_1_5_comp1,R_9_B_32_1_5,TCDB,TCDB.9_B_32_1_5_comp1
G_9_B_23_3_3_comp1,P_9_B_23_3_3_comp1,R_9_B_23_3_3,TCDB,TCDB.9_B_23_3_3_comp1
G_3_A_3_10_1_comp1,P_3_A_3_10_1_comp1,R_3_A_3_10_1,TCDB,TCDB.3_A_3_10_1_comp1
G_9_A_54_1_4_comp1,P_9_A_54_1_4_comp1,R_9_A_54_1_4,TCDB,TCDB.9_A_54_1_4_comp1
G_9_B_20_2_2_comp1,P_9_B_20_2_2_comp1,R_9_B_20_2_2,TCDB,TCDB.9_B_20_2_2_comp1
G_2_A_56_1_6_comp1,P_2_A_56_1_6_comp1+2_A_56_1_6_comp2+2_A_56_1_6_comp3,R_2_A_56_1_6,TCDB,TCDB.2_A_56_1_6_comp1
G_2_A_56_1_6_comp2,P_2_A_56_1_6_comp1+2_A_56_1_6_comp2+2_A_56_1_6_comp3,R_2_A_56_1_6,TCDB,TCDB.2_A_56_1_6_comp2
G_2_A_56_1_6_comp3,P_2_A_56_1_6_comp1+2_A_56_1_6_comp2+2_A_56_1_6_comp3,R_2_A_56_1_6,TCDB,TCDB.2_A_56_1_6_comp3
G_1_E_55_1_2_comp1,P_1_E_55_1_2_comp1,R_1_E_55_1_2,TCDB,TCDB.1_E_55_1_2_comp1
G_1_E_55_1_1_comp1,P_1_E_55_1_1_comp1,R_1_E_55_1_1,TCDB,TCDB.1_E_55_1_1_comp1
G_1_A_40_2_1_comp1,P_1_A_40_2_1_comp1,R_1_A_40_2_1,TCDB,TCDB.1_A_40_2_1_comp1
G_1_C_38_1_8_comp1,P_1_C_38_1_8_comp1,R_1_C_38_1_8,TCDB,TCDB.1_C_38_1_8_comp1
G_8_A_63_1_3_comp1,P_8_A_63_1_3_comp1,R_8_A_63_1_3,TCDB,TCDB.8_A_63_1_3_comp1
G_2_A_5_1_21_comp1,P_2_A_5_1_21_comp1,R_2_A_5_1_21,TCDB,TCDB.2_A_5_1_21_comp1
G_2_A_5_1_15_comp1,P_2_A_5_1_15_comp1+2_A_5_1_15_comp2,R_2_A_5_1_15,TCDB,TCDB.2_A_5_1_15_comp1
G_2_A_5_1_15_comp2,P_2_A_5_1_15_comp1+2_A_5_1_15_comp2,R_2_A_5_1_15,TCDB,TCDB.2_A_5_1_15_comp2
G_8_A_41_1_8_comp1,P_8_A_41_1_8_comp1,R_8_A_41_1_8,TCDB,TCDB.8_A_41_1_8_comp1
G_1_C_39_3_4_comp1,P_1_C_39_3_4_comp1,R_1_C_39_3_4,TCDB,TCDB.1_C_39_3_4_comp1
G_1_B_13_3_1_comp1,P_1_B_13_3_1_comp1,R_1_B_13_3_1,TCDB,TCDB.1_B_13_3_1_comp1
G_1_B_14_18_2_comp1,P_1_B_14_18_2_comp1,R_1_B_14_18_2,TCDB,TCDB.1_B_14_18_2_comp1
G_9_A_55_1_7_comp1,P_9_A_55_1_7_comp1,R_9_A_55_1_7,TCDB,TCDB.9_A_55_1_7_comp1
G_1_B_3_1_12_comp1,P_1_B_3_1_12_comp1,R_1_B_3_1_12,TCDB,TCDB.1_B_3_1_12_comp1
G_1_B_23_1_21_comp1,P_1_B_23_1_21_comp1,R_1_B_23_1_21,TCDB,TCDB.1_B_23_1_21_comp1
G_1_B_65_1_8_comp1,P_1_B_65_1_8_comp1,R_1_B_65_1_8,TCDB,TCDB.1_B_65_1_8_comp1
G_2_A_29_18_9_comp1,P_2_A_29_18_9_comp1,R_2_A_29_18_9,TCDB,TCDB.2_A_29_18_9_comp1
G_1_C_53_1_1_comp1,P_1_C_53_1_1_comp1,R_1_C_53_1_1,TCDB,TCDB.1_C_53_1_1_comp1
G_1_C_47_5_1_comp1,P_1_C_47_5_1_comp1,R_1_C_47_5_1,TCDB,TCDB.1_C_47_5_1_comp1
G_2_A_6_2_33_comp1,P_2_A_6_2_33_comp1+2_A_6_2_33_comp2+2_A_6_2_33_comp3,R_2_A_6_2_33,TCDB,TCDB.2_A_6_2_33_comp1
G_2_A_6_2_33_comp2,P_2_A_6_2_33_comp1+2_A_6_2_33_comp2+2_A_6_2_33_comp3,R_2_A_6_2_33,TCDB,TCDB.2_A_6_2_33_comp2
G_2_A_6_2_33_comp3,P_2_A_6_2_33_comp1+2_A_6_2_33_comp2+2_A_6_2_33_comp3,R_2_A_6_2_33,TCDB,TCDB.2_A_6_2_33_comp3
G_3_A_3_2_49_comp1,P_3_A_3_2_49_comp1,R_3_A_3_2_49,TCDB,TCDB.3_A_3_2_49_comp1
G_2_A_1_6_14_comp1,P_2_A_1_6_14_comp1,R_2_A_1_6_14,TCDB,TCDB.2_A_1_6_14_comp1
G_1_B_14_6_16_comp1,P_1_B_14_6_16_comp1,R_1_B_14_6_16,TCDB,TCDB.1_B_14_6_16_comp1
G_8_A_46_3_5_comp1,P_8_A_46_3_5_comp1,R_8_A_46_3_5,TCDB,TCDB.8_A_46_3_5_comp1
G_9_B_142_11_8_comp1,P_9_B_142_11_8_comp1,R_9_B_142_11_8,TCDB,TCDB.9_B_142_11_8_comp1
G_2_A_57_1_17_comp1,P_2_A_57_1_17_comp1,R_2_A_57_1_17,TCDB,TCDB.2_A_57_1_17_comp1
G_8_A_37_1_3_comp1,P_8_A_37_1_3_comp1,R_8_A_37_1_3,TCDB,TCDB.8_A_37_1_3_comp1
G_9_B_349_1_6_comp1,P_9_B_349_1_6_comp1,R_9_B_349_1_6,TCDB,TCDB.9_B_349_1_6_comp1
G_2_A_18_6_23_comp1,P_2_A_18_6_23_comp1,R_2_A_18_6_23,TCDB,TCDB.2_A_18_6_23_comp1
G_1_C_125_1_4_comp1,P_1_C_125_1_4_comp1+1_C_125_1_4_comp2,R_1_C_125_1_4,TCDB,TCDB.1_C_125_1_4_comp1
G_1_C_125_1_4_comp2,P_1_C_125_1_4_comp1+1_C_125_1_4_comp2,R_1_C_125_1_4,TCDB,TCDB.1_C_125_1_4_comp2
G_3_A_2_1_9_comp1,P_3_A_2_1_9_comp1+3_A_2_1_9_comp2+3_A_2_1_9_comp3+3_A_2_1_9_comp4+3_A_2_1_9_comp5+3_A_2_1_9_comp6+3_A_2_1_9_comp7+3_A_2_1_9_comp8+3_A_2_1_9_comp9,R_3_A_2_1_9,TCDB,TCDB.3_A_2_1_9_comp1
G_3_A_2_1_9_comp2,P_3_A_2_1_9_comp1+3_A_2_1_9_comp2+3_A_2_1_9_comp3+3_A_2_1_9_comp4+3_A_2_1_9_comp5+3_A_2_1_9_comp6+3_A_2_1_9_comp7+3_A_2_1_9_comp8+3_A_2_1_9_comp9,R_3_A_2_1_9,TCDB,TCDB.3_A_2_1_9_comp2
G_3_A_2_1_9_comp3,P_3_A_2_1_9_comp1+3_A_2_1_9_comp2+3_A_2_1_9_comp3+3_A_2_1_9_comp4+3_A_2_1_9_comp5+3_A_2_1_9_comp6+3_A_2_1_9_comp7+3_A_2_1_9_comp8+3_A_2_1_9_comp9,R_3_A_2_1_9,TCDB,TCDB.3_A_2_1_9_comp3
G_3_A_2_1_9_comp4,P_3_A_2_1_9_comp1+3_A_2_1_9_comp2+3_A_2_1_9_comp3+3_A_2_1_9_comp4+3_A_2_1_9_comp5+3_A_2_1_9_comp6+3_A_2_1_9_comp7+3_A_2_1_9_comp8+3_A_2_1_9_comp9,R_3_A_2_1_9,TCDB,TCDB.3_A_2_1_9_comp4
G_3_A_2_1_9_comp5,P_3_A_2_1_9_comp1+3_A_2_1_9_comp2+3_A_2_1_9_comp3+3_A_2_1_9_comp4+3_A_2_1_9_comp5+3_A_2_1_9_comp6+3_A_2_1_9_comp7+3_A_2_1_9_comp8+3_A_2_1_9_comp9,R_3_A_2_1_9,TCDB,TCDB.3_A_2_1_9_comp5
G_3_A_2_1_9_comp6,P_3_A_2_1_9_comp1+3_A_2_1_9_comp2+3_A_2_1_9_comp3+3_A_2_1_9_comp4+3_A_2_1_9_comp5+3_A_2_1_9_comp6+3_A_2_1_9_comp7+3_A_2_1_9_comp8+3_A_2_1_9_comp9,R_3_A_2_1_9,TCDB,TCDB.3_A_2_1_9_comp6
G_3_A_2_1_9_comp7,P_3_A_2_1_9_comp1+3_A_2_1_9_comp2+3_A_2_1_9_comp3+3_A_2_1_9_comp4+3_A_2_1_9_comp5+3_A_2_1_9_comp6+3_A_2_1_9_comp7+3_A_2_1_9_comp8+3_A_2_1_9_comp9,R_3_A_2_1_9,TCDB,TCDB.3_A_2_1_9_comp7
G_3_A_2_1_9_comp8,P_3_A_2_1_9_comp1+3_A_2_1_9_comp2+3_A_2_1_9_comp3+3_A_2_1_9_comp4+3_A_2_1_9_comp5+3_A_2_1_9_comp6+3_A_2_1_9_comp7+3_A_2_1_9_comp8+3_A_2_1_9_comp9,R_3_A_2_1_9,TCDB,TCDB.3_A_2_1_9_comp8
G_3_A_2_1_9_comp9,P_3_A_2_1_9_comp1+3_A_2_1_9_comp2+3_A_2_1_9_comp3+3_A_2_1_9_comp4+3_A_2_1_9_comp5+3_A_2_1_9_comp6+3_A_2_1_9_comp7+3_A_2_1_9_comp8+3_A_2_1_9_comp9,R_3_A_2_1_9,TCDB,TCDB.3_A_2_1_9_comp9
G_1_A_77_2_17_comp1,P_1_A_77_2_17_comp1,R_1_A_77_2_17,TCDB,TCDB.1_A_77_2_17_comp1
G_3_A_2_1_10_comp1,P_3_A_2_1_10_comp1+3_A_2_1_10_comp2+3_A_2_1_10_comp3+3_A_2_1_10_comp4+3_A_2_1_10_comp5+3_A_2_1_10_comp6+3_A_2_1_10_comp7+3_A_2_1_10_comp8,R_3_A_2_1_10,TCDB,TCDB.3_A_2_1_10_comp1
G_3_A_2_1_10_comp2,P_3_A_2_1_10_comp1+3_A_2_1_10_comp2+3_A_2_1_10_comp3+3_A_2_1_10_comp4+3_A_2_1_10_comp5+3_A_2_1_10_comp6+3_A_2_1_10_comp7+3_A_2_1_10_comp8,R_3_A_2_1_10,TCDB,TCDB.3_A_2_1_10_comp2
G_3_A_2_1_10_comp3,P_3_A_2_1_10_comp1+3_A_2_1_10_comp2+3_A_2_1_10_comp3+3_A_2_1_10_comp4+3_A_2_1_10_comp5+3_A_2_1_10_comp6+3_A_2_1_10_comp7+3_A_2_1_10_comp8,R_3_A_2_1_10,TCDB,TCDB.3_A_2_1_10_comp3
G_3_A_2_1_10_comp4,P_3_A_2_1_10_comp1+3_A_2_1_10_comp2+3_A_2_1_10_comp3+3_A_2_1_10_comp4+3_A_2_1_10_comp5+3_A_2_1_10_comp6+3_A_2_1_10_comp7+3_A_2_1_10_comp8,R_3_A_2_1_10,TCDB,TCDB.3_A_2_1_10_comp4
G_3_A_2_1_10_comp5,P_3_A_2_1_10_comp1+3_A_2_1_10_comp2+3_A_2_1_10_comp3+3_A_2_1_10_comp4+3_A_2_1_10_comp5+3_A_2_1_10_comp6+3_A_2_1_10_comp7+3_A_2_1_10_comp8,R_3_A_2_1_10,TCDB,TCDB.3_A_2_1_10_comp5
G_3_A_2_1_10_comp6,P_3_A_2_1_10_comp1+3_A_2_1_10_comp2+3_A_2_1_10_comp3+3_A_2_1_10_comp4+3_A_2_1_10_comp5+3_A_2_1_10_comp6+3_A_2_1_10_comp7+3_A_2_1_10_comp8,R_3_A_2_1_10,TCDB,TCDB.3_A_2_1_10_comp6
G_3_A_2_1_10_comp7,P_3_A_2_1_10_comp1+3_A_2_1_10_comp2+3_A_2_1_10_comp3+3_A_2_1_10_comp4+3_A_2_1_10_comp5+3_A_2_1_10_comp6+3_A_2_1_10_comp7+3_A_2_1_10_comp8,R_3_A_2_1_10,TCDB,TCDB.3_A_2_1_10_comp7
G_3_A_2_1_10_comp8,P_3_A_2_1_10_comp1+3_A_2_1_10_comp2+3_A_2_1_10_comp3+3_A_2_1_10_comp4+3_A_2_1_10_comp5+3_A_2_1_10_comp6+3_A_2_1_10_comp7+3_A_2_1_10_comp8,R_3_A_2_1_10,TCDB,TCDB.3_A_2_1_10_comp8
G_3_A_1_201_37_comp1,P_3_A_1_201_37_comp1,R_3_A_1_201_37,TCDB,TCDB.3_A_1_201_37_comp1
G_2_A_53_3_14_comp1,P_2_A_53_3_14_comp1,R_2_A_53_3_14,TCDB,TCDB.2_A_53_3_14_comp1
G_1_A_8_8_31_comp1,P_1_A_8_8_31_comp1,R_1_A_8_8_31,TCDB,TCDB.1_A_8_8_31_comp1
G_9_B_409_1_6_comp1,P_9_B_409_1_6_comp1,R_9_B_409_1_6,TCDB,TCDB.9_B_409_1_6_comp1
G_8_B_16_2_3_comp1,P_8_B_16_2_3_comp1,R_8_B_16_2_3,TCDB,TCDB.8_B_16_2_3_comp1
G_9_B_62_1_6_comp1,P_9_B_62_1_6_comp1,R_9_B_62_1_6,TCDB,TCDB.9_B_62_1_6_comp1
G_9_B_28_2_7_comp1,P_9_B_28_2_7_comp1,R_9_B_28_2_7,TCDB,TCDB.9_B_28_2_7_comp1
G_1_W_2_1_18_comp1,P_1_W_2_1_18_comp1,R_1_W_2_1_18,TCDB,TCDB.1_W_2_1_18_comp1
G_9_B_354_1_3_comp1,P_9_B_354_1_3_comp1,R_9_B_354_1_3,TCDB,TCDB.9_B_354_1_3_comp1
G_1_A_8_9_10_comp1,P_1_A_8_9_10_comp1,R_1_A_8_9_10,TCDB,TCDB.1_A_8_9_10_comp1
G_3_A_1_205_25_comp1,P_3_A_1_205_25_comp1,R_3_A_1_205_25,TCDB,TCDB.3_A_1_205_25_comp1
G_1_G_14_1_2_comp1,P_1_G_14_1_2_comp1,R_1_G_14_1_2,TCDB,TCDB.1_G_14_1_2_comp1
G_3_A_3_1_15_comp1,P_3_A_3_1_15_comp1+3_A_3_1_15_comp2,R_3_A_3_1_15,TCDB,TCDB.3_A_3_1_15_comp1
G_3_A_3_1_15_comp2,P_3_A_3_1_15_comp1+3_A_3_1_15_comp2,R_3_A_3_1_15,TCDB,TCDB.3_A_3_1_15_comp2
G_1_C_22_1_10_comp1,P_1_C_22_1_10_comp1,R_1_C_22_1_10,TCDB,TCDB.1_C_22_1_10_comp1
G_2_A_3_1_25_comp1,P_2_A_3_1_25_comp1,R_2_A_3_1_25,TCDB,TCDB.2_A_3_1_25_comp1
G_2_A_1_36_6_comp1,P_2_A_1_36_6_comp1,R_2_A_1_36_6,TCDB,TCDB.2_A_1_36_6_comp1
G_1_C_4_4_5_comp1,P_1_C_4_4_5_comp1,R_1_C_4_4_5,TCDB,TCDB.1_C_4_4_5_comp1
G_1_A_98_1_3_comp1,P_1_A_98_1_3_comp1,R_1_A_98_1_3,TCDB,TCDB.1_A_98_1_3_comp1
G_1_E_2_3_4_comp1,P_1_E_2_3_4_comp1,R_1_E_2_3_4,TCDB,TCDB.1_E_2_3_4_comp1
G_3_E_1_7_9_comp1,P_3_E_1_7_9_comp1,R_3_E_1_7_9,TCDB,TCDB.3_E_1_7_9_comp1
G_1_A_8_1_2_comp1,P_1_A_8_1_2_comp1,R_1_A_8_1_2,TCDB,TCDB.1_A_8_1_2_comp1
G_1_A_8_11_8_comp1,P_1_A_8_11_8_comp1,R_1_A_8_11_8,TCDB,TCDB.1_A_8_11_8_comp1
G_1_B_8_1_17_comp1,P_1_B_8_1_17_comp1,R_1_B_8_1_17,TCDB,TCDB.1_B_8_1_17_comp1
G_1_A_90_2_1_comp1,P_1_A_90_2_1_comp1,R_1_A_90_2_1,TCDB,TCDB.1_A_90_2_1_comp1
G_1_A_1_4_13_comp1,P_1_A_1_4_13_comp1,R_1_A_1_4_13,TCDB,TCDB.1_A_1_4_13_comp1
G_1_W_8_1_8_comp1,P_1_W_8_1_8_comp1,R_1_W_8_1_8,TCDB,TCDB.1_W_8_1_8_comp1
G_1_C_127_2_1_comp1,P_1_C_127_2_1_comp1,R_1_C_127_2_1,TCDB,TCDB.1_C_127_2_1_comp1
G_9_B_350_1_2_comp1,P_9_B_350_1_2_comp1,R_9_B_350_1_2,TCDB,TCDB.9_B_350_1_2_comp1
G_2_A_1_86_8_comp1,P_2_A_1_86_8_comp1,R_2_A_1_86_8,TCDB,TCDB.2_A_1_86_8_comp1
G_1_B_89_1_10_comp1,P_1_B_89_1_10_comp1,R_1_B_89_1_10,TCDB,TCDB.1_B_89_1_10_comp1
G_1_B_94_1_5_comp1,P_1_B_94_1_5_comp1,R_1_B_94_1_5,TCDB,TCDB.1_B_94_1_5_comp1
G_1_M_1_3_29_comp1,P_1_M_1_3_29_comp1,R_1_M_1_3_29,TCDB,TCDB.1_M_1_3_29_comp1
G_3_E_1_7_8_comp1,P_3_E_1_7_8_comp1,R_3_E_1_7_8,TCDB,TCDB.3_E_1_7_8_comp1
G_9_B_97_6_2_comp1,P_9_B_97_6_2_comp1,R_9_B_97_6_2,TCDB,TCDB.9_B_97_6_2_comp1
G_1_E_17_1_3_comp1,P_1_E_17_1_3_comp1,R_1_E_17_1_3,TCDB,TCDB.1_E_17_1_3_comp1
G_9_B_211_1_2_comp1,P_9_B_211_1_2_comp1,R_9_B_211_1_2,TCDB,TCDB.9_B_211_1_2_comp1
G_1_E_9_1_4_comp1,P_1_E_9_1_4_comp1,R_1_E_9_1_4,TCDB,TCDB.1_E_9_1_4_comp1
G_2_A_119_2_1_comp1,P_2_A_119_2_1_comp1,R_2_A_119_2_1,TCDB,TCDB.2_A_119_2_1_comp1
G_2_A_26_1_5_comp1,P_2_A_26_1_5_comp1,R_2_A_26_1_5,TCDB,TCDB.2_A_26_1_5_comp1
G_2_A_85_4_3_comp1,P_2_A_85_4_3_comp1,R_2_A_85_4_3,TCDB,TCDB.2_A_85_4_3_comp1
G_9_B_116_3_1_comp1,P_9_B_116_3_1_comp1,R_9_B_116_3_1,TCDB,TCDB.9_B_116_3_1_comp1
G_4_A_2_1_5_comp1,P_4_A_2_1_5_comp1+4_A_2_1_5_comp2,R_4_A_2_1_5,TCDB,TCDB.4_A_2_1_5_comp1
G_4_A_2_1_5_comp2,P_4_A_2_1_5_comp1+4_A_2_1_5_comp2,R_4_A_2_1_5,TCDB,TCDB.4_A_2_1_5_comp2
G_2_A_29_18_7_comp1,P_2_A_29_18_7_comp1,R_2_A_29_18_7,TCDB,TCDB.2_A_29_18_7_comp1
G_2_A_1_2_124_comp1,P_2_A_1_2_124_comp1,R_2_A_1_2_124,TCDB,TCDB.2_A_1_2_124_comp1
G_3_A_2_1_16_comp1,P_3_A_2_1_16_comp1+3_A_2_1_16_comp2+3_A_2_1_16_comp3+3_A_2_1_16_comp4+3_A_2_1_16_comp5+3_A_2_1_16_comp6+3_A_2_1_16_comp7+3_A_2_1_16_comp8+3_A_2_1_16_comp9+3_A_2_1_16_comp10,R_3_A_2_1_16,TCDB,TCDB.3_A_2_1_16_comp1
G_3_A_2_1_16_comp2,P_3_A_2_1_16_comp1+3_A_2_1_16_comp2+3_A_2_1_16_comp3+3_A_2_1_16_comp4+3_A_2_1_16_comp5+3_A_2_1_16_comp6+3_A_2_1_16_comp7+3_A_2_1_16_comp8+3_A_2_1_16_comp9+3_A_2_1_16_comp10,R_3_A_2_1_16,TCDB,TCDB.3_A_2_1_16_comp2
G_3_A_2_1_16_comp3,P_3_A_2_1_16_comp1+3_A_2_1_16_comp2+3_A_2_1_16_comp3+3_A_2_1_16_comp4+3_A_2_1_16_comp5+3_A_2_1_16_comp6+3_A_2_1_16_comp7+3_A_2_1_16_comp8+3_A_2_1_16_comp9+3_A_2_1_16_comp10,R_3_A_2_1_16,TCDB,TCDB.3_A_2_1_16_comp3
G_3_A_2_1_16_comp4,P_3_A_2_1_16_comp1+3_A_2_1_16_comp2+3_A_2_1_16_comp3+3_A_2_1_16_comp4+3_A_2_1_16_comp5+3_A_2_1_16_comp6+3_A_2_1_16_comp7+3_A_2_1_16_comp8+3_A_2_1_16_comp9+3_A_2_1_16_comp10,R_3_A_2_1_16,TCDB,TCDB.3_A_2_1_16_comp4
G_3_A_2_1_16_comp5,P_3_A_2_1_16_comp1+3_A_2_1_16_comp2+3_A_2_1_16_comp3+3_A_2_1_16_comp4+3_A_2_1_16_comp5+3_A_2_1_16_comp6+3_A_2_1_16_comp7+3_A_2_1_16_comp8+3_A_2_1_16_comp9+3_A_2_1_16_comp10,R_3_A_2_1_16,TCDB,TCDB.3_A_2_1_16_comp5
G_3_A_2_1_16_comp6,P_3_A_2_1_16_comp1+3_A_2_1_16_comp2+3_A_2_1_16_comp3+3_A_2_1_16_comp4+3_A_2_1_16_comp5+3_A_2_1_16_comp6+3_A_2_1_16_comp7+3_A_2_1_16_comp8+3_A_2_1_16_comp9+3_A_2_1_16_comp10,R_3_A_2_1_16,TCDB,TCDB.3_A_2_1_16_comp6
G_3_A_2_1_16_comp7,P_3_A_2_1_16_comp1+3_A_2_1_16_comp2+3_A_2_1_16_comp3+3_A_2_1_16_comp4+3_A_2_1_16_comp5+3_A_2_1_16_comp6+3_A_2_1_16_comp7+3_A_2_1_16_comp8+3_A_2_1_16_comp9+3_A_2_1_16_comp10,R_3_A_2_1_16,TCDB,TCDB.3_A_2_1_16_comp7
G_3_A_2_1_16_comp8,P_3_A_2_1_16_comp1+3_A_2_1_16_comp2+3_A_2_1_16_comp3+3_A_2_1_16_comp4+3_A_2_1_16_comp5+3_A_2_1_16_comp6+3_A_2_1_16_comp7+3_A_2_1_16_comp8+3_A_2_1_16_comp9+3_A_2_1_16_comp10,R_3_A_2_1_16,TCDB,TCDB.3_A_2_1_16_comp8
G_3_A_2_1_16_comp9,P_3_A_2_1_16_comp1+3_A_2_1_16_comp2+3_A_2_1_16_comp3+3_A_2_1_16_comp4+3_A_2_1_16_comp5+3_A_2_1_16_comp6+3_A_2_1_16_comp7+3_A_2_1_16_comp8+3_A_2_1_16_comp9+3_A_2_1_16_comp10,R_3_A_2_1_16,TCDB,TCDB.3_A_2_1_16_comp9
G_3_A_2_1_16_comp10,P_3_A_2_1_16_comp1+3_A_2_1_16_comp2+3_A_2_1_16_comp3+3_A_2_1_16_comp4+3_A_2_1_16_comp5+3_A_2_1_16_comp6+3_A_2_1_16_comp7+3_A_2_1_16_comp8+3_A_2_1_16_comp9+3_A_2_1_16_comp10,R_3_A_2_1_16,TCDB,TCDB.3_A_2_1_16_comp10
G_3_A_2_2_10_comp1,P_3_A_2_2_10_comp1+3_A_2_2_10_comp2+3_A_2_2_10_comp3+3_A_2_2_10_comp4+3_A_2_2_10_comp5+3_A_2_2_10_comp6+3_A_2_2_10_comp7+3_A_2_2_10_comp8+3_A_2_2_10_comp9+3_A_2_2_10_comp10+3_A_2_2_10_comp11+3_A_2_2_10_comp12,R_3_A_2_2_10,TCDB,TCDB.3_A_2_2_10_comp1
G_3_A_2_2_10_comp2,P_3_A_2_2_10_comp1+3_A_2_2_10_comp2+3_A_2_2_10_comp3+3_A_2_2_10_comp4+3_A_2_2_10_comp5+3_A_2_2_10_comp6+3_A_2_2_10_comp7+3_A_2_2_10_comp8+3_A_2_2_10_comp9+3_A_2_2_10_comp10+3_A_2_2_10_comp11+3_A_2_2_10_comp12,R_3_A_2_2_10,TCDB,TCDB.3_A_2_2_10_comp2
G_3_A_2_2_10_comp3,P_3_A_2_2_10_comp1+3_A_2_2_10_comp2+3_A_2_2_10_comp3+3_A_2_2_10_comp4+3_A_2_2_10_comp5+3_A_2_2_10_comp6+3_A_2_2_10_comp7+3_A_2_2_10_comp8+3_A_2_2_10_comp9+3_A_2_2_10_comp10+3_A_2_2_10_comp11+3_A_2_2_10_comp12,R_3_A_2_2_10,TCDB,TCDB.3_A_2_2_10_comp3
G_3_A_2_2_10_comp4,P_3_A_2_2_10_comp1+3_A_2_2_10_comp2+3_A_2_2_10_comp3+3_A_2_2_10_comp4+3_A_2_2_10_comp5+3_A_2_2_10_comp6+3_A_2_2_10_comp7+3_A_2_2_10_comp8+3_A_2_2_10_comp9+3_A_2_2_10_comp10+3_A_2_2_10_comp11+3_A_2_2_10_comp12,R_3_A_2_2_10,TCDB,TCDB.3_A_2_2_10_comp4
G_3_A_2_2_10_comp5,P_3_A_2_2_10_comp1+3_A_2_2_10_comp2+3_A_2_2_10_comp3+3_A_2_2_10_comp4+3_A_2_2_10_comp5+3_A_2_2_10_comp6+3_A_2_2_10_comp7+3_A_2_2_10_comp8+3_A_2_2_10_comp9+3_A_2_2_10_comp10+3_A_2_2_10_comp11+3_A_2_2_10_comp12,R_3_A_2_2_10,TCDB,TCDB.3_A_2_2_10_comp5
G_3_A_2_2_10_comp6,P_3_A_2_2_10_comp1+3_A_2_2_10_comp2+3_A_2_2_10_comp3+3_A_2_2_10_comp4+3_A_2_2_10_comp5+3_A_2_2_10_comp6+3_A_2_2_10_comp7+3_A_2_2_10_comp8+3_A_2_2_10_comp9+3_A_2_2_10_comp10+3_A_2_2_10_comp11+3_A_2_2_10_comp12,R_3_A_2_2_10,TCDB,TCDB.3_A_2_2_10_comp6
G_3_A_2_2_10_comp7,P_3_A_2_2_10_comp1+3_A_2_2_10_comp2+3_A_2_2_10_comp3+3_A_2_2_10_comp4+3_A_2_2_10_comp5+3_A_2_2_10_comp6+3_A_2_2_10_comp7+3_A_2_2_10_comp8+3_A_2_2_10_comp9+3_A_2_2_10_comp10+3_A_2_2_10_comp11+3_A_2_2_10_comp12,R_3_A_2_2_10,TCDB,TCDB.3_A_2_2_10_comp7
G_3_A_2_2_10_comp8,P_3_A_2_2_10_comp1+3_A_2_2_10_comp2+3_A_2_2_10_comp3+3_A_2_2_10_comp4+3_A_2_2_10_comp5+3_A_2_2_10_comp6+3_A_2_2_10_comp7+3_A_2_2_10_comp8+3_A_2_2_10_comp9+3_A_2_2_10_comp10+3_A_2_2_10_comp11+3_A_2_2_10_comp12,R_3_A_2_2_10,TCDB,TCDB.3_A_2_2_10_comp8
G_3_A_2_2_10_comp9,P_3_A_2_2_10_comp1+3_A_2_2_10_comp2+3_A_2_2_10_comp3+3_A_2_2_10_comp4+3_A_2_2_10_comp5+3_A_2_2_10_comp6+3_A_2_2_10_comp7+3_A_2_2_10_comp8+3_A_2_2_10_comp9+3_A_2_2_10_comp10+3_A_2_2_10_comp11+3_A_2_2_10_comp12,R_3_A_2_2_10,TCDB,TCDB.3_A_2_2_10_comp9
G_3_A_2_2_10_comp10,P_3_A_2_2_10_comp1+3_A_2_2_10_comp2+3_A_2_2_10_comp3+3_A_2_2_10_comp4+3_A_2_2_10_comp5+3_A_2_2_10_comp6+3_A_2_2_10_comp7+3_A_2_2_10_comp8+3_A_2_2_10_comp9+3_A_2_2_10_comp10+3_A_2_2_10_comp11+3_A_2_2_10_comp12,R_3_A_2_2_10,TCDB,TCDB.3_A_2_2_10_comp10
G_3_A_2_2_10_comp11,P_3_A_2_2_10_comp1+3_A_2_2_10_comp2+3_A_2_2_10_comp3+3_A_2_2_10_comp4+3_A_2_2_10_comp5+3_A_2_2_10_comp6+3_A_2_2_10_comp7+3_A_2_2_10_comp8+3_A_2_2_10_comp9+3_A_2_2_10_comp10+3_A_2_2_10_comp11+3_A_2_2_10_comp12,R_3_A_2_2_10,TCDB,TCDB.3_A_2_2_10_comp11
G_3_A_2_2_10_comp12,P_3_A_2_2_10_comp1+3_A_2_2_10_comp2+3_A_2_2_10_comp3+3_A_2_2_10_comp4+3_A_2_2_10_comp5+3_A_2_2_10_comp6+3_A_2_2_10_comp7+3_A_2_2_10_comp8+3_A_2_2_10_comp9+3_A_2_2_10_comp10+3_A_2_2_10_comp11+3_A_2_2_10_comp12,R_3_A_2_2_10,TCDB,TCDB.3_A_2_2_10_comp12
G_1_A_8_14_1_comp1,P_1_A_8_14_1_comp1,R_1_A_8_14_1,TCDB,TCDB.1_A_8_14_1_comp1
G_3_A_25_2_1_comp1,P_3_A_25_2_1_comp1+3_A_25_2_1_comp2+3_A_25_2_1_comp3+3_A_25_2_1_comp4+3_A_25_2_1_comp5+3_A_25_2_1_comp6+3_A_25_2_1_comp7+3_A_25_2_1_comp8,R_3_A_25_2_1,TCDB,TCDB.3_A_25_2_1_comp1
G_3_A_25_2_1_comp2,P_3_A_25_2_1_comp1+3_A_25_2_1_comp2+3_A_25_2_1_comp3+3_A_25_2_1_comp4+3_A_25_2_1_comp5+3_A_25_2_1_comp6+3_A_25_2_1_comp7+3_A_25_2_1_comp8,R_3_A_25_2_1,TCDB,TCDB.3_A_25_2_1_comp2
G_3_A_25_2_1_comp3,P_3_A_25_2_1_comp1+3_A_25_2_1_comp2+3_A_25_2_1_comp3+3_A_25_2_1_comp4+3_A_25_2_1_comp5+3_A_25_2_1_comp6+3_A_25_2_1_comp7+3_A_25_2_1_comp8,R_3_A_25_2_1,TCDB,TCDB.3_A_25_2_1_comp3
G_3_A_25_2_1_comp4,P_3_A_25_2_1_comp1+3_A_25_2_1_comp2+3_A_25_2_1_comp3+3_A_25_2_1_comp4+3_A_25_2_1_comp5+3_A_25_2_1_comp6+3_A_25_2_1_comp7+3_A_25_2_1_comp8,R_3_A_25_2_1,TCDB,TCDB.3_A_25_2_1_comp4
G_3_A_25_2_1_comp5,P_3_A_25_2_1_comp1+3_A_25_2_1_comp2+3_A_25_2_1_comp3+3_A_25_2_1_comp4+3_A_25_2_1_comp5+3_A_25_2_1_comp6+3_A_25_2_1_comp7+3_A_25_2_1_comp8,R_3_A_25_2_1,TCDB,TCDB.3_A_25_2_1_comp5
G_3_A_25_2_1_comp6,P_3_A_25_2_1_comp1+3_A_25_2_1_comp2+3_A_25_2_1_comp3+3_A_25_2_1_comp4+3_A_25_2_1_comp5+3_A_25_2_1_comp6+3_A_25_2_1_comp7+3_A_25_2_1_comp8,R_3_A_25_2_1,TCDB,TCDB.3_A_25_2_1_comp6
G_3_A_25_2_1_comp7,P_3_A_25_2_1_comp1+3_A_25_2_1_comp2+3_A_25_2_1_comp3+3_A_25_2_1_comp4+3_A_25_2_1_comp5+3_A_25_2_1_comp6+3_A_25_2_1_comp7+3_A_25_2_1_comp8,R_3_A_25_2_1,TCDB,TCDB.3_A_25_2_1_comp7
G_3_A_25_2_1_comp8,P_3_A_25_2_1_comp1+3_A_25_2_1_comp2+3_A_25_2_1_comp3+3_A_25_2_1_comp4+3_A_25_2_1_comp5+3_A_25_2_1_comp6+3_A_25_2_1_comp7+3_A_25_2_1_comp8,R_3_A_25_2_1,TCDB,TCDB.3_A_25_2_1_comp8
G_8_A_98_1_3_comp1,P_8_A_98_1_3_comp1,R_8_A_98_1_3,TCDB,TCDB.8_A_98_1_3_comp1
G_3_A_5_9_4_comp1,P_3_A_5_9_4_comp1+3_A_5_9_4_comp2+3_A_5_9_4_comp3+3_A_5_9_4_comp4,R_3_A_5_9_4,TCDB,TCDB.3_A_5_9_4_comp1
G_3_A_5_9_4_comp2,P_3_A_5_9_4_comp1+3_A_5_9_4_comp2+3_A_5_9_4_comp3+3_A_5_9_4_comp4,R_3_A_5_9_4,TCDB,TCDB.3_A_5_9_4_comp2
G_3_A_5_9_4_comp3,P_3_A_5_9_4_comp1+3_A_5_9_4_comp2+3_A_5_9_4_comp3+3_A_5_9_4_comp4,R_3_A_5_9_4,TCDB,TCDB.3_A_5_9_4_comp3
G_3_A_5_9_4_comp4,P_3_A_5_9_4_comp1+3_A_5_9_4_comp2+3_A_5_9_4_comp3+3_A_5_9_4_comp4,R_3_A_5_9_4,TCDB,TCDB.3_A_5_9_4_comp4
G_9_B_440_1_1_comp1,P_9_B_440_1_1_comp1,R_9_B_440_1_1,TCDB,TCDB.9_B_440_1_1_comp1
G_1_A_35_5_9_comp1,P_1_A_35_5_9_comp1,R_1_A_35_5_9,TCDB,TCDB.1_A_35_5_9_comp1
G_8_B_23_1_3_comp1,P_8_B_23_1_3_comp1,R_8_B_23_1_3,TCDB,TCDB.8_B_23_1_3_comp1
G_8_B_15_1_2_comp1,P_8_B_15_1_2_comp1,R_8_B_15_1_2,TCDB,TCDB.8_B_15_1_2_comp1
G_8_B_19_1_1_comp1,P_8_B_19_1_1_comp1,R_8_B_19_1_1,TCDB,TCDB.8_B_19_1_1_comp1
G_1_B_163_1_1_comp1,P_1_B_163_1_1_comp1,R_1_B_163_1_1,TCDB,TCDB.1_B_163_1_1_comp1
G_8_A_199_1_2_comp1,P_8_A_199_1_2_comp1,R_8_A_199_1_2,TCDB,TCDB.8_A_199_1_2_comp1
G_8_A_199_1_1_comp1,P_8_A_199_1_1_comp1,R_8_A_199_1_1,TCDB,TCDB.8_A_199_1_1_comp1
G_8_B_23_2_1_comp1,P_8_B_23_2_1_comp1,R_8_B_23_2_1,TCDB,TCDB.8_B_23_2_1_comp1
G_8_B_10_2_3_comp1,P_8_B_10_2_3_comp1,R_8_B_10_2_3,TCDB,TCDB.8_B_10_2_3_comp1
G_1_C_52_1_35_comp1,P_1_C_52_1_35_comp1,R_1_C_52_1_35,TCDB,TCDB.1_C_52_1_35_comp1
G_8_B_33_1_1_comp1,P_8_B_33_1_1_comp1,R_8_B_33_1_1,TCDB,TCDB.8_B_33_1_1_comp1
G_8_B_19_2_7_comp1,P_8_B_19_2_7_comp1,R_8_B_19_2_7,TCDB,TCDB.8_B_19_2_7_comp1
G_1_C_16_1_6_comp1,P_1_C_16_1_6_comp1,R_1_C_16_1_6,TCDB,TCDB.1_C_16_1_6_comp1
G_1_N_9_1_1_comp1,P_1_N_9_1_1_comp1,R_1_N_9_1_1,TCDB,TCDB.1_N_9_1_1_comp1
G_1_A_1_7_10_comp1,P_1_A_1_7_10_comp1,R_1_A_1_7_10,TCDB,TCDB.1_A_1_7_10_comp1
G_3_E_1_6_8_comp1,P_3_E_1_6_8_comp1,R_3_E_1_6_8,TCDB,TCDB.3_E_1_6_8_comp1
G_1_B_46_1_4_comp1,P_1_B_46_1_4_comp1+1_B_46_1_4_comp2,R_1_B_46_1_4,TCDB,TCDB.1_B_46_1_4_comp1
G_1_B_46_1_4_comp2,P_1_B_46_1_4_comp1+1_B_46_1_4_comp2,R_1_B_46_1_4,TCDB,TCDB.1_B_46_1_4_comp2
G_1_B_63_1_1_comp1,P_1_B_63_1_1_comp1,R_1_B_63_1_1,TCDB,TCDB.1_B_63_1_1_comp1
G_1_G_7_2_1_comp1,P_1_G_7_2_1_comp1,R_1_G_7_2_1,TCDB,TCDB.1_G_7_2_1_comp1
G_1_E_10_1_2_comp1,P_1_E_10_1_2_comp1,R_1_E_10_1_2,TCDB,TCDB.1_E_10_1_2_comp1
G_3_A_1_17_5_comp1,P_3_A_1_17_5_comp1+3_A_1_17_5_comp2+3_A_1_17_5_comp3,R_3_A_1_17_5,TCDB,TCDB.3_A_1_17_5_comp1
G_3_A_1_17_5_comp2,P_3_A_1_17_5_comp1+3_A_1_17_5_comp2+3_A_1_17_5_comp3,R_3_A_1_17_5,TCDB,TCDB.3_A_1_17_5_comp2
G_3_A_1_17_5_comp3,P_3_A_1_17_5_comp1+3_A_1_17_5_comp2+3_A_1_17_5_comp3,R_3_A_1_17_5,TCDB,TCDB.3_A_1_17_5_comp3
G_1_B_1_4_2_comp1,P_1_B_1_4_2_comp1,R_1_B_1_4_2,TCDB,TCDB.1_B_1_4_2_comp1
G_9_B_28_1_4_comp1,P_9_B_28_1_4_comp1,R_9_B_28_1_4,TCDB,TCDB.9_B_28_1_4_comp1
G_1_C_97_3_6_comp1,P_1_C_97_3_6_comp1,R_1_C_97_3_6,TCDB,TCDB.1_C_97_3_6_comp1
G_1_A_17_1_9_comp1,P_1_A_17_1_9_comp1,R_1_A_17_1_9,TCDB,TCDB.1_A_17_1_9_comp1
G_1_A_17_5_1_comp1,P_1_A_17_5_1_comp1,R_1_A_17_5_1,TCDB,TCDB.1_A_17_5_1_comp1
G_1_A_106_1_6_comp1,P_1_A_106_1_6_comp1,R_1_A_106_1_6,TCDB,TCDB.1_A_106_1_6_comp1
G_8_A_23_1_22_comp1,P_8_A_23_1_22_comp1,R_8_A_23_1_22,TCDB,TCDB.8_A_23_1_22_comp1
G_9_B_130_1_3_comp1,P_9_B_130_1_3_comp1,R_9_B_130_1_3,TCDB,TCDB.9_B_130_1_3_comp1
G_1_S_2_1_2_comp1,P_1_S_2_1_2_comp1,R_1_S_2_1_2,TCDB,TCDB.1_S_2_1_2_comp1
G_8_A_85_3_1_comp1,P_8_A_85_3_1_comp1,R_8_A_85_3_1,TCDB,TCDB.8_A_85_3_1_comp1
G_2_A_61_2_4_comp1,P_2_A_61_2_4_comp1,R_2_A_61_2_4,TCDB,TCDB.2_A_61_2_4_comp1
G_5_B_9_1_7_comp1,P_5_B_9_1_7_comp1,R_5_B_9_1_7,TCDB,TCDB.5_B_9_1_7_comp1
G_1_B_75_1_5_comp1,P_1_B_75_1_5_comp1,R_1_B_75_1_5,TCDB,TCDB.1_B_75_1_5_comp1
G_1_B_48_2_4_comp1,P_1_B_48_2_4_comp1,R_1_B_48_2_4,TCDB,TCDB.1_B_48_2_4_comp1
G_1_B_42_1_11_comp1,P_1_B_42_1_11_comp1,R_1_B_42_1_11,TCDB,TCDB.1_B_42_1_11_comp1
G_2_A_115_2_8_comp1,P_2_A_115_2_8_comp1,R_2_A_115_2_8,TCDB,TCDB.2_A_115_2_8_comp1
G_1_C_40_1_7_comp1,P_1_C_40_1_7_comp1,R_1_C_40_1_7,TCDB,TCDB.1_C_40_1_7_comp1
G_3_A_12_1_5_comp1,P_3_A_12_1_5_comp1,R_3_A_12_1_5,TCDB,TCDB.3_A_12_1_5_comp1
G_9_B_10_1_1_comp1,P_9_B_10_1_1_comp1+9_B_10_1_1_comp2+9_B_10_1_1_comp3,R_9_B_10_1_1,TCDB,TCDB.9_B_10_1_1_comp1
G_9_B_10_1_1_comp2,P_9_B_10_1_1_comp1+9_B_10_1_1_comp2+9_B_10_1_1_comp3,R_9_B_10_1_1,TCDB,TCDB.9_B_10_1_1_comp2
G_9_B_10_1_1_comp3,P_9_B_10_1_1_comp1+9_B_10_1_1_comp2+9_B_10_1_1_comp3,R_9_B_10_1_1,TCDB,TCDB.9_B_10_1_1_comp3
G_1_B_41_1_4_comp1,P_1_B_41_1_4_comp1,R_1_B_41_1_4,TCDB,TCDB.1_B_41_1_4_comp1
G_9_B_226_1_9_comp1,P_9_B_226_1_9_comp1,R_9_B_226_1_9,TCDB,TCDB.9_B_226_1_9_comp1
G_1_B_41_1_6_comp1,P_1_B_41_1_6_comp1,R_1_B_41_1_6,TCDB,TCDB.1_B_41_1_6_comp1
G_1_A_72_3_2_comp1,P_1_A_72_3_2_comp1,R_1_A_72_3_2,TCDB,TCDB.1_A_72_3_2_comp1
G_1_E_19_1_3_comp1,P_1_E_19_1_3_comp1,R_1_E_19_1_3,TCDB,TCDB.1_E_19_1_3_comp1
G_9_B_363_2_1_comp1,P_9_B_363_2_1_comp1,R_9_B_363_2_1,TCDB,TCDB.9_B_363_2_1_comp1
G_1_B_58_1_5_comp1,P_1_B_58_1_5_comp1,R_1_B_58_1_5,TCDB,TCDB.1_B_58_1_5_comp1
G_1_E_9_1_10_comp1,P_1_E_9_1_10_comp1,R_1_E_9_1_10,TCDB,TCDB.1_E_9_1_10_comp1
G_3_A_1_147_1_comp1,P_3_A_1_147_1_comp1+3_A_1_147_1_comp2,R_3_A_1_147_1,TCDB,TCDB.3_A_1_147_1_comp1
G_3_A_1_147_1_comp2,P_3_A_1_147_1_comp1+3_A_1_147_1_comp2,R_3_A_1_147_1,TCDB,TCDB.3_A_1_147_1_comp2
G_4_A_6_1_23_comp1,P_4_A_6_1_23_comp1+4_A_6_1_23_comp2+4_A_6_1_23_comp3+4_A_6_1_23_comp4,R_4_A_6_1_23,TCDB,TCDB.4_A_6_1_23_comp1
G_4_A_6_1_23_comp2,P_4_A_6_1_23_comp1+4_A_6_1_23_comp2+4_A_6_1_23_comp3+4_A_6_1_23_comp4,R_4_A_6_1_23,TCDB,TCDB.4_A_6_1_23_comp2
G_4_A_6_1_23_comp3,P_4_A_6_1_23_comp1+4_A_6_1_23_comp2+4_A_6_1_23_comp3+4_A_6_1_23_comp4,R_4_A_6_1_23,TCDB,TCDB.4_A_6_1_23_comp3
G_4_A_6_1_23_comp4,P_4_A_6_1_23_comp1+4_A_6_1_23_comp2+4_A_6_1_23_comp3+4_A_6_1_23_comp4,R_4_A_6_1_23,TCDB,TCDB.4_A_6_1_23_comp4
G_1_A_72_2_2_comp1,P_1_A_72_2_2_comp1,R_1_A_72_2_2,TCDB,TCDB.1_A_72_2_2_comp1
G_1_B_16_1_9_comp1,P_1_B_16_1_9_comp1,R_1_B_16_1_9,TCDB,TCDB.1_B_16_1_9_comp1
G_9_B_145_1_4_comp1,P_9_B_145_1_4_comp1,R_9_B_145_1_4,TCDB,TCDB.9_B_145_1_4_comp1
G_1_B_24_1_2_comp1,P_1_B_24_1_2_comp1,R_1_B_24_1_2,TCDB,TCDB.1_B_24_1_2_comp1
G_9_B_51_1_7_comp1,P_9_B_51_1_7_comp1,R_9_B_51_1_7,TCDB,TCDB.9_B_51_1_7_comp1
G_8_A_53_1_2_comp1,P_8_A_53_1_2_comp1,R_8_A_53_1_2,TCDB,TCDB.8_A_53_1_2_comp1
G_9_A_38_1_2_comp1,P_9_A_38_1_2_comp1,R_9_A_38_1_2,TCDB,TCDB.9_A_38_1_2_comp1
G_3_A_1_140_6_comp1,P_3_A_1_140_6_comp1+3_A_1_140_6_comp2,R_3_A_1_140_6,TCDB,TCDB.3_A_1_140_6_comp1
G_3_A_1_140_6_comp2,P_3_A_1_140_6_comp1+3_A_1_140_6_comp2,R_3_A_1_140_6,TCDB,TCDB.3_A_1_140_6_comp2
G_9_B_218_1_1_comp1,P_9_B_218_1_1_comp1,R_9_B_218_1_1,TCDB,TCDB.9_B_218_1_1_comp1
G_1_E_14_1_11_comp1,P_1_E_14_1_11_comp1,R_1_E_14_1_11,TCDB,TCDB.1_E_14_1_11_comp1
G_1_C_12_1_11_comp1,P_1_C_12_1_11_comp1,R_1_C_12_1_11,TCDB,TCDB.1_C_12_1_11_comp1
G_3_A_1_19_5_comp1,P_3_A_1_19_5_comp1+3_A_1_19_5_comp2+3_A_1_19_5_comp3,R_3_A_1_19_5,TCDB,TCDB.3_A_1_19_5_comp1
G_3_A_1_19_5_comp2,P_3_A_1_19_5_comp1+3_A_1_19_5_comp2+3_A_1_19_5_comp3,R_3_A_1_19_5,TCDB,TCDB.3_A_1_19_5_comp2
G_3_A_1_19_5_comp3,P_3_A_1_19_5_comp1+3_A_1_19_5_comp2+3_A_1_19_5_comp3,R_3_A_1_19_5,TCDB,TCDB.3_A_1_19_5_comp3
G_9_B_67_2_4_comp1,P_9_B_67_2_4_comp1,R_9_B_67_2_4,TCDB,TCDB.9_B_67_2_4_comp1
G_9_B_8_5_1_comp1,P_9_B_8_5_1_comp1,R_9_B_8_5_1,TCDB,TCDB.9_B_8_5_1_comp1
G_2_A_52_2_4_comp1,P_2_A_52_2_4_comp1,R_2_A_52_2_4,TCDB,TCDB.2_A_52_2_4_comp1
G_2_A_7_34_1_comp1,P_2_A_7_34_1_comp1,R_2_A_7_34_1,TCDB,TCDB.2_A_7_34_1_comp1
G_1_E_25_1_5_comp1,P_1_E_25_1_5_comp1,R_1_E_25_1_5,TCDB,TCDB.1_E_25_1_5_comp1
G_1_E_6_3_5_comp1,P_1_E_6_3_5_comp1,R_1_E_6_3_5,TCDB,TCDB.1_E_6_3_5_comp1
G_1_E_56_1_8_comp1,P_1_E_56_1_8_comp1,R_1_E_56_1_8,TCDB,TCDB.1_E_56_1_8_comp1
G_3_A_3_4_4_comp1,P_3_A_3_4_4_comp1,R_3_A_3_4_4,TCDB,TCDB.3_A_3_4_4_comp1
G_3_A_1_110_10_comp1,P_3_A_1_110_10_comp1,R_3_A_1_110_10,TCDB,TCDB.3_A_1_110_10_comp1
G_8_A_1_3_3_comp1,P_8_A_1_3_3_comp1,R_8_A_1_3_3,TCDB,TCDB.8_A_1_3_3_comp1
G_1_B_17_1_3_comp1,P_1_B_17_1_3_comp1,R_1_B_17_1_3,TCDB,TCDB.1_B_17_1_3_comp1
G_9_B_153_3_7_comp1,P_9_B_153_3_7_comp1,R_9_B_153_3_7,TCDB,TCDB.9_B_153_3_7_comp1
G_1_B_67_1_7_comp1,P_1_B_67_1_7_comp1,R_1_B_67_1_7,TCDB,TCDB.1_B_67_1_7_comp1
G_1_B_25_1_18_comp1,P_1_B_25_1_18_comp1,R_1_B_25_1_18,TCDB,TCDB.1_B_25_1_18_comp1
G_9_A_55_1_5_comp1,P_9_A_55_1_5_comp1,R_9_A_55_1_5,TCDB,TCDB.9_A_55_1_5_comp1
G_1_B_25_1_33_comp1,P_1_B_25_1_33_comp1,R_1_B_25_1_33,TCDB,TCDB.1_B_25_1_33_comp1
G_9_B_14_5_1_comp1,P_9_B_14_5_1_comp1,R_9_B_14_5_1,TCDB,TCDB.9_B_14_5_1_comp1
G_1_B_63_1_3_comp1,P_1_B_63_1_3_comp1,R_1_B_63_1_3,TCDB,TCDB.1_B_63_1_3_comp1
G_2_C_1_1_8_comp1,P_2_C_1_1_8_comp1,R_2_C_1_1_8,TCDB,TCDB.2_C_1_1_8_comp1
G_3_A_1_106_17_comp1,P_3_A_1_106_17_comp1,R_3_A_1_106_17,TCDB,TCDB.3_A_1_106_17_comp1
G_3_A_1_152_2_comp1,P_3_A_1_152_2_comp1,R_3_A_1_152_2,TCDB,TCDB.3_A_1_152_2_comp1
G_2_C_1_1_6_comp1,P_2_C_1_1_6_comp1,R_2_C_1_1_6,TCDB,TCDB.2_C_1_1_6_comp1
G_1_B_19_1_8_comp1,P_1_B_19_1_8_comp1,R_1_B_19_1_8,TCDB,TCDB.1_B_19_1_8_comp1
G_8_A_15_1_3_comp1,P_8_A_15_1_3_comp1,R_8_A_15_1_3,TCDB,TCDB.8_A_15_1_3_comp1
G_8_B_13_1_2_comp1,P_8_B_13_1_2_comp1,R_8_B_13_1_2,TCDB,TCDB.8_B_13_1_2_comp1
G_9_B_130_1_5_comp1,P_9_B_130_1_5_comp1,R_9_B_130_1_5,TCDB,TCDB.9_B_130_1_5_comp1
G_8_A_73_1_2_comp1,P_8_A_73_1_2_comp1,R_8_A_73_1_2,TCDB,TCDB.8_A_73_1_2_comp1
G_9_A_49_1_9_comp1,P_9_A_49_1_9_comp1,R_9_A_49_1_9,TCDB,TCDB.9_A_49_1_9_comp1
G_2_A_126_2_1_comp1,P_2_A_126_2_1_comp1,R_2_A_126_2_1,TCDB,TCDB.2_A_126_2_1_comp1
G_4_A_1_1_1_comp1,P_4_A_1_1_1_comp1+4_A_1_1_1_comp2+4_A_1_1_1_comp3,R_4_A_1_1_1,TCDB,TCDB.4_A_1_1_1_comp1
G_4_A_1_1_1_comp2,P_4_A_1_1_1_comp1+4_A_1_1_1_comp2+4_A_1_1_1_comp3,R_4_A_1_1_1,TCDB,TCDB.4_A_1_1_1_comp2
G_4_A_1_1_1_comp3,P_4_A_1_1_1_comp1+4_A_1_1_1_comp2+4_A_1_1_1_comp3,R_4_A_1_1_1,TCDB,TCDB.4_A_1_1_1_comp3
G_1_C_135_1_1_comp1,P_1_C_135_1_1_comp1,R_1_C_135_1_1,TCDB,TCDB.1_C_135_1_1_comp1
G_1_M_3_1_1_comp1,P_1_M_3_1_1_comp1,R_1_M_3_1_1,TCDB,TCDB.1_M_3_1_1_comp1
G_2_A_7_3_56_comp1,P_2_A_7_3_56_comp1,R_2_A_7_3_56,TCDB,TCDB.2_A_7_3_56_comp1
G_9_B_97_1_4_comp1,P_9_B_97_1_4_comp1,R_9_B_97_1_4,TCDB,TCDB.9_B_97_1_4_comp1
G_9_A_10_1_2_comp1,P_9_A_10_1_2_comp1,R_9_A_10_1_2,TCDB,TCDB.9_A_10_1_2_comp1
G_1_E_31_2_2_comp1,P_1_E_31_2_2_comp1,R_1_E_31_2_2,TCDB,TCDB.1_E_31_2_2_comp1
G_1_C_69_1_3_comp1,P_1_C_69_1_3_comp1,R_1_C_69_1_3,TCDB,TCDB.1_C_69_1_3_comp1
G_1_E_31_2_3_comp1,P_1_E_31_2_3_comp1,R_1_E_31_2_3,TCDB,TCDB.1_E_31_2_3_comp1
G_1_C_94_2_1_comp1,P_1_C_94_2_1_comp1,R_1_C_94_2_1,TCDB,TCDB.1_C_94_2_1_comp1
G_1_C_94_2_2_comp1,P_1_C_94_2_2_comp1,R_1_C_94_2_2,TCDB,TCDB.1_C_94_2_2_comp1
G_2_A_1_46_5_comp1,P_2_A_1_46_5_comp1,R_2_A_1_46_5,TCDB,TCDB.2_A_1_46_5_comp1
G_1_A_46_2_4_comp1,P_1_A_46_2_4_comp1,R_1_A_46_2_4,TCDB,TCDB.1_A_46_2_4_comp1
G_1_E_31_2_1_comp1,P_1_E_31_2_1_comp1,R_1_E_31_2_1,TCDB,TCDB.1_E_31_2_1_comp1
G_1_C_94_1_2_comp1,P_1_C_94_1_2_comp1,R_1_C_94_1_2,TCDB,TCDB.1_C_94_1_2_comp1
G_1_E_27_1_7_comp1,P_1_E_27_1_7_comp1,R_1_E_27_1_7,TCDB,TCDB.1_E_27_1_7_comp1
G_8_A_58_2_9_comp1,P_8_A_58_2_9_comp1,R_8_A_58_2_9,TCDB,TCDB.8_A_58_2_9_comp1
G_1_B_9_4_3_comp1,P_1_B_9_4_3_comp1,R_1_B_9_4_3,TCDB,TCDB.1_B_9_4_3_comp1
G_2_A_7_3_10_comp1,P_2_A_7_3_10_comp1,R_2_A_7_3_10,TCDB,TCDB.2_A_7_3_10_comp1
G_9_B_142_10_2_comp1,P_9_B_142_10_2_comp1,R_9_B_142_10_2,TCDB,TCDB.9_B_142_10_2_comp1
G_1_B_62_1_3_comp1,P_1_B_62_1_3_comp1,R_1_B_62_1_3,TCDB,TCDB.1_B_62_1_3_comp1
G_1_A_1_28_2_comp1,P_1_A_1_28_2_comp1,R_1_A_1_28_2,TCDB,TCDB.1_A_1_28_2_comp1
G_3_A_1_7_3_comp1,P_3_A_1_7_3_comp1+3_A_1_7_3_comp2+3_A_1_7_3_comp3,R_3_A_1_7_3,TCDB,TCDB.3_A_1_7_3_comp1
G_3_A_1_7_3_comp2,P_3_A_1_7_3_comp1+3_A_1_7_3_comp2+3_A_1_7_3_comp3,R_3_A_1_7_3,TCDB,TCDB.3_A_1_7_3_comp2
G_3_A_1_7_3_comp3,P_3_A_1_7_3_comp1+3_A_1_7_3_comp2+3_A_1_7_3_comp3,R_3_A_1_7_3,TCDB,TCDB.3_A_1_7_3_comp3
G_9_B_230_1_3_comp1,P_9_B_230_1_3_comp1,R_9_B_230_1_3,TCDB,TCDB.9_B_230_1_3_comp1
G_9_A_8_1_18_comp1,P_9_A_8_1_18_comp1+9_A_8_1_18_comp2+9_A_8_1_18_comp3,R_9_A_8_1_18,TCDB,TCDB.9_A_8_1_18_comp1
G_9_A_8_1_18_comp2,P_9_A_8_1_18_comp1+9_A_8_1_18_comp2+9_A_8_1_18_comp3,R_9_A_8_1_18,TCDB,TCDB.9_A_8_1_18_comp2
G_9_A_8_1_18_comp3,P_9_A_8_1_18_comp1+9_A_8_1_18_comp2+9_A_8_1_18_comp3,R_9_A_8_1_18,TCDB,TCDB.9_A_8_1_18_comp3
G_2_A_124_1_7_comp1,P_2_A_124_1_7_comp1,R_2_A_124_1_7,TCDB,TCDB.2_A_124_1_7_comp1
G_2_A_3_8_30_comp1,P_2_A_3_8_30_comp1,R_2_A_3_8_30,TCDB,TCDB.2_A_3_8_30_comp1
G_2_A_108_3_1_comp1,P_2_A_108_3_1_comp1,R_2_A_108_3_1,TCDB,TCDB.2_A_108_3_1_comp1
G_1_B_41_1_3_comp1,P_1_B_41_1_3_comp1,R_1_B_41_1_3,TCDB,TCDB.1_B_41_1_3_comp1
G_1_E_57_3_2_comp1,P_1_E_57_3_2_comp1,R_1_E_57_3_2,TCDB,TCDB.1_E_57_3_2_comp1
G_1_B_59_1_4_comp1,P_1_B_59_1_4_comp1,R_1_B_59_1_4,TCDB,TCDB.1_B_59_1_4_comp1
G_1_A_1_10_16_comp1,P_1_A_1_10_16_comp1,R_1_A_1_10_16,TCDB,TCDB.1_A_1_10_16_comp1
G_2_A_66_1_47_comp1,P_2_A_66_1_47_comp1,R_2_A_66_1_47,TCDB,TCDB.2_A_66_1_47_comp1
G_8_B_17_1_7_comp1,P_8_B_17_1_7_comp1,R_8_B_17_1_7,TCDB,TCDB.8_B_17_1_7_comp1
G_2_A_32_1_3_comp1,P_2_A_32_1_3_comp1,R_2_A_32_1_3,TCDB,TCDB.2_A_32_1_3_comp1
G_1_C_111_1_6_comp1,P_1_C_111_1_6_comp1,R_1_C_111_1_6,TCDB,TCDB.1_C_111_1_6_comp1
G_8_A_40_1_12_comp1,P_8_A_40_1_12_comp1,R_8_A_40_1_12,TCDB,TCDB.8_A_40_1_12_comp1
G_1_B_21_1_2_comp1,P_1_B_21_1_2_comp1,R_1_B_21_1_2,TCDB,TCDB.1_B_21_1_2_comp1
G_1_E_14_1_3_comp1,P_1_E_14_1_3_comp1,R_1_E_14_1_3,TCDB,TCDB.1_E_14_1_3_comp1
G_2_A_123_2_3_comp1,P_2_A_123_2_3_comp1,R_2_A_123_2_3,TCDB,TCDB.2_A_123_2_3_comp1
G_2_A_1_62_2_comp1,P_2_A_1_62_2_comp1,R_2_A_1_62_2,TCDB,TCDB.2_A_1_62_2_comp1
G_1_E_34_2_3_comp1,P_1_E_34_2_3_comp1,R_1_E_34_2_3,TCDB,TCDB.1_E_34_2_3_comp1
G_2_A_74_2_4_comp1,P_2_A_74_2_4_comp1,R_2_A_74_2_4,TCDB,TCDB.2_A_74_2_4_comp1
G_8_A_30_1_3_comp1,P_8_A_30_1_3_comp1,R_8_A_30_1_3,TCDB,TCDB.8_A_30_1_3_comp1
G_2_A_74_2_7_comp1,P_2_A_74_2_7_comp1,R_2_A_74_2_7,TCDB,TCDB.2_A_74_2_7_comp1
G_2_A_74_2_6_comp1,P_2_A_74_2_6_comp1,R_2_A_74_2_6,TCDB,TCDB.2_A_74_2_6_comp1
G_2_A_74_2_5_comp1,P_2_A_74_2_5_comp1,R_2_A_74_2_5,TCDB,TCDB.2_A_74_2_5_comp1
G_2_A_74_2_8_comp1,P_2_A_74_2_8_comp1,R_2_A_74_2_8,TCDB,TCDB.2_A_74_2_8_comp1
G_8_A_43_1_7_comp1,P_8_A_43_1_7_comp1,R_8_A_43_1_7,TCDB,TCDB.8_A_43_1_7_comp1
G_2_A_110_1_4_comp1,P_2_A_110_1_4_comp1,R_2_A_110_1_4,TCDB,TCDB.2_A_110_1_4_comp1
G_1_N_4_1_3_comp1,P_1_N_4_1_3_comp1,R_1_N_4_1_3,TCDB,TCDB.1_N_4_1_3_comp1
G_8_A_16_5_2_comp1,P_8_A_16_5_2_comp1,R_8_A_16_5_2,TCDB,TCDB.8_A_16_5_2_comp1
G_1_C_39_5_1_comp1,P_1_C_39_5_1_comp1,R_1_C_39_5_1,TCDB,TCDB.1_C_39_5_1_comp1
G_1_A_25_3_3_comp1,P_1_A_25_3_3_comp1,R_1_A_25_3_3,TCDB,TCDB.1_A_25_3_3_comp1
G_8_A_64_1_4_comp1,P_8_A_64_1_4_comp1,R_8_A_64_1_4,TCDB,TCDB.8_A_64_1_4_comp1
G_1_C_39_5_3_comp1,P_1_C_39_5_3_comp1,R_1_C_39_5_3,TCDB,TCDB.1_C_39_5_3_comp1
G_1_C_47_1_11_comp1,P_1_C_47_1_11_comp1,R_1_C_47_1_11,TCDB,TCDB.1_C_47_1_11_comp1
G_9_B_92_1_4_comp1,P_9_B_92_1_4_comp1,R_9_B_92_1_4,TCDB,TCDB.9_B_92_1_4_comp1
G_1_A_37_8_4_comp1,P_1_A_37_8_4_comp1,R_1_A_37_8_4,TCDB,TCDB.1_A_37_8_4_comp1
G_1_C_39_5_4_comp1,P_1_C_39_5_4_comp1,R_1_C_39_5_4,TCDB,TCDB.1_C_39_5_4_comp1
G_2_A_19_4_12_comp1,P_2_A_19_4_12_comp1,R_2_A_19_4_12,TCDB,TCDB.2_A_19_4_12_comp1
G_8_A_58_2_4_comp1,P_8_A_58_2_4_comp1,R_8_A_58_2_4,TCDB,TCDB.8_A_58_2_4_comp1
G_2_A_112_1_9_comp1,P_2_A_112_1_9_comp1,R_2_A_112_1_9,TCDB,TCDB.2_A_112_1_9_comp1
G_2_A_1_1_116_comp1,P_2_A_1_1_116_comp1,R_2_A_1_1_116,TCDB,TCDB.2_A_1_1_116_comp1
G_1_E_52_2_1_comp1,P_1_E_52_2_1_comp1,R_1_E_52_2_1,TCDB,TCDB.1_E_52_2_1_comp1
G_2_A_16_6_2_comp1,P_2_A_16_6_2_comp1,R_2_A_16_6_2,TCDB,TCDB.2_A_16_6_2_comp1
G_9_B_153_3_18_comp1,P_9_B_153_3_18_comp1,R_9_B_153_3_18,TCDB,TCDB.9_B_153_3_18_comp1
G_2_A_49_2_14_comp1,P_2_A_49_2_14_comp1,R_2_A_49_2_14,TCDB,TCDB.2_A_49_2_14_comp1
G_8_A_96_3_2_comp1,P_8_A_96_3_2_comp1,R_8_A_96_3_2,TCDB,TCDB.8_A_96_3_2_comp1
G_3_A_3_1_6_comp1,P_3_A_3_1_6_comp1+3_A_3_1_6_comp2+3_A_3_1_6_comp3,R_3_A_3_1_6,TCDB,TCDB.3_A_3_1_6_comp1
G_3_A_3_1_6_comp2,P_3_A_3_1_6_comp1+3_A_3_1_6_comp2+3_A_3_1_6_comp3,R_3_A_3_1_6,TCDB,TCDB.3_A_3_1_6_comp2
G_3_A_3_1_6_comp3,P_3_A_3_1_6_comp1+3_A_3_1_6_comp2+3_A_3_1_6_comp3,R_3_A_3_1_6,TCDB,TCDB.3_A_3_1_6_comp3
G_1_A_1_11_18_comp1,P_1_A_1_11_18_comp1,R_1_A_1_11_18,TCDB,TCDB.1_A_1_11_18_comp1
G_2_A_82_1_11_comp1,P_2_A_82_1_11_comp1,R_2_A_82_1_11,TCDB,TCDB.2_A_82_1_11_comp1
G_2_A_105_1_12_comp1,P_2_A_105_1_12_comp1,R_2_A_105_1_12,TCDB,TCDB.2_A_105_1_12_comp1
G_1_E_2_1_9_comp1,P_1_E_2_1_9_comp1,R_1_E_2_1_9,TCDB,TCDB.1_E_2_1_9_comp1
G_1_E_1_1_6_comp1,P_1_E_1_1_6_comp1,R_1_E_1_1_6,TCDB,TCDB.1_E_1_1_6_comp1
G_1_A_23_4_6_comp1,P_1_A_23_4_6_comp1,R_1_A_23_4_6,TCDB,TCDB.1_A_23_4_6_comp1
G_2_A_129_1_4_comp1,P_2_A_129_1_4_comp1,R_2_A_129_1_4,TCDB,TCDB.2_A_129_1_4_comp1
G_2_A_2_4_15_comp1,P_2_A_2_4_15_comp1,R_2_A_2_4_15,TCDB,TCDB.2_A_2_4_15_comp1
G_2_A_82_1_7_comp1,P_2_A_82_1_7_comp1,R_2_A_82_1_7,TCDB,TCDB.2_A_82_1_7_comp1
G_2_A_43_2_14_comp1,P_2_A_43_2_14_comp1,R_2_A_43_2_14,TCDB,TCDB.2_A_43_2_14_comp1
G_2_A_18_10_2_comp1,P_2_A_18_10_2_comp1,R_2_A_18_10_2,TCDB,TCDB.2_A_18_10_2_comp1
G_1_A_23_4_13_comp1,P_1_A_23_4_13_comp1,R_1_A_23_4_13,TCDB,TCDB.1_A_23_4_13_comp1
G_2_A_43_2_4_comp1,P_2_A_43_2_4_comp1,R_2_A_43_2_4,TCDB,TCDB.2_A_43_2_4_comp1
G_3_A_1_207_4_comp1,P_3_A_1_207_4_comp1,R_3_A_1_207_4,TCDB,TCDB.3_A_1_207_4_comp1
G_2_A_18_6_24_comp1,P_2_A_18_6_24_comp1,R_2_A_18_6_24,TCDB,TCDB.2_A_18_6_24_comp1
G_2_A_1_75_7_comp1,P_2_A_1_75_7_comp1,R_2_A_1_75_7,TCDB,TCDB.2_A_1_75_7_comp1
G_9_B_233_1_1_comp1,P_9_B_233_1_1_comp1,R_9_B_233_1_1,TCDB,TCDB.9_B_233_1_1_comp1
G_1_A_38_1_2_comp1,P_1_A_38_1_2_comp1,R_1_A_38_1_2,TCDB,TCDB.1_A_38_1_2_comp1
G_2_A_90_3_4_comp1,P_2_A_90_3_4_comp1,R_2_A_90_3_4,TCDB,TCDB.2_A_90_3_4_comp1
G_9_B_1_2_6_comp1,P_9_B_1_2_6_comp1,R_9_B_1_2_6,TCDB,TCDB.9_B_1_2_6_comp1
G_2_A_43_4_3_comp1,P_2_A_43_4_3_comp1,R_2_A_43_4_3,TCDB,TCDB.2_A_43_4_3_comp1
G_1_A_16_2_8_comp1,P_1_A_16_2_8_comp1,R_1_A_16_2_8,TCDB,TCDB.1_A_16_2_8_comp1
G_1_A_75_1_21_comp1,P_1_A_75_1_21_comp1,R_1_A_75_1_21,TCDB,TCDB.1_A_75_1_21_comp1
G_2_A_1_58_8_comp1,P_2_A_1_58_8_comp1,R_2_A_1_58_8,TCDB,TCDB.2_A_1_58_8_comp1
G_1_A_1_3_9_comp1,P_1_A_1_3_9_comp1,R_1_A_1_3_9,TCDB,TCDB.1_A_1_3_9_comp1
G_1_A_106_1_10_comp1,P_1_A_106_1_10_comp1,R_1_A_106_1_10,TCDB,TCDB.1_A_106_1_10_comp1
G_2_A_1_24_7_comp1,P_2_A_1_24_7_comp1,R_2_A_1_24_7,TCDB,TCDB.2_A_1_24_7_comp1
G_1_A_8_12_11_comp1,P_1_A_8_12_11_comp1,R_1_A_8_12_11,TCDB,TCDB.1_A_8_12_11_comp1
G_1_B_8_2_12_comp1,P_1_B_8_2_12_comp1+1_B_8_2_12_comp2,R_1_B_8_2_12,TCDB,TCDB.1_B_8_2_12_comp1
G_1_B_8_2_12_comp2,P_1_B_8_2_12_comp1+1_B_8_2_12_comp2,R_1_B_8_2_12,TCDB,TCDB.1_B_8_2_12_comp2
G_9_B_314_1_1_comp1,P_9_B_314_1_1_comp1,R_9_B_314_1_1,TCDB,TCDB.9_B_314_1_1_comp1
G_2_A_90_3_5_comp1,P_2_A_90_3_5_comp1,R_2_A_90_3_5,TCDB,TCDB.2_A_90_3_5_comp1
G_2_A_43_4_2_comp1,P_2_A_43_4_2_comp1,R_2_A_43_4_2,TCDB,TCDB.2_A_43_4_2_comp1
G_2_A_6_5_14_comp1,P_2_A_6_5_14_comp1,R_2_A_6_5_14,TCDB,TCDB.2_A_6_5_14_comp1
G_1_A_14_1_6_comp1,P_1_A_14_1_6_comp1,R_1_A_14_1_6,TCDB,TCDB.1_A_14_1_6_comp1
G_9_B_210_1_4_comp1,P_9_B_210_1_4_comp1,R_9_B_210_1_4,TCDB,TCDB.9_B_210_1_4_comp1
G_2_A_86_1_13_comp1,P_2_A_86_1_13_comp1,R_2_A_86_1_13,TCDB,TCDB.2_A_86_1_13_comp1
G_9_A_14_22_3_comp1,P_9_A_14_22_3_comp1,R_9_A_14_22_3,TCDB,TCDB.9_A_14_22_3_comp1
G_9_B_3_1_1_comp1,P_9_B_3_1_1_comp1,R_9_B_3_1_1,TCDB,TCDB.9_B_3_1_1_comp1
G_2_A_1_11_10_comp1,P_2_A_1_11_10_comp1,R_2_A_1_11_10,TCDB,TCDB.2_A_1_11_10_comp1
G_1_A_8_12_12_comp1,P_1_A_8_12_12_comp1,R_1_A_8_12_12,TCDB,TCDB.1_A_8_12_12_comp1
G_9_B_315_1_1_comp1,P_9_B_315_1_1_comp1,R_9_B_315_1_1,TCDB,TCDB.9_B_315_1_1_comp1
G_9_B_123_3_1_comp1,P_9_B_123_3_1_comp1,R_9_B_123_3_1,TCDB,TCDB.9_B_123_3_1_comp1
G_1_A_77_4_3_comp1,P_1_A_77_4_3_comp1,R_1_A_77_4_3,TCDB,TCDB.1_A_77_4_3_comp1
G_2_A_57_1_13_comp1,P_2_A_57_1_13_comp1,R_2_A_57_1_13,TCDB,TCDB.2_A_57_1_13_comp1
G_1_C_67_1_2_comp1,P_1_C_67_1_2_comp1,R_1_C_67_1_2,TCDB,TCDB.1_C_67_1_2_comp1
G_2_A_50_2_4_comp1,P_2_A_50_2_4_comp1,R_2_A_50_2_4,TCDB,TCDB.2_A_50_2_4_comp1
G_2_A_29_32_3_comp1,P_2_A_29_32_3_comp1,R_2_A_29_32_3,TCDB,TCDB.2_A_29_32_3_comp1
G_2_A_57_1_14_comp1,P_2_A_57_1_14_comp1,R_2_A_57_1_14,TCDB,TCDB.2_A_57_1_14_comp1
G_2_A_69_2_4_comp1,P_2_A_69_2_4_comp1,R_2_A_69_2_4,TCDB,TCDB.2_A_69_2_4_comp1
G_2_A_5_3_9_comp1,P_2_A_5_3_9_comp1,R_2_A_5_3_9,TCDB,TCDB.2_A_5_3_9_comp1
G_1_A_69_4_3_comp1,P_1_A_69_4_3_comp1,R_1_A_69_4_3,TCDB,TCDB.1_A_69_4_3_comp1
G_3_D_6_1_2_comp1,P_3_D_6_1_2_comp1+3_D_6_1_2_comp2+3_D_6_1_2_comp3+3_D_6_1_2_comp4+3_D_6_1_2_comp5+3_D_6_1_2_comp6,R_3_D_6_1_2,TCDB,TCDB.3_D_6_1_2_comp1
G_3_D_6_1_2_comp2,P_3_D_6_1_2_comp1+3_D_6_1_2_comp2+3_D_6_1_2_comp3+3_D_6_1_2_comp4+3_D_6_1_2_comp5+3_D_6_1_2_comp6,R_3_D_6_1_2,TCDB,TCDB.3_D_6_1_2_comp2
G_3_D_6_1_2_comp3,P_3_D_6_1_2_comp1+3_D_6_1_2_comp2+3_D_6_1_2_comp3+3_D_6_1_2_comp4+3_D_6_1_2_comp5+3_D_6_1_2_comp6,R_3_D_6_1_2,TCDB,TCDB.3_D_6_1_2_comp3
G_3_D_6_1_2_comp4,P_3_D_6_1_2_comp1+3_D_6_1_2_comp2+3_D_6_1_2_comp3+3_D_6_1_2_comp4+3_D_6_1_2_comp5+3_D_6_1_2_comp6,R_3_D_6_1_2,TCDB,TCDB.3_D_6_1_2_comp4
G_3_D_6_1_2_comp5,P_3_D_6_1_2_comp1+3_D_6_1_2_comp2+3_D_6_1_2_comp3+3_D_6_1_2_comp4+3_D_6_1_2_comp5+3_D_6_1_2_comp6,R_3_D_6_1_2,TCDB,TCDB.3_D_6_1_2_comp5
G_3_D_6_1_2_comp6,P_3_D_6_1_2_comp1+3_D_6_1_2_comp2+3_D_6_1_2_comp3+3_D_6_1_2_comp4+3_D_6_1_2_comp5+3_D_6_1_2_comp6,R_3_D_6_1_2,TCDB,TCDB.3_D_6_1_2_comp6
G_2_A_1_3_43_comp1,P_2_A_1_3_43_comp1,R_2_A_1_3_43,TCDB,TCDB.2_A_1_3_43_comp1
G_1_A_8_9_11_comp1,P_1_A_8_9_11_comp1,R_1_A_8_9_11,TCDB,TCDB.1_A_8_9_11_comp1
G_1_A_31_1_6_comp1,P_1_A_31_1_6_comp1,R_1_A_31_1_6,TCDB,TCDB.1_A_31_1_6_comp1
G_2_A_74_1_5_comp1,P_2_A_74_1_5_comp1,R_2_A_74_1_5,TCDB,TCDB.2_A_74_1_5_comp1
G_2_A_1_1_125_comp1,P_2_A_1_1_125_comp1,R_2_A_1_1_125,TCDB,TCDB.2_A_1_1_125_comp1
G_2_A_85_3_4_comp1,P_2_A_85_3_4_comp1,R_2_A_85_3_4,TCDB,TCDB.2_A_85_3_4_comp1
G_1_C_73_2_1_comp1,P_1_C_73_2_1_comp1,R_1_C_73_2_1,TCDB,TCDB.1_C_73_2_1_comp1
G_2_A_28_2_9_comp1,P_2_A_28_2_9_comp1,R_2_A_28_2_9,TCDB,TCDB.2_A_28_2_9_comp1
G_9_B_221_1_2_comp1,P_9_B_221_1_2_comp1,R_9_B_221_1_2,TCDB,TCDB.9_B_221_1_2_comp1
G_1_A_77_3_8_comp1,P_1_A_77_3_8_comp1,R_1_A_77_3_8,TCDB,TCDB.1_A_77_3_8_comp1
G_4_A_3_2_7_comp1,P_4_A_3_2_7_comp1+4_A_3_2_7_comp2+4_A_3_2_7_comp3,R_4_A_3_2_7,TCDB,TCDB.4_A_3_2_7_comp1
G_4_A_3_2_7_comp2,P_4_A_3_2_7_comp1+4_A_3_2_7_comp2+4_A_3_2_7_comp3,R_4_A_3_2_7,TCDB,TCDB.4_A_3_2_7_comp2
G_4_A_3_2_7_comp3,P_4_A_3_2_7_comp1+4_A_3_2_7_comp2+4_A_3_2_7_comp3,R_4_A_3_2_7,TCDB,TCDB.4_A_3_2_7_comp3
G_1_A_77_3_31_comp1,P_1_A_77_3_31_comp1,R_1_A_77_3_31,TCDB,TCDB.1_A_77_3_31_comp1
G_9_B_155_2_1_comp1,P_9_B_155_2_1_comp1,R_9_B_155_2_1,TCDB,TCDB.9_B_155_2_1_comp1
G_2_A_1_75_3_comp1,P_2_A_1_75_3_comp1,R_2_A_1_75_3,TCDB,TCDB.2_A_1_75_3_comp1
G_2_A_126_1_8_comp1,P_2_A_126_1_8_comp1,R_2_A_126_1_8,TCDB,TCDB.2_A_126_1_8_comp1
G_2_A_79_1_10_comp1,P_2_A_79_1_10_comp1,R_2_A_79_1_10,TCDB,TCDB.2_A_79_1_10_comp1
G_2_A_115_2_9_comp1,P_2_A_115_2_9_comp1,R_2_A_115_2_9,TCDB,TCDB.2_A_115_2_9_comp1
G_2_A_1_14_40_comp1,P_2_A_1_14_40_comp1,R_2_A_1_14_40,TCDB,TCDB.2_A_1_14_40_comp1
G_1_E_14_1_5_comp1,P_1_E_14_1_5_comp1,R_1_E_14_1_5,TCDB,TCDB.1_E_14_1_5_comp1
G_9_B_231_1_4_comp1,P_9_B_231_1_4_comp1,R_9_B_231_1_4,TCDB,TCDB.9_B_231_1_4_comp1
G_9_B_226_1_4_comp1,P_9_B_226_1_4_comp1,R_9_B_226_1_4,TCDB,TCDB.9_B_226_1_4_comp1
G_9_B_227_1_2_comp1,P_9_B_227_1_2_comp1,R_9_B_227_1_2,TCDB,TCDB.9_B_227_1_2_comp1
G_2_A_1_24_5_comp1,P_2_A_1_24_5_comp1,R_2_A_1_24_5,TCDB,TCDB.2_A_1_24_5_comp1
G_1_E_34_1_8_comp1,P_1_E_34_1_8_comp1,R_1_E_34_1_8,TCDB,TCDB.1_E_34_1_8_comp1
G_2_A_117_1_8_comp1,P_2_A_117_1_8_comp1,R_2_A_117_1_8,TCDB,TCDB.2_A_117_1_8_comp1
G_9_B_185_1_6_comp1,P_9_B_185_1_6_comp1,R_9_B_185_1_6,TCDB,TCDB.9_B_185_1_6_comp1
G_2_A_49_6_2_comp1,P_2_A_49_6_2_comp1,R_2_A_49_6_2,TCDB,TCDB.2_A_49_6_2_comp1
G_2_A_1_2_46_comp1,P_2_A_1_2_46_comp1,R_2_A_1_2_46,TCDB,TCDB.2_A_1_2_46_comp1
G_9_B_235_1_2_comp1,P_9_B_235_1_2_comp1,R_9_B_235_1_2,TCDB,TCDB.9_B_235_1_2_comp1
G_2_A_1_2_45_comp1,P_2_A_1_2_45_comp1,R_2_A_1_2_45,TCDB,TCDB.2_A_1_2_45_comp1
G_9_A_32_2_2_comp1,P_9_A_32_2_2_comp1,R_9_A_32_2_2,TCDB,TCDB.9_A_32_2_2_comp1
G_9_B_56_2_4_comp1,P_9_B_56_2_4_comp1,R_9_B_56_2_4,TCDB,TCDB.9_B_56_2_4_comp1
G_9_B_203_1_3_comp1,P_9_B_203_1_3_comp1,R_9_B_203_1_3,TCDB,TCDB.9_B_203_1_3_comp1
G_2_A_7_9_21_comp1,P_2_A_7_9_21_comp1,R_2_A_7_9_21,TCDB,TCDB.2_A_7_9_21_comp1
G_1_M_1_1_2_comp1,P_1_M_1_1_2_comp1+1_M_1_1_2_comp2,R_1_M_1_1_2,TCDB,TCDB.1_M_1_1_2_comp1
G_1_M_1_1_2_comp2,P_1_M_1_1_2_comp1+1_M_1_1_2_comp2,R_1_M_1_1_2,TCDB,TCDB.1_M_1_1_2_comp2
G_1_E_39_1_1_comp1,P_1_E_39_1_1_comp1,R_1_E_39_1_1,TCDB,TCDB.1_E_39_1_1_comp1
G_2_A_6_2_47_comp1,P_2_A_6_2_47_comp1+2_A_6_2_47_comp2,R_2_A_6_2_47,TCDB,TCDB.2_A_6_2_47_comp1
G_2_A_6_2_47_comp2,P_2_A_6_2_47_comp1+2_A_6_2_47_comp2,R_2_A_6_2_47,TCDB,TCDB.2_A_6_2_47_comp2
G_1_C_124_1_4_comp1,P_1_C_124_1_4_comp1,R_1_C_124_1_4,TCDB,TCDB.1_C_124_1_4_comp1
G_8_B_20_1_2_comp1,P_8_B_20_1_2_comp1,R_8_B_20_1_2,TCDB,TCDB.8_B_20_1_2_comp1
G_2_A_105_1_8_comp1,P_2_A_105_1_8_comp1,R_2_A_105_1_8,TCDB,TCDB.2_A_105_1_8_comp1
G_2_A_105_1_9_comp1,P_2_A_105_1_9_comp1,R_2_A_105_1_9,TCDB,TCDB.2_A_105_1_9_comp1
G_9_B_149_1_7_comp1,P_9_B_149_1_7_comp1,R_9_B_149_1_7,TCDB,TCDB.9_B_149_1_7_comp1
G_9_B_191_1_6_comp1,P_9_B_191_1_6_comp1,R_9_B_191_1_6,TCDB,TCDB.9_B_191_1_6_comp1
G_8_A_104_1_6_comp1,P_8_A_104_1_6_comp1,R_8_A_104_1_6,TCDB,TCDB.8_A_104_1_6_comp1
G_2_A_19_4_16_comp1,P_2_A_19_4_16_comp1,R_2_A_19_4_16,TCDB,TCDB.2_A_19_4_16_comp1
G_9_B_55_2_1_comp1,P_9_B_55_2_1_comp1,R_9_B_55_2_1,TCDB,TCDB.9_B_55_2_1_comp1
G_9_B_142_3_8_comp1,P_9_B_142_3_8_comp1,R_9_B_142_3_8,TCDB,TCDB.9_B_142_3_8_comp1
G_1_B_1_6_3_comp1,P_1_B_1_6_3_comp1,R_1_B_1_6_3,TCDB,TCDB.1_B_1_6_3_comp1
G_1_B_4_2_9_comp1,P_1_B_4_2_9_comp1,R_1_B_4_2_9,TCDB,TCDB.1_B_4_2_9_comp1
G_1_B_1_6_2_comp1,P_1_B_1_6_2_comp1,R_1_B_1_6_2,TCDB,TCDB.1_B_1_6_2_comp1
G_1_B_1_4_4_comp1,P_1_B_1_4_4_comp1,R_1_B_1_4_4,TCDB,TCDB.1_B_1_4_4_comp1
G_2_A_1_3_36_comp1,P_2_A_1_3_36_comp1+2_A_1_3_36_comp2,R_2_A_1_3_36,TCDB,TCDB.2_A_1_3_36_comp1
G_2_A_1_3_36_comp2,P_2_A_1_3_36_comp1+2_A_1_3_36_comp2,R_2_A_1_3_36,TCDB,TCDB.2_A_1_3_36_comp2
G_9_B_116_1_1_comp1,P_9_B_116_1_1_comp1,R_9_B_116_1_1,TCDB,TCDB.9_B_116_1_1_comp1
G_1_B_69_2_1_comp1,P_1_B_69_2_1_comp1,R_1_B_69_2_1,TCDB,TCDB.1_B_69_2_1_comp1
G_1_C_131_2_3_comp1,P_1_C_131_2_3_comp1,R_1_C_131_2_3,TCDB,TCDB.1_C_131_2_3_comp1
G_9_B_142_3_1_comp1,P_9_B_142_3_1_comp1,R_9_B_142_3_1,TCDB,TCDB.9_B_142_3_1_comp1
G_1_A_54_4_4_comp1,P_1_A_54_4_4_comp1,R_1_A_54_4_4,TCDB,TCDB.1_A_54_4_4_comp1
G_1_B_22_4_3_comp1,P_1_B_22_4_3_comp1,R_1_B_22_4_3,TCDB,TCDB.1_B_22_4_3_comp1
G_2_A_101_1_2_comp1,P_2_A_101_1_2_comp1,R_2_A_101_1_2,TCDB,TCDB.2_A_101_1_2_comp1
G_2_A_108_3_2_comp1,P_2_A_108_3_2_comp1,R_2_A_108_3_2,TCDB,TCDB.2_A_108_3_2_comp1
G_9_B_155_2_8_comp1,P_9_B_155_2_8_comp1,R_9_B_155_2_8,TCDB,TCDB.9_B_155_2_8_comp1
G_1_A_30_4_3_comp1,P_1_A_30_4_3_comp1+1_A_30_4_3_comp2,R_1_A_30_4_3,TCDB,TCDB.1_A_30_4_3_comp1
G_1_A_30_4_3_comp2,P_1_A_30_4_3_comp1+1_A_30_4_3_comp2,R_1_A_30_4_3,TCDB,TCDB.1_A_30_4_3_comp2
G_3_A_1_109_6_comp1,P_3_A_1_109_6_comp1+3_A_1_109_6_comp2+3_A_1_109_6_comp3,R_3_A_1_109_6,TCDB,TCDB.3_A_1_109_6_comp1
G_3_A_1_109_6_comp2,P_3_A_1_109_6_comp1+3_A_1_109_6_comp2+3_A_1_109_6_comp3,R_3_A_1_109_6,TCDB,TCDB.3_A_1_109_6_comp2
G_3_A_1_109_6_comp3,P_3_A_1_109_6_comp1+3_A_1_109_6_comp2+3_A_1_109_6_comp3,R_3_A_1_109_6,TCDB,TCDB.3_A_1_109_6_comp3
G_1_B_1_1_10_comp1,P_1_B_1_1_10_comp1,R_1_B_1_1_10,TCDB,TCDB.1_B_1_1_10_comp1
G_2_A_28_2_5_comp1,P_2_A_28_2_5_comp1,R_2_A_28_2_5,TCDB,TCDB.2_A_28_2_5_comp1
G_2_A_122_1_1_comp1,P_2_A_122_1_1_comp1,R_2_A_122_1_1,TCDB,TCDB.2_A_122_1_1_comp1
G_3_A_1_105_15_comp1,P_3_A_1_105_15_comp1+3_A_1_105_15_comp2+3_A_1_105_15_comp3+3_A_1_105_15_comp4,R_3_A_1_105_15,TCDB,TCDB.3_A_1_105_15_comp1
G_3_A_1_105_15_comp2,P_3_A_1_105_15_comp1+3_A_1_105_15_comp2+3_A_1_105_15_comp3+3_A_1_105_15_comp4,R_3_A_1_105_15,TCDB,TCDB.3_A_1_105_15_comp2
G_3_A_1_105_15_comp3,P_3_A_1_105_15_comp1+3_A_1_105_15_comp2+3_A_1_105_15_comp3+3_A_1_105_15_comp4,R_3_A_1_105_15,TCDB,TCDB.3_A_1_105_15_comp3
G_3_A_1_105_15_comp4,P_3_A_1_105_15_comp1+3_A_1_105_15_comp2+3_A_1_105_15_comp3+3_A_1_105_15_comp4,R_3_A_1_105_15,TCDB,TCDB.3_A_1_105_15_comp4
G_2_C_1_2_1_comp1,P_2_C_1_2_1_comp1+2_C_1_2_1_comp2+2_C_1_2_1_comp3+2_C_1_2_1_comp4,R_2_C_1_2_1,TCDB,TCDB.2_C_1_2_1_comp1
G_2_C_1_2_1_comp2,P_2_C_1_2_1_comp1+2_C_1_2_1_comp2+2_C_1_2_1_comp3+2_C_1_2_1_comp4,R_2_C_1_2_1,TCDB,TCDB.2_C_1_2_1_comp2
G_2_C_1_2_1_comp3,P_2_C_1_2_1_comp1+2_C_1_2_1_comp2+2_C_1_2_1_comp3+2_C_1_2_1_comp4,R_2_C_1_2_1,TCDB,TCDB.2_C_1_2_1_comp3
G_2_C_1_2_1_comp4,P_2_C_1_2_1_comp1+2_C_1_2_1_comp2+2_C_1_2_1_comp3+2_C_1_2_1_comp4,R_2_C_1_2_1,TCDB,TCDB.2_C_1_2_1_comp4
G_1_C_85_4_1_comp1,P_1_C_85_4_1_comp1,R_1_C_85_4_1,TCDB,TCDB.1_C_85_4_1_comp1
G_1_B_12_5_6_comp1,P_1_B_12_5_6_comp1,R_1_B_12_5_6,TCDB,TCDB.1_B_12_5_6_comp1
G_2_A_1_2_103_comp1,P_2_A_1_2_103_comp1,R_2_A_1_2_103,TCDB,TCDB.2_A_1_2_103_comp1
G_1_A_89_1_3_comp1,P_1_A_89_1_3_comp1,R_1_A_89_1_3,TCDB,TCDB.1_A_89_1_3_comp1
G_2_A_76_1_9_comp1,P_2_A_76_1_9_comp1,R_2_A_76_1_9,TCDB,TCDB.2_A_76_1_9_comp1
G_8_A_41_1_5_comp1,P_8_A_41_1_5_comp1,R_8_A_41_1_5,TCDB,TCDB.8_A_41_1_5_comp1
G_9_A_55_1_6_comp1,P_9_A_55_1_6_comp1,R_9_A_55_1_6,TCDB,TCDB.9_A_55_1_6_comp1
G_9_A_29_2_1_comp1,P_9_A_29_2_1_comp1,R_9_A_29_2_1,TCDB,TCDB.9_A_29_2_1_comp1
G_1_E_26_7_2_comp1,P_1_E_26_7_2_comp1,R_1_E_26_7_2,TCDB,TCDB.1_E_26_7_2_comp1
G_2_A_19_2_12_comp1,P_2_A_19_2_12_comp1,R_2_A_19_2_12,TCDB,TCDB.2_A_19_2_12_comp1
G_2_A_5_3_11_comp1,P_2_A_5_3_11_comp1,R_2_A_5_3_11,TCDB,TCDB.2_A_5_3_11_comp1
G_9_B_215_1_1_comp1,P_9_B_215_1_1_comp1,R_9_B_215_1_1,TCDB,TCDB.9_B_215_1_1_comp1
G_2_A_1_49_13_comp1,P_2_A_1_49_13_comp1,R_2_A_1_49_13,TCDB,TCDB.2_A_1_49_13_comp1
G_2_A_86_4_5_comp1,P_2_A_86_4_5_comp1,R_2_A_86_4_5,TCDB,TCDB.2_A_86_4_5_comp1
G_1_B_8_2_13_comp1,P_1_B_8_2_13_comp1+1_B_8_2_13_comp2+1_B_8_2_13_comp3,R_1_B_8_2_13,TCDB,TCDB.1_B_8_2_13_comp1
G_1_B_8_2_13_comp2,P_1_B_8_2_13_comp1+1_B_8_2_13_comp2+1_B_8_2_13_comp3,R_1_B_8_2_13,TCDB,TCDB.1_B_8_2_13_comp2
G_1_B_8_2_13_comp3,P_1_B_8_2_13_comp1+1_B_8_2_13_comp2+1_B_8_2_13_comp3,R_1_B_8_2_13,TCDB,TCDB.1_B_8_2_13_comp3
G_3_A_16_1_3_comp1,P_3_A_16_1_3_comp1+3_A_16_1_3_comp2+3_A_16_1_3_comp3+3_A_16_1_3_comp4+3_A_16_1_3_comp5+3_A_16_1_3_comp6+3_A_16_1_3_comp7+3_A_16_1_3_comp8+3_A_16_1_3_comp9+3_A_16_1_3_comp10+3_A_16_1_3_comp11,R_3_A_16_1_3,TCDB,TCDB.3_A_16_1_3_comp1
G_3_A_16_1_3_comp2,P_3_A_16_1_3_comp1+3_A_16_1_3_comp2+3_A_16_1_3_comp3+3_A_16_1_3_comp4+3_A_16_1_3_comp5+3_A_16_1_3_comp6+3_A_16_1_3_comp7+3_A_16_1_3_comp8+3_A_16_1_3_comp9+3_A_16_1_3_comp10+3_A_16_1_3_comp11,R_3_A_16_1_3,TCDB,TCDB.3_A_16_1_3_comp2
G_3_A_16_1_3_comp3,P_3_A_16_1_3_comp1+3_A_16_1_3_comp2+3_A_16_1_3_comp3+3_A_16_1_3_comp4+3_A_16_1_3_comp5+3_A_16_1_3_comp6+3_A_16_1_3_comp7+3_A_16_1_3_comp8+3_A_16_1_3_comp9+3_A_16_1_3_comp10+3_A_16_1_3_comp11,R_3_A_16_1_3,TCDB,TCDB.3_A_16_1_3_comp3
G_3_A_16_1_3_comp4,P_3_A_16_1_3_comp1+3_A_16_1_3_comp2+3_A_16_1_3_comp3+3_A_16_1_3_comp4+3_A_16_1_3_comp5+3_A_16_1_3_comp6+3_A_16_1_3_comp7+3_A_16_1_3_comp8+3_A_16_1_3_comp9+3_A_16_1_3_comp10+3_A_16_1_3_comp11,R_3_A_16_1_3,TCDB,TCDB.3_A_16_1_3_comp4
G_3_A_16_1_3_comp5,P_3_A_16_1_3_comp1+3_A_16_1_3_comp2+3_A_16_1_3_comp3+3_A_16_1_3_comp4+3_A_16_1_3_comp5+3_A_16_1_3_comp6+3_A_16_1_3_comp7+3_A_16_1_3_comp8+3_A_16_1_3_comp9+3_A_16_1_3_comp10+3_A_16_1_3_comp11,R_3_A_16_1_3,TCDB,TCDB.3_A_16_1_3_comp5
G_3_A_16_1_3_comp6,P_3_A_16_1_3_comp1+3_A_16_1_3_comp2+3_A_16_1_3_comp3+3_A_16_1_3_comp4+3_A_16_1_3_comp5+3_A_16_1_3_comp6+3_A_16_1_3_comp7+3_A_16_1_3_comp8+3_A_16_1_3_comp9+3_A_16_1_3_comp10+3_A_16_1_3_comp11,R_3_A_16_1_3,TCDB,TCDB.3_A_16_1_3_comp6
G_3_A_16_1_3_comp7,P_3_A_16_1_3_comp1+3_A_16_1_3_comp2+3_A_16_1_3_comp3+3_A_16_1_3_comp4+3_A_16_1_3_comp5+3_A_16_1_3_comp6+3_A_16_1_3_comp7+3_A_16_1_3_comp8+3_A_16_1_3_comp9+3_A_16_1_3_comp10+3_A_16_1_3_comp11,R_3_A_16_1_3,TCDB,TCDB.3_A_16_1_3_comp7
G_3_A_16_1_3_comp8,P_3_A_16_1_3_comp1+3_A_16_1_3_comp2+3_A_16_1_3_comp3+3_A_16_1_3_comp4+3_A_16_1_3_comp5+3_A_16_1_3_comp6+3_A_16_1_3_comp7+3_A_16_1_3_comp8+3_A_16_1_3_comp9+3_A_16_1_3_comp10+3_A_16_1_3_comp11,R_3_A_16_1_3,TCDB,TCDB.3_A_16_1_3_comp8
G_3_A_16_1_3_comp9,P_3_A_16_1_3_comp1+3_A_16_1_3_comp2+3_A_16_1_3_comp3+3_A_16_1_3_comp4+3_A_16_1_3_comp5+3_A_16_1_3_comp6+3_A_16_1_3_comp7+3_A_16_1_3_comp8+3_A_16_1_3_comp9+3_A_16_1_3_comp10+3_A_16_1_3_comp11,R_3_A_16_1_3,TCDB,TCDB.3_A_16_1_3_comp9
G_3_A_16_1_3_comp10,P_3_A_16_1_3_comp1+3_A_16_1_3_comp2+3_A_16_1_3_comp3+3_A_16_1_3_comp4+3_A_16_1_3_comp5+3_A_16_1_3_comp6+3_A_16_1_3_comp7+3_A_16_1_3_comp8+3_A_16_1_3_comp9+3_A_16_1_3_comp10+3_A_16_1_3_comp11,R_3_A_16_1_3,TCDB,TCDB.3_A_16_1_3_comp10
G_3_A_16_1_3_comp11,P_3_A_16_1_3_comp1+3_A_16_1_3_comp2+3_A_16_1_3_comp3+3_A_16_1_3_comp4+3_A_16_1_3_comp5+3_A_16_1_3_comp6+3_A_16_1_3_comp7+3_A_16_1_3_comp8+3_A_16_1_3_comp9+3_A_16_1_3_comp10+3_A_16_1_3_comp11,R_3_A_16_1_3,TCDB,TCDB.3_A_16_1_3_comp11
G_3_A_8_1_5_comp1,P_3_A_8_1_5_comp1+3_A_8_1_5_comp2+3_A_8_1_5_comp3+3_A_8_1_5_comp4+3_A_8_1_5_comp5+3_A_8_1_5_comp6+3_A_8_1_5_comp7,R_3_A_8_1_5,TCDB,TCDB.3_A_8_1_5_comp1
G_3_A_8_1_5_comp2,P_3_A_8_1_5_comp1+3_A_8_1_5_comp2+3_A_8_1_5_comp3+3_A_8_1_5_comp4+3_A_8_1_5_comp5+3_A_8_1_5_comp6+3_A_8_1_5_comp7,R_3_A_8_1_5,TCDB,TCDB.3_A_8_1_5_comp2
G_3_A_8_1_5_comp3,P_3_A_8_1_5_comp1+3_A_8_1_5_comp2+3_A_8_1_5_comp3+3_A_8_1_5_comp4+3_A_8_1_5_comp5+3_A_8_1_5_comp6+3_A_8_1_5_comp7,R_3_A_8_1_5,TCDB,TCDB.3_A_8_1_5_comp3
G_3_A_8_1_5_comp4,P_3_A_8_1_5_comp1+3_A_8_1_5_comp2+3_A_8_1_5_comp3+3_A_8_1_5_comp4+3_A_8_1_5_comp5+3_A_8_1_5_comp6+3_A_8_1_5_comp7,R_3_A_8_1_5,TCDB,TCDB.3_A_8_1_5_comp4
G_3_A_8_1_5_comp5,P_3_A_8_1_5_comp1+3_A_8_1_5_comp2+3_A_8_1_5_comp3+3_A_8_1_5_comp4+3_A_8_1_5_comp5+3_A_8_1_5_comp6+3_A_8_1_5_comp7,R_3_A_8_1_5,TCDB,TCDB.3_A_8_1_5_comp5
G_3_A_8_1_5_comp6,P_3_A_8_1_5_comp1+3_A_8_1_5_comp2+3_A_8_1_5_comp3+3_A_8_1_5_comp4+3_A_8_1_5_comp5+3_A_8_1_5_comp6+3_A_8_1_5_comp7,R_3_A_8_1_5,TCDB,TCDB.3_A_8_1_5_comp6
G_3_A_8_1_5_comp7,P_3_A_8_1_5_comp1+3_A_8_1_5_comp2+3_A_8_1_5_comp3+3_A_8_1_5_comp4+3_A_8_1_5_comp5+3_A_8_1_5_comp6+3_A_8_1_5_comp7,R_3_A_8_1_5,TCDB,TCDB.3_A_8_1_5_comp7
G_2_A_18_6_25_comp1,P_2_A_18_6_25_comp1,R_2_A_18_6_25,TCDB,TCDB.2_A_18_6_25_comp1
G_1_A_98_1_1_comp1,P_1_A_98_1_1_comp1,R_1_A_98_1_1,TCDB,TCDB.1_A_98_1_1_comp1
G_1_A_76_2_2_comp1,P_1_A_76_2_2_comp1,R_1_A_76_2_2,TCDB,TCDB.1_A_76_2_2_comp1
G_2_A_18_10_3_comp1,P_2_A_18_10_3_comp1,R_2_A_18_10_3,TCDB,TCDB.2_A_18_10_3_comp1
G_9_B_142_2_1_comp1,P_9_B_142_2_1_comp1,R_9_B_142_2_1,TCDB,TCDB.9_B_142_2_1_comp1
G_4_A_7_1_3_comp1,P_4_A_7_1_3_comp1,R_4_A_7_1_3,TCDB,TCDB.4_A_7_1_3_comp1
G_1_C_102_1_2_comp1,P_1_C_102_1_2_comp1,R_1_C_102_1_2,TCDB,TCDB.1_C_102_1_2_comp1
G_1_C_53_1_2_comp1,P_1_C_53_1_2_comp1,R_1_C_53_1_2,TCDB,TCDB.1_C_53_1_2_comp1
G_1_A_87_3_6_comp1,P_1_A_87_3_6_comp1,R_1_A_87_3_6,TCDB,TCDB.1_A_87_3_6_comp1
G_9_A_43_1_2_comp1,P_9_A_43_1_2_comp1,R_9_A_43_1_2,TCDB,TCDB.9_A_43_1_2_comp1
G_2_A_7_29_4_comp1,P_2_A_7_29_4_comp1,R_2_A_7_29_4,TCDB,TCDB.2_A_7_29_4_comp1
G_1_A_8_2_4_comp1,P_1_A_8_2_4_comp1,R_1_A_8_2_4,TCDB,TCDB.1_A_8_2_4_comp1
G_1_E_29_1_3_comp1,P_1_E_29_1_3_comp1,R_1_E_29_1_3,TCDB,TCDB.1_E_29_1_3_comp1
G_9_B_155_2_13_comp1,P_9_B_155_2_13_comp1,R_9_B_155_2_13,TCDB,TCDB.9_B_155_2_13_comp1
G_9_B_153_3_12_comp1,P_9_B_153_3_12_comp1,R_9_B_153_3_12,TCDB,TCDB.9_B_153_3_12_comp1
G_1_B_14_17_1_comp1,P_1_B_14_17_1_comp1,R_1_B_14_17_1,TCDB,TCDB.1_B_14_17_1_comp1
G_9_B_155_2_5_comp1,P_9_B_155_2_5_comp1,R_9_B_155_2_5,TCDB,TCDB.9_B_155_2_5_comp1
G_9_B_72_2_2_comp1,P_9_B_72_2_2_comp1,R_9_B_72_2_2,TCDB,TCDB.9_B_72_2_2_comp1
G_1_B_73_2_1_comp1,P_1_B_73_2_1_comp1,R_1_B_73_2_1,TCDB,TCDB.1_B_73_2_1_comp1
G_1_B_6_6_2_comp1,P_1_B_6_6_2_comp1,R_1_B_6_6_2,TCDB,TCDB.1_B_6_6_2_comp1
G_9_B_8_1_3_comp1,P_9_B_8_1_3_comp1,R_9_B_8_1_3,TCDB,TCDB.9_B_8_1_3_comp1
G_9_B_160_1_4_comp1,P_9_B_160_1_4_comp1,R_9_B_160_1_4,TCDB,TCDB.9_B_160_1_4_comp1
G_1_B_63_1_4_comp1,P_1_B_63_1_4_comp1,R_1_B_63_1_4,TCDB,TCDB.1_B_63_1_4_comp1
G_1_B_75_1_6_comp1,P_1_B_75_1_6_comp1,R_1_B_75_1_6,TCDB,TCDB.1_B_75_1_6_comp1
G_1_B_14_6_7_comp1,P_1_B_14_6_7_comp1,R_1_B_14_6_7,TCDB,TCDB.1_B_14_6_7_comp1
G_9_B_171_1_3_comp1,P_9_B_171_1_3_comp1,R_9_B_171_1_3,TCDB,TCDB.9_B_171_1_3_comp1
G_1_B_9_4_7_comp1,P_1_B_9_4_7_comp1,R_1_B_9_4_7,TCDB,TCDB.1_B_9_4_7_comp1
G_8_A_46_1_3_comp1,P_8_A_46_1_3_comp1,R_8_A_46_1_3,TCDB,TCDB.8_A_46_1_3_comp1
G_9_B_102_1_19_comp1,P_9_B_102_1_19_comp1,R_9_B_102_1_19,TCDB,TCDB.9_B_102_1_19_comp1
G_1_G_1_1_3_comp1,P_1_G_1_1_3_comp1,R_1_G_1_1_3,TCDB,TCDB.1_G_1_1_3_comp1
G_1_E_48_1_2_comp1,P_1_E_48_1_2_comp1,R_1_E_48_1_2,TCDB,TCDB.1_E_48_1_2_comp1
G_1_B_27_1_7_comp1,P_1_B_27_1_7_comp1,R_1_B_27_1_7,TCDB,TCDB.1_B_27_1_7_comp1
G_1_C_109_1_6_comp1,P_1_C_109_1_6_comp1,R_1_C_109_1_6,TCDB,TCDB.1_C_109_1_6_comp1
G_1_A_43_1_18_comp1,P_1_A_43_1_18_comp1,R_1_A_43_1_18,TCDB,TCDB.1_A_43_1_18_comp1
G_1_B_4_2_7_comp1,P_1_B_4_2_7_comp1,R_1_B_4_2_7,TCDB,TCDB.1_B_4_2_7_comp1
G_2_A_102_4_5_comp1,P_2_A_102_4_5_comp1,R_2_A_102_4_5,TCDB,TCDB.2_A_102_4_5_comp1
G_2_A_126_1_4_comp1,P_2_A_126_1_4_comp1,R_2_A_126_1_4,TCDB,TCDB.2_A_126_1_4_comp1
G_1_C_59_4_2_comp1,P_1_C_59_4_2_comp1,R_1_C_59_4_2,TCDB,TCDB.1_C_59_4_2_comp1
G_1_C_136_1_1_comp1,P_1_C_136_1_1_comp1,R_1_C_136_1_1,TCDB,TCDB.1_C_136_1_1_comp1
G_2_A_63_2_1_comp1,P_2_A_63_2_1_comp1+2_A_63_2_1_comp2+2_A_63_2_1_comp3+2_A_63_2_1_comp4+2_A_63_2_1_comp5+2_A_63_2_1_comp6+2_A_63_2_1_comp7+2_A_63_2_1_comp8,R_2_A_63_2_1,TCDB,TCDB.2_A_63_2_1_comp1
G_2_A_63_2_1_comp2,P_2_A_63_2_1_comp1+2_A_63_2_1_comp2+2_A_63_2_1_comp3+2_A_63_2_1_comp4+2_A_63_2_1_comp5+2_A_63_2_1_comp6+2_A_63_2_1_comp7+2_A_63_2_1_comp8,R_2_A_63_2_1,TCDB,TCDB.2_A_63_2_1_comp2
G_2_A_63_2_1_comp3,P_2_A_63_2_1_comp1+2_A_63_2_1_comp2+2_A_63_2_1_comp3+2_A_63_2_1_comp4+2_A_63_2_1_comp5+2_A_63_2_1_comp6+2_A_63_2_1_comp7+2_A_63_2_1_comp8,R_2_A_63_2_1,TCDB,TCDB.2_A_63_2_1_comp3
G_2_A_63_2_1_comp4,P_2_A_63_2_1_comp1+2_A_63_2_1_comp2+2_A_63_2_1_comp3+2_A_63_2_1_comp4+2_A_63_2_1_comp5+2_A_63_2_1_comp6+2_A_63_2_1_comp7+2_A_63_2_1_comp8,R_2_A_63_2_1,TCDB,TCDB.2_A_63_2_1_comp4
G_2_A_63_2_1_comp5,P_2_A_63_2_1_comp1+2_A_63_2_1_comp2+2_A_63_2_1_comp3+2_A_63_2_1_comp4+2_A_63_2_1_comp5+2_A_63_2_1_comp6+2_A_63_2_1_comp7+2_A_63_2_1_comp8,R_2_A_63_2_1,TCDB,TCDB.2_A_63_2_1_comp5
G_2_A_63_2_1_comp6,P_2_A_63_2_1_comp1+2_A_63_2_1_comp2+2_A_63_2_1_comp3+2_A_63_2_1_comp4+2_A_63_2_1_comp5+2_A_63_2_1_comp6+2_A_63_2_1_comp7+2_A_63_2_1_comp8,R_2_A_63_2_1,TCDB,TCDB.2_A_63_2_1_comp6
G_2_A_63_2_1_comp7,P_2_A_63_2_1_comp1+2_A_63_2_1_comp2+2_A_63_2_1_comp3+2_A_63_2_1_comp4+2_A_63_2_1_comp5+2_A_63_2_1_comp6+2_A_63_2_1_comp7+2_A_63_2_1_comp8,R_2_A_63_2_1,TCDB,TCDB.2_A_63_2_1_comp7
G_2_A_63_2_1_comp8,P_2_A_63_2_1_comp1+2_A_63_2_1_comp2+2_A_63_2_1_comp3+2_A_63_2_1_comp4+2_A_63_2_1_comp5+2_A_63_2_1_comp6+2_A_63_2_1_comp7+2_A_63_2_1_comp8,R_2_A_63_2_1,TCDB,TCDB.2_A_63_2_1_comp8
G_1_E_18_1_8_comp1,P_1_E_18_1_8_comp1,R_1_E_18_1_8,TCDB,TCDB.1_E_18_1_8_comp1
G_1_E_14_1_13_comp1,P_1_E_14_1_13_comp1,R_1_E_14_1_13,TCDB,TCDB.1_E_14_1_13_comp1
G_1_B_5_1_5_comp1,P_1_B_5_1_5_comp1,R_1_B_5_1_5,TCDB,TCDB.1_B_5_1_5_comp1
G_1_A_43_1_12_comp1,P_1_A_43_1_12_comp1,R_1_A_43_1_12,TCDB,TCDB.1_A_43_1_12_comp1
G_1_E_34_1_2_comp1,P_1_E_34_1_2_comp1,R_1_E_34_1_2,TCDB,TCDB.1_E_34_1_2_comp1
G_2_A_1_84_2_comp1,P_2_A_1_84_2_comp1,R_2_A_1_84_2,TCDB,TCDB.2_A_1_84_2_comp1
G_2_A_115_2_14_comp1,P_2_A_115_2_14_comp1,R_2_A_115_2_14,TCDB,TCDB.2_A_115_2_14_comp1
G_4_A_1_1_16_comp1,P_4_A_1_1_16_comp1,R_4_A_1_1_16,TCDB,TCDB.4_A_1_1_16_comp1
G_1_A_77_3_27_comp1,P_1_A_77_3_27_comp1,R_1_A_77_3_27,TCDB,TCDB.1_A_77_3_27_comp1
G_9_B_226_1_1_comp1,P_9_B_226_1_1_comp1,R_9_B_226_1_1,TCDB,TCDB.9_B_226_1_1_comp1
G_2_A_115_2_6_comp1,P_2_A_115_2_6_comp1,R_2_A_115_2_6,TCDB,TCDB.2_A_115_2_6_comp1
G_2_A_28_2_7_comp1,P_2_A_28_2_7_comp1,R_2_A_28_2_7,TCDB,TCDB.2_A_28_2_7_comp1
G_9_B_62_5_3_comp1,P_9_B_62_5_3_comp1,R_9_B_62_5_3,TCDB,TCDB.9_B_62_5_3_comp1
G_1_A_43_1_4_comp1,P_1_A_43_1_4_comp1,R_1_A_43_1_4,TCDB,TCDB.1_A_43_1_4_comp1
G_9_B_102_1_20_comp1,P_9_B_102_1_20_comp1,R_9_B_102_1_20,TCDB,TCDB.9_B_102_1_20_comp1
G_2_A_52_2_5_comp1,P_2_A_52_2_5_comp1,R_2_A_52_2_5,TCDB,TCDB.2_A_52_2_5_comp1
G_9_B_155_2_2_comp1,P_9_B_155_2_2_comp1,R_9_B_155_2_2,TCDB,TCDB.9_B_155_2_2_comp1
G_1_B_72_1_5_comp1,P_1_B_72_1_5_comp1,R_1_B_72_1_5,TCDB,TCDB.1_B_72_1_5_comp1
G_1_B_6_6_6_comp1,P_1_B_6_6_6_comp1,R_1_B_6_6_6,TCDB,TCDB.1_B_6_6_6_comp1
G_3_A_1_105_27_comp1,P_3_A_1_105_27_comp1+3_A_1_105_27_comp2,R_3_A_1_105_27,TCDB,TCDB.3_A_1_105_27_comp1
G_3_A_1_105_27_comp2,P_3_A_1_105_27_comp1+3_A_1_105_27_comp2,R_3_A_1_105_27,TCDB,TCDB.3_A_1_105_27_comp2
G_3_A_1_105_26_comp1,P_3_A_1_105_26_comp1+3_A_1_105_26_comp2,R_3_A_1_105_26,TCDB,TCDB.3_A_1_105_26_comp1
G_3_A_1_105_26_comp2,P_3_A_1_105_26_comp1+3_A_1_105_26_comp2,R_3_A_1_105_26,TCDB,TCDB.3_A_1_105_26_comp2
G_2_A_116_1_5_comp1,P_2_A_116_1_5_comp1,R_2_A_116_1_5,TCDB,TCDB.2_A_116_1_5_comp1
G_2_A_114_1_2_comp1,P_2_A_114_1_2_comp1,R_2_A_114_1_2,TCDB,TCDB.2_A_114_1_2_comp1
G_3_A_10_3_5_comp1,P_3_A_10_3_5_comp1,R_3_A_10_3_5,TCDB,TCDB.3_A_10_3_5_comp1
G_1_B_72_1_3_comp1,P_1_B_72_1_3_comp1,R_1_B_72_1_3,TCDB,TCDB.1_B_72_1_3_comp1
G_9_B_32_2_1_comp1,P_9_B_32_2_1_comp1,R_9_B_32_2_1,TCDB,TCDB.9_B_32_2_1_comp1
G_9_B_222_1_1_comp1,P_9_B_222_1_1_comp1,R_9_B_222_1_1,TCDB,TCDB.9_B_222_1_1_comp1
G_9_B_2_1_18_comp1,P_9_B_2_1_18_comp1,R_9_B_2_1_18,TCDB,TCDB.9_B_2_1_18_comp1
G_2_A_1_38_4_comp1,P_2_A_1_38_4_comp1,R_2_A_1_38_4,TCDB,TCDB.2_A_1_38_4_comp1
G_9_B_98_1_8_comp1,P_9_B_98_1_8_comp1,R_9_B_98_1_8,TCDB,TCDB.9_B_98_1_8_comp1
G_9_B_105_3_4_comp1,P_9_B_105_3_4_comp1,R_9_B_105_3_4,TCDB,TCDB.9_B_105_3_4_comp1
G_9_B_124_1_9_comp1,P_9_B_124_1_9_comp1,R_9_B_124_1_9,TCDB,TCDB.9_B_124_1_9_comp1
G_9_B_141_1_3_comp1,P_9_B_141_1_3_comp1,R_9_B_141_1_3,TCDB,TCDB.9_B_141_1_3_comp1
G_2_A_102_4_12_comp1,P_2_A_102_4_12_comp1,R_2_A_102_4_12,TCDB,TCDB.2_A_102_4_12_comp1
G_9_B_97_6_3_comp1,P_9_B_97_6_3_comp1,R_9_B_97_6_3,TCDB,TCDB.9_B_97_6_3_comp1
G_8_B_16_1_2_comp1,P_8_B_16_1_2_comp1,R_8_B_16_1_2,TCDB,TCDB.8_B_16_1_2_comp1
G_1_A_17_1_18_comp1,P_1_A_17_1_18_comp1,R_1_A_17_1_18,TCDB,TCDB.1_A_17_1_18_comp1
G_1_A_9_5_10_comp1,P_1_A_9_5_10_comp1,R_1_A_9_5_10,TCDB,TCDB.1_A_9_5_10_comp1
G_3_E_1_4_7_comp1,P_3_E_1_4_7_comp1,R_3_E_1_4_7,TCDB,TCDB.3_E_1_4_7_comp1
G_1_E_26_11_3_comp1,P_1_E_26_11_3_comp1,R_1_E_26_11_3,TCDB,TCDB.1_E_26_11_3_comp1
G_1_E_6_3_1_comp1,P_1_E_6_3_1_comp1,R_1_E_6_3_1,TCDB,TCDB.1_E_6_3_1_comp1
G_1_B_6_2_6_comp1,P_1_B_6_2_6_comp1,R_1_B_6_2_6,TCDB,TCDB.1_B_6_2_6_comp1
G_1_E_33_1_5_comp1,P_1_E_33_1_5_comp1,R_1_E_33_1_5,TCDB,TCDB.1_E_33_1_5_comp1
G_1_B_34_1_2_comp1,P_1_B_34_1_2_comp1,R_1_B_34_1_2,TCDB,TCDB.1_B_34_1_2_comp1
G_9_B_142_10_1_comp1,P_9_B_142_10_1_comp1,R_9_B_142_10_1,TCDB,TCDB.9_B_142_10_1_comp1
G_4_B_1_2_1_comp1,P_4_B_1_2_1_comp1,R_4_B_1_2_1,TCDB,TCDB.4_B_1_2_1_comp1
G_9_B_328_1_2_comp1,P_9_B_328_1_2_comp1,R_9_B_328_1_2,TCDB,TCDB.9_B_328_1_2_comp1
G_1_B_45_1_2_comp1,P_1_B_45_1_2_comp1,R_1_B_45_1_2,TCDB,TCDB.1_B_45_1_2_comp1
G_4_A_7_1_4_comp1,P_4_A_7_1_4_comp1,R_4_A_7_1_4,TCDB,TCDB.4_A_7_1_4_comp1
G_3_A_1_105_16_comp1,P_3_A_1_105_16_comp1+3_A_1_105_16_comp2+3_A_1_105_16_comp3,R_3_A_1_105_16,TCDB,TCDB.3_A_1_105_16_comp1
G_3_A_1_105_16_comp2,P_3_A_1_105_16_comp1+3_A_1_105_16_comp2+3_A_1_105_16_comp3,R_3_A_1_105_16,TCDB,TCDB.3_A_1_105_16_comp2
G_3_A_1_105_16_comp3,P_3_A_1_105_16_comp1+3_A_1_105_16_comp2+3_A_1_105_16_comp3,R_3_A_1_105_16,TCDB,TCDB.3_A_1_105_16_comp3
G_3_A_1_14_2_comp1,P_3_A_1_14_2_comp1+3_A_1_14_2_comp2+3_A_1_14_2_comp3+3_A_1_14_2_comp4,R_3_A_1_14_2,TCDB,TCDB.3_A_1_14_2_comp1
G_3_A_1_14_2_comp2,P_3_A_1_14_2_comp1+3_A_1_14_2_comp2+3_A_1_14_2_comp3+3_A_1_14_2_comp4,R_3_A_1_14_2,TCDB,TCDB.3_A_1_14_2_comp2
G_3_A_1_14_2_comp3,P_3_A_1_14_2_comp1+3_A_1_14_2_comp2+3_A_1_14_2_comp3+3_A_1_14_2_comp4,R_3_A_1_14_2,TCDB,TCDB.3_A_1_14_2_comp3
G_3_A_1_14_2_comp4,P_3_A_1_14_2_comp1+3_A_1_14_2_comp2+3_A_1_14_2_comp3+3_A_1_14_2_comp4,R_3_A_1_14_2,TCDB,TCDB.3_A_1_14_2_comp4
G_2_A_3_7_3_comp1,P_2_A_3_7_3_comp1,R_2_A_3_7_3,TCDB,TCDB.2_A_3_7_3_comp1
G_9_B_156_1_1_comp1,P_9_B_156_1_1_comp1,R_9_B_156_1_1,TCDB,TCDB.9_B_156_1_1_comp1
G_1_B_50_2_1_comp1,P_1_B_50_2_1_comp1,R_1_B_50_2_1,TCDB,TCDB.1_B_50_2_1_comp1
G_2_A_120_1_7_comp1,P_2_A_120_1_7_comp1,R_2_A_120_1_7,TCDB,TCDB.2_A_120_1_7_comp1
G_1_E_11_1_10_comp1,P_1_E_11_1_10_comp1,R_1_E_11_1_10,TCDB,TCDB.1_E_11_1_10_comp1
G_4_A_6_2_2_comp1,P_4_A_6_2_2_comp1+4_A_6_2_2_comp2+4_A_6_2_2_comp3+4_A_6_2_2_comp4,R_4_A_6_2_2,TCDB,TCDB.4_A_6_2_2_comp1
G_4_A_6_2_2_comp2,P_4_A_6_2_2_comp1+4_A_6_2_2_comp2+4_A_6_2_2_comp3+4_A_6_2_2_comp4,R_4_A_6_2_2,TCDB,TCDB.4_A_6_2_2_comp2
G_4_A_6_2_2_comp3,P_4_A_6_2_2_comp1+4_A_6_2_2_comp2+4_A_6_2_2_comp3+4_A_6_2_2_comp4,R_4_A_6_2_2,TCDB,TCDB.4_A_6_2_2_comp3
G_4_A_6_2_2_comp4,P_4_A_6_2_2_comp1+4_A_6_2_2_comp2+4_A_6_2_2_comp3+4_A_6_2_2_comp4,R_4_A_6_2_2,TCDB,TCDB.4_A_6_2_2_comp4
G_2_A_115_1_5_comp1,P_2_A_115_1_5_comp1,R_2_A_115_1_5,TCDB,TCDB.2_A_115_1_5_comp1
G_9_B_155_2_9_comp1,P_9_B_155_2_9_comp1,R_9_B_155_2_9,TCDB,TCDB.9_B_155_2_9_comp1
G_9_B_72_1_5_comp1,P_9_B_72_1_5_comp1,R_9_B_72_1_5,TCDB,TCDB.9_B_72_1_5_comp1
G_9_B_148_1_5_comp1,P_9_B_148_1_5_comp1,R_9_B_148_1_5,TCDB,TCDB.9_B_148_1_5_comp1
G_3_A_5_8_1_comp1,P_3_A_5_8_1_comp1+3_A_5_8_1_comp2+3_A_5_8_1_comp3+3_A_5_8_1_comp4+3_A_5_8_1_comp5+3_A_5_8_1_comp6+3_A_5_8_1_comp7+3_A_5_8_1_comp8+3_A_5_8_1_comp9+3_A_5_8_1_comp10+3_A_5_8_1_comp11,R_3_A_5_8_1,TCDB,TCDB.3_A_5_8_1_comp1
G_3_A_5_8_1_comp2,P_3_A_5_8_1_comp1+3_A_5_8_1_comp2+3_A_5_8_1_comp3+3_A_5_8_1_comp4+3_A_5_8_1_comp5+3_A_5_8_1_comp6+3_A_5_8_1_comp7+3_A_5_8_1_comp8+3_A_5_8_1_comp9+3_A_5_8_1_comp10+3_A_5_8_1_comp11,R_3_A_5_8_1,TCDB,TCDB.3_A_5_8_1_comp2
G_3_A_5_8_1_comp3,P_3_A_5_8_1_comp1+3_A_5_8_1_comp2+3_A_5_8_1_comp3+3_A_5_8_1_comp4+3_A_5_8_1_comp5+3_A_5_8_1_comp6+3_A_5_8_1_comp7+3_A_5_8_1_comp8+3_A_5_8_1_comp9+3_A_5_8_1_comp10+3_A_5_8_1_comp11,R_3_A_5_8_1,TCDB,TCDB.3_A_5_8_1_comp3
G_3_A_5_8_1_comp4,P_3_A_5_8_1_comp1+3_A_5_8_1_comp2+3_A_5_8_1_comp3+3_A_5_8_1_comp4+3_A_5_8_1_comp5+3_A_5_8_1_comp6+3_A_5_8_1_comp7+3_A_5_8_1_comp8+3_A_5_8_1_comp9+3_A_5_8_1_comp10+3_A_5_8_1_comp11,R_3_A_5_8_1,TCDB,TCDB.3_A_5_8_1_comp4
G_3_A_5_8_1_comp5,P_3_A_5_8_1_comp1+3_A_5_8_1_comp2+3_A_5_8_1_comp3+3_A_5_8_1_comp4+3_A_5_8_1_comp5+3_A_5_8_1_comp6+3_A_5_8_1_comp7+3_A_5_8_1_comp8+3_A_5_8_1_comp9+3_A_5_8_1_comp10+3_A_5_8_1_comp11,R_3_A_5_8_1,TCDB,TCDB.3_A_5_8_1_comp5
G_3_A_5_8_1_comp6,P_3_A_5_8_1_comp1+3_A_5_8_1_comp2+3_A_5_8_1_comp3+3_A_5_8_1_comp4+3_A_5_8_1_comp5+3_A_5_8_1_comp6+3_A_5_8_1_comp7+3_A_5_8_1_comp8+3_A_5_8_1_comp9+3_A_5_8_1_comp10+3_A_5_8_1_comp11,R_3_A_5_8_1,TCDB,TCDB.3_A_5_8_1_comp6
G_3_A_5_8_1_comp7,P_3_A_5_8_1_comp1+3_A_5_8_1_comp2+3_A_5_8_1_comp3+3_A_5_8_1_comp4+3_A_5_8_1_comp5+3_A_5_8_1_comp6+3_A_5_8_1_comp7+3_A_5_8_1_comp8+3_A_5_8_1_comp9+3_A_5_8_1_comp10+3_A_5_8_1_comp11,R_3_A_5_8_1,TCDB,TCDB.3_A_5_8_1_comp7
G_3_A_5_8_1_comp8,P_3_A_5_8_1_comp1+3_A_5_8_1_comp2+3_A_5_8_1_comp3+3_A_5_8_1_comp4+3_A_5_8_1_comp5+3_A_5_8_1_comp6+3_A_5_8_1_comp7+3_A_5_8_1_comp8+3_A_5_8_1_comp9+3_A_5_8_1_comp10+3_A_5_8_1_comp11,R_3_A_5_8_1,TCDB,TCDB.3_A_5_8_1_comp8
G_3_A_5_8_1_comp9,P_3_A_5_8_1_comp1+3_A_5_8_1_comp2+3_A_5_8_1_comp3+3_A_5_8_1_comp4+3_A_5_8_1_comp5+3_A_5_8_1_comp6+3_A_5_8_1_comp7+3_A_5_8_1_comp8+3_A_5_8_1_comp9+3_A_5_8_1_comp10+3_A_5_8_1_comp11,R_3_A_5_8_1,TCDB,TCDB.3_A_5_8_1_comp9
G_3_A_5_8_1_comp10,P_3_A_5_8_1_comp1+3_A_5_8_1_comp2+3_A_5_8_1_comp3+3_A_5_8_1_comp4+3_A_5_8_1_comp5+3_A_5_8_1_comp6+3_A_5_8_1_comp7+3_A_5_8_1_comp8+3_A_5_8_1_comp9+3_A_5_8_1_comp10+3_A_5_8_1_comp11,R_3_A_5_8_1,TCDB,TCDB.3_A_5_8_1_comp10
G_3_A_5_8_1_comp11,P_3_A_5_8_1_comp1+3_A_5_8_1_comp2+3_A_5_8_1_comp3+3_A_5_8_1_comp4+3_A_5_8_1_comp5+3_A_5_8_1_comp6+3_A_5_8_1_comp7+3_A_5_8_1_comp8+3_A_5_8_1_comp9+3_A_5_8_1_comp10+3_A_5_8_1_comp11,R_3_A_5_8_1,TCDB,TCDB.3_A_5_8_1_comp11
G_2_A_85_3_3_comp1,P_2_A_85_3_3_comp1,R_2_A_85_3_3,TCDB,TCDB.2_A_85_3_3_comp1
G_3_A_16_1_2_comp1,P_3_A_16_1_2_comp1+3_A_16_1_2_comp2+3_A_16_1_2_comp3+3_A_16_1_2_comp4+3_A_16_1_2_comp5+3_A_16_1_2_comp6+3_A_16_1_2_comp7+3_A_16_1_2_comp8+3_A_16_1_2_comp9+3_A_16_1_2_comp10+3_A_16_1_2_comp11+3_A_16_1_2_comp12+3_A_16_1_2_comp13+3_A_16_1_2_comp14+3_A_16_1_2_comp15,R_3_A_16_1_2,TCDB,TCDB.3_A_16_1_2_comp1
G_3_A_16_1_2_comp2,P_3_A_16_1_2_comp1+3_A_16_1_2_comp2+3_A_16_1_2_comp3+3_A_16_1_2_comp4+3_A_16_1_2_comp5+3_A_16_1_2_comp6+3_A_16_1_2_comp7+3_A_16_1_2_comp8+3_A_16_1_2_comp9+3_A_16_1_2_comp10+3_A_16_1_2_comp11+3_A_16_1_2_comp12+3_A_16_1_2_comp13+3_A_16_1_2_comp14+3_A_16_1_2_comp15,R_3_A_16_1_2,TCDB,TCDB.3_A_16_1_2_comp2
G_3_A_16_1_2_comp3,P_3_A_16_1_2_comp1+3_A_16_1_2_comp2+3_A_16_1_2_comp3+3_A_16_1_2_comp4+3_A_16_1_2_comp5+3_A_16_1_2_comp6+3_A_16_1_2_comp7+3_A_16_1_2_comp8+3_A_16_1_2_comp9+3_A_16_1_2_comp10+3_A_16_1_2_comp11+3_A_16_1_2_comp12+3_A_16_1_2_comp13+3_A_16_1_2_comp14+3_A_16_1_2_comp15,R_3_A_16_1_2,TCDB,TCDB.3_A_16_1_2_comp3
G_3_A_16_1_2_comp4,P_3_A_16_1_2_comp1+3_A_16_1_2_comp2+3_A_16_1_2_comp3+3_A_16_1_2_comp4+3_A_16_1_2_comp5+3_A_16_1_2_comp6+3_A_16_1_2_comp7+3_A_16_1_2_comp8+3_A_16_1_2_comp9+3_A_16_1_2_comp10+3_A_16_1_2_comp11+3_A_16_1_2_comp12+3_A_16_1_2_comp13+3_A_16_1_2_comp14+3_A_16_1_2_comp15,R_3_A_16_1_2,TCDB,TCDB.3_A_16_1_2_comp4
G_3_A_16_1_2_comp5,P_3_A_16_1_2_comp1+3_A_16_1_2_comp2+3_A_16_1_2_comp3+3_A_16_1_2_comp4+3_A_16_1_2_comp5+3_A_16_1_2_comp6+3_A_16_1_2_comp7+3_A_16_1_2_comp8+3_A_16_1_2_comp9+3_A_16_1_2_comp10+3_A_16_1_2_comp11+3_A_16_1_2_comp12+3_A_16_1_2_comp13+3_A_16_1_2_comp14+3_A_16_1_2_comp15,R_3_A_16_1_2,TCDB,TCDB.3_A_16_1_2_comp5
G_3_A_16_1_2_comp6,P_3_A_16_1_2_comp1+3_A_16_1_2_comp2+3_A_16_1_2_comp3+3_A_16_1_2_comp4+3_A_16_1_2_comp5+3_A_16_1_2_comp6+3_A_16_1_2_comp7+3_A_16_1_2_comp8+3_A_16_1_2_comp9+3_A_16_1_2_comp10+3_A_16_1_2_comp11+3_A_16_1_2_comp12+3_A_16_1_2_comp13+3_A_16_1_2_comp14+3_A_16_1_2_comp15,R_3_A_16_1_2,TCDB,TCDB.3_A_16_1_2_comp6
G_3_A_16_1_2_comp7,P_3_A_16_1_2_comp1+3_A_16_1_2_comp2+3_A_16_1_2_comp3+3_A_16_1_2_comp4+3_A_16_1_2_comp5+3_A_16_1_2_comp6+3_A_16_1_2_comp7+3_A_16_1_2_comp8+3_A_16_1_2_comp9+3_A_16_1_2_comp10+3_A_16_1_2_comp11+3_A_16_1_2_comp12+3_A_16_1_2_comp13+3_A_16_1_2_comp14+3_A_16_1_2_comp15,R_3_A_16_1_2,TCDB,TCDB.3_A_16_1_2_comp7
G_3_A_16_1_2_comp8,P_3_A_16_1_2_comp1+3_A_16_1_2_comp2+3_A_16_1_2_comp3+3_A_16_1_2_comp4+3_A_16_1_2_comp5+3_A_16_1_2_comp6+3_A_16_1_2_comp7+3_A_16_1_2_comp8+3_A_16_1_2_comp9+3_A_16_1_2_comp10+3_A_16_1_2_comp11+3_A_16_1_2_comp12+3_A_16_1_2_comp13+3_A_16_1_2_comp14+3_A_16_1_2_comp15,R_3_A_16_1_2,TCDB,TCDB.3_A_16_1_2_comp8
G_3_A_16_1_2_comp9,P_3_A_16_1_2_comp1+3_A_16_1_2_comp2+3_A_16_1_2_comp3+3_A_16_1_2_comp4+3_A_16_1_2_comp5+3_A_16_1_2_comp6+3_A_16_1_2_comp7+3_A_16_1_2_comp8+3_A_16_1_2_comp9+3_A_16_1_2_comp10+3_A_16_1_2_comp11+3_A_16_1_2_comp12+3_A_16_1_2_comp13+3_A_16_1_2_comp14+3_A_16_1_2_comp15,R_3_A_16_1_2,TCDB,TCDB.3_A_16_1_2_comp9
G_3_A_16_1_2_comp10,P_3_A_16_1_2_comp1+3_A_16_1_2_comp2+3_A_16_1_2_comp3+3_A_16_1_2_comp4+3_A_16_1_2_comp5+3_A_16_1_2_comp6+3_A_16_1_2_comp7+3_A_16_1_2_comp8+3_A_16_1_2_comp9+3_A_16_1_2_comp10+3_A_16_1_2_comp11+3_A_16_1_2_comp12+3_A_16_1_2_comp13+3_A_16_1_2_comp14+3_A_16_1_2_comp15,R_3_A_16_1_2,TCDB,TCDB.3_A_16_1_2_comp10
G_3_A_16_1_2_comp11,P_3_A_16_1_2_comp1+3_A_16_1_2_comp2+3_A_16_1_2_comp3+3_A_16_1_2_comp4+3_A_16_1_2_comp5+3_A_16_1_2_comp6+3_A_16_1_2_comp7+3_A_16_1_2_comp8+3_A_16_1_2_comp9+3_A_16_1_2_comp10+3_A_16_1_2_comp11+3_A_16_1_2_comp12+3_A_16_1_2_comp13+3_A_16_1_2_comp14+3_A_16_1_2_comp15,R_3_A_16_1_2,TCDB,TCDB.3_A_16_1_2_comp11
G_3_A_16_1_2_comp12,P_3_A_16_1_2_comp1+3_A_16_1_2_comp2+3_A_16_1_2_comp3+3_A_16_1_2_comp4+3_A_16_1_2_comp5+3_A_16_1_2_comp6+3_A_16_1_2_comp7+3_A_16_1_2_comp8+3_A_16_1_2_comp9+3_A_16_1_2_comp10+3_A_16_1_2_comp11+3_A_16_1_2_comp12+3_A_16_1_2_comp13+3_A_16_1_2_comp14+3_A_16_1_2_comp15,R_3_A_16_1_2,TCDB,TCDB.3_A_16_1_2_comp12
G_3_A_16_1_2_comp13,P_3_A_16_1_2_comp1+3_A_16_1_2_comp2+3_A_16_1_2_comp3+3_A_16_1_2_comp4+3_A_16_1_2_comp5+3_A_16_1_2_comp6+3_A_16_1_2_comp7+3_A_16_1_2_comp8+3_A_16_1_2_comp9+3_A_16_1_2_comp10+3_A_16_1_2_comp11+3_A_16_1_2_comp12+3_A_16_1_2_comp13+3_A_16_1_2_comp14+3_A_16_1_2_comp15,R_3_A_16_1_2,TCDB,TCDB.3_A_16_1_2_comp13
G_3_A_16_1_2_comp14,P_3_A_16_1_2_comp1+3_A_16_1_2_comp2+3_A_16_1_2_comp3+3_A_16_1_2_comp4+3_A_16_1_2_comp5+3_A_16_1_2_comp6+3_A_16_1_2_comp7+3_A_16_1_2_comp8+3_A_16_1_2_comp9+3_A_16_1_2_comp10+3_A_16_1_2_comp11+3_A_16_1_2_comp12+3_A_16_1_2_comp13+3_A_16_1_2_comp14+3_A_16_1_2_comp15,R_3_A_16_1_2,TCDB,TCDB.3_A_16_1_2_comp14
G_3_A_16_1_2_comp15,P_3_A_16_1_2_comp1+3_A_16_1_2_comp2+3_A_16_1_2_comp3+3_A_16_1_2_comp4+3_A_16_1_2_comp5+3_A_16_1_2_comp6+3_A_16_1_2_comp7+3_A_16_1_2_comp8+3_A_16_1_2_comp9+3_A_16_1_2_comp10+3_A_16_1_2_comp11+3_A_16_1_2_comp12+3_A_16_1_2_comp13+3_A_16_1_2_comp14+3_A_16_1_2_comp15,R_3_A_16_1_2,TCDB,TCDB.3_A_16_1_2_comp15
G_1_C_90_3_3_comp1,P_1_C_90_3_3_comp1,R_1_C_90_3_3,TCDB,TCDB.1_C_90_3_3_comp1
G_2_A_49_9_3_comp1,P_2_A_49_9_3_comp1,R_2_A_49_9_3,TCDB,TCDB.2_A_49_9_3_comp1
G_1_A_1_3_7_comp1,P_1_A_1_3_7_comp1,R_1_A_1_3_7,TCDB,TCDB.1_A_1_3_7_comp1
G_2_A_1_19_21_comp1,P_2_A_1_19_21_comp1,R_2_A_1_19_21,TCDB,TCDB.2_A_1_19_21_comp1
G_8_A_135_2_1_comp1,P_8_A_135_2_1_comp1,R_8_A_135_2_1,TCDB,TCDB.8_A_135_2_1_comp1
G_1_B_23_1_23_comp1,P_1_B_23_1_23_comp1,R_1_B_23_1_23,TCDB,TCDB.1_B_23_1_23_comp1
G_9_B_121_6_8_comp1,P_9_B_121_6_8_comp1,R_9_B_121_6_8,TCDB,TCDB.9_B_121_6_8_comp1
G_1_B_12_2_4_comp1,P_1_B_12_2_4_comp1,R_1_B_12_2_4,TCDB,TCDB.1_B_12_2_4_comp1
G_1_B_17_2_5_comp1,P_1_B_17_2_5_comp1,R_1_B_17_2_5,TCDB,TCDB.1_B_17_2_5_comp1
G_1_B_33_2_3_comp1,P_1_B_33_2_3_comp1,R_1_B_33_2_3,TCDB,TCDB.1_B_33_2_3_comp1
G_1_B_23_1_3_comp1,P_1_B_23_1_3_comp1,R_1_B_23_1_3,TCDB,TCDB.1_B_23_1_3_comp1
G_1_E_5_3_4_comp1,P_1_E_5_3_4_comp1,R_1_E_5_3_4,TCDB,TCDB.1_E_5_3_4_comp1
G_4_A_5_1_6_comp1,P_4_A_5_1_6_comp1+4_A_5_1_6_comp2+4_A_5_1_6_comp3,R_4_A_5_1_6,TCDB,TCDB.4_A_5_1_6_comp1
G_4_A_5_1_6_comp2,P_4_A_5_1_6_comp1+4_A_5_1_6_comp2+4_A_5_1_6_comp3,R_4_A_5_1_6,TCDB,TCDB.4_A_5_1_6_comp2
G_4_A_5_1_6_comp3,P_4_A_5_1_6_comp1+4_A_5_1_6_comp2+4_A_5_1_6_comp3,R_4_A_5_1_6,TCDB,TCDB.4_A_5_1_6_comp3
G_1_C_131_1_4_comp1,P_1_C_131_1_4_comp1,R_1_C_131_1_4,TCDB,TCDB.1_C_131_1_4_comp1
G_2_A_118_1_4_comp1,P_2_A_118_1_4_comp1,R_2_A_118_1_4,TCDB,TCDB.2_A_118_1_4_comp1
G_9_B_8_2_11_comp1,P_9_B_8_2_11_comp1,R_9_B_8_2_11,TCDB,TCDB.9_B_8_2_11_comp1
G_1_B_35_4_3_comp1,P_1_B_35_4_3_comp1,R_1_B_35_4_3,TCDB,TCDB.1_B_35_4_3_comp1
G_9_B_29_2_5_comp1,P_9_B_29_2_5_comp1,R_9_B_29_2_5,TCDB,TCDB.9_B_29_2_5_comp1
G_9_B_156_1_5_comp1,P_9_B_156_1_5_comp1,R_9_B_156_1_5,TCDB,TCDB.9_B_156_1_5_comp1
G_1_E_40_4_1_comp1,P_1_E_40_4_1_comp1,R_1_E_40_4_1,TCDB,TCDB.1_E_40_4_1_comp1
G_1_E_14_2_1_comp1,P_1_E_14_2_1_comp1,R_1_E_14_2_1,TCDB,TCDB.1_E_14_2_1_comp1
G_1_E_14_2_2_comp1,P_1_E_14_2_2_comp1,R_1_E_14_2_2,TCDB,TCDB.1_E_14_2_2_comp1
G_2_A_109_3_1_comp1,P_2_A_109_3_1_comp1,R_2_A_109_3_1,TCDB,TCDB.2_A_109_3_1_comp1
G_1_B_6_5_1_comp1,P_1_B_6_5_1_comp1,R_1_B_6_5_1,TCDB,TCDB.1_B_6_5_1_comp1
G_1_B_56_1_5_comp1,P_1_B_56_1_5_comp1,R_1_B_56_1_5,TCDB,TCDB.1_B_56_1_5_comp1
G_2_A_114_1_6_comp1,P_2_A_114_1_6_comp1,R_2_A_114_1_6,TCDB,TCDB.2_A_114_1_6_comp1
G_1_B_44_2_4_comp1,P_1_B_44_2_4_comp1,R_1_B_44_2_4,TCDB,TCDB.1_B_44_2_4_comp1
G_1_B_23_3_2_comp1,P_1_B_23_3_2_comp1,R_1_B_23_3_2,TCDB,TCDB.1_B_23_3_2_comp1
G_1_B_23_3_1_comp1,P_1_B_23_3_1_comp1,R_1_B_23_3_1,TCDB,TCDB.1_B_23_3_1_comp1
G_1_B_23_3_3_comp1,P_1_B_23_3_3_comp1,R_1_B_23_3_3,TCDB,TCDB.1_B_23_3_3_comp1
G_3_A_1_1_9_comp1,P_3_A_1_1_9_comp1+3_A_1_1_9_comp2+3_A_1_1_9_comp3,R_3_A_1_1_9,TCDB,TCDB.3_A_1_1_9_comp1
G_3_A_1_1_9_comp2,P_3_A_1_1_9_comp1+3_A_1_1_9_comp2+3_A_1_1_9_comp3,R_3_A_1_1_9,TCDB,TCDB.3_A_1_1_9_comp2
G_3_A_1_1_9_comp3,P_3_A_1_1_9_comp1+3_A_1_1_9_comp2+3_A_1_1_9_comp3,R_3_A_1_1_9,TCDB,TCDB.3_A_1_1_9_comp3
G_2_A_1_58_5_comp1,P_2_A_1_58_5_comp1,R_2_A_1_58_5,TCDB,TCDB.2_A_1_58_5_comp1
G_2_A_29_14_10_comp1,P_2_A_29_14_10_comp1,R_2_A_29_14_10,TCDB,TCDB.2_A_29_14_10_comp1
G_9_B_198_1_3_comp1,P_9_B_198_1_3_comp1,R_9_B_198_1_3,TCDB,TCDB.9_B_198_1_3_comp1
G_1_B_13_3_4_comp1,P_1_B_13_3_4_comp1,R_1_B_13_3_4,TCDB,TCDB.1_B_13_3_4_comp1
G_2_A_86_1_5_comp1,P_2_A_86_1_5_comp1,R_2_A_86_1_5,TCDB,TCDB.2_A_86_1_5_comp1
G_8_B_1_1_11_comp1,P_8_B_1_1_11_comp1,R_8_B_1_1_11,TCDB,TCDB.8_B_1_1_11_comp1
G_4_D_2_1_7_comp1,P_4_D_2_1_7_comp1,R_4_D_2_1_7,TCDB,TCDB.4_D_2_1_7_comp1
G_3_A_1_147_6_comp1,P_3_A_1_147_6_comp1+3_A_1_147_6_comp2,R_3_A_1_147_6,TCDB,TCDB.3_A_1_147_6_comp1
G_3_A_1_147_6_comp2,P_3_A_1_147_6_comp1+3_A_1_147_6_comp2,R_3_A_1_147_6,TCDB,TCDB.3_A_1_147_6_comp2
G_1_B_50_2_2_comp1,P_1_B_50_2_2_comp1,R_1_B_50_2_2,TCDB,TCDB.1_B_50_2_2_comp1
G_9_B_117_3_1_comp1,P_9_B_117_3_1_comp1,R_9_B_117_3_1,TCDB,TCDB.9_B_117_3_1_comp1
G_1_M_1_3_13_comp1,P_1_M_1_3_13_comp1,R_1_M_1_3_13,TCDB,TCDB.1_M_1_3_13_comp1
G_1_B_96_1_1_comp1,P_1_B_96_1_1_comp1,R_1_B_96_1_1,TCDB,TCDB.1_B_96_1_1_comp1
G_1_C_132_1_2_comp1,P_1_C_132_1_2_comp1,R_1_C_132_1_2,TCDB,TCDB.1_C_132_1_2_comp1
G_8_A_234_1_5_comp1,P_8_A_234_1_5_comp1,R_8_A_234_1_5,TCDB,TCDB.8_A_234_1_5_comp1
G_1_A_121_1_3_comp1,P_1_A_121_1_3_comp1,R_1_A_121_1_3,TCDB,TCDB.1_A_121_1_3_comp1
G_9_B_95_1_4_comp1,P_9_B_95_1_4_comp1,R_9_B_95_1_4,TCDB,TCDB.9_B_95_1_4_comp1
G_9_A_35_1_5_comp1,P_9_A_35_1_5_comp1,R_9_A_35_1_5,TCDB,TCDB.9_A_35_1_5_comp1
G_2_A_32_1_9_comp1,P_2_A_32_1_9_comp1,R_2_A_32_1_9,TCDB,TCDB.2_A_32_1_9_comp1
G_8_A_135_2_4_comp1,P_8_A_135_2_4_comp1,R_8_A_135_2_4,TCDB,TCDB.8_A_135_2_4_comp1
G_1_A_6_1_15_comp1,P_1_A_6_1_15_comp1,R_1_A_6_1_15,TCDB,TCDB.1_A_6_1_15_comp1
G_8_A_205_1_4_comp1,P_8_A_205_1_4_comp1,R_8_A_205_1_4,TCDB,TCDB.8_A_205_1_4_comp1
G_8_A_207_1_4_comp1,P_8_A_207_1_4_comp1,R_8_A_207_1_4,TCDB,TCDB.8_A_207_1_4_comp1
G_1_C_18_1_4_comp1,P_1_C_18_1_4_comp1,R_1_C_18_1_4,TCDB,TCDB.1_C_18_1_4_comp1
G_1_C_52_2_3_comp1,P_1_C_52_2_3_comp1,R_1_C_52_2_3,TCDB,TCDB.1_C_52_2_3_comp1
G_9_B_454_1_2_comp1,P_9_B_454_1_2_comp1,R_9_B_454_1_2,TCDB,TCDB.9_B_454_1_2_comp1
G_1_A_140_1_5_comp1,P_1_A_140_1_5_comp1,R_1_A_140_1_5,TCDB,TCDB.1_A_140_1_5_comp1
G_2_A_134_1_2_comp1,P_2_A_134_1_2_comp1,R_2_A_134_1_2,TCDB,TCDB.2_A_134_1_2_comp1
G_8_A_141_1_3_comp1,P_8_A_141_1_3_comp1,R_8_A_141_1_3,TCDB,TCDB.8_A_141_1_3_comp1
G_9_B_8_1_14_comp1,P_9_B_8_1_14_comp1,R_9_B_8_1_14,TCDB,TCDB.9_B_8_1_14_comp1
G_9_B_9_1_6_comp1,P_9_B_9_1_6_comp1,R_9_B_9_1_6,TCDB,TCDB.9_B_9_1_6_comp1
G_9_B_439_1_5_comp1,P_9_B_439_1_5_comp1,R_9_B_439_1_5,TCDB,TCDB.9_B_439_1_5_comp1
G_9_B_438_1_7_comp1,P_9_B_438_1_7_comp1,R_9_B_438_1_7,TCDB,TCDB.9_B_438_1_7_comp1
G_8_A_185_1_5_comp1,P_8_A_185_1_5_comp1,R_8_A_185_1_5,TCDB,TCDB.8_A_185_1_5_comp1
G_9_B_421_1_4_comp1,P_9_B_421_1_4_comp1,R_9_B_421_1_4,TCDB,TCDB.9_B_421_1_4_comp1
G_1_A_126_1_11_comp1,P_1_A_126_1_11_comp1,R_1_A_126_1_11,TCDB,TCDB.1_A_126_1_11_comp1
G_2_A_9_3_10_comp1,P_2_A_9_3_10_comp1,R_2_A_9_3_10,TCDB,TCDB.2_A_9_3_10_comp1
G_9_B_440_1_7_comp1,P_9_B_440_1_7_comp1,R_9_B_440_1_7,TCDB,TCDB.9_B_440_1_7_comp1
G_9_B_105_1_10_comp1,P_9_B_105_1_10_comp1,R_9_B_105_1_10,TCDB,TCDB.9_B_105_1_10_comp1
G_1_C_132_1_4_comp1,P_1_C_132_1_4_comp1,R_1_C_132_1_4,TCDB,TCDB.1_C_132_1_4_comp1
G_1_A_87_2_15_comp1,P_1_A_87_2_15_comp1,R_1_A_87_2_15,TCDB,TCDB.1_A_87_2_15_comp1
G_1_B_9_1_5_comp1,P_1_B_9_1_5_comp1,R_1_B_9_1_5,TCDB,TCDB.1_B_9_1_5_comp1
G_9_A_14_26_2_comp1,P_9_A_14_26_2_comp1,R_9_A_14_26_2,TCDB,TCDB.9_A_14_26_2_comp1
G_1_A_7_2_13_comp1,P_1_A_7_2_13_comp1,R_1_A_7_2_13,TCDB,TCDB.1_A_7_2_13_comp1
G_2_A_40_8_8_comp1,P_2_A_40_8_8_comp1,R_2_A_40_8_8,TCDB,TCDB.2_A_40_8_8_comp1
G_1_A_82_1_8_comp1,P_1_A_82_1_8_comp1,R_1_A_82_1_8,TCDB,TCDB.1_A_82_1_8_comp1
G_8_A_171_1_4_comp1,P_8_A_171_1_4_comp1,R_8_A_171_1_4,TCDB,TCDB.8_A_171_1_4_comp1
G_8_A_231_2_2_comp1,P_8_A_231_2_2_comp1,R_8_A_231_2_2,TCDB,TCDB.8_A_231_2_2_comp1
G_9_A_35_1_6_comp1,P_9_A_35_1_6_comp1,R_9_A_35_1_6,TCDB,TCDB.9_A_35_1_6_comp1
G_9_B_422_1_6_comp1,P_9_B_422_1_6_comp1,R_9_B_422_1_6,TCDB,TCDB.9_B_422_1_6_comp1
G_8_A_179_1_5_comp1,P_8_A_179_1_5_comp1,R_8_A_179_1_5,TCDB,TCDB.8_A_179_1_5_comp1
G_9_B_422_1_2_comp1,P_9_B_422_1_2_comp1,R_9_B_422_1_2,TCDB,TCDB.9_B_422_1_2_comp1
G_9_B_247_2_4_comp1,P_9_B_247_2_4_comp1,R_9_B_247_2_4,TCDB,TCDB.9_B_247_2_4_comp1
G_9_B_422_1_9_comp1,P_9_B_422_1_9_comp1,R_9_B_422_1_9,TCDB,TCDB.9_B_422_1_9_comp1
G_9_A_80_1_4_comp1,P_9_A_80_1_4_comp1,R_9_A_80_1_4,TCDB,TCDB.9_A_80_1_4_comp1
G_8_A_189_1_3_comp1,P_8_A_189_1_3_comp1,R_8_A_189_1_3,TCDB,TCDB.8_A_189_1_3_comp1
G_8_A_166_1_11_comp1,P_8_A_166_1_11_comp1,R_8_A_166_1_11,TCDB,TCDB.8_A_166_1_11_comp1
G_9_B_87_5_7_comp1,P_9_B_87_5_7_comp1,R_9_B_87_5_7,TCDB,TCDB.9_B_87_5_7_comp1
G_8_A_227_1_4_comp1,P_8_A_227_1_4_comp1,R_8_A_227_1_4,TCDB,TCDB.8_A_227_1_4_comp1
G_9_B_453_1_8_comp1,P_9_B_453_1_8_comp1,R_9_B_453_1_8,TCDB,TCDB.9_B_453_1_8_comp1
G_8_A_177_1_6_comp1,P_8_A_177_1_6_comp1,R_8_A_177_1_6,TCDB,TCDB.8_A_177_1_6_comp1
G_1_A_6_1_16_comp1,P_1_A_6_1_16_comp1,R_1_A_6_1_16,TCDB,TCDB.1_A_6_1_16_comp1
G_9_B_453_1_6_comp1,P_9_B_453_1_6_comp1,R_9_B_453_1_6,TCDB,TCDB.9_B_453_1_6_comp1
G_8_A_43_2_2_comp1,P_8_A_43_2_2_comp1,R_8_A_43_2_2,TCDB,TCDB.8_A_43_2_2_comp1
G_8_A_184_1_4_comp1,P_8_A_184_1_4_comp1,R_8_A_184_1_4,TCDB,TCDB.8_A_184_1_4_comp1
G_1_B_40_1_7_comp1,P_1_B_40_1_7_comp1,R_1_B_40_1_7,TCDB,TCDB.1_B_40_1_7_comp1
G_3_A_1_4_15_comp1,P_3_A_1_4_15_comp1+3_A_1_4_15_comp2+3_A_1_4_15_comp3+3_A_1_4_15_comp4+3_A_1_4_15_comp5+3_A_1_4_15_comp6,R_3_A_1_4_15,TCDB,TCDB.3_A_1_4_15_comp1
G_3_A_1_4_15_comp2,P_3_A_1_4_15_comp1+3_A_1_4_15_comp2+3_A_1_4_15_comp3+3_A_1_4_15_comp4+3_A_1_4_15_comp5+3_A_1_4_15_comp6,R_3_A_1_4_15,TCDB,TCDB.3_A_1_4_15_comp2
G_3_A_1_4_15_comp3,P_3_A_1_4_15_comp1+3_A_1_4_15_comp2+3_A_1_4_15_comp3+3_A_1_4_15_comp4+3_A_1_4_15_comp5+3_A_1_4_15_comp6,R_3_A_1_4_15,TCDB,TCDB.3_A_1_4_15_comp3
G_3_A_1_4_15_comp4,P_3_A_1_4_15_comp1+3_A_1_4_15_comp2+3_A_1_4_15_comp3+3_A_1_4_15_comp4+3_A_1_4_15_comp5+3_A_1_4_15_comp6,R_3_A_1_4_15,TCDB,TCDB.3_A_1_4_15_comp4
G_3_A_1_4_15_comp5,P_3_A_1_4_15_comp1+3_A_1_4_15_comp2+3_A_1_4_15_comp3+3_A_1_4_15_comp4+3_A_1_4_15_comp5+3_A_1_4_15_comp6,R_3_A_1_4_15,TCDB,TCDB.3_A_1_4_15_comp5
G_3_A_1_4_15_comp6,P_3_A_1_4_15_comp1+3_A_1_4_15_comp2+3_A_1_4_15_comp3+3_A_1_4_15_comp4+3_A_1_4_15_comp5+3_A_1_4_15_comp6,R_3_A_1_4_15,TCDB,TCDB.3_A_1_4_15_comp6
G_9_B_247_2_5_comp1,P_9_B_247_2_5_comp1,R_9_B_247_2_5,TCDB,TCDB.9_B_247_2_5_comp1
G_1_B_17_3_12_comp1,P_1_B_17_3_12_comp1,R_1_B_17_3_12,TCDB,TCDB.1_B_17_3_12_comp1
G_9_B_142_11_11_comp1,P_9_B_142_11_11_comp1,R_9_B_142_11_11,TCDB,TCDB.9_B_142_11_11_comp1
G_9_B_274_1_4_comp1,P_9_B_274_1_4_comp1,R_9_B_274_1_4,TCDB,TCDB.9_B_274_1_4_comp1
G_1_B_59_2_2_comp1,P_1_B_59_2_2_comp1,R_1_B_59_2_2,TCDB,TCDB.1_B_59_2_2_comp1
G_2_C_1_1_12_comp1,P_2_C_1_1_12_comp1,R_2_C_1_1_12,TCDB,TCDB.2_C_1_1_12_comp1
G_4_A_6_1_25_comp1,P_4_A_6_1_25_comp1+4_A_6_1_25_comp2+4_A_6_1_25_comp3+4_A_6_1_25_comp4,R_4_A_6_1_25,TCDB,TCDB.4_A_6_1_25_comp1
G_4_A_6_1_25_comp2,P_4_A_6_1_25_comp1+4_A_6_1_25_comp2+4_A_6_1_25_comp3+4_A_6_1_25_comp4,R_4_A_6_1_25,TCDB,TCDB.4_A_6_1_25_comp2
G_4_A_6_1_25_comp3,P_4_A_6_1_25_comp1+4_A_6_1_25_comp2+4_A_6_1_25_comp3+4_A_6_1_25_comp4,R_4_A_6_1_25,TCDB,TCDB.4_A_6_1_25_comp3
G_4_A_6_1_25_comp4,P_4_A_6_1_25_comp1+4_A_6_1_25_comp2+4_A_6_1_25_comp3+4_A_6_1_25_comp4,R_4_A_6_1_25,TCDB,TCDB.4_A_6_1_25_comp4
G_9_A_83_1_1_comp1,P_9_A_83_1_1_comp1+9_A_83_1_1_comp2,R_9_A_83_1_1,TCDB,TCDB.9_A_83_1_1_comp1
G_9_A_83_1_1_comp2,P_9_A_83_1_1_comp1+9_A_83_1_1_comp2,R_9_A_83_1_1,TCDB,TCDB.9_A_83_1_1_comp2
G_1_B_92_1_7_comp1,P_1_B_92_1_7_comp1,R_1_B_92_1_7,TCDB,TCDB.1_B_92_1_7_comp1
G_1_A_1_10_21_comp1,P_1_A_1_10_21_comp1+1_A_1_10_21_comp2,R_1_A_1_10_21,TCDB,TCDB.1_A_1_10_21_comp1
G_1_A_1_10_21_comp2,P_1_A_1_10_21_comp1+1_A_1_10_21_comp2,R_1_A_1_10_21,TCDB,TCDB.1_A_1_10_21_comp2
G_2_A_50_4_7_comp1,P_2_A_50_4_7_comp1,R_2_A_50_4_7,TCDB,TCDB.2_A_50_4_7_comp1
G_8_A_111_1_8_comp1,P_8_A_111_1_8_comp1,R_8_A_111_1_8,TCDB,TCDB.8_A_111_1_8_comp1
G_1_C_41_2_8_comp1,P_1_C_41_2_8_comp1+1_C_41_2_8_comp2,R_1_C_41_2_8,TCDB,TCDB.1_C_41_2_8_comp1
G_1_C_41_2_8_comp2,P_1_C_41_2_8_comp1+1_C_41_2_8_comp2,R_1_C_41_2_8,TCDB,TCDB.1_C_41_2_8_comp2
G_1_B_6_7_2_comp1,P_1_B_6_7_2_comp1,R_1_B_6_7_2,TCDB,TCDB.1_B_6_7_2_comp1
G_3_A_1_158_2_comp1,P_3_A_1_158_2_comp1+3_A_1_158_2_comp2+3_A_1_158_2_comp3,R_3_A_1_158_2,TCDB,TCDB.3_A_1_158_2_comp1
G_3_A_1_158_2_comp2,P_3_A_1_158_2_comp1+3_A_1_158_2_comp2+3_A_1_158_2_comp3,R_3_A_1_158_2,TCDB,TCDB.3_A_1_158_2_comp2
G_3_A_1_158_2_comp3,P_3_A_1_158_2_comp1+3_A_1_158_2_comp2+3_A_1_158_2_comp3,R_3_A_1_158_2,TCDB,TCDB.3_A_1_158_2_comp3
G_9_A_32_1_3_comp1,P_9_A_32_1_3_comp1,R_9_A_32_1_3,TCDB,TCDB.9_A_32_1_3_comp1
G_9_B_368_1_9_comp1,P_9_B_368_1_9_comp1,R_9_B_368_1_9,TCDB,TCDB.9_B_368_1_9_comp1
G_5_B_1_1_10_comp1,P_5_B_1_1_10_comp1+5_B_1_1_10_comp2,R_5_B_1_1_10,TCDB,TCDB.5_B_1_1_10_comp1
G_5_B_1_1_10_comp2,P_5_B_1_1_10_comp1+5_B_1_1_10_comp2,R_5_B_1_1_10,TCDB,TCDB.5_B_1_1_10_comp2
G_8_A_123_1_3_comp1,P_8_A_123_1_3_comp1,R_8_A_123_1_3,TCDB,TCDB.8_A_123_1_3_comp1
G_8_A_35_1_5_comp1,P_8_A_35_1_5_comp1,R_8_A_35_1_5,TCDB,TCDB.8_A_35_1_5_comp1
G_1_H_3_2_2_comp1,P_1_H_3_2_2_comp1,R_1_H_3_2_2,TCDB,TCDB.1_H_3_2_2_comp1
G_8_A_80_3_1_comp1,P_8_A_80_3_1_comp1,R_8_A_80_3_1,TCDB,TCDB.8_A_80_3_1_comp1
G_8_A_85_1_5_comp1,P_8_A_85_1_5_comp1,R_8_A_85_1_5,TCDB,TCDB.8_A_85_1_5_comp1
G_9_B_311_1_22_comp1,P_9_B_311_1_22_comp1,R_9_B_311_1_22,TCDB,TCDB.9_B_311_1_22_comp1
G_2_A_56_1_15_comp1,P_2_A_56_1_15_comp1+2_A_56_1_15_comp2+2_A_56_1_15_comp3,R_2_A_56_1_15,TCDB,TCDB.2_A_56_1_15_comp1
G_2_A_56_1_15_comp2,P_2_A_56_1_15_comp1+2_A_56_1_15_comp2+2_A_56_1_15_comp3,R_2_A_56_1_15,TCDB,TCDB.2_A_56_1_15_comp2
G_2_A_56_1_15_comp3,P_2_A_56_1_15_comp1+2_A_56_1_15_comp2+2_A_56_1_15_comp3,R_2_A_56_1_15,TCDB,TCDB.2_A_56_1_15_comp3
G_8_A_159_2_1_comp1,P_8_A_159_2_1_comp1,R_8_A_159_2_1,TCDB,TCDB.8_A_159_2_1_comp1
G_1_H_3_1_11_comp1,P_1_H_3_1_11_comp1,R_1_H_3_1_11,TCDB,TCDB.1_H_3_1_11_comp1
G_2_A_7_3_76_comp1,P_2_A_7_3_76_comp1,R_2_A_7_3_76,TCDB,TCDB.2_A_7_3_76_comp1
G_1_H_3_1_9_comp1,P_1_H_3_1_9_comp1,R_1_H_3_1_9,TCDB,TCDB.1_H_3_1_9_comp1
G_9_B_439_1_2_comp1,P_9_B_439_1_2_comp1,R_9_B_439_1_2,TCDB,TCDB.9_B_439_1_2_comp1
G_2_A_119_2_4_comp1,P_2_A_119_2_4_comp1,R_2_A_119_2_4,TCDB,TCDB.2_A_119_2_4_comp1
G_1_E_66_1_4_comp1,P_1_E_66_1_4_comp1,R_1_E_66_1_4,TCDB,TCDB.1_E_66_1_4_comp1
G_1_A_136_1_2_comp1,P_1_A_136_1_2_comp1+1_A_136_1_2_comp2+1_A_136_1_2_comp3,R_1_A_136_1_2,TCDB,TCDB.1_A_136_1_2_comp1
G_1_A_136_1_2_comp2,P_1_A_136_1_2_comp1+1_A_136_1_2_comp2+1_A_136_1_2_comp3,R_1_A_136_1_2,TCDB,TCDB.1_A_136_1_2_comp2
G_1_A_136_1_2_comp3,P_1_A_136_1_2_comp1+1_A_136_1_2_comp2+1_A_136_1_2_comp3,R_1_A_136_1_2,TCDB,TCDB.1_A_136_1_2_comp3
G_1_C_120_1_4_comp1,P_1_C_120_1_4_comp1,R_1_C_120_1_4,TCDB,TCDB.1_C_120_1_4_comp1
G_8_A_115_1_4_comp1,P_8_A_115_1_4_comp1,R_8_A_115_1_4,TCDB,TCDB.8_A_115_1_4_comp1
G_8_A_169_1_4_comp1,P_8_A_169_1_4_comp1,R_8_A_169_1_4,TCDB,TCDB.8_A_169_1_4_comp1
G_1_A_91_1_4_comp1,P_1_A_91_1_4_comp1,R_1_A_91_1_4,TCDB,TCDB.1_A_91_1_4_comp1
G_8_A_144_1_2_comp1,P_8_A_144_1_2_comp1,R_8_A_144_1_2,TCDB,TCDB.8_A_144_1_2_comp1
G_1_M_1_3_3_comp1,P_1_M_1_3_3_comp1,R_1_M_1_3_3,TCDB,TCDB.1_M_1_3_3_comp1
G_4_C_3_2_3_comp1,P_4_C_3_2_3_comp1,R_4_C_3_2_3,TCDB,TCDB.4_C_3_2_3_comp1
G_2_A_43_2_12_comp1,P_2_A_43_2_12_comp1,R_2_A_43_2_12,TCDB,TCDB.2_A_43_2_12_comp1
G_8_A_133_1_9_comp1,P_8_A_133_1_9_comp1,R_8_A_133_1_9,TCDB,TCDB.8_A_133_1_9_comp1
G_9_B_235_1_4_comp1,P_9_B_235_1_4_comp1,R_9_B_235_1_4,TCDB,TCDB.9_B_235_1_4_comp1
G_8_A_107_2_3_comp1,P_8_A_107_2_3_comp1,R_8_A_107_2_3,TCDB,TCDB.8_A_107_2_3_comp1
G_9_B_317_1_4_comp1,P_9_B_317_1_4_comp1,R_9_B_317_1_4,TCDB,TCDB.9_B_317_1_4_comp1
G_3_A_1_201_41_comp1,P_3_A_1_201_41_comp1,R_3_A_1_201_41,TCDB,TCDB.3_A_1_201_41_comp1
G_3_A_1_204_40_comp1,P_3_A_1_204_40_comp1,R_3_A_1_204_40,TCDB,TCDB.3_A_1_204_40_comp1
G_3_A_1_211_27_comp1,P_3_A_1_211_27_comp1,R_3_A_1_211_27,TCDB,TCDB.3_A_1_211_27_comp1
G_3_A_1_204_36_comp1,P_3_A_1_204_36_comp1,R_3_A_1_204_36,TCDB,TCDB.3_A_1_204_36_comp1
G_8_A_197_1_4_comp1,P_8_A_197_1_4_comp1,R_8_A_197_1_4,TCDB,TCDB.8_A_197_1_4_comp1
G_9_B_317_2_1_comp1,P_9_B_317_2_1_comp1,R_9_B_317_2_1,TCDB,TCDB.9_B_317_2_1_comp1
G_8_A_171_1_3_comp1,P_8_A_171_1_3_comp1,R_8_A_171_1_3,TCDB,TCDB.8_A_171_1_3_comp1
G_9_B_135_2_6_comp1,P_9_B_135_2_6_comp1,R_9_B_135_2_6,TCDB,TCDB.9_B_135_2_6_comp1
G_8_A_40_3_4_comp1,P_8_A_40_3_4_comp1,R_8_A_40_3_4,TCDB,TCDB.8_A_40_3_4_comp1
G_3_A_1_207_15_comp1,P_3_A_1_207_15_comp1,R_3_A_1_207_15,TCDB,TCDB.3_A_1_207_15_comp1
G_3_A_1_207_13_comp1,P_3_A_1_207_13_comp1,R_3_A_1_207_13,TCDB,TCDB.3_A_1_207_13_comp1
G_9_B_311_1_11_comp1,P_9_B_311_1_11_comp1,R_9_B_311_1_11,TCDB,TCDB.9_B_311_1_11_comp1
G_3_A_1_207_6_comp1,P_3_A_1_207_6_comp1,R_3_A_1_207_6,TCDB,TCDB.3_A_1_207_6_comp1
G_1_B_95_4_2_comp1,P_1_B_95_4_2_comp1,R_1_B_95_4_2,TCDB,TCDB.1_B_95_4_2_comp1
G_1_M_13_1_4_comp1,P_1_M_13_1_4_comp1,R_1_M_13_1_4,TCDB,TCDB.1_M_13_1_4_comp1
G_8_A_128_5_3_comp1,P_8_A_128_5_3_comp1,R_8_A_128_5_3,TCDB,TCDB.8_A_128_5_3_comp1
G_2_C_1_3_6_comp1,P_2_C_1_3_6_comp1,R_2_C_1_3_6,TCDB,TCDB.2_C_1_3_6_comp1
G_9_B_354_2_5_comp1,P_9_B_354_2_5_comp1,R_9_B_354_2_5,TCDB,TCDB.9_B_354_2_5_comp1
G_1_A_7_2_4_comp1,P_1_A_7_2_4_comp1,R_1_A_7_2_4,TCDB,TCDB.1_A_7_2_4_comp1
G_9_B_215_1_5_comp1,P_9_B_215_1_5_comp1,R_9_B_215_1_5,TCDB,TCDB.9_B_215_1_5_comp1
G_1_A_75_1_17_comp1,P_1_A_75_1_17_comp1,R_1_A_75_1_17,TCDB,TCDB.1_A_75_1_17_comp1
G_2_A_125_1_4_comp1,P_2_A_125_1_4_comp1,R_2_A_125_1_4,TCDB,TCDB.2_A_125_1_4_comp1
G_1_N_3_1_4_comp1,P_1_N_3_1_4_comp1,R_1_N_3_1_4,TCDB,TCDB.1_N_3_1_4_comp1
G_1_A_56_3_3_comp1,P_1_A_56_3_3_comp1,R_1_A_56_3_3,TCDB,TCDB.1_A_56_3_3_comp1
G_1_A_17_6_10_comp1,P_1_A_17_6_10_comp1,R_1_A_17_6_10,TCDB,TCDB.1_A_17_6_10_comp1
G_1_W_6_3_2_comp1,P_1_W_6_3_2_comp1,R_1_W_6_3_2,TCDB,TCDB.1_W_6_3_2_comp1
G_9_B_302_1_4_comp1,P_9_B_302_1_4_comp1,R_9_B_302_1_4,TCDB,TCDB.9_B_302_1_4_comp1
G_9_B_2_1_24_comp1,P_9_B_2_1_24_comp1,R_9_B_2_1_24,TCDB,TCDB.9_B_2_1_24_comp1
G_9_A_74_1_11_comp1,P_9_A_74_1_11_comp1,R_9_A_74_1_11,TCDB,TCDB.9_A_74_1_11_comp1
G_1_E_53_2_2_comp1,P_1_E_53_2_2_comp1,R_1_E_53_2_2,TCDB,TCDB.1_E_53_2_2_comp1
G_9_B_148_4_3_comp1,P_9_B_148_4_3_comp1,R_9_B_148_4_3,TCDB,TCDB.9_B_148_4_3_comp1
G_9_B_313_1_2_comp1,P_9_B_313_1_2_comp1,R_9_B_313_1_2,TCDB,TCDB.9_B_313_1_2_comp1
G_1_C_105_2_14_comp1,P_1_C_105_2_14_comp1,R_1_C_105_2_14,TCDB,TCDB.1_C_105_2_14_comp1
G_1_E_27_1_8_comp1,P_1_E_27_1_8_comp1,R_1_E_27_1_8,TCDB,TCDB.1_E_27_1_8_comp1
G_8_A_229_1_1_comp1,P_8_A_229_1_1_comp1,R_8_A_229_1_1,TCDB,TCDB.8_A_229_1_1_comp1
G_1_A_86_1_4_comp1,P_1_A_86_1_4_comp1,R_1_A_86_1_4,TCDB,TCDB.1_A_86_1_4_comp1
G_1_C_37_1_13_comp1,P_1_C_37_1_13_comp1,R_1_C_37_1_13,TCDB,TCDB.1_C_37_1_13_comp1
G_9_B_259_1_2_comp1,P_9_B_259_1_2_comp1,R_9_B_259_1_2,TCDB,TCDB.9_B_259_1_2_comp1
G_9_B_266_1_2_comp1,P_9_B_266_1_2_comp1,R_9_B_266_1_2,TCDB,TCDB.9_B_266_1_2_comp1
G_9_B_159_1_3_comp1,P_9_B_159_1_3_comp1,R_9_B_159_1_3,TCDB,TCDB.9_B_159_1_3_comp1
G_9_B_210_1_8_comp1,P_9_B_210_1_8_comp1,R_9_B_210_1_8,TCDB,TCDB.9_B_210_1_8_comp1
G_9_B_442_1_4_comp1,P_9_B_442_1_4_comp1,R_9_B_442_1_4,TCDB,TCDB.9_B_442_1_4_comp1
G_1_H_3_1_8_comp1,P_1_H_3_1_8_comp1,R_1_H_3_1_8,TCDB,TCDB.1_H_3_1_8_comp1
G_1_A_75_1_13_comp1,P_1_A_75_1_13_comp1,R_1_A_75_1_13,TCDB,TCDB.1_A_75_1_13_comp1
G_1_A_138_1_3_comp1,P_1_A_138_1_3_comp1,R_1_A_138_1_3,TCDB,TCDB.1_A_138_1_3_comp1
G_9_A_32_1_5_comp1,P_9_A_32_1_5_comp1,R_9_A_32_1_5,TCDB,TCDB.9_A_32_1_5_comp1
G_9_B_142_15_7_comp1,P_9_B_142_15_7_comp1,R_9_B_142_15_7,TCDB,TCDB.9_B_142_15_7_comp1
G_1_M_1_3_34_comp1,P_1_M_1_3_34_comp1,R_1_M_1_3_34,TCDB,TCDB.1_M_1_3_34_comp1
G_8_A_102_2_5_comp1,P_8_A_102_2_5_comp1,R_8_A_102_2_5,TCDB,TCDB.8_A_102_2_5_comp1
G_1_B_64_1_3_comp1,P_1_B_64_1_3_comp1,R_1_B_64_1_3,TCDB,TCDB.1_B_64_1_3_comp1
G_1_A_8_2_12_comp1,P_1_A_8_2_12_comp1,R_1_A_8_2_12,TCDB,TCDB.1_A_8_2_12_comp1
G_9_B_65_1_5_comp1,P_9_B_65_1_5_comp1,R_9_B_65_1_5,TCDB,TCDB.9_B_65_1_5_comp1
G_8_A_27_1_9_comp1,P_8_A_27_1_9_comp1,R_8_A_27_1_9,TCDB,TCDB.8_A_27_1_9_comp1
G_3_A_3_2_51_comp1,P_3_A_3_2_51_comp1,R_3_A_3_2_51,TCDB,TCDB.3_A_3_2_51_comp1
G_8_A_85_1_8_comp1,P_8_A_85_1_8_comp1,R_8_A_85_1_8,TCDB,TCDB.8_A_85_1_8_comp1
G_2_A_1_2_51_comp1,P_2_A_1_2_51_comp1,R_2_A_1_2_51,TCDB,TCDB.2_A_1_2_51_comp1
G_1_E_12_1_2_comp1,P_1_E_12_1_2_comp1,R_1_E_12_1_2,TCDB,TCDB.1_E_12_1_2_comp1
G_9_B_126_2_5_comp1,P_9_B_126_2_5_comp1,R_9_B_126_2_5,TCDB,TCDB.9_B_126_2_5_comp1
G_1_E_12_2_7_comp1,P_1_E_12_2_7_comp1,R_1_E_12_2_7,TCDB,TCDB.1_E_12_2_7_comp1
G_1_A_1_10_18_comp1,P_1_A_1_10_18_comp1,R_1_A_1_10_18,TCDB,TCDB.1_A_1_10_18_comp1
G_1_A_1_10_20_comp1,P_1_A_1_10_20_comp1,R_1_A_1_10_20,TCDB,TCDB.1_A_1_10_20_comp1
G_8_B_14_2_4_comp1,P_8_B_14_2_4_comp1,R_8_B_14_2_4,TCDB,TCDB.8_B_14_2_4_comp1
G_2_A_1_67_3_comp1,P_2_A_1_67_3_comp1,R_2_A_1_67_3,TCDB,TCDB.2_A_1_67_3_comp1
G_1_C_97_1_2_comp1,P_1_C_97_1_2_comp1+1_C_97_1_2_comp2,R_1_C_97_1_2,TCDB,TCDB.1_C_97_1_2_comp1
G_1_C_97_1_2_comp2,P_1_C_97_1_2_comp1+1_C_97_1_2_comp2,R_1_C_97_1_2,TCDB,TCDB.1_C_97_1_2_comp2
G_1_E_5_2_2_comp1,P_1_E_5_2_2_comp1,R_1_E_5_2_2,TCDB,TCDB.1_E_5_2_2_comp1
G_1_B_6_2_19_comp1,P_1_B_6_2_19_comp1,R_1_B_6_2_19,TCDB,TCDB.1_B_6_2_19_comp1
G_2_A_80_1_3_comp1,P_2_A_80_1_3_comp1+2_A_80_1_3_comp2+2_A_80_1_3_comp3,R_2_A_80_1_3,TCDB,TCDB.2_A_80_1_3_comp1
G_2_A_80_1_3_comp2,P_2_A_80_1_3_comp1+2_A_80_1_3_comp2+2_A_80_1_3_comp3,R_2_A_80_1_3,TCDB,TCDB.2_A_80_1_3_comp2
G_2_A_80_1_3_comp3,P_2_A_80_1_3_comp1+2_A_80_1_3_comp2+2_A_80_1_3_comp3,R_2_A_80_1_3,TCDB,TCDB.2_A_80_1_3_comp3
G_2_A_1_86_5_comp1,P_2_A_1_86_5_comp1,R_2_A_1_86_5,TCDB,TCDB.2_A_1_86_5_comp1
G_9_B_44_1_2_comp1,P_9_B_44_1_2_comp1,R_9_B_44_1_2,TCDB,TCDB.9_B_44_1_2_comp1
G_1_A_8_2_9_comp1,P_1_A_8_2_9_comp1,R_1_A_8_2_9,TCDB,TCDB.1_A_8_2_9_comp1
G_1_C_13_1_2_comp1,P_1_C_13_1_2_comp1,R_1_C_13_1_2,TCDB,TCDB.1_C_13_1_2_comp1
G_2_A_20_3_3_comp1,P_2_A_20_3_3_comp1,R_2_A_20_3_3,TCDB,TCDB.2_A_20_3_3_comp1
G_9_A_2_1_2_comp1,P_9_A_2_1_2_comp1+9_A_2_1_2_comp2,R_9_A_2_1_2,TCDB,TCDB.9_A_2_1_2_comp1
G_9_A_2_1_2_comp2,P_9_A_2_1_2_comp1+9_A_2_1_2_comp2,R_9_A_2_1_2,TCDB,TCDB.9_A_2_1_2_comp2
G_2_A_85_12_2_comp1,P_2_A_85_12_2_comp1,R_2_A_85_12_2,TCDB,TCDB.2_A_85_12_2_comp1
G_1_B_58_1_7_comp1,P_1_B_58_1_7_comp1,R_1_B_58_1_7,TCDB,TCDB.1_B_58_1_7_comp1
G_9_B_227_1_1_comp1,P_9_B_227_1_1_comp1,R_9_B_227_1_1,TCDB,TCDB.9_B_227_1_1_comp1
G_3_A_3_24_3_comp1,P_3_A_3_24_3_comp1,R_3_A_3_24_3,TCDB,TCDB.3_A_3_24_3_comp1
G_1_B_37_2_1_comp1,P_1_B_37_2_1_comp1,R_1_B_37_2_1,TCDB,TCDB.1_B_37_2_1_comp1
G_1_B_44_2_12_comp1,P_1_B_44_2_12_comp1,R_1_B_44_2_12,TCDB,TCDB.1_B_44_2_12_comp1
G_1_B_60_1_9_comp1,P_1_B_60_1_9_comp1,R_1_B_60_1_9,TCDB,TCDB.1_B_60_1_9_comp1
G_9_B_153_4_6_comp1,P_9_B_153_4_6_comp1,R_9_B_153_4_6,TCDB,TCDB.9_B_153_4_6_comp1
G_1_B_44_2_16_comp1,P_1_B_44_2_16_comp1,R_1_B_44_2_16,TCDB,TCDB.1_B_44_2_16_comp1
G_2_A_5_1_10_comp1,P_2_A_5_1_10_comp1,R_2_A_5_1_10,TCDB,TCDB.2_A_5_1_10_comp1
G_1_A_17_1_14_comp1,P_1_A_17_1_14_comp1,R_1_A_17_1_14,TCDB,TCDB.1_A_17_1_14_comp1
G_1_A_52_3_1_comp1,P_1_A_52_3_1_comp1,R_1_A_52_3_1,TCDB,TCDB.1_A_52_3_1_comp1
G_9_A_24_4_4_comp1,P_9_A_24_4_4_comp1,R_9_A_24_4_4,TCDB,TCDB.9_A_24_4_4_comp1
G_2_A_3_3_20_comp1,P_2_A_3_3_20_comp1,R_2_A_3_3_20,TCDB,TCDB.2_A_3_3_20_comp1
G_1_C_52_1_34_comp1,P_1_C_52_1_34_comp1,R_1_C_52_1_34,TCDB,TCDB.1_C_52_1_34_comp1
G_8_B_39_1_1_comp1,P_8_B_39_1_1_comp1,R_8_B_39_1_1,TCDB,TCDB.8_B_39_1_1_comp1
G_1_E_26_9_1_comp1,P_1_E_26_9_1_comp1,R_1_E_26_9_1,TCDB,TCDB.1_E_26_9_1_comp1
G_1_B_70_1_1_comp1,P_1_B_70_1_1_comp1,R_1_B_70_1_1,TCDB,TCDB.1_B_70_1_1_comp1
G_2_A_15_1_6_comp1,P_2_A_15_1_6_comp1,R_2_A_15_1_6,TCDB,TCDB.2_A_15_1_6_comp1
G_2_A_12_1_15_comp1,P_2_A_12_1_15_comp1,R_2_A_12_1_15,TCDB,TCDB.2_A_12_1_15_comp1
G_1_A_11_4_5_comp1,P_1_A_11_4_5_comp1,R_1_A_11_4_5,TCDB,TCDB.1_A_11_4_5_comp1
G_9_B_97_1_11_comp1,P_9_B_97_1_11_comp1,R_9_B_97_1_11,TCDB,TCDB.9_B_97_1_11_comp1
G_3_D_5_1_1_comp1,P_3_D_5_1_1_comp1+3_D_5_1_1_comp2+3_D_5_1_1_comp3+3_D_5_1_1_comp4+3_D_5_1_1_comp5+3_D_5_1_1_comp6+3_D_5_1_1_comp7,R_3_D_5_1_1,TCDB,TCDB.3_D_5_1_1_comp1
G_3_D_5_1_1_comp2,P_3_D_5_1_1_comp1+3_D_5_1_1_comp2+3_D_5_1_1_comp3+3_D_5_1_1_comp4+3_D_5_1_1_comp5+3_D_5_1_1_comp6+3_D_5_1_1_comp7,R_3_D_5_1_1,TCDB,TCDB.3_D_5_1_1_comp2
G_3_D_5_1_1_comp3,P_3_D_5_1_1_comp1+3_D_5_1_1_comp2+3_D_5_1_1_comp3+3_D_5_1_1_comp4+3_D_5_1_1_comp5+3_D_5_1_1_comp6+3_D_5_1_1_comp7,R_3_D_5_1_1,TCDB,TCDB.3_D_5_1_1_comp3
G_3_D_5_1_1_comp4,P_3_D_5_1_1_comp1+3_D_5_1_1_comp2+3_D_5_1_1_comp3+3_D_5_1_1_comp4+3_D_5_1_1_comp5+3_D_5_1_1_comp6+3_D_5_1_1_comp7,R_3_D_5_1_1,TCDB,TCDB.3_D_5_1_1_comp4
G_3_D_5_1_1_comp5,P_3_D_5_1_1_comp1+3_D_5_1_1_comp2+3_D_5_1_1_comp3+3_D_5_1_1_comp4+3_D_5_1_1_comp5+3_D_5_1_1_comp6+3_D_5_1_1_comp7,R_3_D_5_1_1,TCDB,TCDB.3_D_5_1_1_comp5
G_3_D_5_1_1_comp6,P_3_D_5_1_1_comp1+3_D_5_1_1_comp2+3_D_5_1_1_comp3+3_D_5_1_1_comp4+3_D_5_1_1_comp5+3_D_5_1_1_comp6+3_D_5_1_1_comp7,R_3_D_5_1_1,TCDB,TCDB.3_D_5_1_1_comp6
G_3_D_5_1_1_comp7,P_3_D_5_1_1_comp1+3_D_5_1_1_comp2+3_D_5_1_1_comp3+3_D_5_1_1_comp4+3_D_5_1_1_comp5+3_D_5_1_1_comp6+3_D_5_1_1_comp7,R_3_D_5_1_1,TCDB,TCDB.3_D_5_1_1_comp7
G_2_A_66_4_5_comp1,P_2_A_66_4_5_comp1,R_2_A_66_4_5,TCDB,TCDB.2_A_66_4_5_comp1
G_1_B_6_2_17_comp1,P_1_B_6_2_17_comp1,R_1_B_6_2_17,TCDB,TCDB.1_B_6_2_17_comp1
G_1_B_21_3_2_comp1,P_1_B_21_3_2_comp1,R_1_B_21_3_2,TCDB,TCDB.1_B_21_3_2_comp1
G_9_B_169_4_3_comp1,P_9_B_169_4_3_comp1,R_9_B_169_4_3,TCDB,TCDB.9_B_169_4_3_comp1
G_8_A_23_1_51_comp1,P_8_A_23_1_51_comp1,R_8_A_23_1_51,TCDB,TCDB.8_A_23_1_51_comp1
G_1_C_72_4_1_comp1,P_1_C_72_4_1_comp1+1_C_72_4_1_comp2,R_1_C_72_4_1,TCDB,TCDB.1_C_72_4_1_comp1
G_1_C_72_4_1_comp2,P_1_C_72_4_1_comp1+1_C_72_4_1_comp2,R_1_C_72_4_1,TCDB,TCDB.1_C_72_4_1_comp2
G_4_A_6_1_17_comp1,P_4_A_6_1_17_comp1+4_A_6_1_17_comp2+4_A_6_1_17_comp3+4_A_6_1_17_comp4,R_4_A_6_1_17,TCDB,TCDB.4_A_6_1_17_comp1
G_4_A_6_1_17_comp2,P_4_A_6_1_17_comp1+4_A_6_1_17_comp2+4_A_6_1_17_comp3+4_A_6_1_17_comp4,R_4_A_6_1_17,TCDB,TCDB.4_A_6_1_17_comp2
G_4_A_6_1_17_comp3,P_4_A_6_1_17_comp1+4_A_6_1_17_comp2+4_A_6_1_17_comp3+4_A_6_1_17_comp4,R_4_A_6_1_17,TCDB,TCDB.4_A_6_1_17_comp3
G_4_A_6_1_17_comp4,P_4_A_6_1_17_comp1+4_A_6_1_17_comp2+4_A_6_1_17_comp3+4_A_6_1_17_comp4,R_4_A_6_1_17,TCDB,TCDB.4_A_6_1_17_comp4
G_8_A_96_2_3_comp1,P_8_A_96_2_3_comp1,R_8_A_96_2_3,TCDB,TCDB.8_A_96_2_3_comp1
G_9_B_15_2_7_comp1,P_9_B_15_2_7_comp1,R_9_B_15_2_7,TCDB,TCDB.9_B_15_2_7_comp1
G_9_B_179_1_2_comp1,P_9_B_179_1_2_comp1,R_9_B_179_1_2,TCDB,TCDB.9_B_179_1_2_comp1
G_1_E_26_7_4_comp1,P_1_E_26_7_4_comp1,R_1_E_26_7_4,TCDB,TCDB.1_E_26_7_4_comp1
G_2_A_40_5_3_comp1,P_2_A_40_5_3_comp1,R_2_A_40_5_3,TCDB,TCDB.2_A_40_5_3_comp1
G_1_A_77_3_30_comp1,P_1_A_77_3_30_comp1,R_1_A_77_3_30,TCDB,TCDB.1_A_77_3_30_comp1
G_1_B_21_1_3_comp1,P_1_B_21_1_3_comp1,R_1_B_21_1_3,TCDB,TCDB.1_B_21_1_3_comp1
G_1_B_25_1_17_comp1,P_1_B_25_1_17_comp1,R_1_B_25_1_17,TCDB,TCDB.1_B_25_1_17_comp1
G_1_B_25_1_22_comp1,P_1_B_25_1_22_comp1,R_1_B_25_1_22,TCDB,TCDB.1_B_25_1_22_comp1
G_1_B_25_1_29_comp1,P_1_B_25_1_29_comp1,R_1_B_25_1_29,TCDB,TCDB.1_B_25_1_29_comp1
G_9_B_169_1_4_comp1,P_9_B_169_1_4_comp1,R_9_B_169_1_4,TCDB,TCDB.9_B_169_1_4_comp1
G_2_A_117_1_6_comp1,P_2_A_117_1_6_comp1,R_2_A_117_1_6,TCDB,TCDB.2_A_117_1_6_comp1
G_9_B_124_1_6_comp1,P_9_B_124_1_6_comp1,R_9_B_124_1_6,TCDB,TCDB.9_B_124_1_6_comp1
G_2_A_113_1_13_comp1,P_2_A_113_1_13_comp1,R_2_A_113_1_13,TCDB,TCDB.2_A_113_1_13_comp1
G_3_A_3_5_38_comp1,P_3_A_3_5_38_comp1,R_3_A_3_5_38,TCDB,TCDB.3_A_3_5_38_comp1
G_3_A_1_17_11_comp1,P_3_A_1_17_11_comp1+3_A_1_17_11_comp2,R_3_A_1_17_11,TCDB,TCDB.3_A_1_17_11_comp1
G_3_A_1_17_11_comp2,P_3_A_1_17_11_comp1+3_A_1_17_11_comp2,R_3_A_1_17_11,TCDB,TCDB.3_A_1_17_11_comp2
G_9_B_185_1_7_comp1,P_9_B_185_1_7_comp1,R_9_B_185_1_7,TCDB,TCDB.9_B_185_1_7_comp1
G_2_A_108_2_6_comp1,P_2_A_108_2_6_comp1,R_2_A_108_2_6,TCDB,TCDB.2_A_108_2_6_comp1
G_1_E_43_1_2_comp1,P_1_E_43_1_2_comp1,R_1_E_43_1_2,TCDB,TCDB.1_E_43_1_2_comp1
G_4_H_1_1_2_comp1,P_4_H_1_1_2_comp1,R_4_H_1_1_2,TCDB,TCDB.4_H_1_1_2_comp1
G_8_B_25_1_3_comp1,P_8_B_25_1_3_comp1,R_8_B_25_1_3,TCDB,TCDB.8_B_25_1_3_comp1
G_2_A_2_4_5_comp1,P_2_A_2_4_5_comp1,R_2_A_2_4_5,TCDB,TCDB.2_A_2_4_5_comp1
G_3_A_1_104_2_comp1,P_3_A_1_104_2_comp1+3_A_1_104_2_comp2,R_3_A_1_104_2,TCDB,TCDB.3_A_1_104_2_comp1
G_3_A_1_104_2_comp2,P_3_A_1_104_2_comp1+3_A_1_104_2_comp2,R_3_A_1_104_2,TCDB,TCDB.3_A_1_104_2_comp2
G_2_A_1_3_59_comp1,P_2_A_1_3_59_comp1,R_2_A_1_3_59,TCDB,TCDB.2_A_1_3_59_comp1
G_1_C_14_1_7_comp1,P_1_C_14_1_7_comp1,R_1_C_14_1_7,TCDB,TCDB.1_C_14_1_7_comp1
G_9_B_58_1_1_comp1,P_9_B_58_1_1_comp1,R_9_B_58_1_1,TCDB,TCDB.9_B_58_1_1_comp1
G_8_A_46_3_4_comp1,P_8_A_46_3_4_comp1,R_8_A_46_3_4,TCDB,TCDB.8_A_46_3_4_comp1
G_1_M_1_2_1_comp1,P_1_M_1_2_1_comp1+1_M_1_2_1_comp2,R_1_M_1_2_1,TCDB,TCDB.1_M_1_2_1_comp1
G_1_M_1_2_1_comp2,P_1_M_1_2_1_comp1+1_M_1_2_1_comp2,R_1_M_1_2_1,TCDB,TCDB.1_M_1_2_1_comp2
G_9_B_122_1_4_comp1,P_9_B_122_1_4_comp1,R_9_B_122_1_4,TCDB,TCDB.9_B_122_1_4_comp1
G_1_B_25_1_19_comp1,P_1_B_25_1_19_comp1,R_1_B_25_1_19,TCDB,TCDB.1_B_25_1_19_comp1
G_1_B_32_1_2_comp1,P_1_B_32_1_2_comp1,R_1_B_32_1_2,TCDB,TCDB.1_B_32_1_2_comp1
G_9_B_183_1_8_comp1,P_9_B_183_1_8_comp1,R_9_B_183_1_8,TCDB,TCDB.9_B_183_1_8_comp1
G_4_H_1_1_1_comp1,P_4_H_1_1_1_comp1,R_4_H_1_1_1,TCDB,TCDB.4_H_1_1_1_comp1
G_9_B_2_1_1_comp1,P_9_B_2_1_1_comp1+9_B_2_1_1_comp2,R_9_B_2_1_1,TCDB,TCDB.9_B_2_1_1_comp1
G_9_B_2_1_1_comp2,P_9_B_2_1_1_comp1+9_B_2_1_1_comp2,R_9_B_2_1_1,TCDB,TCDB.9_B_2_1_1_comp2
G_1_B_43_1_2_comp1,P_1_B_43_1_2_comp1,R_1_B_43_1_2,TCDB,TCDB.1_B_43_1_2_comp1
G_1_E_5_3_5_comp1,P_1_E_5_3_5_comp1,R_1_E_5_3_5,TCDB,TCDB.1_E_5_3_5_comp1
G_2_A_1_67_4_comp1,P_2_A_1_67_4_comp1,R_2_A_1_67_4,TCDB,TCDB.2_A_1_67_4_comp1
G_3_A_1_145_4_comp1,P_3_A_1_145_4_comp1,R_3_A_1_145_4,TCDB,TCDB.3_A_1_145_4_comp1
G_8_B_6_1_5_comp1,P_8_B_6_1_5_comp1,R_8_B_6_1_5,TCDB,TCDB.8_B_6_1_5_comp1
G_1_A_69_7_1_comp1,P_1_A_69_7_1_comp1,R_1_A_69_7_1,TCDB,TCDB.1_A_69_7_1_comp1
G_4_D_2_3_1_comp1,P_4_D_2_3_1_comp1,R_4_D_2_3_1,TCDB,TCDB.4_D_2_3_1_comp1
G_9_B_169_1_11_comp1,P_9_B_169_1_11_comp1,R_9_B_169_1_11,TCDB,TCDB.9_B_169_1_11_comp1
G_3_A_1_148_4_comp1,P_3_A_1_148_4_comp1+3_A_1_148_4_comp2,R_3_A_1_148_4,TCDB,TCDB.3_A_1_148_4_comp1
G_3_A_1_148_4_comp2,P_3_A_1_148_4_comp1+3_A_1_148_4_comp2,R_3_A_1_148_4,TCDB,TCDB.3_A_1_148_4_comp2
G_9_A_12_1_3_comp1,P_9_A_12_1_3_comp1+9_A_12_1_3_comp2,R_9_A_12_1_3,TCDB,TCDB.9_A_12_1_3_comp1
G_9_A_12_1_3_comp2,P_9_A_12_1_3_comp1+9_A_12_1_3_comp2,R_9_A_12_1_3,TCDB,TCDB.9_A_12_1_3_comp2
G_2_A_1_84_3_comp1,P_2_A_1_84_3_comp1,R_2_A_1_84_3,TCDB,TCDB.2_A_1_84_3_comp1
G_4_A_6_1_11_comp1,P_4_A_6_1_11_comp1+4_A_6_1_11_comp2+4_A_6_1_11_comp3,R_4_A_6_1_11,TCDB,TCDB.4_A_6_1_11_comp1
G_4_A_6_1_11_comp2,P_4_A_6_1_11_comp1+4_A_6_1_11_comp2+4_A_6_1_11_comp3,R_4_A_6_1_11,TCDB,TCDB.4_A_6_1_11_comp2
G_4_A_6_1_11_comp3,P_4_A_6_1_11_comp1+4_A_6_1_11_comp2+4_A_6_1_11_comp3,R_4_A_6_1_11,TCDB,TCDB.4_A_6_1_11_comp3
G_2_A_66_1_43_comp1,P_2_A_66_1_43_comp1,R_2_A_66_1_43,TCDB,TCDB.2_A_66_1_43_comp1
G_9_B_94_1_5_comp1,P_9_B_94_1_5_comp1,R_9_B_94_1_5,TCDB,TCDB.9_B_94_1_5_comp1
G_8_B_16_4_2_comp1,P_8_B_16_4_2_comp1,R_8_B_16_4_2,TCDB,TCDB.8_B_16_4_2_comp1
G_9_B_56_1_8_comp1,P_9_B_56_1_8_comp1,R_9_B_56_1_8,TCDB,TCDB.9_B_56_1_8_comp1
G_1_E_49_1_4_comp1,P_1_E_49_1_4_comp1,R_1_E_49_1_4,TCDB,TCDB.1_E_49_1_4_comp1
G_1_E_14_1_8_comp1,P_1_E_14_1_8_comp1,R_1_E_14_1_8,TCDB,TCDB.1_E_14_1_8_comp1
G_1_A_53_1_10_comp1,P_1_A_53_1_10_comp1,R_1_A_53_1_10,TCDB,TCDB.1_A_53_1_10_comp1
G_1_C_90_1_2_comp1,P_1_C_90_1_2_comp1,R_1_C_90_1_2,TCDB,TCDB.1_C_90_1_2_comp1
G_1_A_87_3_9_comp1,P_1_A_87_3_9_comp1,R_1_A_87_3_9,TCDB,TCDB.1_A_87_3_9_comp1
G_1_A_69_4_2_comp1,P_1_A_69_4_2_comp1,R_1_A_69_4_2,TCDB,TCDB.1_A_69_4_2_comp1
G_1_M_9_1_1_comp1,P_1_M_9_1_1_comp1,R_1_M_9_1_1,TCDB,TCDB.1_M_9_1_1_comp1
G_9_B_45_2_3_comp1,P_9_B_45_2_3_comp1,R_9_B_45_2_3,TCDB,TCDB.9_B_45_2_3_comp1
G_9_B_45_1_3_comp1,P_9_B_45_1_3_comp1,R_9_B_45_1_3,TCDB,TCDB.9_B_45_1_3_comp1
G_1_A_43_1_8_comp1,P_1_A_43_1_8_comp1,R_1_A_43_1_8,TCDB,TCDB.1_A_43_1_8_comp1
G_2_A_1_21_10_comp1,P_2_A_1_21_10_comp1,R_2_A_1_21_10,TCDB,TCDB.2_A_1_21_10_comp1
G_2_A_1_67_1_comp1,P_2_A_1_67_1_comp1,R_2_A_1_67_1,TCDB,TCDB.2_A_1_67_1_comp1
G_2_A_7_35_4_comp1,P_2_A_7_35_4_comp1,R_2_A_7_35_4,TCDB,TCDB.2_A_7_35_4_comp1
G_1_B_44_2_18_comp1,P_1_B_44_2_18_comp1,R_1_B_44_2_18,TCDB,TCDB.1_B_44_2_18_comp1
G_1_B_63_1_5_comp1,P_1_B_63_1_5_comp1,R_1_B_63_1_5,TCDB,TCDB.1_B_63_1_5_comp1
G_9_B_168_1_3_comp1,P_9_B_168_1_3_comp1,R_9_B_168_1_3,TCDB,TCDB.9_B_168_1_3_comp1
G_1_C_97_3_3_comp1,P_1_C_97_3_3_comp1,R_1_C_97_3_3,TCDB,TCDB.1_C_97_3_3_comp1
G_8_A_95_1_4_comp1,P_8_A_95_1_4_comp1,R_8_A_95_1_4,TCDB,TCDB.8_A_95_1_4_comp1
G_1_A_72_3_4_comp1,P_1_A_72_3_4_comp1,R_1_A_72_3_4,TCDB,TCDB.1_A_72_3_4_comp1
G_9_B_107_1_3_comp1,P_9_B_107_1_3_comp1,R_9_B_107_1_3,TCDB,TCDB.9_B_107_1_3_comp1
G_9_B_163_1_3_comp1,P_9_B_163_1_3_comp1,R_9_B_163_1_3,TCDB,TCDB.9_B_163_1_3_comp1
G_1_B_57_1_4_comp1,P_1_B_57_1_4_comp1,R_1_B_57_1_4,TCDB,TCDB.1_B_57_1_4_comp1
G_2_A_49_9_1_comp1,P_2_A_49_9_1_comp1,R_2_A_49_9_1,TCDB,TCDB.2_A_49_9_1_comp1
G_9_B_163_3_1_comp1,P_9_B_163_3_1_comp1,R_9_B_163_3_1,TCDB,TCDB.9_B_163_3_1_comp1
G_9_B_163_1_2_comp1,P_9_B_163_1_2_comp1,R_9_B_163_1_2,TCDB,TCDB.9_B_163_1_2_comp1
G_9_B_155_3_5_comp1,P_9_B_155_3_5_comp1,R_9_B_155_3_5,TCDB,TCDB.9_B_155_3_5_comp1
G_9_B_154_1_6_comp1,P_9_B_154_1_6_comp1,R_9_B_154_1_6,TCDB,TCDB.9_B_154_1_6_comp1
G_9_B_153_3_15_comp1,P_9_B_153_3_15_comp1,R_9_B_153_3_15,TCDB,TCDB.9_B_153_3_15_comp1
G_2_A_20_3_4_comp1,P_2_A_20_3_4_comp1,R_2_A_20_3_4,TCDB,TCDB.2_A_20_3_4_comp1
G_4_A_2_1_14_comp1,P_4_A_2_1_14_comp1+4_A_2_1_14_comp2+4_A_2_1_14_comp3,R_4_A_2_1_14,TCDB,TCDB.4_A_2_1_14_comp1
G_4_A_2_1_14_comp2,P_4_A_2_1_14_comp1+4_A_2_1_14_comp2+4_A_2_1_14_comp3,R_4_A_2_1_14,TCDB,TCDB.4_A_2_1_14_comp2
G_4_A_2_1_14_comp3,P_4_A_2_1_14_comp1+4_A_2_1_14_comp2+4_A_2_1_14_comp3,R_4_A_2_1_14,TCDB,TCDB.4_A_2_1_14_comp3
G_8_A_7_1_3_comp1,P_8_A_7_1_3_comp1,R_8_A_7_1_3,TCDB,TCDB.8_A_7_1_3_comp1
G_8_A_8_1_3_comp1,P_8_A_8_1_3_comp1,R_8_A_8_1_3,TCDB,TCDB.8_A_8_1_3_comp1
G_2_A_66_12_3_comp1,P_2_A_66_12_3_comp1,R_2_A_66_12_3,TCDB,TCDB.2_A_66_12_3_comp1
G_9_B_223_1_3_comp1,P_9_B_223_1_3_comp1,R_9_B_223_1_3,TCDB,TCDB.9_B_223_1_3_comp1
G_9_B_15_2_10_comp1,P_9_B_15_2_10_comp1,R_9_B_15_2_10,TCDB,TCDB.9_B_15_2_10_comp1
G_9_B_148_1_6_comp1,P_9_B_148_1_6_comp1,R_9_B_148_1_6,TCDB,TCDB.9_B_148_1_6_comp1
G_2_A_7_36_3_comp1,P_2_A_7_36_3_comp1,R_2_A_7_36_3,TCDB,TCDB.2_A_7_36_3_comp1
G_2_A_1_69_2_comp1,P_2_A_1_69_2_comp1,R_2_A_1_69_2,TCDB,TCDB.2_A_1_69_2_comp1
G_1_C_11_1_5_comp1,P_1_C_11_1_5_comp1,R_1_C_11_1_5,TCDB,TCDB.1_C_11_1_5_comp1
G_1_B_59_1_3_comp1,P_1_B_59_1_3_comp1,R_1_B_59_1_3,TCDB,TCDB.1_B_59_1_3_comp1
G_1_E_33_1_2_comp1,P_1_E_33_1_2_comp1,R_1_E_33_1_2,TCDB,TCDB.1_E_33_1_2_comp1
G_1_M_1_1_5_comp1,P_1_M_1_1_5_comp1,R_1_M_1_1_5,TCDB,TCDB.1_M_1_1_5_comp1
G_1_C_53_1_8_comp1,P_1_C_53_1_8_comp1,R_1_C_53_1_8,TCDB,TCDB.1_C_53_1_8_comp1
G_1_A_67_1_6_comp1,P_1_A_67_1_6_comp1,R_1_A_67_1_6,TCDB,TCDB.1_A_67_1_6_comp1
G_9_B_178_1_8_comp1,P_9_B_178_1_8_comp1,R_9_B_178_1_8,TCDB,TCDB.9_B_178_1_8_comp1
G_1_A_1_5_15_comp1,P_1_A_1_5_15_comp1,R_1_A_1_5_15,TCDB,TCDB.1_A_1_5_15_comp1
G_8_A_93_1_3_comp1,P_8_A_93_1_3_comp1,R_8_A_93_1_3,TCDB,TCDB.8_A_93_1_3_comp1
G_1_A_17_2_2_comp1,P_1_A_17_2_2_comp1,R_1_A_17_2_2,TCDB,TCDB.1_A_17_2_2_comp1
G_1_A_76_1_12_comp1,P_1_A_76_1_12_comp1,R_1_A_76_1_12,TCDB,TCDB.1_A_76_1_12_comp1
G_2_A_125_1_5_comp1,P_2_A_125_1_5_comp1,R_2_A_125_1_5,TCDB,TCDB.2_A_125_1_5_comp1
G_2_A_1_75_4_comp1,P_2_A_1_75_4_comp1,R_2_A_1_75_4,TCDB,TCDB.2_A_1_75_4_comp1
G_3_A_1_208_32_comp1,P_3_A_1_208_32_comp1,R_3_A_1_208_32,TCDB,TCDB.3_A_1_208_32_comp1
G_1_C_85_4_2_comp1,P_1_C_85_4_2_comp1,R_1_C_85_4_2,TCDB,TCDB.1_C_85_4_2_comp1
G_8_B_12_1_3_comp1,P_8_B_12_1_3_comp1,R_8_B_12_1_3,TCDB,TCDB.8_B_12_1_3_comp1
G_8_B_10_1_5_comp1,P_8_B_10_1_5_comp1,R_8_B_10_1_5,TCDB,TCDB.8_B_10_1_5_comp1
G_9_A_5_4_1_comp1,P_9_A_5_4_1_comp1,R_9_A_5_4_1,TCDB,TCDB.9_A_5_4_1_comp1
G_1_E_5_3_3_comp1,P_1_E_5_3_3_comp1,R_1_E_5_3_3,TCDB,TCDB.1_E_5_3_3_comp1
G_9_B_223_1_9_comp1,P_9_B_223_1_9_comp1,R_9_B_223_1_9,TCDB,TCDB.9_B_223_1_9_comp1
G_1_E_46_1_1_comp1,P_1_E_46_1_1_comp1,R_1_E_46_1_1,TCDB,TCDB.1_E_46_1_1_comp1
G_9_A_49_1_5_comp1,P_9_A_49_1_5_comp1,R_9_A_49_1_5,TCDB,TCDB.9_A_49_1_5_comp1
G_2_A_98_1_5_comp1,P_2_A_98_1_5_comp1,R_2_A_98_1_5,TCDB,TCDB.2_A_98_1_5_comp1
G_1_B_69_1_5_comp1,P_1_B_69_1_5_comp1,R_1_B_69_1_5,TCDB,TCDB.1_B_69_1_5_comp1
G_1_C_39_1_4_comp1,P_1_C_39_1_4_comp1,R_1_C_39_1_4,TCDB,TCDB.1_C_39_1_4_comp1
G_1_C_59_4_3_comp1,P_1_C_59_4_3_comp1,R_1_C_59_4_3,TCDB,TCDB.1_C_59_4_3_comp1
G_1_C_39_1_2_comp1,P_1_C_39_1_2_comp1,R_1_C_39_1_2,TCDB,TCDB.1_C_39_1_2_comp1
G_2_A_103_1_5_comp1,P_2_A_103_1_5_comp1,R_2_A_103_1_5,TCDB,TCDB.2_A_103_1_5_comp1
G_1_B_95_2_1_comp1,P_1_B_95_2_1_comp1,R_1_B_95_2_1,TCDB,TCDB.1_B_95_2_1_comp1
G_9_B_142_2_4_comp1,P_9_B_142_2_4_comp1,R_9_B_142_2_4,TCDB,TCDB.9_B_142_2_4_comp1
G_9_B_62_5_1_comp1,P_9_B_62_5_1_comp1,R_9_B_62_5_1,TCDB,TCDB.9_B_62_5_1_comp1
G_1_B_59_1_9_comp1,P_1_B_59_1_9_comp1,R_1_B_59_1_9,TCDB,TCDB.1_B_59_1_9_comp1
G_2_A_3_8_32_comp1,P_2_A_3_8_32_comp1,R_2_A_3_8_32,TCDB,TCDB.2_A_3_8_32_comp1
G_9_B_202_1_1_comp1,P_9_B_202_1_1_comp1,R_9_B_202_1_1,TCDB,TCDB.9_B_202_1_1_comp1
G_3_A_2_3_2_comp1,P_3_A_2_3_2_comp1+3_A_2_3_2_comp2+3_A_2_3_2_comp3+3_A_2_3_2_comp4+3_A_2_3_2_comp5+3_A_2_3_2_comp6+3_A_2_3_2_comp7+3_A_2_3_2_comp8+3_A_2_3_2_comp9,R_3_A_2_3_2,TCDB,TCDB.3_A_2_3_2_comp1
G_3_A_2_3_2_comp2,P_3_A_2_3_2_comp1+3_A_2_3_2_comp2+3_A_2_3_2_comp3+3_A_2_3_2_comp4+3_A_2_3_2_comp5+3_A_2_3_2_comp6+3_A_2_3_2_comp7+3_A_2_3_2_comp8+3_A_2_3_2_comp9,R_3_A_2_3_2,TCDB,TCDB.3_A_2_3_2_comp2
G_3_A_2_3_2_comp3,P_3_A_2_3_2_comp1+3_A_2_3_2_comp2+3_A_2_3_2_comp3+3_A_2_3_2_comp4+3_A_2_3_2_comp5+3_A_2_3_2_comp6+3_A_2_3_2_comp7+3_A_2_3_2_comp8+3_A_2_3_2_comp9,R_3_A_2_3_2,TCDB,TCDB.3_A_2_3_2_comp3
G_3_A_2_3_2_comp4,P_3_A_2_3_2_comp1+3_A_2_3_2_comp2+3_A_2_3_2_comp3+3_A_2_3_2_comp4+3_A_2_3_2_comp5+3_A_2_3_2_comp6+3_A_2_3_2_comp7+3_A_2_3_2_comp8+3_A_2_3_2_comp9,R_3_A_2_3_2,TCDB,TCDB.3_A_2_3_2_comp4
G_3_A_2_3_2_comp5,P_3_A_2_3_2_comp1+3_A_2_3_2_comp2+3_A_2_3_2_comp3+3_A_2_3_2_comp4+3_A_2_3_2_comp5+3_A_2_3_2_comp6+3_A_2_3_2_comp7+3_A_2_3_2_comp8+3_A_2_3_2_comp9,R_3_A_2_3_2,TCDB,TCDB.3_A_2_3_2_comp5
G_3_A_2_3_2_comp6,P_3_A_2_3_2_comp1+3_A_2_3_2_comp2+3_A_2_3_2_comp3+3_A_2_3_2_comp4+3_A_2_3_2_comp5+3_A_2_3_2_comp6+3_A_2_3_2_comp7+3_A_2_3_2_comp8+3_A_2_3_2_comp9,R_3_A_2_3_2,TCDB,TCDB.3_A_2_3_2_comp6
G_3_A_2_3_2_comp7,P_3_A_2_3_2_comp1+3_A_2_3_2_comp2+3_A_2_3_2_comp3+3_A_2_3_2_comp4+3_A_2_3_2_comp5+3_A_2_3_2_comp6+3_A_2_3_2_comp7+3_A_2_3_2_comp8+3_A_2_3_2_comp9,R_3_A_2_3_2,TCDB,TCDB.3_A_2_3_2_comp7
G_3_A_2_3_2_comp8,P_3_A_2_3_2_comp1+3_A_2_3_2_comp2+3_A_2_3_2_comp3+3_A_2_3_2_comp4+3_A_2_3_2_comp5+3_A_2_3_2_comp6+3_A_2_3_2_comp7+3_A_2_3_2_comp8+3_A_2_3_2_comp9,R_3_A_2_3_2,TCDB,TCDB.3_A_2_3_2_comp8
G_3_A_2_3_2_comp9,P_3_A_2_3_2_comp1+3_A_2_3_2_comp2+3_A_2_3_2_comp3+3_A_2_3_2_comp4+3_A_2_3_2_comp5+3_A_2_3_2_comp6+3_A_2_3_2_comp7+3_A_2_3_2_comp8+3_A_2_3_2_comp9,R_3_A_2_3_2,TCDB,TCDB.3_A_2_3_2_comp9
G_9_B_44_3_1_comp1,P_9_B_44_3_1_comp1,R_9_B_44_3_1,TCDB,TCDB.9_B_44_3_1_comp1
G_2_A_87_1_3_comp1,P_2_A_87_1_3_comp1,R_2_A_87_1_3,TCDB,TCDB.2_A_87_1_3_comp1
G_2_A_7_35_7_comp1,P_2_A_7_35_7_comp1,R_2_A_7_35_7,TCDB,TCDB.2_A_7_35_7_comp1
G_2_A_115_2_2_comp1,P_2_A_115_2_2_comp1,R_2_A_115_2_2,TCDB,TCDB.2_A_115_2_2_comp1
G_9_B_40_1_3_comp1,P_9_B_40_1_3_comp1,R_9_B_40_1_3,TCDB,TCDB.9_B_40_1_3_comp1
G_1_E_31_1_4_comp1,P_1_E_31_1_4_comp1,R_1_E_31_1_4,TCDB,TCDB.1_E_31_1_4_comp1
G_1_A_9_1_10_comp1,P_1_A_9_1_10_comp1,R_1_A_9_1_10,TCDB,TCDB.1_A_9_1_10_comp1
G_1_A_83_1_6_comp1,P_1_A_83_1_6_comp1+1_A_83_1_6_comp2,R_1_A_83_1_6,TCDB,TCDB.1_A_83_1_6_comp1
G_1_A_83_1_6_comp2,P_1_A_83_1_6_comp1+1_A_83_1_6_comp2,R_1_A_83_1_6,TCDB,TCDB.1_A_83_1_6_comp2
G_1_G_18_1_1_comp1,P_1_G_18_1_1_comp1,R_1_G_18_1_1,TCDB,TCDB.1_G_18_1_1_comp1
G_1_I_1_1_4_comp1,P_1_I_1_1_4_comp1+1_I_1_1_4_comp2+1_I_1_1_4_comp3+1_I_1_1_4_comp4+1_I_1_1_4_comp5+1_I_1_1_4_comp6+1_I_1_1_4_comp7+1_I_1_1_4_comp8+1_I_1_1_4_comp9+1_I_1_1_4_comp10+1_I_1_1_4_comp11,R_1_I_1_1_4,TCDB,TCDB.1_I_1_1_4_comp1
G_1_I_1_1_4_comp2,P_1_I_1_1_4_comp1+1_I_1_1_4_comp2+1_I_1_1_4_comp3+1_I_1_1_4_comp4+1_I_1_1_4_comp5+1_I_1_1_4_comp6+1_I_1_1_4_comp7+1_I_1_1_4_comp8+1_I_1_1_4_comp9+1_I_1_1_4_comp10+1_I_1_1_4_comp11,R_1_I_1_1_4,TCDB,TCDB.1_I_1_1_4_comp2
G_1_I_1_1_4_comp3,P_1_I_1_1_4_comp1+1_I_1_1_4_comp2+1_I_1_1_4_comp3+1_I_1_1_4_comp4+1_I_1_1_4_comp5+1_I_1_1_4_comp6+1_I_1_1_4_comp7+1_I_1_1_4_comp8+1_I_1_1_4_comp9+1_I_1_1_4_comp10+1_I_1_1_4_comp11,R_1_I_1_1_4,TCDB,TCDB.1_I_1_1_4_comp3
G_1_I_1_1_4_comp4,P_1_I_1_1_4_comp1+1_I_1_1_4_comp2+1_I_1_1_4_comp3+1_I_1_1_4_comp4+1_I_1_1_4_comp5+1_I_1_1_4_comp6+1_I_1_1_4_comp7+1_I_1_1_4_comp8+1_I_1_1_4_comp9+1_I_1_1_4_comp10+1_I_1_1_4_comp11,R_1_I_1_1_4,TCDB,TCDB.1_I_1_1_4_comp4
G_1_I_1_1_4_comp5,P_1_I_1_1_4_comp1+1_I_1_1_4_comp2+1_I_1_1_4_comp3+1_I_1_1_4_comp4+1_I_1_1_4_comp5+1_I_1_1_4_comp6+1_I_1_1_4_comp7+1_I_1_1_4_comp8+1_I_1_1_4_comp9+1_I_1_1_4_comp10+1_I_1_1_4_comp11,R_1_I_1_1_4,TCDB,TCDB.1_I_1_1_4_comp5
G_1_I_1_1_4_comp6,P_1_I_1_1_4_comp1+1_I_1_1_4_comp2+1_I_1_1_4_comp3+1_I_1_1_4_comp4+1_I_1_1_4_comp5+1_I_1_1_4_comp6+1_I_1_1_4_comp7+1_I_1_1_4_comp8+1_I_1_1_4_comp9+1_I_1_1_4_comp10+1_I_1_1_4_comp11,R_1_I_1_1_4,TCDB,TCDB.1_I_1_1_4_comp6
G_1_I_1_1_4_comp7,P_1_I_1_1_4_comp1+1_I_1_1_4_comp2+1_I_1_1_4_comp3+1_I_1_1_4_comp4+1_I_1_1_4_comp5+1_I_1_1_4_comp6+1_I_1_1_4_comp7+1_I_1_1_4_comp8+1_I_1_1_4_comp9+1_I_1_1_4_comp10+1_I_1_1_4_comp11,R_1_I_1_1_4,TCDB,TCDB.1_I_1_1_4_comp7
G_1_I_1_1_4_comp8,P_1_I_1_1_4_comp1+1_I_1_1_4_comp2+1_I_1_1_4_comp3+1_I_1_1_4_comp4+1_I_1_1_4_comp5+1_I_1_1_4_comp6+1_I_1_1_4_comp7+1_I_1_1_4_comp8+1_I_1_1_4_comp9+1_I_1_1_4_comp10+1_I_1_1_4_comp11,R_1_I_1_1_4,TCDB,TCDB.1_I_1_1_4_comp8
G_1_I_1_1_4_comp9,P_1_I_1_1_4_comp1+1_I_1_1_4_comp2+1_I_1_1_4_comp3+1_I_1_1_4_comp4+1_I_1_1_4_comp5+1_I_1_1_4_comp6+1_I_1_1_4_comp7+1_I_1_1_4_comp8+1_I_1_1_4_comp9+1_I_1_1_4_comp10+1_I_1_1_4_comp11,R_1_I_1_1_4,TCDB,TCDB.1_I_1_1_4_comp9
G_1_I_1_1_4_comp10,P_1_I_1_1_4_comp1+1_I_1_1_4_comp2+1_I_1_1_4_comp3+1_I_1_1_4_comp4+1_I_1_1_4_comp5+1_I_1_1_4_comp6+1_I_1_1_4_comp7+1_I_1_1_4_comp8+1_I_1_1_4_comp9+1_I_1_1_4_comp10+1_I_1_1_4_comp11,R_1_I_1_1_4,TCDB,TCDB.1_I_1_1_4_comp10
G_1_I_1_1_4_comp11,P_1_I_1_1_4_comp1+1_I_1_1_4_comp2+1_I_1_1_4_comp3+1_I_1_1_4_comp4+1_I_1_1_4_comp5+1_I_1_1_4_comp6+1_I_1_1_4_comp7+1_I_1_1_4_comp8+1_I_1_1_4_comp9+1_I_1_1_4_comp10+1_I_1_1_4_comp11,R_1_I_1_1_4,TCDB,TCDB.1_I_1_1_4_comp11
G_1_A_17_4_7_comp1,P_1_A_17_4_7_comp1,R_1_A_17_4_7,TCDB,TCDB.1_A_17_4_7_comp1
G_1_C_28_4_1_comp1,P_1_C_28_4_1_comp1,R_1_C_28_4_1,TCDB,TCDB.1_C_28_4_1_comp1
G_2_A_86_1_6_comp1,P_2_A_86_1_6_comp1,R_2_A_86_1_6,TCDB,TCDB.2_A_86_1_6_comp1
G_1_A_77_3_41_comp1,P_1_A_77_3_41_comp1,R_1_A_77_3_41,TCDB,TCDB.1_A_77_3_41_comp1
G_2_A_7_21_9_comp1,P_2_A_7_21_9_comp1,R_2_A_7_21_9,TCDB,TCDB.2_A_7_21_9_comp1
G_2_A_95_1_6_comp1,P_2_A_95_1_6_comp1,R_2_A_95_1_6,TCDB,TCDB.2_A_95_1_6_comp1
G_1_A_82_1_3_comp1,P_1_A_82_1_3_comp1,R_1_A_82_1_3,TCDB,TCDB.1_A_82_1_3_comp1
G_1_E_26_11_1_comp1,P_1_E_26_11_1_comp1,R_1_E_26_11_1,TCDB,TCDB.1_E_26_11_1_comp1
G_1_E_34_1_6_comp1,P_1_E_34_1_6_comp1,R_1_E_34_1_6,TCDB,TCDB.1_E_34_1_6_comp1
G_2_A_1_21_11_comp1,P_2_A_1_21_11_comp1,R_2_A_1_21_11,TCDB,TCDB.2_A_1_21_11_comp1
G_2_A_88_8_1_comp1,P_2_A_88_8_1_comp1,R_2_A_88_8_1,TCDB,TCDB.2_A_88_8_1_comp1
G_3_A_1_1_53_comp1,P_3_A_1_1_53_comp1+3_A_1_1_53_comp2+3_A_1_1_53_comp3+3_A_1_1_53_comp4,R_3_A_1_1_53,TCDB,TCDB.3_A_1_1_53_comp1
G_3_A_1_1_53_comp2,P_3_A_1_1_53_comp1+3_A_1_1_53_comp2+3_A_1_1_53_comp3+3_A_1_1_53_comp4,R_3_A_1_1_53,TCDB,TCDB.3_A_1_1_53_comp2
G_3_A_1_1_53_comp3,P_3_A_1_1_53_comp1+3_A_1_1_53_comp2+3_A_1_1_53_comp3+3_A_1_1_53_comp4,R_3_A_1_1_53,TCDB,TCDB.3_A_1_1_53_comp3
G_3_A_1_1_53_comp4,P_3_A_1_1_53_comp1+3_A_1_1_53_comp2+3_A_1_1_53_comp3+3_A_1_1_53_comp4,R_3_A_1_1_53,TCDB,TCDB.3_A_1_1_53_comp4
G_1_E_56_1_4_comp1,P_1_E_56_1_4_comp1,R_1_E_56_1_4,TCDB,TCDB.1_E_56_1_4_comp1
G_1_A_1_28_1_comp1,P_1_A_1_28_1_comp1,R_1_A_1_28_1,TCDB,TCDB.1_A_1_28_1_comp1
G_5_B_12_1_3_comp1,P_5_B_12_1_3_comp1+5_B_12_1_3_comp2+5_B_12_1_3_comp3+5_B_12_1_3_comp4+5_B_12_1_3_comp5,R_5_B_12_1_3,TCDB,TCDB.5_B_12_1_3_comp1
G_5_B_12_1_3_comp2,P_5_B_12_1_3_comp1+5_B_12_1_3_comp2+5_B_12_1_3_comp3+5_B_12_1_3_comp4+5_B_12_1_3_comp5,R_5_B_12_1_3,TCDB,TCDB.5_B_12_1_3_comp2
G_5_B_12_1_3_comp3,P_5_B_12_1_3_comp1+5_B_12_1_3_comp2+5_B_12_1_3_comp3+5_B_12_1_3_comp4+5_B_12_1_3_comp5,R_5_B_12_1_3,TCDB,TCDB.5_B_12_1_3_comp3
G_5_B_12_1_3_comp4,P_5_B_12_1_3_comp1+5_B_12_1_3_comp2+5_B_12_1_3_comp3+5_B_12_1_3_comp4+5_B_12_1_3_comp5,R_5_B_12_1_3,TCDB,TCDB.5_B_12_1_3_comp4
G_5_B_12_1_3_comp5,P_5_B_12_1_3_comp1+5_B_12_1_3_comp2+5_B_12_1_3_comp3+5_B_12_1_3_comp4+5_B_12_1_3_comp5,R_5_B_12_1_3,TCDB,TCDB.5_B_12_1_3_comp5
G_1_A_106_2_5_comp1,P_1_A_106_2_5_comp1,R_1_A_106_2_5,TCDB,TCDB.1_A_106_2_5_comp1
G_9_B_142_1_2_comp1,P_9_B_142_1_2_comp1,R_9_B_142_1_2,TCDB,TCDB.9_B_142_1_2_comp1
G_1_E_14_2_3_comp1,P_1_E_14_2_3_comp1,R_1_E_14_2_3,TCDB,TCDB.1_E_14_2_3_comp1
G_1_E_21_1_1_comp1,P_1_E_21_1_1_comp1,R_1_E_21_1_1,TCDB,TCDB.1_E_21_1_1_comp1
G_1_B_5_2_2_comp1,P_1_B_5_2_2_comp1,R_1_B_5_2_2,TCDB,TCDB.1_B_5_2_2_comp1
G_1_B_16_1_7_comp1,P_1_B_16_1_7_comp1,R_1_B_16_1_7,TCDB,TCDB.1_B_16_1_7_comp1
G_9_A_44_1_3_comp1,P_9_A_44_1_3_comp1,R_9_A_44_1_3,TCDB,TCDB.9_A_44_1_3_comp1
G_9_B_54_1_1_comp1,P_9_B_54_1_1_comp1,R_9_B_54_1_1,TCDB,TCDB.9_B_54_1_1_comp1
G_1_C_107_1_2_comp1,P_1_C_107_1_2_comp1,R_1_C_107_1_2,TCDB,TCDB.1_C_107_1_2_comp1
G_2_A_5_1_22_comp1,P_2_A_5_1_22_comp1+2_A_5_1_22_comp2,R_2_A_5_1_22,TCDB,TCDB.2_A_5_1_22_comp1
G_2_A_5_1_22_comp2,P_2_A_5_1_22_comp1+2_A_5_1_22_comp2,R_2_A_5_1_22,TCDB,TCDB.2_A_5_1_22_comp2
G_1_C_52_1_36_comp1,P_1_C_52_1_36_comp1,R_1_C_52_1_36,TCDB,TCDB.1_C_52_1_36_comp1
G_1_C_2_1_4_comp1,P_1_C_2_1_4_comp1,R_1_C_2_1_4,TCDB,TCDB.1_C_2_1_4_comp1
G_9_A_14_18_3_comp1,P_9_A_14_18_3_comp1,R_9_A_14_18_3,TCDB,TCDB.9_A_14_18_3_comp1
G_1_C_39_9_4_comp1,P_1_C_39_9_4_comp1,R_1_C_39_9_4,TCDB,TCDB.1_C_39_9_4_comp1
G_1_E_2_1_11_comp1,P_1_E_2_1_11_comp1,R_1_E_2_1_11,TCDB,TCDB.1_E_2_1_11_comp1
G_9_B_147_1_3_comp1,P_9_B_147_1_3_comp1,R_9_B_147_1_3,TCDB,TCDB.9_B_147_1_3_comp1
G_9_B_136_2_1_comp1,P_9_B_136_2_1_comp1,R_9_B_136_2_1,TCDB,TCDB.9_B_136_2_1_comp1
G_2_A_6_3_9_comp1,P_2_A_6_3_9_comp1,R_2_A_6_3_9,TCDB,TCDB.2_A_6_3_9_comp1
G_3_A_1_1_56_comp1,P_3_A_1_1_56_comp1+3_A_1_1_56_comp2+3_A_1_1_56_comp3+3_A_1_1_56_comp4+3_A_1_1_56_comp5,R_3_A_1_1_56,TCDB,TCDB.3_A_1_1_56_comp1
G_3_A_1_1_56_comp2,P_3_A_1_1_56_comp1+3_A_1_1_56_comp2+3_A_1_1_56_comp3+3_A_1_1_56_comp4+3_A_1_1_56_comp5,R_3_A_1_1_56,TCDB,TCDB.3_A_1_1_56_comp2
G_3_A_1_1_56_comp3,P_3_A_1_1_56_comp1+3_A_1_1_56_comp2+3_A_1_1_56_comp3+3_A_1_1_56_comp4+3_A_1_1_56_comp5,R_3_A_1_1_56,TCDB,TCDB.3_A_1_1_56_comp3
G_3_A_1_1_56_comp4,P_3_A_1_1_56_comp1+3_A_1_1_56_comp2+3_A_1_1_56_comp3+3_A_1_1_56_comp4+3_A_1_1_56_comp5,R_3_A_1_1_56,TCDB,TCDB.3_A_1_1_56_comp4
G_3_A_1_1_56_comp5,P_3_A_1_1_56_comp1+3_A_1_1_56_comp2+3_A_1_1_56_comp3+3_A_1_1_56_comp4+3_A_1_1_56_comp5,R_3_A_1_1_56,TCDB,TCDB.3_A_1_1_56_comp5
G_9_A_45_1_2_comp1,P_9_A_45_1_2_comp1,R_9_A_45_1_2,TCDB,TCDB.9_A_45_1_2_comp1
G_4_A_5_1_5_comp1,P_4_A_5_1_5_comp1+4_A_5_1_5_comp2+4_A_5_1_5_comp3,R_4_A_5_1_5,TCDB,TCDB.4_A_5_1_5_comp1
G_4_A_5_1_5_comp2,P_4_A_5_1_5_comp1+4_A_5_1_5_comp2+4_A_5_1_5_comp3,R_4_A_5_1_5,TCDB,TCDB.4_A_5_1_5_comp2
G_4_A_5_1_5_comp3,P_4_A_5_1_5_comp1+4_A_5_1_5_comp2+4_A_5_1_5_comp3,R_4_A_5_1_5,TCDB,TCDB.4_A_5_1_5_comp3
G_9_B_297_1_1_comp1,P_9_B_297_1_1_comp1,R_9_B_297_1_1,TCDB,TCDB.9_B_297_1_1_comp1
G_2_A_64_4_1_comp1,P_2_A_64_4_1_comp1+2_A_64_4_1_comp2,R_2_A_64_4_1,TCDB,TCDB.2_A_64_4_1_comp1
G_2_A_64_4_1_comp2,P_2_A_64_4_1_comp1+2_A_64_4_1_comp2,R_2_A_64_4_1,TCDB,TCDB.2_A_64_4_1_comp2
G_2_A_64_5_1_comp1,P_2_A_64_5_1_comp1+2_A_64_5_1_comp2,R_2_A_64_5_1,TCDB,TCDB.2_A_64_5_1_comp1
G_2_A_64_5_1_comp2,P_2_A_64_5_1_comp1+2_A_64_5_1_comp2,R_2_A_64_5_1,TCDB,TCDB.2_A_64_5_1_comp2
G_9_B_185_1_2_comp1,P_9_B_185_1_2_comp1,R_9_B_185_1_2,TCDB,TCDB.9_B_185_1_2_comp1
G_4_A_2_1_15_comp1,P_4_A_2_1_15_comp1+4_A_2_1_15_comp2+4_A_2_1_15_comp3,R_4_A_2_1_15,TCDB,TCDB.4_A_2_1_15_comp1
G_4_A_2_1_15_comp2,P_4_A_2_1_15_comp1+4_A_2_1_15_comp2+4_A_2_1_15_comp3,R_4_A_2_1_15,TCDB,TCDB.4_A_2_1_15_comp2
G_4_A_2_1_15_comp3,P_4_A_2_1_15_comp1+4_A_2_1_15_comp2+4_A_2_1_15_comp3,R_4_A_2_1_15,TCDB,TCDB.4_A_2_1_15_comp3
G_8_A_7_1_4_comp1,P_8_A_7_1_4_comp1,R_8_A_7_1_4,TCDB,TCDB.8_A_7_1_4_comp1
G_8_A_8_1_4_comp1,P_8_A_8_1_4_comp1,R_8_A_8_1_4,TCDB,TCDB.8_A_8_1_4_comp1
G_9_B_142_3_15_comp1,P_9_B_142_3_15_comp1,R_9_B_142_3_15,TCDB,TCDB.9_B_142_3_15_comp1
G_9_B_153_2_3_comp1,P_9_B_153_2_3_comp1,R_9_B_153_2_3,TCDB,TCDB.9_B_153_2_3_comp1
G_1_A_77_3_25_comp1,P_1_A_77_3_25_comp1,R_1_A_77_3_25,TCDB,TCDB.1_A_77_3_25_comp1
G_1_B_80_1_3_comp1,P_1_B_80_1_3_comp1,R_1_B_80_1_3,TCDB,TCDB.1_B_80_1_3_comp1
G_2_A_66_2_8_comp1,P_2_A_66_2_8_comp1,R_2_A_66_2_8,TCDB,TCDB.2_A_66_2_8_comp1
G_9_B_97_4_1_comp1,P_9_B_97_4_1_comp1,R_9_B_97_4_1,TCDB,TCDB.9_B_97_4_1_comp1
G_1_E_19_1_15_comp1,P_1_E_19_1_15_comp1,R_1_E_19_1_15,TCDB,TCDB.1_E_19_1_15_comp1
G_1_B_57_4_4_comp1,P_1_B_57_4_4_comp1,R_1_B_57_4_4,TCDB,TCDB.1_B_57_4_4_comp1
G_2_A_120_1_2_comp1,P_2_A_120_1_2_comp1,R_2_A_120_1_2,TCDB,TCDB.2_A_120_1_2_comp1
G_1_A_77_3_5_comp1,P_1_A_77_3_5_comp1,R_1_A_77_3_5,TCDB,TCDB.1_A_77_3_5_comp1
G_9_B_143_2_2_comp1,P_9_B_143_2_2_comp1,R_9_B_143_2_2,TCDB,TCDB.9_B_143_2_2_comp1
G_4_B_1_1_7_comp1,P_4_B_1_1_7_comp1,R_4_B_1_1_7,TCDB,TCDB.4_B_1_1_7_comp1
G_9_A_28_1_3_comp1,P_9_A_28_1_3_comp1,R_9_A_28_1_3,TCDB,TCDB.9_A_28_1_3_comp1
G_1_E_26_7_5_comp1,P_1_E_26_7_5_comp1,R_1_E_26_7_5,TCDB,TCDB.1_E_26_7_5_comp1
G_2_A_115_2_12_comp1,P_2_A_115_2_12_comp1,R_2_A_115_2_12,TCDB,TCDB.2_A_115_2_12_comp1
G_9_B_2_5_4_comp1,P_9_B_2_5_4_comp1,R_9_B_2_5_4,TCDB,TCDB.9_B_2_5_4_comp1
G_9_B_14_1_17_comp1,P_9_B_14_1_17_comp1,R_9_B_14_1_17,TCDB,TCDB.9_B_14_1_17_comp1
G_1_E_52_1_2_comp1,P_1_E_52_1_2_comp1,R_1_E_52_1_2,TCDB,TCDB.1_E_52_1_2_comp1
G_1_E_52_1_1_comp1,P_1_E_52_1_1_comp1,R_1_E_52_1_1,TCDB,TCDB.1_E_52_1_1_comp1
G_3_A_1_147_4_comp1,P_3_A_1_147_4_comp1+3_A_1_147_4_comp2,R_3_A_1_147_4,TCDB,TCDB.3_A_1_147_4_comp1
G_3_A_1_147_4_comp2,P_3_A_1_147_4_comp1+3_A_1_147_4_comp2,R_3_A_1_147_4,TCDB,TCDB.3_A_1_147_4_comp2
G_9_B_8_1_10_comp1,P_9_B_8_1_10_comp1,R_9_B_8_1_10,TCDB,TCDB.9_B_8_1_10_comp1
G_1_C_45_3_1_comp1,P_1_C_45_3_1_comp1,R_1_C_45_3_1,TCDB,TCDB.1_C_45_3_1_comp1
G_1_C_116_1_3_comp1,P_1_C_116_1_3_comp1,R_1_C_116_1_3,TCDB,TCDB.1_C_116_1_3_comp1
G_9_A_59_1_1_comp1,P_9_A_59_1_1_comp1,R_9_A_59_1_1,TCDB,TCDB.9_A_59_1_1_comp1
G_1_B_23_1_5_comp1,P_1_B_23_1_5_comp1,R_1_B_23_1_5,TCDB,TCDB.1_B_23_1_5_comp1
G_3_A_1_126_4_comp1,P_3_A_1_126_4_comp1+3_A_1_126_4_comp2,R_3_A_1_126_4,TCDB,TCDB.3_A_1_126_4_comp1
G_3_A_1_126_4_comp2,P_3_A_1_126_4_comp1+3_A_1_126_4_comp2,R_3_A_1_126_4,TCDB,TCDB.3_A_1_126_4_comp2
G_9_B_218_1_4_comp1,P_9_B_218_1_4_comp1,R_9_B_218_1_4,TCDB,TCDB.9_B_218_1_4_comp1
G_1_B_50_1_2_comp1,P_1_B_50_1_2_comp1,R_1_B_50_1_2,TCDB,TCDB.1_B_50_1_2_comp1
G_4_A_7_1_5_comp1,P_4_A_7_1_5_comp1,R_4_A_7_1_5,TCDB,TCDB.4_A_7_1_5_comp1
G_9_B_67_3_4_comp1,P_9_B_67_3_4_comp1,R_9_B_67_3_4,TCDB,TCDB.9_B_67_3_4_comp1
G_9_B_143_1_2_comp1,P_9_B_143_1_2_comp1,R_9_B_143_1_2,TCDB,TCDB.9_B_143_1_2_comp1
G_2_A_85_4_1_comp1,P_2_A_85_4_1_comp1,R_2_A_85_4_1,TCDB,TCDB.2_A_85_4_1_comp1
G_1_B_5_1_9_comp1,P_1_B_5_1_9_comp1,R_1_B_5_1_9,TCDB,TCDB.1_B_5_1_9_comp1
G_1_A_30_1_5_comp1,P_1_A_30_1_5_comp1+1_A_30_1_5_comp2+1_A_30_1_5_comp3+1_A_30_1_5_comp4,R_1_A_30_1_5,TCDB,TCDB.1_A_30_1_5_comp1
G_1_A_30_1_5_comp2,P_1_A_30_1_5_comp1+1_A_30_1_5_comp2+1_A_30_1_5_comp3+1_A_30_1_5_comp4,R_1_A_30_1_5,TCDB,TCDB.1_A_30_1_5_comp2
G_1_A_30_1_5_comp3,P_1_A_30_1_5_comp1+1_A_30_1_5_comp2+1_A_30_1_5_comp3+1_A_30_1_5_comp4,R_1_A_30_1_5,TCDB,TCDB.1_A_30_1_5_comp3
G_1_A_30_1_5_comp4,P_1_A_30_1_5_comp1+1_A_30_1_5_comp2+1_A_30_1_5_comp3+1_A_30_1_5_comp4,R_1_A_30_1_5,TCDB,TCDB.1_A_30_1_5_comp4
G_1_A_30_1_6_comp1,P_1_A_30_1_6_comp1+1_A_30_1_6_comp2+1_A_30_1_6_comp3+1_A_30_1_6_comp4,R_1_A_30_1_6,TCDB,TCDB.1_A_30_1_6_comp1
G_1_A_30_1_6_comp2,P_1_A_30_1_6_comp1+1_A_30_1_6_comp2+1_A_30_1_6_comp3+1_A_30_1_6_comp4,R_1_A_30_1_6,TCDB,TCDB.1_A_30_1_6_comp2
G_1_A_30_1_6_comp3,P_1_A_30_1_6_comp1+1_A_30_1_6_comp2+1_A_30_1_6_comp3+1_A_30_1_6_comp4,R_1_A_30_1_6,TCDB,TCDB.1_A_30_1_6_comp3
G_1_A_30_1_6_comp4,P_1_A_30_1_6_comp1+1_A_30_1_6_comp2+1_A_30_1_6_comp3+1_A_30_1_6_comp4,R_1_A_30_1_6,TCDB,TCDB.1_A_30_1_6_comp4
G_1_V_1_1_2_comp1,P_1_V_1_1_2_comp1+1_V_1_1_2_comp2+1_V_1_1_2_comp3,R_1_V_1_1_2,TCDB,TCDB.1_V_1_1_2_comp1
G_1_V_1_1_2_comp2,P_1_V_1_1_2_comp1+1_V_1_1_2_comp2+1_V_1_1_2_comp3,R_1_V_1_1_2,TCDB,TCDB.1_V_1_1_2_comp2
G_1_V_1_1_2_comp3,P_1_V_1_1_2_comp1+1_V_1_1_2_comp2+1_V_1_1_2_comp3,R_1_V_1_1_2,TCDB,TCDB.1_V_1_1_2_comp3
G_9_B_34_1_3_comp1,P_9_B_34_1_3_comp1,R_9_B_34_1_3,TCDB,TCDB.9_B_34_1_3_comp1
G_2_A_7_26_3_comp1,P_2_A_7_26_3_comp1,R_2_A_7_26_3,TCDB,TCDB.2_A_7_26_3_comp1
G_2_A_1_81_1_comp1,P_2_A_1_81_1_comp1,R_2_A_1_81_1,TCDB,TCDB.2_A_1_81_1_comp1
G_3_A_1_210_15_comp1,P_3_A_1_210_15_comp1,R_3_A_1_210_15,TCDB,TCDB.3_A_1_210_15_comp1
G_2_A_56_3_4_comp1,P_2_A_56_3_4_comp1+2_A_56_3_4_comp2+2_A_56_3_4_comp3,R_2_A_56_3_4,TCDB,TCDB.2_A_56_3_4_comp1
G_2_A_56_3_4_comp2,P_2_A_56_3_4_comp1+2_A_56_3_4_comp2+2_A_56_3_4_comp3,R_2_A_56_3_4,TCDB,TCDB.2_A_56_3_4_comp2
G_2_A_56_3_4_comp3,P_2_A_56_3_4_comp1+2_A_56_3_4_comp2+2_A_56_3_4_comp3,R_2_A_56_3_4,TCDB,TCDB.2_A_56_3_4_comp3
G_1_E_54_1_1_comp1,P_1_E_54_1_1_comp1,R_1_E_54_1_1,TCDB,TCDB.1_E_54_1_1_comp1
G_3_D_3_1_2_comp1,P_3_D_3_1_2_comp1+3_D_3_1_2_comp2+3_D_3_1_2_comp3,R_3_D_3_1_2,TCDB,TCDB.3_D_3_1_2_comp1
G_3_D_3_1_2_comp2,P_3_D_3_1_2_comp1+3_D_3_1_2_comp2+3_D_3_1_2_comp3,R_3_D_3_1_2,TCDB,TCDB.3_D_3_1_2_comp2
G_3_D_3_1_2_comp3,P_3_D_3_1_2_comp1+3_D_3_1_2_comp2+3_D_3_1_2_comp3,R_3_D_3_1_2,TCDB,TCDB.3_D_3_1_2_comp3
G_2_A_21_7_5_comp1,P_2_A_21_7_5_comp1,R_2_A_21_7_5,TCDB,TCDB.2_A_21_7_5_comp1
G_2_A_47_4_6_comp1,P_2_A_47_4_6_comp1,R_2_A_47_4_6,TCDB,TCDB.2_A_47_4_6_comp1
G_3_A_1_23_7_comp1,P_3_A_1_23_7_comp1+3_A_1_23_7_comp2+3_A_1_23_7_comp3,R_3_A_1_23_7,TCDB,TCDB.3_A_1_23_7_comp1
G_3_A_1_23_7_comp2,P_3_A_1_23_7_comp1+3_A_1_23_7_comp2+3_A_1_23_7_comp3,R_3_A_1_23_7,TCDB,TCDB.3_A_1_23_7_comp2
G_3_A_1_23_7_comp3,P_3_A_1_23_7_comp1+3_A_1_23_7_comp2+3_A_1_23_7_comp3,R_3_A_1_23_7,TCDB,TCDB.3_A_1_23_7_comp3
G_2_A_88_1_3_comp1,P_2_A_88_1_3_comp1,R_2_A_88_1_3,TCDB,TCDB.2_A_88_1_3_comp1
G_3_A_1_25_7_comp1,P_3_A_1_25_7_comp1+3_A_1_25_7_comp2+3_A_1_25_7_comp3,R_3_A_1_25_7,TCDB,TCDB.3_A_1_25_7_comp1
G_3_A_1_25_7_comp2,P_3_A_1_25_7_comp1+3_A_1_25_7_comp2+3_A_1_25_7_comp3,R_3_A_1_25_7,TCDB,TCDB.3_A_1_25_7_comp2
G_3_A_1_25_7_comp3,P_3_A_1_25_7_comp1+3_A_1_25_7_comp2+3_A_1_25_7_comp3,R_3_A_1_25_7,TCDB,TCDB.3_A_1_25_7_comp3
G_2_A_21_7_4_comp1,P_2_A_21_7_4_comp1,R_2_A_21_7_4,TCDB,TCDB.2_A_21_7_4_comp1
G_3_A_1_23_8_comp1,P_3_A_1_23_8_comp1+3_A_1_23_8_comp2+3_A_1_23_8_comp3+3_A_1_23_8_comp4,R_3_A_1_23_8,TCDB,TCDB.3_A_1_23_8_comp1
G_3_A_1_23_8_comp2,P_3_A_1_23_8_comp1+3_A_1_23_8_comp2+3_A_1_23_8_comp3+3_A_1_23_8_comp4,R_3_A_1_23_8,TCDB,TCDB.3_A_1_23_8_comp2
G_3_A_1_23_8_comp3,P_3_A_1_23_8_comp1+3_A_1_23_8_comp2+3_A_1_23_8_comp3+3_A_1_23_8_comp4,R_3_A_1_23_8,TCDB,TCDB.3_A_1_23_8_comp3
G_3_A_1_23_8_comp4,P_3_A_1_23_8_comp1+3_A_1_23_8_comp2+3_A_1_23_8_comp3+3_A_1_23_8_comp4,R_3_A_1_23_8,TCDB,TCDB.3_A_1_23_8_comp4
G_9_B_160_1_6_comp1,P_9_B_160_1_6_comp1,R_9_B_160_1_6,TCDB,TCDB.9_B_160_1_6_comp1
G_1_E_54_2_3_comp1,P_1_E_54_2_3_comp1,R_1_E_54_2_3,TCDB,TCDB.1_E_54_2_3_comp1
G_8_A_95_2_3_comp1,P_8_A_95_2_3_comp1,R_8_A_95_2_3,TCDB,TCDB.8_A_95_2_3_comp1
G_2_A_89_1_9_comp1,P_2_A_89_1_9_comp1,R_2_A_89_1_9,TCDB,TCDB.2_A_89_1_9_comp1
G_3_A_3_2_29_comp1,P_3_A_3_2_29_comp1,R_3_A_3_2_29,TCDB,TCDB.3_A_3_2_29_comp1
G_2_A_7_1_10_comp1,P_2_A_7_1_10_comp1,R_2_A_7_1_10,TCDB,TCDB.2_A_7_1_10_comp1
G_2_A_66_1_22_comp1,P_2_A_66_1_22_comp1,R_2_A_66_1_22,TCDB,TCDB.2_A_66_1_22_comp1
G_2_A_113_1_2_comp1,P_2_A_113_1_2_comp1,R_2_A_113_1_2,TCDB,TCDB.2_A_113_1_2_comp1
G_5_B_9_1_4_comp1,P_5_B_9_1_4_comp1,R_5_B_9_1_4,TCDB,TCDB.5_B_9_1_4_comp1
G_5_B_5_1_2_comp1,P_5_B_5_1_2_comp1+5_B_5_1_2_comp2+5_B_5_1_2_comp3+5_B_5_1_2_comp4,R_5_B_5_1_2,TCDB,TCDB.5_B_5_1_2_comp1
G_5_B_5_1_2_comp2,P_5_B_5_1_2_comp1+5_B_5_1_2_comp2+5_B_5_1_2_comp3+5_B_5_1_2_comp4,R_5_B_5_1_2,TCDB,TCDB.5_B_5_1_2_comp2
G_5_B_5_1_2_comp3,P_5_B_5_1_2_comp1+5_B_5_1_2_comp2+5_B_5_1_2_comp3+5_B_5_1_2_comp4,R_5_B_5_1_2,TCDB,TCDB.5_B_5_1_2_comp3
G_5_B_5_1_2_comp4,P_5_B_5_1_2_comp1+5_B_5_1_2_comp2+5_B_5_1_2_comp3+5_B_5_1_2_comp4,R_5_B_5_1_2,TCDB,TCDB.5_B_5_1_2_comp4
G_1_B_5_2_1_comp1,P_1_B_5_2_1_comp1,R_1_B_5_2_1,TCDB,TCDB.1_B_5_2_1_comp1
G_2_A_121_4_4_comp1,P_2_A_121_4_4_comp1,R_2_A_121_4_4,TCDB,TCDB.2_A_121_4_4_comp1
G_1_E_33_1_6_comp1,P_1_E_33_1_6_comp1,R_1_E_33_1_6,TCDB,TCDB.1_E_33_1_6_comp1
G_1_M_1_4_9_comp1,P_1_M_1_4_9_comp1,R_1_M_1_4_9,TCDB,TCDB.1_M_1_4_9_comp1
G_1_E_33_1_1_comp1,P_1_E_33_1_1_comp1,R_1_E_33_1_1,TCDB,TCDB.1_E_33_1_1_comp1
G_8_A_42_1_4_comp1,P_8_A_42_1_4_comp1,R_8_A_42_1_4,TCDB,TCDB.8_A_42_1_4_comp1
G_9_B_160_1_13_comp1,P_9_B_160_1_13_comp1,R_9_B_160_1_13,TCDB,TCDB.9_B_160_1_13_comp1
G_1_E_5_3_2_comp1,P_1_E_5_3_2_comp1,R_1_E_5_3_2,TCDB,TCDB.1_E_5_3_2_comp1
G_1_A_54_5_2_comp1,P_1_A_54_5_2_comp1,R_1_A_54_5_2,TCDB,TCDB.1_A_54_5_2_comp1
G_1_B_10_2_6_comp1,P_1_B_10_2_6_comp1,R_1_B_10_2_6,TCDB,TCDB.1_B_10_2_6_comp1
G_1_B_66_1_8_comp1,P_1_B_66_1_8_comp1,R_1_B_66_1_8,TCDB,TCDB.1_B_66_1_8_comp1
G_1_B_5_1_8_comp1,P_1_B_5_1_8_comp1,R_1_B_5_1_8,TCDB,TCDB.1_B_5_1_8_comp1
G_9_B_227_2_3_comp1,P_9_B_227_2_3_comp1,R_9_B_227_2_3,TCDB,TCDB.9_B_227_2_3_comp1
G_1_B_23_1_13_comp1,P_1_B_23_1_13_comp1,R_1_B_23_1_13,TCDB,TCDB.1_B_23_1_13_comp1
G_1_B_71_1_1_comp1,P_1_B_71_1_1_comp1,R_1_B_71_1_1,TCDB,TCDB.1_B_71_1_1_comp1
G_9_B_186_1_3_comp1,P_9_B_186_1_3_comp1,R_9_B_186_1_3,TCDB,TCDB.9_B_186_1_3_comp1
G_1_B_14_15_2_comp1,P_1_B_14_15_2_comp1,R_1_B_14_15_2,TCDB,TCDB.1_B_14_15_2_comp1
G_2_A_55_2_7_comp1,P_2_A_55_2_7_comp1,R_2_A_55_2_7,TCDB,TCDB.2_A_55_2_7_comp1
G_2_A_76_1_11_comp1,P_2_A_76_1_11_comp1,R_2_A_76_1_11,TCDB,TCDB.2_A_76_1_11_comp1
G_1_B_44_2_13_comp1,P_1_B_44_2_13_comp1,R_1_B_44_2_13,TCDB,TCDB.1_B_44_2_13_comp1
G_9_B_121_6_7_comp1,P_9_B_121_6_7_comp1,R_9_B_121_6_7,TCDB,TCDB.9_B_121_6_7_comp1
G_2_A_31_3_6_comp1,P_2_A_31_3_6_comp1,R_2_A_31_3_6,TCDB,TCDB.2_A_31_3_6_comp1
G_9_B_222_1_3_comp1,P_9_B_222_1_3_comp1,R_9_B_222_1_3,TCDB,TCDB.9_B_222_1_3_comp1
G_9_B_153_3_17_comp1,P_9_B_153_3_17_comp1,R_9_B_153_3_17,TCDB,TCDB.9_B_153_3_17_comp1
G_2_A_46_1_5_comp1,P_2_A_46_1_5_comp1,R_2_A_46_1_5,TCDB,TCDB.2_A_46_1_5_comp1
G_1_C_39_2_5_comp1,P_1_C_39_2_5_comp1,R_1_C_39_2_5,TCDB,TCDB.1_C_39_2_5_comp1
G_1_E_27_1_2_comp1,P_1_E_27_1_2_comp1,R_1_E_27_1_2,TCDB,TCDB.1_E_27_1_2_comp1
G_9_B_62_5_2_comp1,P_9_B_62_5_2_comp1,R_9_B_62_5_2,TCDB,TCDB.9_B_62_5_2_comp1
G_1_B_4_1_1_comp1,P_1_B_4_1_1_comp1,R_1_B_4_1_1,TCDB,TCDB.1_B_4_1_1_comp1
G_1_B_4_1_2_comp1,P_1_B_4_1_2_comp1,R_1_B_4_1_2,TCDB,TCDB.1_B_4_1_2_comp1
G_2_A_7_3_71_comp1,P_2_A_7_3_71_comp1,R_2_A_7_3_71,TCDB,TCDB.2_A_7_3_71_comp1
G_1_B_70_1_3_comp1,P_1_B_70_1_3_comp1,R_1_B_70_1_3,TCDB,TCDB.1_B_70_1_3_comp1
G_9_B_62_1_3_comp1,P_9_B_62_1_3_comp1,R_9_B_62_1_3,TCDB,TCDB.9_B_62_1_3_comp1
G_1_B_33_1_5_comp1,P_1_B_33_1_5_comp1,R_1_B_33_1_5,TCDB,TCDB.1_B_33_1_5_comp1
G_9_B_147_2_3_comp1,P_9_B_147_2_3_comp1,R_9_B_147_2_3,TCDB,TCDB.9_B_147_2_3_comp1
G_9_B_163_4_2_comp1,P_9_B_163_4_2_comp1,R_9_B_163_4_2,TCDB,TCDB.9_B_163_4_2_comp1
G_9_B_163_4_1_comp1,P_9_B_163_4_1_comp1,R_9_B_163_4_1,TCDB,TCDB.9_B_163_4_1_comp1
G_2_A_1_77_2_comp1,P_2_A_1_77_2_comp1,R_2_A_1_77_2,TCDB,TCDB.2_A_1_77_2_comp1
G_1_E_29_2_2_comp1,P_1_E_29_2_2_comp1,R_1_E_29_2_2,TCDB,TCDB.1_E_29_2_2_comp1
G_8_A_58_2_12_comp1,P_8_A_58_2_12_comp1,R_8_A_58_2_12,TCDB,TCDB.8_A_58_2_12_comp1
G_9_B_14_4_1_comp1,P_9_B_14_4_1_comp1,R_9_B_14_4_1,TCDB,TCDB.9_B_14_4_1_comp1
G_2_A_1_37_2_comp1,P_2_A_1_37_2_comp1,R_2_A_1_37_2,TCDB,TCDB.2_A_1_37_2_comp1
G_2_A_1_3_80_comp1,P_2_A_1_3_80_comp1,R_2_A_1_3_80,TCDB,TCDB.2_A_1_3_80_comp1
G_3_A_1_122_32_comp1,P_3_A_1_122_32_comp1+3_A_1_122_32_comp2+3_A_1_122_32_comp3,R_3_A_1_122_32,TCDB,TCDB.3_A_1_122_32_comp1
G_3_A_1_122_32_comp2,P_3_A_1_122_32_comp1+3_A_1_122_32_comp2+3_A_1_122_32_comp3,R_3_A_1_122_32,TCDB,TCDB.3_A_1_122_32_comp2
G_3_A_1_122_32_comp3,P_3_A_1_122_32_comp1+3_A_1_122_32_comp2+3_A_1_122_32_comp3,R_3_A_1_122_32,TCDB,TCDB.3_A_1_122_32_comp3
G_1_B_24_1_4_comp1,P_1_B_24_1_4_comp1,R_1_B_24_1_4,TCDB,TCDB.1_B_24_1_4_comp1
G_9_B_62_3_7_comp1,P_9_B_62_3_7_comp1,R_9_B_62_3_7,TCDB,TCDB.9_B_62_3_7_comp1
G_9_B_139_1_3_comp1,P_9_B_139_1_3_comp1,R_9_B_139_1_3,TCDB,TCDB.9_B_139_1_3_comp1
G_9_B_142_9_4_comp1,P_9_B_142_9_4_comp1,R_9_B_142_9_4,TCDB,TCDB.9_B_142_9_4_comp1
G_1_B_25_1_16_comp1,P_1_B_25_1_16_comp1,R_1_B_25_1_16,TCDB,TCDB.1_B_25_1_16_comp1
G_9_B_102_5_7_comp1,P_9_B_102_5_7_comp1,R_9_B_102_5_7,TCDB,TCDB.9_B_102_5_7_comp1
G_1_E_34_2_4_comp1,P_1_E_34_2_4_comp1,R_1_E_34_2_4,TCDB,TCDB.1_E_34_2_4_comp1
G_9_A_5_3_1_comp1,P_9_A_5_3_1_comp1,R_9_A_5_3_1,TCDB,TCDB.9_A_5_3_1_comp1
G_2_A_7_33_6_comp1,P_2_A_7_33_6_comp1,R_2_A_7_33_6,TCDB,TCDB.2_A_7_33_6_comp1
G_9_B_142_6_2_comp1,P_9_B_142_6_2_comp1,R_9_B_142_6_2,TCDB,TCDB.9_B_142_6_2_comp1
G_1_B_66_1_3_comp1,P_1_B_66_1_3_comp1,R_1_B_66_1_3,TCDB,TCDB.1_B_66_1_3_comp1
G_9_B_102_2_1_comp1,P_9_B_102_2_1_comp1,R_9_B_102_2_1,TCDB,TCDB.9_B_102_2_1_comp1
G_9_B_102_5_1_comp1,P_9_B_102_5_1_comp1,R_9_B_102_5_1,TCDB,TCDB.9_B_102_5_1_comp1
G_1_B_48_2_5_comp1,P_1_B_48_2_5_comp1,R_1_B_48_2_5,TCDB,TCDB.1_B_48_2_5_comp1
G_1_B_35_1_5_comp1,P_1_B_35_1_5_comp1,R_1_B_35_1_5,TCDB,TCDB.1_B_35_1_5_comp1
G_8_A_96_2_1_comp1,P_8_A_96_2_1_comp1,R_8_A_96_2_1,TCDB,TCDB.8_A_96_2_1_comp1
G_9_B_148_1_3_comp1,P_9_B_148_1_3_comp1,R_9_B_148_1_3,TCDB,TCDB.9_B_148_1_3_comp1
G_9_B_27_2_5_comp1,P_9_B_27_2_5_comp1,R_9_B_27_2_5,TCDB,TCDB.9_B_27_2_5_comp1
G_4_F_1_3_3_comp1,P_4_F_1_3_3_comp1,R_4_F_1_3_3,TCDB,TCDB.4_F_1_3_3_comp1
G_2_A_1_51_2_comp1,P_2_A_1_51_2_comp1,R_2_A_1_51_2,TCDB,TCDB.2_A_1_51_2_comp1
G_1_E_42_1_4_comp1,P_1_E_42_1_4_comp1,R_1_E_42_1_4,TCDB,TCDB.1_E_42_1_4_comp1
G_1_E_20_1_3_comp1,P_1_E_20_1_3_comp1,R_1_E_20_1_3,TCDB,TCDB.1_E_20_1_3_comp1
G_1_G_13_1_2_comp1,P_1_G_13_1_2_comp1,R_1_G_13_1_2,TCDB,TCDB.1_G_13_1_2_comp1
G_1_A_79_1_4_comp1,P_1_A_79_1_4_comp1,R_1_A_79_1_4,TCDB,TCDB.1_A_79_1_4_comp1
G_1_G_15_1_2_comp1,P_1_G_15_1_2_comp1,R_1_G_15_1_2,TCDB,TCDB.1_G_15_1_2_comp1
G_1_B_1_1_19_comp1,P_1_B_1_1_19_comp1,R_1_B_1_1_19,TCDB,TCDB.1_B_1_1_19_comp1
G_1_C_35_2_3_comp1,P_1_C_35_2_3_comp1,R_1_C_35_2_3,TCDB,TCDB.1_C_35_2_3_comp1
G_2_A_39_3_6_comp1,P_2_A_39_3_6_comp1,R_2_A_39_3_6,TCDB,TCDB.2_A_39_3_6_comp1
G_9_B_230_1_4_comp1,P_9_B_230_1_4_comp1,R_9_B_230_1_4,TCDB,TCDB.9_B_230_1_4_comp1
G_9_A_7_1_2_comp1,P_9_A_7_1_2_comp1,R_9_A_7_1_2,TCDB,TCDB.9_A_7_1_2_comp1
G_2_A_122_1_2_comp1,P_2_A_122_1_2_comp1,R_2_A_122_1_2,TCDB,TCDB.2_A_122_1_2_comp1
G_9_B_102_1_8_comp1,P_9_B_102_1_8_comp1,R_9_B_102_1_8,TCDB,TCDB.9_B_102_1_8_comp1
G_9_B_151_2_3_comp1,P_9_B_151_2_3_comp1,R_9_B_151_2_3,TCDB,TCDB.9_B_151_2_3_comp1
G_3_A_1_26_11_comp1,P_3_A_1_26_11_comp1+3_A_1_26_11_comp2+3_A_1_26_11_comp3+3_A_1_26_11_comp4,R_3_A_1_26_11,TCDB,TCDB.3_A_1_26_11_comp1
G_3_A_1_26_11_comp2,P_3_A_1_26_11_comp1+3_A_1_26_11_comp2+3_A_1_26_11_comp3+3_A_1_26_11_comp4,R_3_A_1_26_11,TCDB,TCDB.3_A_1_26_11_comp2
G_3_A_1_26_11_comp3,P_3_A_1_26_11_comp1+3_A_1_26_11_comp2+3_A_1_26_11_comp3+3_A_1_26_11_comp4,R_3_A_1_26_11,TCDB,TCDB.3_A_1_26_11_comp3
G_3_A_1_26_11_comp4,P_3_A_1_26_11_comp1+3_A_1_26_11_comp2+3_A_1_26_11_comp3+3_A_1_26_11_comp4,R_3_A_1_26_11,TCDB,TCDB.3_A_1_26_11_comp4
G_3_A_1_148_3_comp1,P_3_A_1_148_3_comp1+3_A_1_148_3_comp2,R_3_A_1_148_3,TCDB,TCDB.3_A_1_148_3_comp1
G_3_A_1_148_3_comp2,P_3_A_1_148_3_comp1+3_A_1_148_3_comp2,R_3_A_1_148_3,TCDB,TCDB.3_A_1_148_3_comp2
G_1_E_31_1_2_comp1,P_1_E_31_1_2_comp1,R_1_E_31_1_2,TCDB,TCDB.1_E_31_1_2_comp1
G_9_B_45_1_1_comp1,P_9_B_45_1_1_comp1,R_9_B_45_1_1,TCDB,TCDB.9_B_45_1_1_comp1
G_2_A_2_7_2_comp1,P_2_A_2_7_2_comp1,R_2_A_2_7_2,TCDB,TCDB.2_A_2_7_2_comp1
G_2_A_1_22_2_comp1,P_2_A_1_22_2_comp1,R_2_A_1_22_2,TCDB,TCDB.2_A_1_22_2_comp1
G_1_A_77_1_17_comp1,P_1_A_77_1_17_comp1,R_1_A_77_1_17,TCDB,TCDB.1_A_77_1_17_comp1
G_8_A_45_1_6_comp1,P_8_A_45_1_6_comp1,R_8_A_45_1_6,TCDB,TCDB.8_A_45_1_6_comp1
G_1_A_69_7_2_comp1,P_1_A_69_7_2_comp1,R_1_A_69_7_2,TCDB,TCDB.1_A_69_7_2_comp1
G_9_A_24_4_2_comp1,P_9_A_24_4_2_comp1,R_9_A_24_4_2,TCDB,TCDB.9_A_24_4_2_comp1
G_1_E_32_1_3_comp1,P_1_E_32_1_3_comp1,R_1_E_32_1_3,TCDB,TCDB.1_E_32_1_3_comp1
G_9_B_148_1_9_comp1,P_9_B_148_1_9_comp1,R_9_B_148_1_9,TCDB,TCDB.9_B_148_1_9_comp1
G_9_B_159_3_1_comp1,P_9_B_159_3_1_comp1,R_9_B_159_3_1,TCDB,TCDB.9_B_159_3_1_comp1
G_9_B_51_1_3_comp1,P_9_B_51_1_3_comp1,R_9_B_51_1_3,TCDB,TCDB.9_B_51_1_3_comp1
G_2_A_7_3_16_comp1,P_2_A_7_3_16_comp1,R_2_A_7_3_16,TCDB,TCDB.2_A_7_3_16_comp1
G_1_B_93_1_4_comp1,P_1_B_93_1_4_comp1,R_1_B_93_1_4,TCDB,TCDB.1_B_93_1_4_comp1
G_1_E_32_2_1_comp1,P_1_E_32_2_1_comp1,R_1_E_32_2_1,TCDB,TCDB.1_E_32_2_1_comp1
G_1_B_58_1_3_comp1,P_1_B_58_1_3_comp1,R_1_B_58_1_3,TCDB,TCDB.1_B_58_1_3_comp1
G_1_A_43_1_10_comp1,P_1_A_43_1_10_comp1,R_1_A_43_1_10,TCDB,TCDB.1_A_43_1_10_comp1
G_3_A_1_142_3_comp1,P_3_A_1_142_3_comp1+3_A_1_142_3_comp2,R_3_A_1_142_3,TCDB,TCDB.3_A_1_142_3_comp1
G_3_A_1_142_3_comp2,P_3_A_1_142_3_comp1+3_A_1_142_3_comp2,R_3_A_1_142_3,TCDB,TCDB.3_A_1_142_3_comp2
G_9_B_226_1_8_comp1,P_9_B_226_1_8_comp1,R_9_B_226_1_8,TCDB,TCDB.9_B_226_1_8_comp1
G_3_A_1_122_16_comp1,P_3_A_1_122_16_comp1+3_A_1_122_16_comp2,R_3_A_1_122_16,TCDB,TCDB.3_A_1_122_16_comp1
G_3_A_1_122_16_comp2,P_3_A_1_122_16_comp1+3_A_1_122_16_comp2,R_3_A_1_122_16,TCDB,TCDB.3_A_1_122_16_comp2
G_3_A_1_1_48_comp1,P_3_A_1_1_48_comp1+3_A_1_1_48_comp2+3_A_1_1_48_comp3,R_3_A_1_1_48,TCDB,TCDB.3_A_1_1_48_comp1
G_3_A_1_1_48_comp2,P_3_A_1_1_48_comp1+3_A_1_1_48_comp2+3_A_1_1_48_comp3,R_3_A_1_1_48,TCDB,TCDB.3_A_1_1_48_comp2
G_3_A_1_1_48_comp3,P_3_A_1_1_48_comp1+3_A_1_1_48_comp2+3_A_1_1_48_comp3,R_3_A_1_1_48,TCDB,TCDB.3_A_1_1_48_comp3
G_2_A_1_21_24_comp1,P_2_A_1_21_24_comp1,R_2_A_1_21_24,TCDB,TCDB.2_A_1_21_24_comp1
G_1_A_43_3_1_comp1,P_1_A_43_3_1_comp1,R_1_A_43_3_1,TCDB,TCDB.1_A_43_3_1_comp1
G_2_A_69_4_6_comp1,P_2_A_69_4_6_comp1,R_2_A_69_4_6,TCDB,TCDB.2_A_69_4_6_comp1
G_2_A_7_3_66_comp1,P_2_A_7_3_66_comp1,R_2_A_7_3_66,TCDB,TCDB.2_A_7_3_66_comp1
G_2_A_113_1_7_comp1,P_2_A_113_1_7_comp1,R_2_A_113_1_7,TCDB,TCDB.2_A_113_1_7_comp1
G_3_A_1_23_3_comp1,P_3_A_1_23_3_comp1+3_A_1_23_3_comp2+3_A_1_23_3_comp3,R_3_A_1_23_3,TCDB,TCDB.3_A_1_23_3_comp1
G_3_A_1_23_3_comp2,P_3_A_1_23_3_comp1+3_A_1_23_3_comp2+3_A_1_23_3_comp3,R_3_A_1_23_3,TCDB,TCDB.3_A_1_23_3_comp2
G_3_A_1_23_3_comp3,P_3_A_1_23_3_comp1+3_A_1_23_3_comp2+3_A_1_23_3_comp3,R_3_A_1_23_3,TCDB,TCDB.3_A_1_23_3_comp3
G_2_A_11_2_3_comp1,P_2_A_11_2_3_comp1,R_2_A_11_2_3,TCDB,TCDB.2_A_11_2_3_comp1
G_8_A_58_2_5_comp1,P_8_A_58_2_5_comp1,R_8_A_58_2_5,TCDB,TCDB.8_A_58_2_5_comp1
G_8_A_96_2_2_comp1,P_8_A_96_2_2_comp1,R_8_A_96_2_2,TCDB,TCDB.8_A_96_2_2_comp1
G_3_A_1_1_55_comp1,P_3_A_1_1_55_comp1,R_3_A_1_1_55,TCDB,TCDB.3_A_1_1_55_comp1
G_9_B_133_2_1_comp1,P_9_B_133_2_1_comp1,R_9_B_133_2_1,TCDB,TCDB.9_B_133_2_1_comp1
G_1_E_41_1_1_comp1,P_1_E_41_1_1_comp1,R_1_E_41_1_1,TCDB,TCDB.1_E_41_1_1_comp1
G_5_B_7_4_1_comp1,P_5_B_7_4_1_comp1,R_5_B_7_4_1,TCDB,TCDB.5_B_7_4_1_comp1
G_2_A_1_54_3_comp1,P_2_A_1_54_3_comp1,R_2_A_1_54_3,TCDB,TCDB.2_A_1_54_3_comp1
G_2_A_7_36_4_comp1,P_2_A_7_36_4_comp1,R_2_A_7_36_4,TCDB,TCDB.2_A_7_36_4_comp1
G_2_A_7_40_3_comp1,P_2_A_7_40_3_comp1,R_2_A_7_40_3,TCDB,TCDB.2_A_7_40_3_comp1
G_9_B_142_4_1_comp1,P_9_B_142_4_1_comp1,R_9_B_142_4_1,TCDB,TCDB.9_B_142_4_1_comp1
G_9_B_128_2_1_comp1,P_9_B_128_2_1_comp1,R_9_B_128_2_1,TCDB,TCDB.9_B_128_2_1_comp1
G_9_B_227_2_2_comp1,P_9_B_227_2_2_comp1,R_9_B_227_2_2,TCDB,TCDB.9_B_227_2_2_comp1
G_1_A_69_5_1_comp1,P_1_A_69_5_1_comp1,R_1_A_69_5_1,TCDB,TCDB.1_A_69_5_1_comp1
G_1_A_23_2_2_comp1,P_1_A_23_2_2_comp1,R_1_A_23_2_2,TCDB,TCDB.1_A_23_2_2_comp1
G_1_B_14_1_27_comp1,P_1_B_14_1_27_comp1,R_1_B_14_1_27,TCDB,TCDB.1_B_14_1_27_comp1
G_1_B_27_1_10_comp1,P_1_B_27_1_10_comp1,R_1_B_27_1_10,TCDB,TCDB.1_B_27_1_10_comp1
G_1_A_17_6_5_comp1,P_1_A_17_6_5_comp1,R_1_A_17_6_5,TCDB,TCDB.1_A_17_6_5_comp1
G_2_A_1_83_3_comp1,P_2_A_1_83_3_comp1,R_2_A_1_83_3,TCDB,TCDB.2_A_1_83_3_comp1
G_1_A_17_3_5_comp1,P_1_A_17_3_5_comp1,R_1_A_17_3_5,TCDB,TCDB.1_A_17_3_5_comp1
G_2_C_1_2_3_comp1,P_2_C_1_2_3_comp1,R_2_C_1_2_3,TCDB,TCDB.2_C_1_2_3_comp1
G_1_C_45_3_2_comp1,P_1_C_45_3_2_comp1,R_1_C_45_3_2,TCDB,TCDB.1_C_45_3_2_comp1
G_1_B_1_3_4_comp1,P_1_B_1_3_4_comp1,R_1_B_1_3_4,TCDB,TCDB.1_B_1_3_4_comp1
G_8_A_63_1_4_comp1,P_8_A_63_1_4_comp1,R_8_A_63_1_4,TCDB,TCDB.8_A_63_1_4_comp1
G_1_A_56_1_17_comp1,P_1_A_56_1_17_comp1,R_1_A_56_1_17,TCDB,TCDB.1_A_56_1_17_comp1
G_9_B_27_1_7_comp1,P_9_B_27_1_7_comp1,R_9_B_27_1_7,TCDB,TCDB.9_B_27_1_7_comp1
G_1_A_8_2_5_comp1,P_1_A_8_2_5_comp1,R_1_A_8_2_5,TCDB,TCDB.1_A_8_2_5_comp1
G_1_A_8_2_6_comp1,P_1_A_8_2_6_comp1,R_1_A_8_2_6,TCDB,TCDB.1_A_8_2_6_comp1
G_1_A_8_2_8_comp1,P_1_A_8_2_8_comp1,R_1_A_8_2_8,TCDB,TCDB.1_A_8_2_8_comp1
G_1_A_8_2_7_comp1,P_1_A_8_2_7_comp1,R_1_A_8_2_7,TCDB,TCDB.1_A_8_2_7_comp1
G_1_A_8_13_3_comp1,P_1_A_8_13_3_comp1,R_1_A_8_13_3,TCDB,TCDB.1_A_8_13_3_comp1
G_1_B_44_1_5_comp1,P_1_B_44_1_5_comp1,R_1_B_44_1_5,TCDB,TCDB.1_B_44_1_5_comp1
G_9_B_115_1_6_comp1,P_9_B_115_1_6_comp1,R_9_B_115_1_6,TCDB,TCDB.9_B_115_1_6_comp1
G_9_A_22_4_1_comp1,P_9_A_22_4_1_comp1,R_9_A_22_4_1,TCDB,TCDB.9_A_22_4_1_comp1
G_1_B_44_1_4_comp1,P_1_B_44_1_4_comp1,R_1_B_44_1_4,TCDB,TCDB.1_B_44_1_4_comp1
G_8_A_48_1_2_comp1,P_8_A_48_1_2_comp1,R_8_A_48_1_2,TCDB,TCDB.8_A_48_1_2_comp1
G_1_E_6_2_3_comp1,P_1_E_6_2_3_comp1,R_1_E_6_2_3,TCDB,TCDB.1_E_6_2_3_comp1
G_2_A_7_3_14_comp1,P_2_A_7_3_14_comp1,R_2_A_7_3_14,TCDB,TCDB.2_A_7_3_14_comp1
G_1_B_14_16_4_comp1,P_1_B_14_16_4_comp1,R_1_B_14_16_4,TCDB,TCDB.1_B_14_16_4_comp1
G_8_A_104_1_8_comp1,P_8_A_104_1_8_comp1,R_8_A_104_1_8,TCDB,TCDB.8_A_104_1_8_comp1
G_9_B_142_11_2_comp1,P_9_B_142_11_2_comp1,R_9_B_142_11_2,TCDB,TCDB.9_B_142_11_2_comp1
G_9_B_143_4_3_comp1,P_9_B_143_4_3_comp1,R_9_B_143_4_3,TCDB,TCDB.9_B_143_4_3_comp1
G_2_A_7_35_8_comp1,P_2_A_7_35_8_comp1,R_2_A_7_35_8,TCDB,TCDB.2_A_7_35_8_comp1
G_1_B_48_2_2_comp1,P_1_B_48_2_2_comp1,R_1_B_48_2_2,TCDB,TCDB.1_B_48_2_2_comp1
G_9_B_14_4_2_comp1,P_9_B_14_4_2_comp1,R_9_B_14_4_2,TCDB,TCDB.9_B_14_4_2_comp1
G_9_B_108_1_5_comp1,P_9_B_108_1_5_comp1,R_9_B_108_1_5,TCDB,TCDB.9_B_108_1_5_comp1
G_4_F_1_3_4_comp1,P_4_F_1_3_4_comp1,R_4_F_1_3_4,TCDB,TCDB.4_F_1_3_4_comp1
G_1_B_76_1_2_comp1,P_1_B_76_1_2_comp1,R_1_B_76_1_2,TCDB,TCDB.1_B_76_1_2_comp1
G_1_A_79_2_1_comp1,P_1_A_79_2_1_comp1,R_1_A_79_2_1,TCDB,TCDB.1_A_79_2_1_comp1
G_1_A_4_3_4_comp1,P_1_A_4_3_4_comp1,R_1_A_4_3_4,TCDB,TCDB.1_A_4_3_4_comp1
G_1_A_4_3_5_comp1,P_1_A_4_3_5_comp1,R_1_A_4_3_5,TCDB,TCDB.1_A_4_3_5_comp1
G_1_A_55_5_1_comp1,P_1_A_55_5_1_comp1,R_1_A_55_5_1,TCDB,TCDB.1_A_55_5_1_comp1
G_1_A_55_4_3_comp1,P_1_A_55_4_3_comp1,R_1_A_55_4_3,TCDB,TCDB.1_A_55_4_3_comp1
G_1_A_62_4_2_comp1,P_1_A_62_4_2_comp1,R_1_A_62_4_2,TCDB,TCDB.1_A_62_4_2_comp1
G_2_A_88_9_2_comp1,P_2_A_88_9_2_comp1,R_2_A_88_9_2,TCDB,TCDB.2_A_88_9_2_comp1
G_1_E_29_2_3_comp1,P_1_E_29_2_3_comp1,R_1_E_29_2_3,TCDB,TCDB.1_E_29_2_3_comp1
G_2_A_1_45_3_comp1,P_2_A_1_45_3_comp1,R_2_A_1_45_3,TCDB,TCDB.2_A_1_45_3_comp1
G_1_A_77_3_12_comp1,P_1_A_77_3_12_comp1,R_1_A_77_3_12,TCDB,TCDB.1_A_77_3_12_comp1
G_1_M_1_4_2_comp1,P_1_M_1_4_2_comp1,R_1_M_1_4_2,TCDB,TCDB.1_M_1_4_2_comp1
G_1_E_40_3_2_comp1,P_1_E_40_3_2_comp1,R_1_E_40_3_2,TCDB,TCDB.1_E_40_3_2_comp1
G_9_B_153_3_8_comp1,P_9_B_153_3_8_comp1,R_9_B_153_3_8,TCDB,TCDB.9_B_153_3_8_comp1
G_1_B_6_6_8_comp1,P_1_B_6_6_8_comp1,R_1_B_6_6_8,TCDB,TCDB.1_B_6_6_8_comp1
G_5_B_9_1_6_comp1,P_5_B_9_1_6_comp1,R_5_B_9_1_6,TCDB,TCDB.5_B_9_1_6_comp1
G_1_B_3_1_10_comp1,P_1_B_3_1_10_comp1,R_1_B_3_1_10,TCDB,TCDB.1_B_3_1_10_comp1
G_1_B_72_2_1_comp1,P_1_B_72_2_1_comp1,R_1_B_72_2_1,TCDB,TCDB.1_B_72_2_1_comp1
G_1_B_55_2_2_comp1,P_1_B_55_2_2_comp1,R_1_B_55_2_2,TCDB,TCDB.1_B_55_2_2_comp1
G_1_B_16_1_10_comp1,P_1_B_16_1_10_comp1,R_1_B_16_1_10,TCDB,TCDB.1_B_16_1_10_comp1
G_9_B_222_1_2_comp1,P_9_B_222_1_2_comp1,R_9_B_222_1_2,TCDB,TCDB.9_B_222_1_2_comp1
G_1_B_16_2_7_comp1,P_1_B_16_2_7_comp1,R_1_B_16_2_7,TCDB,TCDB.1_B_16_2_7_comp1
G_1_B_9_1_3_comp1,P_1_B_9_1_3_comp1,R_1_B_9_1_3,TCDB,TCDB.1_B_9_1_3_comp1
G_1_C_41_2_4_comp1,P_1_C_41_2_4_comp1,R_1_C_41_2_4,TCDB,TCDB.1_C_41_2_4_comp1
G_1_C_39_10_3_comp1,P_1_C_39_10_3_comp1,R_1_C_39_10_3,TCDB,TCDB.1_C_39_10_3_comp1
G_1_B_28_1_2_comp1,P_1_B_28_1_2_comp1,R_1_B_28_1_2,TCDB,TCDB.1_B_28_1_2_comp1
G_9_B_36_2_2_comp1,P_9_B_36_2_2_comp1,R_9_B_36_2_2,TCDB,TCDB.9_B_36_2_2_comp1
G_1_C_39_4_5_comp1,P_1_C_39_4_5_comp1,R_1_C_39_4_5,TCDB,TCDB.1_C_39_4_5_comp1
G_1_C_97_3_8_comp1,P_1_C_97_3_8_comp1,R_1_C_97_3_8,TCDB,TCDB.1_C_97_3_8_comp1
G_1_A_4_10_3_comp1,P_1_A_4_10_3_comp1,R_1_A_4_10_3,TCDB,TCDB.1_A_4_10_3_comp1
G_4_G_1_1_2_comp1,P_4_G_1_1_2_comp1,R_4_G_1_1_2,TCDB,TCDB.4_G_1_1_2_comp1
G_8_A_114_1_4_comp1,P_8_A_114_1_4_comp1,R_8_A_114_1_4,TCDB,TCDB.8_A_114_1_4_comp1
G_1_A_8_10_14_comp1,P_1_A_8_10_14_comp1,R_1_A_8_10_14,TCDB,TCDB.1_A_8_10_14_comp1
G_2_A_1_19_47_comp1,P_2_A_1_19_47_comp1,R_2_A_1_19_47,TCDB,TCDB.2_A_1_19_47_comp1
G_1_B_29_2_2_comp1,P_1_B_29_2_2_comp1,R_1_B_29_2_2,TCDB,TCDB.1_B_29_2_2_comp1
G_2_A_1_82_5_comp1,P_2_A_1_82_5_comp1,R_2_A_1_82_5,TCDB,TCDB.2_A_1_82_5_comp1
G_1_A_46_2_11_comp1,P_1_A_46_2_11_comp1,R_1_A_46_2_11,TCDB,TCDB.1_A_46_2_11_comp1
G_2_A_5_5_8_comp1,P_2_A_5_5_8_comp1,R_2_A_5_5_8,TCDB,TCDB.2_A_5_5_8_comp1
G_8_A_97_1_3_comp1,P_8_A_97_1_3_comp1,R_8_A_97_1_3,TCDB,TCDB.8_A_97_1_3_comp1
G_1_A_95_2_4_comp1,P_1_A_95_2_4_comp1,R_1_A_95_2_4,TCDB,TCDB.1_A_95_2_4_comp1
G_1_C_111_1_10_comp1,P_1_C_111_1_10_comp1,R_1_C_111_1_10,TCDB,TCDB.1_C_111_1_10_comp1
G_1_A_32_1_2_comp1,P_1_A_32_1_2_comp1,R_1_A_32_1_2,TCDB,TCDB.1_A_32_1_2_comp1
G_1_A_118_1_4_comp1,P_1_A_118_1_4_comp1,R_1_A_118_1_4,TCDB,TCDB.1_A_118_1_4_comp1
G_3_D_4_3_3_comp1,P_3_D_4_3_3_comp1+3_D_4_3_3_comp2+3_D_4_3_3_comp3+3_D_4_3_3_comp4+3_D_4_3_3_comp5,R_3_D_4_3_3,TCDB,TCDB.3_D_4_3_3_comp1
G_3_D_4_3_3_comp2,P_3_D_4_3_3_comp1+3_D_4_3_3_comp2+3_D_4_3_3_comp3+3_D_4_3_3_comp4+3_D_4_3_3_comp5,R_3_D_4_3_3,TCDB,TCDB.3_D_4_3_3_comp2
G_3_D_4_3_3_comp3,P_3_D_4_3_3_comp1+3_D_4_3_3_comp2+3_D_4_3_3_comp3+3_D_4_3_3_comp4+3_D_4_3_3_comp5,R_3_D_4_3_3,TCDB,TCDB.3_D_4_3_3_comp3
G_3_D_4_3_3_comp4,P_3_D_4_3_3_comp1+3_D_4_3_3_comp2+3_D_4_3_3_comp3+3_D_4_3_3_comp4+3_D_4_3_3_comp5,R_3_D_4_3_3,TCDB,TCDB.3_D_4_3_3_comp4
G_3_D_4_3_3_comp5,P_3_D_4_3_3_comp1+3_D_4_3_3_comp2+3_D_4_3_3_comp3+3_D_4_3_3_comp4+3_D_4_3_3_comp5,R_3_D_4_3_3,TCDB,TCDB.3_D_4_3_3_comp5
G_2_A_36_7_9_comp1,P_2_A_36_7_9_comp1,R_2_A_36_7_9,TCDB,TCDB.2_A_36_7_9_comp1
G_1_E_31_1_10_comp1,P_1_E_31_1_10_comp1,R_1_E_31_1_10,TCDB,TCDB.1_E_31_1_10_comp1
G_1_A_2_2_2_comp1,P_1_A_2_2_2_comp1,R_1_A_2_2_2,TCDB,TCDB.1_A_2_2_2_comp1
G_2_A_68_1_3_comp1,P_2_A_68_1_3_comp1,R_2_A_68_1_3,TCDB,TCDB.2_A_68_1_3_comp1
G_1_A_77_3_14_comp1,P_1_A_77_3_14_comp1,R_1_A_77_3_14,TCDB,TCDB.1_A_77_3_14_comp1
G_4_A_6_4_1_comp1,P_4_A_6_4_1_comp1,R_4_A_6_4_1,TCDB,TCDB.4_A_6_4_1_comp1
G_2_A_20_1_7_comp1,P_2_A_20_1_7_comp1,R_2_A_20_1_7,TCDB,TCDB.2_A_20_1_7_comp1
G_1_B_57_4_6_comp1,P_1_B_57_4_6_comp1,R_1_B_57_4_6,TCDB,TCDB.1_B_57_4_6_comp1
G_1_B_23_3_4_comp1,P_1_B_23_3_4_comp1,R_1_B_23_3_4,TCDB,TCDB.1_B_23_3_4_comp1
G_1_B_6_5_2_comp1,P_1_B_6_5_2_comp1,R_1_B_6_5_2,TCDB,TCDB.1_B_6_5_2_comp1
G_9_A_8_1_11_comp1,P_9_A_8_1_11_comp1,R_9_A_8_1_11,TCDB,TCDB.9_A_8_1_11_comp1
G_1_E_34_2_2_comp1,P_1_E_34_2_2_comp1,R_1_E_34_2_2,TCDB,TCDB.1_E_34_2_2_comp1
G_1_M_12_1_1_comp1,P_1_M_12_1_1_comp1,R_1_M_12_1_1,TCDB,TCDB.1_M_12_1_1_comp1
G_9_B_97_1_9_comp1,P_9_B_97_1_9_comp1,R_9_B_97_1_9,TCDB,TCDB.9_B_97_1_9_comp1
G_2_A_7_3_49_comp1,P_2_A_7_3_49_comp1,R_2_A_7_3_49,TCDB,TCDB.2_A_7_3_49_comp1
G_1_A_22_1_6_comp1,P_1_A_22_1_6_comp1,R_1_A_22_1_6,TCDB,TCDB.1_A_22_1_6_comp1
G_2_A_47_6_3_comp1,P_2_A_47_6_3_comp1,R_2_A_47_6_3,TCDB,TCDB.2_A_47_6_3_comp1
G_3_A_1_155_5_comp1,P_3_A_1_155_5_comp1,R_3_A_1_155_5,TCDB,TCDB.3_A_1_155_5_comp1
G_2_A_1_3_38_comp1,P_2_A_1_3_38_comp1,R_2_A_1_3_38,TCDB,TCDB.2_A_1_3_38_comp1
G_8_A_218_1_3_comp1,P_8_A_218_1_3_comp1,R_8_A_218_1_3,TCDB,TCDB.8_A_218_1_3_comp1
G_8_A_178_1_6_comp1,P_8_A_178_1_6_comp1,R_8_A_178_1_6,TCDB,TCDB.8_A_178_1_6_comp1
G_9_B_297_1_3_comp1,P_9_B_297_1_3_comp1,R_9_B_297_1_3,TCDB,TCDB.9_B_297_1_3_comp1
G_9_B_450_1_2_comp1,P_9_B_450_1_2_comp1,R_9_B_450_1_2,TCDB,TCDB.9_B_450_1_2_comp1
G_1_E_66_3_1_comp1,P_1_E_66_3_1_comp1,R_1_E_66_3_1,TCDB,TCDB.1_E_66_3_1_comp1
G_1_M_3_1_2_comp1,P_1_M_3_1_2_comp1,R_1_M_3_1_2,TCDB,TCDB.1_M_3_1_2_comp1
G_9_B_431_1_2_comp1,P_9_B_431_1_2_comp1,R_9_B_431_1_2,TCDB,TCDB.9_B_431_1_2_comp1
G_1_E_7_2_4_comp1,P_1_E_7_2_4_comp1,R_1_E_7_2_4,TCDB,TCDB.1_E_7_2_4_comp1
G_1_M_5_1_3_comp1,P_1_M_5_1_3_comp1,R_1_M_5_1_3,TCDB,TCDB.1_M_5_1_3_comp1
G_1_M_1_4_19_comp1,P_1_M_1_4_19_comp1,R_1_M_1_4_19,TCDB,TCDB.1_M_1_4_19_comp1
G_1_E_66_3_2_comp1,P_1_E_66_3_2_comp1,R_1_E_66_3_2,TCDB,TCDB.1_E_66_3_2_comp1
G_9_B_431_1_1_comp1,P_9_B_431_1_1_comp1,R_9_B_431_1_1,TCDB,TCDB.9_B_431_1_1_comp1
G_3_A_17_1_3_comp1,P_3_A_17_1_3_comp1,R_3_A_17_1_3,TCDB,TCDB.3_A_17_1_3_comp1
G_1_E_66_4_4_comp1,P_1_E_66_4_4_comp1,R_1_E_66_4_4,TCDB,TCDB.1_E_66_4_4_comp1
G_1_E_66_1_3_comp1,P_1_E_66_1_3_comp1,R_1_E_66_1_3,TCDB,TCDB.1_E_66_1_3_comp1
G_1_E_36_3_2_comp1,P_1_E_36_3_2_comp1,R_1_E_36_3_2,TCDB,TCDB.1_E_36_3_2_comp1
G_1_E_66_1_2_comp1,P_1_E_66_1_2_comp1,R_1_E_66_1_2,TCDB,TCDB.1_E_66_1_2_comp1
G_1_M_7_1_2_comp1,P_1_M_7_1_2_comp1,R_1_M_7_1_2,TCDB,TCDB.1_M_7_1_2_comp1
G_2_A_28_2_2_comp1,P_2_A_28_2_2_comp1,R_2_A_28_2_2,TCDB,TCDB.2_A_28_2_2_comp1
G_2_A_7_35_1_comp1,P_2_A_7_35_1_comp1,R_2_A_7_35_1,TCDB,TCDB.2_A_7_35_1_comp1
G_1_B_34_1_4_comp1,P_1_B_34_1_4_comp1,R_1_B_34_1_4,TCDB,TCDB.1_B_34_1_4_comp1
G_2_A_115_1_4_comp1,P_2_A_115_1_4_comp1,R_2_A_115_1_4,TCDB,TCDB.2_A_115_1_4_comp1
G_2_A_115_1_6_comp1,P_2_A_115_1_6_comp1,R_2_A_115_1_6,TCDB,TCDB.2_A_115_1_6_comp1
G_2_A_85_1_4_comp1,P_2_A_85_1_4_comp1,R_2_A_85_1_4,TCDB,TCDB.2_A_85_1_4_comp1
G_1_E_34_4_2_comp1,P_1_E_34_4_2_comp1,R_1_E_34_4_2,TCDB,TCDB.1_E_34_4_2_comp1
G_9_B_183_1_7_comp1,P_9_B_183_1_7_comp1,R_9_B_183_1_7,TCDB,TCDB.9_B_183_1_7_comp1
G_4_D_2_1_4_comp1,P_4_D_2_1_4_comp1,R_4_D_2_1_4,TCDB,TCDB.4_D_2_1_4_comp1
G_2_A_121_4_1_comp1,P_2_A_121_4_1_comp1,R_2_A_121_4_1,TCDB,TCDB.2_A_121_4_1_comp1
G_4_D_2_1_5_comp1,P_4_D_2_1_5_comp1,R_4_D_2_1_5,TCDB,TCDB.4_D_2_1_5_comp1
G_1_E_19_1_1_comp1,P_1_E_19_1_1_comp1,R_1_E_19_1_1,TCDB,TCDB.1_E_19_1_1_comp1
G_1_E_36_2_4_comp1,P_1_E_36_2_4_comp1,R_1_E_36_2_4,TCDB,TCDB.1_E_36_2_4_comp1
G_2_A_1_3_56_comp1,P_2_A_1_3_56_comp1,R_2_A_1_3_56,TCDB,TCDB.2_A_1_3_56_comp1
G_1_A_1_5_35_comp1,P_1_A_1_5_35_comp1,R_1_A_1_5_35,TCDB,TCDB.1_A_1_5_35_comp1
G_2_A_69_3_2_comp1,P_2_A_69_3_2_comp1,R_2_A_69_3_2,TCDB,TCDB.2_A_69_3_2_comp1
G_9_B_28_1_11_comp1,P_9_B_28_1_11_comp1,R_9_B_28_1_11,TCDB,TCDB.9_B_28_1_11_comp1
G_1_A_43_1_5_comp1,P_1_A_43_1_5_comp1,R_1_A_43_1_5,TCDB,TCDB.1_A_43_1_5_comp1
G_3_A_5_2_1_comp1,P_3_A_5_2_1_comp1+3_A_5_2_1_comp2+3_A_5_2_1_comp3+3_A_5_2_1_comp4+3_A_5_2_1_comp5,R_3_A_5_2_1,TCDB,TCDB.3_A_5_2_1_comp1
G_3_A_5_2_1_comp2,P_3_A_5_2_1_comp1+3_A_5_2_1_comp2+3_A_5_2_1_comp3+3_A_5_2_1_comp4+3_A_5_2_1_comp5,R_3_A_5_2_1,TCDB,TCDB.3_A_5_2_1_comp2
G_3_A_5_2_1_comp3,P_3_A_5_2_1_comp1+3_A_5_2_1_comp2+3_A_5_2_1_comp3+3_A_5_2_1_comp4+3_A_5_2_1_comp5,R_3_A_5_2_1,TCDB,TCDB.3_A_5_2_1_comp3
G_3_A_5_2_1_comp4,P_3_A_5_2_1_comp1+3_A_5_2_1_comp2+3_A_5_2_1_comp3+3_A_5_2_1_comp4+3_A_5_2_1_comp5,R_3_A_5_2_1,TCDB,TCDB.3_A_5_2_1_comp4
G_3_A_5_2_1_comp5,P_3_A_5_2_1_comp1+3_A_5_2_1_comp2+3_A_5_2_1_comp3+3_A_5_2_1_comp4+3_A_5_2_1_comp5,R_3_A_5_2_1,TCDB,TCDB.3_A_5_2_1_comp5
G_9_B_12_1_4_comp1,P_9_B_12_1_4_comp1,R_9_B_12_1_4,TCDB,TCDB.9_B_12_1_4_comp1
G_1_E_31_1_14_comp1,P_1_E_31_1_14_comp1+1_E_31_1_14_comp2,R_1_E_31_1_14,TCDB,TCDB.1_E_31_1_14_comp1
G_1_E_31_1_14_comp2,P_1_E_31_1_14_comp1+1_E_31_1_14_comp2,R_1_E_31_1_14,TCDB,TCDB.1_E_31_1_14_comp2
G_2_A_115_2_1_comp1,P_2_A_115_2_1_comp1,R_2_A_115_2_1,TCDB,TCDB.2_A_115_2_1_comp1
G_9_B_421_1_2_comp1,P_9_B_421_1_2_comp1,R_9_B_421_1_2,TCDB,TCDB.9_B_421_1_2_comp1
G_2_A_3_2_9_comp1,P_2_A_3_2_9_comp1,R_2_A_3_2_9,TCDB,TCDB.2_A_3_2_9_comp1
G_1_A_57_1_3_comp1,P_1_A_57_1_3_comp1,R_1_A_57_1_3,TCDB,TCDB.1_A_57_1_3_comp1
G_1_A_93_2_1_comp1,P_1_A_93_2_1_comp1,R_1_A_93_2_1,TCDB,TCDB.1_A_93_2_1_comp1
G_2_A_58_1_7_comp1,P_2_A_58_1_7_comp1,R_2_A_58_1_7,TCDB,TCDB.2_A_58_1_7_comp1
G_1_A_37_5_1_comp1,P_1_A_37_5_1_comp1,R_1_A_37_5_1,TCDB,TCDB.1_A_37_5_1_comp1
G_1_N_2_1_3_comp1,P_1_N_2_1_3_comp1,R_1_N_2_1_3,TCDB,TCDB.1_N_2_1_3_comp1
G_2_A_1_13_24_comp1,P_2_A_1_13_24_comp1,R_2_A_1_13_24,TCDB,TCDB.2_A_1_13_24_comp1
G_1_A_46_1_6_comp1,P_1_A_46_1_6_comp1,R_1_A_46_1_6,TCDB,TCDB.1_A_46_1_6_comp1
G_2_A_1_13_23_comp1,P_2_A_1_13_23_comp1,R_2_A_1_13_23,TCDB,TCDB.2_A_1_13_23_comp1
G_2_A_43_2_16_comp1,P_2_A_43_2_16_comp1,R_2_A_43_2_16,TCDB,TCDB.2_A_43_2_16_comp1
G_2_A_43_2_6_comp1,P_2_A_43_2_6_comp1,R_2_A_43_2_6,TCDB,TCDB.2_A_43_2_6_comp1
G_1_A_76_2_8_comp1,P_1_A_76_2_8_comp1,R_1_A_76_2_8,TCDB,TCDB.1_A_76_2_8_comp1
G_9_A_24_1_10_comp1,P_9_A_24_1_10_comp1,R_9_A_24_1_10,TCDB,TCDB.9_A_24_1_10_comp1
G_2_A_89_3_2_comp1,P_2_A_89_3_2_comp1,R_2_A_89_3_2,TCDB,TCDB.2_A_89_3_2_comp1
G_3_A_1_144_4_comp1,P_3_A_1_144_4_comp1+3_A_1_144_4_comp2,R_3_A_1_144_4,TCDB,TCDB.3_A_1_144_4_comp1
G_3_A_1_144_4_comp2,P_3_A_1_144_4_comp1+3_A_1_144_4_comp2,R_3_A_1_144_4,TCDB,TCDB.3_A_1_144_4_comp2
G_9_B_142_2_11_comp1,P_9_B_142_2_11_comp1,R_9_B_142_2_11,TCDB,TCDB.9_B_142_2_11_comp1
G_4_D_2_5_2_comp1,P_4_D_2_5_2_comp1,R_4_D_2_5_2,TCDB,TCDB.4_D_2_5_2_comp1
G_2_A_7_3_18_comp1,P_2_A_7_3_18_comp1,R_2_A_7_3_18,TCDB,TCDB.2_A_7_3_18_comp1
G_8_A_71_1_3_comp1,P_8_A_71_1_3_comp1,R_8_A_71_1_3,TCDB,TCDB.8_A_71_1_3_comp1
G_9_A_14_3_3_comp1,P_9_A_14_3_3_comp1,R_9_A_14_3_3,TCDB,TCDB.9_A_14_3_3_comp1
G_8_A_235_1_1_comp1,P_8_A_235_1_1_comp1,R_8_A_235_1_1,TCDB,TCDB.8_A_235_1_1_comp1
G_1_B_23_1_6_comp1,P_1_B_23_1_6_comp1,R_1_B_23_1_6,TCDB,TCDB.1_B_23_1_6_comp1
G_1_B_6_1_10_comp1,P_1_B_6_1_10_comp1,R_1_B_6_1_10,TCDB,TCDB.1_B_6_1_10_comp1
G_9_B_27_3_1_comp1,P_9_B_27_3_1_comp1,R_9_B_27_3_1,TCDB,TCDB.9_B_27_3_1_comp1
G_9_B_104_1_4_comp1,P_9_B_104_1_4_comp1,R_9_B_104_1_4,TCDB,TCDB.9_B_104_1_4_comp1
G_8_A_48_1_3_comp1,P_8_A_48_1_3_comp1,R_8_A_48_1_3,TCDB,TCDB.8_A_48_1_3_comp1
G_1_C_80_1_2_comp1,P_1_C_80_1_2_comp1,R_1_C_80_1_2,TCDB,TCDB.1_C_80_1_2_comp1
G_9_B_155_3_1_comp1,P_9_B_155_3_1_comp1,R_9_B_155_3_1,TCDB,TCDB.9_B_155_3_1_comp1
G_1_B_48_1_8_comp1,P_1_B_48_1_8_comp1,R_1_B_48_1_8,TCDB,TCDB.1_B_48_1_8_comp1
G_2_A_7_22_3_comp1,P_2_A_7_22_3_comp1,R_2_A_7_22_3,TCDB,TCDB.2_A_7_22_3_comp1
G_9_B_170_1_3_comp1,P_9_B_170_1_3_comp1,R_9_B_170_1_3,TCDB,TCDB.9_B_170_1_3_comp1
G_8_A_59_1_2_comp1,P_8_A_59_1_2_comp1,R_8_A_59_1_2,TCDB,TCDB.8_A_59_1_2_comp1
G_1_B_84_1_1_comp1,P_1_B_84_1_1_comp1,R_1_B_84_1_1,TCDB,TCDB.1_B_84_1_1_comp1
G_1_B_78_1_2_comp1,P_1_B_78_1_2_comp1,R_1_B_78_1_2,TCDB,TCDB.1_B_78_1_2_comp1
G_2_A_1_83_2_comp1,P_2_A_1_83_2_comp1,R_2_A_1_83_2,TCDB,TCDB.2_A_1_83_2_comp1
G_1_A_77_3_10_comp1,P_1_A_77_3_10_comp1,R_1_A_77_3_10,TCDB,TCDB.1_A_77_3_10_comp1
G_9_B_164_1_3_comp1,P_9_B_164_1_3_comp1,R_9_B_164_1_3,TCDB,TCDB.9_B_164_1_3_comp1
G_2_A_62_1_4_comp1,P_2_A_62_1_4_comp1,R_2_A_62_1_4,TCDB,TCDB.2_A_62_1_4_comp1
G_2_A_116_3_1_comp1,P_2_A_116_3_1_comp1,R_2_A_116_3_1,TCDB,TCDB.2_A_116_3_1_comp1
G_2_A_1_1_120_comp1,P_2_A_1_1_120_comp1,R_2_A_1_1_120,TCDB,TCDB.2_A_1_1_120_comp1
G_2_A_1_1_121_comp1,P_2_A_1_1_121_comp1,R_2_A_1_1_121,TCDB,TCDB.2_A_1_1_121_comp1
G_1_B_40_2_5_comp1,P_1_B_40_2_5_comp1,R_1_B_40_2_5,TCDB,TCDB.1_B_40_2_5_comp1
G_1_A_30_4_1_comp1,P_1_A_30_4_1_comp1+1_A_30_4_1_comp2,R_1_A_30_4_1,TCDB,TCDB.1_A_30_4_1_comp1
G_1_A_30_4_1_comp2,P_1_A_30_4_1_comp1+1_A_30_4_1_comp2,R_1_A_30_4_1,TCDB,TCDB.1_A_30_4_1_comp2
G_3_A_1_109_5_comp1,P_3_A_1_109_5_comp1+3_A_1_109_5_comp2+3_A_1_109_5_comp3,R_3_A_1_109_5,TCDB,TCDB.3_A_1_109_5_comp1
G_3_A_1_109_5_comp2,P_3_A_1_109_5_comp1+3_A_1_109_5_comp2+3_A_1_109_5_comp3,R_3_A_1_109_5,TCDB,TCDB.3_A_1_109_5_comp2
G_3_A_1_109_5_comp3,P_3_A_1_109_5_comp1+3_A_1_109_5_comp2+3_A_1_109_5_comp3,R_3_A_1_109_5,TCDB,TCDB.3_A_1_109_5_comp3
G_9_B_155_3_3_comp1,P_9_B_155_3_3_comp1,R_9_B_155_3_3,TCDB,TCDB.9_B_155_3_3_comp1
G_1_E_54_2_5_comp1,P_1_E_54_2_5_comp1,R_1_E_54_2_5,TCDB,TCDB.1_E_54_2_5_comp1
G_9_B_2_6_2_comp1,P_9_B_2_6_2_comp1,R_9_B_2_6_2,TCDB,TCDB.9_B_2_6_2_comp1
G_1_B_77_1_4_comp1,P_1_B_77_1_4_comp1,R_1_B_77_1_4,TCDB,TCDB.1_B_77_1_4_comp1
G_8_A_112_2_7_comp1,P_8_A_112_2_7_comp1,R_8_A_112_2_7,TCDB,TCDB.8_A_112_2_7_comp1
G_9_B_232_1_2_comp1,P_9_B_232_1_2_comp1,R_9_B_232_1_2,TCDB,TCDB.9_B_232_1_2_comp1
G_1_A_15_1_5_comp1,P_1_A_15_1_5_comp1,R_1_A_15_1_5,TCDB,TCDB.1_A_15_1_5_comp1
G_1_B_28_1_3_comp1,P_1_B_28_1_3_comp1,R_1_B_28_1_3,TCDB,TCDB.1_B_28_1_3_comp1
G_2_A_1_19_44_comp1,P_2_A_1_19_44_comp1,R_2_A_1_19_44,TCDB,TCDB.2_A_1_19_44_comp1
G_4_G_1_1_3_comp1,P_4_G_1_1_3_comp1,R_4_G_1_1_3,TCDB,TCDB.4_G_1_1_3_comp1
G_8_A_44_1_4_comp1,P_8_A_44_1_4_comp1,R_8_A_44_1_4,TCDB,TCDB.8_A_44_1_4_comp1
G_1_A_9_10_2_comp1,P_1_A_9_10_2_comp1,R_1_A_9_10_2,TCDB,TCDB.1_A_9_10_2_comp1
G_1_B_29_1_3_comp1,P_1_B_29_1_3_comp1,R_1_B_29_1_3,TCDB,TCDB.1_B_29_1_3_comp1
G_2_A_1_65_7_comp1,P_2_A_1_65_7_comp1,R_2_A_1_65_7,TCDB,TCDB.2_A_1_65_7_comp1
G_9_B_87_1_3_comp1,P_9_B_87_1_3_comp1,R_9_B_87_1_3,TCDB,TCDB.9_B_87_1_3_comp1
G_9_B_23_1_2_comp1,P_9_B_23_1_2_comp1,R_9_B_23_1_2,TCDB,TCDB.9_B_23_1_2_comp1
G_2_A_100_1_5_comp1,P_2_A_100_1_5_comp1,R_2_A_100_1_5,TCDB,TCDB.2_A_100_1_5_comp1
G_8_A_20_3_1_comp1,P_8_A_20_3_1_comp1,R_8_A_20_3_1,TCDB,TCDB.8_A_20_3_1_comp1
G_8_A_65_1_5_comp1,P_8_A_65_1_5_comp1,R_8_A_65_1_5,TCDB,TCDB.8_A_65_1_5_comp1
G_2_A_126_2_3_comp1,P_2_A_126_2_3_comp1,R_2_A_126_2_3,TCDB,TCDB.2_A_126_2_3_comp1
G_2_A_1_66_6_comp1,P_2_A_1_66_6_comp1,R_2_A_1_66_6,TCDB,TCDB.2_A_1_66_6_comp1
G_9_B_55_1_3_comp1,P_9_B_55_1_3_comp1,R_9_B_55_1_3,TCDB,TCDB.9_B_55_1_3_comp1
G_2_A_74_2_9_comp1,P_2_A_74_2_9_comp1,R_2_A_74_2_9,TCDB,TCDB.2_A_74_2_9_comp1
G_1_A_113_3_3_comp1,P_1_A_113_3_3_comp1,R_1_A_113_3_3,TCDB,TCDB.1_A_113_3_3_comp1
G_4_A_6_5_1_comp1,P_4_A_6_5_1_comp1,R_4_A_6_5_1,TCDB,TCDB.4_A_6_5_1_comp1
G_1_A_11_2_8_comp1,P_1_A_11_2_8_comp1,R_1_A_11_2_8,TCDB,TCDB.1_A_11_2_8_comp1
G_8_B_16_4_1_comp1,P_8_B_16_4_1_comp1,R_8_B_16_4_1,TCDB,TCDB.8_B_16_4_1_comp1
G_8_A_106_2_2_comp1,P_8_A_106_2_2_comp1,R_8_A_106_2_2,TCDB,TCDB.8_A_106_2_2_comp1
G_1_A_69_1_5_comp1,P_1_A_69_1_5_comp1,R_1_A_69_1_5,TCDB,TCDB.1_A_69_1_5_comp1
G_3_A_10_1_9_comp1,P_3_A_10_1_9_comp1,R_3_A_10_1_9,TCDB,TCDB.3_A_10_1_9_comp1
G_1_G_9_2_4_comp1,P_1_G_9_2_4_comp1,R_1_G_9_2_4,TCDB,TCDB.1_G_9_2_4_comp1
G_1_B_1_4_8_comp1,P_1_B_1_4_8_comp1,R_1_B_1_4_8,TCDB,TCDB.1_B_1_4_8_comp1
G_1_A_9_5_8_comp1,P_1_A_9_5_8_comp1,R_1_A_9_5_8,TCDB,TCDB.1_A_9_5_8_comp1
G_2_A_74_2_2_comp1,P_2_A_74_2_2_comp1,R_2_A_74_2_2,TCDB,TCDB.2_A_74_2_2_comp1
G_1_B_1_10_1_comp1,P_1_B_1_10_1_comp1,R_1_B_1_10_1,TCDB,TCDB.1_B_1_10_1_comp1
G_1_A_75_1_14_comp1,P_1_A_75_1_14_comp1,R_1_A_75_1_14,TCDB,TCDB.1_A_75_1_14_comp1
G_1_B_45_3_1_comp1,P_1_B_45_3_1_comp1,R_1_B_45_3_1,TCDB,TCDB.1_B_45_3_1_comp1
G_1_E_2_1_5_comp1,P_1_E_2_1_5_comp1,R_1_E_2_1_5,TCDB,TCDB.1_E_2_1_5_comp1
G_1_E_19_6_2_comp1,P_1_E_19_6_2_comp1,R_1_E_19_6_2,TCDB,TCDB.1_E_19_6_2_comp1
G_1_B_6_6_12_comp1,P_1_B_6_6_12_comp1,R_1_B_6_6_12,TCDB,TCDB.1_B_6_6_12_comp1
G_2_C_1_4_2_comp1,P_2_C_1_4_2_comp1,R_2_C_1_4_2,TCDB,TCDB.2_C_1_4_2_comp1
G_1_B_92_1_3_comp1,P_1_B_92_1_3_comp1,R_1_B_92_1_3,TCDB,TCDB.1_B_92_1_3_comp1
G_2_A_121_2_3_comp1,P_2_A_121_2_3_comp1,R_2_A_121_2_3,TCDB,TCDB.2_A_121_2_3_comp1
G_1_A_111_1_2_comp1,P_1_A_111_1_2_comp1,R_1_A_111_1_2,TCDB,TCDB.1_A_111_1_2_comp1
G_9_B_455_1_1_comp1,P_9_B_455_1_1_comp1,R_9_B_455_1_1,TCDB,TCDB.9_B_455_1_1_comp1
G_9_B_139_3_2_comp1,P_9_B_139_3_2_comp1,R_9_B_139_3_2,TCDB,TCDB.9_B_139_3_2_comp1
G_2_A_4_8_2_comp1,P_2_A_4_8_2_comp1,R_2_A_4_8_2,TCDB,TCDB.2_A_4_8_2_comp1
G_3_A_1_135_7_comp1,P_3_A_1_135_7_comp1+3_A_1_135_7_comp2,R_3_A_1_135_7,TCDB,TCDB.3_A_1_135_7_comp1
G_3_A_1_135_7_comp2,P_3_A_1_135_7_comp1+3_A_1_135_7_comp2,R_3_A_1_135_7,TCDB,TCDB.3_A_1_135_7_comp2
G_1_B_23_1_7_comp1,P_1_B_23_1_7_comp1,R_1_B_23_1_7,TCDB,TCDB.1_B_23_1_7_comp1
G_1_C_13_1_4_comp1,P_1_C_13_1_4_comp1,R_1_C_13_1_4,TCDB,TCDB.1_C_13_1_4_comp1
G_1_E_12_2_6_comp1,P_1_E_12_2_6_comp1,R_1_E_12_2_6,TCDB,TCDB.1_E_12_2_6_comp1
G_8_A_56_2_1_comp1,P_8_A_56_2_1_comp1,R_8_A_56_2_1,TCDB,TCDB.8_A_56_2_1_comp1
G_2_A_6_2_48_comp1,P_2_A_6_2_48_comp1,R_2_A_6_2_48,TCDB,TCDB.2_A_6_2_48_comp1
G_1_C_105_2_9_comp1,P_1_C_105_2_9_comp1,R_1_C_105_2_9,TCDB,TCDB.1_C_105_2_9_comp1
G_1_B_80_1_4_comp1,P_1_B_80_1_4_comp1,R_1_B_80_1_4,TCDB,TCDB.1_B_80_1_4_comp1
G_9_B_142_10_5_comp1,P_9_B_142_10_5_comp1,R_9_B_142_10_5,TCDB,TCDB.9_B_142_10_5_comp1
G_9_B_223_1_7_comp1,P_9_B_223_1_7_comp1,R_9_B_223_1_7,TCDB,TCDB.9_B_223_1_7_comp1
G_3_A_1_14_11_comp1,P_3_A_1_14_11_comp1+3_A_1_14_11_comp2+3_A_1_14_11_comp3,R_3_A_1_14_11,TCDB,TCDB.3_A_1_14_11_comp1
G_3_A_1_14_11_comp2,P_3_A_1_14_11_comp1+3_A_1_14_11_comp2+3_A_1_14_11_comp3,R_3_A_1_14_11,TCDB,TCDB.3_A_1_14_11_comp2
G_3_A_1_14_11_comp3,P_3_A_1_14_11_comp1+3_A_1_14_11_comp2+3_A_1_14_11_comp3,R_3_A_1_14_11,TCDB,TCDB.3_A_1_14_11_comp3
G_9_B_125_2_1_comp1,P_9_B_125_2_1_comp1,R_9_B_125_2_1,TCDB,TCDB.9_B_125_2_1_comp1
G_9_B_226_1_5_comp1,P_9_B_226_1_5_comp1,R_9_B_226_1_5,TCDB,TCDB.9_B_226_1_5_comp1
G_1_B_32_2_1_comp1,P_1_B_32_2_1_comp1,R_1_B_32_2_1,TCDB,TCDB.1_B_32_2_1_comp1
G_1_B_32_2_2_comp1,P_1_B_32_2_2_comp1,R_1_B_32_2_2,TCDB,TCDB.1_B_32_2_2_comp1
G_3_A_7_4_2_comp1,P_3_A_7_4_2_comp1+3_A_7_4_2_comp2+3_A_7_4_2_comp3+3_A_7_4_2_comp4+3_A_7_4_2_comp5+3_A_7_4_2_comp6+3_A_7_4_2_comp7+3_A_7_4_2_comp8+3_A_7_4_2_comp9+3_A_7_4_2_comp10+3_A_7_4_2_comp11,R_3_A_7_4_2,TCDB,TCDB.3_A_7_4_2_comp1
G_3_A_7_4_2_comp2,P_3_A_7_4_2_comp1+3_A_7_4_2_comp2+3_A_7_4_2_comp3+3_A_7_4_2_comp4+3_A_7_4_2_comp5+3_A_7_4_2_comp6+3_A_7_4_2_comp7+3_A_7_4_2_comp8+3_A_7_4_2_comp9+3_A_7_4_2_comp10+3_A_7_4_2_comp11,R_3_A_7_4_2,TCDB,TCDB.3_A_7_4_2_comp2
G_3_A_7_4_2_comp3,P_3_A_7_4_2_comp1+3_A_7_4_2_comp2+3_A_7_4_2_comp3+3_A_7_4_2_comp4+3_A_7_4_2_comp5+3_A_7_4_2_comp6+3_A_7_4_2_comp7+3_A_7_4_2_comp8+3_A_7_4_2_comp9+3_A_7_4_2_comp10+3_A_7_4_2_comp11,R_3_A_7_4_2,TCDB,TCDB.3_A_7_4_2_comp3
G_3_A_7_4_2_comp4,P_3_A_7_4_2_comp1+3_A_7_4_2_comp2+3_A_7_4_2_comp3+3_A_7_4_2_comp4+3_A_7_4_2_comp5+3_A_7_4_2_comp6+3_A_7_4_2_comp7+3_A_7_4_2_comp8+3_A_7_4_2_comp9+3_A_7_4_2_comp10+3_A_7_4_2_comp11,R_3_A_7_4_2,TCDB,TCDB.3_A_7_4_2_comp4
G_3_A_7_4_2_comp5,P_3_A_7_4_2_comp1+3_A_7_4_2_comp2+3_A_7_4_2_comp3+3_A_7_4_2_comp4+3_A_7_4_2_comp5+3_A_7_4_2_comp6+3_A_7_4_2_comp7+3_A_7_4_2_comp8+3_A_7_4_2_comp9+3_A_7_4_2_comp10+3_A_7_4_2_comp11,R_3_A_7_4_2,TCDB,TCDB.3_A_7_4_2_comp5
G_3_A_7_4_2_comp6,P_3_A_7_4_2_comp1+3_A_7_4_2_comp2+3_A_7_4_2_comp3+3_A_7_4_2_comp4+3_A_7_4_2_comp5+3_A_7_4_2_comp6+3_A_7_4_2_comp7+3_A_7_4_2_comp8+3_A_7_4_2_comp9+3_A_7_4_2_comp10+3_A_7_4_2_comp11,R_3_A_7_4_2,TCDB,TCDB.3_A_7_4_2_comp6
G_3_A_7_4_2_comp7,P_3_A_7_4_2_comp1+3_A_7_4_2_comp2+3_A_7_4_2_comp3+3_A_7_4_2_comp4+3_A_7_4_2_comp5+3_A_7_4_2_comp6+3_A_7_4_2_comp7+3_A_7_4_2_comp8+3_A_7_4_2_comp9+3_A_7_4_2_comp10+3_A_7_4_2_comp11,R_3_A_7_4_2,TCDB,TCDB.3_A_7_4_2_comp7
G_3_A_7_4_2_comp8,P_3_A_7_4_2_comp1+3_A_7_4_2_comp2+3_A_7_4_2_comp3+3_A_7_4_2_comp4+3_A_7_4_2_comp5+3_A_7_4_2_comp6+3_A_7_4_2_comp7+3_A_7_4_2_comp8+3_A_7_4_2_comp9+3_A_7_4_2_comp10+3_A_7_4_2_comp11,R_3_A_7_4_2,TCDB,TCDB.3_A_7_4_2_comp8
G_3_A_7_4_2_comp9,P_3_A_7_4_2_comp1+3_A_7_4_2_comp2+3_A_7_4_2_comp3+3_A_7_4_2_comp4+3_A_7_4_2_comp5+3_A_7_4_2_comp6+3_A_7_4_2_comp7+3_A_7_4_2_comp8+3_A_7_4_2_comp9+3_A_7_4_2_comp10+3_A_7_4_2_comp11,R_3_A_7_4_2,TCDB,TCDB.3_A_7_4_2_comp9
G_3_A_7_4_2_comp10,P_3_A_7_4_2_comp1+3_A_7_4_2_comp2+3_A_7_4_2_comp3+3_A_7_4_2_comp4+3_A_7_4_2_comp5+3_A_7_4_2_comp6+3_A_7_4_2_comp7+3_A_7_4_2_comp8+3_A_7_4_2_comp9+3_A_7_4_2_comp10+3_A_7_4_2_comp11,R_3_A_7_4_2,TCDB,TCDB.3_A_7_4_2_comp10
G_3_A_7_4_2_comp11,P_3_A_7_4_2_comp1+3_A_7_4_2_comp2+3_A_7_4_2_comp3+3_A_7_4_2_comp4+3_A_7_4_2_comp5+3_A_7_4_2_comp6+3_A_7_4_2_comp7+3_A_7_4_2_comp8+3_A_7_4_2_comp9+3_A_7_4_2_comp10+3_A_7_4_2_comp11,R_3_A_7_4_2,TCDB,TCDB.3_A_7_4_2_comp11
G_9_B_8_2_7_comp1,P_9_B_8_2_7_comp1,R_9_B_8_2_7,TCDB,TCDB.9_B_8_2_7_comp1
G_1_E_3_1_5_comp1,P_1_E_3_1_5_comp1,R_1_E_3_1_5,TCDB,TCDB.1_E_3_1_5_comp1
G_3_A_3_6_23_comp1,P_3_A_3_6_23_comp1,R_3_A_3_6_23,TCDB,TCDB.3_A_3_6_23_comp1
G_2_A_4_4_7_comp1,P_2_A_4_4_7_comp1,R_2_A_4_4_7,TCDB,TCDB.2_A_4_4_7_comp1
G_2_A_108_2_7_comp1,P_2_A_108_2_7_comp1,R_2_A_108_2_7,TCDB,TCDB.2_A_108_2_7_comp1
G_1_B_19_1_5_comp1,P_1_B_19_1_5_comp1,R_1_B_19_1_5,TCDB,TCDB.1_B_19_1_5_comp1
G_1_A_77_2_5_comp1,P_1_A_77_2_5_comp1,R_1_A_77_2_5,TCDB,TCDB.1_A_77_2_5_comp1
G_9_B_62_3_2_comp1,P_9_B_62_3_2_comp1,R_9_B_62_3_2,TCDB,TCDB.9_B_62_3_2_comp1
G_9_B_62_2_3_comp1,P_9_B_62_2_3_comp1+9_B_62_2_3_comp2,R_9_B_62_2_3,TCDB,TCDB.9_B_62_2_3_comp1
G_9_B_62_2_3_comp2,P_9_B_62_2_3_comp1+9_B_62_2_3_comp2,R_9_B_62_2_3,TCDB,TCDB.9_B_62_2_3_comp2
G_2_A_1_29_3_comp1,P_2_A_1_29_3_comp1,R_2_A_1_29_3,TCDB,TCDB.2_A_1_29_3_comp1
G_8_A_71_1_4_comp1,P_8_A_71_1_4_comp1,R_8_A_71_1_4,TCDB,TCDB.8_A_71_1_4_comp1
G_2_A_66_2_24_comp1,P_2_A_66_2_24_comp1,R_2_A_66_2_24,TCDB,TCDB.2_A_66_2_24_comp1
G_1_A_96_1_2_comp1,P_1_A_96_1_2_comp1,R_1_A_96_1_2,TCDB,TCDB.1_A_96_1_2_comp1
G_1_A_77_3_18_comp1,P_1_A_77_3_18_comp1,R_1_A_77_3_18,TCDB,TCDB.1_A_77_3_18_comp1
G_2_A_7_32_4_comp1,P_2_A_7_32_4_comp1,R_2_A_7_32_4,TCDB,TCDB.2_A_7_32_4_comp1
G_1_C_52_1_18_comp1,P_1_C_52_1_18_comp1,R_1_C_52_1_18,TCDB,TCDB.1_C_52_1_18_comp1
G_1_C_52_1_27_comp1,P_1_C_52_1_27_comp1,R_1_C_52_1_27,TCDB,TCDB.1_C_52_1_27_comp1
G_1_C_111_1_7_comp1,P_1_C_111_1_7_comp1,R_1_C_111_1_7,TCDB,TCDB.1_C_111_1_7_comp1
G_1_B_1_1_24_comp1,P_1_B_1_1_24_comp1,R_1_B_1_1_24,TCDB,TCDB.1_B_1_1_24_comp1
G_1_A_8_7_3_comp1,P_1_A_8_7_3_comp1,R_1_A_8_7_3,TCDB,TCDB.1_A_8_7_3_comp1
G_1_A_8_7_2_comp1,P_1_A_8_7_2_comp1,R_1_A_8_7_2,TCDB,TCDB.1_A_8_7_2_comp1
G_1_A_8_7_1_comp1,P_1_A_8_7_1_comp1,R_1_A_8_7_1,TCDB,TCDB.1_A_8_7_1_comp1
G_1_C_52_1_30_comp1,P_1_C_52_1_30_comp1,R_1_C_52_1_30,TCDB,TCDB.1_C_52_1_30_comp1
G_1_E_26_3_1_comp1,P_1_E_26_3_1_comp1,R_1_E_26_3_1,TCDB,TCDB.1_E_26_3_1_comp1
G_2_A_1_1_157_comp1,P_2_A_1_1_157_comp1,R_2_A_1_1_157,TCDB,TCDB.2_A_1_1_157_comp1
G_1_B_77_1_6_comp1,P_1_B_77_1_6_comp1,R_1_B_77_1_6,TCDB,TCDB.1_B_77_1_6_comp1
G_9_B_126_1_5_comp1,P_9_B_126_1_5_comp1,R_9_B_126_1_5,TCDB,TCDB.9_B_126_1_5_comp1
G_2_A_1_39_3_comp1,P_2_A_1_39_3_comp1,R_2_A_1_39_3,TCDB,TCDB.2_A_1_39_3_comp1
G_9_B_226_1_7_comp1,P_9_B_226_1_7_comp1,R_9_B_226_1_7,TCDB,TCDB.9_B_226_1_7_comp1
G_2_A_47_4_7_comp1,P_2_A_47_4_7_comp1,R_2_A_47_4_7,TCDB,TCDB.2_A_47_4_7_comp1
G_9_B_27_2_7_comp1,P_9_B_27_2_7_comp1,R_9_B_27_2_7,TCDB,TCDB.9_B_27_2_7_comp1
G_2_A_46_1_7_comp1,P_2_A_46_1_7_comp1,R_2_A_46_1_7,TCDB,TCDB.2_A_46_1_7_comp1
G_4_D_3_1_3_comp1,P_4_D_3_1_3_comp1,R_4_D_3_1_3,TCDB,TCDB.4_D_3_1_3_comp1
G_1_E_26_1_4_comp1,P_1_E_26_1_4_comp1,R_1_E_26_1_4,TCDB,TCDB.1_E_26_1_4_comp1
G_1_E_26_1_7_comp1,P_1_E_26_1_7_comp1,R_1_E_26_1_7,TCDB,TCDB.1_E_26_1_7_comp1
G_2_A_123_2_9_comp1,P_2_A_123_2_9_comp1,R_2_A_123_2_9,TCDB,TCDB.2_A_123_2_9_comp1
G_9_B_28_1_3_comp1,P_9_B_28_1_3_comp1,R_9_B_28_1_3,TCDB,TCDB.9_B_28_1_3_comp1
G_2_A_107_2_1_comp1,P_2_A_107_2_1_comp1,R_2_A_107_2_1,TCDB,TCDB.2_A_107_2_1_comp1
G_2_A_124_1_3_comp1,P_2_A_124_1_3_comp1,R_2_A_124_1_3,TCDB,TCDB.2_A_124_1_3_comp1
G_8_A_46_1_5_comp1,P_8_A_46_1_5_comp1,R_8_A_46_1_5,TCDB,TCDB.8_A_46_1_5_comp1
G_1_B_44_2_7_comp1,P_1_B_44_2_7_comp1,R_1_B_44_2_7,TCDB,TCDB.1_B_44_2_7_comp1
G_9_B_155_2_3_comp1,P_9_B_155_2_3_comp1,R_9_B_155_2_3,TCDB,TCDB.9_B_155_2_3_comp1
G_2_A_120_1_6_comp1,P_2_A_120_1_6_comp1,R_2_A_120_1_6,TCDB,TCDB.2_A_120_1_6_comp1
G_1_E_12_2_5_comp1,P_1_E_12_2_5_comp1,R_1_E_12_2_5,TCDB,TCDB.1_E_12_2_5_comp1
G_9_B_190_1_1_comp1,P_9_B_190_1_1_comp1,R_9_B_190_1_1,TCDB,TCDB.9_B_190_1_1_comp1
G_1_B_73_2_2_comp1,P_1_B_73_2_2_comp1,R_1_B_73_2_2,TCDB,TCDB.1_B_73_2_2_comp1
G_1_B_44_2_5_comp1,P_1_B_44_2_5_comp1,R_1_B_44_2_5,TCDB,TCDB.1_B_44_2_5_comp1
G_1_B_6_6_10_comp1,P_1_B_6_6_10_comp1,R_1_B_6_6_10,TCDB,TCDB.1_B_6_6_10_comp1
G_1_B_44_2_2_comp1,P_1_B_44_2_2_comp1,R_1_B_44_2_2,TCDB,TCDB.1_B_44_2_2_comp1
G_9_B_168_1_1_comp1,P_9_B_168_1_1_comp1,R_9_B_168_1_1,TCDB,TCDB.9_B_168_1_1_comp1
G_1_B_9_4_1_comp1,P_1_B_9_4_1_comp1,R_1_B_9_4_1,TCDB,TCDB.1_B_9_4_1_comp1
G_9_B_172_1_2_comp1,P_9_B_172_1_2_comp1,R_9_B_172_1_2,TCDB,TCDB.9_B_172_1_2_comp1
G_2_A_89_1_3_comp1,P_2_A_89_1_3_comp1,R_2_A_89_1_3,TCDB,TCDB.2_A_89_1_3_comp1
G_9_B_153_4_5_comp1,P_9_B_153_4_5_comp1,R_9_B_153_4_5,TCDB,TCDB.9_B_153_4_5_comp1
G_1_B_44_2_10_comp1,P_1_B_44_2_10_comp1,R_1_B_44_2_10,TCDB,TCDB.1_B_44_2_10_comp1
G_1_B_25_1_15_comp1,P_1_B_25_1_15_comp1,R_1_B_25_1_15,TCDB,TCDB.1_B_25_1_15_comp1
G_1_B_25_1_26_comp1,P_1_B_25_1_26_comp1,R_1_B_25_1_26,TCDB,TCDB.1_B_25_1_26_comp1
G_1_B_25_1_30_comp1,P_1_B_25_1_30_comp1,R_1_B_25_1_30,TCDB,TCDB.1_B_25_1_30_comp1
G_1_B_68_1_3_comp1,P_1_B_68_1_3_comp1,R_1_B_68_1_3,TCDB,TCDB.1_B_68_1_3_comp1
G_1_B_25_1_20_comp1,P_1_B_25_1_20_comp1,R_1_B_25_1_20,TCDB,TCDB.1_B_25_1_20_comp1
G_9_B_133_2_2_comp1,P_9_B_133_2_2_comp1,R_9_B_133_2_2,TCDB,TCDB.9_B_133_2_2_comp1
G_9_B_234_1_2_comp1,P_9_B_234_1_2_comp1,R_9_B_234_1_2,TCDB,TCDB.9_B_234_1_2_comp1
G_1_B_31_1_3_comp1,P_1_B_31_1_3_comp1,R_1_B_31_1_3,TCDB,TCDB.1_B_31_1_3_comp1
G_9_A_8_1_13_comp1,P_9_A_8_1_13_comp1,R_9_A_8_1_13,TCDB,TCDB.9_A_8_1_13_comp1
G_1_A_8_8_12_comp1,P_1_A_8_8_12_comp1,R_1_A_8_8_12,TCDB,TCDB.1_A_8_8_12_comp1
G_9_B_126_1_4_comp1,P_9_B_126_1_4_comp1,R_9_B_126_1_4,TCDB,TCDB.9_B_126_1_4_comp1
G_1_A_24_2_3_comp1,P_1_A_24_2_3_comp1,R_1_A_24_2_3,TCDB,TCDB.1_A_24_2_3_comp1
G_1_B_65_1_7_comp1,P_1_B_65_1_7_comp1,R_1_B_65_1_7,TCDB,TCDB.1_B_65_1_7_comp1
G_9_A_55_2_1_comp1,P_9_A_55_2_1_comp1,R_9_A_55_2_1,TCDB,TCDB.9_A_55_2_1_comp1
G_1_A_67_1_5_comp1,P_1_A_67_1_5_comp1,R_1_A_67_1_5,TCDB,TCDB.1_A_67_1_5_comp1
G_8_A_40_2_3_comp1,P_8_A_40_2_3_comp1,R_8_A_40_2_3,TCDB,TCDB.8_A_40_2_3_comp1
G_1_E_40_3_1_comp1,P_1_E_40_3_1_comp1,R_1_E_40_3_1,TCDB,TCDB.1_E_40_3_1_comp1
G_1_A_83_1_4_comp1,P_1_A_83_1_4_comp1,R_1_A_83_1_4,TCDB,TCDB.1_A_83_1_4_comp1
G_2_A_21_6_6_comp1,P_2_A_21_6_6_comp1,R_2_A_21_6_6,TCDB,TCDB.2_A_21_6_6_comp1
G_1_M_1_5_4_comp1,P_1_M_1_5_4_comp1,R_1_M_1_5_4,TCDB,TCDB.1_M_1_5_4_comp1
G_1_E_56_1_9_comp1,P_1_E_56_1_9_comp1,R_1_E_56_1_9,TCDB,TCDB.1_E_56_1_9_comp1
G_1_A_83_1_3_comp1,P_1_A_83_1_3_comp1,R_1_A_83_1_3,TCDB,TCDB.1_A_83_1_3_comp1
G_2_A_55_2_12_comp1,P_2_A_55_2_12_comp1,R_2_A_55_2_12,TCDB,TCDB.2_A_55_2_12_comp1
G_9_B_201_1_3_comp1,P_9_B_201_1_3_comp1,R_9_B_201_1_3,TCDB,TCDB.9_B_201_1_3_comp1
G_1_N_4_1_5_comp1,P_1_N_4_1_5_comp1,R_1_N_4_1_5,TCDB,TCDB.1_N_4_1_5_comp1
G_1_A_20_2_2_comp1,P_1_A_20_2_2_comp1,R_1_A_20_2_2,TCDB,TCDB.1_A_20_2_2_comp1
G_9_B_232_1_4_comp1,P_9_B_232_1_4_comp1,R_9_B_232_1_4,TCDB,TCDB.9_B_232_1_4_comp1
G_8_A_70_1_3_comp1,P_8_A_70_1_3_comp1,R_8_A_70_1_3,TCDB,TCDB.8_A_70_1_3_comp1
G_1_A_25_1_12_comp1,P_1_A_25_1_12_comp1,R_1_A_25_1_12,TCDB,TCDB.1_A_25_1_12_comp1
G_1_E_40_3_5_comp1,P_1_E_40_3_5_comp1,R_1_E_40_3_5,TCDB,TCDB.1_E_40_3_5_comp1
G_1_E_12_1_3_comp1,P_1_E_12_1_3_comp1,R_1_E_12_1_3,TCDB,TCDB.1_E_12_1_3_comp1
G_1_E_57_2_4_comp1,P_1_E_57_2_4_comp1,R_1_E_57_2_4,TCDB,TCDB.1_E_57_2_4_comp1
G_1_E_33_1_4_comp1,P_1_E_33_1_4_comp1,R_1_E_33_1_4,TCDB,TCDB.1_E_33_1_4_comp1
G_4_H_1_1_3_comp1,P_4_H_1_1_3_comp1,R_4_H_1_1_3,TCDB,TCDB.4_H_1_1_3_comp1
G_9_B_116_2_1_comp1,P_9_B_116_2_1_comp1,R_9_B_116_2_1,TCDB,TCDB.9_B_116_2_1_comp1
G_1_B_44_1_2_comp1,P_1_B_44_1_2_comp1,R_1_B_44_1_2,TCDB,TCDB.1_B_44_1_2_comp1
G_1_E_11_1_7_comp1,P_1_E_11_1_7_comp1,R_1_E_11_1_7,TCDB,TCDB.1_E_11_1_7_comp1
G_1_B_31_1_4_comp1,P_1_B_31_1_4_comp1,R_1_B_31_1_4,TCDB,TCDB.1_B_31_1_4_comp1
G_1_E_2_2_4_comp1,P_1_E_2_2_4_comp1,R_1_E_2_2_4,TCDB,TCDB.1_E_2_2_4_comp1
G_3_A_1_122_27_comp1,P_3_A_1_122_27_comp1+3_A_1_122_27_comp2+3_A_1_122_27_comp3,R_3_A_1_122_27,TCDB,TCDB.3_A_1_122_27_comp1
G_3_A_1_122_27_comp2,P_3_A_1_122_27_comp1+3_A_1_122_27_comp2+3_A_1_122_27_comp3,R_3_A_1_122_27,TCDB,TCDB.3_A_1_122_27_comp2
G_3_A_1_122_27_comp3,P_3_A_1_122_27_comp1+3_A_1_122_27_comp2+3_A_1_122_27_comp3,R_3_A_1_122_27,TCDB,TCDB.3_A_1_122_27_comp3
G_2_A_1_81_4_comp1,P_2_A_1_81_4_comp1,R_2_A_1_81_4,TCDB,TCDB.2_A_1_81_4_comp1
G_1_B_27_1_5_comp1,P_1_B_27_1_5_comp1,R_1_B_27_1_5,TCDB,TCDB.1_B_27_1_5_comp1
G_1_A_88_1_5_comp1,P_1_A_88_1_5_comp1,R_1_A_88_1_5,TCDB,TCDB.1_A_88_1_5_comp1
G_9_B_14_1_9_comp1,P_9_B_14_1_9_comp1,R_9_B_14_1_9,TCDB,TCDB.9_B_14_1_9_comp1
G_1_E_2_2_3_comp1,P_1_E_2_2_3_comp1,R_1_E_2_2_3,TCDB,TCDB.1_E_2_2_3_comp1
G_2_A_121_4_2_comp1,P_2_A_121_4_2_comp1,R_2_A_121_4_2,TCDB,TCDB.2_A_121_4_2_comp1
G_1_E_34_1_4_comp1,P_1_E_34_1_4_comp1,R_1_E_34_1_4,TCDB,TCDB.1_E_34_1_4_comp1
G_3_A_1_147_7_comp1,P_3_A_1_147_7_comp1+3_A_1_147_7_comp2,R_3_A_1_147_7,TCDB,TCDB.3_A_1_147_7_comp1
G_3_A_1_147_7_comp2,P_3_A_1_147_7_comp1+3_A_1_147_7_comp2,R_3_A_1_147_7,TCDB,TCDB.3_A_1_147_7_comp2
G_1_B_5_1_6_comp1,P_1_B_5_1_6_comp1,R_1_B_5_1_6,TCDB,TCDB.1_B_5_1_6_comp1
G_2_C_1_4_1_comp1,P_2_C_1_4_1_comp1,R_2_C_1_4_1,TCDB,TCDB.2_C_1_4_1_comp1
G_8_A_63_1_6_comp1,P_8_A_63_1_6_comp1,R_8_A_63_1_6,TCDB,TCDB.8_A_63_1_6_comp1
G_2_A_135_1_2_comp1,P_2_A_135_1_2_comp1+2_A_135_1_2_comp2,R_2_A_135_1_2,TCDB,TCDB.2_A_135_1_2_comp1
G_2_A_135_1_2_comp2,P_2_A_135_1_2_comp1+2_A_135_1_2_comp2,R_2_A_135_1_2,TCDB,TCDB.2_A_135_1_2_comp2
G_9_A_22_1_3_comp1,P_9_A_22_1_3_comp1,R_9_A_22_1_3,TCDB,TCDB.9_A_22_1_3_comp1
G_9_A_22_1_8_comp1,P_9_A_22_1_8_comp1+9_A_22_1_8_comp2+9_A_22_1_8_comp3,R_9_A_22_1_8,TCDB,TCDB.9_A_22_1_8_comp1
G_9_A_22_1_8_comp2,P_9_A_22_1_8_comp1+9_A_22_1_8_comp2+9_A_22_1_8_comp3,R_9_A_22_1_8,TCDB,TCDB.9_A_22_1_8_comp2
G_9_A_22_1_8_comp3,P_9_A_22_1_8_comp1+9_A_22_1_8_comp2+9_A_22_1_8_comp3,R_9_A_22_1_8,TCDB,TCDB.9_A_22_1_8_comp3
G_3_A_1_115_4_comp1,P_3_A_1_115_4_comp1+3_A_1_115_4_comp2,R_3_A_1_115_4,TCDB,TCDB.3_A_1_115_4_comp1
G_3_A_1_115_4_comp2,P_3_A_1_115_4_comp1+3_A_1_115_4_comp2,R_3_A_1_115_4,TCDB,TCDB.3_A_1_115_4_comp2
G_8_A_42_1_3_comp1,P_8_A_42_1_3_comp1,R_8_A_42_1_3,TCDB,TCDB.8_A_42_1_3_comp1
G_4_D_2_4_2_comp1,P_4_D_2_4_2_comp1,R_4_D_2_4_2,TCDB,TCDB.4_D_2_4_2_comp1
G_9_B_102_2_3_comp1,P_9_B_102_2_3_comp1,R_9_B_102_2_3,TCDB,TCDB.9_B_102_2_3_comp1
G_1_E_25_1_2_comp1,P_1_E_25_1_2_comp1,R_1_E_25_1_2,TCDB,TCDB.1_E_25_1_2_comp1
G_1_C_131_2_2_comp1,P_1_C_131_2_2_comp1,R_1_C_131_2_2,TCDB,TCDB.1_C_131_2_2_comp1
G_2_A_102_2_4_comp1,P_2_A_102_2_4_comp1,R_2_A_102_2_4,TCDB,TCDB.2_A_102_2_4_comp1
G_1_B_1_6_4_comp1,P_1_B_1_6_4_comp1,R_1_B_1_6_4,TCDB,TCDB.1_B_1_6_4_comp1
G_1_B_16_1_8_comp1,P_1_B_16_1_8_comp1,R_1_B_16_1_8,TCDB,TCDB.1_B_16_1_8_comp1
G_1_E_2_1_7_comp1,P_1_E_2_1_7_comp1,R_1_E_2_1_7,TCDB,TCDB.1_E_2_1_7_comp1
G_1_C_105_2_12_comp1,P_1_C_105_2_12_comp1,R_1_C_105_2_12,TCDB,TCDB.1_C_105_2_12_comp1
G_1_B_81_1_6_comp1,P_1_B_81_1_6_comp1,R_1_B_81_1_6,TCDB,TCDB.1_B_81_1_6_comp1
G_2_A_131_1_1_comp1,P_2_A_131_1_1_comp1,R_2_A_131_1_1,TCDB,TCDB.2_A_131_1_1_comp1
G_2_A_121_4_3_comp1,P_2_A_121_4_3_comp1,R_2_A_121_4_3,TCDB,TCDB.2_A_121_4_3_comp1
G_2_A_89_2_3_comp1,P_2_A_89_2_3_comp1,R_2_A_89_2_3,TCDB,TCDB.2_A_89_2_3_comp1
G_9_B_27_3_2_comp1,P_9_B_27_3_2_comp1,R_9_B_27_3_2,TCDB,TCDB.9_B_27_3_2_comp1
G_1_B_40_1_8_comp1,P_1_B_40_1_8_comp1,R_1_B_40_1_8,TCDB,TCDB.1_B_40_1_8_comp1
G_9_B_102_5_2_comp1,P_9_B_102_5_2_comp1,R_9_B_102_5_2,TCDB,TCDB.9_B_102_5_2_comp1
G_9_B_102_5_5_comp1,P_9_B_102_5_5_comp1,R_9_B_102_5_5,TCDB,TCDB.9_B_102_5_5_comp1
G_2_A_102_4_2_comp1,P_2_A_102_4_2_comp1,R_2_A_102_4_2,TCDB,TCDB.2_A_102_4_2_comp1
G_3_A_3_6_19_comp1,P_3_A_3_6_19_comp1,R_3_A_3_6_19,TCDB,TCDB.3_A_3_6_19_comp1
G_1_C_52_1_23_comp1,P_1_C_52_1_23_comp1,R_1_C_52_1_23,TCDB,TCDB.1_C_52_1_23_comp1
G_9_B_204_1_2_comp1,P_9_B_204_1_2_comp1,R_9_B_204_1_2,TCDB,TCDB.9_B_204_1_2_comp1
G_1_A_84_1_10_comp1,P_1_A_84_1_10_comp1,R_1_A_84_1_10,TCDB,TCDB.1_A_84_1_10_comp1
G_1_A_17_4_13_comp1,P_1_A_17_4_13_comp1+1_A_17_4_13_comp2+1_A_17_4_13_comp3+1_A_17_4_13_comp4,R_1_A_17_4_13,TCDB,TCDB.1_A_17_4_13_comp1
G_1_A_17_4_13_comp2,P_1_A_17_4_13_comp1+1_A_17_4_13_comp2+1_A_17_4_13_comp3+1_A_17_4_13_comp4,R_1_A_17_4_13,TCDB,TCDB.1_A_17_4_13_comp2
G_1_A_17_4_13_comp3,P_1_A_17_4_13_comp1+1_A_17_4_13_comp2+1_A_17_4_13_comp3+1_A_17_4_13_comp4,R_1_A_17_4_13,TCDB,TCDB.1_A_17_4_13_comp3
G_1_A_17_4_13_comp4,P_1_A_17_4_13_comp1+1_A_17_4_13_comp2+1_A_17_4_13_comp3+1_A_17_4_13_comp4,R_1_A_17_4_13,TCDB,TCDB.1_A_17_4_13_comp4
G_1_C_28_5_1_comp1,P_1_C_28_5_1_comp1,R_1_C_28_5_1,TCDB,TCDB.1_C_28_5_1_comp1
G_1_E_53_1_10_comp1,P_1_E_53_1_10_comp1,R_1_E_53_1_10,TCDB,TCDB.1_E_53_1_10_comp1
G_9_B_132_1_2_comp1,P_9_B_132_1_2_comp1,R_9_B_132_1_2,TCDB,TCDB.9_B_132_1_2_comp1
G_1_A_77_1_6_comp1,P_1_A_77_1_6_comp1,R_1_A_77_1_6,TCDB,TCDB.1_A_77_1_6_comp1
G_2_A_1_3_27_comp1,P_2_A_1_3_27_comp1,R_2_A_1_3_27,TCDB,TCDB.2_A_1_3_27_comp1
G_1_E_24_2_1_comp1,P_1_E_24_2_1_comp1,R_1_E_24_2_1,TCDB,TCDB.1_E_24_2_1_comp1
G_8_A_68_1_1_comp1,P_8_A_68_1_1_comp1,R_8_A_68_1_1,TCDB,TCDB.8_A_68_1_1_comp1
G_1_A_55_4_2_comp1,P_1_A_55_4_2_comp1,R_1_A_55_4_2,TCDB,TCDB.1_A_55_4_2_comp1
G_1_E_49_1_2_comp1,P_1_E_49_1_2_comp1,R_1_E_49_1_2,TCDB,TCDB.1_E_49_1_2_comp1
G_9_B_27_5_2_comp1,P_9_B_27_5_2_comp1,R_9_B_27_5_2,TCDB,TCDB.9_B_27_5_2_comp1
G_3_A_10_1_11_comp1,P_3_A_10_1_11_comp1,R_3_A_10_1_11,TCDB,TCDB.3_A_10_1_11_comp1
G_1_B_9_4_2_comp1,P_1_B_9_4_2_comp1,R_1_B_9_4_2,TCDB,TCDB.1_B_9_4_2_comp1
G_2_A_128_1_1_comp1,P_2_A_128_1_1_comp1,R_2_A_128_1_1,TCDB,TCDB.2_A_128_1_1_comp1
G_9_B_179_1_3_comp1,P_9_B_179_1_3_comp1,R_9_B_179_1_3,TCDB,TCDB.9_B_179_1_3_comp1
G_1_E_14_1_9_comp1,P_1_E_14_1_9_comp1,R_1_E_14_1_9,TCDB,TCDB.1_E_14_1_9_comp1
G_9_A_14_23_7_comp1,P_9_A_14_23_7_comp1,R_9_A_14_23_7,TCDB,TCDB.9_A_14_23_7_comp1
G_1_B_21_3_1_comp1,P_1_B_21_3_1_comp1,R_1_B_21_3_1,TCDB,TCDB.1_B_21_3_1_comp1
G_3_A_1_135_6_comp1,P_3_A_1_135_6_comp1+3_A_1_135_6_comp2,R_3_A_1_135_6,TCDB,TCDB.3_A_1_135_6_comp1
G_3_A_1_135_6_comp2,P_3_A_1_135_6_comp1+3_A_1_135_6_comp2,R_3_A_1_135_6,TCDB,TCDB.3_A_1_135_6_comp2
G_3_A_1_122_30_comp1,P_3_A_1_122_30_comp1+3_A_1_122_30_comp2+3_A_1_122_30_comp3,R_3_A_1_122_30,TCDB,TCDB.3_A_1_122_30_comp1
G_3_A_1_122_30_comp2,P_3_A_1_122_30_comp1+3_A_1_122_30_comp2+3_A_1_122_30_comp3,R_3_A_1_122_30,TCDB,TCDB.3_A_1_122_30_comp2
G_3_A_1_122_30_comp3,P_3_A_1_122_30_comp1+3_A_1_122_30_comp2+3_A_1_122_30_comp3,R_3_A_1_122_30,TCDB,TCDB.3_A_1_122_30_comp3
G_9_B_151_2_2_comp1,P_9_B_151_2_2_comp1,R_9_B_151_2_2,TCDB,TCDB.9_B_151_2_2_comp1
G_9_B_363_1_1_comp1,P_9_B_363_1_1_comp1,R_9_B_363_1_1,TCDB,TCDB.9_B_363_1_1_comp1
G_9_B_2_3_2_comp1,P_9_B_2_3_2_comp1,R_9_B_2_3_2,TCDB,TCDB.9_B_2_3_2_comp1
G_9_B_27_1_5_comp1,P_9_B_27_1_5_comp1,R_9_B_27_1_5,TCDB,TCDB.9_B_27_1_5_comp1
G_2_A_6_3_3_comp1,P_2_A_6_3_3_comp1,R_2_A_6_3_3,TCDB,TCDB.2_A_6_3_3_comp1
G_1_A_1_13_9_comp1,P_1_A_1_13_9_comp1,R_1_A_1_13_9,TCDB,TCDB.1_A_1_13_9_comp1
G_1_B_42_1_5_comp1,P_1_B_42_1_5_comp1,R_1_B_42_1_5,TCDB,TCDB.1_B_42_1_5_comp1
G_1_B_14_17_3_comp1,P_1_B_14_17_3_comp1,R_1_B_14_17_3,TCDB,TCDB.1_B_14_17_3_comp1
G_2_A_126_1_12_comp1,P_2_A_126_1_12_comp1,R_2_A_126_1_12,TCDB,TCDB.2_A_126_1_12_comp1
G_9_B_147_2_2_comp1,P_9_B_147_2_2_comp1,R_9_B_147_2_2,TCDB,TCDB.9_B_147_2_2_comp1
G_3_A_1_146_2_comp1,P_3_A_1_146_2_comp1+3_A_1_146_2_comp2+3_A_1_146_2_comp3+3_A_1_146_2_comp4,R_3_A_1_146_2,TCDB,TCDB.3_A_1_146_2_comp1
G_3_A_1_146_2_comp2,P_3_A_1_146_2_comp1+3_A_1_146_2_comp2+3_A_1_146_2_comp3+3_A_1_146_2_comp4,R_3_A_1_146_2,TCDB,TCDB.3_A_1_146_2_comp2
G_3_A_1_146_2_comp3,P_3_A_1_146_2_comp1+3_A_1_146_2_comp2+3_A_1_146_2_comp3+3_A_1_146_2_comp4,R_3_A_1_146_2,TCDB,TCDB.3_A_1_146_2_comp3
G_3_A_1_146_2_comp4,P_3_A_1_146_2_comp1+3_A_1_146_2_comp2+3_A_1_146_2_comp3+3_A_1_146_2_comp4,R_3_A_1_146_2,TCDB,TCDB.3_A_1_146_2_comp4
G_3_A_1_147_3_comp1,P_3_A_1_147_3_comp1+3_A_1_147_3_comp2,R_3_A_1_147_3,TCDB,TCDB.3_A_1_147_3_comp1
G_3_A_1_147_3_comp2,P_3_A_1_147_3_comp1+3_A_1_147_3_comp2,R_3_A_1_147_3,TCDB,TCDB.3_A_1_147_3_comp2
G_1_B_60_1_2_comp1,P_1_B_60_1_2_comp1,R_1_B_60_1_2,TCDB,TCDB.1_B_60_1_2_comp1
G_9_B_153_3_11_comp1,P_9_B_153_3_11_comp1,R_9_B_153_3_11,TCDB,TCDB.9_B_153_3_11_comp1
G_2_A_1_80_3_comp1,P_2_A_1_80_3_comp1,R_2_A_1_80_3,TCDB,TCDB.2_A_1_80_3_comp1
G_9_A_55_1_2_comp1,P_9_A_55_1_2_comp1,R_9_A_55_1_2,TCDB,TCDB.9_A_55_1_2_comp1
G_9_B_97_1_10_comp1,P_9_B_97_1_10_comp1,R_9_B_97_1_10,TCDB,TCDB.9_B_97_1_10_comp1
G_1_B_48_4_1_comp1,P_1_B_48_4_1_comp1,R_1_B_48_4_1,TCDB,TCDB.1_B_48_4_1_comp1
G_1_B_23_1_12_comp1,P_1_B_23_1_12_comp1,R_1_B_23_1_12,TCDB,TCDB.1_B_23_1_12_comp1
G_1_B_80_2_4_comp1,P_1_B_80_2_4_comp1,R_1_B_80_2_4,TCDB,TCDB.1_B_80_2_4_comp1
G_1_B_13_1_4_comp1,P_1_B_13_1_4_comp1,R_1_B_13_1_4,TCDB,TCDB.1_B_13_1_4_comp1
G_9_B_29_4_1_comp1,P_9_B_29_4_1_comp1,R_9_B_29_4_1,TCDB,TCDB.9_B_29_4_1_comp1
G_1_E_34_1_9_comp1,P_1_E_34_1_9_comp1,R_1_E_34_1_9,TCDB,TCDB.1_E_34_1_9_comp1
G_2_A_7_21_6_comp1,P_2_A_7_21_6_comp1,R_2_A_7_21_6,TCDB,TCDB.2_A_7_21_6_comp1
G_1_B_92_1_4_comp1,P_1_B_92_1_4_comp1,R_1_B_92_1_4,TCDB,TCDB.1_B_92_1_4_comp1
G_2_A_1_49_8_comp1,P_2_A_1_49_8_comp1,R_2_A_1_49_8,TCDB,TCDB.2_A_1_49_8_comp1
G_2_A_7_34_7_comp1,P_2_A_7_34_7_comp1,R_2_A_7_34_7,TCDB,TCDB.2_A_7_34_7_comp1
G_1_E_9_1_3_comp1,P_1_E_9_1_3_comp1,R_1_E_9_1_3,TCDB,TCDB.1_E_9_1_3_comp1
G_1_B_23_1_15_comp1,P_1_B_23_1_15_comp1,R_1_B_23_1_15,TCDB,TCDB.1_B_23_1_15_comp1
G_4_F_1_3_2_comp1,P_4_F_1_3_2_comp1,R_4_F_1_3_2,TCDB,TCDB.4_F_1_3_2_comp1
G_9_B_142_6_1_comp1,P_9_B_142_6_1_comp1,R_9_B_142_6_1,TCDB,TCDB.9_B_142_6_1_comp1
G_9_B_169_1_7_comp1,P_9_B_169_1_7_comp1,R_9_B_169_1_7,TCDB,TCDB.9_B_169_1_7_comp1
G_9_B_142_10_4_comp1,P_9_B_142_10_4_comp1,R_9_B_142_10_4,TCDB,TCDB.9_B_142_10_4_comp1
G_9_B_117_1_1_comp1,P_9_B_117_1_1_comp1,R_9_B_117_1_1,TCDB,TCDB.9_B_117_1_1_comp1
G_1_B_78_1_1_comp1,P_1_B_78_1_1_comp1,R_1_B_78_1_1,TCDB,TCDB.1_B_78_1_1_comp1
G_9_B_2_6_1_comp1,P_9_B_2_6_1_comp1,R_9_B_2_6_1,TCDB,TCDB.9_B_2_6_1_comp1
G_1_A_30_3_1_comp1,P_1_A_30_3_1_comp1+1_A_30_3_1_comp2,R_1_A_30_3_1,TCDB,TCDB.1_A_30_3_1_comp1
G_1_A_30_3_1_comp2,P_1_A_30_3_1_comp1+1_A_30_3_1_comp2,R_1_A_30_3_1,TCDB,TCDB.1_A_30_3_1_comp2
G_9_B_8_1_5_comp1,P_9_B_8_1_5_comp1,R_9_B_8_1_5,TCDB,TCDB.9_B_8_1_5_comp1
G_9_B_142_9_5_comp1,P_9_B_142_9_5_comp1,R_9_B_142_9_5,TCDB,TCDB.9_B_142_9_5_comp1
G_1_A_77_3_42_comp1,P_1_A_77_3_42_comp1,R_1_A_77_3_42,TCDB,TCDB.1_A_77_3_42_comp1
G_9_B_160_1_7_comp1,P_9_B_160_1_7_comp1,R_9_B_160_1_7,TCDB,TCDB.9_B_160_1_7_comp1
G_2_C_1_1_7_comp1,P_2_C_1_1_7_comp1,R_2_C_1_1_7,TCDB,TCDB.2_C_1_1_7_comp1
G_9_B_100_1_1_comp1,P_9_B_100_1_1_comp1,R_9_B_100_1_1,TCDB,TCDB.9_B_100_1_1_comp1
G_8_A_102_1_5_comp1,P_8_A_102_1_5_comp1,R_8_A_102_1_5,TCDB,TCDB.8_A_102_1_5_comp1
G_1_B_8_4_1_comp1,P_1_B_8_4_1_comp1,R_1_B_8_4_1,TCDB,TCDB.1_B_8_4_1_comp1
G_8_A_44_1_5_comp1,P_8_A_44_1_5_comp1,R_8_A_44_1_5,TCDB,TCDB.8_A_44_1_5_comp1
G_1_A_38_2_1_comp1,P_1_A_38_2_1_comp1,R_1_A_38_2_1,TCDB,TCDB.1_A_38_2_1_comp1
G_4_G_1_1_6_comp1,P_4_G_1_1_6_comp1,R_4_G_1_1_6,TCDB,TCDB.4_G_1_1_6_comp1
G_8_A_52_1_4_comp1,P_8_A_52_1_4_comp1,R_8_A_52_1_4,TCDB,TCDB.8_A_52_1_4_comp1
G_1_B_69_1_2_comp1,P_1_B_69_1_2_comp1,R_1_B_69_1_2,TCDB,TCDB.1_B_69_1_2_comp1
G_9_B_232_2_2_comp1,P_9_B_232_2_2_comp1,R_9_B_232_2_2,TCDB,TCDB.9_B_232_2_2_comp1
G_1_A_77_1_14_comp1,P_1_A_77_1_14_comp1,R_1_A_77_1_14,TCDB,TCDB.1_A_77_1_14_comp1
G_1_B_69_2_4_comp1,P_1_B_69_2_4_comp1,R_1_B_69_2_4,TCDB,TCDB.1_B_69_2_4_comp1
G_3_A_1_208_25_comp1,P_3_A_1_208_25_comp1,R_3_A_1_208_25,TCDB,TCDB.3_A_1_208_25_comp1
G_2_A_110_2_1_comp1,P_2_A_110_2_1_comp1,R_2_A_110_2_1,TCDB,TCDB.2_A_110_2_1_comp1
G_1_A_1_11_33_comp1,P_1_A_1_11_33_comp1,R_1_A_1_11_33,TCDB,TCDB.1_A_1_11_33_comp1
G_1_A_75_1_12_comp1,P_1_A_75_1_12_comp1,R_1_A_75_1_12,TCDB,TCDB.1_A_75_1_12_comp1
G_8_A_45_1_5_comp1,P_8_A_45_1_5_comp1,R_8_A_45_1_5,TCDB,TCDB.8_A_45_1_5_comp1
G_2_A_90_2_3_comp1,P_2_A_90_2_3_comp1,R_2_A_90_2_3,TCDB,TCDB.2_A_90_2_3_comp1
G_1_C_39_7_2_comp1,P_1_C_39_7_2_comp1,R_1_C_39_7_2,TCDB,TCDB.1_C_39_7_2_comp1
G_1_A_17_4_4_comp1,P_1_A_17_4_4_comp1,R_1_A_17_4_4,TCDB,TCDB.1_A_17_4_4_comp1
G_1_A_55_2_2_comp1,P_1_A_55_2_2_comp1,R_1_A_55_2_2,TCDB,TCDB.1_A_55_2_2_comp1
G_1_A_17_3_7_comp1,P_1_A_17_3_7_comp1,R_1_A_17_3_7,TCDB,TCDB.1_A_17_3_7_comp1
G_1_A_14_3_2_comp1,P_1_A_14_3_2_comp1,R_1_A_14_3_2,TCDB,TCDB.1_A_14_3_2_comp1
G_2_A_1_75_2_comp1,P_2_A_1_75_2_comp1,R_2_A_1_75_2,TCDB,TCDB.2_A_1_75_2_comp1
G_1_C_97_2_2_comp1,P_1_C_97_2_2_comp1,R_1_C_97_2_2,TCDB,TCDB.1_C_97_2_2_comp1
G_1_C_119_1_5_comp1,P_1_C_119_1_5_comp1,R_1_C_119_1_5,TCDB,TCDB.1_C_119_1_5_comp1
G_2_A_1_2_91_comp1,P_2_A_1_2_91_comp1,R_2_A_1_2_91,TCDB,TCDB.2_A_1_2_91_comp1
G_9_B_56_2_2_comp1,P_9_B_56_2_2_comp1,R_9_B_56_2_2,TCDB,TCDB.9_B_56_2_2_comp1
G_9_B_102_1_11_comp1,P_9_B_102_1_11_comp1,R_9_B_102_1_11,TCDB,TCDB.9_B_102_1_11_comp1
G_1_C_7_2_1_comp1,P_1_C_7_2_1_comp1,R_1_C_7_2_1,TCDB,TCDB.1_C_7_2_1_comp1
G_1_A_10_1_15_comp1,P_1_A_10_1_15_comp1,R_1_A_10_1_15,TCDB,TCDB.1_A_10_1_15_comp1
G_1_A_82_1_4_comp1,P_1_A_82_1_4_comp1,R_1_A_82_1_4,TCDB,TCDB.1_A_82_1_4_comp1
G_1_N_2_1_5_comp1,P_1_N_2_1_5_comp1,R_1_N_2_1_5,TCDB,TCDB.1_N_2_1_5_comp1
G_1_C_39_15_2_comp1,P_1_C_39_15_2_comp1,R_1_C_39_15_2,TCDB,TCDB.1_C_39_15_2_comp1
G_2_A_112_1_10_comp1,P_2_A_112_1_10_comp1,R_2_A_112_1_10,TCDB,TCDB.2_A_112_1_10_comp1
G_9_B_419_1_2_comp1,P_9_B_419_1_2_comp1,R_9_B_419_1_2,TCDB,TCDB.9_B_419_1_2_comp1
G_2_A_1_65_5_comp1,P_2_A_1_65_5_comp1,R_2_A_1_65_5,TCDB,TCDB.2_A_1_65_5_comp1
G_2_A_112_4_2_comp1,P_2_A_112_4_2_comp1,R_2_A_112_4_2,TCDB,TCDB.2_A_112_4_2_comp1
G_2_A_22_1_6_comp1,P_2_A_22_1_6_comp1,R_2_A_22_1_6,TCDB,TCDB.2_A_22_1_6_comp1
G_1_E_26_2_1_comp1,P_1_E_26_2_1_comp1,R_1_E_26_2_1,TCDB,TCDB.1_E_26_2_1_comp1
G_1_A_10_1_14_comp1,P_1_A_10_1_14_comp1,R_1_A_10_1_14,TCDB,TCDB.1_A_10_1_14_comp1
G_3_A_1_211_26_comp1,P_3_A_1_211_26_comp1,R_3_A_1_211_26,TCDB,TCDB.3_A_1_211_26_comp1
G_2_A_30_1_19_comp1,P_2_A_30_1_19_comp1,R_2_A_30_1_19,TCDB,TCDB.2_A_30_1_19_comp1
G_1_C_4_6_2_comp1,P_1_C_4_6_2_comp1,R_1_C_4_6_2,TCDB,TCDB.1_C_4_6_2_comp1
G_3_A_7_13_2_comp1,P_3_A_7_13_2_comp1+3_A_7_13_2_comp2+3_A_7_13_2_comp3+3_A_7_13_2_comp4+3_A_7_13_2_comp5+3_A_7_13_2_comp6+3_A_7_13_2_comp7+3_A_7_13_2_comp8+3_A_7_13_2_comp9+3_A_7_13_2_comp10+3_A_7_13_2_comp11+3_A_7_13_2_comp12,R_3_A_7_13_2,TCDB,TCDB.3_A_7_13_2_comp1
G_3_A_7_13_2_comp2,P_3_A_7_13_2_comp1+3_A_7_13_2_comp2+3_A_7_13_2_comp3+3_A_7_13_2_comp4+3_A_7_13_2_comp5+3_A_7_13_2_comp6+3_A_7_13_2_comp7+3_A_7_13_2_comp8+3_A_7_13_2_comp9+3_A_7_13_2_comp10+3_A_7_13_2_comp11+3_A_7_13_2_comp12,R_3_A_7_13_2,TCDB,TCDB.3_A_7_13_2_comp2
G_3_A_7_13_2_comp3,P_3_A_7_13_2_comp1+3_A_7_13_2_comp2+3_A_7_13_2_comp3+3_A_7_13_2_comp4+3_A_7_13_2_comp5+3_A_7_13_2_comp6+3_A_7_13_2_comp7+3_A_7_13_2_comp8+3_A_7_13_2_comp9+3_A_7_13_2_comp10+3_A_7_13_2_comp11+3_A_7_13_2_comp12,R_3_A_7_13_2,TCDB,TCDB.3_A_7_13_2_comp3
G_3_A_7_13_2_comp4,P_3_A_7_13_2_comp1+3_A_7_13_2_comp2+3_A_7_13_2_comp3+3_A_7_13_2_comp4+3_A_7_13_2_comp5+3_A_7_13_2_comp6+3_A_7_13_2_comp7+3_A_7_13_2_comp8+3_A_7_13_2_comp9+3_A_7_13_2_comp10+3_A_7_13_2_comp11+3_A_7_13_2_comp12,R_3_A_7_13_2,TCDB,TCDB.3_A_7_13_2_comp4
G_3_A_7_13_2_comp5,P_3_A_7_13_2_comp1+3_A_7_13_2_comp2+3_A_7_13_2_comp3+3_A_7_13_2_comp4+3_A_7_13_2_comp5+3_A_7_13_2_comp6+3_A_7_13_2_comp7+3_A_7_13_2_comp8+3_A_7_13_2_comp9+3_A_7_13_2_comp10+3_A_7_13_2_comp11+3_A_7_13_2_comp12,R_3_A_7_13_2,TCDB,TCDB.3_A_7_13_2_comp5
G_3_A_7_13_2_comp6,P_3_A_7_13_2_comp1+3_A_7_13_2_comp2+3_A_7_13_2_comp3+3_A_7_13_2_comp4+3_A_7_13_2_comp5+3_A_7_13_2_comp6+3_A_7_13_2_comp7+3_A_7_13_2_comp8+3_A_7_13_2_comp9+3_A_7_13_2_comp10+3_A_7_13_2_comp11+3_A_7_13_2_comp12,R_3_A_7_13_2,TCDB,TCDB.3_A_7_13_2_comp6
G_3_A_7_13_2_comp7,P_3_A_7_13_2_comp1+3_A_7_13_2_comp2+3_A_7_13_2_comp3+3_A_7_13_2_comp4+3_A_7_13_2_comp5+3_A_7_13_2_comp6+3_A_7_13_2_comp7+3_A_7_13_2_comp8+3_A_7_13_2_comp9+3_A_7_13_2_comp10+3_A_7_13_2_comp11+3_A_7_13_2_comp12,R_3_A_7_13_2,TCDB,TCDB.3_A_7_13_2_comp7
G_3_A_7_13_2_comp8,P_3_A_7_13_2_comp1+3_A_7_13_2_comp2+3_A_7_13_2_comp3+3_A_7_13_2_comp4+3_A_7_13_2_comp5+3_A_7_13_2_comp6+3_A_7_13_2_comp7+3_A_7_13_2_comp8+3_A_7_13_2_comp9+3_A_7_13_2_comp10+3_A_7_13_2_comp11+3_A_7_13_2_comp12,R_3_A_7_13_2,TCDB,TCDB.3_A_7_13_2_comp8
G_3_A_7_13_2_comp9,P_3_A_7_13_2_comp1+3_A_7_13_2_comp2+3_A_7_13_2_comp3+3_A_7_13_2_comp4+3_A_7_13_2_comp5+3_A_7_13_2_comp6+3_A_7_13_2_comp7+3_A_7_13_2_comp8+3_A_7_13_2_comp9+3_A_7_13_2_comp10+3_A_7_13_2_comp11+3_A_7_13_2_comp12,R_3_A_7_13_2,TCDB,TCDB.3_A_7_13_2_comp9
G_3_A_7_13_2_comp10,P_3_A_7_13_2_comp1+3_A_7_13_2_comp2+3_A_7_13_2_comp3+3_A_7_13_2_comp4+3_A_7_13_2_comp5+3_A_7_13_2_comp6+3_A_7_13_2_comp7+3_A_7_13_2_comp8+3_A_7_13_2_comp9+3_A_7_13_2_comp10+3_A_7_13_2_comp11+3_A_7_13_2_comp12,R_3_A_7_13_2,TCDB,TCDB.3_A_7_13_2_comp10
G_3_A_7_13_2_comp11,P_3_A_7_13_2_comp1+3_A_7_13_2_comp2+3_A_7_13_2_comp3+3_A_7_13_2_comp4+3_A_7_13_2_comp5+3_A_7_13_2_comp6+3_A_7_13_2_comp7+3_A_7_13_2_comp8+3_A_7_13_2_comp9+3_A_7_13_2_comp10+3_A_7_13_2_comp11+3_A_7_13_2_comp12,R_3_A_7_13_2,TCDB,TCDB.3_A_7_13_2_comp11
G_3_A_7_13_2_comp12,P_3_A_7_13_2_comp1+3_A_7_13_2_comp2+3_A_7_13_2_comp3+3_A_7_13_2_comp4+3_A_7_13_2_comp5+3_A_7_13_2_comp6+3_A_7_13_2_comp7+3_A_7_13_2_comp8+3_A_7_13_2_comp9+3_A_7_13_2_comp10+3_A_7_13_2_comp11+3_A_7_13_2_comp12,R_3_A_7_13_2,TCDB,TCDB.3_A_7_13_2_comp12
G_1_B_6_10_7_comp1,P_1_B_6_10_7_comp1,R_1_B_6_10_7,TCDB,TCDB.1_B_6_10_7_comp1
G_9_B_185_1_3_comp1,P_9_B_185_1_3_comp1,R_9_B_185_1_3,TCDB,TCDB.9_B_185_1_3_comp1
G_1_E_53_2_1_comp1,P_1_E_53_2_1_comp1,R_1_E_53_2_1,TCDB,TCDB.1_E_53_2_1_comp1
G_1_B_6_1_13_comp1,P_1_B_6_1_13_comp1,R_1_B_6_1_13,TCDB,TCDB.1_B_6_1_13_comp1
G_1_B_13_1_6_comp1,P_1_B_13_1_6_comp1,R_1_B_13_1_6,TCDB,TCDB.1_B_13_1_6_comp1
G_1_A_8_14_2_comp1,P_1_A_8_14_2_comp1,R_1_A_8_14_2,TCDB,TCDB.1_A_8_14_2_comp1
G_1_C_37_1_4_comp1,P_1_C_37_1_4_comp1,R_1_C_37_1_4,TCDB,TCDB.1_C_37_1_4_comp1
G_8_A_146_2_1_comp1,P_8_A_146_2_1_comp1,R_8_A_146_2_1,TCDB,TCDB.8_A_146_2_1_comp1
G_8_A_231_1_1_comp1,P_8_A_231_1_1_comp1,R_8_A_231_1_1,TCDB,TCDB.8_A_231_1_1_comp1
G_1_C_135_1_2_comp1,P_1_C_135_1_2_comp1,R_1_C_135_1_2,TCDB,TCDB.1_C_135_1_2_comp1
G_1_E_1_1_9_comp1,P_1_E_1_1_9_comp1,R_1_E_1_1_9,TCDB,TCDB.1_E_1_1_9_comp1
G_9_B_424_1_3_comp1,P_9_B_424_1_3_comp1,R_9_B_424_1_3,TCDB,TCDB.9_B_424_1_3_comp1
G_9_B_422_1_7_comp1,P_9_B_422_1_7_comp1,R_9_B_422_1_7,TCDB,TCDB.9_B_422_1_7_comp1
G_9_B_101_3_1_comp1,P_9_B_101_3_1_comp1,R_9_B_101_3_1,TCDB,TCDB.9_B_101_3_1_comp1
G_9_B_250_1_2_comp1,P_9_B_250_1_2_comp1,R_9_B_250_1_2,TCDB,TCDB.9_B_250_1_2_comp1
G_9_A_34_1_10_comp1,P_9_A_34_1_10_comp1,R_9_A_34_1_10,TCDB,TCDB.9_A_34_1_10_comp1
G_1_M_1_3_10_comp1,P_1_M_1_3_10_comp1,R_1_M_1_3_10,TCDB,TCDB.1_M_1_3_10_comp1
G_9_B_142_16_7_comp1,P_9_B_142_16_7_comp1,R_9_B_142_16_7,TCDB,TCDB.9_B_142_16_7_comp1
G_9_B_2_1_23_comp1,P_9_B_2_1_23_comp1,R_9_B_2_1_23,TCDB,TCDB.9_B_2_1_23_comp1
G_1_E_42_1_5_comp1,P_1_E_42_1_5_comp1,R_1_E_42_1_5,TCDB,TCDB.1_E_42_1_5_comp1
G_8_A_198_1_2_comp1,P_8_A_198_1_2_comp1,R_8_A_198_1_2,TCDB,TCDB.8_A_198_1_2_comp1
G_1_A_4_4_3_comp1,P_1_A_4_4_3_comp1,R_1_A_4_4_3,TCDB,TCDB.1_A_4_4_3_comp1
G_1_M_3_2_3_comp1,P_1_M_3_2_3_comp1,R_1_M_3_2_3,TCDB,TCDB.1_M_3_2_3_comp1
G_2_A_102_5_3_comp1,P_2_A_102_5_3_comp1,R_2_A_102_5_3,TCDB,TCDB.2_A_102_5_3_comp1
G_1_B_21_2_5_comp1,P_1_B_21_2_5_comp1,R_1_B_21_2_5,TCDB,TCDB.1_B_21_2_5_comp1
G_9_B_417_1_3_comp1,P_9_B_417_1_3_comp1,R_9_B_417_1_3,TCDB,TCDB.9_B_417_1_3_comp1
G_2_A_85_8_4_comp1,P_2_A_85_8_4_comp1,R_2_A_85_8_4,TCDB,TCDB.2_A_85_8_4_comp1
G_1_E_11_2_4_comp1,P_1_E_11_2_4_comp1,R_1_E_11_2_4,TCDB,TCDB.1_E_11_2_4_comp1
G_3_E_1_5_2_comp1,P_3_E_1_5_2_comp1,R_3_E_1_5_2,TCDB,TCDB.3_E_1_5_2_comp1
G_1_E_65_1_1_comp1,P_1_E_65_1_1_comp1,R_1_E_65_1_1,TCDB,TCDB.1_E_65_1_1_comp1
G_8_A_195_1_5_comp1,P_8_A_195_1_5_comp1,R_8_A_195_1_5,TCDB,TCDB.8_A_195_1_5_comp1
G_2_A_134_1_6_comp1,P_2_A_134_1_6_comp1,R_2_A_134_1_6,TCDB,TCDB.2_A_134_1_6_comp1
G_1_H_3_3_6_comp1,P_1_H_3_3_6_comp1,R_1_H_3_3_6,TCDB,TCDB.1_H_3_3_6_comp1
G_1_H_2_3_1_comp1,P_1_H_2_3_1_comp1,R_1_H_2_3_1,TCDB,TCDB.1_H_2_3_1_comp1
G_1_B_1_8_4_comp1,P_1_B_1_8_4_comp1,R_1_B_1_8_4,TCDB,TCDB.1_B_1_8_4_comp1
G_1_A_9_9_2_comp1,P_1_A_9_9_2_comp1,R_1_A_9_9_2,TCDB,TCDB.1_A_9_9_2_comp1
G_1_A_131_1_7_comp1,P_1_A_131_1_7_comp1,R_1_A_131_1_7,TCDB,TCDB.1_A_131_1_7_comp1
G_1_A_131_1_6_comp1,P_1_A_131_1_6_comp1,R_1_A_131_1_6,TCDB,TCDB.1_A_131_1_6_comp1
G_9_B_34_1_9_comp1,P_9_B_34_1_9_comp1,R_9_B_34_1_9,TCDB,TCDB.9_B_34_1_9_comp1
G_9_B_36_14_3_comp1,P_9_B_36_14_3_comp1,R_9_B_36_14_3,TCDB,TCDB.9_B_36_14_3_comp1
G_9_B_143_4_7_comp1,P_9_B_143_4_7_comp1,R_9_B_143_4_7,TCDB,TCDB.9_B_143_4_7_comp1
G_1_A_133_1_5_comp1,P_1_A_133_1_5_comp1,R_1_A_133_1_5,TCDB,TCDB.1_A_133_1_5_comp1
G_1_C_26_1_2_comp1,P_1_C_26_1_2_comp1,R_1_C_26_1_2,TCDB,TCDB.1_C_26_1_2_comp1
G_2_A_1_87_1_comp1,P_2_A_1_87_1_comp1,R_2_A_1_87_1,TCDB,TCDB.2_A_1_87_1_comp1
G_1_A_30_6_4_comp1,P_1_A_30_6_4_comp1+1_A_30_6_4_comp2,R_1_A_30_6_4,TCDB,TCDB.1_A_30_6_4_comp1
G_1_A_30_6_4_comp2,P_1_A_30_6_4_comp1+1_A_30_6_4_comp2,R_1_A_30_6_4,TCDB,TCDB.1_A_30_6_4_comp2
G_1_C_133_2_4_comp1,P_1_C_133_2_4_comp1,R_1_C_133_2_4,TCDB,TCDB.1_C_133_2_4_comp1
G_1_E_20_1_6_comp1,P_1_E_20_1_6_comp1,R_1_E_20_1_6,TCDB,TCDB.1_E_20_1_6_comp1
G_9_B_311_1_25_comp1,P_9_B_311_1_25_comp1,R_9_B_311_1_25,TCDB,TCDB.9_B_311_1_25_comp1
G_2_A_50_4_8_comp1,P_2_A_50_4_8_comp1,R_2_A_50_4_8,TCDB,TCDB.2_A_50_4_8_comp1
G_9_B_311_1_26_comp1,P_9_B_311_1_26_comp1,R_9_B_311_1_26,TCDB,TCDB.9_B_311_1_26_comp1
G_9_B_311_1_21_comp1,P_9_B_311_1_21_comp1,R_9_B_311_1_21,TCDB,TCDB.9_B_311_1_21_comp1
G_1_A_30_6_7_comp1,P_1_A_30_6_7_comp1,R_1_A_30_6_7,TCDB,TCDB.1_A_30_6_7_comp1
G_8_A_221_1_8_comp1,P_8_A_221_1_8_comp1,R_8_A_221_1_8,TCDB,TCDB.8_A_221_1_8_comp1
G_8_A_160_1_2_comp1,P_8_A_160_1_2_comp1,R_8_A_160_1_2,TCDB,TCDB.8_A_160_1_2_comp1
G_9_B_247_1_9_comp1,P_9_B_247_1_9_comp1,R_9_B_247_1_9,TCDB,TCDB.9_B_247_1_9_comp1
G_9_B_313_1_4_comp1,P_9_B_313_1_4_comp1,R_9_B_313_1_4,TCDB,TCDB.9_B_313_1_4_comp1
G_1_C_104_2_3_comp1,P_1_C_104_2_3_comp1,R_1_C_104_2_3,TCDB,TCDB.1_C_104_2_3_comp1
G_9_B_314_1_2_comp1,P_9_B_314_1_2_comp1,R_9_B_314_1_2,TCDB,TCDB.9_B_314_1_2_comp1
G_8_A_137_1_3_comp1,P_8_A_137_1_3_comp1,R_8_A_137_1_3,TCDB,TCDB.8_A_137_1_3_comp1
G_1_A_10_1_29_comp1,P_1_A_10_1_29_comp1,R_1_A_10_1_29,TCDB,TCDB.1_A_10_1_29_comp1
G_1_C_64_1_4_comp1,P_1_C_64_1_4_comp1,R_1_C_64_1_4,TCDB,TCDB.1_C_64_1_4_comp1
G_9_B_221_1_12_comp1,P_9_B_221_1_12_comp1,R_9_B_221_1_12,TCDB,TCDB.9_B_221_1_12_comp1
G_8_A_128_5_5_comp1,P_8_A_128_5_5_comp1,R_8_A_128_5_5,TCDB,TCDB.8_A_128_5_5_comp1
G_3_A_1_128_10_comp1,P_3_A_1_128_10_comp1+3_A_1_128_10_comp2,R_3_A_1_128_10,TCDB,TCDB.3_A_1_128_10_comp1
G_3_A_1_128_10_comp2,P_3_A_1_128_10_comp1+3_A_1_128_10_comp2,R_3_A_1_128_10,TCDB,TCDB.3_A_1_128_10_comp2
G_9_B_2_13_1_comp1,P_9_B_2_13_1_comp1,R_9_B_2_13_1,TCDB,TCDB.9_B_2_13_1_comp1
G_1_C_133_1_4_comp1,P_1_C_133_1_4_comp1,R_1_C_133_1_4,TCDB,TCDB.1_C_133_1_4_comp1
G_9_B_392_3_3_comp1,P_9_B_392_3_3_comp1,R_9_B_392_3_3,TCDB,TCDB.9_B_392_3_3_comp1
G_2_A_66_1_63_comp1,P_2_A_66_1_63_comp1,R_2_A_66_1_63,TCDB,TCDB.2_A_66_1_63_comp1
G_8_A_80_2_1_comp1,P_8_A_80_2_1_comp1,R_8_A_80_2_1,TCDB,TCDB.8_A_80_2_1_comp1
G_1_A_30_6_3_comp1,P_1_A_30_6_3_comp1+1_A_30_6_3_comp2,R_1_A_30_6_3,TCDB,TCDB.1_A_30_6_3_comp1
G_1_A_30_6_3_comp2,P_1_A_30_6_3_comp1+1_A_30_6_3_comp2,R_1_A_30_6_3,TCDB,TCDB.1_A_30_6_3_comp2
G_3_A_1_204_35_comp1,P_3_A_1_204_35_comp1,R_3_A_1_204_35,TCDB,TCDB.3_A_1_204_35_comp1
G_3_A_1_204_32_comp1,P_3_A_1_204_32_comp1,R_3_A_1_204_32,TCDB,TCDB.3_A_1_204_32_comp1
G_3_A_1_143_3_comp1,P_3_A_1_143_3_comp1+3_A_1_143_3_comp2,R_3_A_1_143_3,TCDB,TCDB.3_A_1_143_3_comp1
G_3_A_1_143_3_comp2,P_3_A_1_143_3_comp1+3_A_1_143_3_comp2,R_3_A_1_143_3,TCDB,TCDB.3_A_1_143_3_comp2
G_9_A_14_24_2_comp1,P_9_A_14_24_2_comp1,R_9_A_14_24_2,TCDB,TCDB.9_A_14_24_2_comp1
G_1_H_3_3_4_comp1,P_1_H_3_3_4_comp1,R_1_H_3_3_4,TCDB,TCDB.1_H_3_3_4_comp1
G_8_A_218_1_5_comp1,P_8_A_218_1_5_comp1,R_8_A_218_1_5,TCDB,TCDB.8_A_218_1_5_comp1
G_1_C_64_1_3_comp1,P_1_C_64_1_3_comp1,R_1_C_64_1_3,TCDB,TCDB.1_C_64_1_3_comp1
G_2_A_85_12_4_comp1,P_2_A_85_12_4_comp1,R_2_A_85_12_4,TCDB,TCDB.2_A_85_12_4_comp1
G_1_H_3_1_13_comp1,P_1_H_3_1_13_comp1,R_1_H_3_1_13,TCDB,TCDB.1_H_3_1_13_comp1
G_1_H_3_1_10_comp1,P_1_H_3_1_10_comp1,R_1_H_3_1_10,TCDB,TCDB.1_H_3_1_10_comp1
G_1_A_138_1_4_comp1,P_1_A_138_1_4_comp1,R_1_A_138_1_4,TCDB,TCDB.1_A_138_1_4_comp1
G_9_B_204_1_6_comp1,P_9_B_204_1_6_comp1,R_9_B_204_1_6,TCDB,TCDB.9_B_204_1_6_comp1
G_2_A_96_1_10_comp1,P_2_A_96_1_10_comp1,R_2_A_96_1_10,TCDB,TCDB.2_A_96_1_10_comp1
G_1_H_3_1_7_comp1,P_1_H_3_1_7_comp1,R_1_H_3_1_7,TCDB,TCDB.1_H_3_1_7_comp1
G_9_B_28_5_2_comp1,P_9_B_28_5_2_comp1,R_9_B_28_5_2,TCDB,TCDB.9_B_28_5_2_comp1
G_9_B_249_1_3_comp1,P_9_B_249_1_3_comp1,R_9_B_249_1_3,TCDB,TCDB.9_B_249_1_3_comp1
G_1_C_133_2_3_comp1,P_1_C_133_2_3_comp1,R_1_C_133_2_3,TCDB,TCDB.1_C_133_2_3_comp1
G_3_A_1_156_4_comp1,P_3_A_1_156_4_comp1+3_A_1_156_4_comp2,R_3_A_1_156_4,TCDB,TCDB.3_A_1_156_4_comp1
G_3_A_1_156_4_comp2,P_3_A_1_156_4_comp1+3_A_1_156_4_comp2,R_3_A_1_156_4,TCDB,TCDB.3_A_1_156_4_comp2
G_1_W_2_1_12_comp1,P_1_W_2_1_12_comp1,R_1_W_2_1_12,TCDB,TCDB.1_W_2_1_12_comp1
G_5_B_2_3_3_comp1,P_5_B_2_3_3_comp1,R_5_B_2_3_3,TCDB,TCDB.5_B_2_3_3_comp1
G_1_C_133_2_2_comp1,P_1_C_133_2_2_comp1,R_1_C_133_2_2,TCDB,TCDB.1_C_133_2_2_comp1
G_1_E_18_1_11_comp1,P_1_E_18_1_11_comp1,R_1_E_18_1_11,TCDB,TCDB.1_E_18_1_11_comp1
G_9_B_358_1_6_comp1,P_9_B_358_1_6_comp1,R_9_B_358_1_6,TCDB,TCDB.9_B_358_1_6_comp1
G_1_W_5_1_5_comp1,P_1_W_5_1_5_comp1,R_1_W_5_1_5,TCDB,TCDB.1_W_5_1_5_comp1
G_1_A_1_2_30_comp1,P_1_A_1_2_30_comp1,R_1_A_1_2_30,TCDB,TCDB.1_A_1_2_30_comp1
G_9_B_151_3_1_comp1,P_9_B_151_3_1_comp1,R_9_B_151_3_1,TCDB,TCDB.9_B_151_3_1_comp1
G_1_E_42_1_6_comp1,P_1_E_42_1_6_comp1,R_1_E_42_1_6,TCDB,TCDB.1_E_42_1_6_comp1
G_1_A_9_9_3_comp1,P_1_A_9_9_3_comp1,R_1_A_9_9_3,TCDB,TCDB.1_A_9_9_3_comp1
G_4_A_7_1_6_comp1,P_4_A_7_1_6_comp1+4_A_7_1_6_comp2,R_4_A_7_1_6,TCDB,TCDB.4_A_7_1_6_comp1
G_4_A_7_1_6_comp2,P_4_A_7_1_6_comp1+4_A_7_1_6_comp2,R_4_A_7_1_6,TCDB,TCDB.4_A_7_1_6_comp2
G_1_A_112_1_7_comp1,P_1_A_112_1_7_comp1,R_1_A_112_1_7,TCDB,TCDB.1_A_112_1_7_comp1
G_9_B_142_20_3_comp1,P_9_B_142_20_3_comp1,R_9_B_142_20_3,TCDB,TCDB.9_B_142_20_3_comp1
G_1_C_4_7_3_comp1,P_1_C_4_7_3_comp1,R_1_C_4_7_3,TCDB,TCDB.1_C_4_7_3_comp1
G_2_A_121_2_7_comp1,P_2_A_121_2_7_comp1,R_2_A_121_2_7,TCDB,TCDB.2_A_121_2_7_comp1
G_2_A_29_2_15_comp1,P_2_A_29_2_15_comp1,R_2_A_29_2_15,TCDB,TCDB.2_A_29_2_15_comp1
G_2_A_29_32_2_comp1,P_2_A_29_32_2_comp1,R_2_A_29_32_2,TCDB,TCDB.2_A_29_32_2_comp1
G_8_A_188_1_8_comp1,P_8_A_188_1_8_comp1,R_8_A_188_1_8,TCDB,TCDB.8_A_188_1_8_comp1
G_8_A_183_1_6_comp1,P_8_A_183_1_6_comp1,R_8_A_183_1_6,TCDB,TCDB.8_A_183_1_6_comp1
G_1_A_75_1_22_comp1,P_1_A_75_1_22_comp1,R_1_A_75_1_22,TCDB,TCDB.1_A_75_1_22_comp1
G_8_A_137_1_5_comp1,P_8_A_137_1_5_comp1,R_8_A_137_1_5,TCDB,TCDB.8_A_137_1_5_comp1
G_1_E_11_3_6_comp1,P_1_E_11_3_6_comp1,R_1_E_11_3_6,TCDB,TCDB.1_E_11_3_6_comp1
G_1_C_104_2_2_comp1,P_1_C_104_2_2_comp1,R_1_C_104_2_2,TCDB,TCDB.1_C_104_2_2_comp1
G_8_A_103_1_12_comp1,P_8_A_103_1_12_comp1,R_8_A_103_1_12,TCDB,TCDB.8_A_103_1_12_comp1
G_9_A_14_23_6_comp1,P_9_A_14_23_6_comp1,R_9_A_14_23_6,TCDB,TCDB.9_A_14_23_6_comp1
G_8_A_231_2_5_comp1,P_8_A_231_2_5_comp1,R_8_A_231_2_5,TCDB,TCDB.8_A_231_2_5_comp1
G_8_A_172_1_3_comp1,P_8_A_172_1_3_comp1,R_8_A_172_1_3,TCDB,TCDB.8_A_172_1_3_comp1
G_2_A_1_2_112_comp1,P_2_A_1_2_112_comp1,R_2_A_1_2_112,TCDB,TCDB.2_A_1_2_112_comp1
G_1_B_6_2_5_comp1,P_1_B_6_2_5_comp1,R_1_B_6_2_5,TCDB,TCDB.1_B_6_2_5_comp1
G_2_A_7_3_15_comp1,P_2_A_7_3_15_comp1,R_2_A_7_3_15,TCDB,TCDB.2_A_7_3_15_comp1
G_1_B_1_3_3_comp1,P_1_B_1_3_3_comp1,R_1_B_1_3_3,TCDB,TCDB.1_B_1_3_3_comp1
G_1_E_12_2_1_comp1,P_1_E_12_2_1_comp1,R_1_E_12_2_1,TCDB,TCDB.1_E_12_2_1_comp1
G_9_B_62_2_5_comp1,P_9_B_62_2_5_comp1,R_9_B_62_2_5,TCDB,TCDB.9_B_62_2_5_comp1
G_1_A_77_2_14_comp1,P_1_A_77_2_14_comp1,R_1_A_77_2_14,TCDB,TCDB.1_A_77_2_14_comp1
G_9_B_160_1_5_comp1,P_9_B_160_1_5_comp1,R_9_B_160_1_5,TCDB,TCDB.9_B_160_1_5_comp1
G_2_A_98_1_7_comp1,P_2_A_98_1_7_comp1,R_2_A_98_1_7,TCDB,TCDB.2_A_98_1_7_comp1
G_1_E_54_2_1_comp1,P_1_E_54_2_1_comp1,R_1_E_54_2_1,TCDB,TCDB.1_E_54_2_1_comp1
G_1_B_53_1_2_comp1,P_1_B_53_1_2_comp1,R_1_B_53_1_2,TCDB,TCDB.1_B_53_1_2_comp1
G_9_B_285_1_1_comp1,P_9_B_285_1_1_comp1,R_9_B_285_1_1,TCDB,TCDB.9_B_285_1_1_comp1
G_2_A_42_1_7_comp1,P_2_A_42_1_7_comp1,R_2_A_42_1_7,TCDB,TCDB.2_A_42_1_7_comp1
G_1_A_43_1_7_comp1,P_1_A_43_1_7_comp1,R_1_A_43_1_7,TCDB,TCDB.1_A_43_1_7_comp1
G_9_B_115_1_2_comp1,P_9_B_115_1_2_comp1,R_9_B_115_1_2,TCDB,TCDB.9_B_115_1_2_comp1
G_2_A_109_1_2_comp1,P_2_A_109_1_2_comp1,R_2_A_109_1_2,TCDB,TCDB.2_A_109_1_2_comp1
G_9_B_28_3_1_comp1,P_9_B_28_3_1_comp1,R_9_B_28_3_1,TCDB,TCDB.9_B_28_3_1_comp1
G_1_A_16_3_5_comp1,P_1_A_16_3_5_comp1,R_1_A_16_3_5,TCDB,TCDB.1_A_16_3_5_comp1
G_9_B_116_1_2_comp1,P_9_B_116_1_2_comp1,R_9_B_116_1_2,TCDB,TCDB.9_B_116_1_2_comp1
G_9_B_121_6_3_comp1,P_9_B_121_6_3_comp1,R_9_B_121_6_3,TCDB,TCDB.9_B_121_6_3_comp1
G_1_B_84_1_5_comp1,P_1_B_84_1_5_comp1,R_1_B_84_1_5,TCDB,TCDB.1_B_84_1_5_comp1
G_9_B_153_4_2_comp1,P_9_B_153_4_2_comp1,R_9_B_153_4_2,TCDB,TCDB.9_B_153_4_2_comp1
G_9_B_154_1_2_comp1,P_9_B_154_1_2_comp1,R_9_B_154_1_2,TCDB,TCDB.9_B_154_1_2_comp1
G_1_B_44_2_11_comp1,P_1_B_44_2_11_comp1,R_1_B_44_2_11,TCDB,TCDB.1_B_44_2_11_comp1
G_3_A_1_112_10_comp1,P_3_A_1_112_10_comp1,R_3_A_1_112_10,TCDB,TCDB.3_A_1_112_10_comp1
G_9_B_67_6_4_comp1,P_9_B_67_6_4_comp1,R_9_B_67_6_4,TCDB,TCDB.9_B_67_6_4_comp1
G_9_B_120_1_5_comp1,P_9_B_120_1_5_comp1,R_9_B_120_1_5,TCDB,TCDB.9_B_120_1_5_comp1
G_9_B_65_1_10_comp1,P_9_B_65_1_10_comp1,R_9_B_65_1_10,TCDB,TCDB.9_B_65_1_10_comp1
G_1_B_36_1_3_comp1,P_1_B_36_1_3_comp1,R_1_B_36_1_3,TCDB,TCDB.1_B_36_1_3_comp1
G_1_B_80_2_3_comp1,P_1_B_80_2_3_comp1,R_1_B_80_2_3,TCDB,TCDB.1_B_80_2_3_comp1
G_1_B_81_1_2_comp1,P_1_B_81_1_2_comp1,R_1_B_81_1_2,TCDB,TCDB.1_B_81_1_2_comp1
G_1_B_6_6_11_comp1,P_1_B_6_6_11_comp1,R_1_B_6_6_11,TCDB,TCDB.1_B_6_6_11_comp1
G_1_B_57_4_5_comp1,P_1_B_57_4_5_comp1,R_1_B_57_4_5,TCDB,TCDB.1_B_57_4_5_comp1
G_1_B_72_1_4_comp1,P_1_B_72_1_4_comp1,R_1_B_72_1_4,TCDB,TCDB.1_B_72_1_4_comp1
G_1_E_19_6_1_comp1,P_1_E_19_6_1_comp1,R_1_E_19_6_1,TCDB,TCDB.1_E_19_6_1_comp1
G_1_B_14_17_2_comp1,P_1_B_14_17_2_comp1,R_1_B_14_17_2,TCDB,TCDB.1_B_14_17_2_comp1
G_9_B_155_2_14_comp1,P_9_B_155_2_14_comp1,R_9_B_155_2_14,TCDB,TCDB.9_B_155_2_14_comp1
G_9_B_163_1_7_comp1,P_9_B_163_1_7_comp1,R_9_B_163_1_7,TCDB,TCDB.9_B_163_1_7_comp1
G_3_A_1_18_3_comp1,P_3_A_1_18_3_comp1+3_A_1_18_3_comp2+3_A_1_18_3_comp3,R_3_A_1_18_3,TCDB,TCDB.3_A_1_18_3_comp1
G_3_A_1_18_3_comp2,P_3_A_1_18_3_comp1+3_A_1_18_3_comp2+3_A_1_18_3_comp3,R_3_A_1_18_3,TCDB,TCDB.3_A_1_18_3_comp2
G_3_A_1_18_3_comp3,P_3_A_1_18_3_comp1+3_A_1_18_3_comp2+3_A_1_18_3_comp3,R_3_A_1_18_3,TCDB,TCDB.3_A_1_18_3_comp3
G_1_E_43_2_7_comp1,P_1_E_43_2_7_comp1,R_1_E_43_2_7,TCDB,TCDB.1_E_43_2_7_comp1
G_1_A_78_2_6_comp1,P_1_A_78_2_6_comp1,R_1_A_78_2_6,TCDB,TCDB.1_A_78_2_6_comp1
G_2_A_123_1_25_comp1,P_2_A_123_1_25_comp1,R_2_A_123_1_25,TCDB,TCDB.2_A_123_1_25_comp1
G_1_E_26_2_4_comp1,P_1_E_26_2_4_comp1,R_1_E_26_2_4,TCDB,TCDB.1_E_26_2_4_comp1
G_3_A_1_5_32_comp1,P_3_A_1_5_32_comp1+3_A_1_5_32_comp2+3_A_1_5_32_comp3+3_A_1_5_32_comp4+3_A_1_5_32_comp5+3_A_1_5_32_comp6,R_3_A_1_5_32,TCDB,TCDB.3_A_1_5_32_comp1
G_3_A_1_5_32_comp2,P_3_A_1_5_32_comp1+3_A_1_5_32_comp2+3_A_1_5_32_comp3+3_A_1_5_32_comp4+3_A_1_5_32_comp5+3_A_1_5_32_comp6,R_3_A_1_5_32,TCDB,TCDB.3_A_1_5_32_comp2
G_3_A_1_5_32_comp3,P_3_A_1_5_32_comp1+3_A_1_5_32_comp2+3_A_1_5_32_comp3+3_A_1_5_32_comp4+3_A_1_5_32_comp5+3_A_1_5_32_comp6,R_3_A_1_5_32,TCDB,TCDB.3_A_1_5_32_comp3
G_3_A_1_5_32_comp4,P_3_A_1_5_32_comp1+3_A_1_5_32_comp2+3_A_1_5_32_comp3+3_A_1_5_32_comp4+3_A_1_5_32_comp5+3_A_1_5_32_comp6,R_3_A_1_5_32,TCDB,TCDB.3_A_1_5_32_comp4
G_3_A_1_5_32_comp5,P_3_A_1_5_32_comp1+3_A_1_5_32_comp2+3_A_1_5_32_comp3+3_A_1_5_32_comp4+3_A_1_5_32_comp5+3_A_1_5_32_comp6,R_3_A_1_5_32,TCDB,TCDB.3_A_1_5_32_comp5
G_3_A_1_5_32_comp6,P_3_A_1_5_32_comp1+3_A_1_5_32_comp2+3_A_1_5_32_comp3+3_A_1_5_32_comp4+3_A_1_5_32_comp5+3_A_1_5_32_comp6,R_3_A_1_5_32,TCDB,TCDB.3_A_1_5_32_comp6
G_1_M_1_2_2_comp1,P_1_M_1_2_2_comp1+1_M_1_2_2_comp2,R_1_M_1_2_2,TCDB,TCDB.1_M_1_2_2_comp1
G_1_M_1_2_2_comp2,P_1_M_1_2_2_comp1+1_M_1_2_2_comp2,R_1_M_1_2_2,TCDB,TCDB.1_M_1_2_2_comp2
G_9_B_11_1_2_comp1,P_9_B_11_1_2_comp1,R_9_B_11_1_2,TCDB,TCDB.9_B_11_1_2_comp1
G_1_C_16_2_3_comp1,P_1_C_16_2_3_comp1,R_1_C_16_2_3,TCDB,TCDB.1_C_16_2_3_comp1
G_9_B_215_1_8_comp1,P_9_B_215_1_8_comp1,R_9_B_215_1_8,TCDB,TCDB.9_B_215_1_8_comp1
G_1_A_76_1_7_comp1,P_1_A_76_1_7_comp1+1_A_76_1_7_comp2,R_1_A_76_1_7,TCDB,TCDB.1_A_76_1_7_comp1
G_1_A_76_1_7_comp2,P_1_A_76_1_7_comp1+1_A_76_1_7_comp2,R_1_A_76_1_7,TCDB,TCDB.1_A_76_1_7_comp2
G_3_A_3_10_10_comp1,P_3_A_3_10_10_comp1,R_3_A_3_10_10,TCDB,TCDB.3_A_3_10_10_comp1
G_1_B_8_1_14_comp1,P_1_B_8_1_14_comp1,R_1_B_8_1_14,TCDB,TCDB.1_B_8_1_14_comp1
G_2_A_19_4_13_comp1,P_2_A_19_4_13_comp1,R_2_A_19_4_13,TCDB,TCDB.2_A_19_4_13_comp1
G_1_A_17_3_4_comp1,P_1_A_17_3_4_comp1,R_1_A_17_3_4,TCDB,TCDB.1_A_17_3_4_comp1
G_2_A_90_3_1_comp1,P_2_A_90_3_1_comp1,R_2_A_90_3_1,TCDB,TCDB.2_A_90_3_1_comp1
G_2_A_105_1_10_comp1,P_2_A_105_1_10_comp1,R_2_A_105_1_10,TCDB,TCDB.2_A_105_1_10_comp1
G_9_B_104_1_3_comp1,P_9_B_104_1_3_comp1,R_9_B_104_1_3,TCDB,TCDB.9_B_104_1_3_comp1
G_9_B_26_1_2_comp1,P_9_B_26_1_2_comp1,R_9_B_26_1_2,TCDB,TCDB.9_B_26_1_2_comp1
G_2_A_1_2_50_comp1,P_2_A_1_2_50_comp1,R_2_A_1_2_50,TCDB,TCDB.2_A_1_2_50_comp1
G_1_E_6_2_1_comp1,P_1_E_6_2_1_comp1,R_1_E_6_2_1,TCDB,TCDB.1_E_6_2_1_comp1
G_1_M_1_3_6_comp1,P_1_M_1_3_6_comp1+1_M_1_3_6_comp2,R_1_M_1_3_6,TCDB,TCDB.1_M_1_3_6_comp1
G_1_M_1_3_6_comp2,P_1_M_1_3_6_comp1+1_M_1_3_6_comp2,R_1_M_1_3_6,TCDB,TCDB.1_M_1_3_6_comp2
G_1_C_52_1_22_comp1,P_1_C_52_1_22_comp1,R_1_C_52_1_22,TCDB,TCDB.1_C_52_1_22_comp1
G_1_E_57_2_1_comp1,P_1_E_57_2_1_comp1,R_1_E_57_2_1,TCDB,TCDB.1_E_57_2_1_comp1
G_1_A_57_1_2_comp1,P_1_A_57_1_2_comp1,R_1_A_57_1_2,TCDB,TCDB.1_A_57_1_2_comp1
G_1_B_12_13_3_comp1,P_1_B_12_13_3_comp1,R_1_B_12_13_3,TCDB,TCDB.1_B_12_13_3_comp1
G_8_B_7_1_4_comp1,P_8_B_7_1_4_comp1,R_8_B_7_1_4,TCDB,TCDB.8_B_7_1_4_comp1
G_1_E_6_1_2_comp1,P_1_E_6_1_2_comp1,R_1_E_6_1_2,TCDB,TCDB.1_E_6_1_2_comp1
G_1_A_57_1_4_comp1,P_1_A_57_1_4_comp1,R_1_A_57_1_4,TCDB,TCDB.1_A_57_1_4_comp1
G_1_A_94_1_3_comp1,P_1_A_94_1_3_comp1,R_1_A_94_1_3,TCDB,TCDB.1_A_94_1_3_comp1
G_1_A_75_1_7_comp1,P_1_A_75_1_7_comp1,R_1_A_75_1_7,TCDB,TCDB.1_A_75_1_7_comp1
G_1_A_9_1_11_comp1,P_1_A_9_1_11_comp1,R_1_A_9_1_11,TCDB,TCDB.1_A_9_1_11_comp1
G_8_A_93_1_2_comp1,P_8_A_93_1_2_comp1,R_8_A_93_1_2,TCDB,TCDB.8_A_93_1_2_comp1
G_2_A_60_1_26_comp1,P_2_A_60_1_26_comp1,R_2_A_60_1_26,TCDB,TCDB.2_A_60_1_26_comp1
G_1_A_13_1_8_comp1,P_1_A_13_1_8_comp1,R_1_A_13_1_8,TCDB,TCDB.1_A_13_1_8_comp1
G_1_A_17_5_2_comp1,P_1_A_17_5_2_comp1,R_1_A_17_5_2,TCDB,TCDB.1_A_17_5_2_comp1
G_9_A_14_13_11_comp1,P_9_A_14_13_11_comp1,R_9_A_14_13_11,TCDB,TCDB.9_A_14_13_11_comp1
G_3_A_1_105_10_comp1,P_3_A_1_105_10_comp1,R_3_A_1_105_10,TCDB,TCDB.3_A_1_105_10_comp1
G_1_A_1_11_36_comp1,P_1_A_1_11_36_comp1,R_1_A_1_11_36,TCDB,TCDB.1_A_1_11_36_comp1
G_8_A_68_1_8_comp1,P_8_A_68_1_8_comp1,R_8_A_68_1_8,TCDB,TCDB.8_A_68_1_8_comp1
G_2_A_3_8_29_comp1,P_2_A_3_8_29_comp1,R_2_A_3_8_29,TCDB,TCDB.2_A_3_8_29_comp1
G_3_A_1_203_15_comp1,P_3_A_1_203_15_comp1,R_3_A_1_203_15,TCDB,TCDB.3_A_1_203_15_comp1
G_9_A_14_16_3_comp1,P_9_A_14_16_3_comp1,R_9_A_14_16_3,TCDB,TCDB.9_A_14_16_3_comp1
G_1_A_11_4_7_comp1,P_1_A_11_4_7_comp1,R_1_A_11_4_7,TCDB,TCDB.1_A_11_4_7_comp1
G_1_E_18_1_6_comp1,P_1_E_18_1_6_comp1,R_1_E_18_1_6,TCDB,TCDB.1_E_18_1_6_comp1
G_9_B_162_1_1_comp1,P_9_B_162_1_1_comp1,R_9_B_162_1_1,TCDB,TCDB.9_B_162_1_1_comp1
G_1_B_6_2_8_comp1,P_1_B_6_2_8_comp1,R_1_B_6_2_8,TCDB,TCDB.1_B_6_2_8_comp1
G_2_A_66_10_1_comp1,P_2_A_66_10_1_comp1,R_2_A_66_10_1,TCDB,TCDB.2_A_66_10_1_comp1
G_9_B_149_1_4_comp1,P_9_B_149_1_4_comp1,R_9_B_149_1_4,TCDB,TCDB.9_B_149_1_4_comp1
G_2_A_1_82_1_comp1,P_2_A_1_82_1_comp1,R_2_A_1_82_1,TCDB,TCDB.2_A_1_82_1_comp1
G_1_B_47_1_3_comp1,P_1_B_47_1_3_comp1,R_1_B_47_1_3,TCDB,TCDB.1_B_47_1_3_comp1
G_1_E_31_3_2_comp1,P_1_E_31_3_2_comp1,R_1_E_31_3_2,TCDB,TCDB.1_E_31_3_2_comp1
G_9_B_29_2_2_comp1,P_9_B_29_2_2_comp1,R_9_B_29_2_2,TCDB,TCDB.9_B_29_2_2_comp1
G_9_B_139_1_5_comp1,P_9_B_139_1_5_comp1,R_9_B_139_1_5,TCDB,TCDB.9_B_139_1_5_comp1
G_2_A_3_7_6_comp1,P_2_A_3_7_6_comp1,R_2_A_3_7_6,TCDB,TCDB.2_A_3_7_6_comp1
G_2_A_26_1_9_comp1,P_2_A_26_1_9_comp1,R_2_A_26_1_9,TCDB,TCDB.2_A_26_1_9_comp1
G_2_A_3_7_7_comp1,P_2_A_3_7_7_comp1,R_2_A_3_7_7,TCDB,TCDB.2_A_3_7_7_comp1
G_2_A_3_2_10_comp1,P_2_A_3_2_10_comp1,R_2_A_3_2_10,TCDB,TCDB.2_A_3_2_10_comp1
G_2_A_3_2_11_comp1,P_2_A_3_2_11_comp1,R_2_A_3_2_11,TCDB,TCDB.2_A_3_2_11_comp1
G_3_A_1_134_10_comp1,P_3_A_1_134_10_comp1+3_A_1_134_10_comp2,R_3_A_1_134_10,TCDB,TCDB.3_A_1_134_10_comp1
G_3_A_1_134_10_comp2,P_3_A_1_134_10_comp1+3_A_1_134_10_comp2,R_3_A_1_134_10,TCDB,TCDB.3_A_1_134_10_comp2
G_2_A_3_1_22_comp1,P_2_A_3_1_22_comp1,R_2_A_3_1_22,TCDB,TCDB.2_A_3_1_22_comp1
G_2_A_3_1_20_comp1,P_2_A_3_1_20_comp1,R_2_A_3_1_20,TCDB,TCDB.2_A_3_1_20_comp1
G_2_A_3_1_21_comp1,P_2_A_3_1_21_comp1,R_2_A_3_1_21,TCDB,TCDB.2_A_3_1_21_comp1
G_9_B_8_2_9_comp1,P_9_B_8_2_9_comp1,R_9_B_8_2_9,TCDB,TCDB.9_B_8_2_9_comp1
G_1_B_81_1_13_comp1,P_1_B_81_1_13_comp1,R_1_B_81_1_13,TCDB,TCDB.1_B_81_1_13_comp1
G_1_C_56_1_4_comp1,P_1_C_56_1_4_comp1,R_1_C_56_1_4,TCDB,TCDB.1_C_56_1_4_comp1
G_4_D_2_1_6_comp1,P_4_D_2_1_6_comp1,R_4_D_2_1_6,TCDB,TCDB.4_D_2_1_6_comp1
G_4_D_2_1_3_comp1,P_4_D_2_1_3_comp1,R_4_D_2_1_3,TCDB,TCDB.4_D_2_1_3_comp1
G_1_A_77_2_10_comp1,P_1_A_77_2_10_comp1,R_1_A_77_2_10,TCDB,TCDB.1_A_77_2_10_comp1
G_9_B_120_1_4_comp1,P_9_B_120_1_4_comp1,R_9_B_120_1_4,TCDB,TCDB.9_B_120_1_4_comp1
G_2_A_115_2_3_comp1,P_2_A_115_2_3_comp1,R_2_A_115_2_3,TCDB,TCDB.2_A_115_2_3_comp1
G_9_B_158_1_3_comp1,P_9_B_158_1_3_comp1,R_9_B_158_1_3,TCDB,TCDB.9_B_158_1_3_comp1
G_3_A_3_4_3_comp1,P_3_A_3_4_3_comp1,R_3_A_3_4_3,TCDB,TCDB.3_A_3_4_3_comp1
G_9_A_24_4_3_comp1,P_9_A_24_4_3_comp1,R_9_A_24_4_3,TCDB,TCDB.9_A_24_4_3_comp1
G_2_A_1_28_3_comp1,P_2_A_1_28_3_comp1,R_2_A_1_28_3,TCDB,TCDB.2_A_1_28_3_comp1
G_2_A_7_40_1_comp1,P_2_A_7_40_1_comp1,R_2_A_7_40_1,TCDB,TCDB.2_A_7_40_1_comp1
G_2_A_88_8_7_comp1,P_2_A_88_8_7_comp1,R_2_A_88_8_7,TCDB,TCDB.2_A_88_8_7_comp1
G_2_A_66_1_40_comp1,P_2_A_66_1_40_comp1,R_2_A_66_1_40,TCDB,TCDB.2_A_66_1_40_comp1
G_1_B_1_8_2_comp1,P_1_B_1_8_2_comp1,R_1_B_1_8_2,TCDB,TCDB.1_B_1_8_2_comp1
G_1_B_45_1_3_comp1,P_1_B_45_1_3_comp1,R_1_B_45_1_3,TCDB,TCDB.1_B_45_1_3_comp1
G_1_B_9_2_4_comp1,P_1_B_9_2_4_comp1,R_1_B_9_2_4,TCDB,TCDB.1_B_9_2_4_comp1
G_2_A_7_24_7_comp1,P_2_A_7_24_7_comp1,R_2_A_7_24_7,TCDB,TCDB.2_A_7_24_7_comp1
G_2_A_29_18_5_comp1,P_2_A_29_18_5_comp1,R_2_A_29_18_5,TCDB,TCDB.2_A_29_18_5_comp1
G_1_A_8_6_3_comp1,P_1_A_8_6_3_comp1,R_1_A_8_6_3,TCDB,TCDB.1_A_8_6_3_comp1
G_9_B_226_1_6_comp1,P_9_B_226_1_6_comp1,R_9_B_226_1_6,TCDB,TCDB.9_B_226_1_6_comp1
G_9_B_227_1_4_comp1,P_9_B_227_1_4_comp1,R_9_B_227_1_4,TCDB,TCDB.9_B_227_1_4_comp1
G_3_A_1_212_3_comp1,P_3_A_1_212_3_comp1,R_3_A_1_212_3,TCDB,TCDB.3_A_1_212_3_comp1
G_3_A_1_205_32_comp1,P_3_A_1_205_32_comp1,R_3_A_1_205_32,TCDB,TCDB.3_A_1_205_32_comp1
G_3_A_1_205_27_comp1,P_3_A_1_205_27_comp1,R_3_A_1_205_27,TCDB,TCDB.3_A_1_205_27_comp1
G_1_C_97_2_1_comp1,P_1_C_97_2_1_comp1,R_1_C_97_2_1,TCDB,TCDB.1_C_97_2_1_comp1
G_8_A_45_2_2_comp1,P_8_A_45_2_2_comp1,R_8_A_45_2_2,TCDB,TCDB.8_A_45_2_2_comp1
G_1_A_17_4_3_comp1,P_1_A_17_4_3_comp1,R_1_A_17_4_3,TCDB,TCDB.1_A_17_4_3_comp1
G_1_A_78_1_3_comp1,P_1_A_78_1_3_comp1,R_1_A_78_1_3,TCDB,TCDB.1_A_78_1_3_comp1
G_1_A_55_2_3_comp1,P_1_A_55_2_3_comp1,R_1_A_55_2_3,TCDB,TCDB.1_A_55_2_3_comp1
G_1_A_17_1_7_comp1,P_1_A_17_1_7_comp1,R_1_A_17_1_7,TCDB,TCDB.1_A_17_1_7_comp1
G_8_A_73_1_6_comp1,P_8_A_73_1_6_comp1,R_8_A_73_1_6,TCDB,TCDB.8_A_73_1_6_comp1
G_2_A_1_60_3_comp1,P_2_A_1_60_3_comp1,R_2_A_1_60_3,TCDB,TCDB.2_A_1_60_3_comp1
G_1_C_35_1_5_comp1,P_1_C_35_1_5_comp1,R_1_C_35_1_5,TCDB,TCDB.1_C_35_1_5_comp1
G_3_E_1_6_13_comp1,P_3_E_1_6_13_comp1,R_3_E_1_6_13,TCDB,TCDB.3_E_1_6_13_comp1
G_1_A_8_8_11_comp1,P_1_A_8_8_11_comp1,R_1_A_8_8_11,TCDB,TCDB.1_A_8_8_11_comp1
G_2_A_1_14_26_comp1,P_2_A_1_14_26_comp1,R_2_A_1_14_26,TCDB,TCDB.2_A_1_14_26_comp1
G_3_A_31_1_3_comp1,P_3_A_31_1_3_comp1+3_A_31_1_3_comp2+3_A_31_1_3_comp3+3_A_31_1_3_comp4+3_A_31_1_3_comp5+3_A_31_1_3_comp6,R_3_A_31_1_3,TCDB,TCDB.3_A_31_1_3_comp1
G_3_A_31_1_3_comp2,P_3_A_31_1_3_comp1+3_A_31_1_3_comp2+3_A_31_1_3_comp3+3_A_31_1_3_comp4+3_A_31_1_3_comp5+3_A_31_1_3_comp6,R_3_A_31_1_3,TCDB,TCDB.3_A_31_1_3_comp2
G_3_A_31_1_3_comp3,P_3_A_31_1_3_comp1+3_A_31_1_3_comp2+3_A_31_1_3_comp3+3_A_31_1_3_comp4+3_A_31_1_3_comp5+3_A_31_1_3_comp6,R_3_A_31_1_3,TCDB,TCDB.3_A_31_1_3_comp3
G_3_A_31_1_3_comp4,P_3_A_31_1_3_comp1+3_A_31_1_3_comp2+3_A_31_1_3_comp3+3_A_31_1_3_comp4+3_A_31_1_3_comp5+3_A_31_1_3_comp6,R_3_A_31_1_3,TCDB,TCDB.3_A_31_1_3_comp4
G_3_A_31_1_3_comp5,P_3_A_31_1_3_comp1+3_A_31_1_3_comp2+3_A_31_1_3_comp3+3_A_31_1_3_comp4+3_A_31_1_3_comp5+3_A_31_1_3_comp6,R_3_A_31_1_3,TCDB,TCDB.3_A_31_1_3_comp5
G_3_A_31_1_3_comp6,P_3_A_31_1_3_comp1+3_A_31_1_3_comp2+3_A_31_1_3_comp3+3_A_31_1_3_comp4+3_A_31_1_3_comp5+3_A_31_1_3_comp6,R_3_A_31_1_3,TCDB,TCDB.3_A_31_1_3_comp6
G_9_B_106_1_3_comp1,P_9_B_106_1_3_comp1,R_9_B_106_1_3,TCDB,TCDB.9_B_106_1_3_comp1
G_1_E_19_1_2_comp1,P_1_E_19_1_2_comp1,R_1_E_19_1_2,TCDB,TCDB.1_E_19_1_2_comp1
G_3_A_1_155_4_comp1,P_3_A_1_155_4_comp1,R_3_A_1_155_4,TCDB,TCDB.3_A_1_155_4_comp1
G_1_E_54_4_2_comp1,P_1_E_54_4_2_comp1,R_1_E_54_4_2,TCDB,TCDB.1_E_54_4_2_comp1
G_1_M_1_3_17_comp1,P_1_M_1_3_17_comp1,R_1_M_1_3_17,TCDB,TCDB.1_M_1_3_17_comp1
G_2_A_1_52_3_comp1,P_2_A_1_52_3_comp1,R_2_A_1_52_3,TCDB,TCDB.2_A_1_52_3_comp1
G_2_A_1_45_2_comp1,P_2_A_1_45_2_comp1,R_2_A_1_45_2,TCDB,TCDB.2_A_1_45_2_comp1
G_2_A_98_1_4_comp1,P_2_A_98_1_4_comp1,R_2_A_98_1_4,TCDB,TCDB.2_A_98_1_4_comp1
G_8_A_46_3_2_comp1,P_8_A_46_3_2_comp1,R_8_A_46_3_2,TCDB,TCDB.8_A_46_3_2_comp1
G_9_B_67_3_3_comp1,P_9_B_67_3_3_comp1,R_9_B_67_3_3,TCDB,TCDB.9_B_67_3_3_comp1
G_1_E_48_1_3_comp1,P_1_E_48_1_3_comp1,R_1_E_48_1_3,TCDB,TCDB.1_E_48_1_3_comp1
G_1_C_39_13_5_comp1,P_1_C_39_13_5_comp1,R_1_C_39_13_5,TCDB,TCDB.1_C_39_13_5_comp1
G_8_A_43_1_2_comp1,P_8_A_43_1_2_comp1,R_8_A_43_1_2,TCDB,TCDB.8_A_43_1_2_comp1
G_9_B_151_1_1_comp1,P_9_B_151_1_1_comp1,R_9_B_151_1_1,TCDB,TCDB.9_B_151_1_1_comp1
G_1_A_9_8_4_comp1,P_1_A_9_8_4_comp1,R_1_A_9_8_4,TCDB,TCDB.1_A_9_8_4_comp1
G_5_A_1_2_11_comp1,P_5_A_1_2_11_comp1,R_5_A_1_2_11,TCDB,TCDB.5_A_1_2_11_comp1
G_2_A_103_1_8_comp1,P_2_A_103_1_8_comp1,R_2_A_103_1_8,TCDB,TCDB.2_A_103_1_8_comp1
G_1_E_28_1_3_comp1,P_1_E_28_1_3_comp1,R_1_E_28_1_3,TCDB,TCDB.1_E_28_1_3_comp1
G_9_B_32_1_4_comp1,P_9_B_32_1_4_comp1,R_9_B_32_1_4,TCDB,TCDB.9_B_32_1_4_comp1
G_9_B_2_1_2_comp1,P_9_B_2_1_2_comp1,R_9_B_2_1_2,TCDB,TCDB.9_B_2_1_2_comp1
G_9_B_227_2_1_comp1,P_9_B_227_2_1_comp1,R_9_B_227_2_1,TCDB,TCDB.9_B_227_2_1_comp1
G_9_B_15_2_5_comp1,P_9_B_15_2_5_comp1,R_9_B_15_2_5,TCDB,TCDB.9_B_15_2_5_comp1
G_5_A_1_2_2_comp1,P_5_A_1_2_2_comp1,R_5_A_1_2_2,TCDB,TCDB.5_A_1_2_2_comp1
G_2_A_20_3_2_comp1,P_2_A_20_3_2_comp1,R_2_A_20_3_2,TCDB,TCDB.2_A_20_3_2_comp1
G_9_B_156_1_4_comp1,P_9_B_156_1_4_comp1,R_9_B_156_1_4,TCDB,TCDB.9_B_156_1_4_comp1
G_3_A_10_3_3_comp1,P_3_A_10_3_3_comp1,R_3_A_10_3_3,TCDB,TCDB.3_A_10_3_3_comp1
G_9_B_169_1_3_comp1,P_9_B_169_1_3_comp1,R_9_B_169_1_3,TCDB,TCDB.9_B_169_1_3_comp1
G_1_B_77_1_10_comp1,P_1_B_77_1_10_comp1,R_1_B_77_1_10,TCDB,TCDB.1_B_77_1_10_comp1
G_1_A_77_5_6_comp1,P_1_A_77_5_6_comp1,R_1_A_77_5_6,TCDB,TCDB.1_A_77_5_6_comp1
G_1_B_6_2_3_comp1,P_1_B_6_2_3_comp1,R_1_B_6_2_3,TCDB,TCDB.1_B_6_2_3_comp1
G_1_B_6_2_4_comp1,P_1_B_6_2_4_comp1,R_1_B_6_2_4,TCDB,TCDB.1_B_6_2_4_comp1
G_9_B_228_1_2_comp1,P_9_B_228_1_2_comp1,R_9_B_228_1_2,TCDB,TCDB.9_B_228_1_2_comp1
G_2_A_29_12_5_comp1,P_2_A_29_12_5_comp1,R_2_A_29_12_5,TCDB,TCDB.2_A_29_12_5_comp1
G_3_A_31_1_2_comp1,P_3_A_31_1_2_comp1+3_A_31_1_2_comp2+3_A_31_1_2_comp3+3_A_31_1_2_comp4+3_A_31_1_2_comp5+3_A_31_1_2_comp6+3_A_31_1_2_comp7+3_A_31_1_2_comp8+3_A_31_1_2_comp9+3_A_31_1_2_comp10+3_A_31_1_2_comp11+3_A_31_1_2_comp12+3_A_31_1_2_comp13+3_A_31_1_2_comp14+3_A_31_1_2_comp15+3_A_31_1_2_comp16+3_A_31_1_2_comp17+3_A_31_1_2_comp18+3_A_31_1_2_comp19+3_A_31_1_2_comp20+3_A_31_1_2_comp21+3_A_31_1_2_comp22+3_A_31_1_2_comp23+3_A_31_1_2_comp24+3_A_31_1_2_comp25,R_3_A_31_1_2,TCDB,TCDB.3_A_31_1_2_comp1
G_3_A_31_1_2_comp2,P_3_A_31_1_2_comp1+3_A_31_1_2_comp2+3_A_31_1_2_comp3+3_A_31_1_2_comp4+3_A_31_1_2_comp5+3_A_31_1_2_comp6+3_A_31_1_2_comp7+3_A_31_1_2_comp8+3_A_31_1_2_comp9+3_A_31_1_2_comp10+3_A_31_1_2_comp11+3_A_31_1_2_comp12+3_A_31_1_2_comp13+3_A_31_1_2_comp14+3_A_31_1_2_comp15+3_A_31_1_2_comp16+3_A_31_1_2_comp17+3_A_31_1_2_comp18+3_A_31_1_2_comp19+3_A_31_1_2_comp20+3_A_31_1_2_comp21+3_A_31_1_2_comp22+3_A_31_1_2_comp23+3_A_31_1_2_comp24+3_A_31_1_2_comp25,R_3_A_31_1_2,TCDB,TCDB.3_A_31_1_2_comp2
G_3_A_31_1_2_comp3,P_3_A_31_1_2_comp1+3_A_31_1_2_comp2+3_A_31_1_2_comp3+3_A_31_1_2_comp4+3_A_31_1_2_comp5+3_A_31_1_2_comp6+3_A_31_1_2_comp7+3_A_31_1_2_comp8+3_A_31_1_2_comp9+3_A_31_1_2_comp10+3_A_31_1_2_comp11+3_A_31_1_2_comp12+3_A_31_1_2_comp13+3_A_31_1_2_comp14+3_A_31_1_2_comp15+3_A_31_1_2_comp16+3_A_31_1_2_comp17+3_A_31_1_2_comp18+3_A_31_1_2_comp19+3_A_31_1_2_comp20+3_A_31_1_2_comp21+3_A_31_1_2_comp22+3_A_31_1_2_comp23+3_A_31_1_2_comp24+3_A_31_1_2_comp25,R_3_A_31_1_2,TCDB,TCDB.3_A_31_1_2_comp3
G_3_A_31_1_2_comp4,P_3_A_31_1_2_comp1+3_A_31_1_2_comp2+3_A_31_1_2_comp3+3_A_31_1_2_comp4+3_A_31_1_2_comp5+3_A_31_1_2_comp6+3_A_31_1_2_comp7+3_A_31_1_2_comp8+3_A_31_1_2_comp9+3_A_31_1_2_comp10+3_A_31_1_2_comp11+3_A_31_1_2_comp12+3_A_31_1_2_comp13+3_A_31_1_2_comp14+3_A_31_1_2_comp15+3_A_31_1_2_comp16+3_A_31_1_2_comp17+3_A_31_1_2_comp18+3_A_31_1_2_comp19+3_A_31_1_2_comp20+3_A_31_1_2_comp21+3_A_31_1_2_comp22+3_A_31_1_2_comp23+3_A_31_1_2_comp24+3_A_31_1_2_comp25,R_3_A_31_1_2,TCDB,TCDB.3_A_31_1_2_comp4
G_3_A_31_1_2_comp5,P_3_A_31_1_2_comp1+3_A_31_1_2_comp2+3_A_31_1_2_comp3+3_A_31_1_2_comp4+3_A_31_1_2_comp5+3_A_31_1_2_comp6+3_A_31_1_2_comp7+3_A_31_1_2_comp8+3_A_31_1_2_comp9+3_A_31_1_2_comp10+3_A_31_1_2_comp11+3_A_31_1_2_comp12+3_A_31_1_2_comp13+3_A_31_1_2_comp14+3_A_31_1_2_comp15+3_A_31_1_2_comp16+3_A_31_1_2_comp17+3_A_31_1_2_comp18+3_A_31_1_2_comp19+3_A_31_1_2_comp20+3_A_31_1_2_comp21+3_A_31_1_2_comp22+3_A_31_1_2_comp23+3_A_31_1_2_comp24+3_A_31_1_2_comp25,R_3_A_31_1_2,TCDB,TCDB.3_A_31_1_2_comp5
G_3_A_31_1_2_comp6,P_3_A_31_1_2_comp1+3_A_31_1_2_comp2+3_A_31_1_2_comp3+3_A_31_1_2_comp4+3_A_31_1_2_comp5+3_A_31_1_2_comp6+3_A_31_1_2_comp7+3_A_31_1_2_comp8+3_A_31_1_2_comp9+3_A_31_1_2_comp10+3_A_31_1_2_comp11+3_A_31_1_2_comp12+3_A_31_1_2_comp13+3_A_31_1_2_comp14+3_A_31_1_2_comp15+3_A_31_1_2_comp16+3_A_31_1_2_comp17+3_A_31_1_2_comp18+3_A_31_1_2_comp19+3_A_31_1_2_comp20+3_A_31_1_2_comp21+3_A_31_1_2_comp22+3_A_31_1_2_comp23+3_A_31_1_2_comp24+3_A_31_1_2_comp25,R_3_A_31_1_2,TCDB,TCDB.3_A_31_1_2_comp6
G_3_A_31_1_2_comp7,P_3_A_31_1_2_comp1+3_A_31_1_2_comp2+3_A_31_1_2_comp3+3_A_31_1_2_comp4+3_A_31_1_2_comp5+3_A_31_1_2_comp6+3_A_31_1_2_comp7+3_A_31_1_2_comp8+3_A_31_1_2_comp9+3_A_31_1_2_comp10+3_A_31_1_2_comp11+3_A_31_1_2_comp12+3_A_31_1_2_comp13+3_A_31_1_2_comp14+3_A_31_1_2_comp15+3_A_31_1_2_comp16+3_A_31_1_2_comp17+3_A_31_1_2_comp18+3_A_31_1_2_comp19+3_A_31_1_2_comp20+3_A_31_1_2_comp21+3_A_31_1_2_comp22+3_A_31_1_2_comp23+3_A_31_1_2_comp24+3_A_31_1_2_comp25,R_3_A_31_1_2,TCDB,TCDB.3_A_31_1_2_comp7
G_3_A_31_1_2_comp8,P_3_A_31_1_2_comp1+3_A_31_1_2_comp2+3_A_31_1_2_comp3+3_A_31_1_2_comp4+3_A_31_1_2_comp5+3_A_31_1_2_comp6+3_A_31_1_2_comp7+3_A_31_1_2_comp8+3_A_31_1_2_comp9+3_A_31_1_2_comp10+3_A_31_1_2_comp11+3_A_31_1_2_comp12+3_A_31_1_2_comp13+3_A_31_1_2_comp14+3_A_31_1_2_comp15+3_A_31_1_2_comp16+3_A_31_1_2_comp17+3_A_31_1_2_comp18+3_A_31_1_2_comp19+3_A_31_1_2_comp20+3_A_31_1_2_comp21+3_A_31_1_2_comp22+3_A_31_1_2_comp23+3_A_31_1_2_comp24+3_A_31_1_2_comp25,R_3_A_31_1_2,TCDB,TCDB.3_A_31_1_2_comp8
G_3_A_31_1_2_comp9,P_3_A_31_1_2_comp1+3_A_31_1_2_comp2+3_A_31_1_2_comp3+3_A_31_1_2_comp4+3_A_31_1_2_comp5+3_A_31_1_2_comp6+3_A_31_1_2_comp7+3_A_31_1_2_comp8+3_A_31_1_2_comp9+3_A_31_1_2_comp10+3_A_31_1_2_comp11+3_A_31_1_2_comp12+3_A_31_1_2_comp13+3_A_31_1_2_comp14+3_A_31_1_2_comp15+3_A_31_1_2_comp16+3_A_31_1_2_comp17+3_A_31_1_2_comp18+3_A_31_1_2_comp19+3_A_31_1_2_comp20+3_A_31_1_2_comp21+3_A_31_1_2_comp22+3_A_31_1_2_comp23+3_A_31_1_2_comp24+3_A_31_1_2_comp25,R_3_A_31_1_2,TCDB,TCDB.3_A_31_1_2_comp9
G_3_A_31_1_2_comp10,P_3_A_31_1_2_comp1+3_A_31_1_2_comp2+3_A_31_1_2_comp3+3_A_31_1_2_comp4+3_A_31_1_2_comp5+3_A_31_1_2_comp6+3_A_31_1_2_comp7+3_A_31_1_2_comp8+3_A_31_1_2_comp9+3_A_31_1_2_comp10+3_A_31_1_2_comp11+3_A_31_1_2_comp12+3_A_31_1_2_comp13+3_A_31_1_2_comp14+3_A_31_1_2_comp15+3_A_31_1_2_comp16+3_A_31_1_2_comp17+3_A_31_1_2_comp18+3_A_31_1_2_comp19+3_A_31_1_2_comp20+3_A_31_1_2_comp21+3_A_31_1_2_comp22+3_A_31_1_2_comp23+3_A_31_1_2_comp24+3_A_31_1_2_comp25,R_3_A_31_1_2,TCDB,TCDB.3_A_31_1_2_comp10
G_3_A_31_1_2_comp11,P_3_A_31_1_2_comp1+3_A_31_1_2_comp2+3_A_31_1_2_comp3+3_A_31_1_2_comp4+3_A_31_1_2_comp5+3_A_31_1_2_comp6+3_A_31_1_2_comp7+3_A_31_1_2_comp8+3_A_31_1_2_comp9+3_A_31_1_2_comp10+3_A_31_1_2_comp11+3_A_31_1_2_comp12+3_A_31_1_2_comp13+3_A_31_1_2_comp14+3_A_31_1_2_comp15+3_A_31_1_2_comp16+3_A_31_1_2_comp17+3_A_31_1_2_comp18+3_A_31_1_2_comp19+3_A_31_1_2_comp20+3_A_31_1_2_comp21+3_A_31_1_2_comp22+3_A_31_1_2_comp23+3_A_31_1_2_comp24+3_A_31_1_2_comp25,R_3_A_31_1_2,TCDB,TCDB.3_A_31_1_2_comp11
G_3_A_31_1_2_comp12,P_3_A_31_1_2_comp1+3_A_31_1_2_comp2+3_A_31_1_2_comp3+3_A_31_1_2_comp4+3_A_31_1_2_comp5+3_A_31_1_2_comp6+3_A_31_1_2_comp7+3_A_31_1_2_comp8+3_A_31_1_2_comp9+3_A_31_1_2_comp10+3_A_31_1_2_comp11+3_A_31_1_2_comp12+3_A_31_1_2_comp13+3_A_31_1_2_comp14+3_A_31_1_2_comp15+3_A_31_1_2_comp16+3_A_31_1_2_comp17+3_A_31_1_2_comp18+3_A_31_1_2_comp19+3_A_31_1_2_comp20+3_A_31_1_2_comp21+3_A_31_1_2_comp22+3_A_31_1_2_comp23+3_A_31_1_2_comp24+3_A_31_1_2_comp25,R_3_A_31_1_2,TCDB,TCDB.3_A_31_1_2_comp12
G_3_A_31_1_2_comp13,P_3_A_31_1_2_comp1+3_A_31_1_2_comp2+3_A_31_1_2_comp3+3_A_31_1_2_comp4+3_A_31_1_2_comp5+3_A_31_1_2_comp6+3_A_31_1_2_comp7+3_A_31_1_2_comp8+3_A_31_1_2_comp9+3_A_31_1_2_comp10+3_A_31_1_2_comp11+3_A_31_1_2_comp12+3_A_31_1_2_comp13+3_A_31_1_2_comp14+3_A_31_1_2_comp15+3_A_31_1_2_comp16+3_A_31_1_2_comp17+3_A_31_1_2_comp18+3_A_31_1_2_comp19+3_A_31_1_2_comp20+3_A_31_1_2_comp21+3_A_31_1_2_comp22+3_A_31_1_2_comp23+3_A_31_1_2_comp24+3_A_31_1_2_comp25,R_3_A_31_1_2,TCDB,TCDB.3_A_31_1_2_comp13
G_3_A_31_1_2_comp14,P_3_A_31_1_2_comp1+3_A_31_1_2_comp2+3_A_31_1_2_comp3+3_A_31_1_2_comp4+3_A_31_1_2_comp5+3_A_31_1_2_comp6+3_A_31_1_2_comp7+3_A_31_1_2_comp8+3_A_31_1_2_comp9+3_A_31_1_2_comp10+3_A_31_1_2_comp11+3_A_31_1_2_comp12+3_A_31_1_2_comp13+3_A_31_1_2_comp14+3_A_31_1_2_comp15+3_A_31_1_2_comp16+3_A_31_1_2_comp17+3_A_31_1_2_comp18+3_A_31_1_2_comp19+3_A_31_1_2_comp20+3_A_31_1_2_comp21+3_A_31_1_2_comp22+3_A_31_1_2_comp23+3_A_31_1_2_comp24+3_A_31_1_2_comp25,R_3_A_31_1_2,TCDB,TCDB.3_A_31_1_2_comp14
G_3_A_31_1_2_comp15,P_3_A_31_1_2_comp1+3_A_31_1_2_comp2+3_A_31_1_2_comp3+3_A_31_1_2_comp4+3_A_31_1_2_comp5+3_A_31_1_2_comp6+3_A_31_1_2_comp7+3_A_31_1_2_comp8+3_A_31_1_2_comp9+3_A_31_1_2_comp10+3_A_31_1_2_comp11+3_A_31_1_2_comp12+3_A_31_1_2_comp13+3_A_31_1_2_comp14+3_A_31_1_2_comp15+3_A_31_1_2_comp16+3_A_31_1_2_comp17+3_A_31_1_2_comp18+3_A_31_1_2_comp19+3_A_31_1_2_comp20+3_A_31_1_2_comp21+3_A_31_1_2_comp22+3_A_31_1_2_comp23+3_A_31_1_2_comp24+3_A_31_1_2_comp25,R_3_A_31_1_2,TCDB,TCDB.3_A_31_1_2_comp15
G_3_A_31_1_2_comp16,P_3_A_31_1_2_comp1+3_A_31_1_2_comp2+3_A_31_1_2_comp3+3_A_31_1_2_comp4+3_A_31_1_2_comp5+3_A_31_1_2_comp6+3_A_31_1_2_comp7+3_A_31_1_2_comp8+3_A_31_1_2_comp9+3_A_31_1_2_comp10+3_A_31_1_2_comp11+3_A_31_1_2_comp12+3_A_31_1_2_comp13+3_A_31_1_2_comp14+3_A_31_1_2_comp15+3_A_31_1_2_comp16+3_A_31_1_2_comp17+3_A_31_1_2_comp18+3_A_31_1_2_comp19+3_A_31_1_2_comp20+3_A_31_1_2_comp21+3_A_31_1_2_comp22+3_A_31_1_2_comp23+3_A_31_1_2_comp24+3_A_31_1_2_comp25,R_3_A_31_1_2,TCDB,TCDB.3_A_31_1_2_comp16
G_3_A_31_1_2_comp17,P_3_A_31_1_2_comp1+3_A_31_1_2_comp2+3_A_31_1_2_comp3+3_A_31_1_2_comp4+3_A_31_1_2_comp5+3_A_31_1_2_comp6+3_A_31_1_2_comp7+3_A_31_1_2_comp8+3_A_31_1_2_comp9+3_A_31_1_2_comp10+3_A_31_1_2_comp11+3_A_31_1_2_comp12+3_A_31_1_2_comp13+3_A_31_1_2_comp14+3_A_31_1_2_comp15+3_A_31_1_2_comp16+3_A_31_1_2_comp17+3_A_31_1_2_comp18+3_A_31_1_2_comp19+3_A_31_1_2_comp20+3_A_31_1_2_comp21+3_A_31_1_2_comp22+3_A_31_1_2_comp23+3_A_31_1_2_comp24+3_A_31_1_2_comp25,R_3_A_31_1_2,TCDB,TCDB.3_A_31_1_2_comp17
G_3_A_31_1_2_comp18,P_3_A_31_1_2_comp1+3_A_31_1_2_comp2+3_A_31_1_2_comp3+3_A_31_1_2_comp4+3_A_31_1_2_comp5+3_A_31_1_2_comp6+3_A_31_1_2_comp7+3_A_31_1_2_comp8+3_A_31_1_2_comp9+3_A_31_1_2_comp10+3_A_31_1_2_comp11+3_A_31_1_2_comp12+3_A_31_1_2_comp13+3_A_31_1_2_comp14+3_A_31_1_2_comp15+3_A_31_1_2_comp16+3_A_31_1_2_comp17+3_A_31_1_2_comp18+3_A_31_1_2_comp19+3_A_31_1_2_comp20+3_A_31_1_2_comp21+3_A_31_1_2_comp22+3_A_31_1_2_comp23+3_A_31_1_2_comp24+3_A_31_1_2_comp25,R_3_A_31_1_2,TCDB,TCDB.3_A_31_1_2_comp18
G_3_A_31_1_2_comp19,P_3_A_31_1_2_comp1+3_A_31_1_2_comp2+3_A_31_1_2_comp3+3_A_31_1_2_comp4+3_A_31_1_2_comp5+3_A_31_1_2_comp6+3_A_31_1_2_comp7+3_A_31_1_2_comp8+3_A_31_1_2_comp9+3_A_31_1_2_comp10+3_A_31_1_2_comp11+3_A_31_1_2_comp12+3_A_31_1_2_comp13+3_A_31_1_2_comp14+3_A_31_1_2_comp15+3_A_31_1_2_comp16+3_A_31_1_2_comp17+3_A_31_1_2_comp18+3_A_31_1_2_comp19+3_A_31_1_2_comp20+3_A_31_1_2_comp21+3_A_31_1_2_comp22+3_A_31_1_2_comp23+3_A_31_1_2_comp24+3_A_31_1_2_comp25,R_3_A_31_1_2,TCDB,TCDB.3_A_31_1_2_comp19
G_3_A_31_1_2_comp20,P_3_A_31_1_2_comp1+3_A_31_1_2_comp2+3_A_31_1_2_comp3+3_A_31_1_2_comp4+3_A_31_1_2_comp5+3_A_31_1_2_comp6+3_A_31_1_2_comp7+3_A_31_1_2_comp8+3_A_31_1_2_comp9+3_A_31_1_2_comp10+3_A_31_1_2_comp11+3_A_31_1_2_comp12+3_A_31_1_2_comp13+3_A_31_1_2_comp14+3_A_31_1_2_comp15+3_A_31_1_2_comp16+3_A_31_1_2_comp17+3_A_31_1_2_comp18+3_A_31_1_2_comp19+3_A_31_1_2_comp20+3_A_31_1_2_comp21+3_A_31_1_2_comp22+3_A_31_1_2_comp23+3_A_31_1_2_comp24+3_A_31_1_2_comp25,R_3_A_31_1_2,TCDB,TCDB.3_A_31_1_2_comp20
G_3_A_31_1_2_comp21,P_3_A_31_1_2_comp1+3_A_31_1_2_comp2+3_A_31_1_2_comp3+3_A_31_1_2_comp4+3_A_31_1_2_comp5+3_A_31_1_2_comp6+3_A_31_1_2_comp7+3_A_31_1_2_comp8+3_A_31_1_2_comp9+3_A_31_1_2_comp10+3_A_31_1_2_comp11+3_A_31_1_2_comp12+3_A_31_1_2_comp13+3_A_31_1_2_comp14+3_A_31_1_2_comp15+3_A_31_1_2_comp16+3_A_31_1_2_comp17+3_A_31_1_2_comp18+3_A_31_1_2_comp19+3_A_31_1_2_comp20+3_A_31_1_2_comp21+3_A_31_1_2_comp22+3_A_31_1_2_comp23+3_A_31_1_2_comp24+3_A_31_1_2_comp25,R_3_A_31_1_2,TCDB,TCDB.3_A_31_1_2_comp21
G_3_A_31_1_2_comp22,P_3_A_31_1_2_comp1+3_A_31_1_2_comp2+3_A_31_1_2_comp3+3_A_31_1_2_comp4+3_A_31_1_2_comp5+3_A_31_1_2_comp6+3_A_31_1_2_comp7+3_A_31_1_2_comp8+3_A_31_1_2_comp9+3_A_31_1_2_comp10+3_A_31_1_2_comp11+3_A_31_1_2_comp12+3_A_31_1_2_comp13+3_A_31_1_2_comp14+3_A_31_1_2_comp15+3_A_31_1_2_comp16+3_A_31_1_2_comp17+3_A_31_1_2_comp18+3_A_31_1_2_comp19+3_A_31_1_2_comp20+3_A_31_1_2_comp21+3_A_31_1_2_comp22+3_A_31_1_2_comp23+3_A_31_1_2_comp24+3_A_31_1_2_comp25,R_3_A_31_1_2,TCDB,TCDB.3_A_31_1_2_comp22
G_3_A_31_1_2_comp23,P_3_A_31_1_2_comp1+3_A_31_1_2_comp2+3_A_31_1_2_comp3+3_A_31_1_2_comp4+3_A_31_1_2_comp5+3_A_31_1_2_comp6+3_A_31_1_2_comp7+3_A_31_1_2_comp8+3_A_31_1_2_comp9+3_A_31_1_2_comp10+3_A_31_1_2_comp11+3_A_31_1_2_comp12+3_A_31_1_2_comp13+3_A_31_1_2_comp14+3_A_31_1_2_comp15+3_A_31_1_2_comp16+3_A_31_1_2_comp17+3_A_31_1_2_comp18+3_A_31_1_2_comp19+3_A_31_1_2_comp20+3_A_31_1_2_comp21+3_A_31_1_2_comp22+3_A_31_1_2_comp23+3_A_31_1_2_comp24+3_A_31_1_2_comp25,R_3_A_31_1_2,TCDB,TCDB.3_A_31_1_2_comp23
G_3_A_31_1_2_comp24,P_3_A_31_1_2_comp1+3_A_31_1_2_comp2+3_A_31_1_2_comp3+3_A_31_1_2_comp4+3_A_31_1_2_comp5+3_A_31_1_2_comp6+3_A_31_1_2_comp7+3_A_31_1_2_comp8+3_A_31_1_2_comp9+3_A_31_1_2_comp10+3_A_31_1_2_comp11+3_A_31_1_2_comp12+3_A_31_1_2_comp13+3_A_31_1_2_comp14+3_A_31_1_2_comp15+3_A_31_1_2_comp16+3_A_31_1_2_comp17+3_A_31_1_2_comp18+3_A_31_1_2_comp19+3_A_31_1_2_comp20+3_A_31_1_2_comp21+3_A_31_1_2_comp22+3_A_31_1_2_comp23+3_A_31_1_2_comp24+3_A_31_1_2_comp25,R_3_A_31_1_2,TCDB,TCDB.3_A_31_1_2_comp24
G_3_A_31_1_2_comp25,P_3_A_31_1_2_comp1+3_A_31_1_2_comp2+3_A_31_1_2_comp3+3_A_31_1_2_comp4+3_A_31_1_2_comp5+3_A_31_1_2_comp6+3_A_31_1_2_comp7+3_A_31_1_2_comp8+3_A_31_1_2_comp9+3_A_31_1_2_comp10+3_A_31_1_2_comp11+3_A_31_1_2_comp12+3_A_31_1_2_comp13+3_A_31_1_2_comp14+3_A_31_1_2_comp15+3_A_31_1_2_comp16+3_A_31_1_2_comp17+3_A_31_1_2_comp18+3_A_31_1_2_comp19+3_A_31_1_2_comp20+3_A_31_1_2_comp21+3_A_31_1_2_comp22+3_A_31_1_2_comp23+3_A_31_1_2_comp24+3_A_31_1_2_comp25,R_3_A_31_1_2,TCDB,TCDB.3_A_31_1_2_comp25
G_1_I_2_1_1_comp1,P_1_I_2_1_1_comp1+1_I_2_1_1_comp2+1_I_2_1_1_comp3+1_I_2_1_1_comp4+1_I_2_1_1_comp5+1_I_2_1_1_comp6+1_I_2_1_1_comp7+1_I_2_1_1_comp8+1_I_2_1_1_comp9+1_I_2_1_1_comp10+1_I_2_1_1_comp11+1_I_2_1_1_comp12+1_I_2_1_1_comp13+1_I_2_1_1_comp14+1_I_2_1_1_comp15+1_I_2_1_1_comp16+1_I_2_1_1_comp17+1_I_2_1_1_comp18+1_I_2_1_1_comp19,R_1_I_2_1_1,TCDB,TCDB.1_I_2_1_1_comp1
G_1_I_2_1_1_comp2,P_1_I_2_1_1_comp1+1_I_2_1_1_comp2+1_I_2_1_1_comp3+1_I_2_1_1_comp4+1_I_2_1_1_comp5+1_I_2_1_1_comp6+1_I_2_1_1_comp7+1_I_2_1_1_comp8+1_I_2_1_1_comp9+1_I_2_1_1_comp10+1_I_2_1_1_comp11+1_I_2_1_1_comp12+1_I_2_1_1_comp13+1_I_2_1_1_comp14+1_I_2_1_1_comp15+1_I_2_1_1_comp16+1_I_2_1_1_comp17+1_I_2_1_1_comp18+1_I_2_1_1_comp19,R_1_I_2_1_1,TCDB,TCDB.1_I_2_1_1_comp2
G_1_I_2_1_1_comp3,P_1_I_2_1_1_comp1+1_I_2_1_1_comp2+1_I_2_1_1_comp3+1_I_2_1_1_comp4+1_I_2_1_1_comp5+1_I_2_1_1_comp6+1_I_2_1_1_comp7+1_I_2_1_1_comp8+1_I_2_1_1_comp9+1_I_2_1_1_comp10+1_I_2_1_1_comp11+1_I_2_1_1_comp12+1_I_2_1_1_comp13+1_I_2_1_1_comp14+1_I_2_1_1_comp15+1_I_2_1_1_comp16+1_I_2_1_1_comp17+1_I_2_1_1_comp18+1_I_2_1_1_comp19,R_1_I_2_1_1,TCDB,TCDB.1_I_2_1_1_comp3
G_1_I_2_1_1_comp4,P_1_I_2_1_1_comp1+1_I_2_1_1_comp2+1_I_2_1_1_comp3+1_I_2_1_1_comp4+1_I_2_1_1_comp5+1_I_2_1_1_comp6+1_I_2_1_1_comp7+1_I_2_1_1_comp8+1_I_2_1_1_comp9+1_I_2_1_1_comp10+1_I_2_1_1_comp11+1_I_2_1_1_comp12+1_I_2_1_1_comp13+1_I_2_1_1_comp14+1_I_2_1_1_comp15+1_I_2_1_1_comp16+1_I_2_1_1_comp17+1_I_2_1_1_comp18+1_I_2_1_1_comp19,R_1_I_2_1_1,TCDB,TCDB.1_I_2_1_1_comp4
G_1_I_2_1_1_comp5,P_1_I_2_1_1_comp1+1_I_2_1_1_comp2+1_I_2_1_1_comp3+1_I_2_1_1_comp4+1_I_2_1_1_comp5+1_I_2_1_1_comp6+1_I_2_1_1_comp7+1_I_2_1_1_comp8+1_I_2_1_1_comp9+1_I_2_1_1_comp10+1_I_2_1_1_comp11+1_I_2_1_1_comp12+1_I_2_1_1_comp13+1_I_2_1_1_comp14+1_I_2_1_1_comp15+1_I_2_1_1_comp16+1_I_2_1_1_comp17+1_I_2_1_1_comp18+1_I_2_1_1_comp19,R_1_I_2_1_1,TCDB,TCDB.1_I_2_1_1_comp5
G_1_I_2_1_1_comp6,P_1_I_2_1_1_comp1+1_I_2_1_1_comp2+1_I_2_1_1_comp3+1_I_2_1_1_comp4+1_I_2_1_1_comp5+1_I_2_1_1_comp6+1_I_2_1_1_comp7+1_I_2_1_1_comp8+1_I_2_1_1_comp9+1_I_2_1_1_comp10+1_I_2_1_1_comp11+1_I_2_1_1_comp12+1_I_2_1_1_comp13+1_I_2_1_1_comp14+1_I_2_1_1_comp15+1_I_2_1_1_comp16+1_I_2_1_1_comp17+1_I_2_1_1_comp18+1_I_2_1_1_comp19,R_1_I_2_1_1,TCDB,TCDB.1_I_2_1_1_comp6
G_1_I_2_1_1_comp7,P_1_I_2_1_1_comp1+1_I_2_1_1_comp2+1_I_2_1_1_comp3+1_I_2_1_1_comp4+1_I_2_1_1_comp5+1_I_2_1_1_comp6+1_I_2_1_1_comp7+1_I_2_1_1_comp8+1_I_2_1_1_comp9+1_I_2_1_1_comp10+1_I_2_1_1_comp11+1_I_2_1_1_comp12+1_I_2_1_1_comp13+1_I_2_1_1_comp14+1_I_2_1_1_comp15+1_I_2_1_1_comp16+1_I_2_1_1_comp17+1_I_2_1_1_comp18+1_I_2_1_1_comp19,R_1_I_2_1_1,TCDB,TCDB.1_I_2_1_1_comp7
G_1_I_2_1_1_comp8,P_1_I_2_1_1_comp1+1_I_2_1_1_comp2+1_I_2_1_1_comp3+1_I_2_1_1_comp4+1_I_2_1_1_comp5+1_I_2_1_1_comp6+1_I_2_1_1_comp7+1_I_2_1_1_comp8+1_I_2_1_1_comp9+1_I_2_1_1_comp10+1_I_2_1_1_comp11+1_I_2_1_1_comp12+1_I_2_1_1_comp13+1_I_2_1_1_comp14+1_I_2_1_1_comp15+1_I_2_1_1_comp16+1_I_2_1_1_comp17+1_I_2_1_1_comp18+1_I_2_1_1_comp19,R_1_I_2_1_1,TCDB,TCDB.1_I_2_1_1_comp8
G_1_I_2_1_1_comp9,P_1_I_2_1_1_comp1+1_I_2_1_1_comp2+1_I_2_1_1_comp3+1_I_2_1_1_comp4+1_I_2_1_1_comp5+1_I_2_1_1_comp6+1_I_2_1_1_comp7+1_I_2_1_1_comp8+1_I_2_1_1_comp9+1_I_2_1_1_comp10+1_I_2_1_1_comp11+1_I_2_1_1_comp12+1_I_2_1_1_comp13+1_I_2_1_1_comp14+1_I_2_1_1_comp15+1_I_2_1_1_comp16+1_I_2_1_1_comp17+1_I_2_1_1_comp18+1_I_2_1_1_comp19,R_1_I_2_1_1,TCDB,TCDB.1_I_2_1_1_comp9
G_1_I_2_1_1_comp10,P_1_I_2_1_1_comp1+1_I_2_1_1_comp2+1_I_2_1_1_comp3+1_I_2_1_1_comp4+1_I_2_1_1_comp5+1_I_2_1_1_comp6+1_I_2_1_1_comp7+1_I_2_1_1_comp8+1_I_2_1_1_comp9+1_I_2_1_1_comp10+1_I_2_1_1_comp11+1_I_2_1_1_comp12+1_I_2_1_1_comp13+1_I_2_1_1_comp14+1_I_2_1_1_comp15+1_I_2_1_1_comp16+1_I_2_1_1_comp17+1_I_2_1_1_comp18+1_I_2_1_1_comp19,R_1_I_2_1_1,TCDB,TCDB.1_I_2_1_1_comp10
G_1_I_2_1_1_comp11,P_1_I_2_1_1_comp1+1_I_2_1_1_comp2+1_I_2_1_1_comp3+1_I_2_1_1_comp4+1_I_2_1_1_comp5+1_I_2_1_1_comp6+1_I_2_1_1_comp7+1_I_2_1_1_comp8+1_I_2_1_1_comp9+1_I_2_1_1_comp10+1_I_2_1_1_comp11+1_I_2_1_1_comp12+1_I_2_1_1_comp13+1_I_2_1_1_comp14+1_I_2_1_1_comp15+1_I_2_1_1_comp16+1_I_2_1_1_comp17+1_I_2_1_1_comp18+1_I_2_1_1_comp19,R_1_I_2_1_1,TCDB,TCDB.1_I_2_1_1_comp11
G_1_I_2_1_1_comp12,P_1_I_2_1_1_comp1+1_I_2_1_1_comp2+1_I_2_1_1_comp3+1_I_2_1_1_comp4+1_I_2_1_1_comp5+1_I_2_1_1_comp6+1_I_2_1_1_comp7+1_I_2_1_1_comp8+1_I_2_1_1_comp9+1_I_2_1_1_comp10+1_I_2_1_1_comp11+1_I_2_1_1_comp12+1_I_2_1_1_comp13+1_I_2_1_1_comp14+1_I_2_1_1_comp15+1_I_2_1_1_comp16+1_I_2_1_1_comp17+1_I_2_1_1_comp18+1_I_2_1_1_comp19,R_1_I_2_1_1,TCDB,TCDB.1_I_2_1_1_comp12
G_1_I_2_1_1_comp13,P_1_I_2_1_1_comp1+1_I_2_1_1_comp2+1_I_2_1_1_comp3+1_I_2_1_1_comp4+1_I_2_1_1_comp5+1_I_2_1_1_comp6+1_I_2_1_1_comp7+1_I_2_1_1_comp8+1_I_2_1_1_comp9+1_I_2_1_1_comp10+1_I_2_1_1_comp11+1_I_2_1_1_comp12+1_I_2_1_1_comp13+1_I_2_1_1_comp14+1_I_2_1_1_comp15+1_I_2_1_1_comp16+1_I_2_1_1_comp17+1_I_2_1_1_comp18+1_I_2_1_1_comp19,R_1_I_2_1_1,TCDB,TCDB.1_I_2_1_1_comp13
G_1_I_2_1_1_comp14,P_1_I_2_1_1_comp1+1_I_2_1_1_comp2+1_I_2_1_1_comp3+1_I_2_1_1_comp4+1_I_2_1_1_comp5+1_I_2_1_1_comp6+1_I_2_1_1_comp7+1_I_2_1_1_comp8+1_I_2_1_1_comp9+1_I_2_1_1_comp10+1_I_2_1_1_comp11+1_I_2_1_1_comp12+1_I_2_1_1_comp13+1_I_2_1_1_comp14+1_I_2_1_1_comp15+1_I_2_1_1_comp16+1_I_2_1_1_comp17+1_I_2_1_1_comp18+1_I_2_1_1_comp19,R_1_I_2_1_1,TCDB,TCDB.1_I_2_1_1_comp14
G_1_I_2_1_1_comp15,P_1_I_2_1_1_comp1+1_I_2_1_1_comp2+1_I_2_1_1_comp3+1_I_2_1_1_comp4+1_I_2_1_1_comp5+1_I_2_1_1_comp6+1_I_2_1_1_comp7+1_I_2_1_1_comp8+1_I_2_1_1_comp9+1_I_2_1_1_comp10+1_I_2_1_1_comp11+1_I_2_1_1_comp12+1_I_2_1_1_comp13+1_I_2_1_1_comp14+1_I_2_1_1_comp15+1_I_2_1_1_comp16+1_I_2_1_1_comp17+1_I_2_1_1_comp18+1_I_2_1_1_comp19,R_1_I_2_1_1,TCDB,TCDB.1_I_2_1_1_comp15
G_1_I_2_1_1_comp16,P_1_I_2_1_1_comp1+1_I_2_1_1_comp2+1_I_2_1_1_comp3+1_I_2_1_1_comp4+1_I_2_1_1_comp5+1_I_2_1_1_comp6+1_I_2_1_1_comp7+1_I_2_1_1_comp8+1_I_2_1_1_comp9+1_I_2_1_1_comp10+1_I_2_1_1_comp11+1_I_2_1_1_comp12+1_I_2_1_1_comp13+1_I_2_1_1_comp14+1_I_2_1_1_comp15+1_I_2_1_1_comp16+1_I_2_1_1_comp17+1_I_2_1_1_comp18+1_I_2_1_1_comp19,R_1_I_2_1_1,TCDB,TCDB.1_I_2_1_1_comp16
G_1_I_2_1_1_comp17,P_1_I_2_1_1_comp1+1_I_2_1_1_comp2+1_I_2_1_1_comp3+1_I_2_1_1_comp4+1_I_2_1_1_comp5+1_I_2_1_1_comp6+1_I_2_1_1_comp7+1_I_2_1_1_comp8+1_I_2_1_1_comp9+1_I_2_1_1_comp10+1_I_2_1_1_comp11+1_I_2_1_1_comp12+1_I_2_1_1_comp13+1_I_2_1_1_comp14+1_I_2_1_1_comp15+1_I_2_1_1_comp16+1_I_2_1_1_comp17+1_I_2_1_1_comp18+1_I_2_1_1_comp19,R_1_I_2_1_1,TCDB,TCDB.1_I_2_1_1_comp17
G_1_I_2_1_1_comp18,P_1_I_2_1_1_comp1+1_I_2_1_1_comp2+1_I_2_1_1_comp3+1_I_2_1_1_comp4+1_I_2_1_1_comp5+1_I_2_1_1_comp6+1_I_2_1_1_comp7+1_I_2_1_1_comp8+1_I_2_1_1_comp9+1_I_2_1_1_comp10+1_I_2_1_1_comp11+1_I_2_1_1_comp12+1_I_2_1_1_comp13+1_I_2_1_1_comp14+1_I_2_1_1_comp15+1_I_2_1_1_comp16+1_I_2_1_1_comp17+1_I_2_1_1_comp18+1_I_2_1_1_comp19,R_1_I_2_1_1,TCDB,TCDB.1_I_2_1_1_comp18
G_1_I_2_1_1_comp19,P_1_I_2_1_1_comp1+1_I_2_1_1_comp2+1_I_2_1_1_comp3+1_I_2_1_1_comp4+1_I_2_1_1_comp5+1_I_2_1_1_comp6+1_I_2_1_1_comp7+1_I_2_1_1_comp8+1_I_2_1_1_comp9+1_I_2_1_1_comp10+1_I_2_1_1_comp11+1_I_2_1_1_comp12+1_I_2_1_1_comp13+1_I_2_1_1_comp14+1_I_2_1_1_comp15+1_I_2_1_1_comp16+1_I_2_1_1_comp17+1_I_2_1_1_comp18+1_I_2_1_1_comp19,R_1_I_2_1_1,TCDB,TCDB.1_I_2_1_1_comp19
G_8_A_40_4_2_comp1,P_8_A_40_4_2_comp1,R_8_A_40_4_2,TCDB,TCDB.8_A_40_4_2_comp1
G_9_A_43_1_12_comp1,P_9_A_43_1_12_comp1,R_9_A_43_1_12,TCDB,TCDB.9_A_43_1_12_comp1
G_1_F_2_1_3_comp1,P_1_F_2_1_3_comp1+1_F_2_1_3_comp2+1_F_2_1_3_comp3+1_F_2_1_3_comp4+1_F_2_1_3_comp5+1_F_2_1_3_comp6+1_F_2_1_3_comp7+1_F_2_1_3_comp8,R_1_F_2_1_3,TCDB,TCDB.1_F_2_1_3_comp1
G_1_F_2_1_3_comp2,P_1_F_2_1_3_comp1+1_F_2_1_3_comp2+1_F_2_1_3_comp3+1_F_2_1_3_comp4+1_F_2_1_3_comp5+1_F_2_1_3_comp6+1_F_2_1_3_comp7+1_F_2_1_3_comp8,R_1_F_2_1_3,TCDB,TCDB.1_F_2_1_3_comp2
G_1_F_2_1_3_comp3,P_1_F_2_1_3_comp1+1_F_2_1_3_comp2+1_F_2_1_3_comp3+1_F_2_1_3_comp4+1_F_2_1_3_comp5+1_F_2_1_3_comp6+1_F_2_1_3_comp7+1_F_2_1_3_comp8,R_1_F_2_1_3,TCDB,TCDB.1_F_2_1_3_comp3
G_1_F_2_1_3_comp4,P_1_F_2_1_3_comp1+1_F_2_1_3_comp2+1_F_2_1_3_comp3+1_F_2_1_3_comp4+1_F_2_1_3_comp5+1_F_2_1_3_comp6+1_F_2_1_3_comp7+1_F_2_1_3_comp8,R_1_F_2_1_3,TCDB,TCDB.1_F_2_1_3_comp4
G_1_F_2_1_3_comp5,P_1_F_2_1_3_comp1+1_F_2_1_3_comp2+1_F_2_1_3_comp3+1_F_2_1_3_comp4+1_F_2_1_3_comp5+1_F_2_1_3_comp6+1_F_2_1_3_comp7+1_F_2_1_3_comp8,R_1_F_2_1_3,TCDB,TCDB.1_F_2_1_3_comp5
G_1_F_2_1_3_comp6,P_1_F_2_1_3_comp1+1_F_2_1_3_comp2+1_F_2_1_3_comp3+1_F_2_1_3_comp4+1_F_2_1_3_comp5+1_F_2_1_3_comp6+1_F_2_1_3_comp7+1_F_2_1_3_comp8,R_1_F_2_1_3,TCDB,TCDB.1_F_2_1_3_comp6
G_1_F_2_1_3_comp7,P_1_F_2_1_3_comp1+1_F_2_1_3_comp2+1_F_2_1_3_comp3+1_F_2_1_3_comp4+1_F_2_1_3_comp5+1_F_2_1_3_comp6+1_F_2_1_3_comp7+1_F_2_1_3_comp8,R_1_F_2_1_3,TCDB,TCDB.1_F_2_1_3_comp7
G_1_F_2_1_3_comp8,P_1_F_2_1_3_comp1+1_F_2_1_3_comp2+1_F_2_1_3_comp3+1_F_2_1_3_comp4+1_F_2_1_3_comp5+1_F_2_1_3_comp6+1_F_2_1_3_comp7+1_F_2_1_3_comp8,R_1_F_2_1_3,TCDB,TCDB.1_F_2_1_3_comp8
G_2_A_7_4_7_comp1,P_2_A_7_4_7_comp1,R_2_A_7_4_7,TCDB,TCDB.2_A_7_4_7_comp1
G_9_B_247_1_5_comp1,P_9_B_247_1_5_comp1,R_9_B_247_1_5,TCDB,TCDB.9_B_247_1_5_comp1
G_2_A_1_49_3_comp1,P_2_A_1_49_3_comp1,R_2_A_1_49_3,TCDB,TCDB.2_A_1_49_3_comp1
G_1_A_23_4_7_comp1,P_1_A_23_4_7_comp1,R_1_A_23_4_7,TCDB,TCDB.1_A_23_4_7_comp1
G_1_A_75_1_4_comp1,P_1_A_75_1_4_comp1,R_1_A_75_1_4,TCDB,TCDB.1_A_75_1_4_comp1
G_3_A_5_4_2_comp1,P_3_A_5_4_2_comp1+3_A_5_4_2_comp2+3_A_5_4_2_comp3+3_A_5_4_2_comp4+3_A_5_4_2_comp5,R_3_A_5_4_2,TCDB,TCDB.3_A_5_4_2_comp1
G_3_A_5_4_2_comp2,P_3_A_5_4_2_comp1+3_A_5_4_2_comp2+3_A_5_4_2_comp3+3_A_5_4_2_comp4+3_A_5_4_2_comp5,R_3_A_5_4_2,TCDB,TCDB.3_A_5_4_2_comp2
G_3_A_5_4_2_comp3,P_3_A_5_4_2_comp1+3_A_5_4_2_comp2+3_A_5_4_2_comp3+3_A_5_4_2_comp4+3_A_5_4_2_comp5,R_3_A_5_4_2,TCDB,TCDB.3_A_5_4_2_comp3
G_3_A_5_4_2_comp4,P_3_A_5_4_2_comp1+3_A_5_4_2_comp2+3_A_5_4_2_comp3+3_A_5_4_2_comp4+3_A_5_4_2_comp5,R_3_A_5_4_2,TCDB,TCDB.3_A_5_4_2_comp4
G_3_A_5_4_2_comp5,P_3_A_5_4_2_comp1+3_A_5_4_2_comp2+3_A_5_4_2_comp3+3_A_5_4_2_comp4+3_A_5_4_2_comp5,R_3_A_5_4_2,TCDB,TCDB.3_A_5_4_2_comp5
G_8_A_141_1_2_comp1,P_8_A_141_1_2_comp1,R_8_A_141_1_2,TCDB,TCDB.8_A_141_1_2_comp1
G_8_A_192_2_4_comp1,P_8_A_192_2_4_comp1,R_8_A_192_2_4,TCDB,TCDB.8_A_192_2_4_comp1
G_1_A_15_1_4_comp1,P_1_A_15_1_4_comp1,R_1_A_15_1_4,TCDB,TCDB.1_A_15_1_4_comp1
G_9_A_61_1_2_comp1,P_9_A_61_1_2_comp1,R_9_A_61_1_2,TCDB,TCDB.9_A_61_1_2_comp1
G_1_N_3_1_1_comp1,P_1_N_3_1_1_comp1,R_1_N_3_1_1,TCDB,TCDB.1_N_3_1_1_comp1
G_2_A_66_1_50_comp1,P_2_A_66_1_50_comp1,R_2_A_66_1_50,TCDB,TCDB.2_A_66_1_50_comp1
G_1_B_81_1_8_comp1,P_1_B_81_1_8_comp1,R_1_B_81_1_8,TCDB,TCDB.1_B_81_1_8_comp1
G_9_B_8_4_1_comp1,P_9_B_8_4_1_comp1,R_9_B_8_4_1,TCDB,TCDB.9_B_8_4_1_comp1
G_1_B_44_2_8_comp1,P_1_B_44_2_8_comp1,R_1_B_44_2_8,TCDB,TCDB.1_B_44_2_8_comp1
G_1_B_38_3_1_comp1,P_1_B_38_3_1_comp1,R_1_B_38_3_1,TCDB,TCDB.1_B_38_3_1_comp1
G_2_A_1_15_15_comp1,P_2_A_1_15_15_comp1,R_2_A_1_15_15,TCDB,TCDB.2_A_1_15_15_comp1
G_2_A_6_7_7_comp1,P_2_A_6_7_7_comp1,R_2_A_6_7_7,TCDB,TCDB.2_A_6_7_7_comp1
G_9_B_50_1_7_comp1,P_9_B_50_1_7_comp1,R_9_B_50_1_7,TCDB,TCDB.9_B_50_1_7_comp1
G_1_E_56_1_6_comp1,P_1_E_56_1_6_comp1,R_1_E_56_1_6,TCDB,TCDB.1_E_56_1_6_comp1
G_1_A_1_28_5_comp1,P_1_A_1_28_5_comp1,R_1_A_1_28_5,TCDB,TCDB.1_A_1_28_5_comp1
G_1_B_1_1_17_comp1,P_1_B_1_1_17_comp1,R_1_B_1_1_17,TCDB,TCDB.1_B_1_1_17_comp1
G_1_B_1_1_16_comp1,P_1_B_1_1_16_comp1,R_1_B_1_1_16,TCDB,TCDB.1_B_1_1_16_comp1
G_1_C_52_1_31_comp1,P_1_C_52_1_31_comp1,R_1_C_52_1_31,TCDB,TCDB.1_C_52_1_31_comp1
G_1_A_17_1_6_comp1,P_1_A_17_1_6_comp1,R_1_A_17_1_6,TCDB,TCDB.1_A_17_1_6_comp1
G_1_A_55_6_1_comp1,P_1_A_55_6_1_comp1,R_1_A_55_6_1,TCDB,TCDB.1_A_55_6_1_comp1
G_1_C_59_4_4_comp1,P_1_C_59_4_4_comp1,R_1_C_59_4_4,TCDB,TCDB.1_C_59_4_4_comp1
G_1_C_39_1_1_comp1,P_1_C_39_1_1_comp1,R_1_C_39_1_1,TCDB,TCDB.1_C_39_1_1_comp1
G_1_A_17_2_6_comp1,P_1_A_17_2_6_comp1,R_1_A_17_2_6,TCDB,TCDB.1_A_17_2_6_comp1
G_9_B_124_2_1_comp1,P_9_B_124_2_1_comp1,R_9_B_124_2_1,TCDB,TCDB.9_B_124_2_1_comp1
G_8_A_40_2_2_comp1,P_8_A_40_2_2_comp1,R_8_A_40_2_2,TCDB,TCDB.8_A_40_2_2_comp1
G_1_E_5_2_5_comp1,P_1_E_5_2_5_comp1,R_1_E_5_2_5,TCDB,TCDB.1_E_5_2_5_comp1
G_2_A_1_52_2_comp1,P_2_A_1_52_2_comp1,R_2_A_1_52_2,TCDB,TCDB.2_A_1_52_2_comp1
G_1_E_14_1_4_comp1,P_1_E_14_1_4_comp1,R_1_E_14_1_4,TCDB,TCDB.1_E_14_1_4_comp1
G_1_B_21_2_1_comp1,P_1_B_21_2_1_comp1,R_1_B_21_2_1,TCDB,TCDB.1_B_21_2_1_comp1
G_1_A_36_1_3_comp1,P_1_A_36_1_3_comp1,R_1_A_36_1_3,TCDB,TCDB.1_A_36_1_3_comp1
G_1_A_17_4_5_comp1,P_1_A_17_4_5_comp1,R_1_A_17_4_5,TCDB,TCDB.1_A_17_4_5_comp1
G_1_B_76_1_1_comp1,P_1_B_76_1_1_comp1,R_1_B_76_1_1,TCDB,TCDB.1_B_76_1_1_comp1
G_3_A_1_149_1_comp1,P_3_A_1_149_1_comp1+3_A_1_149_1_comp2,R_3_A_1_149_1,TCDB,TCDB.3_A_1_149_1_comp1
G_3_A_1_149_1_comp2,P_3_A_1_149_1_comp1+3_A_1_149_1_comp2,R_3_A_1_149_1,TCDB,TCDB.3_A_1_149_1_comp2
G_3_A_3_10_21_comp1,P_3_A_3_10_21_comp1,R_3_A_3_10_21,TCDB,TCDB.3_A_3_10_21_comp1
G_1_H_1_4_1_comp1,P_1_H_1_4_1_comp1,R_1_H_1_4_1,TCDB,TCDB.1_H_1_4_1_comp1
G_8_A_46_3_1_comp1,P_8_A_46_3_1_comp1,R_8_A_46_3_1,TCDB,TCDB.8_A_46_3_1_comp1
G_1_G_22_1_1_comp1,P_1_G_22_1_1_comp1+1_G_22_1_1_comp2+1_G_22_1_1_comp3,R_1_G_22_1_1,TCDB,TCDB.1_G_22_1_1_comp1
G_1_G_22_1_1_comp2,P_1_G_22_1_1_comp1+1_G_22_1_1_comp2+1_G_22_1_1_comp3,R_1_G_22_1_1,TCDB,TCDB.1_G_22_1_1_comp2
G_1_G_22_1_1_comp3,P_1_G_22_1_1_comp1+1_G_22_1_1_comp2+1_G_22_1_1_comp3,R_1_G_22_1_1,TCDB,TCDB.1_G_22_1_1_comp3
G_9_A_82_1_1_comp1,P_9_A_82_1_1_comp1+9_A_82_1_1_comp2,R_9_A_82_1_1,TCDB,TCDB.9_A_82_1_1_comp1
G_9_A_82_1_1_comp2,P_9_A_82_1_1_comp1+9_A_82_1_1_comp2,R_9_A_82_1_1,TCDB,TCDB.9_A_82_1_1_comp2
G_1_A_14_3_12_comp1,P_1_A_14_3_12_comp1,R_1_A_14_3_12,TCDB,TCDB.1_A_14_3_12_comp1
G_1_H_2_1_2_comp1,P_1_H_2_1_2_comp1,R_1_H_2_1_2,TCDB,TCDB.1_H_2_1_2_comp1
G_1_A_1_14_7_comp1,P_1_A_1_14_7_comp1,R_1_A_1_14_7,TCDB,TCDB.1_A_1_14_7_comp1
G_1_E_19_4_3_comp1,P_1_E_19_4_3_comp1,R_1_E_19_4_3,TCDB,TCDB.1_E_19_4_3_comp1
G_2_A_53_3_5_comp1,P_2_A_53_3_5_comp1,R_2_A_53_3_5,TCDB,TCDB.2_A_53_3_5_comp1
G_1_E_5_1_5_comp1,P_1_E_5_1_5_comp1,R_1_E_5_1_5,TCDB,TCDB.1_E_5_1_5_comp1
G_2_A_85_7_2_comp1,P_2_A_85_7_2_comp1,R_2_A_85_7_2,TCDB,TCDB.2_A_85_7_2_comp1
G_1_B_5_1_15_comp1,P_1_B_5_1_15_comp1,R_1_B_5_1_15,TCDB,TCDB.1_B_5_1_15_comp1
G_9_B_8_1_7_comp1,P_9_B_8_1_7_comp1,R_9_B_8_1_7,TCDB,TCDB.9_B_8_1_7_comp1
G_1_E_40_2_2_comp1,P_1_E_40_2_2_comp1,R_1_E_40_2_2,TCDB,TCDB.1_E_40_2_2_comp1
G_2_A_1_76_3_comp1,P_2_A_1_76_3_comp1,R_2_A_1_76_3,TCDB,TCDB.2_A_1_76_3_comp1
G_9_B_102_1_15_comp1,P_9_B_102_1_15_comp1,R_9_B_102_1_15,TCDB,TCDB.9_B_102_1_15_comp1
G_1_E_26_1_2_comp1,P_1_E_26_1_2_comp1,R_1_E_26_1_2,TCDB,TCDB.1_E_26_1_2_comp1
G_2_A_128_1_5_comp1,P_2_A_128_1_5_comp1,R_2_A_128_1_5,TCDB,TCDB.2_A_128_1_5_comp1
G_9_B_182_1_5_comp1,P_9_B_182_1_5_comp1,R_9_B_182_1_5,TCDB,TCDB.9_B_182_1_5_comp1
G_2_A_10_1_5_comp1,P_2_A_10_1_5_comp1,R_2_A_10_1_5,TCDB,TCDB.2_A_10_1_5_comp1
G_1_E_34_4_1_comp1,P_1_E_34_4_1_comp1,R_1_E_34_4_1,TCDB,TCDB.1_E_34_4_1_comp1
G_2_A_116_1_4_comp1,P_2_A_116_1_4_comp1,R_2_A_116_1_4,TCDB,TCDB.2_A_116_1_4_comp1
G_9_B_102_3_3_comp1,P_9_B_102_3_3_comp1,R_9_B_102_3_3,TCDB,TCDB.9_B_102_3_3_comp1
G_1_B_6_10_3_comp1,P_1_B_6_10_3_comp1,R_1_B_6_10_3,TCDB,TCDB.1_B_6_10_3_comp1
G_1_B_45_2_2_comp1,P_1_B_45_2_2_comp1,R_1_B_45_2_2,TCDB,TCDB.1_B_45_2_2_comp1
G_9_B_160_1_11_comp1,P_9_B_160_1_11_comp1,R_9_B_160_1_11,TCDB,TCDB.9_B_160_1_11_comp1
G_1_B_3_1_4_comp1,P_1_B_3_1_4_comp1,R_1_B_3_1_4,TCDB,TCDB.1_B_3_1_4_comp1
G_9_B_29_2_6_comp1,P_9_B_29_2_6_comp1,R_9_B_29_2_6,TCDB,TCDB.9_B_29_2_6_comp1
G_3_A_1_1_62_comp1,P_3_A_1_1_62_comp1+3_A_1_1_62_comp2+3_A_1_1_62_comp3+3_A_1_1_62_comp4,R_3_A_1_1_62,TCDB,TCDB.3_A_1_1_62_comp1
G_3_A_1_1_62_comp2,P_3_A_1_1_62_comp1+3_A_1_1_62_comp2+3_A_1_1_62_comp3+3_A_1_1_62_comp4,R_3_A_1_1_62,TCDB,TCDB.3_A_1_1_62_comp2
G_3_A_1_1_62_comp3,P_3_A_1_1_62_comp1+3_A_1_1_62_comp2+3_A_1_1_62_comp3+3_A_1_1_62_comp4,R_3_A_1_1_62,TCDB,TCDB.3_A_1_1_62_comp3
G_3_A_1_1_62_comp4,P_3_A_1_1_62_comp1+3_A_1_1_62_comp2+3_A_1_1_62_comp3+3_A_1_1_62_comp4,R_3_A_1_1_62,TCDB,TCDB.3_A_1_1_62_comp4
G_1_A_43_1_14_comp1,P_1_A_43_1_14_comp1,R_1_A_43_1_14,TCDB,TCDB.1_A_43_1_14_comp1
G_1_B_65_1_5_comp1,P_1_B_65_1_5_comp1,R_1_B_65_1_5,TCDB,TCDB.1_B_65_1_5_comp1
G_1_B_65_1_6_comp1,P_1_B_65_1_6_comp1,R_1_B_65_1_6,TCDB,TCDB.1_B_65_1_6_comp1
G_1_E_43_2_3_comp1,P_1_E_43_2_3_comp1,R_1_E_43_2_3,TCDB,TCDB.1_E_43_2_3_comp1
G_1_B_68_1_4_comp1,P_1_B_68_1_4_comp1,R_1_B_68_1_4,TCDB,TCDB.1_B_68_1_4_comp1
G_9_B_2_6_4_comp1,P_9_B_2_6_4_comp1,R_9_B_2_6_4,TCDB,TCDB.9_B_2_6_4_comp1
G_1_B_48_1_4_comp1,P_1_B_48_1_4_comp1,R_1_B_48_1_4,TCDB,TCDB.1_B_48_1_4_comp1
G_2_A_1_51_3_comp1,P_2_A_1_51_3_comp1,R_2_A_1_51_3,TCDB,TCDB.2_A_1_51_3_comp1
G_3_A_11_1_3_comp1,P_3_A_11_1_3_comp1+3_A_11_1_3_comp2+3_A_11_1_3_comp3+3_A_11_1_3_comp4+3_A_11_1_3_comp5+3_A_11_1_3_comp6+3_A_11_1_3_comp7+3_A_11_1_3_comp8+3_A_11_1_3_comp9+3_A_11_1_3_comp10+3_A_11_1_3_comp11+3_A_11_1_3_comp12+3_A_11_1_3_comp13+3_A_11_1_3_comp14+3_A_11_1_3_comp15+3_A_11_1_3_comp16,R_3_A_11_1_3,TCDB,TCDB.3_A_11_1_3_comp1
G_3_A_11_1_3_comp2,P_3_A_11_1_3_comp1+3_A_11_1_3_comp2+3_A_11_1_3_comp3+3_A_11_1_3_comp4+3_A_11_1_3_comp5+3_A_11_1_3_comp6+3_A_11_1_3_comp7+3_A_11_1_3_comp8+3_A_11_1_3_comp9+3_A_11_1_3_comp10+3_A_11_1_3_comp11+3_A_11_1_3_comp12+3_A_11_1_3_comp13+3_A_11_1_3_comp14+3_A_11_1_3_comp15+3_A_11_1_3_comp16,R_3_A_11_1_3,TCDB,TCDB.3_A_11_1_3_comp2
G_3_A_11_1_3_comp3,P_3_A_11_1_3_comp1+3_A_11_1_3_comp2+3_A_11_1_3_comp3+3_A_11_1_3_comp4+3_A_11_1_3_comp5+3_A_11_1_3_comp6+3_A_11_1_3_comp7+3_A_11_1_3_comp8+3_A_11_1_3_comp9+3_A_11_1_3_comp10+3_A_11_1_3_comp11+3_A_11_1_3_comp12+3_A_11_1_3_comp13+3_A_11_1_3_comp14+3_A_11_1_3_comp15+3_A_11_1_3_comp16,R_3_A_11_1_3,TCDB,TCDB.3_A_11_1_3_comp3
G_3_A_11_1_3_comp4,P_3_A_11_1_3_comp1+3_A_11_1_3_comp2+3_A_11_1_3_comp3+3_A_11_1_3_comp4+3_A_11_1_3_comp5+3_A_11_1_3_comp6+3_A_11_1_3_comp7+3_A_11_1_3_comp8+3_A_11_1_3_comp9+3_A_11_1_3_comp10+3_A_11_1_3_comp11+3_A_11_1_3_comp12+3_A_11_1_3_comp13+3_A_11_1_3_comp14+3_A_11_1_3_comp15+3_A_11_1_3_comp16,R_3_A_11_1_3,TCDB,TCDB.3_A_11_1_3_comp4
G_3_A_11_1_3_comp5,P_3_A_11_1_3_comp1+3_A_11_1_3_comp2+3_A_11_1_3_comp3+3_A_11_1_3_comp4+3_A_11_1_3_comp5+3_A_11_1_3_comp6+3_A_11_1_3_comp7+3_A_11_1_3_comp8+3_A_11_1_3_comp9+3_A_11_1_3_comp10+3_A_11_1_3_comp11+3_A_11_1_3_comp12+3_A_11_1_3_comp13+3_A_11_1_3_comp14+3_A_11_1_3_comp15+3_A_11_1_3_comp16,R_3_A_11_1_3,TCDB,TCDB.3_A_11_1_3_comp5
G_3_A_11_1_3_comp6,P_3_A_11_1_3_comp1+3_A_11_1_3_comp2+3_A_11_1_3_comp3+3_A_11_1_3_comp4+3_A_11_1_3_comp5+3_A_11_1_3_comp6+3_A_11_1_3_comp7+3_A_11_1_3_comp8+3_A_11_1_3_comp9+3_A_11_1_3_comp10+3_A_11_1_3_comp11+3_A_11_1_3_comp12+3_A_11_1_3_comp13+3_A_11_1_3_comp14+3_A_11_1_3_comp15+3_A_11_1_3_comp16,R_3_A_11_1_3,TCDB,TCDB.3_A_11_1_3_comp6
G_3_A_11_1_3_comp7,P_3_A_11_1_3_comp1+3_A_11_1_3_comp2+3_A_11_1_3_comp3+3_A_11_1_3_comp4+3_A_11_1_3_comp5+3_A_11_1_3_comp6+3_A_11_1_3_comp7+3_A_11_1_3_comp8+3_A_11_1_3_comp9+3_A_11_1_3_comp10+3_A_11_1_3_comp11+3_A_11_1_3_comp12+3_A_11_1_3_comp13+3_A_11_1_3_comp14+3_A_11_1_3_comp15+3_A_11_1_3_comp16,R_3_A_11_1_3,TCDB,TCDB.3_A_11_1_3_comp7
G_3_A_11_1_3_comp8,P_3_A_11_1_3_comp1+3_A_11_1_3_comp2+3_A_11_1_3_comp3+3_A_11_1_3_comp4+3_A_11_1_3_comp5+3_A_11_1_3_comp6+3_A_11_1_3_comp7+3_A_11_1_3_comp8+3_A_11_1_3_comp9+3_A_11_1_3_comp10+3_A_11_1_3_comp11+3_A_11_1_3_comp12+3_A_11_1_3_comp13+3_A_11_1_3_comp14+3_A_11_1_3_comp15+3_A_11_1_3_comp16,R_3_A_11_1_3,TCDB,TCDB.3_A_11_1_3_comp8
G_3_A_11_1_3_comp9,P_3_A_11_1_3_comp1+3_A_11_1_3_comp2+3_A_11_1_3_comp3+3_A_11_1_3_comp4+3_A_11_1_3_comp5+3_A_11_1_3_comp6+3_A_11_1_3_comp7+3_A_11_1_3_comp8+3_A_11_1_3_comp9+3_A_11_1_3_comp10+3_A_11_1_3_comp11+3_A_11_1_3_comp12+3_A_11_1_3_comp13+3_A_11_1_3_comp14+3_A_11_1_3_comp15+3_A_11_1_3_comp16,R_3_A_11_1_3,TCDB,TCDB.3_A_11_1_3_comp9
G_3_A_11_1_3_comp10,P_3_A_11_1_3_comp1+3_A_11_1_3_comp2+3_A_11_1_3_comp3+3_A_11_1_3_comp4+3_A_11_1_3_comp5+3_A_11_1_3_comp6+3_A_11_1_3_comp7+3_A_11_1_3_comp8+3_A_11_1_3_comp9+3_A_11_1_3_comp10+3_A_11_1_3_comp11+3_A_11_1_3_comp12+3_A_11_1_3_comp13+3_A_11_1_3_comp14+3_A_11_1_3_comp15+3_A_11_1_3_comp16,R_3_A_11_1_3,TCDB,TCDB.3_A_11_1_3_comp10
G_3_A_11_1_3_comp11,P_3_A_11_1_3_comp1+3_A_11_1_3_comp2+3_A_11_1_3_comp3+3_A_11_1_3_comp4+3_A_11_1_3_comp5+3_A_11_1_3_comp6+3_A_11_1_3_comp7+3_A_11_1_3_comp8+3_A_11_1_3_comp9+3_A_11_1_3_comp10+3_A_11_1_3_comp11+3_A_11_1_3_comp12+3_A_11_1_3_comp13+3_A_11_1_3_comp14+3_A_11_1_3_comp15+3_A_11_1_3_comp16,R_3_A_11_1_3,TCDB,TCDB.3_A_11_1_3_comp11
G_3_A_11_1_3_comp12,P_3_A_11_1_3_comp1+3_A_11_1_3_comp2+3_A_11_1_3_comp3+3_A_11_1_3_comp4+3_A_11_1_3_comp5+3_A_11_1_3_comp6+3_A_11_1_3_comp7+3_A_11_1_3_comp8+3_A_11_1_3_comp9+3_A_11_1_3_comp10+3_A_11_1_3_comp11+3_A_11_1_3_comp12+3_A_11_1_3_comp13+3_A_11_1_3_comp14+3_A_11_1_3_comp15+3_A_11_1_3_comp16,R_3_A_11_1_3,TCDB,TCDB.3_A_11_1_3_comp12
G_3_A_11_1_3_comp13,P_3_A_11_1_3_comp1+3_A_11_1_3_comp2+3_A_11_1_3_comp3+3_A_11_1_3_comp4+3_A_11_1_3_comp5+3_A_11_1_3_comp6+3_A_11_1_3_comp7+3_A_11_1_3_comp8+3_A_11_1_3_comp9+3_A_11_1_3_comp10+3_A_11_1_3_comp11+3_A_11_1_3_comp12+3_A_11_1_3_comp13+3_A_11_1_3_comp14+3_A_11_1_3_comp15+3_A_11_1_3_comp16,R_3_A_11_1_3,TCDB,TCDB.3_A_11_1_3_comp13
G_3_A_11_1_3_comp14,P_3_A_11_1_3_comp1+3_A_11_1_3_comp2+3_A_11_1_3_comp3+3_A_11_1_3_comp4+3_A_11_1_3_comp5+3_A_11_1_3_comp6+3_A_11_1_3_comp7+3_A_11_1_3_comp8+3_A_11_1_3_comp9+3_A_11_1_3_comp10+3_A_11_1_3_comp11+3_A_11_1_3_comp12+3_A_11_1_3_comp13+3_A_11_1_3_comp14+3_A_11_1_3_comp15+3_A_11_1_3_comp16,R_3_A_11_1_3,TCDB,TCDB.3_A_11_1_3_comp14
G_3_A_11_1_3_comp15,P_3_A_11_1_3_comp1+3_A_11_1_3_comp2+3_A_11_1_3_comp3+3_A_11_1_3_comp4+3_A_11_1_3_comp5+3_A_11_1_3_comp6+3_A_11_1_3_comp7+3_A_11_1_3_comp8+3_A_11_1_3_comp9+3_A_11_1_3_comp10+3_A_11_1_3_comp11+3_A_11_1_3_comp12+3_A_11_1_3_comp13+3_A_11_1_3_comp14+3_A_11_1_3_comp15+3_A_11_1_3_comp16,R_3_A_11_1_3,TCDB,TCDB.3_A_11_1_3_comp15
G_3_A_11_1_3_comp16,P_3_A_11_1_3_comp1+3_A_11_1_3_comp2+3_A_11_1_3_comp3+3_A_11_1_3_comp4+3_A_11_1_3_comp5+3_A_11_1_3_comp6+3_A_11_1_3_comp7+3_A_11_1_3_comp8+3_A_11_1_3_comp9+3_A_11_1_3_comp10+3_A_11_1_3_comp11+3_A_11_1_3_comp12+3_A_11_1_3_comp13+3_A_11_1_3_comp14+3_A_11_1_3_comp15+3_A_11_1_3_comp16,R_3_A_11_1_3,TCDB,TCDB.3_A_11_1_3_comp16
G_9_B_364_1_1_comp1,P_9_B_364_1_1_comp1,R_9_B_364_1_1,TCDB,TCDB.9_B_364_1_1_comp1
G_3_A_1_126_3_comp1,P_3_A_1_126_3_comp1+3_A_1_126_3_comp2,R_3_A_1_126_3,TCDB,TCDB.3_A_1_126_3_comp1
G_3_A_1_126_3_comp2,P_3_A_1_126_3_comp1+3_A_1_126_3_comp2,R_3_A_1_126_3,TCDB,TCDB.3_A_1_126_3_comp2
G_3_A_1_154_2_comp1,P_3_A_1_154_2_comp1,R_3_A_1_154_2,TCDB,TCDB.3_A_1_154_2_comp1
G_2_A_1_85_1_comp1,P_2_A_1_85_1_comp1,R_2_A_1_85_1,TCDB,TCDB.2_A_1_85_1_comp1
G_2_A_7_21_7_comp1,P_2_A_7_21_7_comp1,R_2_A_7_21_7,TCDB,TCDB.2_A_7_21_7_comp1
G_1_C_105_1_1_comp1,P_1_C_105_1_1_comp1,R_1_C_105_1_1,TCDB,TCDB.1_C_105_1_1_comp1
G_2_A_12_2_2_comp1,P_2_A_12_2_2_comp1,R_2_A_12_2_2,TCDB,TCDB.2_A_12_2_2_comp1
G_1_A_9_1_4_comp1,P_1_A_9_1_4_comp1,R_1_A_9_1_4,TCDB,TCDB.1_A_9_1_4_comp1
G_1_A_9_1_3_comp1,P_1_A_9_1_3_comp1,R_1_A_9_1_3,TCDB,TCDB.1_A_9_1_3_comp1
G_1_C_47_3_4_comp1,P_1_C_47_3_4_comp1,R_1_C_47_3_4,TCDB,TCDB.1_C_47_3_4_comp1
G_8_A_88_1_2_comp1,P_8_A_88_1_2_comp1,R_8_A_88_1_2,TCDB,TCDB.8_A_88_1_2_comp1
G_1_A_8_9_9_comp1,P_1_A_8_9_9_comp1,R_1_A_8_9_9,TCDB,TCDB.1_A_8_9_9_comp1
G_8_A_64_1_7_comp1,P_8_A_64_1_7_comp1,R_8_A_64_1_7,TCDB,TCDB.8_A_64_1_7_comp1
G_2_A_123_1_11_comp1,P_2_A_123_1_11_comp1,R_2_A_123_1_11,TCDB,TCDB.2_A_123_1_11_comp1
G_9_B_123_1_2_comp1,P_9_B_123_1_2_comp1,R_9_B_123_1_2,TCDB,TCDB.9_B_123_1_2_comp1
G_8_A_24_3_1_comp1,P_8_A_24_3_1_comp1,R_8_A_24_3_1,TCDB,TCDB.8_A_24_3_1_comp1
G_1_A_87_3_3_comp1,P_1_A_87_3_3_comp1,R_1_A_87_3_3,TCDB,TCDB.1_A_87_3_3_comp1
G_1_C_39_2_3_comp1,P_1_C_39_2_3_comp1,R_1_C_39_2_3,TCDB,TCDB.1_C_39_2_3_comp1
G_9_B_135_2_5_comp1,P_9_B_135_2_5_comp1,R_9_B_135_2_5,TCDB,TCDB.9_B_135_2_5_comp1
G_2_A_112_1_16_comp1,P_2_A_112_1_16_comp1,R_2_A_112_1_16,TCDB,TCDB.2_A_112_1_16_comp1
G_1_A_25_3_2_comp1,P_1_A_25_3_2_comp1,R_1_A_25_3_2,TCDB,TCDB.1_A_25_3_2_comp1
G_1_A_43_2_8_comp1,P_1_A_43_2_8_comp1,R_1_A_43_2_8,TCDB,TCDB.1_A_43_2_8_comp1
G_1_H_1_6_1_comp1,P_1_H_1_6_1_comp1,R_1_H_1_6_1,TCDB,TCDB.1_H_1_6_1_comp1
G_2_A_19_7_2_comp1,P_2_A_19_7_2_comp1,R_2_A_19_7_2,TCDB,TCDB.2_A_19_7_2_comp1
G_3_A_2_2_6_comp1,P_3_A_2_2_6_comp1+3_A_2_2_6_comp2+3_A_2_2_6_comp3+3_A_2_2_6_comp4+3_A_2_2_6_comp5+3_A_2_2_6_comp6+3_A_2_2_6_comp7+3_A_2_2_6_comp8+3_A_2_2_6_comp9+3_A_2_2_6_comp10+3_A_2_2_6_comp11+3_A_2_2_6_comp12+3_A_2_2_6_comp13+3_A_2_2_6_comp14+3_A_2_2_6_comp15+3_A_2_2_6_comp16+3_A_2_2_6_comp17+3_A_2_2_6_comp18+3_A_2_2_6_comp19+3_A_2_2_6_comp20+3_A_2_2_6_comp21+3_A_2_2_6_comp22+3_A_2_2_6_comp23,R_3_A_2_2_6,TCDB,TCDB.3_A_2_2_6_comp1
G_3_A_2_2_6_comp2,P_3_A_2_2_6_comp1+3_A_2_2_6_comp2+3_A_2_2_6_comp3+3_A_2_2_6_comp4+3_A_2_2_6_comp5+3_A_2_2_6_comp6+3_A_2_2_6_comp7+3_A_2_2_6_comp8+3_A_2_2_6_comp9+3_A_2_2_6_comp10+3_A_2_2_6_comp11+3_A_2_2_6_comp12+3_A_2_2_6_comp13+3_A_2_2_6_comp14+3_A_2_2_6_comp15+3_A_2_2_6_comp16+3_A_2_2_6_comp17+3_A_2_2_6_comp18+3_A_2_2_6_comp19+3_A_2_2_6_comp20+3_A_2_2_6_comp21+3_A_2_2_6_comp22+3_A_2_2_6_comp23,R_3_A_2_2_6,TCDB,TCDB.3_A_2_2_6_comp2
G_3_A_2_2_6_comp3,P_3_A_2_2_6_comp1+3_A_2_2_6_comp2+3_A_2_2_6_comp3+3_A_2_2_6_comp4+3_A_2_2_6_comp5+3_A_2_2_6_comp6+3_A_2_2_6_comp7+3_A_2_2_6_comp8+3_A_2_2_6_comp9+3_A_2_2_6_comp10+3_A_2_2_6_comp11+3_A_2_2_6_comp12+3_A_2_2_6_comp13+3_A_2_2_6_comp14+3_A_2_2_6_comp15+3_A_2_2_6_comp16+3_A_2_2_6_comp17+3_A_2_2_6_comp18+3_A_2_2_6_comp19+3_A_2_2_6_comp20+3_A_2_2_6_comp21+3_A_2_2_6_comp22+3_A_2_2_6_comp23,R_3_A_2_2_6,TCDB,TCDB.3_A_2_2_6_comp3
G_3_A_2_2_6_comp4,P_3_A_2_2_6_comp1+3_A_2_2_6_comp2+3_A_2_2_6_comp3+3_A_2_2_6_comp4+3_A_2_2_6_comp5+3_A_2_2_6_comp6+3_A_2_2_6_comp7+3_A_2_2_6_comp8+3_A_2_2_6_comp9+3_A_2_2_6_comp10+3_A_2_2_6_comp11+3_A_2_2_6_comp12+3_A_2_2_6_comp13+3_A_2_2_6_comp14+3_A_2_2_6_comp15+3_A_2_2_6_comp16+3_A_2_2_6_comp17+3_A_2_2_6_comp18+3_A_2_2_6_comp19+3_A_2_2_6_comp20+3_A_2_2_6_comp21+3_A_2_2_6_comp22+3_A_2_2_6_comp23,R_3_A_2_2_6,TCDB,TCDB.3_A_2_2_6_comp4
G_3_A_2_2_6_comp5,P_3_A_2_2_6_comp1+3_A_2_2_6_comp2+3_A_2_2_6_comp3+3_A_2_2_6_comp4+3_A_2_2_6_comp5+3_A_2_2_6_comp6+3_A_2_2_6_comp7+3_A_2_2_6_comp8+3_A_2_2_6_comp9+3_A_2_2_6_comp10+3_A_2_2_6_comp11+3_A_2_2_6_comp12+3_A_2_2_6_comp13+3_A_2_2_6_comp14+3_A_2_2_6_comp15+3_A_2_2_6_comp16+3_A_2_2_6_comp17+3_A_2_2_6_comp18+3_A_2_2_6_comp19+3_A_2_2_6_comp20+3_A_2_2_6_comp21+3_A_2_2_6_comp22+3_A_2_2_6_comp23,R_3_A_2_2_6,TCDB,TCDB.3_A_2_2_6_comp5
G_3_A_2_2_6_comp6,P_3_A_2_2_6_comp1+3_A_2_2_6_comp2+3_A_2_2_6_comp3+3_A_2_2_6_comp4+3_A_2_2_6_comp5+3_A_2_2_6_comp6+3_A_2_2_6_comp7+3_A_2_2_6_comp8+3_A_2_2_6_comp9+3_A_2_2_6_comp10+3_A_2_2_6_comp11+3_A_2_2_6_comp12+3_A_2_2_6_comp13+3_A_2_2_6_comp14+3_A_2_2_6_comp15+3_A_2_2_6_comp16+3_A_2_2_6_comp17+3_A_2_2_6_comp18+3_A_2_2_6_comp19+3_A_2_2_6_comp20+3_A_2_2_6_comp21+3_A_2_2_6_comp22+3_A_2_2_6_comp23,R_3_A_2_2_6,TCDB,TCDB.3_A_2_2_6_comp6
G_3_A_2_2_6_comp7,P_3_A_2_2_6_comp1+3_A_2_2_6_comp2+3_A_2_2_6_comp3+3_A_2_2_6_comp4+3_A_2_2_6_comp5+3_A_2_2_6_comp6+3_A_2_2_6_comp7+3_A_2_2_6_comp8+3_A_2_2_6_comp9+3_A_2_2_6_comp10+3_A_2_2_6_comp11+3_A_2_2_6_comp12+3_A_2_2_6_comp13+3_A_2_2_6_comp14+3_A_2_2_6_comp15+3_A_2_2_6_comp16+3_A_2_2_6_comp17+3_A_2_2_6_comp18+3_A_2_2_6_comp19+3_A_2_2_6_comp20+3_A_2_2_6_comp21+3_A_2_2_6_comp22+3_A_2_2_6_comp23,R_3_A_2_2_6,TCDB,TCDB.3_A_2_2_6_comp7
G_3_A_2_2_6_comp8,P_3_A_2_2_6_comp1+3_A_2_2_6_comp2+3_A_2_2_6_comp3+3_A_2_2_6_comp4+3_A_2_2_6_comp5+3_A_2_2_6_comp6+3_A_2_2_6_comp7+3_A_2_2_6_comp8+3_A_2_2_6_comp9+3_A_2_2_6_comp10+3_A_2_2_6_comp11+3_A_2_2_6_comp12+3_A_2_2_6_comp13+3_A_2_2_6_comp14+3_A_2_2_6_comp15+3_A_2_2_6_comp16+3_A_2_2_6_comp17+3_A_2_2_6_comp18+3_A_2_2_6_comp19+3_A_2_2_6_comp20+3_A_2_2_6_comp21+3_A_2_2_6_comp22+3_A_2_2_6_comp23,R_3_A_2_2_6,TCDB,TCDB.3_A_2_2_6_comp8
G_3_A_2_2_6_comp9,P_3_A_2_2_6_comp1+3_A_2_2_6_comp2+3_A_2_2_6_comp3+3_A_2_2_6_comp4+3_A_2_2_6_comp5+3_A_2_2_6_comp6+3_A_2_2_6_comp7+3_A_2_2_6_comp8+3_A_2_2_6_comp9+3_A_2_2_6_comp10+3_A_2_2_6_comp11+3_A_2_2_6_comp12+3_A_2_2_6_comp13+3_A_2_2_6_comp14+3_A_2_2_6_comp15+3_A_2_2_6_comp16+3_A_2_2_6_comp17+3_A_2_2_6_comp18+3_A_2_2_6_comp19+3_A_2_2_6_comp20+3_A_2_2_6_comp21+3_A_2_2_6_comp22+3_A_2_2_6_comp23,R_3_A_2_2_6,TCDB,TCDB.3_A_2_2_6_comp9
G_3_A_2_2_6_comp10,P_3_A_2_2_6_comp1+3_A_2_2_6_comp2+3_A_2_2_6_comp3+3_A_2_2_6_comp4+3_A_2_2_6_comp5+3_A_2_2_6_comp6+3_A_2_2_6_comp7+3_A_2_2_6_comp8+3_A_2_2_6_comp9+3_A_2_2_6_comp10+3_A_2_2_6_comp11+3_A_2_2_6_comp12+3_A_2_2_6_comp13+3_A_2_2_6_comp14+3_A_2_2_6_comp15+3_A_2_2_6_comp16+3_A_2_2_6_comp17+3_A_2_2_6_comp18+3_A_2_2_6_comp19+3_A_2_2_6_comp20+3_A_2_2_6_comp21+3_A_2_2_6_comp22+3_A_2_2_6_comp23,R_3_A_2_2_6,TCDB,TCDB.3_A_2_2_6_comp10
G_3_A_2_2_6_comp11,P_3_A_2_2_6_comp1+3_A_2_2_6_comp2+3_A_2_2_6_comp3+3_A_2_2_6_comp4+3_A_2_2_6_comp5+3_A_2_2_6_comp6+3_A_2_2_6_comp7+3_A_2_2_6_comp8+3_A_2_2_6_comp9+3_A_2_2_6_comp10+3_A_2_2_6_comp11+3_A_2_2_6_comp12+3_A_2_2_6_comp13+3_A_2_2_6_comp14+3_A_2_2_6_comp15+3_A_2_2_6_comp16+3_A_2_2_6_comp17+3_A_2_2_6_comp18+3_A_2_2_6_comp19+3_A_2_2_6_comp20+3_A_2_2_6_comp21+3_A_2_2_6_comp22+3_A_2_2_6_comp23,R_3_A_2_2_6,TCDB,TCDB.3_A_2_2_6_comp11
G_3_A_2_2_6_comp12,P_3_A_2_2_6_comp1+3_A_2_2_6_comp2+3_A_2_2_6_comp3+3_A_2_2_6_comp4+3_A_2_2_6_comp5+3_A_2_2_6_comp6+3_A_2_2_6_comp7+3_A_2_2_6_comp8+3_A_2_2_6_comp9+3_A_2_2_6_comp10+3_A_2_2_6_comp11+3_A_2_2_6_comp12+3_A_2_2_6_comp13+3_A_2_2_6_comp14+3_A_2_2_6_comp15+3_A_2_2_6_comp16+3_A_2_2_6_comp17+3_A_2_2_6_comp18+3_A_2_2_6_comp19+3_A_2_2_6_comp20+3_A_2_2_6_comp21+3_A_2_2_6_comp22+3_A_2_2_6_comp23,R_3_A_2_2_6,TCDB,TCDB.3_A_2_2_6_comp12
G_3_A_2_2_6_comp13,P_3_A_2_2_6_comp1+3_A_2_2_6_comp2+3_A_2_2_6_comp3+3_A_2_2_6_comp4+3_A_2_2_6_comp5+3_A_2_2_6_comp6+3_A_2_2_6_comp7+3_A_2_2_6_comp8+3_A_2_2_6_comp9+3_A_2_2_6_comp10+3_A_2_2_6_comp11+3_A_2_2_6_comp12+3_A_2_2_6_comp13+3_A_2_2_6_comp14+3_A_2_2_6_comp15+3_A_2_2_6_comp16+3_A_2_2_6_comp17+3_A_2_2_6_comp18+3_A_2_2_6_comp19+3_A_2_2_6_comp20+3_A_2_2_6_comp21+3_A_2_2_6_comp22+3_A_2_2_6_comp23,R_3_A_2_2_6,TCDB,TCDB.3_A_2_2_6_comp13
G_3_A_2_2_6_comp14,P_3_A_2_2_6_comp1+3_A_2_2_6_comp2+3_A_2_2_6_comp3+3_A_2_2_6_comp4+3_A_2_2_6_comp5+3_A_2_2_6_comp6+3_A_2_2_6_comp7+3_A_2_2_6_comp8+3_A_2_2_6_comp9+3_A_2_2_6_comp10+3_A_2_2_6_comp11+3_A_2_2_6_comp12+3_A_2_2_6_comp13+3_A_2_2_6_comp14+3_A_2_2_6_comp15+3_A_2_2_6_comp16+3_A_2_2_6_comp17+3_A_2_2_6_comp18+3_A_2_2_6_comp19+3_A_2_2_6_comp20+3_A_2_2_6_comp21+3_A_2_2_6_comp22+3_A_2_2_6_comp23,R_3_A_2_2_6,TCDB,TCDB.3_A_2_2_6_comp14
G_3_A_2_2_6_comp15,P_3_A_2_2_6_comp1+3_A_2_2_6_comp2+3_A_2_2_6_comp3+3_A_2_2_6_comp4+3_A_2_2_6_comp5+3_A_2_2_6_comp6+3_A_2_2_6_comp7+3_A_2_2_6_comp8+3_A_2_2_6_comp9+3_A_2_2_6_comp10+3_A_2_2_6_comp11+3_A_2_2_6_comp12+3_A_2_2_6_comp13+3_A_2_2_6_comp14+3_A_2_2_6_comp15+3_A_2_2_6_comp16+3_A_2_2_6_comp17+3_A_2_2_6_comp18+3_A_2_2_6_comp19+3_A_2_2_6_comp20+3_A_2_2_6_comp21+3_A_2_2_6_comp22+3_A_2_2_6_comp23,R_3_A_2_2_6,TCDB,TCDB.3_A_2_2_6_comp15
G_3_A_2_2_6_comp16,P_3_A_2_2_6_comp1+3_A_2_2_6_comp2+3_A_2_2_6_comp3+3_A_2_2_6_comp4+3_A_2_2_6_comp5+3_A_2_2_6_comp6+3_A_2_2_6_comp7+3_A_2_2_6_comp8+3_A_2_2_6_comp9+3_A_2_2_6_comp10+3_A_2_2_6_comp11+3_A_2_2_6_comp12+3_A_2_2_6_comp13+3_A_2_2_6_comp14+3_A_2_2_6_comp15+3_A_2_2_6_comp16+3_A_2_2_6_comp17+3_A_2_2_6_comp18+3_A_2_2_6_comp19+3_A_2_2_6_comp20+3_A_2_2_6_comp21+3_A_2_2_6_comp22+3_A_2_2_6_comp23,R_3_A_2_2_6,TCDB,TCDB.3_A_2_2_6_comp16
G_3_A_2_2_6_comp17,P_3_A_2_2_6_comp1+3_A_2_2_6_comp2+3_A_2_2_6_comp3+3_A_2_2_6_comp4+3_A_2_2_6_comp5+3_A_2_2_6_comp6+3_A_2_2_6_comp7+3_A_2_2_6_comp8+3_A_2_2_6_comp9+3_A_2_2_6_comp10+3_A_2_2_6_comp11+3_A_2_2_6_comp12+3_A_2_2_6_comp13+3_A_2_2_6_comp14+3_A_2_2_6_comp15+3_A_2_2_6_comp16+3_A_2_2_6_comp17+3_A_2_2_6_comp18+3_A_2_2_6_comp19+3_A_2_2_6_comp20+3_A_2_2_6_comp21+3_A_2_2_6_comp22+3_A_2_2_6_comp23,R_3_A_2_2_6,TCDB,TCDB.3_A_2_2_6_comp17
G_3_A_2_2_6_comp18,P_3_A_2_2_6_comp1+3_A_2_2_6_comp2+3_A_2_2_6_comp3+3_A_2_2_6_comp4+3_A_2_2_6_comp5+3_A_2_2_6_comp6+3_A_2_2_6_comp7+3_A_2_2_6_comp8+3_A_2_2_6_comp9+3_A_2_2_6_comp10+3_A_2_2_6_comp11+3_A_2_2_6_comp12+3_A_2_2_6_comp13+3_A_2_2_6_comp14+3_A_2_2_6_comp15+3_A_2_2_6_comp16+3_A_2_2_6_comp17+3_A_2_2_6_comp18+3_A_2_2_6_comp19+3_A_2_2_6_comp20+3_A_2_2_6_comp21+3_A_2_2_6_comp22+3_A_2_2_6_comp23,R_3_A_2_2_6,TCDB,TCDB.3_A_2_2_6_comp18
G_3_A_2_2_6_comp19,P_3_A_2_2_6_comp1+3_A_2_2_6_comp2+3_A_2_2_6_comp3+3_A_2_2_6_comp4+3_A_2_2_6_comp5+3_A_2_2_6_comp6+3_A_2_2_6_comp7+3_A_2_2_6_comp8+3_A_2_2_6_comp9+3_A_2_2_6_comp10+3_A_2_2_6_comp11+3_A_2_2_6_comp12+3_A_2_2_6_comp13+3_A_2_2_6_comp14+3_A_2_2_6_comp15+3_A_2_2_6_comp16+3_A_2_2_6_comp17+3_A_2_2_6_comp18+3_A_2_2_6_comp19+3_A_2_2_6_comp20+3_A_2_2_6_comp21+3_A_2_2_6_comp22+3_A_2_2_6_comp23,R_3_A_2_2_6,TCDB,TCDB.3_A_2_2_6_comp19
G_3_A_2_2_6_comp20,P_3_A_2_2_6_comp1+3_A_2_2_6_comp2+3_A_2_2_6_comp3+3_A_2_2_6_comp4+3_A_2_2_6_comp5+3_A_2_2_6_comp6+3_A_2_2_6_comp7+3_A_2_2_6_comp8+3_A_2_2_6_comp9+3_A_2_2_6_comp10+3_A_2_2_6_comp11+3_A_2_2_6_comp12+3_A_2_2_6_comp13+3_A_2_2_6_comp14+3_A_2_2_6_comp15+3_A_2_2_6_comp16+3_A_2_2_6_comp17+3_A_2_2_6_comp18+3_A_2_2_6_comp19+3_A_2_2_6_comp20+3_A_2_2_6_comp21+3_A_2_2_6_comp22+3_A_2_2_6_comp23,R_3_A_2_2_6,TCDB,TCDB.3_A_2_2_6_comp20
G_3_A_2_2_6_comp21,P_3_A_2_2_6_comp1+3_A_2_2_6_comp2+3_A_2_2_6_comp3+3_A_2_2_6_comp4+3_A_2_2_6_comp5+3_A_2_2_6_comp6+3_A_2_2_6_comp7+3_A_2_2_6_comp8+3_A_2_2_6_comp9+3_A_2_2_6_comp10+3_A_2_2_6_comp11+3_A_2_2_6_comp12+3_A_2_2_6_comp13+3_A_2_2_6_comp14+3_A_2_2_6_comp15+3_A_2_2_6_comp16+3_A_2_2_6_comp17+3_A_2_2_6_comp18+3_A_2_2_6_comp19+3_A_2_2_6_comp20+3_A_2_2_6_comp21+3_A_2_2_6_comp22+3_A_2_2_6_comp23,R_3_A_2_2_6,TCDB,TCDB.3_A_2_2_6_comp21
G_3_A_2_2_6_comp22,P_3_A_2_2_6_comp1+3_A_2_2_6_comp2+3_A_2_2_6_comp3+3_A_2_2_6_comp4+3_A_2_2_6_comp5+3_A_2_2_6_comp6+3_A_2_2_6_comp7+3_A_2_2_6_comp8+3_A_2_2_6_comp9+3_A_2_2_6_comp10+3_A_2_2_6_comp11+3_A_2_2_6_comp12+3_A_2_2_6_comp13+3_A_2_2_6_comp14+3_A_2_2_6_comp15+3_A_2_2_6_comp16+3_A_2_2_6_comp17+3_A_2_2_6_comp18+3_A_2_2_6_comp19+3_A_2_2_6_comp20+3_A_2_2_6_comp21+3_A_2_2_6_comp22+3_A_2_2_6_comp23,R_3_A_2_2_6,TCDB,TCDB.3_A_2_2_6_comp22
G_3_A_2_2_6_comp23,P_3_A_2_2_6_comp1+3_A_2_2_6_comp2+3_A_2_2_6_comp3+3_A_2_2_6_comp4+3_A_2_2_6_comp5+3_A_2_2_6_comp6+3_A_2_2_6_comp7+3_A_2_2_6_comp8+3_A_2_2_6_comp9+3_A_2_2_6_comp10+3_A_2_2_6_comp11+3_A_2_2_6_comp12+3_A_2_2_6_comp13+3_A_2_2_6_comp14+3_A_2_2_6_comp15+3_A_2_2_6_comp16+3_A_2_2_6_comp17+3_A_2_2_6_comp18+3_A_2_2_6_comp19+3_A_2_2_6_comp20+3_A_2_2_6_comp21+3_A_2_2_6_comp22+3_A_2_2_6_comp23,R_3_A_2_2_6,TCDB,TCDB.3_A_2_2_6_comp23
G_8_A_60_1_3_comp1,P_8_A_60_1_3_comp1,R_8_A_60_1_3,TCDB,TCDB.8_A_60_1_3_comp1
G_1_B_38_1_4_comp1,P_1_B_38_1_4_comp1,R_1_B_38_1_4,TCDB,TCDB.1_B_38_1_4_comp1
G_1_A_13_1_7_comp1,P_1_A_13_1_7_comp1,R_1_A_13_1_7,TCDB,TCDB.1_A_13_1_7_comp1
G_1_A_13_1_3_comp1,P_1_A_13_1_3_comp1,R_1_A_13_1_3,TCDB,TCDB.1_A_13_1_3_comp1
G_9_B_325_1_8_comp1,P_9_B_325_1_8_comp1,R_9_B_325_1_8,TCDB,TCDB.9_B_325_1_8_comp1
G_3_A_1_111_8_comp1,P_3_A_1_111_8_comp1,R_3_A_1_111_8,TCDB,TCDB.3_A_1_111_8_comp1
G_1_E_19_1_9_comp1,P_1_E_19_1_9_comp1,R_1_E_19_1_9,TCDB,TCDB.1_E_19_1_9_comp1
G_9_B_50_2_1_comp1,P_9_B_50_2_1_comp1,R_9_B_50_2_1,TCDB,TCDB.9_B_50_2_1_comp1
G_1_E_3_2_1_comp1,P_1_E_3_2_1_comp1,R_1_E_3_2_1,TCDB,TCDB.1_E_3_2_1_comp1
G_2_A_115_2_11_comp1,P_2_A_115_2_11_comp1,R_2_A_115_2_11,TCDB,TCDB.2_A_115_2_11_comp1
G_1_B_62_1_7_comp1,P_1_B_62_1_7_comp1,R_1_B_62_1_7,TCDB,TCDB.1_B_62_1_7_comp1
G_2_A_102_2_8_comp1,P_2_A_102_2_8_comp1,R_2_A_102_2_8,TCDB,TCDB.2_A_102_2_8_comp1
G_1_E_29_3_1_comp1,P_1_E_29_3_1_comp1,R_1_E_29_3_1,TCDB,TCDB.1_E_29_3_1_comp1
G_1_E_31_2_4_comp1,P_1_E_31_2_4_comp1,R_1_E_31_2_4,TCDB,TCDB.1_E_31_2_4_comp1
G_3_A_3_6_25_comp1,P_3_A_3_6_25_comp1,R_3_A_3_6_25,TCDB,TCDB.3_A_3_6_25_comp1
G_1_A_33_2_2_comp1,P_1_A_33_2_2_comp1,R_1_A_33_2_2,TCDB,TCDB.1_A_33_2_2_comp1
G_9_B_110_2_1_comp1,P_9_B_110_2_1_comp1,R_9_B_110_2_1,TCDB,TCDB.9_B_110_2_1_comp1
G_1_B_14_16_8_comp1,P_1_B_14_16_8_comp1,R_1_B_14_16_8,TCDB,TCDB.1_B_14_16_8_comp1
G_1_A_77_3_19_comp1,P_1_A_77_3_19_comp1,R_1_A_77_3_19,TCDB,TCDB.1_A_77_3_19_comp1
G_9_B_161_1_2_comp1,P_9_B_161_1_2_comp1,R_9_B_161_1_2,TCDB,TCDB.9_B_161_1_2_comp1
G_9_B_102_1_16_comp1,P_9_B_102_1_16_comp1,R_9_B_102_1_16,TCDB,TCDB.9_B_102_1_16_comp1
G_2_A_1_14_48_comp1,P_2_A_1_14_48_comp1,R_2_A_1_14_48,TCDB,TCDB.2_A_1_14_48_comp1
G_9_B_35_2_2_comp1,P_9_B_35_2_2_comp1,R_9_B_35_2_2,TCDB,TCDB.9_B_35_2_2_comp1
G_9_B_155_1_2_comp1,P_9_B_155_1_2_comp1,R_9_B_155_1_2,TCDB,TCDB.9_B_155_1_2_comp1
G_2_A_46_1_4_comp1,P_2_A_46_1_4_comp1,R_2_A_46_1_4,TCDB,TCDB.2_A_46_1_4_comp1
G_4_D_2_2_2_comp1,P_4_D_2_2_2_comp1,R_4_D_2_2_2,TCDB,TCDB.4_D_2_2_2_comp1
G_1_A_77_2_12_comp1,P_1_A_77_2_12_comp1,R_1_A_77_2_12,TCDB,TCDB.1_A_77_2_12_comp1
G_9_B_62_2_2_comp1,P_9_B_62_2_2_comp1,R_9_B_62_2_2,TCDB,TCDB.9_B_62_2_2_comp1
G_2_A_113_1_9_comp1,P_2_A_113_1_9_comp1,R_2_A_113_1_9,TCDB,TCDB.2_A_113_1_9_comp1
G_1_B_73_1_2_comp1,P_1_B_73_1_2_comp1,R_1_B_73_1_2,TCDB,TCDB.1_B_73_1_2_comp1
G_1_B_16_1_11_comp1,P_1_B_16_1_11_comp1,R_1_B_16_1_11,TCDB,TCDB.1_B_16_1_11_comp1
G_1_B_67_1_3_comp1,P_1_B_67_1_3_comp1,R_1_B_67_1_3,TCDB,TCDB.1_B_67_1_3_comp1
G_1_B_65_1_3_comp1,P_1_B_65_1_3_comp1,R_1_B_65_1_3,TCDB,TCDB.1_B_65_1_3_comp1
G_1_B_16_1_6_comp1,P_1_B_16_1_6_comp1,R_1_B_16_1_6,TCDB,TCDB.1_B_16_1_6_comp1
G_9_B_147_1_2_comp1,P_9_B_147_1_2_comp1,R_9_B_147_1_2,TCDB,TCDB.9_B_147_1_2_comp1
G_1_C_39_7_5_comp1,P_1_C_39_7_5_comp1,R_1_C_39_7_5,TCDB,TCDB.1_C_39_7_5_comp1
G_1_A_13_4_1_comp1,P_1_A_13_4_1_comp1,R_1_A_13_4_1,TCDB,TCDB.1_A_13_4_1_comp1
G_1_B_75_2_2_comp1,P_1_B_75_2_2_comp1,R_1_B_75_2_2,TCDB,TCDB.1_B_75_2_2_comp1
G_3_A_1_105_12_comp1,P_3_A_1_105_12_comp1+3_A_1_105_12_comp2+3_A_1_105_12_comp3,R_3_A_1_105_12,TCDB,TCDB.3_A_1_105_12_comp1
G_3_A_1_105_12_comp2,P_3_A_1_105_12_comp1+3_A_1_105_12_comp2+3_A_1_105_12_comp3,R_3_A_1_105_12,TCDB,TCDB.3_A_1_105_12_comp2
G_3_A_1_105_12_comp3,P_3_A_1_105_12_comp1+3_A_1_105_12_comp2+3_A_1_105_12_comp3,R_3_A_1_105_12,TCDB,TCDB.3_A_1_105_12_comp3
G_2_A_73_1_3_comp1,P_2_A_73_1_3_comp1,R_2_A_73_1_3,TCDB,TCDB.2_A_73_1_3_comp1
G_9_B_167_1_2_comp1,P_9_B_167_1_2_comp1,R_9_B_167_1_2,TCDB,TCDB.9_B_167_1_2_comp1
G_1_B_60_1_6_comp1,P_1_B_60_1_6_comp1,R_1_B_60_1_6,TCDB,TCDB.1_B_60_1_6_comp1
G_1_B_81_1_7_comp1,P_1_B_81_1_7_comp1,R_1_B_81_1_7,TCDB,TCDB.1_B_81_1_7_comp1
G_9_B_8_3_3_comp1,P_9_B_8_3_3_comp1,R_9_B_8_3_3,TCDB,TCDB.9_B_8_3_3_comp1
G_1_B_45_2_1_comp1,P_1_B_45_2_1_comp1,R_1_B_45_2_1,TCDB,TCDB.1_B_45_2_1_comp1
G_1_E_40_4_2_comp1,P_1_E_40_4_2_comp1,R_1_E_40_4_2,TCDB,TCDB.1_E_40_4_2_comp1
G_1_A_77_3_6_comp1,P_1_A_77_3_6_comp1,R_1_A_77_3_6,TCDB,TCDB.1_A_77_3_6_comp1
G_9_B_107_1_1_comp1,P_9_B_107_1_1_comp1,R_9_B_107_1_1,TCDB,TCDB.9_B_107_1_1_comp1
G_2_A_3_9_5_comp1,P_2_A_3_9_5_comp1,R_2_A_3_9_5,TCDB,TCDB.2_A_3_9_5_comp1
G_2_A_86_1_11_comp1,P_2_A_86_1_11_comp1,R_2_A_86_1_11,TCDB,TCDB.2_A_86_1_11_comp1
G_3_A_1_147_2_comp1,P_3_A_1_147_2_comp1+3_A_1_147_2_comp2,R_3_A_1_147_2,TCDB,TCDB.3_A_1_147_2_comp1
G_3_A_1_147_2_comp2,P_3_A_1_147_2_comp1+3_A_1_147_2_comp2,R_3_A_1_147_2,TCDB,TCDB.3_A_1_147_2_comp2
G_1_E_55_2_2_comp1,P_1_E_55_2_2_comp1,R_1_E_55_2_2,TCDB,TCDB.1_E_55_2_2_comp1
G_2_A_118_1_5_comp1,P_2_A_118_1_5_comp1,R_2_A_118_1_5,TCDB,TCDB.2_A_118_1_5_comp1
G_1_B_81_1_16_comp1,P_1_B_81_1_16_comp1,R_1_B_81_1_16,TCDB,TCDB.1_B_81_1_16_comp1
G_2_A_1_35_3_comp1,P_2_A_1_35_3_comp1,R_2_A_1_35_3,TCDB,TCDB.2_A_1_35_3_comp1
G_2_A_39_1_4_comp1,P_2_A_39_1_4_comp1,R_2_A_39_1_4,TCDB,TCDB.2_A_39_1_4_comp1
G_1_E_26_2_3_comp1,P_1_E_26_2_3_comp1,R_1_E_26_2_3,TCDB,TCDB.1_E_26_2_3_comp1
G_1_C_74_1_4_comp1,P_1_C_74_1_4_comp1,R_1_C_74_1_4,TCDB,TCDB.1_C_74_1_4_comp1
G_1_E_32_1_2_comp1,P_1_E_32_1_2_comp1,R_1_E_32_1_2,TCDB,TCDB.1_E_32_1_2_comp1
G_2_A_66_2_20_comp1,P_2_A_66_2_20_comp1,R_2_A_66_2_20,TCDB,TCDB.2_A_66_2_20_comp1
G_1_B_14_16_5_comp1,P_1_B_14_16_5_comp1,R_1_B_14_16_5,TCDB,TCDB.1_B_14_16_5_comp1
G_1_B_17_1_5_comp1,P_1_B_17_1_5_comp1,R_1_B_17_1_5,TCDB,TCDB.1_B_17_1_5_comp1
G_1_B_18_3_4_comp1,P_1_B_18_3_4_comp1,R_1_B_18_3_4,TCDB,TCDB.1_B_18_3_4_comp1
G_8_A_3_5_1_comp1,P_8_A_3_5_1_comp1,R_8_A_3_5_1,TCDB,TCDB.8_A_3_5_1_comp1
G_9_B_8_1_1_comp1,P_9_B_8_1_1_comp1,R_9_B_8_1_1,TCDB,TCDB.9_B_8_1_1_comp1
G_1_B_40_3_1_comp1,P_1_B_40_3_1_comp1,R_1_B_40_3_1,TCDB,TCDB.1_B_40_3_1_comp1
G_1_C_36_3_5_comp1,P_1_C_36_3_5_comp1,R_1_C_36_3_5,TCDB,TCDB.1_C_36_3_5_comp1
G_2_A_89_1_4_comp1,P_2_A_89_1_4_comp1,R_2_A_89_1_4,TCDB,TCDB.2_A_89_1_4_comp1
G_4_D_1_3_1_comp1,P_4_D_1_3_1_comp1,R_4_D_1_3_1,TCDB,TCDB.4_D_1_3_1_comp1
G_2_A_1_78_1_comp1,P_2_A_1_78_1_comp1,R_2_A_1_78_1,TCDB,TCDB.2_A_1_78_1_comp1
G_5_A_1_5_3_comp1,P_5_A_1_5_3_comp1,R_5_A_1_5_3,TCDB,TCDB.5_A_1_5_3_comp1
G_1_B_9_3_2_comp1,P_1_B_9_3_2_comp1,R_1_B_9_3_2,TCDB,TCDB.1_B_9_3_2_comp1
G_9_B_53_1_1_comp1,P_9_B_53_1_1_comp1,R_9_B_53_1_1,TCDB,TCDB.9_B_53_1_1_comp1
G_2_A_126_1_1_comp1,P_2_A_126_1_1_comp1,R_2_A_126_1_1,TCDB,TCDB.2_A_126_1_1_comp1
G_9_B_36_3_1_comp1,P_9_B_36_3_1_comp1,R_9_B_36_3_1,TCDB,TCDB.9_B_36_3_1_comp1
G_9_B_155_1_1_comp1,P_9_B_155_1_1_comp1,R_9_B_155_1_1,TCDB,TCDB.9_B_155_1_1_comp1
G_2_A_1_7_19_comp1,P_2_A_1_7_19_comp1,R_2_A_1_7_19,TCDB,TCDB.2_A_1_7_19_comp1
G_3_A_2_1_6_comp1,P_3_A_2_1_6_comp1+3_A_2_1_6_comp2+3_A_2_1_6_comp3+3_A_2_1_6_comp4+3_A_2_1_6_comp5+3_A_2_1_6_comp6+3_A_2_1_6_comp7+3_A_2_1_6_comp8,R_3_A_2_1_6,TCDB,TCDB.3_A_2_1_6_comp1
G_3_A_2_1_6_comp2,P_3_A_2_1_6_comp1+3_A_2_1_6_comp2+3_A_2_1_6_comp3+3_A_2_1_6_comp4+3_A_2_1_6_comp5+3_A_2_1_6_comp6+3_A_2_1_6_comp7+3_A_2_1_6_comp8,R_3_A_2_1_6,TCDB,TCDB.3_A_2_1_6_comp2
G_3_A_2_1_6_comp3,P_3_A_2_1_6_comp1+3_A_2_1_6_comp2+3_A_2_1_6_comp3+3_A_2_1_6_comp4+3_A_2_1_6_comp5+3_A_2_1_6_comp6+3_A_2_1_6_comp7+3_A_2_1_6_comp8,R_3_A_2_1_6,TCDB,TCDB.3_A_2_1_6_comp3
G_3_A_2_1_6_comp4,P_3_A_2_1_6_comp1+3_A_2_1_6_comp2+3_A_2_1_6_comp3+3_A_2_1_6_comp4+3_A_2_1_6_comp5+3_A_2_1_6_comp6+3_A_2_1_6_comp7+3_A_2_1_6_comp8,R_3_A_2_1_6,TCDB,TCDB.3_A_2_1_6_comp4
G_3_A_2_1_6_comp5,P_3_A_2_1_6_comp1+3_A_2_1_6_comp2+3_A_2_1_6_comp3+3_A_2_1_6_comp4+3_A_2_1_6_comp5+3_A_2_1_6_comp6+3_A_2_1_6_comp7+3_A_2_1_6_comp8,R_3_A_2_1_6,TCDB,TCDB.3_A_2_1_6_comp5
G_3_A_2_1_6_comp6,P_3_A_2_1_6_comp1+3_A_2_1_6_comp2+3_A_2_1_6_comp3+3_A_2_1_6_comp4+3_A_2_1_6_comp5+3_A_2_1_6_comp6+3_A_2_1_6_comp7+3_A_2_1_6_comp8,R_3_A_2_1_6,TCDB,TCDB.3_A_2_1_6_comp6
G_3_A_2_1_6_comp7,P_3_A_2_1_6_comp1+3_A_2_1_6_comp2+3_A_2_1_6_comp3+3_A_2_1_6_comp4+3_A_2_1_6_comp5+3_A_2_1_6_comp6+3_A_2_1_6_comp7+3_A_2_1_6_comp8,R_3_A_2_1_6,TCDB,TCDB.3_A_2_1_6_comp7
G_3_A_2_1_6_comp8,P_3_A_2_1_6_comp1+3_A_2_1_6_comp2+3_A_2_1_6_comp3+3_A_2_1_6_comp4+3_A_2_1_6_comp5+3_A_2_1_6_comp6+3_A_2_1_6_comp7+3_A_2_1_6_comp8,R_3_A_2_1_6,TCDB,TCDB.3_A_2_1_6_comp8
G_2_A_1_61_3_comp1,P_2_A_1_61_3_comp1,R_2_A_1_61_3,TCDB,TCDB.2_A_1_61_3_comp1
G_1_B_2_1_3_comp1,P_1_B_2_1_3_comp1,R_1_B_2_1_3,TCDB,TCDB.1_B_2_1_3_comp1
G_5_B_7_3_1_comp1,P_5_B_7_3_1_comp1,R_5_B_7_3_1,TCDB,TCDB.5_B_7_3_1_comp1
G_9_B_163_1_5_comp1,P_9_B_163_1_5_comp1,R_9_B_163_1_5,TCDB,TCDB.9_B_163_1_5_comp1
G_2_A_1_78_2_comp1,P_2_A_1_78_2_comp1,R_2_A_1_78_2,TCDB,TCDB.2_A_1_78_2_comp1
G_9_B_163_1_4_comp1,P_9_B_163_1_4_comp1,R_9_B_163_1_4,TCDB,TCDB.9_B_163_1_4_comp1
G_3_A_1_111_6_comp1,P_3_A_1_111_6_comp1,R_3_A_1_111_6,TCDB,TCDB.3_A_1_111_6_comp1
G_1_A_101_3_2_comp1,P_1_A_101_3_2_comp1,R_1_A_101_3_2,TCDB,TCDB.1_A_101_3_2_comp1
G_8_B_25_1_6_comp1,P_8_B_25_1_6_comp1,R_8_B_25_1_6,TCDB,TCDB.8_B_25_1_6_comp1
G_1_C_39_14_2_comp1,P_1_C_39_14_2_comp1,R_1_C_39_14_2,TCDB,TCDB.1_C_39_14_2_comp1
G_2_A_1_6_11_comp1,P_2_A_1_6_11_comp1,R_2_A_1_6_11,TCDB,TCDB.2_A_1_6_11_comp1
G_1_E_37_1_2_comp1,P_1_E_37_1_2_comp1,R_1_E_37_1_2,TCDB,TCDB.1_E_37_1_2_comp1
G_3_E_1_7_4_comp1,P_3_E_1_7_4_comp1,R_3_E_1_7_4,TCDB,TCDB.3_E_1_7_4_comp1
G_1_C_116_1_4_comp1,P_1_C_116_1_4_comp1,R_1_C_116_1_4,TCDB,TCDB.1_C_116_1_4_comp1
G_8_B_1_1_6_comp1,P_8_B_1_1_6_comp1,R_8_B_1_1_6,TCDB,TCDB.8_B_1_1_6_comp1
G_1_C_42_1_4_comp1,P_1_C_42_1_4_comp1,R_1_C_42_1_4,TCDB,TCDB.1_C_42_1_4_comp1
G_1_C_123_1_6_comp1,P_1_C_123_1_6_comp1,R_1_C_123_1_6,TCDB,TCDB.1_C_123_1_6_comp1
G_4_A_2_1_21_comp1,P_4_A_2_1_21_comp1+4_A_2_1_21_comp2,R_4_A_2_1_21,TCDB,TCDB.4_A_2_1_21_comp1
G_4_A_2_1_21_comp2,P_4_A_2_1_21_comp1+4_A_2_1_21_comp2,R_4_A_2_1_21,TCDB,TCDB.4_A_2_1_21_comp2
G_1_A_16_1_3_comp1,P_1_A_16_1_3_comp1,R_1_A_16_1_3,TCDB,TCDB.1_A_16_1_3_comp1
G_9_B_248_1_2_comp1,P_9_B_248_1_2_comp1,R_9_B_248_1_2,TCDB,TCDB.9_B_248_1_2_comp1
G_9_B_109_1_3_comp1,P_9_B_109_1_3_comp1,R_9_B_109_1_3,TCDB,TCDB.9_B_109_1_3_comp1
G_1_E_29_2_6_comp1,P_1_E_29_2_6_comp1,R_1_E_29_2_6,TCDB,TCDB.1_E_29_2_6_comp1
G_9_B_8_1_4_comp1,P_9_B_8_1_4_comp1,R_9_B_8_1_4,TCDB,TCDB.9_B_8_1_4_comp1
G_9_B_2_1_8_comp1,P_9_B_2_1_8_comp1,R_9_B_2_1_8,TCDB,TCDB.9_B_2_1_8_comp1
G_1_B_65_1_9_comp1,P_1_B_65_1_9_comp1,R_1_B_65_1_9,TCDB,TCDB.1_B_65_1_9_comp1
G_9_B_45_2_2_comp1,P_9_B_45_2_2_comp1,R_9_B_45_2_2,TCDB,TCDB.9_B_45_2_2_comp1
G_2_A_121_2_4_comp1,P_2_A_121_2_4_comp1,R_2_A_121_2_4,TCDB,TCDB.2_A_121_2_4_comp1
G_9_B_1_2_2_comp1,P_9_B_1_2_2_comp1,R_9_B_1_2_2,TCDB,TCDB.9_B_1_2_2_comp1
G_9_B_247_1_4_comp1,P_9_B_247_1_4_comp1,R_9_B_247_1_4,TCDB,TCDB.9_B_247_1_4_comp1
G_1_B_6_2_7_comp1,P_1_B_6_2_7_comp1,R_1_B_6_2_7,TCDB,TCDB.1_B_6_2_7_comp1
G_1_E_16_1_4_comp1,P_1_E_16_1_4_comp1,R_1_E_16_1_4,TCDB,TCDB.1_E_16_1_4_comp1
G_2_A_87_2_3_comp1,P_2_A_87_2_3_comp1,R_2_A_87_2_3,TCDB,TCDB.2_A_87_2_3_comp1
G_1_B_6_1_8_comp1,P_1_B_6_1_8_comp1,R_1_B_6_1_8,TCDB,TCDB.1_B_6_1_8_comp1
G_1_C_84_1_2_comp1,P_1_C_84_1_2_comp1,R_1_C_84_1_2,TCDB,TCDB.1_C_84_1_2_comp1
G_1_C_105_2_11_comp1,P_1_C_105_2_11_comp1,R_1_C_105_2_11,TCDB,TCDB.1_C_105_2_11_comp1
G_2_A_123_3_1_comp1,P_2_A_123_3_1_comp1,R_2_A_123_3_1,TCDB,TCDB.2_A_123_3_1_comp1
G_1_B_6_5_5_comp1,P_1_B_6_5_5_comp1,R_1_B_6_5_5,TCDB,TCDB.1_B_6_5_5_comp1
G_2_A_1_86_2_comp1,P_2_A_1_86_2_comp1,R_2_A_1_86_2,TCDB,TCDB.2_A_1_86_2_comp1
G_4_A_1_2_19_comp1,P_4_A_1_2_19_comp1,R_4_A_1_2_19,TCDB,TCDB.4_A_1_2_19_comp1
G_3_D_10_1_4_comp1,P_3_D_10_1_4_comp1+3_D_10_1_4_comp2+3_D_10_1_4_comp3,R_3_D_10_1_4,TCDB,TCDB.3_D_10_1_4_comp1
G_3_D_10_1_4_comp2,P_3_D_10_1_4_comp1+3_D_10_1_4_comp2+3_D_10_1_4_comp3,R_3_D_10_1_4,TCDB,TCDB.3_D_10_1_4_comp2
G_3_D_10_1_4_comp3,P_3_D_10_1_4_comp1+3_D_10_1_4_comp2+3_D_10_1_4_comp3,R_3_D_10_1_4,TCDB,TCDB.3_D_10_1_4_comp3
G_3_A_1_154_3_comp1,P_3_A_1_154_3_comp1,R_3_A_1_154_3,TCDB,TCDB.3_A_1_154_3_comp1
G_1_A_23_4_9_comp1,P_1_A_23_4_9_comp1,R_1_A_23_4_9,TCDB,TCDB.1_A_23_4_9_comp1
G_4_A_1_2_18_comp1,P_4_A_1_2_18_comp1,R_4_A_1_2_18,TCDB,TCDB.4_A_1_2_18_comp1
G_1_C_12_2_3_comp1,P_1_C_12_2_3_comp1,R_1_C_12_2_3,TCDB,TCDB.1_C_12_2_3_comp1
G_9_B_153_4_4_comp1,P_9_B_153_4_4_comp1,R_9_B_153_4_4,TCDB,TCDB.9_B_153_4_4_comp1
G_1_B_14_6_10_comp1,P_1_B_14_6_10_comp1,R_1_B_14_6_10,TCDB,TCDB.1_B_14_6_10_comp1
G_2_A_118_1_3_comp1,P_2_A_118_1_3_comp1,R_2_A_118_1_3,TCDB,TCDB.2_A_118_1_3_comp1
G_1_B_57_4_3_comp1,P_1_B_57_4_3_comp1,R_1_B_57_4_3,TCDB,TCDB.1_B_57_4_3_comp1
G_3_A_1_132_9_comp1,P_3_A_1_132_9_comp1+3_A_1_132_9_comp2,R_3_A_1_132_9,TCDB,TCDB.3_A_1_132_9_comp1
G_3_A_1_132_9_comp2,P_3_A_1_132_9_comp1+3_A_1_132_9_comp2,R_3_A_1_132_9,TCDB,TCDB.3_A_1_132_9_comp2
G_8_A_46_1_2_comp1,P_8_A_46_1_2_comp1,R_8_A_46_1_2,TCDB,TCDB.8_A_46_1_2_comp1
G_1_B_25_1_21_comp1,P_1_B_25_1_21_comp1,R_1_B_25_1_21,TCDB,TCDB.1_B_25_1_21_comp1
G_9_B_29_3_2_comp1,P_9_B_29_3_2_comp1+9_B_29_3_2_comp2+9_B_29_3_2_comp3,R_9_B_29_3_2,TCDB,TCDB.9_B_29_3_2_comp1
G_9_B_29_3_2_comp2,P_9_B_29_3_2_comp1+9_B_29_3_2_comp2+9_B_29_3_2_comp3,R_9_B_29_3_2,TCDB,TCDB.9_B_29_3_2_comp2
G_9_B_29_3_2_comp3,P_9_B_29_3_2_comp1+9_B_29_3_2_comp2+9_B_29_3_2_comp3,R_9_B_29_3_2,TCDB,TCDB.9_B_29_3_2_comp3
G_9_B_67_7_3_comp1,P_9_B_67_7_3_comp1,R_9_B_67_7_3,TCDB,TCDB.9_B_67_7_3_comp1
G_9_B_18_1_1_comp1,P_9_B_18_1_1_comp1,R_9_B_18_1_1,TCDB,TCDB.9_B_18_1_1_comp1
G_1_B_34_2_2_comp1,P_1_B_34_2_2_comp1,R_1_B_34_2_2,TCDB,TCDB.1_B_34_2_2_comp1
G_1_B_6_2_10_comp1,P_1_B_6_2_10_comp1,R_1_B_6_2_10,TCDB,TCDB.1_B_6_2_10_comp1
G_1_E_3_3_1_comp1,P_1_E_3_3_1_comp1,R_1_E_3_3_1,TCDB,TCDB.1_E_3_3_1_comp1
G_1_E_43_2_2_comp1,P_1_E_43_2_2_comp1,R_1_E_43_2_2,TCDB,TCDB.1_E_43_2_2_comp1
G_9_B_8_3_2_comp1,P_9_B_8_3_2_comp1,R_9_B_8_3_2,TCDB,TCDB.9_B_8_3_2_comp1
G_2_A_7_34_6_comp1,P_2_A_7_34_6_comp1,R_2_A_7_34_6,TCDB,TCDB.2_A_7_34_6_comp1
G_1_E_55_1_3_comp1,P_1_E_55_1_3_comp1,R_1_E_55_1_3,TCDB,TCDB.1_E_55_1_3_comp1
G_1_C_57_4_1_comp1,P_1_C_57_4_1_comp1,R_1_C_57_4_1,TCDB,TCDB.1_C_57_4_1_comp1
G_9_A_69_1_1_comp1,P_9_A_69_1_1_comp1+9_A_69_1_1_comp2+9_A_69_1_1_comp3,R_9_A_69_1_1,TCDB,TCDB.9_A_69_1_1_comp1
G_9_A_69_1_1_comp2,P_9_A_69_1_1_comp1+9_A_69_1_1_comp2+9_A_69_1_1_comp3,R_9_A_69_1_1,TCDB,TCDB.9_A_69_1_1_comp2
G_9_A_69_1_1_comp3,P_9_A_69_1_1_comp1+9_A_69_1_1_comp2+9_A_69_1_1_comp3,R_9_A_69_1_1,TCDB,TCDB.9_A_69_1_1_comp3
G_9_B_149_1_2_comp1,P_9_B_149_1_2_comp1,R_9_B_149_1_2,TCDB,TCDB.9_B_149_1_2_comp1
G_9_B_145_1_5_comp1,P_9_B_145_1_5_comp1,R_9_B_145_1_5,TCDB,TCDB.9_B_145_1_5_comp1
G_1_A_1_5_17_comp1,P_1_A_1_5_17_comp1,R_1_A_1_5_17,TCDB,TCDB.1_A_1_5_17_comp1
G_1_B_48_3_1_comp1,P_1_B_48_3_1_comp1,R_1_B_48_3_1,TCDB,TCDB.1_B_48_3_1_comp1
G_1_B_38_2_2_comp1,P_1_B_38_2_2_comp1,R_1_B_38_2_2,TCDB,TCDB.1_B_38_2_2_comp1
G_1_B_38_2_1_comp1,P_1_B_38_2_1_comp1,R_1_B_38_2_1,TCDB,TCDB.1_B_38_2_1_comp1
G_9_B_2_4_1_comp1,P_9_B_2_4_1_comp1,R_9_B_2_4_1,TCDB,TCDB.9_B_2_4_1_comp1
G_9_B_2_6_6_comp1,P_9_B_2_6_6_comp1,R_9_B_2_6_6,TCDB,TCDB.9_B_2_6_6_comp1
G_2_A_7_3_44_comp1,P_2_A_7_3_44_comp1,R_2_A_7_3_44,TCDB,TCDB.2_A_7_3_44_comp1
G_3_A_1_143_2_comp1,P_3_A_1_143_2_comp1+3_A_1_143_2_comp2,R_3_A_1_143_2,TCDB,TCDB.3_A_1_143_2_comp1
G_3_A_1_143_2_comp2,P_3_A_1_143_2_comp1+3_A_1_143_2_comp2,R_3_A_1_143_2,TCDB,TCDB.3_A_1_143_2_comp2
G_8_A_46_1_6_comp1,P_8_A_46_1_6_comp1,R_8_A_46_1_6,TCDB,TCDB.8_A_46_1_6_comp1
G_1_E_19_6_3_comp1,P_1_E_19_6_3_comp1,R_1_E_19_6_3,TCDB,TCDB.1_E_19_6_3_comp1
G_1_B_6_6_1_comp1,P_1_B_6_6_1_comp1,R_1_B_6_6_1,TCDB,TCDB.1_B_6_6_1_comp1
G_1_E_9_1_9_comp1,P_1_E_9_1_9_comp1,R_1_E_9_1_9,TCDB,TCDB.1_E_9_1_9_comp1
G_2_A_123_4_3_comp1,P_2_A_123_4_3_comp1,R_2_A_123_4_3,TCDB,TCDB.2_A_123_4_3_comp1
G_1_E_6_3_2_comp1,P_1_E_6_3_2_comp1,R_1_E_6_3_2,TCDB,TCDB.1_E_6_3_2_comp1
G_9_B_153_3_16_comp1,P_9_B_153_3_16_comp1,R_9_B_153_3_16,TCDB,TCDB.9_B_153_3_16_comp1
G_9_B_169_2_5_comp1,P_9_B_169_2_5_comp1,R_9_B_169_2_5,TCDB,TCDB.9_B_169_2_5_comp1
G_1_B_14_6_11_comp1,P_1_B_14_6_11_comp1,R_1_B_14_6_11,TCDB,TCDB.1_B_14_6_11_comp1
G_9_B_142_2_3_comp1,P_9_B_142_2_3_comp1,R_9_B_142_2_3,TCDB,TCDB.9_B_142_2_3_comp1
G_3_E_1_1_3_comp1,P_3_E_1_1_3_comp1,R_3_E_1_1_3,TCDB,TCDB.3_E_1_1_3_comp1
G_9_B_323_1_6_comp1,P_9_B_323_1_6_comp1,R_9_B_323_1_6,TCDB,TCDB.9_B_323_1_6_comp1
G_9_B_217_2_11_comp1,P_9_B_217_2_11_comp1,R_9_B_217_2_11,TCDB,TCDB.9_B_217_2_11_comp1
G_3_A_1_15_15_comp1,P_3_A_1_15_15_comp1+3_A_1_15_15_comp2+3_A_1_15_15_comp3,R_3_A_1_15_15,TCDB,TCDB.3_A_1_15_15_comp1
G_3_A_1_15_15_comp2,P_3_A_1_15_15_comp1+3_A_1_15_15_comp2+3_A_1_15_15_comp3,R_3_A_1_15_15,TCDB,TCDB.3_A_1_15_15_comp2
G_3_A_1_15_15_comp3,P_3_A_1_15_15_comp1+3_A_1_15_15_comp2+3_A_1_15_15_comp3,R_3_A_1_15_15,TCDB,TCDB.3_A_1_15_15_comp3
G_1_G_4_1_6_comp1,P_1_G_4_1_6_comp1,R_1_G_4_1_6,TCDB,TCDB.1_G_4_1_6_comp1
G_2_A_106_1_2_comp1,P_2_A_106_1_2_comp1,R_2_A_106_1_2,TCDB,TCDB.2_A_106_1_2_comp1
G_9_B_148_1_1_comp1,P_9_B_148_1_1_comp1,R_9_B_148_1_1,TCDB,TCDB.9_B_148_1_1_comp1
G_1_B_40_1_6_comp1,P_1_B_40_1_6_comp1,R_1_B_40_1_6,TCDB,TCDB.1_B_40_1_6_comp1
G_2_A_113_2_1_comp1,P_2_A_113_2_1_comp1,R_2_A_113_2_1,TCDB,TCDB.2_A_113_2_1_comp1
G_3_A_1_105_11_comp1,P_3_A_1_105_11_comp1,R_3_A_1_105_11,TCDB,TCDB.3_A_1_105_11_comp1
G_3_E_1_1_8_comp1,P_3_E_1_1_8_comp1,R_3_E_1_1_8,TCDB,TCDB.3_E_1_1_8_comp1
G_9_B_276_1_2_comp1,P_9_B_276_1_2_comp1,R_9_B_276_1_2,TCDB,TCDB.9_B_276_1_2_comp1
G_1_I_1_1_2_comp1,P_1_I_1_1_2_comp1+1_I_1_1_2_comp2+1_I_1_1_2_comp3+1_I_1_1_2_comp4+1_I_1_1_2_comp5+1_I_1_1_2_comp6+1_I_1_1_2_comp7+1_I_1_1_2_comp8+1_I_1_1_2_comp9+1_I_1_1_2_comp10+1_I_1_1_2_comp11+1_I_1_1_2_comp12+1_I_1_1_2_comp13+1_I_1_1_2_comp14+1_I_1_1_2_comp15+1_I_1_1_2_comp16+1_I_1_1_2_comp17+1_I_1_1_2_comp18+1_I_1_1_2_comp19+1_I_1_1_2_comp20+1_I_1_1_2_comp21+1_I_1_1_2_comp22+1_I_1_1_2_comp23+1_I_1_1_2_comp24+1_I_1_1_2_comp25+1_I_1_1_2_comp26+1_I_1_1_2_comp27+1_I_1_1_2_comp28+1_I_1_1_2_comp29,R_1_I_1_1_2,TCDB,TCDB.1_I_1_1_2_comp1
G_1_I_1_1_2_comp2,P_1_I_1_1_2_comp1+1_I_1_1_2_comp2+1_I_1_1_2_comp3+1_I_1_1_2_comp4+1_I_1_1_2_comp5+1_I_1_1_2_comp6+1_I_1_1_2_comp7+1_I_1_1_2_comp8+1_I_1_1_2_comp9+1_I_1_1_2_comp10+1_I_1_1_2_comp11+1_I_1_1_2_comp12+1_I_1_1_2_comp13+1_I_1_1_2_comp14+1_I_1_1_2_comp15+1_I_1_1_2_comp16+1_I_1_1_2_comp17+1_I_1_1_2_comp18+1_I_1_1_2_comp19+1_I_1_1_2_comp20+1_I_1_1_2_comp21+1_I_1_1_2_comp22+1_I_1_1_2_comp23+1_I_1_1_2_comp24+1_I_1_1_2_comp25+1_I_1_1_2_comp26+1_I_1_1_2_comp27+1_I_1_1_2_comp28+1_I_1_1_2_comp29,R_1_I_1_1_2,TCDB,TCDB.1_I_1_1_2_comp2
G_1_I_1_1_2_comp3,P_1_I_1_1_2_comp1+1_I_1_1_2_comp2+1_I_1_1_2_comp3+1_I_1_1_2_comp4+1_I_1_1_2_comp5+1_I_1_1_2_comp6+1_I_1_1_2_comp7+1_I_1_1_2_comp8+1_I_1_1_2_comp9+1_I_1_1_2_comp10+1_I_1_1_2_comp11+1_I_1_1_2_comp12+1_I_1_1_2_comp13+1_I_1_1_2_comp14+1_I_1_1_2_comp15+1_I_1_1_2_comp16+1_I_1_1_2_comp17+1_I_1_1_2_comp18+1_I_1_1_2_comp19+1_I_1_1_2_comp20+1_I_1_1_2_comp21+1_I_1_1_2_comp22+1_I_1_1_2_comp23+1_I_1_1_2_comp24+1_I_1_1_2_comp25+1_I_1_1_2_comp26+1_I_1_1_2_comp27+1_I_1_1_2_comp28+1_I_1_1_2_comp29,R_1_I_1_1_2,TCDB,TCDB.1_I_1_1_2_comp3
G_1_I_1_1_2_comp4,P_1_I_1_1_2_comp1+1_I_1_1_2_comp2+1_I_1_1_2_comp3+1_I_1_1_2_comp4+1_I_1_1_2_comp5+1_I_1_1_2_comp6+1_I_1_1_2_comp7+1_I_1_1_2_comp8+1_I_1_1_2_comp9+1_I_1_1_2_comp10+1_I_1_1_2_comp11+1_I_1_1_2_comp12+1_I_1_1_2_comp13+1_I_1_1_2_comp14+1_I_1_1_2_comp15+1_I_1_1_2_comp16+1_I_1_1_2_comp17+1_I_1_1_2_comp18+1_I_1_1_2_comp19+1_I_1_1_2_comp20+1_I_1_1_2_comp21+1_I_1_1_2_comp22+1_I_1_1_2_comp23+1_I_1_1_2_comp24+1_I_1_1_2_comp25+1_I_1_1_2_comp26+1_I_1_1_2_comp27+1_I_1_1_2_comp28+1_I_1_1_2_comp29,R_1_I_1_1_2,TCDB,TCDB.1_I_1_1_2_comp4
G_1_I_1_1_2_comp5,P_1_I_1_1_2_comp1+1_I_1_1_2_comp2+1_I_1_1_2_comp3+1_I_1_1_2_comp4+1_I_1_1_2_comp5+1_I_1_1_2_comp6+1_I_1_1_2_comp7+1_I_1_1_2_comp8+1_I_1_1_2_comp9+1_I_1_1_2_comp10+1_I_1_1_2_comp11+1_I_1_1_2_comp12+1_I_1_1_2_comp13+1_I_1_1_2_comp14+1_I_1_1_2_comp15+1_I_1_1_2_comp16+1_I_1_1_2_comp17+1_I_1_1_2_comp18+1_I_1_1_2_comp19+1_I_1_1_2_comp20+1_I_1_1_2_comp21+1_I_1_1_2_comp22+1_I_1_1_2_comp23+1_I_1_1_2_comp24+1_I_1_1_2_comp25+1_I_1_1_2_comp26+1_I_1_1_2_comp27+1_I_1_1_2_comp28+1_I_1_1_2_comp29,R_1_I_1_1_2,TCDB,TCDB.1_I_1_1_2_comp5
G_1_I_1_1_2_comp6,P_1_I_1_1_2_comp1+1_I_1_1_2_comp2+1_I_1_1_2_comp3+1_I_1_1_2_comp4+1_I_1_1_2_comp5+1_I_1_1_2_comp6+1_I_1_1_2_comp7+1_I_1_1_2_comp8+1_I_1_1_2_comp9+1_I_1_1_2_comp10+1_I_1_1_2_comp11+1_I_1_1_2_comp12+1_I_1_1_2_comp13+1_I_1_1_2_comp14+1_I_1_1_2_comp15+1_I_1_1_2_comp16+1_I_1_1_2_comp17+1_I_1_1_2_comp18+1_I_1_1_2_comp19+1_I_1_1_2_comp20+1_I_1_1_2_comp21+1_I_1_1_2_comp22+1_I_1_1_2_comp23+1_I_1_1_2_comp24+1_I_1_1_2_comp25+1_I_1_1_2_comp26+1_I_1_1_2_comp27+1_I_1_1_2_comp28+1_I_1_1_2_comp29,R_1_I_1_1_2,TCDB,TCDB.1_I_1_1_2_comp6
G_1_I_1_1_2_comp7,P_1_I_1_1_2_comp1+1_I_1_1_2_comp2+1_I_1_1_2_comp3+1_I_1_1_2_comp4+1_I_1_1_2_comp5+1_I_1_1_2_comp6+1_I_1_1_2_comp7+1_I_1_1_2_comp8+1_I_1_1_2_comp9+1_I_1_1_2_comp10+1_I_1_1_2_comp11+1_I_1_1_2_comp12+1_I_1_1_2_comp13+1_I_1_1_2_comp14+1_I_1_1_2_comp15+1_I_1_1_2_comp16+1_I_1_1_2_comp17+1_I_1_1_2_comp18+1_I_1_1_2_comp19+1_I_1_1_2_comp20+1_I_1_1_2_comp21+1_I_1_1_2_comp22+1_I_1_1_2_comp23+1_I_1_1_2_comp24+1_I_1_1_2_comp25+1_I_1_1_2_comp26+1_I_1_1_2_comp27+1_I_1_1_2_comp28+1_I_1_1_2_comp29,R_1_I_1_1_2,TCDB,TCDB.1_I_1_1_2_comp7
G_1_I_1_1_2_comp8,P_1_I_1_1_2_comp1+1_I_1_1_2_comp2+1_I_1_1_2_comp3+1_I_1_1_2_comp4+1_I_1_1_2_comp5+1_I_1_1_2_comp6+1_I_1_1_2_comp7+1_I_1_1_2_comp8+1_I_1_1_2_comp9+1_I_1_1_2_comp10+1_I_1_1_2_comp11+1_I_1_1_2_comp12+1_I_1_1_2_comp13+1_I_1_1_2_comp14+1_I_1_1_2_comp15+1_I_1_1_2_comp16+1_I_1_1_2_comp17+1_I_1_1_2_comp18+1_I_1_1_2_comp19+1_I_1_1_2_comp20+1_I_1_1_2_comp21+1_I_1_1_2_comp22+1_I_1_1_2_comp23+1_I_1_1_2_comp24+1_I_1_1_2_comp25+1_I_1_1_2_comp26+1_I_1_1_2_comp27+1_I_1_1_2_comp28+1_I_1_1_2_comp29,R_1_I_1_1_2,TCDB,TCDB.1_I_1_1_2_comp8
G_1_I_1_1_2_comp9,P_1_I_1_1_2_comp1+1_I_1_1_2_comp2+1_I_1_1_2_comp3+1_I_1_1_2_comp4+1_I_1_1_2_comp5+1_I_1_1_2_comp6+1_I_1_1_2_comp7+1_I_1_1_2_comp8+1_I_1_1_2_comp9+1_I_1_1_2_comp10+1_I_1_1_2_comp11+1_I_1_1_2_comp12+1_I_1_1_2_comp13+1_I_1_1_2_comp14+1_I_1_1_2_comp15+1_I_1_1_2_comp16+1_I_1_1_2_comp17+1_I_1_1_2_comp18+1_I_1_1_2_comp19+1_I_1_1_2_comp20+1_I_1_1_2_comp21+1_I_1_1_2_comp22+1_I_1_1_2_comp23+1_I_1_1_2_comp24+1_I_1_1_2_comp25+1_I_1_1_2_comp26+1_I_1_1_2_comp27+1_I_1_1_2_comp28+1_I_1_1_2_comp29,R_1_I_1_1_2,TCDB,TCDB.1_I_1_1_2_comp9
G_1_I_1_1_2_comp10,P_1_I_1_1_2_comp1+1_I_1_1_2_comp2+1_I_1_1_2_comp3+1_I_1_1_2_comp4+1_I_1_1_2_comp5+1_I_1_1_2_comp6+1_I_1_1_2_comp7+1_I_1_1_2_comp8+1_I_1_1_2_comp9+1_I_1_1_2_comp10+1_I_1_1_2_comp11+1_I_1_1_2_comp12+1_I_1_1_2_comp13+1_I_1_1_2_comp14+1_I_1_1_2_comp15+1_I_1_1_2_comp16+1_I_1_1_2_comp17+1_I_1_1_2_comp18+1_I_1_1_2_comp19+1_I_1_1_2_comp20+1_I_1_1_2_comp21+1_I_1_1_2_comp22+1_I_1_1_2_comp23+1_I_1_1_2_comp24+1_I_1_1_2_comp25+1_I_1_1_2_comp26+1_I_1_1_2_comp27+1_I_1_1_2_comp28+1_I_1_1_2_comp29,R_1_I_1_1_2,TCDB,TCDB.1_I_1_1_2_comp10
G_1_I_1_1_2_comp11,P_1_I_1_1_2_comp1+1_I_1_1_2_comp2+1_I_1_1_2_comp3+1_I_1_1_2_comp4+1_I_1_1_2_comp5+1_I_1_1_2_comp6+1_I_1_1_2_comp7+1_I_1_1_2_comp8+1_I_1_1_2_comp9+1_I_1_1_2_comp10+1_I_1_1_2_comp11+1_I_1_1_2_comp12+1_I_1_1_2_comp13+1_I_1_1_2_comp14+1_I_1_1_2_comp15+1_I_1_1_2_comp16+1_I_1_1_2_comp17+1_I_1_1_2_comp18+1_I_1_1_2_comp19+1_I_1_1_2_comp20+1_I_1_1_2_comp21+1_I_1_1_2_comp22+1_I_1_1_2_comp23+1_I_1_1_2_comp24+1_I_1_1_2_comp25+1_I_1_1_2_comp26+1_I_1_1_2_comp27+1_I_1_1_2_comp28+1_I_1_1_2_comp29,R_1_I_1_1_2,TCDB,TCDB.1_I_1_1_2_comp11
G_1_I_1_1_2_comp12,P_1_I_1_1_2_comp1+1_I_1_1_2_comp2+1_I_1_1_2_comp3+1_I_1_1_2_comp4+1_I_1_1_2_comp5+1_I_1_1_2_comp6+1_I_1_1_2_comp7+1_I_1_1_2_comp8+1_I_1_1_2_comp9+1_I_1_1_2_comp10+1_I_1_1_2_comp11+1_I_1_1_2_comp12+1_I_1_1_2_comp13+1_I_1_1_2_comp14+1_I_1_1_2_comp15+1_I_1_1_2_comp16+1_I_1_1_2_comp17+1_I_1_1_2_comp18+1_I_1_1_2_comp19+1_I_1_1_2_comp20+1_I_1_1_2_comp21+1_I_1_1_2_comp22+1_I_1_1_2_comp23+1_I_1_1_2_comp24+1_I_1_1_2_comp25+1_I_1_1_2_comp26+1_I_1_1_2_comp27+1_I_1_1_2_comp28+1_I_1_1_2_comp29,R_1_I_1_1_2,TCDB,TCDB.1_I_1_1_2_comp12
G_1_I_1_1_2_comp13,P_1_I_1_1_2_comp1+1_I_1_1_2_comp2+1_I_1_1_2_comp3+1_I_1_1_2_comp4+1_I_1_1_2_comp5+1_I_1_1_2_comp6+1_I_1_1_2_comp7+1_I_1_1_2_comp8+1_I_1_1_2_comp9+1_I_1_1_2_comp10+1_I_1_1_2_comp11+1_I_1_1_2_comp12+1_I_1_1_2_comp13+1_I_1_1_2_comp14+1_I_1_1_2_comp15+1_I_1_1_2_comp16+1_I_1_1_2_comp17+1_I_1_1_2_comp18+1_I_1_1_2_comp19+1_I_1_1_2_comp20+1_I_1_1_2_comp21+1_I_1_1_2_comp22+1_I_1_1_2_comp23+1_I_1_1_2_comp24+1_I_1_1_2_comp25+1_I_1_1_2_comp26+1_I_1_1_2_comp27+1_I_1_1_2_comp28+1_I_1_1_2_comp29,R_1_I_1_1_2,TCDB,TCDB.1_I_1_1_2_comp13
G_1_I_1_1_2_comp14,P_1_I_1_1_2_comp1+1_I_1_1_2_comp2+1_I_1_1_2_comp3+1_I_1_1_2_comp4+1_I_1_1_2_comp5+1_I_1_1_2_comp6+1_I_1_1_2_comp7+1_I_1_1_2_comp8+1_I_1_1_2_comp9+1_I_1_1_2_comp10+1_I_1_1_2_comp11+1_I_1_1_2_comp12+1_I_1_1_2_comp13+1_I_1_1_2_comp14+1_I_1_1_2_comp15+1_I_1_1_2_comp16+1_I_1_1_2_comp17+1_I_1_1_2_comp18+1_I_1_1_2_comp19+1_I_1_1_2_comp20+1_I_1_1_2_comp21+1_I_1_1_2_comp22+1_I_1_1_2_comp23+1_I_1_1_2_comp24+1_I_1_1_2_comp25+1_I_1_1_2_comp26+1_I_1_1_2_comp27+1_I_1_1_2_comp28+1_I_1_1_2_comp29,R_1_I_1_1_2,TCDB,TCDB.1_I_1_1_2_comp14
G_1_I_1_1_2_comp15,P_1_I_1_1_2_comp1+1_I_1_1_2_comp2+1_I_1_1_2_comp3+1_I_1_1_2_comp4+1_I_1_1_2_comp5+1_I_1_1_2_comp6+1_I_1_1_2_comp7+1_I_1_1_2_comp8+1_I_1_1_2_comp9+1_I_1_1_2_comp10+1_I_1_1_2_comp11+1_I_1_1_2_comp12+1_I_1_1_2_comp13+1_I_1_1_2_comp14+1_I_1_1_2_comp15+1_I_1_1_2_comp16+1_I_1_1_2_comp17+1_I_1_1_2_comp18+1_I_1_1_2_comp19+1_I_1_1_2_comp20+1_I_1_1_2_comp21+1_I_1_1_2_comp22+1_I_1_1_2_comp23+1_I_1_1_2_comp24+1_I_1_1_2_comp25+1_I_1_1_2_comp26+1_I_1_1_2_comp27+1_I_1_1_2_comp28+1_I_1_1_2_comp29,R_1_I_1_1_2,TCDB,TCDB.1_I_1_1_2_comp15
G_1_I_1_1_2_comp16,P_1_I_1_1_2_comp1+1_I_1_1_2_comp2+1_I_1_1_2_comp3+1_I_1_1_2_comp4+1_I_1_1_2_comp5+1_I_1_1_2_comp6+1_I_1_1_2_comp7+1_I_1_1_2_comp8+1_I_1_1_2_comp9+1_I_1_1_2_comp10+1_I_1_1_2_comp11+1_I_1_1_2_comp12+1_I_1_1_2_comp13+1_I_1_1_2_comp14+1_I_1_1_2_comp15+1_I_1_1_2_comp16+1_I_1_1_2_comp17+1_I_1_1_2_comp18+1_I_1_1_2_comp19+1_I_1_1_2_comp20+1_I_1_1_2_comp21+1_I_1_1_2_comp22+1_I_1_1_2_comp23+1_I_1_1_2_comp24+1_I_1_1_2_comp25+1_I_1_1_2_comp26+1_I_1_1_2_comp27+1_I_1_1_2_comp28+1_I_1_1_2_comp29,R_1_I_1_1_2,TCDB,TCDB.1_I_1_1_2_comp16
G_1_I_1_1_2_comp17,P_1_I_1_1_2_comp1+1_I_1_1_2_comp2+1_I_1_1_2_comp3+1_I_1_1_2_comp4+1_I_1_1_2_comp5+1_I_1_1_2_comp6+1_I_1_1_2_comp7+1_I_1_1_2_comp8+1_I_1_1_2_comp9+1_I_1_1_2_comp10+1_I_1_1_2_comp11+1_I_1_1_2_comp12+1_I_1_1_2_comp13+1_I_1_1_2_comp14+1_I_1_1_2_comp15+1_I_1_1_2_comp16+1_I_1_1_2_comp17+1_I_1_1_2_comp18+1_I_1_1_2_comp19+1_I_1_1_2_comp20+1_I_1_1_2_comp21+1_I_1_1_2_comp22+1_I_1_1_2_comp23+1_I_1_1_2_comp24+1_I_1_1_2_comp25+1_I_1_1_2_comp26+1_I_1_1_2_comp27+1_I_1_1_2_comp28+1_I_1_1_2_comp29,R_1_I_1_1_2,TCDB,TCDB.1_I_1_1_2_comp17
G_1_I_1_1_2_comp18,P_1_I_1_1_2_comp1+1_I_1_1_2_comp2+1_I_1_1_2_comp3+1_I_1_1_2_comp4+1_I_1_1_2_comp5+1_I_1_1_2_comp6+1_I_1_1_2_comp7+1_I_1_1_2_comp8+1_I_1_1_2_comp9+1_I_1_1_2_comp10+1_I_1_1_2_comp11+1_I_1_1_2_comp12+1_I_1_1_2_comp13+1_I_1_1_2_comp14+1_I_1_1_2_comp15+1_I_1_1_2_comp16+1_I_1_1_2_comp17+1_I_1_1_2_comp18+1_I_1_1_2_comp19+1_I_1_1_2_comp20+1_I_1_1_2_comp21+1_I_1_1_2_comp22+1_I_1_1_2_comp23+1_I_1_1_2_comp24+1_I_1_1_2_comp25+1_I_1_1_2_comp26+1_I_1_1_2_comp27+1_I_1_1_2_comp28+1_I_1_1_2_comp29,R_1_I_1_1_2,TCDB,TCDB.1_I_1_1_2_comp18
G_1_I_1_1_2_comp19,P_1_I_1_1_2_comp1+1_I_1_1_2_comp2+1_I_1_1_2_comp3+1_I_1_1_2_comp4+1_I_1_1_2_comp5+1_I_1_1_2_comp6+1_I_1_1_2_comp7+1_I_1_1_2_comp8+1_I_1_1_2_comp9+1_I_1_1_2_comp10+1_I_1_1_2_comp11+1_I_1_1_2_comp12+1_I_1_1_2_comp13+1_I_1_1_2_comp14+1_I_1_1_2_comp15+1_I_1_1_2_comp16+1_I_1_1_2_comp17+1_I_1_1_2_comp18+1_I_1_1_2_comp19+1_I_1_1_2_comp20+1_I_1_1_2_comp21+1_I_1_1_2_comp22+1_I_1_1_2_comp23+1_I_1_1_2_comp24+1_I_1_1_2_comp25+1_I_1_1_2_comp26+1_I_1_1_2_comp27+1_I_1_1_2_comp28+1_I_1_1_2_comp29,R_1_I_1_1_2,TCDB,TCDB.1_I_1_1_2_comp19
G_1_I_1_1_2_comp20,P_1_I_1_1_2_comp1+1_I_1_1_2_comp2+1_I_1_1_2_comp3+1_I_1_1_2_comp4+1_I_1_1_2_comp5+1_I_1_1_2_comp6+1_I_1_1_2_comp7+1_I_1_1_2_comp8+1_I_1_1_2_comp9+1_I_1_1_2_comp10+1_I_1_1_2_comp11+1_I_1_1_2_comp12+1_I_1_1_2_comp13+1_I_1_1_2_comp14+1_I_1_1_2_comp15+1_I_1_1_2_comp16+1_I_1_1_2_comp17+1_I_1_1_2_comp18+1_I_1_1_2_comp19+1_I_1_1_2_comp20+1_I_1_1_2_comp21+1_I_1_1_2_comp22+1_I_1_1_2_comp23+1_I_1_1_2_comp24+1_I_1_1_2_comp25+1_I_1_1_2_comp26+1_I_1_1_2_comp27+1_I_1_1_2_comp28+1_I_1_1_2_comp29,R_1_I_1_1_2,TCDB,TCDB.1_I_1_1_2_comp20
G_1_I_1_1_2_comp21,P_1_I_1_1_2_comp1+1_I_1_1_2_comp2+1_I_1_1_2_comp3+1_I_1_1_2_comp4+1_I_1_1_2_comp5+1_I_1_1_2_comp6+1_I_1_1_2_comp7+1_I_1_1_2_comp8+1_I_1_1_2_comp9+1_I_1_1_2_comp10+1_I_1_1_2_comp11+1_I_1_1_2_comp12+1_I_1_1_2_comp13+1_I_1_1_2_comp14+1_I_1_1_2_comp15+1_I_1_1_2_comp16+1_I_1_1_2_comp17+1_I_1_1_2_comp18+1_I_1_1_2_comp19+1_I_1_1_2_comp20+1_I_1_1_2_comp21+1_I_1_1_2_comp22+1_I_1_1_2_comp23+1_I_1_1_2_comp24+1_I_1_1_2_comp25+1_I_1_1_2_comp26+1_I_1_1_2_comp27+1_I_1_1_2_comp28+1_I_1_1_2_comp29,R_1_I_1_1_2,TCDB,TCDB.1_I_1_1_2_comp21
G_1_I_1_1_2_comp22,P_1_I_1_1_2_comp1+1_I_1_1_2_comp2+1_I_1_1_2_comp3+1_I_1_1_2_comp4+1_I_1_1_2_comp5+1_I_1_1_2_comp6+1_I_1_1_2_comp7+1_I_1_1_2_comp8+1_I_1_1_2_comp9+1_I_1_1_2_comp10+1_I_1_1_2_comp11+1_I_1_1_2_comp12+1_I_1_1_2_comp13+1_I_1_1_2_comp14+1_I_1_1_2_comp15+1_I_1_1_2_comp16+1_I_1_1_2_comp17+1_I_1_1_2_comp18+1_I_1_1_2_comp19+1_I_1_1_2_comp20+1_I_1_1_2_comp21+1_I_1_1_2_comp22+1_I_1_1_2_comp23+1_I_1_1_2_comp24+1_I_1_1_2_comp25+1_I_1_1_2_comp26+1_I_1_1_2_comp27+1_I_1_1_2_comp28+1_I_1_1_2_comp29,R_1_I_1_1_2,TCDB,TCDB.1_I_1_1_2_comp22
G_1_I_1_1_2_comp23,P_1_I_1_1_2_comp1+1_I_1_1_2_comp2+1_I_1_1_2_comp3+1_I_1_1_2_comp4+1_I_1_1_2_comp5+1_I_1_1_2_comp6+1_I_1_1_2_comp7+1_I_1_1_2_comp8+1_I_1_1_2_comp9+1_I_1_1_2_comp10+1_I_1_1_2_comp11+1_I_1_1_2_comp12+1_I_1_1_2_comp13+1_I_1_1_2_comp14+1_I_1_1_2_comp15+1_I_1_1_2_comp16+1_I_1_1_2_comp17+1_I_1_1_2_comp18+1_I_1_1_2_comp19+1_I_1_1_2_comp20+1_I_1_1_2_comp21+1_I_1_1_2_comp22+1_I_1_1_2_comp23+1_I_1_1_2_comp24+1_I_1_1_2_comp25+1_I_1_1_2_comp26+1_I_1_1_2_comp27+1_I_1_1_2_comp28+1_I_1_1_2_comp29,R_1_I_1_1_2,TCDB,TCDB.1_I_1_1_2_comp23
G_1_I_1_1_2_comp24,P_1_I_1_1_2_comp1+1_I_1_1_2_comp2+1_I_1_1_2_comp3+1_I_1_1_2_comp4+1_I_1_1_2_comp5+1_I_1_1_2_comp6+1_I_1_1_2_comp7+1_I_1_1_2_comp8+1_I_1_1_2_comp9+1_I_1_1_2_comp10+1_I_1_1_2_comp11+1_I_1_1_2_comp12+1_I_1_1_2_comp13+1_I_1_1_2_comp14+1_I_1_1_2_comp15+1_I_1_1_2_comp16+1_I_1_1_2_comp17+1_I_1_1_2_comp18+1_I_1_1_2_comp19+1_I_1_1_2_comp20+1_I_1_1_2_comp21+1_I_1_1_2_comp22+1_I_1_1_2_comp23+1_I_1_1_2_comp24+1_I_1_1_2_comp25+1_I_1_1_2_comp26+1_I_1_1_2_comp27+1_I_1_1_2_comp28+1_I_1_1_2_comp29,R_1_I_1_1_2,TCDB,TCDB.1_I_1_1_2_comp24
G_1_I_1_1_2_comp25,P_1_I_1_1_2_comp1+1_I_1_1_2_comp2+1_I_1_1_2_comp3+1_I_1_1_2_comp4+1_I_1_1_2_comp5+1_I_1_1_2_comp6+1_I_1_1_2_comp7+1_I_1_1_2_comp8+1_I_1_1_2_comp9+1_I_1_1_2_comp10+1_I_1_1_2_comp11+1_I_1_1_2_comp12+1_I_1_1_2_comp13+1_I_1_1_2_comp14+1_I_1_1_2_comp15+1_I_1_1_2_comp16+1_I_1_1_2_comp17+1_I_1_1_2_comp18+1_I_1_1_2_comp19+1_I_1_1_2_comp20+1_I_1_1_2_comp21+1_I_1_1_2_comp22+1_I_1_1_2_comp23+1_I_1_1_2_comp24+1_I_1_1_2_comp25+1_I_1_1_2_comp26+1_I_1_1_2_comp27+1_I_1_1_2_comp28+1_I_1_1_2_comp29,R_1_I_1_1_2,TCDB,TCDB.1_I_1_1_2_comp25
G_1_I_1_1_2_comp26,P_1_I_1_1_2_comp1+1_I_1_1_2_comp2+1_I_1_1_2_comp3+1_I_1_1_2_comp4+1_I_1_1_2_comp5+1_I_1_1_2_comp6+1_I_1_1_2_comp7+1_I_1_1_2_comp8+1_I_1_1_2_comp9+1_I_1_1_2_comp10+1_I_1_1_2_comp11+1_I_1_1_2_comp12+1_I_1_1_2_comp13+1_I_1_1_2_comp14+1_I_1_1_2_comp15+1_I_1_1_2_comp16+1_I_1_1_2_comp17+1_I_1_1_2_comp18+1_I_1_1_2_comp19+1_I_1_1_2_comp20+1_I_1_1_2_comp21+1_I_1_1_2_comp22+1_I_1_1_2_comp23+1_I_1_1_2_comp24+1_I_1_1_2_comp25+1_I_1_1_2_comp26+1_I_1_1_2_comp27+1_I_1_1_2_comp28+1_I_1_1_2_comp29,R_1_I_1_1_2,TCDB,TCDB.1_I_1_1_2_comp26
G_1_I_1_1_2_comp27,P_1_I_1_1_2_comp1+1_I_1_1_2_comp2+1_I_1_1_2_comp3+1_I_1_1_2_comp4+1_I_1_1_2_comp5+1_I_1_1_2_comp6+1_I_1_1_2_comp7+1_I_1_1_2_comp8+1_I_1_1_2_comp9+1_I_1_1_2_comp10+1_I_1_1_2_comp11+1_I_1_1_2_comp12+1_I_1_1_2_comp13+1_I_1_1_2_comp14+1_I_1_1_2_comp15+1_I_1_1_2_comp16+1_I_1_1_2_comp17+1_I_1_1_2_comp18+1_I_1_1_2_comp19+1_I_1_1_2_comp20+1_I_1_1_2_comp21+1_I_1_1_2_comp22+1_I_1_1_2_comp23+1_I_1_1_2_comp24+1_I_1_1_2_comp25+1_I_1_1_2_comp26+1_I_1_1_2_comp27+1_I_1_1_2_comp28+1_I_1_1_2_comp29,R_1_I_1_1_2,TCDB,TCDB.1_I_1_1_2_comp27
G_1_I_1_1_2_comp28,P_1_I_1_1_2_comp1+1_I_1_1_2_comp2+1_I_1_1_2_comp3+1_I_1_1_2_comp4+1_I_1_1_2_comp5+1_I_1_1_2_comp6+1_I_1_1_2_comp7+1_I_1_1_2_comp8+1_I_1_1_2_comp9+1_I_1_1_2_comp10+1_I_1_1_2_comp11+1_I_1_1_2_comp12+1_I_1_1_2_comp13+1_I_1_1_2_comp14+1_I_1_1_2_comp15+1_I_1_1_2_comp16+1_I_1_1_2_comp17+1_I_1_1_2_comp18+1_I_1_1_2_comp19+1_I_1_1_2_comp20+1_I_1_1_2_comp21+1_I_1_1_2_comp22+1_I_1_1_2_comp23+1_I_1_1_2_comp24+1_I_1_1_2_comp25+1_I_1_1_2_comp26+1_I_1_1_2_comp27+1_I_1_1_2_comp28+1_I_1_1_2_comp29,R_1_I_1_1_2,TCDB,TCDB.1_I_1_1_2_comp28
G_1_I_1_1_2_comp29,P_1_I_1_1_2_comp1+1_I_1_1_2_comp2+1_I_1_1_2_comp3+1_I_1_1_2_comp4+1_I_1_1_2_comp5+1_I_1_1_2_comp6+1_I_1_1_2_comp7+1_I_1_1_2_comp8+1_I_1_1_2_comp9+1_I_1_1_2_comp10+1_I_1_1_2_comp11+1_I_1_1_2_comp12+1_I_1_1_2_comp13+1_I_1_1_2_comp14+1_I_1_1_2_comp15+1_I_1_1_2_comp16+1_I_1_1_2_comp17+1_I_1_1_2_comp18+1_I_1_1_2_comp19+1_I_1_1_2_comp20+1_I_1_1_2_comp21+1_I_1_1_2_comp22+1_I_1_1_2_comp23+1_I_1_1_2_comp24+1_I_1_1_2_comp25+1_I_1_1_2_comp26+1_I_1_1_2_comp27+1_I_1_1_2_comp28+1_I_1_1_2_comp29,R_1_I_1_1_2,TCDB,TCDB.1_I_1_1_2_comp29
G_1_B_94_1_7_comp1,P_1_B_94_1_7_comp1,R_1_B_94_1_7,TCDB,TCDB.1_B_94_1_7_comp1
G_4_G_1_1_5_comp1,P_4_G_1_1_5_comp1,R_4_G_1_1_5,TCDB,TCDB.4_G_1_1_5_comp1
G_9_A_49_1_6_comp1,P_9_A_49_1_6_comp1,R_9_A_49_1_6,TCDB,TCDB.9_A_49_1_6_comp1
G_2_A_126_1_13_comp1,P_2_A_126_1_13_comp1,R_2_A_126_1_13,TCDB,TCDB.2_A_126_1_13_comp1
G_9_B_182_1_3_comp1,P_9_B_182_1_3_comp1,R_9_B_182_1_3,TCDB,TCDB.9_B_182_1_3_comp1
G_1_C_6_1_5_comp1,P_1_C_6_1_5_comp1,R_1_C_6_1_5,TCDB,TCDB.1_C_6_1_5_comp1
G_1_B_23_1_10_comp1,P_1_B_23_1_10_comp1,R_1_B_23_1_10,TCDB,TCDB.1_B_23_1_10_comp1
G_1_B_23_1_18_comp1,P_1_B_23_1_18_comp1,R_1_B_23_1_18,TCDB,TCDB.1_B_23_1_18_comp1
G_1_B_6_1_7_comp1,P_1_B_6_1_7_comp1,R_1_B_6_1_7,TCDB,TCDB.1_B_6_1_7_comp1
G_1_E_19_1_8_comp1,P_1_E_19_1_8_comp1,R_1_E_19_1_8,TCDB,TCDB.1_E_19_1_8_comp1
G_1_B_6_1_9_comp1,P_1_B_6_1_9_comp1,R_1_B_6_1_9,TCDB,TCDB.1_B_6_1_9_comp1
G_1_E_26_1_10_comp1,P_1_E_26_1_10_comp1,R_1_E_26_1_10,TCDB,TCDB.1_E_26_1_10_comp1
G_1_C_105_2_13_comp1,P_1_C_105_2_13_comp1,R_1_C_105_2_13,TCDB,TCDB.1_C_105_2_13_comp1
G_2_A_126_1_11_comp1,P_2_A_126_1_11_comp1,R_2_A_126_1_11,TCDB,TCDB.2_A_126_1_11_comp1
G_1_C_6_1_4_comp1,P_1_C_6_1_4_comp1,R_1_C_6_1_4,TCDB,TCDB.1_C_6_1_4_comp1
G_1_M_1_2_5_comp1,P_1_M_1_2_5_comp1,R_1_M_1_2_5,TCDB,TCDB.1_M_1_2_5_comp1
G_1_A_119_1_1_comp1,P_1_A_119_1_1_comp1,R_1_A_119_1_1,TCDB,TCDB.1_A_119_1_1_comp1
G_1_E_36_6_1_comp1,P_1_E_36_6_1_comp1,R_1_E_36_6_1,TCDB,TCDB.1_E_36_6_1_comp1
G_1_E_36_1_3_comp1,P_1_E_36_1_3_comp1,R_1_E_36_1_3,TCDB,TCDB.1_E_36_1_3_comp1
G_1_E_35_1_2_comp1,P_1_E_35_1_2_comp1,R_1_E_35_1_2,TCDB,TCDB.1_E_35_1_2_comp1
G_1_E_36_1_5_comp1,P_1_E_36_1_5_comp1,R_1_E_36_1_5,TCDB,TCDB.1_E_36_1_5_comp1
G_1_E_36_6_4_comp1,P_1_E_36_6_4_comp1,R_1_E_36_6_4,TCDB,TCDB.1_E_36_6_4_comp1
G_1_E_36_1_4_comp1,P_1_E_36_1_4_comp1,R_1_E_36_1_4,TCDB,TCDB.1_E_36_1_4_comp1
G_1_E_40_1_2_comp1,P_1_E_40_1_2_comp1,R_1_E_40_1_2,TCDB,TCDB.1_E_40_1_2_comp1
G_1_M_1_1_6_comp1,P_1_M_1_1_6_comp1,R_1_M_1_1_6,TCDB,TCDB.1_M_1_1_6_comp1
G_1_E_40_1_4_comp1,P_1_E_40_1_4_comp1,R_1_E_40_1_4,TCDB,TCDB.1_E_40_1_4_comp1
G_1_A_4_6_7_comp1,P_1_A_4_6_7_comp1,R_1_A_4_6_7,TCDB,TCDB.1_A_4_6_7_comp1
G_1_A_7_1_9_comp1,P_1_A_7_1_9_comp1,R_1_A_7_1_9,TCDB,TCDB.1_A_7_1_9_comp1
G_1_A_64_6_2_comp1,P_1_A_64_6_2_comp1,R_1_A_64_6_2,TCDB,TCDB.1_A_64_6_2_comp1
G_2_A_1_2_123_comp1,P_2_A_1_2_123_comp1,R_2_A_1_2_123,TCDB,TCDB.2_A_1_2_123_comp1
G_9_B_324_1_1_comp1,P_9_B_324_1_1_comp1,R_9_B_324_1_1,TCDB,TCDB.9_B_324_1_1_comp1
G_3_A_1_208_24_comp1,P_3_A_1_208_24_comp1,R_3_A_1_208_24,TCDB,TCDB.3_A_1_208_24_comp1
G_1_E_24_3_1_comp1,P_1_E_24_3_1_comp1,R_1_E_24_3_1,TCDB,TCDB.1_E_24_3_1_comp1
G_9_B_121_2_1_comp1,P_9_B_121_2_1_comp1,R_9_B_121_2_1,TCDB,TCDB.9_B_121_2_1_comp1
G_9_B_224_1_4_comp1,P_9_B_224_1_4_comp1,R_9_B_224_1_4,TCDB,TCDB.9_B_224_1_4_comp1
G_3_A_1_152_6_comp1,P_3_A_1_152_6_comp1,R_3_A_1_152_6,TCDB,TCDB.3_A_1_152_6_comp1
G_9_B_297_2_4_comp1,P_9_B_297_2_4_comp1,R_9_B_297_2_4,TCDB,TCDB.9_B_297_2_4_comp1
G_9_B_124_1_4_comp1,P_9_B_124_1_4_comp1,R_9_B_124_1_4,TCDB,TCDB.9_B_124_1_4_comp1
G_1_E_53_1_8_comp1,P_1_E_53_1_8_comp1,R_1_E_53_1_8,TCDB,TCDB.1_E_53_1_8_comp1
G_1_E_33_1_3_comp1,P_1_E_33_1_3_comp1,R_1_E_33_1_3,TCDB,TCDB.1_E_33_1_3_comp1
G_9_B_146_1_2_comp1,P_9_B_146_1_2_comp1,R_9_B_146_1_2,TCDB,TCDB.9_B_146_1_2_comp1
G_2_A_61_2_3_comp1,P_2_A_61_2_3_comp1,R_2_A_61_2_3,TCDB,TCDB.2_A_61_2_3_comp1
G_9_B_121_1_2_comp1,P_9_B_121_1_2_comp1,R_9_B_121_1_2,TCDB,TCDB.9_B_121_1_2_comp1
G_9_B_29_3_4_comp1,P_9_B_29_3_4_comp1,R_9_B_29_3_4,TCDB,TCDB.9_B_29_3_4_comp1
G_1_E_6_2_2_comp1,P_1_E_6_2_2_comp1,R_1_E_6_2_2,TCDB,TCDB.1_E_6_2_2_comp1
G_3_A_11_1_4_comp1,P_3_A_11_1_4_comp1+3_A_11_1_4_comp2+3_A_11_1_4_comp3+3_A_11_1_4_comp4+3_A_11_1_4_comp5,R_3_A_11_1_4,TCDB,TCDB.3_A_11_1_4_comp1
G_3_A_11_1_4_comp2,P_3_A_11_1_4_comp1+3_A_11_1_4_comp2+3_A_11_1_4_comp3+3_A_11_1_4_comp4+3_A_11_1_4_comp5,R_3_A_11_1_4,TCDB,TCDB.3_A_11_1_4_comp2
G_3_A_11_1_4_comp3,P_3_A_11_1_4_comp1+3_A_11_1_4_comp2+3_A_11_1_4_comp3+3_A_11_1_4_comp4+3_A_11_1_4_comp5,R_3_A_11_1_4,TCDB,TCDB.3_A_11_1_4_comp3
G_3_A_11_1_4_comp4,P_3_A_11_1_4_comp1+3_A_11_1_4_comp2+3_A_11_1_4_comp3+3_A_11_1_4_comp4+3_A_11_1_4_comp5,R_3_A_11_1_4,TCDB,TCDB.3_A_11_1_4_comp4
G_3_A_11_1_4_comp5,P_3_A_11_1_4_comp1+3_A_11_1_4_comp2+3_A_11_1_4_comp3+3_A_11_1_4_comp4+3_A_11_1_4_comp5,R_3_A_11_1_4,TCDB,TCDB.3_A_11_1_4_comp5
G_3_A_14_1_2_comp1,P_3_A_14_1_2_comp1+3_A_14_1_2_comp2+3_A_14_1_2_comp3+3_A_14_1_2_comp4+3_A_14_1_2_comp5+3_A_14_1_2_comp6+3_A_14_1_2_comp7,R_3_A_14_1_2,TCDB,TCDB.3_A_14_1_2_comp1
G_3_A_14_1_2_comp2,P_3_A_14_1_2_comp1+3_A_14_1_2_comp2+3_A_14_1_2_comp3+3_A_14_1_2_comp4+3_A_14_1_2_comp5+3_A_14_1_2_comp6+3_A_14_1_2_comp7,R_3_A_14_1_2,TCDB,TCDB.3_A_14_1_2_comp2
G_3_A_14_1_2_comp3,P_3_A_14_1_2_comp1+3_A_14_1_2_comp2+3_A_14_1_2_comp3+3_A_14_1_2_comp4+3_A_14_1_2_comp5+3_A_14_1_2_comp6+3_A_14_1_2_comp7,R_3_A_14_1_2,TCDB,TCDB.3_A_14_1_2_comp3
G_3_A_14_1_2_comp4,P_3_A_14_1_2_comp1+3_A_14_1_2_comp2+3_A_14_1_2_comp3+3_A_14_1_2_comp4+3_A_14_1_2_comp5+3_A_14_1_2_comp6+3_A_14_1_2_comp7,R_3_A_14_1_2,TCDB,TCDB.3_A_14_1_2_comp4
G_3_A_14_1_2_comp5,P_3_A_14_1_2_comp1+3_A_14_1_2_comp2+3_A_14_1_2_comp3+3_A_14_1_2_comp4+3_A_14_1_2_comp5+3_A_14_1_2_comp6+3_A_14_1_2_comp7,R_3_A_14_1_2,TCDB,TCDB.3_A_14_1_2_comp5
G_3_A_14_1_2_comp6,P_3_A_14_1_2_comp1+3_A_14_1_2_comp2+3_A_14_1_2_comp3+3_A_14_1_2_comp4+3_A_14_1_2_comp5+3_A_14_1_2_comp6+3_A_14_1_2_comp7,R_3_A_14_1_2,TCDB,TCDB.3_A_14_1_2_comp6
G_3_A_14_1_2_comp7,P_3_A_14_1_2_comp1+3_A_14_1_2_comp2+3_A_14_1_2_comp3+3_A_14_1_2_comp4+3_A_14_1_2_comp5+3_A_14_1_2_comp6+3_A_14_1_2_comp7,R_3_A_14_1_2,TCDB,TCDB.3_A_14_1_2_comp7
G_1_C_73_3_2_comp1,P_1_C_73_3_2_comp1,R_1_C_73_3_2,TCDB,TCDB.1_C_73_3_2_comp1
G_1_B_77_1_5_comp1,P_1_B_77_1_5_comp1,R_1_B_77_1_5,TCDB,TCDB.1_B_77_1_5_comp1
G_9_B_142_9_2_comp1,P_9_B_142_9_2_comp1,R_9_B_142_9_2,TCDB,TCDB.9_B_142_9_2_comp1
G_9_B_142_11_4_comp1,P_9_B_142_11_4_comp1,R_9_B_142_11_4,TCDB,TCDB.9_B_142_11_4_comp1
G_1_B_27_1_2_comp1,P_1_B_27_1_2_comp1,R_1_B_27_1_2,TCDB,TCDB.1_B_27_1_2_comp1
G_9_B_139_1_2_comp1,P_9_B_139_1_2_comp1,R_9_B_139_1_2,TCDB,TCDB.9_B_139_1_2_comp1
G_8_A_46_2_3_comp1,P_8_A_46_2_3_comp1,R_8_A_46_2_3,TCDB,TCDB.8_A_46_2_3_comp1
G_9_B_155_2_18_comp1,P_9_B_155_2_18_comp1,R_9_B_155_2_18,TCDB,TCDB.9_B_155_2_18_comp1
G_9_B_14_1_16_comp1,P_9_B_14_1_16_comp1,R_9_B_14_1_16,TCDB,TCDB.9_B_14_1_16_comp1
G_1_B_33_3_12_comp1,P_1_B_33_3_12_comp1+1_B_33_3_12_comp2+1_B_33_3_12_comp3,R_1_B_33_3_12,TCDB,TCDB.1_B_33_3_12_comp1
G_1_B_33_3_12_comp2,P_1_B_33_3_12_comp1+1_B_33_3_12_comp2+1_B_33_3_12_comp3,R_1_B_33_3_12,TCDB,TCDB.1_B_33_3_12_comp2
G_1_B_33_3_12_comp3,P_1_B_33_3_12_comp1+1_B_33_3_12_comp2+1_B_33_3_12_comp3,R_1_B_33_3_12,TCDB,TCDB.1_B_33_3_12_comp3
G_9_B_287_1_2_comp1,P_9_B_287_1_2_comp1,R_9_B_287_1_2,TCDB,TCDB.9_B_287_1_2_comp1
G_9_B_57_1_3_comp1,P_9_B_57_1_3_comp1,R_9_B_57_1_3,TCDB,TCDB.9_B_57_1_3_comp1
G_9_B_8_2_3_comp1,P_9_B_8_2_3_comp1,R_9_B_8_2_3,TCDB,TCDB.9_B_8_2_3_comp1
G_9_B_156_1_3_comp1,P_9_B_156_1_3_comp1,R_9_B_156_1_3,TCDB,TCDB.9_B_156_1_3_comp1
G_3_A_1_132_14_comp1,P_3_A_1_132_14_comp1+3_A_1_132_14_comp2+3_A_1_132_14_comp3,R_3_A_1_132_14,TCDB,TCDB.3_A_1_132_14_comp1
G_3_A_1_132_14_comp2,P_3_A_1_132_14_comp1+3_A_1_132_14_comp2+3_A_1_132_14_comp3,R_3_A_1_132_14,TCDB,TCDB.3_A_1_132_14_comp2
G_3_A_1_132_14_comp3,P_3_A_1_132_14_comp1+3_A_1_132_14_comp2+3_A_1_132_14_comp3,R_3_A_1_132_14,TCDB,TCDB.3_A_1_132_14_comp3
G_9_B_229_1_5_comp1,P_9_B_229_1_5_comp1,R_9_B_229_1_5,TCDB,TCDB.9_B_229_1_5_comp1
G_1_E_16_1_3_comp1,P_1_E_16_1_3_comp1,R_1_E_16_1_3,TCDB,TCDB.1_E_16_1_3_comp1
G_5_B_1_5_4_comp1,P_5_B_1_5_4_comp1,R_5_B_1_5_4,TCDB,TCDB.5_B_1_5_4_comp1
G_1_A_17_5_5_comp1,P_1_A_17_5_5_comp1,R_1_A_17_5_5,TCDB,TCDB.1_A_17_5_5_comp1
G_9_B_227_2_6_comp1,P_9_B_227_2_6_comp1,R_9_B_227_2_6,TCDB,TCDB.9_B_227_2_6_comp1
G_9_B_147_1_4_comp1,P_9_B_147_1_4_comp1,R_9_B_147_1_4,TCDB,TCDB.9_B_147_1_4_comp1
G_8_A_73_2_3_comp1,P_8_A_73_2_3_comp1,R_8_A_73_2_3,TCDB,TCDB.8_A_73_2_3_comp1
G_2_A_53_2_12_comp1,P_2_A_53_2_12_comp1,R_2_A_53_2_12,TCDB,TCDB.2_A_53_2_12_comp1
G_2_A_53_2_11_comp1,P_2_A_53_2_11_comp1,R_2_A_53_2_11,TCDB,TCDB.2_A_53_2_11_comp1
G_2_A_53_1_9_comp1,P_2_A_53_1_9_comp1,R_2_A_53_1_9,TCDB,TCDB.2_A_53_1_9_comp1
G_8_B_25_2_1_comp1,P_8_B_25_2_1_comp1,R_8_B_25_2_1,TCDB,TCDB.8_B_25_2_1_comp1
G_1_C_114_1_4_comp1,P_1_C_114_1_4_comp1,R_1_C_114_1_4,TCDB,TCDB.1_C_114_1_4_comp1
G_1_C_39_6_2_comp1,P_1_C_39_6_2_comp1,R_1_C_39_6_2,TCDB,TCDB.1_C_39_6_2_comp1
G_9_A_82_1_2_comp1,P_9_A_82_1_2_comp1+9_A_82_1_2_comp2,R_9_A_82_1_2,TCDB,TCDB.9_A_82_1_2_comp1
G_9_A_82_1_2_comp2,P_9_A_82_1_2_comp1+9_A_82_1_2_comp2,R_9_A_82_1_2,TCDB,TCDB.9_A_82_1_2_comp2
G_9_B_35_1_2_comp1,P_9_B_35_1_2_comp1,R_9_B_35_1_2,TCDB,TCDB.9_B_35_1_2_comp1
G_1_A_8_9_8_comp1,P_1_A_8_9_8_comp1,R_1_A_8_9_8,TCDB,TCDB.1_A_8_9_8_comp1
G_3_A_1_1_35_comp1,P_3_A_1_1_35_comp1+3_A_1_1_35_comp2+3_A_1_1_35_comp3+3_A_1_1_35_comp4+3_A_1_1_35_comp5,R_3_A_1_1_35,TCDB,TCDB.3_A_1_1_35_comp1
G_3_A_1_1_35_comp2,P_3_A_1_1_35_comp1+3_A_1_1_35_comp2+3_A_1_1_35_comp3+3_A_1_1_35_comp4+3_A_1_1_35_comp5,R_3_A_1_1_35,TCDB,TCDB.3_A_1_1_35_comp2
G_3_A_1_1_35_comp3,P_3_A_1_1_35_comp1+3_A_1_1_35_comp2+3_A_1_1_35_comp3+3_A_1_1_35_comp4+3_A_1_1_35_comp5,R_3_A_1_1_35,TCDB,TCDB.3_A_1_1_35_comp3
G_3_A_1_1_35_comp4,P_3_A_1_1_35_comp1+3_A_1_1_35_comp2+3_A_1_1_35_comp3+3_A_1_1_35_comp4+3_A_1_1_35_comp5,R_3_A_1_1_35,TCDB,TCDB.3_A_1_1_35_comp4
G_3_A_1_1_35_comp5,P_3_A_1_1_35_comp1+3_A_1_1_35_comp2+3_A_1_1_35_comp3+3_A_1_1_35_comp4+3_A_1_1_35_comp5,R_3_A_1_1_35,TCDB,TCDB.3_A_1_1_35_comp5
G_1_E_36_1_9_comp1,P_1_E_36_1_9_comp1,R_1_E_36_1_9,TCDB,TCDB.1_E_36_1_9_comp1
G_2_A_36_5_4_comp1,P_2_A_36_5_4_comp1,R_2_A_36_5_4,TCDB,TCDB.2_A_36_5_4_comp1
G_2_A_60_1_29_comp1,P_2_A_60_1_29_comp1,R_2_A_60_1_29,TCDB,TCDB.2_A_60_1_29_comp1
G_1_C_110_1_3_comp1,P_1_C_110_1_3_comp1,R_1_C_110_1_3,TCDB,TCDB.1_C_110_1_3_comp1
G_8_A_93_2_3_comp1,P_8_A_93_2_3_comp1,R_8_A_93_2_3,TCDB,TCDB.8_A_93_2_3_comp1
G_2_A_1_25_5_comp1,P_2_A_1_25_5_comp1,R_2_A_1_25_5,TCDB,TCDB.2_A_1_25_5_comp1
G_1_A_23_8_1_comp1,P_1_A_23_8_1_comp1,R_1_A_23_8_1,TCDB,TCDB.1_A_23_8_1_comp1
G_2_A_66_2_15_comp1,P_2_A_66_2_15_comp1,R_2_A_66_2_15,TCDB,TCDB.2_A_66_2_15_comp1
G_2_A_36_6_8_comp1,P_2_A_36_6_8_comp1,R_2_A_36_6_8,TCDB,TCDB.2_A_36_6_8_comp1
G_2_A_67_2_8_comp1,P_2_A_67_2_8_comp1,R_2_A_67_2_8,TCDB,TCDB.2_A_67_2_8_comp1
G_9_B_230_1_2_comp1,P_9_B_230_1_2_comp1,R_9_B_230_1_2,TCDB,TCDB.9_B_230_1_2_comp1
G_9_B_178_1_3_comp1,P_9_B_178_1_3_comp1,R_9_B_178_1_3,TCDB,TCDB.9_B_178_1_3_comp1
G_1_H_1_4_3_comp1,P_1_H_1_4_3_comp1,R_1_H_1_4_3,TCDB,TCDB.1_H_1_4_3_comp1
G_9_B_67_2_3_comp1,P_9_B_67_2_3_comp1,R_9_B_67_2_3,TCDB,TCDB.9_B_67_2_3_comp1
G_1_B_6_2_9_comp1,P_1_B_6_2_9_comp1,R_1_B_6_2_9,TCDB,TCDB.1_B_6_2_9_comp1
G_1_B_55_1_3_comp1,P_1_B_55_1_3_comp1,R_1_B_55_1_3,TCDB,TCDB.1_B_55_1_3_comp1
G_3_A_1_2_20_comp1,P_3_A_1_2_20_comp1+3_A_1_2_20_comp2+3_A_1_2_20_comp3,R_3_A_1_2_20,TCDB,TCDB.3_A_1_2_20_comp1
G_3_A_1_2_20_comp2,P_3_A_1_2_20_comp1+3_A_1_2_20_comp2+3_A_1_2_20_comp3,R_3_A_1_2_20,TCDB,TCDB.3_A_1_2_20_comp2
G_3_A_1_2_20_comp3,P_3_A_1_2_20_comp1+3_A_1_2_20_comp2+3_A_1_2_20_comp3,R_3_A_1_2_20,TCDB,TCDB.3_A_1_2_20_comp3
G_3_A_1_1_41_comp1,P_3_A_1_1_41_comp1+3_A_1_1_41_comp2+3_A_1_1_41_comp3,R_3_A_1_1_41,TCDB,TCDB.3_A_1_1_41_comp1
G_3_A_1_1_41_comp2,P_3_A_1_1_41_comp1+3_A_1_1_41_comp2+3_A_1_1_41_comp3,R_3_A_1_1_41,TCDB,TCDB.3_A_1_1_41_comp2
G_3_A_1_1_41_comp3,P_3_A_1_1_41_comp1+3_A_1_1_41_comp2+3_A_1_1_41_comp3,R_3_A_1_1_41,TCDB,TCDB.3_A_1_1_41_comp3
G_1_E_33_1_7_comp1,P_1_E_33_1_7_comp1,R_1_E_33_1_7,TCDB,TCDB.1_E_33_1_7_comp1
G_1_E_43_2_1_comp1,P_1_E_43_2_1_comp1,R_1_E_43_2_1,TCDB,TCDB.1_E_43_2_1_comp1
G_2_A_1_70_2_comp1,P_2_A_1_70_2_comp1,R_2_A_1_70_2,TCDB,TCDB.2_A_1_70_2_comp1
G_1_E_29_1_4_comp1,P_1_E_29_1_4_comp1,R_1_E_29_1_4,TCDB,TCDB.1_E_29_1_4_comp1
G_1_E_20_1_2_comp1,P_1_E_20_1_2_comp1,R_1_E_20_1_2,TCDB,TCDB.1_E_20_1_2_comp1
G_9_B_206_1_6_comp1,P_9_B_206_1_6_comp1,R_9_B_206_1_6,TCDB,TCDB.9_B_206_1_6_comp1
G_9_B_57_1_1_comp1,P_9_B_57_1_1_comp1,R_9_B_57_1_1,TCDB,TCDB.9_B_57_1_1_comp1
G_4_C_1_1_19_comp1,P_4_C_1_1_19_comp1,R_4_C_1_1_19,TCDB,TCDB.4_C_1_1_19_comp1
G_2_A_1_1_117_comp1,P_2_A_1_1_117_comp1,R_2_A_1_1_117,TCDB,TCDB.2_A_1_1_117_comp1
G_9_A_14_5_3_comp1,P_9_A_14_5_3_comp1,R_9_A_14_5_3,TCDB,TCDB.9_A_14_5_3_comp1
G_2_A_76_1_7_comp1,P_2_A_76_1_7_comp1,R_2_A_76_1_7,TCDB,TCDB.2_A_76_1_7_comp1
G_1_A_33_1_4_comp1,P_1_A_33_1_4_comp1,R_1_A_33_1_4,TCDB,TCDB.1_A_33_1_4_comp1
G_2_A_76_1_8_comp1,P_2_A_76_1_8_comp1,R_2_A_76_1_8,TCDB,TCDB.2_A_76_1_8_comp1
G_2_A_88_8_3_comp1,P_2_A_88_8_3_comp1,R_2_A_88_8_3,TCDB,TCDB.2_A_88_8_3_comp1
G_9_B_120_1_2_comp1,P_9_B_120_1_2_comp1,R_9_B_120_1_2,TCDB,TCDB.9_B_120_1_2_comp1
G_9_B_28_1_5_comp1,P_9_B_28_1_5_comp1,R_9_B_28_1_5,TCDB,TCDB.9_B_28_1_5_comp1
G_8_A_48_1_1_comp1,P_8_A_48_1_1_comp1,R_8_A_48_1_1,TCDB,TCDB.8_A_48_1_1_comp1
G_9_B_2_5_2_comp1,P_9_B_2_5_2_comp1,R_9_B_2_5_2,TCDB,TCDB.9_B_2_5_2_comp1
G_1_B_48_1_5_comp1,P_1_B_48_1_5_comp1,R_1_B_48_1_5,TCDB,TCDB.1_B_48_1_5_comp1
G_9_A_55_1_12_comp1,P_9_A_55_1_12_comp1,R_9_A_55_1_12,TCDB,TCDB.9_A_55_1_12_comp1
G_2_A_104_1_2_comp1,P_2_A_104_1_2_comp1,R_2_A_104_1_2,TCDB,TCDB.2_A_104_1_2_comp1
G_1_B_72_2_5_comp1,P_1_B_72_2_5_comp1,R_1_B_72_2_5,TCDB,TCDB.1_B_72_2_5_comp1
G_9_B_280_1_1_comp1,P_9_B_280_1_1_comp1+9_B_280_1_1_comp2+9_B_280_1_1_comp3,R_9_B_280_1_1,TCDB,TCDB.9_B_280_1_1_comp1
G_9_B_280_1_1_comp2,P_9_B_280_1_1_comp1+9_B_280_1_1_comp2+9_B_280_1_1_comp3,R_9_B_280_1_1,TCDB,TCDB.9_B_280_1_1_comp2
G_9_B_280_1_1_comp3,P_9_B_280_1_1_comp1+9_B_280_1_1_comp2+9_B_280_1_1_comp3,R_9_B_280_1_1,TCDB,TCDB.9_B_280_1_1_comp3
G_2_A_1_1_127_comp1,P_2_A_1_1_127_comp1,R_2_A_1_1_127,TCDB,TCDB.2_A_1_1_127_comp1
G_8_A_30_2_2_comp1,P_8_A_30_2_2_comp1,R_8_A_30_2_2,TCDB,TCDB.8_A_30_2_2_comp1
G_8_A_64_1_6_comp1,P_8_A_64_1_6_comp1,R_8_A_64_1_6,TCDB,TCDB.8_A_64_1_6_comp1
G_1_C_97_1_9_comp1,P_1_C_97_1_9_comp1,R_1_C_97_1_9,TCDB,TCDB.1_C_97_1_9_comp1
G_1_A_67_1_9_comp1,P_1_A_67_1_9_comp1,R_1_A_67_1_9,TCDB,TCDB.1_A_67_1_9_comp1
G_8_A_40_1_5_comp1,P_8_A_40_1_5_comp1,R_8_A_40_1_5,TCDB,TCDB.8_A_40_1_5_comp1
G_3_A_3_1_12_comp1,P_3_A_3_1_12_comp1+3_A_3_1_12_comp2,R_3_A_3_1_12,TCDB,TCDB.3_A_3_1_12_comp1
G_3_A_3_1_12_comp2,P_3_A_3_1_12_comp1+3_A_3_1_12_comp2,R_3_A_3_1_12,TCDB,TCDB.3_A_3_1_12_comp2
G_9_A_14_3_1_comp1,P_9_A_14_3_1_comp1,R_9_A_14_3_1,TCDB,TCDB.9_A_14_3_1_comp1
G_1_A_110_1_8_comp1,P_1_A_110_1_8_comp1,R_1_A_110_1_8,TCDB,TCDB.1_A_110_1_8_comp1
G_8_A_107_3_3_comp1,P_8_A_107_3_3_comp1,R_8_A_107_3_3,TCDB,TCDB.8_A_107_3_3_comp1
G_4_G_1_1_4_comp1,P_4_G_1_1_4_comp1,R_4_G_1_1_4,TCDB,TCDB.4_G_1_1_4_comp1
G_9_A_14_22_1_comp1,P_9_A_14_22_1_comp1,R_9_A_14_22_1,TCDB,TCDB.9_A_14_22_1_comp1
G_2_A_105_1_11_comp1,P_2_A_105_1_11_comp1,R_2_A_105_1_11,TCDB,TCDB.2_A_105_1_11_comp1
G_2_A_123_2_10_comp1,P_2_A_123_2_10_comp1,R_2_A_123_2_10,TCDB,TCDB.2_A_123_2_10_comp1
G_8_A_16_2_11_comp1,P_8_A_16_2_11_comp1,R_8_A_16_2_11,TCDB,TCDB.8_A_16_2_11_comp1
G_1_A_51_1_4_comp1,P_1_A_51_1_4_comp1,R_1_A_51_1_4,TCDB,TCDB.1_A_51_1_4_comp1
G_1_G_2_1_7_comp1,P_1_G_2_1_7_comp1,R_1_G_2_1_7,TCDB,TCDB.1_G_2_1_7_comp1
G_1_G_18_1_3_comp1,P_1_G_18_1_3_comp1,R_1_G_18_1_3,TCDB,TCDB.1_G_18_1_3_comp1
G_1_C_69_1_2_comp1,P_1_C_69_1_2_comp1,R_1_C_69_1_2,TCDB,TCDB.1_C_69_1_2_comp1
G_3_A_1_5_40_comp1,P_3_A_1_5_40_comp1+3_A_1_5_40_comp2+3_A_1_5_40_comp3+3_A_1_5_40_comp4,R_3_A_1_5_40,TCDB,TCDB.3_A_1_5_40_comp1
G_3_A_1_5_40_comp2,P_3_A_1_5_40_comp1+3_A_1_5_40_comp2+3_A_1_5_40_comp3+3_A_1_5_40_comp4,R_3_A_1_5_40,TCDB,TCDB.3_A_1_5_40_comp2
G_3_A_1_5_40_comp3,P_3_A_1_5_40_comp1+3_A_1_5_40_comp2+3_A_1_5_40_comp3+3_A_1_5_40_comp4,R_3_A_1_5_40,TCDB,TCDB.3_A_1_5_40_comp3
G_3_A_1_5_40_comp4,P_3_A_1_5_40_comp1+3_A_1_5_40_comp2+3_A_1_5_40_comp3+3_A_1_5_40_comp4,R_3_A_1_5_40,TCDB,TCDB.3_A_1_5_40_comp4
G_1_N_4_1_2_comp1,P_1_N_4_1_2_comp1,R_1_N_4_1_2,TCDB,TCDB.1_N_4_1_2_comp1
G_1_N_4_1_1_comp1,P_1_N_4_1_1_comp1,R_1_N_4_1_1,TCDB,TCDB.1_N_4_1_1_comp1
G_3_A_33_1_2_comp1,P_3_A_33_1_2_comp1+3_A_33_1_2_comp2+3_A_33_1_2_comp3+3_A_33_1_2_comp4+3_A_33_1_2_comp5+3_A_33_1_2_comp6+3_A_33_1_2_comp7+3_A_33_1_2_comp8,R_3_A_33_1_2,TCDB,TCDB.3_A_33_1_2_comp1
G_3_A_33_1_2_comp2,P_3_A_33_1_2_comp1+3_A_33_1_2_comp2+3_A_33_1_2_comp3+3_A_33_1_2_comp4+3_A_33_1_2_comp5+3_A_33_1_2_comp6+3_A_33_1_2_comp7+3_A_33_1_2_comp8,R_3_A_33_1_2,TCDB,TCDB.3_A_33_1_2_comp2
G_3_A_33_1_2_comp3,P_3_A_33_1_2_comp1+3_A_33_1_2_comp2+3_A_33_1_2_comp3+3_A_33_1_2_comp4+3_A_33_1_2_comp5+3_A_33_1_2_comp6+3_A_33_1_2_comp7+3_A_33_1_2_comp8,R_3_A_33_1_2,TCDB,TCDB.3_A_33_1_2_comp3
G_3_A_33_1_2_comp4,P_3_A_33_1_2_comp1+3_A_33_1_2_comp2+3_A_33_1_2_comp3+3_A_33_1_2_comp4+3_A_33_1_2_comp5+3_A_33_1_2_comp6+3_A_33_1_2_comp7+3_A_33_1_2_comp8,R_3_A_33_1_2,TCDB,TCDB.3_A_33_1_2_comp4
G_3_A_33_1_2_comp5,P_3_A_33_1_2_comp1+3_A_33_1_2_comp2+3_A_33_1_2_comp3+3_A_33_1_2_comp4+3_A_33_1_2_comp5+3_A_33_1_2_comp6+3_A_33_1_2_comp7+3_A_33_1_2_comp8,R_3_A_33_1_2,TCDB,TCDB.3_A_33_1_2_comp5
G_3_A_33_1_2_comp6,P_3_A_33_1_2_comp1+3_A_33_1_2_comp2+3_A_33_1_2_comp3+3_A_33_1_2_comp4+3_A_33_1_2_comp5+3_A_33_1_2_comp6+3_A_33_1_2_comp7+3_A_33_1_2_comp8,R_3_A_33_1_2,TCDB,TCDB.3_A_33_1_2_comp6
G_3_A_33_1_2_comp7,P_3_A_33_1_2_comp1+3_A_33_1_2_comp2+3_A_33_1_2_comp3+3_A_33_1_2_comp4+3_A_33_1_2_comp5+3_A_33_1_2_comp6+3_A_33_1_2_comp7+3_A_33_1_2_comp8,R_3_A_33_1_2,TCDB,TCDB.3_A_33_1_2_comp7
G_3_A_33_1_2_comp8,P_3_A_33_1_2_comp1+3_A_33_1_2_comp2+3_A_33_1_2_comp3+3_A_33_1_2_comp4+3_A_33_1_2_comp5+3_A_33_1_2_comp6+3_A_33_1_2_comp7+3_A_33_1_2_comp8,R_3_A_33_1_2,TCDB,TCDB.3_A_33_1_2_comp8
G_8_A_16_4_1_comp1,P_8_A_16_4_1_comp1,R_8_A_16_4_1,TCDB,TCDB.8_A_16_4_1_comp1
G_8_A_192_2_2_comp1,P_8_A_192_2_2_comp1,R_8_A_192_2_2,TCDB,TCDB.8_A_192_2_2_comp1
G_3_A_2_2_7_comp1,P_3_A_2_2_7_comp1+3_A_2_2_7_comp2+3_A_2_2_7_comp3+3_A_2_2_7_comp4+3_A_2_2_7_comp5+3_A_2_2_7_comp6+3_A_2_2_7_comp7+3_A_2_2_7_comp8+3_A_2_2_7_comp9+3_A_2_2_7_comp10+3_A_2_2_7_comp11+3_A_2_2_7_comp12+3_A_2_2_7_comp13+3_A_2_2_7_comp14+3_A_2_2_7_comp15+3_A_2_2_7_comp16+3_A_2_2_7_comp17+3_A_2_2_7_comp18+3_A_2_2_7_comp19,R_3_A_2_2_7,TCDB,TCDB.3_A_2_2_7_comp1
G_3_A_2_2_7_comp2,P_3_A_2_2_7_comp1+3_A_2_2_7_comp2+3_A_2_2_7_comp3+3_A_2_2_7_comp4+3_A_2_2_7_comp5+3_A_2_2_7_comp6+3_A_2_2_7_comp7+3_A_2_2_7_comp8+3_A_2_2_7_comp9+3_A_2_2_7_comp10+3_A_2_2_7_comp11+3_A_2_2_7_comp12+3_A_2_2_7_comp13+3_A_2_2_7_comp14+3_A_2_2_7_comp15+3_A_2_2_7_comp16+3_A_2_2_7_comp17+3_A_2_2_7_comp18+3_A_2_2_7_comp19,R_3_A_2_2_7,TCDB,TCDB.3_A_2_2_7_comp2
G_3_A_2_2_7_comp3,P_3_A_2_2_7_comp1+3_A_2_2_7_comp2+3_A_2_2_7_comp3+3_A_2_2_7_comp4+3_A_2_2_7_comp5+3_A_2_2_7_comp6+3_A_2_2_7_comp7+3_A_2_2_7_comp8+3_A_2_2_7_comp9+3_A_2_2_7_comp10+3_A_2_2_7_comp11+3_A_2_2_7_comp12+3_A_2_2_7_comp13+3_A_2_2_7_comp14+3_A_2_2_7_comp15+3_A_2_2_7_comp16+3_A_2_2_7_comp17+3_A_2_2_7_comp18+3_A_2_2_7_comp19,R_3_A_2_2_7,TCDB,TCDB.3_A_2_2_7_comp3
G_3_A_2_2_7_comp4,P_3_A_2_2_7_comp1+3_A_2_2_7_comp2+3_A_2_2_7_comp3+3_A_2_2_7_comp4+3_A_2_2_7_comp5+3_A_2_2_7_comp6+3_A_2_2_7_comp7+3_A_2_2_7_comp8+3_A_2_2_7_comp9+3_A_2_2_7_comp10+3_A_2_2_7_comp11+3_A_2_2_7_comp12+3_A_2_2_7_comp13+3_A_2_2_7_comp14+3_A_2_2_7_comp15+3_A_2_2_7_comp16+3_A_2_2_7_comp17+3_A_2_2_7_comp18+3_A_2_2_7_comp19,R_3_A_2_2_7,TCDB,TCDB.3_A_2_2_7_comp4
G_3_A_2_2_7_comp5,P_3_A_2_2_7_comp1+3_A_2_2_7_comp2+3_A_2_2_7_comp3+3_A_2_2_7_comp4+3_A_2_2_7_comp5+3_A_2_2_7_comp6+3_A_2_2_7_comp7+3_A_2_2_7_comp8+3_A_2_2_7_comp9+3_A_2_2_7_comp10+3_A_2_2_7_comp11+3_A_2_2_7_comp12+3_A_2_2_7_comp13+3_A_2_2_7_comp14+3_A_2_2_7_comp15+3_A_2_2_7_comp16+3_A_2_2_7_comp17+3_A_2_2_7_comp18+3_A_2_2_7_comp19,R_3_A_2_2_7,TCDB,TCDB.3_A_2_2_7_comp5
G_3_A_2_2_7_comp6,P_3_A_2_2_7_comp1+3_A_2_2_7_comp2+3_A_2_2_7_comp3+3_A_2_2_7_comp4+3_A_2_2_7_comp5+3_A_2_2_7_comp6+3_A_2_2_7_comp7+3_A_2_2_7_comp8+3_A_2_2_7_comp9+3_A_2_2_7_comp10+3_A_2_2_7_comp11+3_A_2_2_7_comp12+3_A_2_2_7_comp13+3_A_2_2_7_comp14+3_A_2_2_7_comp15+3_A_2_2_7_comp16+3_A_2_2_7_comp17+3_A_2_2_7_comp18+3_A_2_2_7_comp19,R_3_A_2_2_7,TCDB,TCDB.3_A_2_2_7_comp6
G_3_A_2_2_7_comp7,P_3_A_2_2_7_comp1+3_A_2_2_7_comp2+3_A_2_2_7_comp3+3_A_2_2_7_comp4+3_A_2_2_7_comp5+3_A_2_2_7_comp6+3_A_2_2_7_comp7+3_A_2_2_7_comp8+3_A_2_2_7_comp9+3_A_2_2_7_comp10+3_A_2_2_7_comp11+3_A_2_2_7_comp12+3_A_2_2_7_comp13+3_A_2_2_7_comp14+3_A_2_2_7_comp15+3_A_2_2_7_comp16+3_A_2_2_7_comp17+3_A_2_2_7_comp18+3_A_2_2_7_comp19,R_3_A_2_2_7,TCDB,TCDB.3_A_2_2_7_comp7
G_3_A_2_2_7_comp8,P_3_A_2_2_7_comp1+3_A_2_2_7_comp2+3_A_2_2_7_comp3+3_A_2_2_7_comp4+3_A_2_2_7_comp5+3_A_2_2_7_comp6+3_A_2_2_7_comp7+3_A_2_2_7_comp8+3_A_2_2_7_comp9+3_A_2_2_7_comp10+3_A_2_2_7_comp11+3_A_2_2_7_comp12+3_A_2_2_7_comp13+3_A_2_2_7_comp14+3_A_2_2_7_comp15+3_A_2_2_7_comp16+3_A_2_2_7_comp17+3_A_2_2_7_comp18+3_A_2_2_7_comp19,R_3_A_2_2_7,TCDB,TCDB.3_A_2_2_7_comp8
G_3_A_2_2_7_comp9,P_3_A_2_2_7_comp1+3_A_2_2_7_comp2+3_A_2_2_7_comp3+3_A_2_2_7_comp4+3_A_2_2_7_comp5+3_A_2_2_7_comp6+3_A_2_2_7_comp7+3_A_2_2_7_comp8+3_A_2_2_7_comp9+3_A_2_2_7_comp10+3_A_2_2_7_comp11+3_A_2_2_7_comp12+3_A_2_2_7_comp13+3_A_2_2_7_comp14+3_A_2_2_7_comp15+3_A_2_2_7_comp16+3_A_2_2_7_comp17+3_A_2_2_7_comp18+3_A_2_2_7_comp19,R_3_A_2_2_7,TCDB,TCDB.3_A_2_2_7_comp9
G_3_A_2_2_7_comp10,P_3_A_2_2_7_comp1+3_A_2_2_7_comp2+3_A_2_2_7_comp3+3_A_2_2_7_comp4+3_A_2_2_7_comp5+3_A_2_2_7_comp6+3_A_2_2_7_comp7+3_A_2_2_7_comp8+3_A_2_2_7_comp9+3_A_2_2_7_comp10+3_A_2_2_7_comp11+3_A_2_2_7_comp12+3_A_2_2_7_comp13+3_A_2_2_7_comp14+3_A_2_2_7_comp15+3_A_2_2_7_comp16+3_A_2_2_7_comp17+3_A_2_2_7_comp18+3_A_2_2_7_comp19,R_3_A_2_2_7,TCDB,TCDB.3_A_2_2_7_comp10
G_3_A_2_2_7_comp11,P_3_A_2_2_7_comp1+3_A_2_2_7_comp2+3_A_2_2_7_comp3+3_A_2_2_7_comp4+3_A_2_2_7_comp5+3_A_2_2_7_comp6+3_A_2_2_7_comp7+3_A_2_2_7_comp8+3_A_2_2_7_comp9+3_A_2_2_7_comp10+3_A_2_2_7_comp11+3_A_2_2_7_comp12+3_A_2_2_7_comp13+3_A_2_2_7_comp14+3_A_2_2_7_comp15+3_A_2_2_7_comp16+3_A_2_2_7_comp17+3_A_2_2_7_comp18+3_A_2_2_7_comp19,R_3_A_2_2_7,TCDB,TCDB.3_A_2_2_7_comp11
G_3_A_2_2_7_comp12,P_3_A_2_2_7_comp1+3_A_2_2_7_comp2+3_A_2_2_7_comp3+3_A_2_2_7_comp4+3_A_2_2_7_comp5+3_A_2_2_7_comp6+3_A_2_2_7_comp7+3_A_2_2_7_comp8+3_A_2_2_7_comp9+3_A_2_2_7_comp10+3_A_2_2_7_comp11+3_A_2_2_7_comp12+3_A_2_2_7_comp13+3_A_2_2_7_comp14+3_A_2_2_7_comp15+3_A_2_2_7_comp16+3_A_2_2_7_comp17+3_A_2_2_7_comp18+3_A_2_2_7_comp19,R_3_A_2_2_7,TCDB,TCDB.3_A_2_2_7_comp12
G_3_A_2_2_7_comp13,P_3_A_2_2_7_comp1+3_A_2_2_7_comp2+3_A_2_2_7_comp3+3_A_2_2_7_comp4+3_A_2_2_7_comp5+3_A_2_2_7_comp6+3_A_2_2_7_comp7+3_A_2_2_7_comp8+3_A_2_2_7_comp9+3_A_2_2_7_comp10+3_A_2_2_7_comp11+3_A_2_2_7_comp12+3_A_2_2_7_comp13+3_A_2_2_7_comp14+3_A_2_2_7_comp15+3_A_2_2_7_comp16+3_A_2_2_7_comp17+3_A_2_2_7_comp18+3_A_2_2_7_comp19,R_3_A_2_2_7,TCDB,TCDB.3_A_2_2_7_comp13
G_3_A_2_2_7_comp14,P_3_A_2_2_7_comp1+3_A_2_2_7_comp2+3_A_2_2_7_comp3+3_A_2_2_7_comp4+3_A_2_2_7_comp5+3_A_2_2_7_comp6+3_A_2_2_7_comp7+3_A_2_2_7_comp8+3_A_2_2_7_comp9+3_A_2_2_7_comp10+3_A_2_2_7_comp11+3_A_2_2_7_comp12+3_A_2_2_7_comp13+3_A_2_2_7_comp14+3_A_2_2_7_comp15+3_A_2_2_7_comp16+3_A_2_2_7_comp17+3_A_2_2_7_comp18+3_A_2_2_7_comp19,R_3_A_2_2_7,TCDB,TCDB.3_A_2_2_7_comp14
G_3_A_2_2_7_comp15,P_3_A_2_2_7_comp1+3_A_2_2_7_comp2+3_A_2_2_7_comp3+3_A_2_2_7_comp4+3_A_2_2_7_comp5+3_A_2_2_7_comp6+3_A_2_2_7_comp7+3_A_2_2_7_comp8+3_A_2_2_7_comp9+3_A_2_2_7_comp10+3_A_2_2_7_comp11+3_A_2_2_7_comp12+3_A_2_2_7_comp13+3_A_2_2_7_comp14+3_A_2_2_7_comp15+3_A_2_2_7_comp16+3_A_2_2_7_comp17+3_A_2_2_7_comp18+3_A_2_2_7_comp19,R_3_A_2_2_7,TCDB,TCDB.3_A_2_2_7_comp15
G_3_A_2_2_7_comp16,P_3_A_2_2_7_comp1+3_A_2_2_7_comp2+3_A_2_2_7_comp3+3_A_2_2_7_comp4+3_A_2_2_7_comp5+3_A_2_2_7_comp6+3_A_2_2_7_comp7+3_A_2_2_7_comp8+3_A_2_2_7_comp9+3_A_2_2_7_comp10+3_A_2_2_7_comp11+3_A_2_2_7_comp12+3_A_2_2_7_comp13+3_A_2_2_7_comp14+3_A_2_2_7_comp15+3_A_2_2_7_comp16+3_A_2_2_7_comp17+3_A_2_2_7_comp18+3_A_2_2_7_comp19,R_3_A_2_2_7,TCDB,TCDB.3_A_2_2_7_comp16
G_3_A_2_2_7_comp17,P_3_A_2_2_7_comp1+3_A_2_2_7_comp2+3_A_2_2_7_comp3+3_A_2_2_7_comp4+3_A_2_2_7_comp5+3_A_2_2_7_comp6+3_A_2_2_7_comp7+3_A_2_2_7_comp8+3_A_2_2_7_comp9+3_A_2_2_7_comp10+3_A_2_2_7_comp11+3_A_2_2_7_comp12+3_A_2_2_7_comp13+3_A_2_2_7_comp14+3_A_2_2_7_comp15+3_A_2_2_7_comp16+3_A_2_2_7_comp17+3_A_2_2_7_comp18+3_A_2_2_7_comp19,R_3_A_2_2_7,TCDB,TCDB.3_A_2_2_7_comp17
G_3_A_2_2_7_comp18,P_3_A_2_2_7_comp1+3_A_2_2_7_comp2+3_A_2_2_7_comp3+3_A_2_2_7_comp4+3_A_2_2_7_comp5+3_A_2_2_7_comp6+3_A_2_2_7_comp7+3_A_2_2_7_comp8+3_A_2_2_7_comp9+3_A_2_2_7_comp10+3_A_2_2_7_comp11+3_A_2_2_7_comp12+3_A_2_2_7_comp13+3_A_2_2_7_comp14+3_A_2_2_7_comp15+3_A_2_2_7_comp16+3_A_2_2_7_comp17+3_A_2_2_7_comp18+3_A_2_2_7_comp19,R_3_A_2_2_7,TCDB,TCDB.3_A_2_2_7_comp18
G_3_A_2_2_7_comp19,P_3_A_2_2_7_comp1+3_A_2_2_7_comp2+3_A_2_2_7_comp3+3_A_2_2_7_comp4+3_A_2_2_7_comp5+3_A_2_2_7_comp6+3_A_2_2_7_comp7+3_A_2_2_7_comp8+3_A_2_2_7_comp9+3_A_2_2_7_comp10+3_A_2_2_7_comp11+3_A_2_2_7_comp12+3_A_2_2_7_comp13+3_A_2_2_7_comp14+3_A_2_2_7_comp15+3_A_2_2_7_comp16+3_A_2_2_7_comp17+3_A_2_2_7_comp18+3_A_2_2_7_comp19,R_3_A_2_2_7,TCDB,TCDB.3_A_2_2_7_comp19
G_1_A_1_3_8_comp1,P_1_A_1_3_8_comp1,R_1_A_1_3_8,TCDB,TCDB.1_A_1_3_8_comp1
G_2_A_57_1_15_comp1,P_2_A_57_1_15_comp1,R_2_A_57_1_15,TCDB,TCDB.2_A_57_1_15_comp1
G_2_A_1_19_26_comp1,P_2_A_1_19_26_comp1,R_2_A_1_19_26,TCDB,TCDB.2_A_1_19_26_comp1
G_1_A_4_1_10_comp1,P_1_A_4_1_10_comp1,R_1_A_4_1_10,TCDB,TCDB.1_A_4_1_10_comp1
G_8_A_103_1_8_comp1,P_8_A_103_1_8_comp1,R_8_A_103_1_8,TCDB,TCDB.8_A_103_1_8_comp1
G_1_A_1_5_19_comp1,P_1_A_1_5_19_comp1,R_1_A_1_5_19,TCDB,TCDB.1_A_1_5_19_comp1
G_2_A_1_14_46_comp1,P_2_A_1_14_46_comp1,R_2_A_1_14_46,TCDB,TCDB.2_A_1_14_46_comp1
G_9_B_97_2_2_comp1,P_9_B_97_2_2_comp1,R_9_B_97_2_2,TCDB,TCDB.9_B_97_2_2_comp1
G_1_A_1_11_21_comp1,P_1_A_1_11_21_comp1,R_1_A_1_11_21,TCDB,TCDB.1_A_1_11_21_comp1
G_1_N_4_1_4_comp1,P_1_N_4_1_4_comp1,R_1_N_4_1_4,TCDB,TCDB.1_N_4_1_4_comp1
G_1_E_52_3_1_comp1,P_1_E_52_3_1_comp1,R_1_E_52_3_1,TCDB,TCDB.1_E_52_3_1_comp1
G_8_A_56_2_2_comp1,P_8_A_56_2_2_comp1,R_8_A_56_2_2,TCDB,TCDB.8_A_56_2_2_comp1
G_2_A_1_80_5_comp1,P_2_A_1_80_5_comp1,R_2_A_1_80_5,TCDB,TCDB.2_A_1_80_5_comp1
G_1_C_53_1_3_comp1,P_1_C_53_1_3_comp1,R_1_C_53_1_3,TCDB,TCDB.1_C_53_1_3_comp1
G_1_C_30_1_5_comp1,P_1_C_30_1_5_comp1,R_1_C_30_1_5,TCDB,TCDB.1_C_30_1_5_comp1
G_9_B_121_1_3_comp1,P_9_B_121_1_3_comp1,R_9_B_121_1_3,TCDB,TCDB.9_B_121_1_3_comp1
G_4_F_1_2_2_comp1,P_4_F_1_2_2_comp1,R_4_F_1_2_2,TCDB,TCDB.4_F_1_2_2_comp1
G_1_A_34_1_4_comp1,P_1_A_34_1_4_comp1+1_A_34_1_4_comp2,R_1_A_34_1_4,TCDB,TCDB.1_A_34_1_4_comp1
G_1_A_34_1_4_comp2,P_1_A_34_1_4_comp1+1_A_34_1_4_comp2,R_1_A_34_1_4,TCDB,TCDB.1_A_34_1_4_comp2
G_1_C_40_2_2_comp1,P_1_C_40_2_2_comp1,R_1_C_40_2_2,TCDB,TCDB.1_C_40_2_2_comp1
G_2_A_74_2_3_comp1,P_2_A_74_2_3_comp1,R_2_A_74_2_3,TCDB,TCDB.2_A_74_2_3_comp1
G_8_A_40_1_13_comp1,P_8_A_40_1_13_comp1,R_8_A_40_1_13,TCDB,TCDB.8_A_40_1_13_comp1
G_1_E_34_1_10_comp1,P_1_E_34_1_10_comp1,R_1_E_34_1_10,TCDB,TCDB.1_E_34_1_10_comp1
G_1_B_23_1_9_comp1,P_1_B_23_1_9_comp1,R_1_B_23_1_9,TCDB,TCDB.1_B_23_1_9_comp1
G_1_E_40_2_1_comp1,P_1_E_40_2_1_comp1,R_1_E_40_2_1,TCDB,TCDB.1_E_40_2_1_comp1
G_1_B_5_1_14_comp1,P_1_B_5_1_14_comp1,R_1_B_5_1_14,TCDB,TCDB.1_B_5_1_14_comp1
G_1_C_131_1_3_comp1,P_1_C_131_1_3_comp1,R_1_C_131_1_3,TCDB,TCDB.1_C_131_1_3_comp1
G_1_B_4_2_4_comp1,P_1_B_4_2_4_comp1,R_1_B_4_2_4,TCDB,TCDB.1_B_4_2_4_comp1
G_2_A_7_3_60_comp1,P_2_A_7_3_60_comp1,R_2_A_7_3_60,TCDB,TCDB.2_A_7_3_60_comp1
G_2_A_1_56_2_comp1,P_2_A_1_56_2_comp1,R_2_A_1_56_2,TCDB,TCDB.2_A_1_56_2_comp1
G_8_A_58_2_6_comp1,P_8_A_58_2_6_comp1,R_8_A_58_2_6,TCDB,TCDB.8_A_58_2_6_comp1
G_2_A_108_2_9_comp1,P_2_A_108_2_9_comp1+2_A_108_2_9_comp2+2_A_108_2_9_comp3,R_2_A_108_2_9,TCDB,TCDB.2_A_108_2_9_comp1
G_2_A_108_2_9_comp2,P_2_A_108_2_9_comp1+2_A_108_2_9_comp2+2_A_108_2_9_comp3,R_2_A_108_2_9,TCDB,TCDB.2_A_108_2_9_comp2
G_2_A_108_2_9_comp3,P_2_A_108_2_9_comp1+2_A_108_2_9_comp2+2_A_108_2_9_comp3,R_2_A_108_2_9,TCDB,TCDB.2_A_108_2_9_comp3
G_9_B_143_1_1_comp1,P_9_B_143_1_1_comp1,R_9_B_143_1_1,TCDB,TCDB.9_B_143_1_1_comp1
G_1_B_34_1_3_comp1,P_1_B_34_1_3_comp1,R_1_B_34_1_3,TCDB,TCDB.1_B_34_1_3_comp1
G_1_A_87_3_11_comp1,P_1_A_87_3_11_comp1,R_1_A_87_3_11,TCDB,TCDB.1_A_87_3_11_comp1
G_1_A_87_3_10_comp1,P_1_A_87_3_10_comp1,R_1_A_87_3_10,TCDB,TCDB.1_A_87_3_10_comp1
G_1_B_77_1_1_comp1,P_1_B_77_1_1_comp1,R_1_B_77_1_1,TCDB,TCDB.1_B_77_1_1_comp1
G_3_A_1_204_16_comp1,P_3_A_1_204_16_comp1,R_3_A_1_204_16,TCDB,TCDB.3_A_1_204_16_comp1
G_1_A_43_1_3_comp1,P_1_A_43_1_3_comp1,R_1_A_43_1_3,TCDB,TCDB.1_A_43_1_3_comp1
G_2_A_79_1_3_comp1,P_2_A_79_1_3_comp1,R_2_A_79_1_3,TCDB,TCDB.2_A_79_1_3_comp1
G_1_B_46_1_5_comp1,P_1_B_46_1_5_comp1,R_1_B_46_1_5,TCDB,TCDB.1_B_46_1_5_comp1
G_9_B_104_7_1_comp1,P_9_B_104_7_1_comp1,R_9_B_104_7_1,TCDB,TCDB.9_B_104_7_1_comp1
G_9_A_22_3_1_comp1,P_9_A_22_3_1_comp1,R_9_A_22_3_1,TCDB,TCDB.9_A_22_3_1_comp1
G_2_A_61_2_2_comp1,P_2_A_61_2_2_comp1,R_2_A_61_2_2,TCDB,TCDB.2_A_61_2_2_comp1
G_9_B_102_1_7_comp1,P_9_B_102_1_7_comp1,R_9_B_102_1_7,TCDB,TCDB.9_B_102_1_7_comp1
G_9_B_143_5_1_comp1,P_9_B_143_5_1_comp1,R_9_B_143_5_1,TCDB,TCDB.9_B_143_5_1_comp1
G_1_H_2_1_3_comp1,P_1_H_2_1_3_comp1,R_1_H_2_1_3,TCDB,TCDB.1_H_2_1_3_comp1
G_1_A_75_1_9_comp1,P_1_A_75_1_9_comp1,R_1_A_75_1_9,TCDB,TCDB.1_A_75_1_9_comp1
G_9_A_29_3_3_comp1,P_9_A_29_3_3_comp1,R_9_A_29_3_3,TCDB,TCDB.9_A_29_3_3_comp1
G_1_A_3_2_9_comp1,P_1_A_3_2_9_comp1,R_1_A_3_2_9,TCDB,TCDB.1_A_3_2_9_comp1
G_1_A_3_2_10_comp1,P_1_A_3_2_10_comp1,R_1_A_3_2_10,TCDB,TCDB.1_A_3_2_10_comp1
G_1_A_3_2_11_comp1,P_1_A_3_2_11_comp1,R_1_A_3_2_11,TCDB,TCDB.1_A_3_2_11_comp1
G_1_A_3_2_12_comp1,P_1_A_3_2_12_comp1,R_1_A_3_2_12,TCDB,TCDB.1_A_3_2_12_comp1
G_1_A_3_2_13_comp1,P_1_A_3_2_13_comp1,R_1_A_3_2_13,TCDB,TCDB.1_A_3_2_13_comp1
G_1_A_3_2_8_comp1,P_1_A_3_2_8_comp1,R_1_A_3_2_8,TCDB,TCDB.1_A_3_2_8_comp1
G_5_B_2_2_1_comp1,P_5_B_2_2_1_comp1,R_5_B_2_2_1,TCDB,TCDB.5_B_2_2_1_comp1
G_2_A_7_14_6_comp1,P_2_A_7_14_6_comp1,R_2_A_7_14_6,TCDB,TCDB.2_A_7_14_6_comp1
G_1_A_78_2_5_comp1,P_1_A_78_2_5_comp1,R_1_A_78_2_5,TCDB,TCDB.1_A_78_2_5_comp1
G_8_A_48_1_4_comp1,P_8_A_48_1_4_comp1,R_8_A_48_1_4,TCDB,TCDB.8_A_48_1_4_comp1
G_8_A_68_1_11_comp1,P_8_A_68_1_11_comp1,R_8_A_68_1_11,TCDB,TCDB.8_A_68_1_11_comp1
G_1_A_93_1_3_comp1,P_1_A_93_1_3_comp1,R_1_A_93_1_3,TCDB,TCDB.1_A_93_1_3_comp1
G_8_B_24_1_1_comp1,P_8_B_24_1_1_comp1,R_8_B_24_1_1,TCDB,TCDB.8_B_24_1_1_comp1
G_9_A_73_1_3_comp1,P_9_A_73_1_3_comp1,R_9_A_73_1_3,TCDB,TCDB.9_A_73_1_3_comp1
G_1_G_12_2_3_comp1,P_1_G_12_2_3_comp1,R_1_G_12_2_3,TCDB,TCDB.1_G_12_2_3_comp1
G_1_A_3_1_9_comp1,P_1_A_3_1_9_comp1,R_1_A_3_1_9,TCDB,TCDB.1_A_3_1_9_comp1
G_1_C_106_1_1_comp1,P_1_C_106_1_1_comp1,R_1_C_106_1_1,TCDB,TCDB.1_C_106_1_1_comp1
G_2_A_1_49_9_comp1,P_2_A_1_49_9_comp1,R_2_A_1_49_9,TCDB,TCDB.2_A_1_49_9_comp1
G_9_B_350_1_1_comp1,P_9_B_350_1_1_comp1,R_9_B_350_1_1,TCDB,TCDB.9_B_350_1_1_comp1
G_1_E_57_1_4_comp1,P_1_E_57_1_4_comp1,R_1_E_57_1_4,TCDB,TCDB.1_E_57_1_4_comp1
G_1_E_36_4_1_comp1,P_1_E_36_4_1_comp1,R_1_E_36_4_1,TCDB,TCDB.1_E_36_4_1_comp1
G_1_E_60_1_1_comp1,P_1_E_60_1_1_comp1,R_1_E_60_1_1,TCDB,TCDB.1_E_60_1_1_comp1
G_1_E_36_6_3_comp1,P_1_E_36_6_3_comp1,R_1_E_36_6_3,TCDB,TCDB.1_E_36_6_3_comp1
G_1_A_9_5_3_comp1,P_1_A_9_5_3_comp1,R_1_A_9_5_3,TCDB,TCDB.1_A_9_5_3_comp1
G_2_A_4_4_8_comp1,P_2_A_4_4_8_comp1,R_2_A_4_4_8,TCDB,TCDB.2_A_4_4_8_comp1
G_1_B_38_4_2_comp1,P_1_B_38_4_2_comp1,R_1_B_38_4_2,TCDB,TCDB.1_B_38_4_2_comp1
G_1_B_38_4_1_comp1,P_1_B_38_4_1_comp1,R_1_B_38_4_1,TCDB,TCDB.1_B_38_4_1_comp1
G_1_A_106_1_8_comp1,P_1_A_106_1_8_comp1,R_1_A_106_1_8,TCDB,TCDB.1_A_106_1_8_comp1
G_9_B_142_2_2_comp1,P_9_B_142_2_2_comp1,R_9_B_142_2_2,TCDB,TCDB.9_B_142_2_2_comp1
G_1_B_14_15_7_comp1,P_1_B_14_15_7_comp1,R_1_B_14_15_7,TCDB,TCDB.1_B_14_15_7_comp1
G_2_A_79_1_6_comp1,P_2_A_79_1_6_comp1,R_2_A_79_1_6,TCDB,TCDB.2_A_79_1_6_comp1
G_2_A_113_1_11_comp1,P_2_A_113_1_11_comp1,R_2_A_113_1_11,TCDB,TCDB.2_A_113_1_11_comp1
G_9_A_55_1_11_comp1,P_9_A_55_1_11_comp1,R_9_A_55_1_11,TCDB,TCDB.9_A_55_1_11_comp1
G_1_E_9_1_2_comp1,P_1_E_9_1_2_comp1,R_1_E_9_1_2,TCDB,TCDB.1_E_9_1_2_comp1
G_9_B_163_1_6_comp1,P_9_B_163_1_6_comp1,R_9_B_163_1_6,TCDB,TCDB.9_B_163_1_6_comp1
G_2_A_117_1_9_comp1,P_2_A_117_1_9_comp1,R_2_A_117_1_9,TCDB,TCDB.2_A_117_1_9_comp1
G_1_B_25_1_23_comp1,P_1_B_25_1_23_comp1,R_1_B_25_1_23,TCDB,TCDB.1_B_25_1_23_comp1
G_2_A_117_1_10_comp1,P_2_A_117_1_10_comp1,R_2_A_117_1_10,TCDB,TCDB.2_A_117_1_10_comp1
G_9_B_28_2_2_comp1,P_9_B_28_2_2_comp1,R_9_B_28_2_2,TCDB,TCDB.9_B_28_2_2_comp1
G_1_B_6_10_6_comp1,P_1_B_6_10_6_comp1,R_1_B_6_10_6,TCDB,TCDB.1_B_6_10_6_comp1
G_9_B_28_1_9_comp1,P_9_B_28_1_9_comp1,R_9_B_28_1_9,TCDB,TCDB.9_B_28_1_9_comp1
G_2_A_1_37_4_comp1,P_2_A_1_37_4_comp1,R_2_A_1_37_4,TCDB,TCDB.2_A_1_37_4_comp1
G_1_B_35_2_3_comp1,P_1_B_35_2_3_comp1,R_1_B_35_2_3,TCDB,TCDB.1_B_35_2_3_comp1
G_1_B_6_9_3_comp1,P_1_B_6_9_3_comp1,R_1_B_6_9_3,TCDB,TCDB.1_B_6_9_3_comp1
G_1_B_81_1_5_comp1,P_1_B_81_1_5_comp1,R_1_B_81_1_5,TCDB,TCDB.1_B_81_1_5_comp1
G_1_B_6_9_2_comp1,P_1_B_6_9_2_comp1,R_1_B_6_9_2,TCDB,TCDB.1_B_6_9_2_comp1
G_2_A_38_4_6_comp1,P_2_A_38_4_6_comp1+2_A_38_4_6_comp2+2_A_38_4_6_comp3,R_2_A_38_4_6,TCDB,TCDB.2_A_38_4_6_comp1
G_2_A_38_4_6_comp2,P_2_A_38_4_6_comp1+2_A_38_4_6_comp2+2_A_38_4_6_comp3,R_2_A_38_4_6,TCDB,TCDB.2_A_38_4_6_comp2
G_2_A_38_4_6_comp3,P_2_A_38_4_6_comp1+2_A_38_4_6_comp2+2_A_38_4_6_comp3,R_2_A_38_4_6,TCDB,TCDB.2_A_38_4_6_comp3
G_2_A_52_1_5_comp1,P_2_A_52_1_5_comp1,R_2_A_52_1_5,TCDB,TCDB.2_A_52_1_5_comp1
G_9_A_24_1_6_comp1,P_9_A_24_1_6_comp1,R_9_A_24_1_6,TCDB,TCDB.9_A_24_1_6_comp1
G_8_A_46_3_3_comp1,P_8_A_46_3_3_comp1,R_8_A_46_3_3,TCDB,TCDB.8_A_46_3_3_comp1
G_1_E_9_1_6_comp1,P_1_E_9_1_6_comp1,R_1_E_9_1_6,TCDB,TCDB.1_E_9_1_6_comp1
G_1_B_14_15_4_comp1,P_1_B_14_15_4_comp1,R_1_B_14_15_4,TCDB,TCDB.1_B_14_15_4_comp1
G_9_A_55_1_14_comp1,P_9_A_55_1_14_comp1,R_9_A_55_1_14,TCDB,TCDB.9_A_55_1_14_comp1
G_9_B_124_1_7_comp1,P_9_B_124_1_7_comp1,R_9_B_124_1_7,TCDB,TCDB.9_B_124_1_7_comp1
G_3_A_1_5_33_comp1,P_3_A_1_5_33_comp1+3_A_1_5_33_comp2+3_A_1_5_33_comp3+3_A_1_5_33_comp4+3_A_1_5_33_comp5,R_3_A_1_5_33,TCDB,TCDB.3_A_1_5_33_comp1
G_3_A_1_5_33_comp2,P_3_A_1_5_33_comp1+3_A_1_5_33_comp2+3_A_1_5_33_comp3+3_A_1_5_33_comp4+3_A_1_5_33_comp5,R_3_A_1_5_33,TCDB,TCDB.3_A_1_5_33_comp2
G_3_A_1_5_33_comp3,P_3_A_1_5_33_comp1+3_A_1_5_33_comp2+3_A_1_5_33_comp3+3_A_1_5_33_comp4+3_A_1_5_33_comp5,R_3_A_1_5_33,TCDB,TCDB.3_A_1_5_33_comp3
G_3_A_1_5_33_comp4,P_3_A_1_5_33_comp1+3_A_1_5_33_comp2+3_A_1_5_33_comp3+3_A_1_5_33_comp4+3_A_1_5_33_comp5,R_3_A_1_5_33,TCDB,TCDB.3_A_1_5_33_comp4
G_3_A_1_5_33_comp5,P_3_A_1_5_33_comp1+3_A_1_5_33_comp2+3_A_1_5_33_comp3+3_A_1_5_33_comp4+3_A_1_5_33_comp5,R_3_A_1_5_33,TCDB,TCDB.3_A_1_5_33_comp5
G_2_A_7_21_5_comp1,P_2_A_7_21_5_comp1+2_A_7_21_5_comp2,R_2_A_7_21_5,TCDB,TCDB.2_A_7_21_5_comp1
G_2_A_7_21_5_comp2,P_2_A_7_21_5_comp1+2_A_7_21_5_comp2,R_2_A_7_21_5,TCDB,TCDB.2_A_7_21_5_comp2
G_2_A_76_1_10_comp1,P_2_A_76_1_10_comp1,R_2_A_76_1_10,TCDB,TCDB.2_A_76_1_10_comp1
G_9_A_14_18_4_comp1,P_9_A_14_18_4_comp1,R_9_A_14_18_4,TCDB,TCDB.9_A_14_18_4_comp1
G_8_B_25_2_2_comp1,P_8_B_25_2_2_comp1,R_8_B_25_2_2,TCDB,TCDB.8_B_25_2_2_comp1
G_1_A_14_4_4_comp1,P_1_A_14_4_4_comp1,R_1_A_14_4_4,TCDB,TCDB.1_A_14_4_4_comp1
G_1_A_88_1_9_comp1,P_1_A_88_1_9_comp1,R_1_A_88_1_9,TCDB,TCDB.1_A_88_1_9_comp1
G_9_B_235_1_6_comp1,P_9_B_235_1_6_comp1,R_9_B_235_1_6,TCDB,TCDB.9_B_235_1_6_comp1
G_1_A_8_8_10_comp1,P_1_A_8_8_10_comp1,R_1_A_8_8_10,TCDB,TCDB.1_A_8_8_10_comp1
G_9_A_54_3_2_comp1,P_9_A_54_3_2_comp1,R_9_A_54_3_2,TCDB,TCDB.9_A_54_3_2_comp1
G_1_C_6_2_1_comp1,P_1_C_6_2_1_comp1,R_1_C_6_2_1,TCDB,TCDB.1_C_6_2_1_comp1
G_1_A_1_5_13_comp1,P_1_A_1_5_13_comp1,R_1_A_1_5_13,TCDB,TCDB.1_A_1_5_13_comp1
G_2_A_1_19_49_comp1,P_2_A_1_19_49_comp1,R_2_A_1_19_49,TCDB,TCDB.2_A_1_19_49_comp1
G_3_A_1_135_3_comp1,P_3_A_1_135_3_comp1+3_A_1_135_3_comp2,R_3_A_1_135_3,TCDB,TCDB.3_A_1_135_3_comp1
G_3_A_1_135_3_comp2,P_3_A_1_135_3_comp1+3_A_1_135_3_comp2,R_3_A_1_135_3,TCDB,TCDB.3_A_1_135_3_comp2
G_1_C_39_14_3_comp1,P_1_C_39_14_3_comp1,R_1_C_39_14_3,TCDB,TCDB.1_C_39_14_3_comp1
G_1_C_105_1_2_comp1,P_1_C_105_1_2_comp1,R_1_C_105_1_2,TCDB,TCDB.1_C_105_1_2_comp1
G_9_B_223_1_10_comp1,P_9_B_223_1_10_comp1,R_9_B_223_1_10,TCDB,TCDB.9_B_223_1_10_comp1
G_1_B_76_1_4_comp1,P_1_B_76_1_4_comp1,R_1_B_76_1_4,TCDB,TCDB.1_B_76_1_4_comp1
G_3_A_1_201_30_comp1,P_3_A_1_201_30_comp1,R_3_A_1_201_30,TCDB,TCDB.3_A_1_201_30_comp1
G_1_E_39_1_4_comp1,P_1_E_39_1_4_comp1,R_1_E_39_1_4,TCDB,TCDB.1_E_39_1_4_comp1
G_2_A_1_3_46_comp1,P_2_A_1_3_46_comp1,R_2_A_1_3_46,TCDB,TCDB.2_A_1_3_46_comp1
G_3_A_5_9_2_comp1,P_3_A_5_9_2_comp1,R_3_A_5_9_2,TCDB,TCDB.3_A_5_9_2_comp1
G_8_A_112_1_2_comp1,P_8_A_112_1_2_comp1,R_8_A_112_1_2,TCDB,TCDB.8_A_112_1_2_comp1
G_1_C_97_1_8_comp1,P_1_C_97_1_8_comp1,R_1_C_97_1_8,TCDB,TCDB.1_C_97_1_8_comp1
G_1_C_41_2_5_comp1,P_1_C_41_2_5_comp1,R_1_C_41_2_5,TCDB,TCDB.1_C_41_2_5_comp1
G_5_B_2_3_2_comp1,P_5_B_2_3_2_comp1,R_5_B_2_3_2,TCDB,TCDB.5_B_2_3_2_comp1
G_1_A_8_9_18_comp1,P_1_A_8_9_18_comp1,R_1_A_8_9_18,TCDB,TCDB.1_A_8_9_18_comp1
G_9_B_142_3_5_comp1,P_9_B_142_3_5_comp1,R_9_B_142_3_5,TCDB,TCDB.9_B_142_3_5_comp1
G_1_B_23_1_20_comp1,P_1_B_23_1_20_comp1,R_1_B_23_1_20,TCDB,TCDB.1_B_23_1_20_comp1
G_9_B_153_2_1_comp1,P_9_B_153_2_1_comp1,R_9_B_153_2_1,TCDB,TCDB.9_B_153_2_1_comp1
G_8_B_24_3_2_comp1,P_8_B_24_3_2_comp1,R_8_B_24_3_2,TCDB,TCDB.8_B_24_3_2_comp1
G_1_B_23_1_8_comp1,P_1_B_23_1_8_comp1,R_1_B_23_1_8,TCDB,TCDB.1_B_23_1_8_comp1
G_1_M_13_1_10_comp1,P_1_M_13_1_10_comp1,R_1_M_13_1_10,TCDB,TCDB.1_M_13_1_10_comp1
G_1_C_53_1_7_comp1,P_1_C_53_1_7_comp1,R_1_C_53_1_7,TCDB,TCDB.1_C_53_1_7_comp1
G_1_C_5_1_2_comp1,P_1_C_5_1_2_comp1,R_1_C_5_1_2,TCDB,TCDB.1_C_5_1_2_comp1
G_3_A_1_103_7_comp1,P_3_A_1_103_7_comp1,R_3_A_1_103_7,TCDB,TCDB.3_A_1_103_7_comp1
G_1_C_104_2_4_comp1,P_1_C_104_2_4_comp1,R_1_C_104_2_4,TCDB,TCDB.1_C_104_2_4_comp1
G_9_B_270_1_3_comp1,P_9_B_270_1_3_comp1,R_9_B_270_1_3,TCDB,TCDB.9_B_270_1_3_comp1
G_9_B_354_1_5_comp1,P_9_B_354_1_5_comp1,R_9_B_354_1_5,TCDB,TCDB.9_B_354_1_5_comp1
G_8_A_112_2_3_comp1,P_8_A_112_2_3_comp1,R_8_A_112_2_3,TCDB,TCDB.8_A_112_2_3_comp1
G_1_A_2_2_6_comp1,P_1_A_2_2_6_comp1,R_1_A_2_2_6,TCDB,TCDB.1_A_2_2_6_comp1
G_1_A_46_2_12_comp1,P_1_A_46_2_12_comp1,R_1_A_46_2_12,TCDB,TCDB.1_A_46_2_12_comp1
G_3_E_1_7_5_comp1,P_3_E_1_7_5_comp1,R_3_E_1_7_5,TCDB,TCDB.3_E_1_7_5_comp1
G_1_B_96_1_5_comp1,P_1_B_96_1_5_comp1,R_1_B_96_1_5,TCDB,TCDB.1_B_96_1_5_comp1
G_1_A_62_1_5_comp1,P_1_A_62_1_5_comp1,R_1_A_62_1_5,TCDB,TCDB.1_A_62_1_5_comp1
G_1_B_33_2_6_comp1,P_1_B_33_2_6_comp1,R_1_B_33_2_6,TCDB,TCDB.1_B_33_2_6_comp1
G_2_A_51_1_12_comp1,P_2_A_51_1_12_comp1,R_2_A_51_1_12,TCDB,TCDB.2_A_51_1_12_comp1
G_3_A_3_2_46_comp1,P_3_A_3_2_46_comp1,R_3_A_3_2_46,TCDB,TCDB.3_A_3_2_46_comp1
G_8_A_107_2_2_comp1,P_8_A_107_2_2_comp1,R_8_A_107_2_2,TCDB,TCDB.8_A_107_2_2_comp1
G_8_A_118_1_9_comp1,P_8_A_118_1_9_comp1,R_8_A_118_1_9,TCDB,TCDB.8_A_118_1_9_comp1
G_8_A_231_2_6_comp1,P_8_A_231_2_6_comp1,R_8_A_231_2_6,TCDB,TCDB.8_A_231_2_6_comp1
G_1_C_6_1_2_comp1,P_1_C_6_1_2_comp1,R_1_C_6_1_2,TCDB,TCDB.1_C_6_1_2_comp1
G_1_A_23_3_5_comp1,P_1_A_23_3_5_comp1,R_1_A_23_3_5,TCDB,TCDB.1_A_23_3_5_comp1
G_2_A_96_2_2_comp1,P_2_A_96_2_2_comp1,R_2_A_96_2_2,TCDB,TCDB.2_A_96_2_2_comp1
G_8_A_169_1_9_comp1,P_8_A_169_1_9_comp1,R_8_A_169_1_9,TCDB,TCDB.8_A_169_1_9_comp1
G_2_A_7_44_8_comp1,P_2_A_7_44_8_comp1,R_2_A_7_44_8,TCDB,TCDB.2_A_7_44_8_comp1
G_2_A_1_2_117_comp1,P_2_A_1_2_117_comp1,R_2_A_1_2_117,TCDB,TCDB.2_A_1_2_117_comp1
G_1_H_3_2_7_comp1,P_1_H_3_2_7_comp1,R_1_H_3_2_7,TCDB,TCDB.1_H_3_2_7_comp1
G_9_B_368_1_5_comp1,P_9_B_368_1_5_comp1,R_9_B_368_1_5,TCDB,TCDB.9_B_368_1_5_comp1
G_9_B_314_1_8_comp1,P_9_B_314_1_8_comp1,R_9_B_314_1_8,TCDB,TCDB.9_B_314_1_8_comp1
G_8_A_20_1_3_comp1,P_8_A_20_1_3_comp1,R_8_A_20_1_3,TCDB,TCDB.8_A_20_1_3_comp1
G_9_B_311_1_17_comp1,P_9_B_311_1_17_comp1,R_9_B_311_1_17,TCDB,TCDB.9_B_311_1_17_comp1
G_8_A_129_1_5_comp1,P_8_A_129_1_5_comp1,R_8_A_129_1_5,TCDB,TCDB.8_A_129_1_5_comp1
G_8_A_138_1_5_comp1,P_8_A_138_1_5_comp1,R_8_A_138_1_5,TCDB,TCDB.8_A_138_1_5_comp1
G_8_A_129_1_7_comp1,P_8_A_129_1_7_comp1,R_8_A_129_1_7,TCDB,TCDB.8_A_129_1_7_comp1
G_8_A_111_1_7_comp1,P_8_A_111_1_7_comp1,R_8_A_111_1_7,TCDB,TCDB.8_A_111_1_7_comp1
G_1_A_90_2_2_comp1,P_1_A_90_2_2_comp1,R_1_A_90_2_2,TCDB,TCDB.1_A_90_2_2_comp1
G_9_B_77_1_3_comp1,P_9_B_77_1_3_comp1,R_9_B_77_1_3,TCDB,TCDB.9_B_77_1_3_comp1
G_3_A_1_201_46_comp1,P_3_A_1_201_46_comp1,R_3_A_1_201_46,TCDB,TCDB.3_A_1_201_46_comp1
G_8_A_128_1_4_comp1,P_8_A_128_1_4_comp1,R_8_A_128_1_4,TCDB,TCDB.8_A_128_1_4_comp1
G_9_B_257_4_1_comp1,P_9_B_257_4_1_comp1,R_9_B_257_4_1,TCDB,TCDB.9_B_257_4_1_comp1
G_1_W_7_7_5_comp1,P_1_W_7_7_5_comp1,R_1_W_7_7_5,TCDB,TCDB.1_W_7_7_5_comp1
G_9_B_115_4_7_comp1,P_9_B_115_4_7_comp1,R_9_B_115_4_7,TCDB,TCDB.9_B_115_4_7_comp1
G_8_B_43_1_1_comp1,P_8_B_43_1_1_comp1,R_8_B_43_1_1,TCDB,TCDB.8_B_43_1_1_comp1
G_9_B_148_4_5_comp1,P_9_B_148_4_5_comp1,R_9_B_148_4_5,TCDB,TCDB.9_B_148_4_5_comp1
G_9_B_29_4_2_comp1,P_9_B_29_4_2_comp1,R_9_B_29_4_2,TCDB,TCDB.9_B_29_4_2_comp1
G_1_B_33_4_6_comp1,P_1_B_33_4_6_comp1,R_1_B_33_4_6,TCDB,TCDB.1_B_33_4_6_comp1
G_9_B_439_1_4_comp1,P_9_B_439_1_4_comp1,R_9_B_439_1_4,TCDB,TCDB.9_B_439_1_4_comp1
G_9_B_204_1_8_comp1,P_9_B_204_1_8_comp1,R_9_B_204_1_8,TCDB,TCDB.9_B_204_1_8_comp1
G_1_A_130_1_10_comp1,P_1_A_130_1_10_comp1,R_1_A_130_1_10,TCDB,TCDB.1_A_130_1_10_comp1
G_9_A_35_1_3_comp1,P_9_A_35_1_3_comp1,R_9_A_35_1_3,TCDB,TCDB.9_A_35_1_3_comp1
G_8_A_191_1_3_comp1,P_8_A_191_1_3_comp1,R_8_A_191_1_3,TCDB,TCDB.8_A_191_1_3_comp1
G_9_B_441_1_6_comp1,P_9_B_441_1_6_comp1,R_9_B_441_1_6,TCDB,TCDB.9_B_441_1_6_comp1
G_8_A_227_1_7_comp1,P_8_A_227_1_7_comp1,R_8_A_227_1_7,TCDB,TCDB.8_A_227_1_7_comp1
G_2_A_86_4_4_comp1,P_2_A_86_4_4_comp1,R_2_A_86_4_4,TCDB,TCDB.2_A_86_4_4_comp1
G_8_A_180_1_2_comp1,P_8_A_180_1_2_comp1,R_8_A_180_1_2,TCDB,TCDB.8_A_180_1_2_comp1
G_8_A_165_1_7_comp1,P_8_A_165_1_7_comp1,R_8_A_165_1_7,TCDB,TCDB.8_A_165_1_7_comp1
G_8_A_226_1_4_comp1,P_8_A_226_1_4_comp1,R_8_A_226_1_4,TCDB,TCDB.8_A_226_1_4_comp1
G_9_B_438_1_3_comp1,P_9_B_438_1_3_comp1,R_9_B_438_1_3,TCDB,TCDB.9_B_438_1_3_comp1
G_1_A_130_1_5_comp1,P_1_A_130_1_5_comp1,R_1_A_130_1_5,TCDB,TCDB.1_A_130_1_5_comp1
G_9_B_438_1_9_comp1,P_9_B_438_1_9_comp1,R_9_B_438_1_9,TCDB,TCDB.9_B_438_1_9_comp1
G_3_E_1_5_3_comp1,P_3_E_1_5_3_comp1,R_3_E_1_5_3,TCDB,TCDB.3_E_1_5_3_comp1
G_1_C_137_3_2_comp1,P_1_C_137_3_2_comp1,R_1_C_137_3_2,TCDB,TCDB.1_C_137_3_2_comp1
G_9_B_211_1_3_comp1,P_9_B_211_1_3_comp1,R_9_B_211_1_3,TCDB,TCDB.9_B_211_1_3_comp1
G_9_B_229_1_4_comp1,P_9_B_229_1_4_comp1,R_9_B_229_1_4,TCDB,TCDB.9_B_229_1_4_comp1
G_1_A_101_7_2_comp1,P_1_A_101_7_2_comp1,R_1_A_101_7_2,TCDB,TCDB.1_A_101_7_2_comp1
G_1_E_36_1_6_comp1,P_1_E_36_1_6_comp1,R_1_E_36_1_6,TCDB,TCDB.1_E_36_1_6_comp1
G_9_B_13_1_2_comp1,P_9_B_13_1_2_comp1,R_9_B_13_1_2,TCDB,TCDB.9_B_13_1_2_comp1
G_2_A_7_1_12_comp1,P_2_A_7_1_12_comp1,R_2_A_7_1_12,TCDB,TCDB.2_A_7_1_12_comp1
G_8_B_24_2_4_comp1,P_8_B_24_2_4_comp1,R_8_B_24_2_4,TCDB,TCDB.8_B_24_2_4_comp1
G_9_B_124_1_3_comp1,P_9_B_124_1_3_comp1,R_9_B_124_1_3,TCDB,TCDB.9_B_124_1_3_comp1
G_1_B_24_1_3_comp1,P_1_B_24_1_3_comp1,R_1_B_24_1_3,TCDB,TCDB.1_B_24_1_3_comp1
G_9_B_145_1_6_comp1,P_9_B_145_1_6_comp1,R_9_B_145_1_6,TCDB,TCDB.9_B_145_1_6_comp1
G_3_A_1_203_12_comp1,P_3_A_1_203_12_comp1,R_3_A_1_203_12,TCDB,TCDB.3_A_1_203_12_comp1
G_1_B_4_2_2_comp1,P_1_B_4_2_2_comp1,R_1_B_4_2_2,TCDB,TCDB.1_B_4_2_2_comp1
G_1_M_6_1_3_comp1,P_1_M_6_1_3_comp1,R_1_M_6_1_3,TCDB,TCDB.1_M_6_1_3_comp1
G_1_A_64_1_2_comp1,P_1_A_64_1_2_comp1,R_1_A_64_1_2,TCDB,TCDB.1_A_64_1_2_comp1
G_9_A_59_1_3_comp1,P_9_A_59_1_3_comp1,R_9_A_59_1_3,TCDB,TCDB.9_A_59_1_3_comp1
G_1_B_25_1_25_comp1,P_1_B_25_1_25_comp1,R_1_B_25_1_25,TCDB,TCDB.1_B_25_1_25_comp1
G_1_B_25_1_28_comp1,P_1_B_25_1_28_comp1,R_1_B_25_1_28,TCDB,TCDB.1_B_25_1_28_comp1
G_9_B_155_2_7_comp1,P_9_B_155_2_7_comp1,R_9_B_155_2_7,TCDB,TCDB.9_B_155_2_7_comp1
G_2_A_79_1_4_comp1,P_2_A_79_1_4_comp1,R_2_A_79_1_4,TCDB,TCDB.2_A_79_1_4_comp1
G_1_C_28_3_2_comp1,P_1_C_28_3_2_comp1,R_1_C_28_3_2,TCDB,TCDB.1_C_28_3_2_comp1
G_1_B_70_1_4_comp1,P_1_B_70_1_4_comp1,R_1_B_70_1_4,TCDB,TCDB.1_B_70_1_4_comp1
G_1_B_16_2_4_comp1,P_1_B_16_2_4_comp1,R_1_B_16_2_4,TCDB,TCDB.1_B_16_2_4_comp1
G_1_B_1_5_6_comp1,P_1_B_1_5_6_comp1,R_1_B_1_5_6,TCDB,TCDB.1_B_1_5_6_comp1
G_1_B_23_2_2_comp1,P_1_B_23_2_2_comp1,R_1_B_23_2_2,TCDB,TCDB.1_B_23_2_2_comp1
G_1_B_23_2_3_comp1,P_1_B_23_2_3_comp1,R_1_B_23_2_3,TCDB,TCDB.1_B_23_2_3_comp1
G_1_B_23_2_1_comp1,P_1_B_23_2_1_comp1,R_1_B_23_2_1,TCDB,TCDB.1_B_23_2_1_comp1
G_1_E_26_7_3_comp1,P_1_E_26_7_3_comp1,R_1_E_26_7_3,TCDB,TCDB.1_E_26_7_3_comp1
G_1_C_12_2_2_comp1,P_1_C_12_2_2_comp1,R_1_C_12_2_2,TCDB,TCDB.1_C_12_2_2_comp1
G_1_E_6_3_4_comp1,P_1_E_6_3_4_comp1,R_1_E_6_3_4,TCDB,TCDB.1_E_6_3_4_comp1
G_1_C_30_1_4_comp1,P_1_C_30_1_4_comp1,R_1_C_30_1_4,TCDB,TCDB.1_C_30_1_4_comp1
G_2_A_3_14_3_comp1,P_2_A_3_14_3_comp1,R_2_A_3_14_3,TCDB,TCDB.2_A_3_14_3_comp1
G_4_A_6_1_20_comp1,P_4_A_6_1_20_comp1+4_A_6_1_20_comp2+4_A_6_1_20_comp3+4_A_6_1_20_comp4,R_4_A_6_1_20,TCDB,TCDB.4_A_6_1_20_comp1
G_4_A_6_1_20_comp2,P_4_A_6_1_20_comp1+4_A_6_1_20_comp2+4_A_6_1_20_comp3+4_A_6_1_20_comp4,R_4_A_6_1_20,TCDB,TCDB.4_A_6_1_20_comp2
G_4_A_6_1_20_comp3,P_4_A_6_1_20_comp1+4_A_6_1_20_comp2+4_A_6_1_20_comp3+4_A_6_1_20_comp4,R_4_A_6_1_20,TCDB,TCDB.4_A_6_1_20_comp3
G_4_A_6_1_20_comp4,P_4_A_6_1_20_comp1+4_A_6_1_20_comp2+4_A_6_1_20_comp3+4_A_6_1_20_comp4,R_4_A_6_1_20,TCDB,TCDB.4_A_6_1_20_comp4
G_9_B_190_1_2_comp1,P_9_B_190_1_2_comp1,R_9_B_190_1_2,TCDB,TCDB.9_B_190_1_2_comp1
G_1_B_9_4_5_comp1,P_1_B_9_4_5_comp1,R_1_B_9_4_5,TCDB,TCDB.1_B_9_4_5_comp1
G_8_A_7_1_5_comp1,P_8_A_7_1_5_comp1,R_8_A_7_1_5,TCDB,TCDB.8_A_7_1_5_comp1
G_8_A_8_1_5_comp1,P_8_A_8_1_5_comp1,R_8_A_8_1_5,TCDB,TCDB.8_A_8_1_5_comp1
G_9_B_102_1_18_comp1,P_9_B_102_1_18_comp1,R_9_B_102_1_18,TCDB,TCDB.9_B_102_1_18_comp1
G_1_E_19_2_3_comp1,P_1_E_19_2_3_comp1,R_1_E_19_2_3,TCDB,TCDB.1_E_19_2_3_comp1
G_1_C_6_1_3_comp1,P_1_C_6_1_3_comp1,R_1_C_6_1_3,TCDB,TCDB.1_C_6_1_3_comp1
G_1_A_43_2_2_comp1,P_1_A_43_2_2_comp1,R_1_A_43_2_2,TCDB,TCDB.1_A_43_2_2_comp1
G_1_A_101_7_1_comp1,P_1_A_101_7_1_comp1,R_1_A_101_7_1,TCDB,TCDB.1_A_101_7_1_comp1
G_2_A_66_2_18_comp1,P_2_A_66_2_18_comp1,R_2_A_66_2_18,TCDB,TCDB.2_A_66_2_18_comp1
G_2_A_66_2_19_comp1,P_2_A_66_2_19_comp1,R_2_A_66_2_19,TCDB,TCDB.2_A_66_2_19_comp1
G_1_E_56_1_7_comp1,P_1_E_56_1_7_comp1,R_1_E_56_1_7,TCDB,TCDB.1_E_56_1_7_comp1
G_8_B_28_1_5_comp1,P_8_B_28_1_5_comp1,R_8_B_28_1_5,TCDB,TCDB.8_B_28_1_5_comp1
G_9_B_67_6_5_comp1,P_9_B_67_6_5_comp1,R_9_B_67_6_5,TCDB,TCDB.9_B_67_6_5_comp1
G_9_B_142_8_1_comp1,P_9_B_142_8_1_comp1,R_9_B_142_8_1,TCDB,TCDB.9_B_142_8_1_comp1
G_3_A_1_152_5_comp1,P_3_A_1_152_5_comp1,R_3_A_1_152_5,TCDB,TCDB.3_A_1_152_5_comp1
G_1_B_74_1_4_comp1,P_1_B_74_1_4_comp1,R_1_B_74_1_4,TCDB,TCDB.1_B_74_1_4_comp1
G_2_A_106_3_1_comp1,P_2_A_106_3_1_comp1,R_2_A_106_3_1,TCDB,TCDB.2_A_106_3_1_comp1
G_1_B_37_1_2_comp1,P_1_B_37_1_2_comp1,R_1_B_37_1_2,TCDB,TCDB.1_B_37_1_2_comp1
G_1_C_47_3_3_comp1,P_1_C_47_3_3_comp1,R_1_C_47_3_3,TCDB,TCDB.1_C_47_3_3_comp1
G_1_E_56_1_1_comp1,P_1_E_56_1_1_comp1,R_1_E_56_1_1,TCDB,TCDB.1_E_56_1_1_comp1
G_1_G_12_2_1_comp1,P_1_G_12_2_1_comp1,R_1_G_12_2_1,TCDB,TCDB.1_G_12_2_1_comp1
G_2_A_17_4_6_comp1,P_2_A_17_4_6_comp1,R_2_A_17_4_6,TCDB,TCDB.2_A_17_4_6_comp1
G_2_A_1_3_65_comp1,P_2_A_1_3_65_comp1,R_2_A_1_3_65,TCDB,TCDB.2_A_1_3_65_comp1
G_2_A_58_1_6_comp1,P_2_A_58_1_6_comp1,R_2_A_58_1_6,TCDB,TCDB.2_A_58_1_6_comp1
G_1_A_101_6_4_comp1,P_1_A_101_6_4_comp1,R_1_A_101_6_4,TCDB,TCDB.1_A_101_6_4_comp1
G_2_A_55_1_5_comp1,P_2_A_55_1_5_comp1,R_2_A_55_1_5,TCDB,TCDB.2_A_55_1_5_comp1
G_1_A_1_2_14_comp1,P_1_A_1_2_14_comp1,R_1_A_1_2_14,TCDB,TCDB.1_A_1_2_14_comp1
G_1_C_85_2_4_comp1,P_1_C_85_2_4_comp1,R_1_C_85_2_4,TCDB,TCDB.1_C_85_2_4_comp1
G_1_A_77_5_1_comp1,P_1_A_77_5_1_comp1,R_1_A_77_5_1,TCDB,TCDB.1_A_77_5_1_comp1
G_9_B_142_11_6_comp1,P_9_B_142_11_6_comp1,R_9_B_142_11_6,TCDB,TCDB.9_B_142_11_6_comp1
G_1_B_59_1_5_comp1,P_1_B_59_1_5_comp1,R_1_B_59_1_5,TCDB,TCDB.1_B_59_1_5_comp1
G_9_B_139_3_1_comp1,P_9_B_139_3_1_comp1,R_9_B_139_3_1,TCDB,TCDB.9_B_139_3_1_comp1
G_3_A_1_122_11_comp1,P_3_A_1_122_11_comp1+3_A_1_122_11_comp2,R_3_A_1_122_11,TCDB,TCDB.3_A_1_122_11_comp1
G_3_A_1_122_11_comp2,P_3_A_1_122_11_comp1+3_A_1_122_11_comp2,R_3_A_1_122_11,TCDB,TCDB.3_A_1_122_11_comp2
G_1_E_19_1_6_comp1,P_1_E_19_1_6_comp1,R_1_E_19_1_6,TCDB,TCDB.1_E_19_1_6_comp1
G_1_C_113_1_6_comp1,P_1_C_113_1_6_comp1,R_1_C_113_1_6,TCDB,TCDB.1_C_113_1_6_comp1
G_1_B_26_2_2_comp1,P_1_B_26_2_2_comp1,R_1_B_26_2_2,TCDB,TCDB.1_B_26_2_2_comp1
G_1_E_26_1_5_comp1,P_1_E_26_1_5_comp1,R_1_E_26_1_5,TCDB,TCDB.1_E_26_1_5_comp1
G_1_B_48_2_3_comp1,P_1_B_48_2_3_comp1,R_1_B_48_2_3,TCDB,TCDB.1_B_48_2_3_comp1
G_2_A_103_1_6_comp1,P_2_A_103_1_6_comp1,R_2_A_103_1_6,TCDB,TCDB.2_A_103_1_6_comp1
G_9_B_67_8_3_comp1,P_9_B_67_8_3_comp1,R_9_B_67_8_3,TCDB,TCDB.9_B_67_8_3_comp1
G_3_A_1_19_3_comp1,P_3_A_1_19_3_comp1+3_A_1_19_3_comp2+3_A_1_19_3_comp3,R_3_A_1_19_3,TCDB,TCDB.3_A_1_19_3_comp1
G_3_A_1_19_3_comp2,P_3_A_1_19_3_comp1+3_A_1_19_3_comp2+3_A_1_19_3_comp3,R_3_A_1_19_3,TCDB,TCDB.3_A_1_19_3_comp2
G_3_A_1_19_3_comp3,P_3_A_1_19_3_comp1+3_A_1_19_3_comp2+3_A_1_19_3_comp3,R_3_A_1_19_3,TCDB,TCDB.3_A_1_19_3_comp3
G_2_A_116_1_3_comp1,P_2_A_116_1_3_comp1,R_2_A_116_1_3,TCDB,TCDB.2_A_116_1_3_comp1
G_8_A_96_1_3_comp1,P_8_A_96_1_3_comp1,R_8_A_96_1_3,TCDB,TCDB.8_A_96_1_3_comp1
G_2_A_30_1_21_comp1,P_2_A_30_1_21_comp1,R_2_A_30_1_21,TCDB,TCDB.2_A_30_1_21_comp1
G_8_A_27_1_8_comp1,P_8_A_27_1_8_comp1,R_8_A_27_1_8,TCDB,TCDB.8_A_27_1_8_comp1
G_1_A_84_1_9_comp1,P_1_A_84_1_9_comp1,R_1_A_84_1_9,TCDB,TCDB.1_A_84_1_9_comp1
G_1_C_108_2_1_comp1,P_1_C_108_2_1_comp1,R_1_C_108_2_1,TCDB,TCDB.1_C_108_2_1_comp1
G_8_A_87_1_3_comp1,P_8_A_87_1_3_comp1,R_8_A_87_1_3,TCDB,TCDB.8_A_87_1_3_comp1
G_8_A_64_1_2_comp1,P_8_A_64_1_2_comp1,R_8_A_64_1_2,TCDB,TCDB.8_A_64_1_2_comp1
G_9_B_41_1_4_comp1,P_9_B_41_1_4_comp1,R_9_B_41_1_4,TCDB,TCDB.9_B_41_1_4_comp1
G_1_A_4_2_14_comp1,P_1_A_4_2_14_comp1,R_1_A_4_2_14,TCDB,TCDB.1_A_4_2_14_comp1
G_1_A_78_1_2_comp1,P_1_A_78_1_2_comp1,R_1_A_78_1_2,TCDB,TCDB.1_A_78_1_2_comp1
G_8_A_96_1_7_comp1,P_8_A_96_1_7_comp1,R_8_A_96_1_7,TCDB,TCDB.8_A_96_1_7_comp1
G_1_C_39_2_4_comp1,P_1_C_39_2_4_comp1,R_1_C_39_2_4,TCDB,TCDB.1_C_39_2_4_comp1
G_9_A_14_17_3_comp1,P_9_A_14_17_3_comp1,R_9_A_14_17_3,TCDB,TCDB.9_A_14_17_3_comp1
G_1_A_64_2_3_comp1,P_1_A_64_2_3_comp1,R_1_A_64_2_3,TCDB,TCDB.1_A_64_2_3_comp1
G_1_A_114_1_6_comp1,P_1_A_114_1_6_comp1,R_1_A_114_1_6,TCDB,TCDB.1_A_114_1_6_comp1
G_1_A_74_3_1_comp1,P_1_A_74_3_1_comp1,R_1_A_74_3_1,TCDB,TCDB.1_A_74_3_1_comp1
G_1_A_7_1_7_comp1,P_1_A_7_1_7_comp1,R_1_A_7_1_7,TCDB,TCDB.1_A_7_1_7_comp1
G_2_A_123_1_22_comp1,P_2_A_123_1_22_comp1,R_2_A_123_1_22,TCDB,TCDB.2_A_123_1_22_comp1
G_8_A_45_1_4_comp1,P_8_A_45_1_4_comp1,R_8_A_45_1_4,TCDB,TCDB.8_A_45_1_4_comp1
G_2_A_90_2_1_comp1,P_2_A_90_2_1_comp1,R_2_A_90_2_1,TCDB,TCDB.2_A_90_2_1_comp1
G_2_A_9_3_7_comp1,P_2_A_9_3_7_comp1,R_2_A_9_3_7,TCDB,TCDB.2_A_9_3_7_comp1
G_1_E_53_1_6_comp1,P_1_E_53_1_6_comp1,R_1_E_53_1_6,TCDB,TCDB.1_E_53_1_6_comp1
G_1_E_2_1_6_comp1,P_1_E_2_1_6_comp1,R_1_E_2_1_6,TCDB,TCDB.1_E_2_1_6_comp1
G_9_B_124_1_8_comp1,P_9_B_124_1_8_comp1,R_9_B_124_1_8,TCDB,TCDB.9_B_124_1_8_comp1
G_1_C_103_1_2_comp1,P_1_C_103_1_2_comp1,R_1_C_103_1_2,TCDB,TCDB.1_C_103_1_2_comp1
G_9_B_141_1_2_comp1,P_9_B_141_1_2_comp1,R_9_B_141_1_2,TCDB,TCDB.9_B_141_1_2_comp1
G_1_E_5_1_4_comp1,P_1_E_5_1_4_comp1,R_1_E_5_1_4,TCDB,TCDB.1_E_5_1_4_comp1
G_1_C_120_1_2_comp1,P_1_C_120_1_2_comp1,R_1_C_120_1_2,TCDB,TCDB.1_C_120_1_2_comp1
G_2_A_49_7_1_comp1,P_2_A_49_7_1_comp1,R_2_A_49_7_1,TCDB,TCDB.2_A_49_7_1_comp1
G_1_B_58_1_2_comp1,P_1_B_58_1_2_comp1,R_1_B_58_1_2,TCDB,TCDB.1_B_58_1_2_comp1
G_2_A_104_2_1_comp1,P_2_A_104_2_1_comp1,R_2_A_104_2_1,TCDB,TCDB.2_A_104_2_1_comp1
G_1_E_34_1_3_comp1,P_1_E_34_1_3_comp1,R_1_E_34_1_3,TCDB,TCDB.1_E_34_1_3_comp1
G_2_A_79_1_8_comp1,P_2_A_79_1_8_comp1,R_2_A_79_1_8,TCDB,TCDB.2_A_79_1_8_comp1
G_2_A_7_41_2_comp1,P_2_A_7_41_2_comp1,R_2_A_7_41_2,TCDB,TCDB.2_A_7_41_2_comp1
G_1_B_13_1_3_comp1,P_1_B_13_1_3_comp1,R_1_B_13_1_3,TCDB,TCDB.1_B_13_1_3_comp1
G_9_B_54_1_3_comp1,P_9_B_54_1_3_comp1,R_9_B_54_1_3,TCDB,TCDB.9_B_54_1_3_comp1
G_2_A_1_21_21_comp1,P_2_A_1_21_21_comp1,R_2_A_1_21_21,TCDB,TCDB.2_A_1_21_21_comp1
G_1_E_28_2_1_comp1,P_1_E_28_2_1_comp1,R_1_E_28_2_1,TCDB,TCDB.1_E_28_2_1_comp1
G_1_A_77_5_4_comp1,P_1_A_77_5_4_comp1,R_1_A_77_5_4,TCDB,TCDB.1_A_77_5_4_comp1
G_9_B_148_3_2_comp1,P_9_B_148_3_2_comp1,R_9_B_148_3_2,TCDB,TCDB.9_B_148_3_2_comp1
G_1_A_8_6_4_comp1,P_1_A_8_6_4_comp1,R_1_A_8_6_4,TCDB,TCDB.1_A_8_6_4_comp1
G_1_B_6_1_15_comp1,P_1_B_6_1_15_comp1,R_1_B_6_1_15,TCDB,TCDB.1_B_6_1_15_comp1
G_1_B_75_2_1_comp1,P_1_B_75_2_1_comp1,R_1_B_75_2_1,TCDB,TCDB.1_B_75_2_1_comp1
G_9_B_172_1_4_comp1,P_9_B_172_1_4_comp1,R_9_B_172_1_4,TCDB,TCDB.9_B_172_1_4_comp1
G_1_B_14_6_12_comp1,P_1_B_14_6_12_comp1,R_1_B_14_6_12,TCDB,TCDB.1_B_14_6_12_comp1
G_2_A_1_2_90_comp1,P_2_A_1_2_90_comp1,R_2_A_1_2_90,TCDB,TCDB.2_A_1_2_90_comp1
G_1_E_43_1_8_comp1,P_1_E_43_1_8_comp1,R_1_E_43_1_8,TCDB,TCDB.1_E_43_1_8_comp1
G_9_B_169_1_6_comp1,P_9_B_169_1_6_comp1,R_9_B_169_1_6,TCDB,TCDB.9_B_169_1_6_comp1
G_3_A_1_122_34_comp1,P_3_A_1_122_34_comp1+3_A_1_122_34_comp2+3_A_1_122_34_comp3+3_A_1_122_34_comp4,R_3_A_1_122_34,TCDB,TCDB.3_A_1_122_34_comp1
G_3_A_1_122_34_comp2,P_3_A_1_122_34_comp1+3_A_1_122_34_comp2+3_A_1_122_34_comp3+3_A_1_122_34_comp4,R_3_A_1_122_34,TCDB,TCDB.3_A_1_122_34_comp2
G_3_A_1_122_34_comp3,P_3_A_1_122_34_comp1+3_A_1_122_34_comp2+3_A_1_122_34_comp3+3_A_1_122_34_comp4,R_3_A_1_122_34,TCDB,TCDB.3_A_1_122_34_comp3
G_3_A_1_122_34_comp4,P_3_A_1_122_34_comp1+3_A_1_122_34_comp2+3_A_1_122_34_comp3+3_A_1_122_34_comp4,R_3_A_1_122_34,TCDB,TCDB.3_A_1_122_34_comp4
G_9_B_102_1_17_comp1,P_9_B_102_1_17_comp1,R_9_B_102_1_17,TCDB,TCDB.9_B_102_1_17_comp1
G_9_B_117_2_1_comp1,P_9_B_117_2_1_comp1,R_9_B_117_2_1,TCDB,TCDB.9_B_117_2_1_comp1
G_1_E_34_1_1_comp1,P_1_E_34_1_1_comp1,R_1_E_34_1_1,TCDB,TCDB.1_E_34_1_1_comp1
G_9_B_217_2_9_comp1,P_9_B_217_2_9_comp1,R_9_B_217_2_9,TCDB,TCDB.9_B_217_2_9_comp1
G_2_A_7_3_48_comp1,P_2_A_7_3_48_comp1,R_2_A_7_3_48,TCDB,TCDB.2_A_7_3_48_comp1
G_1_E_54_1_2_comp1,P_1_E_54_1_2_comp1,R_1_E_54_1_2,TCDB,TCDB.1_E_54_1_2_comp1
G_1_E_54_1_5_comp1,P_1_E_54_1_5_comp1,R_1_E_54_1_5,TCDB,TCDB.1_E_54_1_5_comp1
G_1_G_15_1_3_comp1,P_1_G_15_1_3_comp1,R_1_G_15_1_3,TCDB,TCDB.1_G_15_1_3_comp1
G_1_E_3_1_3_comp1,P_1_E_3_1_3_comp1,R_1_E_3_1_3,TCDB,TCDB.1_E_3_1_3_comp1
G_1_A_72_3_5_comp1,P_1_A_72_3_5_comp1+1_A_72_3_5_comp2,R_1_A_72_3_5,TCDB,TCDB.1_A_72_3_5_comp1
G_1_A_72_3_5_comp2,P_1_A_72_3_5_comp1+1_A_72_3_5_comp2,R_1_A_72_3_5,TCDB,TCDB.1_A_72_3_5_comp2
G_3_A_1_205_17_comp1,P_3_A_1_205_17_comp1,R_3_A_1_205_17,TCDB,TCDB.3_A_1_205_17_comp1
G_1_M_13_1_6_comp1,P_1_M_13_1_6_comp1,R_1_M_13_1_6,TCDB,TCDB.1_M_13_1_6_comp1
G_2_A_8_1_15_comp1,P_2_A_8_1_15_comp1,R_2_A_8_1_15,TCDB,TCDB.2_A_8_1_15_comp1
G_1_E_40_4_3_comp1,P_1_E_40_4_3_comp1,R_1_E_40_4_3,TCDB,TCDB.1_E_40_4_3_comp1
G_1_B_56_2_1_comp1,P_1_B_56_2_1_comp1,R_1_B_56_2_1,TCDB,TCDB.1_B_56_2_1_comp1
G_1_B_56_1_4_comp1,P_1_B_56_1_4_comp1,R_1_B_56_1_4,TCDB,TCDB.1_B_56_1_4_comp1
G_2_A_7_30_2_comp1,P_2_A_7_30_2_comp1,R_2_A_7_30_2,TCDB,TCDB.2_A_7_30_2_comp1
G_1_E_26_11_2_comp1,P_1_E_26_11_2_comp1,R_1_E_26_11_2,TCDB,TCDB.1_E_26_11_2_comp1
G_1_B_14_9_4_comp1,P_1_B_14_9_4_comp1,R_1_B_14_9_4,TCDB,TCDB.1_B_14_9_4_comp1
G_9_B_18_1_2_comp1,P_9_B_18_1_2_comp1,R_9_B_18_1_2,TCDB,TCDB.9_B_18_1_2_comp1
G_1_B_19_1_9_comp1,P_1_B_19_1_9_comp1,R_1_B_19_1_9,TCDB,TCDB.1_B_19_1_9_comp1
G_2_A_49_7_2_comp1,P_2_A_49_7_2_comp1,R_2_A_49_7_2,TCDB,TCDB.2_A_49_7_2_comp1
G_3_A_1_132_8_comp1,P_3_A_1_132_8_comp1+3_A_1_132_8_comp2,R_3_A_1_132_8,TCDB,TCDB.3_A_1_132_8_comp1
G_3_A_1_132_8_comp2,P_3_A_1_132_8_comp1+3_A_1_132_8_comp2,R_3_A_1_132_8,TCDB,TCDB.3_A_1_132_8_comp2
G_3_A_1_147_9_comp1,P_3_A_1_147_9_comp1+3_A_1_147_9_comp2,R_3_A_1_147_9,TCDB,TCDB.3_A_1_147_9_comp1
G_3_A_1_147_9_comp2,P_3_A_1_147_9_comp1+3_A_1_147_9_comp2,R_3_A_1_147_9,TCDB,TCDB.3_A_1_147_9_comp2
G_2_A_123_2_12_comp1,P_2_A_123_2_12_comp1,R_2_A_123_2_12,TCDB,TCDB.2_A_123_2_12_comp1
G_1_B_10_3_2_comp1,P_1_B_10_3_2_comp1,R_1_B_10_3_2,TCDB,TCDB.1_B_10_3_2_comp1
G_1_B_6_6_3_comp1,P_1_B_6_6_3_comp1,R_1_B_6_6_3,TCDB,TCDB.1_B_6_6_3_comp1
G_9_B_142_2_6_comp1,P_9_B_142_2_6_comp1,R_9_B_142_2_6,TCDB,TCDB.9_B_142_2_6_comp1
G_2_A_123_4_2_comp1,P_2_A_123_4_2_comp1,R_2_A_123_4_2,TCDB,TCDB.2_A_123_4_2_comp1
G_9_B_155_2_12_comp1,P_9_B_155_2_12_comp1,R_9_B_155_2_12,TCDB,TCDB.9_B_155_2_12_comp1
G_2_A_46_1_8_comp1,P_2_A_46_1_8_comp1,R_2_A_46_1_8,TCDB,TCDB.2_A_46_1_8_comp1
G_1_A_1_27_4_comp1,P_1_A_1_27_4_comp1,R_1_A_1_27_4,TCDB,TCDB.1_A_1_27_4_comp1
G_9_B_139_1_4_comp1,P_9_B_139_1_4_comp1,R_9_B_139_1_4,TCDB,TCDB.9_B_139_1_4_comp1
G_1_E_23_1_3_comp1,P_1_E_23_1_3_comp1,R_1_E_23_1_3,TCDB,TCDB.1_E_23_1_3_comp1
G_1_B_16_2_1_comp1,P_1_B_16_2_1_comp1,R_1_B_16_2_1,TCDB,TCDB.1_B_16_2_1_comp1
G_1_G_5_1_3_comp1,P_1_G_5_1_3_comp1,R_1_G_5_1_3,TCDB,TCDB.1_G_5_1_3_comp1
G_1_C_1_1_5_comp1,P_1_C_1_1_5_comp1,R_1_C_1_1_5,TCDB,TCDB.1_C_1_1_5_comp1
G_9_A_61_4_1_comp1,P_9_A_61_4_1_comp1,R_9_A_61_4_1,TCDB,TCDB.9_A_61_4_1_comp1
G_1_A_65_1_9_comp1,P_1_A_65_1_9_comp1,R_1_A_65_1_9,TCDB,TCDB.1_A_65_1_9_comp1
G_2_A_1_73_3_comp1,P_2_A_1_73_3_comp1,R_2_A_1_73_3,TCDB,TCDB.2_A_1_73_3_comp1
G_1_A_8_8_22_comp1,P_1_A_8_8_22_comp1,R_1_A_8_8_22,TCDB,TCDB.1_A_8_8_22_comp1
G_2_A_1_1_86_comp1,P_2_A_1_1_86_comp1,R_2_A_1_1_86,TCDB,TCDB.2_A_1_1_86_comp1
G_1_A_117_1_3_comp1,P_1_A_117_1_3_comp1,R_1_A_117_1_3,TCDB,TCDB.1_A_117_1_3_comp1
G_3_A_1_204_23_comp1,P_3_A_1_204_23_comp1,R_3_A_1_204_23,TCDB,TCDB.3_A_1_204_23_comp1
G_1_B_6_1_23_comp1,P_1_B_6_1_23_comp1,R_1_B_6_1_23,TCDB,TCDB.1_B_6_1_23_comp1
G_1_A_25_1_10_comp1,P_1_A_25_1_10_comp1,R_1_A_25_1_10,TCDB,TCDB.1_A_25_1_10_comp1
G_1_A_25_1_9_comp1,P_1_A_25_1_9_comp1,R_1_A_25_1_9,TCDB,TCDB.1_A_25_1_9_comp1
G_3_A_3_2_33_comp1,P_3_A_3_2_33_comp1,R_3_A_3_2_33,TCDB,TCDB.3_A_3_2_33_comp1
G_1_M_1_4_34_comp1,P_1_M_1_4_34_comp1,R_1_M_1_4_34,TCDB,TCDB.1_M_1_4_34_comp1
G_1_A_89_1_2_comp1,P_1_A_89_1_2_comp1,R_1_A_89_1_2,TCDB,TCDB.1_A_89_1_2_comp1
G_9_B_41_2_2_comp1,P_9_B_41_2_2_comp1,R_9_B_41_2_2,TCDB,TCDB.9_B_41_2_2_comp1
G_2_A_30_1_10_comp1,P_2_A_30_1_10_comp1,R_2_A_30_1_10,TCDB,TCDB.2_A_30_1_10_comp1
G_8_A_52_1_2_comp1,P_8_A_52_1_2_comp1,R_8_A_52_1_2,TCDB,TCDB.8_A_52_1_2_comp1
G_8_A_62_1_2_comp1,P_8_A_62_1_2_comp1,R_8_A_62_1_2,TCDB,TCDB.8_A_62_1_2_comp1
G_1_A_101_1_6_comp1,P_1_A_101_1_6_comp1,R_1_A_101_1_6,TCDB,TCDB.1_A_101_1_6_comp1
G_1_A_92_1_1_comp1,P_1_A_92_1_1_comp1,R_1_A_92_1_1,TCDB,TCDB.1_A_92_1_1_comp1
G_9_B_67_3_6_comp1,P_9_B_67_3_6_comp1,R_9_B_67_3_6,TCDB,TCDB.9_B_67_3_6_comp1
G_1_A_77_3_16_comp1,P_1_A_77_3_16_comp1,R_1_A_77_3_16,TCDB,TCDB.1_A_77_3_16_comp1
G_9_B_50_1_6_comp1,P_9_B_50_1_6_comp1,R_9_B_50_1_6,TCDB,TCDB.9_B_50_1_6_comp1
G_1_B_11_6_3_comp1,P_1_B_11_6_3_comp1,R_1_B_11_6_3,TCDB,TCDB.1_B_11_6_3_comp1
G_1_B_56_1_3_comp1,P_1_B_56_1_3_comp1,R_1_B_56_1_3,TCDB,TCDB.1_B_56_1_3_comp1
G_1_B_6_10_4_comp1,P_1_B_6_10_4_comp1,R_1_B_6_10_4,TCDB,TCDB.1_B_6_10_4_comp1
G_3_A_1_139_3_comp1,P_3_A_1_139_3_comp1+3_A_1_139_3_comp2,R_3_A_1_139_3,TCDB,TCDB.3_A_1_139_3_comp1
G_3_A_1_139_3_comp2,P_3_A_1_139_3_comp1+3_A_1_139_3_comp2,R_3_A_1_139_3,TCDB,TCDB.3_A_1_139_3_comp2
G_3_E_1_6_9_comp1,P_3_E_1_6_9_comp1,R_3_E_1_6_9,TCDB,TCDB.3_E_1_6_9_comp1
G_2_A_52_2_3_comp1,P_2_A_52_2_3_comp1,R_2_A_52_2_3,TCDB,TCDB.2_A_52_2_3_comp1
G_2_A_124_1_6_comp1,P_2_A_124_1_6_comp1,R_2_A_124_1_6,TCDB,TCDB.2_A_124_1_6_comp1
G_9_B_405_2_1_comp1,P_9_B_405_2_1_comp1,R_9_B_405_2_1,TCDB,TCDB.9_B_405_2_1_comp1
G_1_W_9_4_1_comp1,P_1_W_9_4_1_comp1,R_1_W_9_4_1,TCDB,TCDB.1_W_9_4_1_comp1
G_1_M_1_4_12_comp1,P_1_M_1_4_12_comp1,R_1_M_1_4_12,TCDB,TCDB.1_M_1_4_12_comp1
G_1_M_1_2_4_comp1,P_1_M_1_2_4_comp1,R_1_M_1_2_4,TCDB,TCDB.1_M_1_2_4_comp1
G_2_A_32_1_15_comp1,P_2_A_32_1_15_comp1,R_2_A_32_1_15,TCDB,TCDB.2_A_32_1_15_comp1
G_1_B_162_1_2_comp1,P_1_B_162_1_2_comp1,R_1_B_162_1_2,TCDB,TCDB.1_B_162_1_2_comp1
G_1_A_141_1_2_comp1,P_1_A_141_1_2_comp1,R_1_A_141_1_2,TCDB,TCDB.1_A_141_1_2_comp1
G_9_A_41_1_11_comp1,P_9_A_41_1_11_comp1,R_9_A_41_1_11,TCDB,TCDB.9_A_41_1_11_comp1
G_2_A_123_5_3_comp1,P_2_A_123_5_3_comp1,R_2_A_123_5_3,TCDB,TCDB.2_A_123_5_3_comp1
G_9_B_330_1_6_comp1,P_9_B_330_1_6_comp1,R_9_B_330_1_6,TCDB,TCDB.9_B_330_1_6_comp1
G_9_B_353_1_11_comp1,P_9_B_353_1_11_comp1,R_9_B_353_1_11,TCDB,TCDB.9_B_353_1_11_comp1
G_9_B_330_1_3_comp1,P_9_B_330_1_3_comp1+9_B_330_1_3_comp2,R_9_B_330_1_3,TCDB,TCDB.9_B_330_1_3_comp1
G_9_B_330_1_3_comp2,P_9_B_330_1_3_comp1+9_B_330_1_3_comp2,R_9_B_330_1_3,TCDB,TCDB.9_B_330_1_3_comp2
G_1_W_9_2_2_comp1,P_1_W_9_2_2_comp1,R_1_W_9_2_2,TCDB,TCDB.1_W_9_2_2_comp1
G_1_W_10_1_3_comp1,P_1_W_10_1_3_comp1,R_1_W_10_1_3,TCDB,TCDB.1_W_10_1_3_comp1
G_2_A_123_5_4_comp1,P_2_A_123_5_4_comp1,R_2_A_123_5_4,TCDB,TCDB.2_A_123_5_4_comp1
G_1_W_9_1_3_comp1,P_1_W_9_1_3_comp1,R_1_W_9_1_3,TCDB,TCDB.1_W_9_1_3_comp1
G_3_A_1_158_4_comp1,P_3_A_1_158_4_comp1+3_A_1_158_4_comp2+3_A_1_158_4_comp3+3_A_1_158_4_comp4,R_3_A_1_158_4,TCDB,TCDB.3_A_1_158_4_comp1
G_3_A_1_158_4_comp2,P_3_A_1_158_4_comp1+3_A_1_158_4_comp2+3_A_1_158_4_comp3+3_A_1_158_4_comp4,R_3_A_1_158_4,TCDB,TCDB.3_A_1_158_4_comp2
G_3_A_1_158_4_comp3,P_3_A_1_158_4_comp1+3_A_1_158_4_comp2+3_A_1_158_4_comp3+3_A_1_158_4_comp4,R_3_A_1_158_4,TCDB,TCDB.3_A_1_158_4_comp3
G_3_A_1_158_4_comp4,P_3_A_1_158_4_comp1+3_A_1_158_4_comp2+3_A_1_158_4_comp3+3_A_1_158_4_comp4,R_3_A_1_158_4,TCDB,TCDB.3_A_1_158_4_comp4
G_2_A_102_2_12_comp1,P_2_A_102_2_12_comp1,R_2_A_102_2_12,TCDB,TCDB.2_A_102_2_12_comp1
G_9_B_349_1_4_comp1,P_9_B_349_1_4_comp1,R_9_B_349_1_4,TCDB,TCDB.9_B_349_1_4_comp1
G_9_B_443_1_5_comp1,P_9_B_443_1_5_comp1,R_9_B_443_1_5,TCDB,TCDB.9_B_443_1_5_comp1
G_2_A_127_1_14_comp1,P_2_A_127_1_14_comp1,R_2_A_127_1_14,TCDB,TCDB.2_A_127_1_14_comp1
G_9_B_386_1_3_comp1,P_9_B_386_1_3_comp1,R_9_B_386_1_3,TCDB,TCDB.9_B_386_1_3_comp1
G_9_A_29_2_3_comp1,P_9_A_29_2_3_comp1,R_9_A_29_2_3,TCDB,TCDB.9_A_29_2_3_comp1
G_8_A_174_1_5_comp1,P_8_A_174_1_5_comp1,R_8_A_174_1_5,TCDB,TCDB.8_A_174_1_5_comp1
G_9_B_296_1_3_comp1,P_9_B_296_1_3_comp1,R_9_B_296_1_3,TCDB,TCDB.9_B_296_1_3_comp1
G_8_A_172_2_5_comp1,P_8_A_172_2_5_comp1,R_8_A_172_2_5,TCDB,TCDB.8_A_172_2_5_comp1
G_9_B_294_1_3_comp1,P_9_B_294_1_3_comp1,R_9_B_294_1_3,TCDB,TCDB.9_B_294_1_3_comp1
G_2_A_135_1_6_comp1,P_2_A_135_1_6_comp1,R_2_A_135_1_6,TCDB,TCDB.2_A_135_1_6_comp1
G_3_A_1_152_10_comp1,P_3_A_1_152_10_comp1+3_A_1_152_10_comp2,R_3_A_1_152_10,TCDB,TCDB.3_A_1_152_10_comp1
G_3_A_1_152_10_comp2,P_3_A_1_152_10_comp1+3_A_1_152_10_comp2,R_3_A_1_152_10,TCDB,TCDB.3_A_1_152_10_comp2
G_9_A_29_2_4_comp1,P_9_A_29_2_4_comp1,R_9_A_29_2_4,TCDB,TCDB.9_A_29_2_4_comp1
G_9_A_41_1_10_comp1,P_9_A_41_1_10_comp1,R_9_A_41_1_10,TCDB,TCDB.9_A_41_1_10_comp1
G_2_A_85_12_9_comp1,P_2_A_85_12_9_comp1,R_2_A_85_12_9,TCDB,TCDB.2_A_85_12_9_comp1
G_1_A_147_1_7_comp1,P_1_A_147_1_7_comp1,R_1_A_147_1_7,TCDB,TCDB.1_A_147_1_7_comp1
G_1_B_75_1_1_comp1,P_1_B_75_1_1_comp1,R_1_B_75_1_1,TCDB,TCDB.1_B_75_1_1_comp1
G_1_B_6_9_1_comp1,P_1_B_6_9_1_comp1,R_1_B_6_9_1,TCDB,TCDB.1_B_6_9_1_comp1
G_1_B_14_15_6_comp1,P_1_B_14_15_6_comp1,R_1_B_14_15_6,TCDB,TCDB.1_B_14_15_6_comp1
G_2_A_119_3_2_comp1,P_2_A_119_3_2_comp1,R_2_A_119_3_2,TCDB,TCDB.2_A_119_3_2_comp1
G_1_B_9_4_6_comp1,P_1_B_9_4_6_comp1,R_1_B_9_4_6,TCDB,TCDB.1_B_9_4_6_comp1
G_1_B_67_1_5_comp1,P_1_B_67_1_5_comp1,R_1_B_67_1_5,TCDB,TCDB.1_B_67_1_5_comp1
G_9_B_169_2_3_comp1,P_9_B_169_2_3_comp1,R_9_B_169_2_3,TCDB,TCDB.9_B_169_2_3_comp1
G_1_C_85_3_3_comp1,P_1_C_85_3_3_comp1,R_1_C_85_3_3,TCDB,TCDB.1_C_85_3_3_comp1
G_3_A_1_201_16_comp1,P_3_A_1_201_16_comp1,R_3_A_1_201_16,TCDB,TCDB.3_A_1_201_16_comp1
G_3_A_1_204_15_comp1,P_3_A_1_204_15_comp1,R_3_A_1_204_15,TCDB,TCDB.3_A_1_204_15_comp1
G_1_E_5_1_2_comp1,P_1_E_5_1_2_comp1,R_1_E_5_1_2,TCDB,TCDB.1_E_5_1_2_comp1
G_1_C_133_1_1_comp1,P_1_C_133_1_1_comp1,R_1_C_133_1_1,TCDB,TCDB.1_C_133_1_1_comp1
G_1_B_27_1_9_comp1,P_1_B_27_1_9_comp1,R_1_B_27_1_9,TCDB,TCDB.1_B_27_1_9_comp1
G_1_E_17_2_1_comp1,P_1_E_17_2_1_comp1,R_1_E_17_2_1,TCDB,TCDB.1_E_17_2_1_comp1
G_9_A_22_4_3_comp1,P_9_A_22_4_3_comp1,R_9_A_22_4_3,TCDB,TCDB.9_A_22_4_3_comp1
G_1_B_4_2_5_comp1,P_1_B_4_2_5_comp1,R_1_B_4_2_5,TCDB,TCDB.1_B_4_2_5_comp1
G_9_B_223_1_8_comp1,P_9_B_223_1_8_comp1,R_9_B_223_1_8,TCDB,TCDB.9_B_223_1_8_comp1
G_2_A_7_1_15_comp1,P_2_A_7_1_15_comp1,R_2_A_7_1_15,TCDB,TCDB.2_A_7_1_15_comp1
G_9_B_144_1_2_comp1,P_9_B_144_1_2_comp1,R_9_B_144_1_2,TCDB,TCDB.9_B_144_1_2_comp1
G_9_B_62_4_1_comp1,P_9_B_62_4_1_comp1,R_9_B_62_4_1,TCDB,TCDB.9_B_62_4_1_comp1
G_1_E_40_5_1_comp1,P_1_E_40_5_1_comp1,R_1_E_40_5_1,TCDB,TCDB.1_E_40_5_1_comp1
G_9_B_155_3_2_comp1,P_9_B_155_3_2_comp1,R_9_B_155_3_2,TCDB,TCDB.9_B_155_3_2_comp1
G_2_A_1_78_3_comp1,P_2_A_1_78_3_comp1,R_2_A_1_78_3,TCDB,TCDB.2_A_1_78_3_comp1
G_2_A_52_2_1_comp1,P_2_A_52_2_1_comp1,R_2_A_52_2_1,TCDB,TCDB.2_A_52_2_1_comp1
G_2_A_2_7_1_comp1,P_2_A_2_7_1_comp1,R_2_A_2_7_1,TCDB,TCDB.2_A_2_7_1_comp1
G_3_A_1_201_28_comp1,P_3_A_1_201_28_comp1,R_3_A_1_201_28,TCDB,TCDB.3_A_1_201_28_comp1
G_1_E_23_2_1_comp1,P_1_E_23_2_1_comp1,R_1_E_23_2_1,TCDB,TCDB.1_E_23_2_1_comp1
G_2_A_107_1_3_comp1,P_2_A_107_1_3_comp1,R_2_A_107_1_3,TCDB,TCDB.2_A_107_1_3_comp1
G_1_A_78_2_1_comp1,P_1_A_78_2_1_comp1,R_1_A_78_2_1,TCDB,TCDB.1_A_78_2_1_comp1
G_1_M_1_3_30_comp1,P_1_M_1_3_30_comp1,R_1_M_1_3_30,TCDB,TCDB.1_M_1_3_30_comp1
G_1_C_13_1_3_comp1,P_1_C_13_1_3_comp1,R_1_C_13_1_3,TCDB,TCDB.1_C_13_1_3_comp1
G_2_A_6_2_43_comp1,P_2_A_6_2_43_comp1+2_A_6_2_43_comp2,R_2_A_6_2_43,TCDB,TCDB.2_A_6_2_43_comp1
G_2_A_6_2_43_comp2,P_2_A_6_2_43_comp1+2_A_6_2_43_comp2,R_2_A_6_2_43,TCDB,TCDB.2_A_6_2_43_comp2
G_9_B_55_1_2_comp1,P_9_B_55_1_2_comp1,R_9_B_55_1_2,TCDB,TCDB.9_B_55_1_2_comp1
G_1_A_1_5_31_comp1,P_1_A_1_5_31_comp1,R_1_A_1_5_31,TCDB,TCDB.1_A_1_5_31_comp1
G_1_B_29_1_2_comp1,P_1_B_29_1_2_comp1,R_1_B_29_1_2,TCDB,TCDB.1_B_29_1_2_comp1
G_9_B_15_2_6_comp1,P_9_B_15_2_6_comp1,R_9_B_15_2_6,TCDB,TCDB.9_B_15_2_6_comp1
G_1_B_28_2_1_comp1,P_1_B_28_2_1_comp1,R_1_B_28_2_1,TCDB,TCDB.1_B_28_2_1_comp1
G_8_A_73_1_3_comp1,P_8_A_73_1_3_comp1,R_8_A_73_1_3,TCDB,TCDB.8_A_73_1_3_comp1
G_2_A_112_2_3_comp1,P_2_A_112_2_3_comp1,R_2_A_112_2_3,TCDB,TCDB.2_A_112_2_3_comp1
G_8_A_76_1_4_comp1,P_8_A_76_1_4_comp1,R_8_A_76_1_4,TCDB,TCDB.8_A_76_1_4_comp1
G_9_B_12_2_2_comp1,P_9_B_12_2_2_comp1,R_9_B_12_2_2,TCDB,TCDB.9_B_12_2_2_comp1
G_9_B_127_2_1_comp1,P_9_B_127_2_1_comp1,R_9_B_127_2_1,TCDB,TCDB.9_B_127_2_1_comp1
G_1_B_3_1_6_comp1,P_1_B_3_1_6_comp1,R_1_B_3_1_6,TCDB,TCDB.1_B_3_1_6_comp1
G_1_N_3_1_2_comp1,P_1_N_3_1_2_comp1,R_1_N_3_1_2,TCDB,TCDB.1_N_3_1_2_comp1
G_1_B_69_2_2_comp1,P_1_B_69_2_2_comp1,R_1_B_69_2_2,TCDB,TCDB.1_B_69_2_2_comp1
G_2_A_109_1_6_comp1,P_2_A_109_1_6_comp1,R_2_A_109_1_6,TCDB,TCDB.2_A_109_1_6_comp1
G_9_B_56_1_6_comp1,P_9_B_56_1_6_comp1,R_9_B_56_1_6,TCDB,TCDB.9_B_56_1_6_comp1
G_9_B_27_5_3_comp1,P_9_B_27_5_3_comp1,R_9_B_27_5_3,TCDB,TCDB.9_B_27_5_3_comp1
G_9_B_134_2_1_comp1,P_9_B_134_2_1_comp1,R_9_B_134_2_1,TCDB,TCDB.9_B_134_2_1_comp1
G_3_A_19_2_1_comp1,P_3_A_19_2_1_comp1,R_3_A_19_2_1,TCDB,TCDB.3_A_19_2_1_comp1
G_2_A_1_1_132_comp1,P_2_A_1_1_132_comp1,R_2_A_1_1_132,TCDB,TCDB.2_A_1_1_132_comp1
G_8_A_41_1_4_comp1,P_8_A_41_1_4_comp1,R_8_A_41_1_4,TCDB,TCDB.8_A_41_1_4_comp1
G_1_B_165_1_9_comp1,P_1_B_165_1_9_comp1,R_1_B_165_1_9,TCDB,TCDB.1_B_165_1_9_comp1
G_1_G_20_1_2_comp1,P_1_G_20_1_2_comp1,R_1_G_20_1_2,TCDB,TCDB.1_G_20_1_2_comp1
G_1_C_47_1_10_comp1,P_1_C_47_1_10_comp1,R_1_C_47_1_10,TCDB,TCDB.1_C_47_1_10_comp1
G_1_M_1_5_5_comp1,P_1_M_1_5_5_comp1,R_1_M_1_5_5,TCDB,TCDB.1_M_1_5_5_comp1
G_1_E_19_1_16_comp1,P_1_E_19_1_16_comp1,R_1_E_19_1_16,TCDB,TCDB.1_E_19_1_16_comp1
G_1_M_1_4_21_comp1,P_1_M_1_4_21_comp1,R_1_M_1_4_21,TCDB,TCDB.1_M_1_4_21_comp1
G_9_B_142_5_1_comp1,P_9_B_142_5_1_comp1,R_9_B_142_5_1,TCDB,TCDB.9_B_142_5_1_comp1
G_9_B_155_2_4_comp1,P_9_B_155_2_4_comp1,R_9_B_155_2_4,TCDB,TCDB.9_B_155_2_4_comp1
G_1_A_53_1_3_comp1,P_1_A_53_1_3_comp1,R_1_A_53_1_3,TCDB,TCDB.1_A_53_1_3_comp1
G_2_A_4_3_8_comp1,P_2_A_4_3_8_comp1,R_2_A_4_3_8,TCDB,TCDB.2_A_4_3_8_comp1
G_3_A_1_125_7_comp1,P_3_A_1_125_7_comp1+3_A_1_125_7_comp2+3_A_1_125_7_comp3,R_3_A_1_125_7,TCDB,TCDB.3_A_1_125_7_comp1
G_3_A_1_125_7_comp2,P_3_A_1_125_7_comp1+3_A_1_125_7_comp2+3_A_1_125_7_comp3,R_3_A_1_125_7,TCDB,TCDB.3_A_1_125_7_comp2
G_3_A_1_125_7_comp3,P_3_A_1_125_7_comp1+3_A_1_125_7_comp2+3_A_1_125_7_comp3,R_3_A_1_125_7,TCDB,TCDB.3_A_1_125_7_comp3
G_1_A_67_1_3_comp1,P_1_A_67_1_3_comp1,R_1_A_67_1_3,TCDB,TCDB.1_A_67_1_3_comp1
G_2_A_7_40_2_comp1,P_2_A_7_40_2_comp1,R_2_A_7_40_2,TCDB,TCDB.2_A_7_40_2_comp1
G_1_A_76_1_13_comp1,P_1_A_76_1_13_comp1,R_1_A_76_1_13,TCDB,TCDB.1_A_76_1_13_comp1
G_9_B_66_1_1_comp1,P_9_B_66_1_1_comp1,R_9_B_66_1_1,TCDB,TCDB.9_B_66_1_1_comp1
G_1_A_88_1_8_comp1,P_1_A_88_1_8_comp1,R_1_A_88_1_8,TCDB,TCDB.1_A_88_1_8_comp1
G_1_B_6_2_20_comp1,P_1_B_6_2_20_comp1,R_1_B_6_2_20,TCDB,TCDB.1_B_6_2_20_comp1
G_9_B_126_1_2_comp1,P_9_B_126_1_2_comp1,R_9_B_126_1_2,TCDB,TCDB.9_B_126_1_2_comp1
G_1_B_6_1_18_comp1,P_1_B_6_1_18_comp1,R_1_B_6_1_18,TCDB,TCDB.1_B_6_1_18_comp1
G_2_A_7_6_3_comp1,P_2_A_7_6_3_comp1,R_2_A_7_6_3,TCDB,TCDB.2_A_7_6_3_comp1
G_2_A_66_11_2_comp1,P_2_A_66_11_2_comp1,R_2_A_66_11_2,TCDB,TCDB.2_A_66_11_2_comp1
G_3_A_1_140_5_comp1,P_3_A_1_140_5_comp1+3_A_1_140_5_comp2,R_3_A_1_140_5,TCDB,TCDB.3_A_1_140_5_comp1
G_3_A_1_140_5_comp2,P_3_A_1_140_5_comp1+3_A_1_140_5_comp2,R_3_A_1_140_5,TCDB,TCDB.3_A_1_140_5_comp2
G_1_B_65_1_10_comp1,P_1_B_65_1_10_comp1,R_1_B_65_1_10,TCDB,TCDB.1_B_65_1_10_comp1
G_2_A_123_2_13_comp1,P_2_A_123_2_13_comp1,R_2_A_123_2_13,TCDB,TCDB.2_A_123_2_13_comp1
G_1_B_9_4_8_comp1,P_1_B_9_4_8_comp1,R_1_B_9_4_8,TCDB,TCDB.1_B_9_4_8_comp1
G_9_B_72_1_9_comp1,P_9_B_72_1_9_comp1,R_9_B_72_1_9,TCDB,TCDB.9_B_72_1_9_comp1
G_1_B_3_1_11_comp1,P_1_B_3_1_11_comp1,R_1_B_3_1_11,TCDB,TCDB.1_B_3_1_11_comp1
G_9_B_130_1_2_comp1,P_9_B_130_1_2_comp1,R_9_B_130_1_2,TCDB,TCDB.9_B_130_1_2_comp1
G_2_A_82_1_6_comp1,P_2_A_82_1_6_comp1,R_2_A_82_1_6,TCDB,TCDB.2_A_82_1_6_comp1
G_9_B_41_1_2_comp1,P_9_B_41_1_2_comp1,R_9_B_41_1_2,TCDB,TCDB.9_B_41_1_2_comp1
G_1_A_95_1_7_comp1,P_1_A_95_1_7_comp1,R_1_A_95_1_7,TCDB,TCDB.1_A_95_1_7_comp1
G_1_E_5_1_3_comp1,P_1_E_5_1_3_comp1,R_1_E_5_1_3,TCDB,TCDB.1_E_5_1_3_comp1
G_2_A_113_1_12_comp1,P_2_A_113_1_12_comp1,R_2_A_113_1_12,TCDB,TCDB.2_A_113_1_12_comp1
G_1_A_77_2_15_comp1,P_1_A_77_2_15_comp1,R_1_A_77_2_15,TCDB,TCDB.1_A_77_2_15_comp1
G_9_B_124_1_5_comp1,P_9_B_124_1_5_comp1,R_9_B_124_1_5,TCDB,TCDB.9_B_124_1_5_comp1
G_9_B_62_2_6_comp1,P_9_B_62_2_6_comp1,R_9_B_62_2_6,TCDB,TCDB.9_B_62_2_6_comp1
G_1_C_97_1_7_comp1,P_1_C_97_1_7_comp1,R_1_C_97_1_7,TCDB,TCDB.1_C_97_1_7_comp1
G_1_C_112_1_3_comp1,P_1_C_112_1_3_comp1,R_1_C_112_1_3,TCDB,TCDB.1_C_112_1_3_comp1
G_1_A_81_3_1_comp1,P_1_A_81_3_1_comp1,R_1_A_81_3_1,TCDB,TCDB.1_A_81_3_1_comp1
G_9_B_97_1_5_comp1,P_9_B_97_1_5_comp1,R_9_B_97_1_5,TCDB,TCDB.9_B_97_1_5_comp1
G_1_E_26_6_3_comp1,P_1_E_26_6_3_comp1,R_1_E_26_6_3,TCDB,TCDB.1_E_26_6_3_comp1
G_9_B_143_4_2_comp1,P_9_B_143_4_2_comp1,R_9_B_143_4_2,TCDB,TCDB.9_B_143_4_2_comp1
G_2_A_109_1_5_comp1,P_2_A_109_1_5_comp1,R_2_A_109_1_5,TCDB,TCDB.2_A_109_1_5_comp1
G_9_B_193_1_2_comp1,P_9_B_193_1_2_comp1,R_9_B_193_1_2,TCDB,TCDB.9_B_193_1_2_comp1
G_1_B_25_2_2_comp1,P_1_B_25_2_2_comp1,R_1_B_25_2_2,TCDB,TCDB.1_B_25_2_2_comp1
G_9_B_90_1_3_comp1,P_9_B_90_1_3_comp1,R_9_B_90_1_3,TCDB,TCDB.9_B_90_1_3_comp1
G_9_B_155_1_4_comp1,P_9_B_155_1_4_comp1,R_9_B_155_1_4,TCDB,TCDB.9_B_155_1_4_comp1
G_1_B_44_2_9_comp1,P_1_B_44_2_9_comp1,R_1_B_44_2_9,TCDB,TCDB.1_B_44_2_9_comp1
G_1_A_43_1_13_comp1,P_1_A_43_1_13_comp1,R_1_A_43_1_13,TCDB,TCDB.1_A_43_1_13_comp1
G_1_B_14_6_14_comp1,P_1_B_14_6_14_comp1,R_1_B_14_6_14,TCDB,TCDB.1_B_14_6_14_comp1
G_1_B_44_2_6_comp1,P_1_B_44_2_6_comp1,R_1_B_44_2_6,TCDB,TCDB.1_B_44_2_6_comp1
G_1_E_34_4_3_comp1,P_1_E_34_4_3_comp1,R_1_E_34_4_3,TCDB,TCDB.1_E_34_4_3_comp1
G_1_B_16_2_5_comp1,P_1_B_16_2_5_comp1,R_1_B_16_2_5,TCDB,TCDB.1_B_16_2_5_comp1
G_9_B_176_1_4_comp1,P_9_B_176_1_4_comp1,R_9_B_176_1_4,TCDB,TCDB.9_B_176_1_4_comp1
G_1_B_6_5_3_comp1,P_1_B_6_5_3_comp1,R_1_B_6_5_3,TCDB,TCDB.1_B_6_5_3_comp1
G_1_B_13_2_2_comp1,P_1_B_13_2_2_comp1,R_1_B_13_2_2,TCDB,TCDB.1_B_13_2_2_comp1
G_1_B_74_1_3_comp1,P_1_B_74_1_3_comp1,R_1_B_74_1_3,TCDB,TCDB.1_B_74_1_3_comp1
G_1_B_13_2_1_comp1,P_1_B_13_2_1_comp1,R_1_B_13_2_1,TCDB,TCDB.1_B_13_2_1_comp1
G_1_B_48_3_2_comp1,P_1_B_48_3_2_comp1,R_1_B_48_3_2,TCDB,TCDB.1_B_48_3_2_comp1
G_9_B_102_1_13_comp1,P_9_B_102_1_13_comp1,R_9_B_102_1_13,TCDB,TCDB.9_B_102_1_13_comp1
G_9_B_148_1_2_comp1,P_9_B_148_1_2_comp1,R_9_B_148_1_2,TCDB,TCDB.9_B_148_1_2_comp1
G_8_A_95_1_5_comp1,P_8_A_95_1_5_comp1,R_8_A_95_1_5,TCDB,TCDB.8_A_95_1_5_comp1
G_2_A_55_3_5_comp1,P_2_A_55_3_5_comp1,R_2_A_55_3_5,TCDB,TCDB.2_A_55_3_5_comp1
G_9_B_28_1_12_comp1,P_9_B_28_1_12_comp1,R_9_B_28_1_12,TCDB,TCDB.9_B_28_1_12_comp1
G_9_B_218_1_3_comp1,P_9_B_218_1_3_comp1,R_9_B_218_1_3,TCDB,TCDB.9_B_218_1_3_comp1
G_9_B_54_1_5_comp1,P_9_B_54_1_5_comp1,R_9_B_54_1_5,TCDB,TCDB.9_B_54_1_5_comp1
G_9_B_65_1_6_comp1,P_9_B_65_1_6_comp1,R_9_B_65_1_6,TCDB,TCDB.9_B_65_1_6_comp1
G_1_E_26_1_12_comp1,P_1_E_26_1_12_comp1,R_1_E_26_1_12,TCDB,TCDB.1_E_26_1_12_comp1
G_9_B_117_3_2_comp1,P_9_B_117_3_2_comp1,R_9_B_117_3_2,TCDB,TCDB.9_B_117_3_2_comp1
G_3_A_3_4_5_comp1,P_3_A_3_4_5_comp1,R_3_A_3_4_5,TCDB,TCDB.3_A_3_4_5_comp1
G_1_C_119_1_4_comp1,P_1_C_119_1_4_comp1,R_1_C_119_1_4,TCDB,TCDB.1_C_119_1_4_comp1
G_8_B_24_1_4_comp1,P_8_B_24_1_4_comp1,R_8_B_24_1_4,TCDB,TCDB.8_B_24_1_4_comp1
G_1_C_1_3_6_comp1,P_1_C_1_3_6_comp1,R_1_C_1_3_6,TCDB,TCDB.1_C_1_3_6_comp1
G_1_B_78_1_5_comp1,P_1_B_78_1_5_comp1,R_1_B_78_1_5,TCDB,TCDB.1_B_78_1_5_comp1
G_1_B_6_2_15_comp1,P_1_B_6_2_15_comp1,R_1_B_6_2_15,TCDB,TCDB.1_B_6_2_15_comp1
G_1_A_101_3_1_comp1,P_1_A_101_3_1_comp1,R_1_A_101_3_1,TCDB,TCDB.1_A_101_3_1_comp1
G_9_A_55_2_2_comp1,P_9_A_55_2_2_comp1,R_9_A_55_2_2,TCDB,TCDB.9_A_55_2_2_comp1
G_1_B_81_1_3_comp1,P_1_B_81_1_3_comp1,R_1_B_81_1_3,TCDB,TCDB.1_B_81_1_3_comp1
G_1_B_62_1_6_comp1,P_1_B_62_1_6_comp1,R_1_B_62_1_6,TCDB,TCDB.1_B_62_1_6_comp1
G_1_B_6_3_1_comp1,P_1_B_6_3_1_comp1,R_1_B_6_3_1,TCDB,TCDB.1_B_6_3_1_comp1
G_2_A_66_1_33_comp1,P_2_A_66_1_33_comp1,R_2_A_66_1_33,TCDB,TCDB.2_A_66_1_33_comp1
G_1_A_19_1_3_comp1,P_1_A_19_1_3_comp1,R_1_A_19_1_3,TCDB,TCDB.1_A_19_1_3_comp1
G_1_E_2_2_1_comp1,P_1_E_2_2_1_comp1,R_1_E_2_2_1,TCDB,TCDB.1_E_2_2_1_comp1
G_2_A_114_1_7_comp1,P_2_A_114_1_7_comp1,R_2_A_114_1_7,TCDB,TCDB.2_A_114_1_7_comp1
G_1_C_52_1_25_comp1,P_1_C_52_1_25_comp1,R_1_C_52_1_25,TCDB,TCDB.1_C_52_1_25_comp1
G_8_B_26_1_1_comp1,P_8_B_26_1_1_comp1,R_8_B_26_1_1,TCDB,TCDB.8_B_26_1_1_comp1
G_8_B_26_1_6_comp1,P_8_B_26_1_6_comp1,R_8_B_26_1_6,TCDB,TCDB.8_B_26_1_6_comp1
G_1_M_1_3_25_comp1,P_1_M_1_3_25_comp1,R_1_M_1_3_25,TCDB,TCDB.1_M_1_3_25_comp1
G_8_B_26_1_2_comp1,P_8_B_26_1_2_comp1,R_8_B_26_1_2,TCDB,TCDB.8_B_26_1_2_comp1
G_1_A_39_1_3_comp1,P_1_A_39_1_3_comp1,R_1_A_39_1_3,TCDB,TCDB.1_A_39_1_3_comp1
G_1_C_64_1_2_comp1,P_1_C_64_1_2_comp1,R_1_C_64_1_2,TCDB,TCDB.1_C_64_1_2_comp1
G_1_E_14_1_15_comp1,P_1_E_14_1_15_comp1,R_1_E_14_1_15,TCDB,TCDB.1_E_14_1_15_comp1
G_1_E_14_1_10_comp1,P_1_E_14_1_10_comp1,R_1_E_14_1_10,TCDB,TCDB.1_E_14_1_10_comp1
G_2_A_122_1_4_comp1,P_2_A_122_1_4_comp1,R_2_A_122_1_4,TCDB,TCDB.2_A_122_1_4_comp1
G_3_A_1_150_1_comp1,P_3_A_1_150_1_comp1+3_A_1_150_1_comp2+3_A_1_150_1_comp3+3_A_1_150_1_comp4,R_3_A_1_150_1,TCDB,TCDB.3_A_1_150_1_comp1
G_3_A_1_150_1_comp2,P_3_A_1_150_1_comp1+3_A_1_150_1_comp2+3_A_1_150_1_comp3+3_A_1_150_1_comp4,R_3_A_1_150_1,TCDB,TCDB.3_A_1_150_1_comp2
G_3_A_1_150_1_comp3,P_3_A_1_150_1_comp1+3_A_1_150_1_comp2+3_A_1_150_1_comp3+3_A_1_150_1_comp4,R_3_A_1_150_1,TCDB,TCDB.3_A_1_150_1_comp3
G_3_A_1_150_1_comp4,P_3_A_1_150_1_comp1+3_A_1_150_1_comp2+3_A_1_150_1_comp3+3_A_1_150_1_comp4,R_3_A_1_150_1,TCDB,TCDB.3_A_1_150_1_comp4
G_3_A_3_2_30_comp1,P_3_A_3_2_30_comp1,R_3_A_3_2_30,TCDB,TCDB.3_A_3_2_30_comp1
G_1_C_3_2_5_comp1,P_1_C_3_2_5_comp1,R_1_C_3_2_5,TCDB,TCDB.1_C_3_2_5_comp1
G_8_A_232_1_1_comp1,P_8_A_232_1_1_comp1+8_A_232_1_1_comp2,R_8_A_232_1_1,TCDB,TCDB.8_A_232_1_1_comp1
G_8_A_232_1_1_comp2,P_8_A_232_1_1_comp1+8_A_232_1_1_comp2,R_8_A_232_1_1,TCDB,TCDB.8_A_232_1_1_comp2
G_1_E_53_1_5_comp1,P_1_E_53_1_5_comp1,R_1_E_53_1_5,TCDB,TCDB.1_E_53_1_5_comp1
G_3_A_1_5_48_comp1,P_3_A_1_5_48_comp1+3_A_1_5_48_comp2+3_A_1_5_48_comp3+3_A_1_5_48_comp4,R_3_A_1_5_48,TCDB,TCDB.3_A_1_5_48_comp1
G_3_A_1_5_48_comp2,P_3_A_1_5_48_comp1+3_A_1_5_48_comp2+3_A_1_5_48_comp3+3_A_1_5_48_comp4,R_3_A_1_5_48,TCDB,TCDB.3_A_1_5_48_comp2
G_3_A_1_5_48_comp3,P_3_A_1_5_48_comp1+3_A_1_5_48_comp2+3_A_1_5_48_comp3+3_A_1_5_48_comp4,R_3_A_1_5_48,TCDB,TCDB.3_A_1_5_48_comp3
G_3_A_1_5_48_comp4,P_3_A_1_5_48_comp1+3_A_1_5_48_comp2+3_A_1_5_48_comp3+3_A_1_5_48_comp4,R_3_A_1_5_48,TCDB,TCDB.3_A_1_5_48_comp4
G_3_A_1_205_24_comp1,P_3_A_1_205_24_comp1,R_3_A_1_205_24,TCDB,TCDB.3_A_1_205_24_comp1
G_1_E_50_1_1_comp1,P_1_E_50_1_1_comp1,R_1_E_50_1_1,TCDB,TCDB.1_E_50_1_1_comp1
G_1_M_1_4_31_comp1,P_1_M_1_4_31_comp1,R_1_M_1_4_31,TCDB,TCDB.1_M_1_4_31_comp1
G_1_C_109_1_4_comp1,P_1_C_109_1_4_comp1,R_1_C_109_1_4,TCDB,TCDB.1_C_109_1_4_comp1
G_1_B_94_1_4_comp1,P_1_B_94_1_4_comp1+1_B_94_1_4_comp2,R_1_B_94_1_4,TCDB,TCDB.1_B_94_1_4_comp1
G_1_B_94_1_4_comp2,P_1_B_94_1_4_comp1+1_B_94_1_4_comp2,R_1_B_94_1_4,TCDB,TCDB.1_B_94_1_4_comp2
G_1_B_67_1_4_comp1,P_1_B_67_1_4_comp1,R_1_B_67_1_4,TCDB,TCDB.1_B_67_1_4_comp1
G_9_B_14_2_5_comp1,P_9_B_14_2_5_comp1,R_9_B_14_2_5,TCDB,TCDB.9_B_14_2_5_comp1
G_9_B_156_3_1_comp1,P_9_B_156_3_1_comp1,R_9_B_156_3_1,TCDB,TCDB.9_B_156_3_1_comp1
G_1_B_14_15_5_comp1,P_1_B_14_15_5_comp1,R_1_B_14_15_5,TCDB,TCDB.1_B_14_15_5_comp1
G_1_B_80_2_5_comp1,P_1_B_80_2_5_comp1,R_1_B_80_2_5,TCDB,TCDB.1_B_80_2_5_comp1
G_1_B_67_1_1_comp1,P_1_B_67_1_1_comp1,R_1_B_67_1_1,TCDB,TCDB.1_B_67_1_1_comp1
G_1_M_1_4_6_comp1,P_1_M_1_4_6_comp1,R_1_M_1_4_6,TCDB,TCDB.1_M_1_4_6_comp1
G_1_A_9_4_5_comp1,P_1_A_9_4_5_comp1,R_1_A_9_4_5,TCDB,TCDB.1_A_9_4_5_comp1
G_3_A_1_26_10_comp1,P_3_A_1_26_10_comp1+3_A_1_26_10_comp2+3_A_1_26_10_comp3+3_A_1_26_10_comp4,R_3_A_1_26_10,TCDB,TCDB.3_A_1_26_10_comp1
G_3_A_1_26_10_comp2,P_3_A_1_26_10_comp1+3_A_1_26_10_comp2+3_A_1_26_10_comp3+3_A_1_26_10_comp4,R_3_A_1_26_10,TCDB,TCDB.3_A_1_26_10_comp2
G_3_A_1_26_10_comp3,P_3_A_1_26_10_comp1+3_A_1_26_10_comp2+3_A_1_26_10_comp3+3_A_1_26_10_comp4,R_3_A_1_26_10,TCDB,TCDB.3_A_1_26_10_comp3
G_3_A_1_26_10_comp4,P_3_A_1_26_10_comp1+3_A_1_26_10_comp2+3_A_1_26_10_comp3+3_A_1_26_10_comp4,R_3_A_1_26_10,TCDB,TCDB.3_A_1_26_10_comp4
G_9_B_65_1_4_comp1,P_9_B_65_1_4_comp1,R_9_B_65_1_4,TCDB,TCDB.9_B_65_1_4_comp1
G_1_E_6_2_6_comp1,P_1_E_6_2_6_comp1,R_1_E_6_2_6,TCDB,TCDB.1_E_6_2_6_comp1
G_3_A_1_140_7_comp1,P_3_A_1_140_7_comp1,R_3_A_1_140_7,TCDB,TCDB.3_A_1_140_7_comp1
G_2_A_1_2_97_comp1,P_2_A_1_2_97_comp1,R_2_A_1_2_97,TCDB,TCDB.2_A_1_2_97_comp1
G_9_B_62_3_6_comp1,P_9_B_62_3_6_comp1,R_9_B_62_3_6,TCDB,TCDB.9_B_62_3_6_comp1
G_3_A_1_1_60_comp1,P_3_A_1_1_60_comp1+3_A_1_1_60_comp2+3_A_1_1_60_comp3,R_3_A_1_1_60,TCDB,TCDB.3_A_1_1_60_comp1
G_3_A_1_1_60_comp2,P_3_A_1_1_60_comp1+3_A_1_1_60_comp2+3_A_1_1_60_comp3,R_3_A_1_1_60,TCDB,TCDB.3_A_1_1_60_comp2
G_3_A_1_1_60_comp3,P_3_A_1_1_60_comp1+3_A_1_1_60_comp2+3_A_1_1_60_comp3,R_3_A_1_1_60,TCDB,TCDB.3_A_1_1_60_comp3
G_2_A_4_5_3_comp1,P_2_A_4_5_3_comp1,R_2_A_4_5_3,TCDB,TCDB.2_A_4_5_3_comp1
G_1_B_59_1_8_comp1,P_1_B_59_1_8_comp1,R_1_B_59_1_8,TCDB,TCDB.1_B_59_1_8_comp1
G_1_E_18_1_4_comp1,P_1_E_18_1_4_comp1,R_1_E_18_1_4,TCDB,TCDB.1_E_18_1_4_comp1
G_2_A_1_53_7_comp1,P_2_A_1_53_7_comp1,R_2_A_1_53_7,TCDB,TCDB.2_A_1_53_7_comp1
G_2_A_1_53_11_comp1,P_2_A_1_53_11_comp1,R_2_A_1_53_11,TCDB,TCDB.2_A_1_53_11_comp1
G_2_A_1_53_9_comp1,P_2_A_1_53_9_comp1,R_2_A_1_53_9,TCDB,TCDB.2_A_1_53_9_comp1
G_2_A_1_53_8_comp1,P_2_A_1_53_8_comp1,R_2_A_1_53_8,TCDB,TCDB.2_A_1_53_8_comp1
G_2_A_1_53_6_comp1,P_2_A_1_53_6_comp1,R_2_A_1_53_6,TCDB,TCDB.2_A_1_53_6_comp1
G_2_A_1_53_10_comp1,P_2_A_1_53_10_comp1,R_2_A_1_53_10,TCDB,TCDB.2_A_1_53_10_comp1
G_2_A_1_53_14_comp1,P_2_A_1_53_14_comp1,R_2_A_1_53_14,TCDB,TCDB.2_A_1_53_14_comp1
G_2_A_1_53_12_comp1,P_2_A_1_53_12_comp1,R_2_A_1_53_12,TCDB,TCDB.2_A_1_53_12_comp1
G_2_A_1_53_13_comp1,P_2_A_1_53_13_comp1,R_2_A_1_53_13,TCDB,TCDB.2_A_1_53_13_comp1
G_1_A_14_1_3_comp1,P_1_A_14_1_3_comp1,R_1_A_14_1_3,TCDB,TCDB.1_A_14_1_3_comp1
G_4_D_3_1_2_comp1,P_4_D_3_1_2_comp1,R_4_D_3_1_2,TCDB,TCDB.4_D_3_1_2_comp1
G_1_E_12_2_2_comp1,P_1_E_12_2_2_comp1,R_1_E_12_2_2,TCDB,TCDB.1_E_12_2_2_comp1
G_9_B_226_1_2_comp1,P_9_B_226_1_2_comp1,R_9_B_226_1_2,TCDB,TCDB.9_B_226_1_2_comp1
G_1_A_1_28_7_comp1,P_1_A_1_28_7_comp1,R_1_A_1_28_7,TCDB,TCDB.1_A_1_28_7_comp1
G_2_A_1_19_45_comp1,P_2_A_1_19_45_comp1,R_2_A_1_19_45,TCDB,TCDB.2_A_1_19_45_comp1
G_3_A_1_203_10_comp1,P_3_A_1_203_10_comp1+3_A_1_203_10_comp2,R_3_A_1_203_10,TCDB,TCDB.3_A_1_203_10_comp1
G_3_A_1_203_10_comp2,P_3_A_1_203_10_comp1+3_A_1_203_10_comp2,R_3_A_1_203_10,TCDB,TCDB.3_A_1_203_10_comp2
G_3_A_1_201_20_comp1,P_3_A_1_201_20_comp1,R_3_A_1_201_20,TCDB,TCDB.3_A_1_201_20_comp1
G_3_A_2_1_4_comp1,P_3_A_2_1_4_comp1+3_A_2_1_4_comp2+3_A_2_1_4_comp3+3_A_2_1_4_comp4+3_A_2_1_4_comp5+3_A_2_1_4_comp6+3_A_2_1_4_comp7+3_A_2_1_4_comp8,R_3_A_2_1_4,TCDB,TCDB.3_A_2_1_4_comp1
G_3_A_2_1_4_comp2,P_3_A_2_1_4_comp1+3_A_2_1_4_comp2+3_A_2_1_4_comp3+3_A_2_1_4_comp4+3_A_2_1_4_comp5+3_A_2_1_4_comp6+3_A_2_1_4_comp7+3_A_2_1_4_comp8,R_3_A_2_1_4,TCDB,TCDB.3_A_2_1_4_comp2
G_3_A_2_1_4_comp3,P_3_A_2_1_4_comp1+3_A_2_1_4_comp2+3_A_2_1_4_comp3+3_A_2_1_4_comp4+3_A_2_1_4_comp5+3_A_2_1_4_comp6+3_A_2_1_4_comp7+3_A_2_1_4_comp8,R_3_A_2_1_4,TCDB,TCDB.3_A_2_1_4_comp3
G_3_A_2_1_4_comp4,P_3_A_2_1_4_comp1+3_A_2_1_4_comp2+3_A_2_1_4_comp3+3_A_2_1_4_comp4+3_A_2_1_4_comp5+3_A_2_1_4_comp6+3_A_2_1_4_comp7+3_A_2_1_4_comp8,R_3_A_2_1_4,TCDB,TCDB.3_A_2_1_4_comp4
G_3_A_2_1_4_comp5,P_3_A_2_1_4_comp1+3_A_2_1_4_comp2+3_A_2_1_4_comp3+3_A_2_1_4_comp4+3_A_2_1_4_comp5+3_A_2_1_4_comp6+3_A_2_1_4_comp7+3_A_2_1_4_comp8,R_3_A_2_1_4,TCDB,TCDB.3_A_2_1_4_comp5
G_3_A_2_1_4_comp6,P_3_A_2_1_4_comp1+3_A_2_1_4_comp2+3_A_2_1_4_comp3+3_A_2_1_4_comp4+3_A_2_1_4_comp5+3_A_2_1_4_comp6+3_A_2_1_4_comp7+3_A_2_1_4_comp8,R_3_A_2_1_4,TCDB,TCDB.3_A_2_1_4_comp6
G_3_A_2_1_4_comp7,P_3_A_2_1_4_comp1+3_A_2_1_4_comp2+3_A_2_1_4_comp3+3_A_2_1_4_comp4+3_A_2_1_4_comp5+3_A_2_1_4_comp6+3_A_2_1_4_comp7+3_A_2_1_4_comp8,R_3_A_2_1_4,TCDB,TCDB.3_A_2_1_4_comp7
G_3_A_2_1_4_comp8,P_3_A_2_1_4_comp1+3_A_2_1_4_comp2+3_A_2_1_4_comp3+3_A_2_1_4_comp4+3_A_2_1_4_comp5+3_A_2_1_4_comp6+3_A_2_1_4_comp7+3_A_2_1_4_comp8,R_3_A_2_1_4,TCDB,TCDB.3_A_2_1_4_comp8
G_1_A_77_1_11_comp1,P_1_A_77_1_11_comp1,R_1_A_77_1_11,TCDB,TCDB.1_A_77_1_11_comp1
G_2_A_19_9_2_comp1,P_2_A_19_9_2_comp1,R_2_A_19_9_2,TCDB,TCDB.2_A_19_9_2_comp1
G_9_B_26_2_1_comp1,P_9_B_26_2_1_comp1,R_9_B_26_2_1,TCDB,TCDB.9_B_26_2_1_comp1
G_1_A_17_6_8_comp1,P_1_A_17_6_8_comp1,R_1_A_17_6_8,TCDB,TCDB.1_A_17_6_8_comp1
G_8_A_68_1_12_comp1,P_8_A_68_1_12_comp1,R_8_A_68_1_12,TCDB,TCDB.8_A_68_1_12_comp1
G_1_A_111_1_7_comp1,P_1_A_111_1_7_comp1,R_1_A_111_1_7,TCDB,TCDB.1_A_111_1_7_comp1
G_9_B_276_1_1_comp1,P_9_B_276_1_1_comp1,R_9_B_276_1_1,TCDB,TCDB.9_B_276_1_1_comp1
G_3_A_3_10_15_comp1,P_3_A_3_10_15_comp1,R_3_A_3_10_15,TCDB,TCDB.3_A_3_10_15_comp1
G_3_A_1_210_10_comp1,P_3_A_1_210_10_comp1,R_3_A_1_210_10,TCDB,TCDB.3_A_1_210_10_comp1
G_1_A_62_2_2_comp1,P_1_A_62_2_2_comp1,R_1_A_62_2_2,TCDB,TCDB.1_A_62_2_2_comp1
G_2_A_1_3_75_comp1,P_2_A_1_3_75_comp1,R_2_A_1_3_75,TCDB,TCDB.2_A_1_3_75_comp1
G_9_B_147_2_4_comp1,P_9_B_147_2_4_comp1,R_9_B_147_2_4,TCDB,TCDB.9_B_147_2_4_comp1
G_2_A_16_2_3_comp1,P_2_A_16_2_3_comp1,R_2_A_16_2_3,TCDB,TCDB.2_A_16_2_3_comp1
G_9_A_66_1_3_comp1,P_9_A_66_1_3_comp1,R_9_A_66_1_3,TCDB,TCDB.9_A_66_1_3_comp1
G_1_B_58_1_4_comp1,P_1_B_58_1_4_comp1,R_1_B_58_1_4,TCDB,TCDB.1_B_58_1_4_comp1
G_1_E_55_2_5_comp1,P_1_E_55_2_5_comp1,R_1_E_55_2_5,TCDB,TCDB.1_E_55_2_5_comp1
G_1_E_13_1_3_comp1,P_1_E_13_1_3_comp1,R_1_E_13_1_3,TCDB,TCDB.1_E_13_1_3_comp1
G_1_B_26_2_1_comp1,P_1_B_26_2_1_comp1,R_1_B_26_2_1,TCDB,TCDB.1_B_26_2_1_comp1
G_1_B_85_1_3_comp1,P_1_B_85_1_3_comp1,R_1_B_85_1_3,TCDB,TCDB.1_B_85_1_3_comp1
G_1_C_39_13_8_comp1,P_1_C_39_13_8_comp1,R_1_C_39_13_8,TCDB,TCDB.1_C_39_13_8_comp1
G_9_B_14_3_8_comp1,P_9_B_14_3_8_comp1,R_9_B_14_3_8,TCDB,TCDB.9_B_14_3_8_comp1
G_9_B_105_5_2_comp1,P_9_B_105_5_2_comp1,R_9_B_105_5_2,TCDB,TCDB.9_B_105_5_2_comp1
G_1_C_39_13_7_comp1,P_1_C_39_13_7_comp1,R_1_C_39_13_7,TCDB,TCDB.1_C_39_13_7_comp1
G_1_E_43_1_10_comp1,P_1_E_43_1_10_comp1,R_1_E_43_1_10,TCDB,TCDB.1_E_43_1_10_comp1
G_8_A_48_1_7_comp1,P_8_A_48_1_7_comp1,R_8_A_48_1_7,TCDB,TCDB.8_A_48_1_7_comp1
G_1_A_36_2_2_comp1,P_1_A_36_2_2_comp1,R_1_A_36_2_2,TCDB,TCDB.1_A_36_2_2_comp1
G_2_A_37_1_9_comp1,P_2_A_37_1_9_comp1,R_2_A_37_1_9,TCDB,TCDB.2_A_37_1_9_comp1
G_1_B_27_1_3_comp1,P_1_B_27_1_3_comp1,R_1_B_27_1_3,TCDB,TCDB.1_B_27_1_3_comp1
G_1_A_43_3_2_comp1,P_1_A_43_3_2_comp1,R_1_A_43_3_2,TCDB,TCDB.1_A_43_3_2_comp1
G_9_B_1_1_4_comp1,P_9_B_1_1_4_comp1,R_9_B_1_1_4,TCDB,TCDB.9_B_1_1_4_comp1
G_1_B_27_1_4_comp1,P_1_B_27_1_4_comp1,R_1_B_27_1_4,TCDB,TCDB.1_B_27_1_4_comp1
G_1_B_9_4_4_comp1,P_1_B_9_4_4_comp1,R_1_B_9_4_4,TCDB,TCDB.1_B_9_4_4_comp1
G_2_A_1_61_2_comp1,P_2_A_1_61_2_comp1,R_2_A_1_61_2,TCDB,TCDB.2_A_1_61_2_comp1
G_1_E_26_1_3_comp1,P_1_E_26_1_3_comp1,R_1_E_26_1_3,TCDB,TCDB.1_E_26_1_3_comp1
G_1_B_4_2_3_comp1,P_1_B_4_2_3_comp1,R_1_B_4_2_3,TCDB,TCDB.1_B_4_2_3_comp1
G_1_E_3_1_2_comp1,P_1_E_3_1_2_comp1,R_1_E_3_1_2,TCDB,TCDB.1_E_3_1_2_comp1
G_1_B_62_1_5_comp1,P_1_B_62_1_5_comp1,R_1_B_62_1_5,TCDB,TCDB.1_B_62_1_5_comp1
G_5_A_1_2_6_comp1,P_5_A_1_2_6_comp1,R_5_A_1_2_6,TCDB,TCDB.5_A_1_2_6_comp1
G_9_B_29_3_1_comp1,P_9_B_29_3_1_comp1,R_9_B_29_3_1,TCDB,TCDB.9_B_29_3_1_comp1
G_2_A_7_37_2_comp1,P_2_A_7_37_2_comp1,R_2_A_7_37_2,TCDB,TCDB.2_A_7_37_2_comp1
G_1_E_20_1_4_comp1,P_1_E_20_1_4_comp1,R_1_E_20_1_4,TCDB,TCDB.1_E_20_1_4_comp1
G_9_B_2_6_5_comp1,P_9_B_2_6_5_comp1,R_9_B_2_6_5,TCDB,TCDB.9_B_2_6_5_comp1
G_9_B_145_1_3_comp1,P_9_B_145_1_3_comp1,R_9_B_145_1_3,TCDB,TCDB.9_B_145_1_3_comp1
G_1_G_20_2_2_comp1,P_1_G_20_2_2_comp1,R_1_G_20_2_2,TCDB,TCDB.1_G_20_2_2_comp1
G_1_M_1_3_14_comp1,P_1_M_1_3_14_comp1+1_M_1_3_14_comp2,R_1_M_1_3_14,TCDB,TCDB.1_M_1_3_14_comp1
G_1_M_1_3_14_comp2,P_1_M_1_3_14_comp1+1_M_1_3_14_comp2,R_1_M_1_3_14,TCDB,TCDB.1_M_1_3_14_comp2
G_1_B_8_5_1_comp1,P_1_B_8_5_1_comp1,R_1_B_8_5_1,TCDB,TCDB.1_B_8_5_1_comp1
G_1_G_20_1_3_comp1,P_1_G_20_1_3_comp1,R_1_G_20_1_3,TCDB,TCDB.1_G_20_1_3_comp1
G_1_B_13_3_5_comp1,P_1_B_13_3_5_comp1,R_1_B_13_3_5,TCDB,TCDB.1_B_13_3_5_comp1
G_9_B_87_1_15_comp1,P_9_B_87_1_15_comp1,R_9_B_87_1_15,TCDB,TCDB.9_B_87_1_15_comp1
G_9_B_229_1_3_comp1,P_9_B_229_1_3_comp1,R_9_B_229_1_3,TCDB,TCDB.9_B_229_1_3_comp1
G_9_B_143_3_1_comp1,P_9_B_143_3_1_comp1,R_9_B_143_3_1,TCDB,TCDB.9_B_143_3_1_comp1
G_9_B_108_1_1_comp1,P_9_B_108_1_1_comp1,R_9_B_108_1_1,TCDB,TCDB.9_B_108_1_1_comp1
G_2_A_6_7_8_comp1,P_2_A_6_7_8_comp1,R_2_A_6_7_8,TCDB,TCDB.2_A_6_7_8_comp1
G_1_A_17_5_8_comp1,P_1_A_17_5_8_comp1,R_1_A_17_5_8,TCDB,TCDB.1_A_17_5_8_comp1
G_1_B_72_2_2_comp1,P_1_B_72_2_2_comp1,R_1_B_72_2_2,TCDB,TCDB.1_B_72_2_2_comp1
G_1_A_88_1_7_comp1,P_1_A_88_1_7_comp1,R_1_A_88_1_7,TCDB,TCDB.1_A_88_1_7_comp1
G_2_A_120_1_12_comp1,P_2_A_120_1_12_comp1,R_2_A_120_1_12,TCDB,TCDB.2_A_120_1_12_comp1
G_3_A_1_147_10_comp1,P_3_A_1_147_10_comp1,R_3_A_1_147_10,TCDB,TCDB.3_A_1_147_10_comp1
G_1_E_26_6_2_comp1,P_1_E_26_6_2_comp1,R_1_E_26_6_2,TCDB,TCDB.1_E_26_6_2_comp1
G_1_B_55_1_2_comp1,P_1_B_55_1_2_comp1,R_1_B_55_1_2,TCDB,TCDB.1_B_55_1_2_comp1
G_2_A_21_2_4_comp1,P_2_A_21_2_4_comp1,R_2_A_21_2_4,TCDB,TCDB.2_A_21_2_4_comp1
G_2_A_66_1_46_comp1,P_2_A_66_1_46_comp1,R_2_A_66_1_46,TCDB,TCDB.2_A_66_1_46_comp1
G_2_A_66_1_42_comp1,P_2_A_66_1_42_comp1,R_2_A_66_1_42,TCDB,TCDB.2_A_66_1_42_comp1
G_2_A_116_3_2_comp1,P_2_A_116_3_2_comp1,R_2_A_116_3_2,TCDB,TCDB.2_A_116_3_2_comp1
G_1_E_11_1_4_comp1,P_1_E_11_1_4_comp1,R_1_E_11_1_4,TCDB,TCDB.1_E_11_1_4_comp1
G_2_A_67_2_10_comp1,P_2_A_67_2_10_comp1,R_2_A_67_2_10,TCDB,TCDB.2_A_67_2_10_comp1
G_9_B_218_1_2_comp1,P_9_B_218_1_2_comp1,R_9_B_218_1_2,TCDB,TCDB.9_B_218_1_2_comp1
G_3_A_1_105_9_comp1,P_3_A_1_105_9_comp1+3_A_1_105_9_comp2+3_A_1_105_9_comp3,R_3_A_1_105_9,TCDB,TCDB.3_A_1_105_9_comp1
G_3_A_1_105_9_comp2,P_3_A_1_105_9_comp1+3_A_1_105_9_comp2+3_A_1_105_9_comp3,R_3_A_1_105_9,TCDB,TCDB.3_A_1_105_9_comp2
G_3_A_1_105_9_comp3,P_3_A_1_105_9_comp1+3_A_1_105_9_comp2+3_A_1_105_9_comp3,R_3_A_1_105_9,TCDB,TCDB.3_A_1_105_9_comp3
G_9_B_34_1_5_comp1,P_9_B_34_1_5_comp1,R_9_B_34_1_5,TCDB,TCDB.9_B_34_1_5_comp1
G_2_A_1_31_4_comp1,P_2_A_1_31_4_comp1,R_2_A_1_31_4,TCDB,TCDB.2_A_1_31_4_comp1
G_1_C_109_1_5_comp1,P_1_C_109_1_5_comp1,R_1_C_109_1_5,TCDB,TCDB.1_C_109_1_5_comp1
G_2_A_128_1_2_comp1,P_2_A_128_1_2_comp1,R_2_A_128_1_2,TCDB,TCDB.2_A_128_1_2_comp1
G_1_E_27_1_6_comp1,P_1_E_27_1_6_comp1,R_1_E_27_1_6,TCDB,TCDB.1_E_27_1_6_comp1
G_1_A_1_14_8_comp1,P_1_A_1_14_8_comp1,R_1_A_1_14_8,TCDB,TCDB.1_A_1_14_8_comp1
G_1_E_22_1_2_comp1,P_1_E_22_1_2_comp1,R_1_E_22_1_2,TCDB,TCDB.1_E_22_1_2_comp1
G_1_E_43_1_9_comp1,P_1_E_43_1_9_comp1,R_1_E_43_1_9,TCDB,TCDB.1_E_43_1_9_comp1
G_1_A_4_10_2_comp1,P_1_A_4_10_2_comp1,R_1_A_4_10_2,TCDB,TCDB.1_A_4_10_2_comp1
G_1_A_101_6_3_comp1,P_1_A_101_6_3_comp1,R_1_A_101_6_3,TCDB,TCDB.1_A_101_6_3_comp1
G_3_E_3_1_2_comp1,P_3_E_3_1_2_comp1,R_3_E_3_1_2,TCDB,TCDB.3_E_3_1_2_comp1
G_1_A_17_6_2_comp1,P_1_A_17_6_2_comp1,R_1_A_17_6_2,TCDB,TCDB.1_A_17_6_2_comp1
G_1_C_13_1_6_comp1,P_1_C_13_1_6_comp1,R_1_C_13_1_6,TCDB,TCDB.1_C_13_1_6_comp1
G_1_A_17_6_1_comp1,P_1_A_17_6_1_comp1,R_1_A_17_6_1,TCDB,TCDB.1_A_17_6_1_comp1
G_2_A_1_19_46_comp1,P_2_A_1_19_46_comp1,R_2_A_1_19_46,TCDB,TCDB.2_A_1_19_46_comp1
G_1_A_17_3_8_comp1,P_1_A_17_3_8_comp1,R_1_A_17_3_8,TCDB,TCDB.1_A_17_3_8_comp1
G_1_A_17_6_3_comp1,P_1_A_17_6_3_comp1,R_1_A_17_6_3,TCDB,TCDB.1_A_17_6_3_comp1
G_2_A_57_5_5_comp1,P_2_A_57_5_5_comp1,R_2_A_57_5_5,TCDB,TCDB.2_A_57_5_5_comp1
G_1_C_39_7_3_comp1,P_1_C_39_7_3_comp1,R_1_C_39_7_3,TCDB,TCDB.1_C_39_7_3_comp1
G_1_A_17_1_16_comp1,P_1_A_17_1_16_comp1,R_1_A_17_1_16,TCDB,TCDB.1_A_17_1_16_comp1
G_1_A_76_1_5_comp1,P_1_A_76_1_5_comp1,R_1_A_76_1_5,TCDB,TCDB.1_A_76_1_5_comp1
G_1_B_8_3_3_comp1,P_1_B_8_3_3_comp1,R_1_B_8_3_3,TCDB,TCDB.1_B_8_3_3_comp1
G_2_A_1_22_4_comp1,P_2_A_1_22_4_comp1,R_2_A_1_22_4,TCDB,TCDB.2_A_1_22_4_comp1
G_9_A_46_2_4_comp1,P_9_A_46_2_4_comp1,R_9_A_46_2_4,TCDB,TCDB.9_A_46_2_4_comp1
G_2_A_18_8_9_comp1,P_2_A_18_8_9_comp1,R_2_A_18_8_9,TCDB,TCDB.2_A_18_8_9_comp1
G_1_A_37_6_1_comp1,P_1_A_37_6_1_comp1,R_1_A_37_6_1,TCDB,TCDB.1_A_37_6_1_comp1
G_1_E_31_1_9_comp1,P_1_E_31_1_9_comp1,R_1_E_31_1_9,TCDB,TCDB.1_E_31_1_9_comp1
G_1_E_48_1_1_comp1,P_1_E_48_1_1_comp1,R_1_E_48_1_1,TCDB,TCDB.1_E_48_1_1_comp1
G_1_C_45_5_4_comp1,P_1_C_45_5_4_comp1,R_1_C_45_5_4,TCDB,TCDB.1_C_45_5_4_comp1
G_1_E_8_1_3_comp1,P_1_E_8_1_3_comp1,R_1_E_8_1_3,TCDB,TCDB.1_E_8_1_3_comp1
G_8_B_25_1_7_comp1,P_8_B_25_1_7_comp1,R_8_B_25_1_7,TCDB,TCDB.8_B_25_1_7_comp1
G_9_B_171_1_4_comp1,P_9_B_171_1_4_comp1,R_9_B_171_1_4,TCDB,TCDB.9_B_171_1_4_comp1
G_2_A_57_2_9_comp1,P_2_A_57_2_9_comp1,R_2_A_57_2_9,TCDB,TCDB.2_A_57_2_9_comp1
G_1_A_95_1_2_comp1,P_1_A_95_1_2_comp1,R_1_A_95_1_2,TCDB,TCDB.1_A_95_1_2_comp1
G_1_B_1_1_11_comp1,P_1_B_1_1_11_comp1,R_1_B_1_1_11,TCDB,TCDB.1_B_1_1_11_comp1
G_1_B_1_1_20_comp1,P_1_B_1_1_20_comp1,R_1_B_1_1_20,TCDB,TCDB.1_B_1_1_20_comp1
G_1_A_101_2_2_comp1,P_1_A_101_2_2_comp1,R_1_A_101_2_2,TCDB,TCDB.1_A_101_2_2_comp1
G_2_A_1_2_93_comp1,P_2_A_1_2_93_comp1,R_2_A_1_2_93,TCDB,TCDB.2_A_1_2_93_comp1
G_9_B_176_1_2_comp1,P_9_B_176_1_2_comp1,R_9_B_176_1_2,TCDB,TCDB.9_B_176_1_2_comp1
G_1_B_55_3_2_comp1,P_1_B_55_3_2_comp1,R_1_B_55_3_2,TCDB,TCDB.1_B_55_3_2_comp1
G_1_B_33_4_2_comp1,P_1_B_33_4_2_comp1,R_1_B_33_4_2,TCDB,TCDB.1_B_33_4_2_comp1
G_1_D_24_1_1_comp1,P_1_D_24_1_1_comp1,R_1_D_24_1_1,TCDB,TCDB.1_D_24_1_1_comp1
G_1_A_9_1_18_comp1,P_1_A_9_1_18_comp1,R_1_A_9_1_18,TCDB,TCDB.1_A_9_1_18_comp1
G_9_B_182_1_4_comp1,P_9_B_182_1_4_comp1,R_9_B_182_1_4,TCDB,TCDB.9_B_182_1_4_comp1
G_1_E_26_7_1_comp1,P_1_E_26_7_1_comp1,R_1_E_26_7_1,TCDB,TCDB.1_E_26_7_1_comp1
G_9_A_39_1_6_comp1,P_9_A_39_1_6_comp1,R_9_A_39_1_6,TCDB,TCDB.9_A_39_1_6_comp1
G_1_E_42_1_2_comp1,P_1_E_42_1_2_comp1,R_1_E_42_1_2,TCDB,TCDB.1_E_42_1_2_comp1
G_2_A_7_1_13_comp1,P_2_A_7_1_13_comp1,R_2_A_7_1_13,TCDB,TCDB.2_A_7_1_13_comp1
G_3_A_1_208_41_comp1,P_3_A_1_208_41_comp1,R_3_A_1_208_41,TCDB,TCDB.3_A_1_208_41_comp1
G_9_A_12_1_2_comp1,P_9_A_12_1_2_comp1,R_9_A_12_1_2,TCDB,TCDB.9_A_12_1_2_comp1
G_9_B_169_1_9_comp1,P_9_B_169_1_9_comp1,R_9_B_169_1_9,TCDB,TCDB.9_B_169_1_9_comp1
G_1_A_63_2_1_comp1,P_1_A_63_2_1_comp1,R_1_A_63_2_1,TCDB,TCDB.1_A_63_2_1_comp1
G_1_E_21_1_3_comp1,P_1_E_21_1_3_comp1,R_1_E_21_1_3,TCDB,TCDB.1_E_21_1_3_comp1
G_2_A_27_1_5_comp1,P_2_A_27_1_5_comp1,R_2_A_27_1_5,TCDB,TCDB.2_A_27_1_5_comp1
G_1_E_40_3_4_comp1,P_1_E_40_3_4_comp1,R_1_E_40_3_4,TCDB,TCDB.1_E_40_3_4_comp1
G_2_A_1_37_1_comp1,P_2_A_1_37_1_comp1,R_2_A_1_37_1,TCDB,TCDB.2_A_1_37_1_comp1
G_9_B_106_1_5_comp1,P_9_B_106_1_5_comp1,R_9_B_106_1_5,TCDB,TCDB.9_B_106_1_5_comp1
G_2_A_13_1_4_comp1,P_2_A_13_1_4_comp1,R_2_A_13_1_4,TCDB,TCDB.2_A_13_1_4_comp1
G_9_B_148_1_4_comp1,P_9_B_148_1_4_comp1,R_9_B_148_1_4,TCDB,TCDB.9_B_148_1_4_comp1
G_9_B_182_1_7_comp1,P_9_B_182_1_7_comp1,R_9_B_182_1_7,TCDB,TCDB.9_B_182_1_7_comp1
G_1_A_77_3_37_comp1,P_1_A_77_3_37_comp1,R_1_A_77_3_37,TCDB,TCDB.1_A_77_3_37_comp1
G_2_A_13_2_1_comp1,P_2_A_13_2_1_comp1,R_2_A_13_2_1,TCDB,TCDB.2_A_13_2_1_comp1
G_9_B_106_1_4_comp1,P_9_B_106_1_4_comp1,R_9_B_106_1_4,TCDB,TCDB.9_B_106_1_4_comp1
G_2_A_7_37_3_comp1,P_2_A_7_37_3_comp1,R_2_A_7_37_3,TCDB,TCDB.2_A_7_37_3_comp1
G_1_A_101_8_1_comp1,P_1_A_101_8_1_comp1,R_1_A_101_8_1,TCDB,TCDB.1_A_101_8_1_comp1
G_4_G_1_1_7_comp1,P_4_G_1_1_7_comp1,R_4_G_1_1_7,TCDB,TCDB.4_G_1_1_7_comp1
G_1_B_77_2_1_comp1,P_1_B_77_2_1_comp1,R_1_B_77_2_1,TCDB,TCDB.1_B_77_2_1_comp1
G_1_B_8_2_7_comp1,P_1_B_8_2_7_comp1,R_1_B_8_2_7,TCDB,TCDB.1_B_8_2_7_comp1
G_2_A_7_3_53_comp1,P_2_A_7_3_53_comp1,R_2_A_7_3_53,TCDB,TCDB.2_A_7_3_53_comp1
G_2_A_82_1_5_comp1,P_2_A_82_1_5_comp1,R_2_A_82_1_5,TCDB,TCDB.2_A_82_1_5_comp1
G_9_B_147_1_7_comp1,P_9_B_147_1_7_comp1,R_9_B_147_1_7,TCDB,TCDB.9_B_147_1_7_comp1
G_4_F_1_1_8_comp1,P_4_F_1_1_8_comp1,R_4_F_1_1_8,TCDB,TCDB.4_F_1_1_8_comp1
G_1_E_57_1_6_comp1,P_1_E_57_1_6_comp1,R_1_E_57_1_6,TCDB,TCDB.1_E_57_1_6_comp1
G_1_E_36_2_1_comp1,P_1_E_36_2_1_comp1,R_1_E_36_2_1,TCDB,TCDB.1_E_36_2_1_comp1
G_2_A_7_33_2_comp1,P_2_A_7_33_2_comp1,R_2_A_7_33_2,TCDB,TCDB.2_A_7_33_2_comp1
G_9_B_186_1_2_comp1,P_9_B_186_1_2_comp1,R_9_B_186_1_2,TCDB,TCDB.9_B_186_1_2_comp1
G_3_A_1_145_3_comp1,P_3_A_1_145_3_comp1,R_3_A_1_145_3,TCDB,TCDB.3_A_1_145_3_comp1
G_1_E_21_1_2_comp1,P_1_E_21_1_2_comp1,R_1_E_21_1_2,TCDB,TCDB.1_E_21_1_2_comp1
G_1_B_6_1_14_comp1,P_1_B_6_1_14_comp1,R_1_B_6_1_14,TCDB,TCDB.1_B_6_1_14_comp1
G_2_A_3_8_28_comp1,P_2_A_3_8_28_comp1,R_2_A_3_8_28,TCDB,TCDB.2_A_3_8_28_comp1
G_1_A_17_1_8_comp1,P_1_A_17_1_8_comp1,R_1_A_17_1_8,TCDB,TCDB.1_A_17_1_8_comp1
G_1_C_112_1_7_comp1,P_1_C_112_1_7_comp1,R_1_C_112_1_7,TCDB,TCDB.1_C_112_1_7_comp1
G_2_A_6_6_10_comp1,P_2_A_6_6_10_comp1,R_2_A_6_6_10,TCDB,TCDB.2_A_6_6_10_comp1
G_2_A_28_4_1_comp1,P_2_A_28_4_1_comp1,R_2_A_28_4_1,TCDB,TCDB.2_A_28_4_1_comp1
G_2_A_90_3_3_comp1,P_2_A_90_3_3_comp1,R_2_A_90_3_3,TCDB,TCDB.2_A_90_3_3_comp1
G_1_A_4_1_16_comp1,P_1_A_4_1_16_comp1,R_1_A_4_1_16,TCDB,TCDB.1_A_4_1_16_comp1
G_1_E_28_1_2_comp1,P_1_E_28_1_2_comp1,R_1_E_28_1_2,TCDB,TCDB.1_E_28_1_2_comp1
G_9_B_231_1_3_comp1,P_9_B_231_1_3_comp1,R_9_B_231_1_3,TCDB,TCDB.9_B_231_1_3_comp1
G_9_B_236_1_4_comp1,P_9_B_236_1_4_comp1,R_9_B_236_1_4,TCDB,TCDB.9_B_236_1_4_comp1
G_1_A_17_2_4_comp1,P_1_A_17_2_4_comp1,R_1_A_17_2_4,TCDB,TCDB.1_A_17_2_4_comp1
G_2_A_133_1_13_comp1,P_2_A_133_1_13_comp1,R_2_A_133_1_13,TCDB,TCDB.2_A_133_1_13_comp1
G_9_B_102_2_4_comp1,P_9_B_102_2_4_comp1,R_9_B_102_2_4,TCDB,TCDB.9_B_102_2_4_comp1
G_8_A_103_1_9_comp1,P_8_A_103_1_9_comp1,R_8_A_103_1_9,TCDB,TCDB.8_A_103_1_9_comp1
G_1_A_14_1_2_comp1,P_1_A_14_1_2_comp1,R_1_A_14_1_2,TCDB,TCDB.1_A_14_1_2_comp1
G_1_A_101_4_3_comp1,P_1_A_101_4_3_comp1,R_1_A_101_4_3,TCDB,TCDB.1_A_101_4_3_comp1
G_2_A_116_1_6_comp1,P_2_A_116_1_6_comp1,R_2_A_116_1_6,TCDB,TCDB.2_A_116_1_6_comp1
G_9_B_142_11_3_comp1,P_9_B_142_11_3_comp1,R_9_B_142_11_3,TCDB,TCDB.9_B_142_11_3_comp1
G_1_E_55_2_1_comp1,P_1_E_55_2_1_comp1,R_1_E_55_2_1,TCDB,TCDB.1_E_55_2_1_comp1
G_1_B_6_2_13_comp1,P_1_B_6_2_13_comp1,R_1_B_6_2_13,TCDB,TCDB.1_B_6_2_13_comp1
G_1_A_101_8_3_comp1,P_1_A_101_8_3_comp1,R_1_A_101_8_3,TCDB,TCDB.1_A_101_8_3_comp1
G_2_A_7_29_3_comp1,P_2_A_7_29_3_comp1,R_2_A_7_29_3,TCDB,TCDB.2_A_7_29_3_comp1
G_1_A_48_2_1_comp1,P_1_A_48_2_1_comp1,R_1_A_48_2_1,TCDB,TCDB.1_A_48_2_1_comp1
G_9_B_23_4_2_comp1,P_9_B_23_4_2_comp1,R_9_B_23_4_2,TCDB,TCDB.9_B_23_4_2_comp1
G_1_C_45_1_7_comp1,P_1_C_45_1_7_comp1,R_1_C_45_1_7,TCDB,TCDB.1_C_45_1_7_comp1
G_1_A_87_3_1_comp1,P_1_A_87_3_1_comp1,R_1_A_87_3_1,TCDB,TCDB.1_A_87_3_1_comp1
G_1_A_87_4_2_comp1,P_1_A_87_4_2_comp1,R_1_A_87_4_2,TCDB,TCDB.1_A_87_4_2_comp1
G_1_A_41_2_3_comp1,P_1_A_41_2_3_comp1,R_1_A_41_2_3,TCDB,TCDB.1_A_41_2_3_comp1
G_9_A_43_1_3_comp1,P_9_A_43_1_3_comp1,R_9_A_43_1_3,TCDB,TCDB.9_A_43_1_3_comp1
G_1_B_30_4_1_comp1,P_1_B_30_4_1_comp1,R_1_B_30_4_1,TCDB,TCDB.1_B_30_4_1_comp1
G_8_A_82_1_7_comp1,P_8_A_82_1_7_comp1,R_8_A_82_1_7,TCDB,TCDB.8_A_82_1_7_comp1
G_9_B_1_2_4_comp1,P_9_B_1_2_4_comp1,R_9_B_1_2_4,TCDB,TCDB.9_B_1_2_4_comp1
G_2_A_29_31_1_comp1,P_2_A_29_31_1_comp1,R_2_A_29_31_1,TCDB,TCDB.2_A_29_31_1_comp1
G_1_C_113_1_8_comp1,P_1_C_113_1_8_comp1,R_1_C_113_1_8,TCDB,TCDB.1_C_113_1_8_comp1
G_2_A_57_5_6_comp1,P_2_A_57_5_6_comp1,R_2_A_57_5_6,TCDB,TCDB.2_A_57_5_6_comp1
G_2_A_1_9_11_comp1,P_2_A_1_9_11_comp1,R_2_A_1_9_11,TCDB,TCDB.2_A_1_9_11_comp1
G_9_B_155_2_16_comp1,P_9_B_155_2_16_comp1,R_9_B_155_2_16,TCDB,TCDB.9_B_155_2_16_comp1
G_9_B_153_4_1_comp1,P_9_B_153_4_1_comp1,R_9_B_153_4_1,TCDB,TCDB.9_B_153_4_1_comp1
G_9_B_169_1_5_comp1,P_9_B_169_1_5_comp1,R_9_B_169_1_5,TCDB,TCDB.9_B_169_1_5_comp1
G_1_B_14_15_1_comp1,P_1_B_14_15_1_comp1,R_1_B_14_15_1,TCDB,TCDB.1_B_14_15_1_comp1
G_9_B_102_5_6_comp1,P_9_B_102_5_6_comp1,R_9_B_102_5_6,TCDB,TCDB.9_B_102_5_6_comp1
G_1_B_6_6_4_comp1,P_1_B_6_6_4_comp1,R_1_B_6_6_4,TCDB,TCDB.1_B_6_6_4_comp1
G_9_B_2_4_3_comp1,P_9_B_2_4_3_comp1,R_9_B_2_4_3,TCDB,TCDB.9_B_2_4_3_comp1
G_2_A_45_2_6_comp1,P_2_A_45_2_6_comp1,R_2_A_45_2_6,TCDB,TCDB.2_A_45_2_6_comp1
G_1_E_47_1_1_comp1,P_1_E_47_1_1_comp1,R_1_E_47_1_1,TCDB,TCDB.1_E_47_1_1_comp1
G_1_M_1_3_15_comp1,P_1_M_1_3_15_comp1+1_M_1_3_15_comp2,R_1_M_1_3_15,TCDB,TCDB.1_M_1_3_15_comp1
G_1_M_1_3_15_comp2,P_1_M_1_3_15_comp1+1_M_1_3_15_comp2,R_1_M_1_3_15,TCDB,TCDB.1_M_1_3_15_comp2
G_1_E_47_1_2_comp1,P_1_E_47_1_2_comp1,R_1_E_47_1_2,TCDB,TCDB.1_E_47_1_2_comp1
G_1_A_36_1_4_comp1,P_1_A_36_1_4_comp1,R_1_A_36_1_4,TCDB,TCDB.1_A_36_1_4_comp1
G_1_B_76_1_3_comp1,P_1_B_76_1_3_comp1,R_1_B_76_1_3,TCDB,TCDB.1_B_76_1_3_comp1
G_2_A_7_36_5_comp1,P_2_A_7_36_5_comp1,R_2_A_7_36_5,TCDB,TCDB.2_A_7_36_5_comp1
G_1_M_1_4_13_comp1,P_1_M_1_4_13_comp1,R_1_M_1_4_13,TCDB,TCDB.1_M_1_4_13_comp1
G_9_A_73_1_2_comp1,P_9_A_73_1_2_comp1,R_9_A_73_1_2,TCDB,TCDB.9_A_73_1_2_comp1
G_1_E_56_1_12_comp1,P_1_E_56_1_12_comp1,R_1_E_56_1_12,TCDB,TCDB.1_E_56_1_12_comp1
G_1_C_115_1_5_comp1,P_1_C_115_1_5_comp1,R_1_C_115_1_5,TCDB,TCDB.1_C_115_1_5_comp1
G_1_E_53_1_9_comp1,P_1_E_53_1_9_comp1,R_1_E_53_1_9,TCDB,TCDB.1_E_53_1_9_comp1
G_1_B_26_1_2_comp1,P_1_B_26_1_2_comp1,R_1_B_26_1_2,TCDB,TCDB.1_B_26_1_2_comp1
G_1_A_87_5_1_comp1,P_1_A_87_5_1_comp1,R_1_A_87_5_1,TCDB,TCDB.1_A_87_5_1_comp1
G_3_A_1_107_4_comp1,P_3_A_1_107_4_comp1+3_A_1_107_4_comp2,R_3_A_1_107_4,TCDB,TCDB.3_A_1_107_4_comp1
G_3_A_1_107_4_comp2,P_3_A_1_107_4_comp1+3_A_1_107_4_comp2,R_3_A_1_107_4,TCDB,TCDB.3_A_1_107_4_comp2
G_3_D_4_10_4_comp1,P_3_D_4_10_4_comp1,R_3_D_4_10_4,TCDB,TCDB.3_D_4_10_4_comp1
G_3_D_4_10_5_comp1,P_3_D_4_10_5_comp1,R_3_D_4_10_5,TCDB,TCDB.3_D_4_10_5_comp1
G_1_A_16_3_4_comp1,P_1_A_16_3_4_comp1,R_1_A_16_3_4,TCDB,TCDB.1_A_16_3_4_comp1
G_1_A_1_28_6_comp1,P_1_A_1_28_6_comp1,R_1_A_1_28_6,TCDB,TCDB.1_A_1_28_6_comp1
G_9_B_19_1_3_comp1,P_9_B_19_1_3_comp1,R_9_B_19_1_3,TCDB,TCDB.9_B_19_1_3_comp1
G_9_B_142_2_5_comp1,P_9_B_142_2_5_comp1,R_9_B_142_2_5,TCDB,TCDB.9_B_142_2_5_comp1
G_2_A_116_1_7_comp1,P_2_A_116_1_7_comp1,R_2_A_116_1_7,TCDB,TCDB.2_A_116_1_7_comp1
G_1_C_95_1_3_comp1,P_1_C_95_1_3_comp1,R_1_C_95_1_3,TCDB,TCDB.1_C_95_1_3_comp1
G_1_E_54_4_4_comp1,P_1_E_54_4_4_comp1,R_1_E_54_4_4,TCDB,TCDB.1_E_54_4_4_comp1
G_1_B_3_1_5_comp1,P_1_B_3_1_5_comp1,R_1_B_3_1_5,TCDB,TCDB.1_B_3_1_5_comp1
G_9_B_92_2_2_comp1,P_9_B_92_2_2_comp1,R_9_B_92_2_2,TCDB,TCDB.9_B_92_2_2_comp1
G_9_A_14_17_4_comp1,P_9_A_14_17_4_comp1,R_9_A_14_17_4,TCDB,TCDB.9_A_14_17_4_comp1
G_1_C_10_3_1_comp1,P_1_C_10_3_1_comp1,R_1_C_10_3_1,TCDB,TCDB.1_C_10_3_1_comp1
G_1_A_111_1_4_comp1,P_1_A_111_1_4_comp1,R_1_A_111_1_4,TCDB,TCDB.1_A_111_1_4_comp1
G_1_E_8_1_5_comp1,P_1_E_8_1_5_comp1,R_1_E_8_1_5,TCDB,TCDB.1_E_8_1_5_comp1
G_1_E_56_1_3_comp1,P_1_E_56_1_3_comp1,R_1_E_56_1_3,TCDB,TCDB.1_E_56_1_3_comp1
G_2_A_7_3_52_comp1,P_2_A_7_3_52_comp1,R_2_A_7_3_52,TCDB,TCDB.2_A_7_3_52_comp1
G_1_A_87_2_1_comp1,P_1_A_87_2_1_comp1,R_1_A_87_2_1,TCDB,TCDB.1_A_87_2_1_comp1
G_2_A_7_3_81_comp1,P_2_A_7_3_81_comp1,R_2_A_7_3_81,TCDB,TCDB.2_A_7_3_81_comp1
G_1_V_1_1_1_comp1,P_1_V_1_1_1_comp1+1_V_1_1_1_comp2+1_V_1_1_1_comp3,R_1_V_1_1_1,TCDB,TCDB.1_V_1_1_1_comp1
G_1_V_1_1_1_comp2,P_1_V_1_1_1_comp1+1_V_1_1_1_comp2+1_V_1_1_1_comp3,R_1_V_1_1_1,TCDB,TCDB.1_V_1_1_1_comp2
G_1_V_1_1_1_comp3,P_1_V_1_1_1_comp1+1_V_1_1_1_comp2+1_V_1_1_1_comp3,R_1_V_1_1_1,TCDB,TCDB.1_V_1_1_1_comp3
G_2_A_3_1_18_comp1,P_2_A_3_1_18_comp1,R_2_A_3_1_18,TCDB,TCDB.2_A_3_1_18_comp1
G_2_A_3_1_19_comp1,P_2_A_3_1_19_comp1,R_2_A_3_1_19,TCDB,TCDB.2_A_3_1_19_comp1
G_1_G_3_1_6_comp1,P_1_G_3_1_6_comp1,R_1_G_3_1_6,TCDB,TCDB.1_G_3_1_6_comp1
G_1_C_21_2_6_comp1,P_1_C_21_2_6_comp1,R_1_C_21_2_6,TCDB,TCDB.1_C_21_2_6_comp1
G_9_B_155_3_4_comp1,P_9_B_155_3_4_comp1,R_9_B_155_3_4,TCDB,TCDB.9_B_155_3_4_comp1
G_1_B_44_2_14_comp1,P_1_B_44_2_14_comp1,R_1_B_44_2_14,TCDB,TCDB.1_B_44_2_14_comp1
G_1_C_52_1_32_comp1,P_1_C_52_1_32_comp1,R_1_C_52_1_32,TCDB,TCDB.1_C_52_1_32_comp1
G_9_A_55_1_10_comp1,P_9_A_55_1_10_comp1,R_9_A_55_1_10,TCDB,TCDB.9_A_55_1_10_comp1
G_9_B_39_1_5_comp1,P_9_B_39_1_5_comp1,R_9_B_39_1_5,TCDB,TCDB.9_B_39_1_5_comp1
G_1_B_1_1_26_comp1,P_1_B_1_1_26_comp1,R_1_B_1_1_26,TCDB,TCDB.1_B_1_1_26_comp1
G_1_A_54_5_1_comp1,P_1_A_54_5_1_comp1,R_1_A_54_5_1,TCDB,TCDB.1_A_54_5_1_comp1
G_2_A_112_2_2_comp1,P_2_A_112_2_2_comp1,R_2_A_112_2_2,TCDB,TCDB.2_A_112_2_2_comp1
G_1_B_57_1_5_comp1,P_1_B_57_1_5_comp1,R_1_B_57_1_5,TCDB,TCDB.1_B_57_1_5_comp1
G_3_A_12_1_3_comp1,P_3_A_12_1_3_comp1,R_3_A_12_1_3,TCDB,TCDB.3_A_12_1_3_comp1
G_9_B_29_2_10_comp1,P_9_B_29_2_10_comp1,R_9_B_29_2_10,TCDB,TCDB.9_B_29_2_10_comp1
G_1_B_21_2_2_comp1,P_1_B_21_2_2_comp1,R_1_B_21_2_2,TCDB,TCDB.1_B_21_2_2_comp1
G_1_E_18_1_9_comp1,P_1_E_18_1_9_comp1,R_1_E_18_1_9,TCDB,TCDB.1_E_18_1_9_comp1
G_1_E_57_2_5_comp1,P_1_E_57_2_5_comp1,R_1_E_57_2_5,TCDB,TCDB.1_E_57_2_5_comp1
G_1_A_78_2_8_comp1,P_1_A_78_2_8_comp1,R_1_A_78_2_8,TCDB,TCDB.1_A_78_2_8_comp1
G_1_E_21_1_4_comp1,P_1_E_21_1_4_comp1,R_1_E_21_1_4,TCDB,TCDB.1_E_21_1_4_comp1
G_4_D_1_2_2_comp1,P_4_D_1_2_2_comp1,R_4_D_1_2_2,TCDB,TCDB.4_D_1_2_2_comp1
G_9_B_148_3_3_comp1,P_9_B_148_3_3_comp1,R_9_B_148_3_3,TCDB,TCDB.9_B_148_3_3_comp1
G_9_B_226_1_10_comp1,P_9_B_226_1_10_comp1,R_9_B_226_1_10,TCDB,TCDB.9_B_226_1_10_comp1
G_9_B_67_3_5_comp1,P_9_B_67_3_5_comp1,R_9_B_67_3_5,TCDB,TCDB.9_B_67_3_5_comp1
G_9_B_117_1_5_comp1,P_9_B_117_1_5_comp1,R_9_B_117_1_5,TCDB,TCDB.9_B_117_1_5_comp1
G_9_B_26_1_4_comp1,P_9_B_26_1_4_comp1,R_9_B_26_1_4,TCDB,TCDB.9_B_26_1_4_comp1
G_2_A_7_2_4_comp1,P_2_A_7_2_4_comp1,R_2_A_7_2_4,TCDB,TCDB.2_A_7_2_4_comp1
G_9_B_13_2_2_comp1,P_9_B_13_2_2_comp1,R_9_B_13_2_2,TCDB,TCDB.9_B_13_2_2_comp1
G_1_A_17_5_17_comp1,P_1_A_17_5_17_comp1,R_1_A_17_5_17,TCDB,TCDB.1_A_17_5_17_comp1
G_9_B_173_1_2_comp1,P_9_B_173_1_2_comp1,R_9_B_173_1_2,TCDB,TCDB.9_B_173_1_2_comp1
G_9_B_367_1_1_comp1,P_9_B_367_1_1_comp1+9_B_367_1_1_comp2,R_9_B_367_1_1,TCDB,TCDB.9_B_367_1_1_comp1
G_9_B_367_1_1_comp2,P_9_B_367_1_1_comp1+9_B_367_1_1_comp2,R_9_B_367_1_1,TCDB,TCDB.9_B_367_1_1_comp2
G_1_A_39_1_2_comp1,P_1_A_39_1_2_comp1,R_1_A_39_1_2,TCDB,TCDB.1_A_39_1_2_comp1
G_1_A_65_1_4_comp1,P_1_A_65_1_4_comp1,R_1_A_65_1_4,TCDB,TCDB.1_A_65_1_4_comp1
G_2_A_116_2_1_comp1,P_2_A_116_2_1_comp1,R_2_A_116_2_1,TCDB,TCDB.2_A_116_2_1_comp1
G_1_M_3_3_1_comp1,P_1_M_3_3_1_comp1,R_1_M_3_3_1,TCDB,TCDB.1_M_3_3_1_comp1
G_9_A_24_1_4_comp1,P_9_A_24_1_4_comp1,R_9_A_24_1_4,TCDB,TCDB.9_A_24_1_4_comp1
G_8_B_24_4_3_comp1,P_8_B_24_4_3_comp1,R_8_B_24_4_3,TCDB,TCDB.8_B_24_4_3_comp1
G_1_A_25_1_13_comp1,P_1_A_25_1_13_comp1,R_1_A_25_1_13,TCDB,TCDB.1_A_25_1_13_comp1
G_1_M_1_3_33_comp1,P_1_M_1_3_33_comp1,R_1_M_1_3_33,TCDB,TCDB.1_M_1_3_33_comp1
G_1_B_18_3_5_comp1,P_1_B_18_3_5_comp1,R_1_B_18_3_5,TCDB,TCDB.1_B_18_3_5_comp1
G_1_B_63_1_2_comp1,P_1_B_63_1_2_comp1,R_1_B_63_1_2,TCDB,TCDB.1_B_63_1_2_comp1
G_1_A_78_2_10_comp1,P_1_A_78_2_10_comp1,R_1_A_78_2_10,TCDB,TCDB.1_A_78_2_10_comp1
G_1_A_78_2_9_comp1,P_1_A_78_2_9_comp1,R_1_A_78_2_9,TCDB,TCDB.1_A_78_2_9_comp1
G_1_B_93_2_1_comp1,P_1_B_93_2_1_comp1,R_1_B_93_2_1,TCDB,TCDB.1_B_93_2_1_comp1
G_9_B_142_4_7_comp1,P_9_B_142_4_7_comp1,R_9_B_142_4_7,TCDB,TCDB.9_B_142_4_7_comp1
G_1_C_73_3_4_comp1,P_1_C_73_3_4_comp1,R_1_C_73_3_4,TCDB,TCDB.1_C_73_3_4_comp1
G_9_B_175_1_5_comp1,P_9_B_175_1_5_comp1,R_9_B_175_1_5,TCDB,TCDB.9_B_175_1_5_comp1
G_8_A_3_1_2_comp1,P_8_A_3_1_2_comp1,R_8_A_3_1_2,TCDB,TCDB.8_A_3_1_2_comp1
G_2_A_7_33_4_comp1,P_2_A_7_33_4_comp1,R_2_A_7_33_4,TCDB,TCDB.2_A_7_33_4_comp1
G_5_A_1_6_4_comp1,P_5_A_1_6_4_comp1,R_5_A_1_6_4,TCDB,TCDB.5_A_1_6_4_comp1
G_2_A_126_1_3_comp1,P_2_A_126_1_3_comp1,R_2_A_126_1_3,TCDB,TCDB.2_A_126_1_3_comp1
G_9_B_44_2_3_comp1,P_9_B_44_2_3_comp1,R_9_B_44_2_3,TCDB,TCDB.9_B_44_2_3_comp1
G_9_B_297_4_2_comp1,P_9_B_297_4_2_comp1,R_9_B_297_4_2,TCDB,TCDB.9_B_297_4_2_comp1
G_1_A_7_2_11_comp1,P_1_A_7_2_11_comp1,R_1_A_7_2_11,TCDB,TCDB.1_A_7_2_11_comp1
G_8_A_195_1_2_comp1,P_8_A_195_1_2_comp1,R_8_A_195_1_2,TCDB,TCDB.8_A_195_1_2_comp1
G_1_E_1_7_6_comp1,P_1_E_1_7_6_comp1,R_1_E_1_7_6,TCDB,TCDB.1_E_1_7_6_comp1
G_1_A_124_1_3_comp1,P_1_A_124_1_3_comp1,R_1_A_124_1_3,TCDB,TCDB.1_A_124_1_3_comp1
G_8_A_156_2_2_comp1,P_8_A_156_2_2_comp1,R_8_A_156_2_2,TCDB,TCDB.8_A_156_2_2_comp1
G_9_B_359_3_4_comp1,P_9_B_359_3_4_comp1,R_9_B_359_3_4,TCDB,TCDB.9_B_359_3_4_comp1
G_3_A_1_207_12_comp1,P_3_A_1_207_12_comp1+3_A_1_207_12_comp2,R_3_A_1_207_12,TCDB,TCDB.3_A_1_207_12_comp1
G_3_A_1_207_12_comp2,P_3_A_1_207_12_comp1+3_A_1_207_12_comp2,R_3_A_1_207_12,TCDB,TCDB.3_A_1_207_12_comp2
G_9_B_392_4_3_comp1,P_9_B_392_4_3_comp1,R_9_B_392_4_3,TCDB,TCDB.9_B_392_4_3_comp1
G_9_B_433_1_4_comp1,P_9_B_433_1_4_comp1,R_9_B_433_1_4,TCDB,TCDB.9_B_433_1_4_comp1
G_9_B_392_2_1_comp1,P_9_B_392_2_1_comp1,R_9_B_392_2_1,TCDB,TCDB.9_B_392_2_1_comp1
G_1_B_96_1_2_comp1,P_1_B_96_1_2_comp1,R_1_B_96_1_2,TCDB,TCDB.1_B_96_1_2_comp1
G_1_A_50_2_4_comp1,P_1_A_50_2_4_comp1,R_1_A_50_2_4,TCDB,TCDB.1_A_50_2_4_comp1
G_1_C_127_2_3_comp1,P_1_C_127_2_3_comp1,R_1_C_127_2_3,TCDB,TCDB.1_C_127_2_3_comp1
G_4_C_1_1_18_comp1,P_4_C_1_1_18_comp1,R_4_C_1_1_18,TCDB,TCDB.4_C_1_1_18_comp1
G_1_C_123_2_2_comp1,P_1_C_123_2_2_comp1,R_1_C_123_2_2,TCDB,TCDB.1_C_123_2_2_comp1
G_1_C_2_1_15_comp1,P_1_C_2_1_15_comp1,R_1_C_2_1_15,TCDB,TCDB.1_C_2_1_15_comp1
G_2_A_7_43_11_comp1,P_2_A_7_43_11_comp1,R_2_A_7_43_11,TCDB,TCDB.2_A_7_43_11_comp1
G_9_B_36_14_2_comp1,P_9_B_36_14_2_comp1,R_9_B_36_14_2,TCDB,TCDB.9_B_36_14_2_comp1
G_8_A_88_2_1_comp1,P_8_A_88_2_1_comp1,R_8_A_88_2_1,TCDB,TCDB.8_A_88_2_1_comp1
G_8_A_133_1_5_comp1,P_8_A_133_1_5_comp1,R_8_A_133_1_5,TCDB,TCDB.8_A_133_1_5_comp1
G_9_B_419_1_3_comp1,P_9_B_419_1_3_comp1,R_9_B_419_1_3,TCDB,TCDB.9_B_419_1_3_comp1
G_9_A_1_1_6_comp1,P_9_A_1_1_6_comp1,R_9_A_1_1_6,TCDB,TCDB.9_A_1_1_6_comp1
G_9_A_76_1_11_comp1,P_9_A_76_1_11_comp1,R_9_A_76_1_11,TCDB,TCDB.9_A_76_1_11_comp1
G_2_A_51_1_10_comp1,P_2_A_51_1_10_comp1,R_2_A_51_1_10,TCDB,TCDB.2_A_51_1_10_comp1
G_1_A_9_1_23_comp1,P_1_A_9_1_23_comp1,R_1_A_9_1_23,TCDB,TCDB.1_A_9_1_23_comp1
G_8_A_230_1_5_comp1,P_8_A_230_1_5_comp1,R_8_A_230_1_5,TCDB,TCDB.8_A_230_1_5_comp1
G_9_B_389_1_4_comp1,P_9_B_389_1_4_comp1,R_9_B_389_1_4,TCDB,TCDB.9_B_389_1_4_comp1
G_1_A_10_1_31_comp1,P_1_A_10_1_31_comp1,R_1_A_10_1_31,TCDB,TCDB.1_A_10_1_31_comp1
G_9_B_263_2_5_comp1,P_9_B_263_2_5_comp1,R_9_B_263_2_5,TCDB,TCDB.9_B_263_2_5_comp1
G_8_B_26_1_5_comp1,P_8_B_26_1_5_comp1,R_8_B_26_1_5,TCDB,TCDB.8_B_26_1_5_comp1
G_1_A_69_2_5_comp1,P_1_A_69_2_5_comp1,R_1_A_69_2_5,TCDB,TCDB.1_A_69_2_5_comp1
G_1_A_130_2_5_comp1,P_1_A_130_2_5_comp1,R_1_A_130_2_5,TCDB,TCDB.1_A_130_2_5_comp1
G_9_B_366_1_2_comp1,P_9_B_366_1_2_comp1,R_9_B_366_1_2,TCDB,TCDB.9_B_366_1_2_comp1
G_9_B_247_2_6_comp1,P_9_B_247_2_6_comp1,R_9_B_247_2_6,TCDB,TCDB.9_B_247_2_6_comp1
G_8_A_133_1_6_comp1,P_8_A_133_1_6_comp1,R_8_A_133_1_6,TCDB,TCDB.8_A_133_1_6_comp1
G_9_B_385_1_5_comp1,P_9_B_385_1_5_comp1,R_9_B_385_1_5,TCDB,TCDB.9_B_385_1_5_comp1
G_1_A_84_2_7_comp1,P_1_A_84_2_7_comp1,R_1_A_84_2_7,TCDB,TCDB.1_A_84_2_7_comp1
G_1_M_1_4_5_comp1,P_1_M_1_4_5_comp1,R_1_M_1_4_5,TCDB,TCDB.1_M_1_4_5_comp1
G_8_A_128_3_5_comp1,P_8_A_128_3_5_comp1,R_8_A_128_3_5,TCDB,TCDB.8_A_128_3_5_comp1
G_8_A_128_7_4_comp1,P_8_A_128_7_4_comp1,R_8_A_128_7_4,TCDB,TCDB.8_A_128_7_4_comp1
G_1_A_130_2_3_comp1,P_1_A_130_2_3_comp1,R_1_A_130_2_3,TCDB,TCDB.1_A_130_2_3_comp1
G_1_A_130_2_2_comp1,P_1_A_130_2_2_comp1,R_1_A_130_2_2,TCDB,TCDB.1_A_130_2_2_comp1
G_1_A_48_2_2_comp1,P_1_A_48_2_2_comp1,R_1_A_48_2_2,TCDB,TCDB.1_A_48_2_2_comp1
G_8_A_128_5_1_comp1,P_8_A_128_5_1_comp1,R_8_A_128_5_1,TCDB,TCDB.8_A_128_5_1_comp1
G_8_A_128_5_7_comp1,P_8_A_128_5_7_comp1,R_8_A_128_5_7,TCDB,TCDB.8_A_128_5_7_comp1
G_8_A_128_3_8_comp1,P_8_A_128_3_8_comp1,R_8_A_128_3_8,TCDB,TCDB.8_A_128_3_8_comp1
G_3_A_1_207_10_comp1,P_3_A_1_207_10_comp1+3_A_1_207_10_comp2,R_3_A_1_207_10,TCDB,TCDB.3_A_1_207_10_comp1
G_3_A_1_207_10_comp2,P_3_A_1_207_10_comp1+3_A_1_207_10_comp2,R_3_A_1_207_10,TCDB,TCDB.3_A_1_207_10_comp2
G_1_A_121_1_9_comp1,P_1_A_121_1_9_comp1,R_1_A_121_1_9,TCDB,TCDB.1_A_121_1_9_comp1
G_8_A_145_1_8_comp1,P_8_A_145_1_8_comp1,R_8_A_145_1_8,TCDB,TCDB.8_A_145_1_8_comp1
G_8_A_225_1_2_comp1,P_8_A_225_1_2_comp1,R_8_A_225_1_2,TCDB,TCDB.8_A_225_1_2_comp1
G_8_A_128_5_6_comp1,P_8_A_128_5_6_comp1,R_8_A_128_5_6,TCDB,TCDB.8_A_128_5_6_comp1
G_8_A_128_3_9_comp1,P_8_A_128_3_9_comp1,R_8_A_128_3_9,TCDB,TCDB.8_A_128_3_9_comp1
G_9_A_34_1_4_comp1,P_9_A_34_1_4_comp1,R_9_A_34_1_4,TCDB,TCDB.9_A_34_1_4_comp1
G_8_B_43_1_3_comp1,P_8_B_43_1_3_comp1,R_8_B_43_1_3,TCDB,TCDB.8_B_43_1_3_comp1
G_8_A_57_1_4_comp1,P_8_A_57_1_4_comp1,R_8_A_57_1_4,TCDB,TCDB.8_A_57_1_4_comp1
G_2_A_1_1_147_comp1,P_2_A_1_1_147_comp1,R_2_A_1_1_147,TCDB,TCDB.2_A_1_1_147_comp1
G_8_A_230_1_4_comp1,P_8_A_230_1_4_comp1,R_8_A_230_1_4,TCDB,TCDB.8_A_230_1_4_comp1
G_8_A_218_1_4_comp1,P_8_A_218_1_4_comp1,R_8_A_218_1_4,TCDB,TCDB.8_A_218_1_4_comp1
G_8_A_175_1_2_comp1,P_8_A_175_1_2_comp1,R_8_A_175_1_2,TCDB,TCDB.8_A_175_1_2_comp1
G_1_A_121_1_4_comp1,P_1_A_121_1_4_comp1,R_1_A_121_1_4,TCDB,TCDB.1_A_121_1_4_comp1
G_9_B_115_4_3_comp1,P_9_B_115_4_3_comp1,R_9_B_115_4_3,TCDB,TCDB.9_B_115_4_3_comp1
G_8_A_134_1_3_comp1,P_8_A_134_1_3_comp1,R_8_A_134_1_3,TCDB,TCDB.8_A_134_1_3_comp1
G_9_B_418_1_7_comp1,P_9_B_418_1_7_comp1,R_9_B_418_1_7,TCDB,TCDB.9_B_418_1_7_comp1
G_8_A_205_1_5_comp1,P_8_A_205_1_5_comp1,R_8_A_205_1_5,TCDB,TCDB.8_A_205_1_5_comp1
G_9_B_191_1_9_comp1,P_9_B_191_1_9_comp1,R_9_B_191_1_9,TCDB,TCDB.9_B_191_1_9_comp1
G_9_A_78_1_5_comp1,P_9_A_78_1_5_comp1,R_9_A_78_1_5,TCDB,TCDB.9_A_78_1_5_comp1
G_9_B_17_1_4_comp1,P_9_B_17_1_4_comp1,R_9_B_17_1_4,TCDB,TCDB.9_B_17_1_4_comp1
G_8_A_140_2_2_comp1,P_8_A_140_2_2_comp1,R_8_A_140_2_2,TCDB,TCDB.8_A_140_2_2_comp1
G_3_A_1_139_5_comp1,P_3_A_1_139_5_comp1,R_3_A_1_139_5,TCDB,TCDB.3_A_1_139_5_comp1
G_1_A_126_1_7_comp1,P_1_A_126_1_7_comp1,R_1_A_126_1_7,TCDB,TCDB.1_A_126_1_7_comp1
G_8_A_155_1_6_comp1,P_8_A_155_1_6_comp1,R_8_A_155_1_6,TCDB,TCDB.8_A_155_1_6_comp1
G_8_A_162_1_2_comp1,P_8_A_162_1_2_comp1,R_8_A_162_1_2,TCDB,TCDB.8_A_162_1_2_comp1
G_8_A_20_2_2_comp1,P_8_A_20_2_2_comp1,R_8_A_20_2_2,TCDB,TCDB.8_A_20_2_2_comp1
G_1_A_119_1_8_comp1,P_1_A_119_1_8_comp1,R_1_A_119_1_8,TCDB,TCDB.1_A_119_1_8_comp1
G_1_C_15_1_3_comp1,P_1_C_15_1_3_comp1,R_1_C_15_1_3,TCDB,TCDB.1_C_15_1_3_comp1
G_8_A_115_6_2_comp1,P_8_A_115_6_2_comp1,R_8_A_115_6_2,TCDB,TCDB.8_A_115_6_2_comp1
G_8_A_175_2_1_comp1,P_8_A_175_2_1_comp1,R_8_A_175_2_1,TCDB,TCDB.8_A_175_2_1_comp1
G_1_A_130_1_4_comp1,P_1_A_130_1_4_comp1,R_1_A_130_1_4,TCDB,TCDB.1_A_130_1_4_comp1
G_1_A_50_6_5_comp1,P_1_A_50_6_5_comp1,R_1_A_50_6_5,TCDB,TCDB.1_A_50_6_5_comp1
G_2_A_1_1_145_comp1,P_2_A_1_1_145_comp1,R_2_A_1_1_145,TCDB,TCDB.2_A_1_1_145_comp1
G_2_A_16_5_3_comp1,P_2_A_16_5_3_comp1,R_2_A_16_5_3,TCDB,TCDB.2_A_16_5_3_comp1
G_9_B_432_1_4_comp1,P_9_B_432_1_4_comp1,R_9_B_432_1_4,TCDB,TCDB.9_B_432_1_4_comp1
G_2_A_1_1_146_comp1,P_2_A_1_1_146_comp1,R_2_A_1_1_146,TCDB,TCDB.2_A_1_1_146_comp1
G_2_A_1_1_142_comp1,P_2_A_1_1_142_comp1,R_2_A_1_1_142,TCDB,TCDB.2_A_1_1_142_comp1
G_9_B_447_1_4_comp1,P_9_B_447_1_4_comp1,R_9_B_447_1_4,TCDB,TCDB.9_B_447_1_4_comp1
G_8_A_68_1_15_comp1,P_8_A_68_1_15_comp1,R_8_A_68_1_15,TCDB,TCDB.8_A_68_1_15_comp1
G_9_B_421_1_3_comp1,P_9_B_421_1_3_comp1,R_9_B_421_1_3,TCDB,TCDB.9_B_421_1_3_comp1
G_1_A_130_1_8_comp1,P_1_A_130_1_8_comp1,R_1_A_130_1_8,TCDB,TCDB.1_A_130_1_8_comp1
G_8_A_171_1_2_comp1,P_8_A_171_1_2_comp1,R_8_A_171_1_2,TCDB,TCDB.8_A_171_1_2_comp1
G_3_A_1_201_45_comp1,P_3_A_1_201_45_comp1,R_3_A_1_201_45,TCDB,TCDB.3_A_1_201_45_comp1
G_1_A_130_1_6_comp1,P_1_A_130_1_6_comp1,R_1_A_130_1_6,TCDB,TCDB.1_A_130_1_6_comp1
G_9_A_19_1_3_comp1,P_9_A_19_1_3_comp1,R_9_A_19_1_3,TCDB,TCDB.9_A_19_1_3_comp1
G_9_B_440_1_8_comp1,P_9_B_440_1_8_comp1,R_9_B_440_1_8,TCDB,TCDB.9_B_440_1_8_comp1
G_1_C_123_2_4_comp1,P_1_C_123_2_4_comp1,R_1_C_123_2_4,TCDB,TCDB.1_C_123_2_4_comp1
G_8_A_192_1_2_comp1,P_8_A_192_1_2_comp1,R_8_A_192_1_2,TCDB,TCDB.8_A_192_1_2_comp1
G_8_A_156_2_3_comp1,P_8_A_156_2_3_comp1,R_8_A_156_2_3,TCDB,TCDB.8_A_156_2_3_comp1
G_8_A_159_1_7_comp1,P_8_A_159_1_7_comp1,R_8_A_159_1_7,TCDB,TCDB.8_A_159_1_7_comp1
G_8_A_225_1_3_comp1,P_8_A_225_1_3_comp1,R_8_A_225_1_3,TCDB,TCDB.8_A_225_1_3_comp1
G_8_A_169_1_7_comp1,P_8_A_169_1_7_comp1,R_8_A_169_1_7,TCDB,TCDB.8_A_169_1_7_comp1
G_8_A_194_1_6_comp1,P_8_A_194_1_6_comp1,R_8_A_194_1_6,TCDB,TCDB.8_A_194_1_6_comp1
G_1_C_123_3_1_comp1,P_1_C_123_3_1_comp1,R_1_C_123_3_1,TCDB,TCDB.1_C_123_3_1_comp1
G_1_C_123_3_3_comp1,P_1_C_123_3_3_comp1,R_1_C_123_3_3,TCDB,TCDB.1_C_123_3_3_comp1
G_8_A_208_1_2_comp1,P_8_A_208_1_2_comp1,R_8_A_208_1_2,TCDB,TCDB.8_A_208_1_2_comp1
G_8_A_194_1_4_comp1,P_8_A_194_1_4_comp1,R_8_A_194_1_4,TCDB,TCDB.8_A_194_1_4_comp1
G_2_A_96_1_12_comp1,P_2_A_96_1_12_comp1,R_2_A_96_1_12,TCDB,TCDB.2_A_96_1_12_comp1
G_9_B_438_1_6_comp1,P_9_B_438_1_6_comp1,R_9_B_438_1_6,TCDB,TCDB.9_B_438_1_6_comp1
G_8_A_194_1_8_comp1,P_8_A_194_1_8_comp1,R_8_A_194_1_8,TCDB,TCDB.8_A_194_1_8_comp1
G_8_A_175_2_4_comp1,P_8_A_175_2_4_comp1,R_8_A_175_2_4,TCDB,TCDB.8_A_175_2_4_comp1
G_9_B_417_1_4_comp1,P_9_B_417_1_4_comp1,R_9_B_417_1_4,TCDB,TCDB.9_B_417_1_4_comp1
G_9_B_433_1_3_comp1,P_9_B_433_1_3_comp1,R_9_B_433_1_3,TCDB,TCDB.9_B_433_1_3_comp1
G_8_A_115_2_2_comp1,P_8_A_115_2_2_comp1,R_8_A_115_2_2,TCDB,TCDB.8_A_115_2_2_comp1
G_1_A_130_2_6_comp1,P_1_A_130_2_6_comp1,R_1_A_130_2_6,TCDB,TCDB.1_A_130_2_6_comp1
G_9_B_422_1_4_comp1,P_9_B_422_1_4_comp1,R_9_B_422_1_4,TCDB,TCDB.9_B_422_1_4_comp1
G_9_A_19_1_5_comp1,P_9_A_19_1_5_comp1,R_9_A_19_1_5,TCDB,TCDB.9_A_19_1_5_comp1
G_1_C_2_1_9_comp1,P_1_C_2_1_9_comp1,R_1_C_2_1_9,TCDB,TCDB.1_C_2_1_9_comp1
G_9_B_438_1_8_comp1,P_9_B_438_1_8_comp1,R_9_B_438_1_8,TCDB,TCDB.9_B_438_1_8_comp1
G_1_A_130_1_3_comp1,P_1_A_130_1_3_comp1,R_1_A_130_1_3,TCDB,TCDB.1_A_130_1_3_comp1
G_8_A_178_1_7_comp1,P_8_A_178_1_7_comp1,R_8_A_178_1_7,TCDB,TCDB.8_A_178_1_7_comp1
G_1_B_96_1_3_comp1,P_1_B_96_1_3_comp1,R_1_B_96_1_3,TCDB,TCDB.1_B_96_1_3_comp1
G_8_A_57_1_6_comp1,P_8_A_57_1_6_comp1,R_8_A_57_1_6,TCDB,TCDB.8_A_57_1_6_comp1
G_9_B_438_1_5_comp1,P_9_B_438_1_5_comp1,R_9_B_438_1_5,TCDB,TCDB.9_B_438_1_5_comp1
G_9_B_445_2_4_comp1,P_9_B_445_2_4_comp1,R_9_B_445_2_4,TCDB,TCDB.9_B_445_2_4_comp1
G_8_A_193_1_2_comp1,P_8_A_193_1_2_comp1,R_8_A_193_1_2,TCDB,TCDB.8_A_193_1_2_comp1
G_8_A_184_1_5_comp1,P_8_A_184_1_5_comp1,R_8_A_184_1_5,TCDB,TCDB.8_A_184_1_5_comp1
G_9_B_9_1_10_comp1,P_9_B_9_1_10_comp1,R_9_B_9_1_10,TCDB,TCDB.9_B_9_1_10_comp1
G_9_B_445_2_3_comp1,P_9_B_445_2_3_comp1,R_9_B_445_2_3,TCDB,TCDB.9_B_445_2_3_comp1
G_2_A_32_1_16_comp1,P_2_A_32_1_16_comp1,R_2_A_32_1_16,TCDB,TCDB.2_A_32_1_16_comp1
G_8_A_225_1_4_comp1,P_8_A_225_1_4_comp1,R_8_A_225_1_4,TCDB,TCDB.8_A_225_1_4_comp1
G_8_A_231_1_3_comp1,P_8_A_231_1_3_comp1,R_8_A_231_1_3,TCDB,TCDB.8_A_231_1_3_comp1
G_8_A_193_1_4_comp1,P_8_A_193_1_4_comp1,R_8_A_193_1_4,TCDB,TCDB.8_A_193_1_4_comp1
G_8_A_208_1_6_comp1,P_8_A_208_1_6_comp1,R_8_A_208_1_6,TCDB,TCDB.8_A_208_1_6_comp1
G_8_A_205_1_2_comp1,P_8_A_205_1_2_comp1,R_8_A_205_1_2,TCDB,TCDB.8_A_205_1_2_comp1
G_9_B_456_1_2_comp1,P_9_B_456_1_2_comp1,R_9_B_456_1_2,TCDB,TCDB.9_B_456_1_2_comp1
G_8_A_184_1_2_comp1,P_8_A_184_1_2_comp1,R_8_A_184_1_2,TCDB,TCDB.8_A_184_1_2_comp1
G_8_A_183_1_4_comp1,P_8_A_183_1_4_comp1,R_8_A_183_1_4,TCDB,TCDB.8_A_183_1_4_comp1
G_9_B_9_1_9_comp1,P_9_B_9_1_9_comp1,R_9_B_9_1_9,TCDB,TCDB.9_B_9_1_9_comp1
G_8_A_175_2_2_comp1,P_8_A_175_2_2_comp1,R_8_A_175_2_2,TCDB,TCDB.8_A_175_2_2_comp1
G_9_B_456_1_3_comp1,P_9_B_456_1_3_comp1,R_9_B_456_1_3,TCDB,TCDB.9_B_456_1_3_comp1
G_8_A_191_1_4_comp1,P_8_A_191_1_4_comp1,R_8_A_191_1_4,TCDB,TCDB.8_A_191_1_4_comp1
G_8_A_206_1_2_comp1,P_8_A_206_1_2_comp1,R_8_A_206_1_2,TCDB,TCDB.8_A_206_1_2_comp1
G_8_A_191_1_7_comp1,P_8_A_191_1_7_comp1,R_8_A_191_1_7,TCDB,TCDB.8_A_191_1_7_comp1
G_2_A_40_8_5_comp1,P_2_A_40_8_5_comp1,R_2_A_40_8_5,TCDB,TCDB.2_A_40_8_5_comp1
G_8_A_182_1_3_comp1,P_8_A_182_1_3_comp1,R_8_A_182_1_3,TCDB,TCDB.8_A_182_1_3_comp1
G_8_A_199_1_3_comp1,P_8_A_199_1_3_comp1,R_8_A_199_1_3,TCDB,TCDB.8_A_199_1_3_comp1
G_9_B_442_1_2_comp1,P_9_B_442_1_2_comp1,R_9_B_442_1_2,TCDB,TCDB.9_B_442_1_2_comp1
G_8_A_221_1_7_comp1,P_8_A_221_1_7_comp1,R_8_A_221_1_7,TCDB,TCDB.8_A_221_1_7_comp1
G_8_A_211_1_2_comp1,P_8_A_211_1_2_comp1,R_8_A_211_1_2,TCDB,TCDB.8_A_211_1_2_comp1
G_1_C_123_3_2_comp1,P_1_C_123_3_2_comp1,R_1_C_123_3_2,TCDB,TCDB.1_C_123_3_2_comp1
G_8_A_227_1_6_comp1,P_8_A_227_1_6_comp1,R_8_A_227_1_6,TCDB,TCDB.8_A_227_1_6_comp1
G_8_A_205_1_3_comp1,P_8_A_205_1_3_comp1,R_8_A_205_1_3,TCDB,TCDB.8_A_205_1_3_comp1
G_8_A_208_1_7_comp1,P_8_A_208_1_7_comp1,R_8_A_208_1_7,TCDB,TCDB.8_A_208_1_7_comp1
G_9_B_87_5_2_comp1,P_9_B_87_5_2_comp1,R_9_B_87_5_2,TCDB,TCDB.9_B_87_5_2_comp1
G_8_A_188_1_3_comp1,P_8_A_188_1_3_comp1,R_8_A_188_1_3,TCDB,TCDB.8_A_188_1_3_comp1
G_8_A_221_1_6_comp1,P_8_A_221_1_6_comp1,R_8_A_221_1_6,TCDB,TCDB.8_A_221_1_6_comp1
G_1_A_131_1_8_comp1,P_1_A_131_1_8_comp1,R_1_A_131_1_8,TCDB,TCDB.1_A_131_1_8_comp1
G_2_A_32_1_6_comp1,P_2_A_32_1_6_comp1,R_2_A_32_1_6,TCDB,TCDB.2_A_32_1_6_comp1
G_9_B_395_3_1_comp1,P_9_B_395_3_1_comp1,R_9_B_395_3_1,TCDB,TCDB.9_B_395_3_1_comp1
G_8_A_216_1_6_comp1,P_8_A_216_1_6_comp1,R_8_A_216_1_6,TCDB,TCDB.8_A_216_1_6_comp1
G_2_A_86_4_2_comp1,P_2_A_86_4_2_comp1,R_2_A_86_4_2,TCDB,TCDB.2_A_86_4_2_comp1
G_9_B_449_1_3_comp1,P_9_B_449_1_3_comp1,R_9_B_449_1_3,TCDB,TCDB.9_B_449_1_3_comp1
G_8_A_202_1_3_comp1,P_8_A_202_1_3_comp1,R_8_A_202_1_3,TCDB,TCDB.8_A_202_1_3_comp1
G_8_A_226_1_5_comp1,P_8_A_226_1_5_comp1,R_8_A_226_1_5,TCDB,TCDB.8_A_226_1_5_comp1
G_3_A_1_29_2_comp1,P_3_A_1_29_2_comp1,R_3_A_1_29_2,TCDB,TCDB.3_A_1_29_2_comp1
G_9_B_457_1_3_comp1,P_9_B_457_1_3_comp1,R_9_B_457_1_3,TCDB,TCDB.9_B_457_1_3_comp1
G_1_A_67_1_10_comp1,P_1_A_67_1_10_comp1,R_1_A_67_1_10,TCDB,TCDB.1_A_67_1_10_comp1
G_8_A_227_1_8_comp1,P_8_A_227_1_8_comp1,R_8_A_227_1_8,TCDB,TCDB.8_A_227_1_8_comp1
G_8_A_115_5_2_comp1,P_8_A_115_5_2_comp1,R_8_A_115_5_2,TCDB,TCDB.8_A_115_5_2_comp1
G_8_A_214_1_2_comp1,P_8_A_214_1_2_comp1,R_8_A_214_1_2,TCDB,TCDB.8_A_214_1_2_comp1
G_8_A_115_5_1_comp1,P_8_A_115_5_1_comp1,R_8_A_115_5_1,TCDB,TCDB.8_A_115_5_1_comp1
G_8_A_221_1_2_comp1,P_8_A_221_1_2_comp1,R_8_A_221_1_2,TCDB,TCDB.8_A_221_1_2_comp1
G_8_A_115_1_2_comp1,P_8_A_115_1_2_comp1,R_8_A_115_1_2,TCDB,TCDB.8_A_115_1_2_comp1
G_8_A_216_1_5_comp1,P_8_A_216_1_5_comp1,R_8_A_216_1_5,TCDB,TCDB.8_A_216_1_5_comp1
G_9_B_247_2_2_comp1,P_9_B_247_2_2_comp1,R_9_B_247_2_2,TCDB,TCDB.9_B_247_2_2_comp1
G_9_B_447_1_5_comp1,P_9_B_447_1_5_comp1,R_9_B_447_1_5,TCDB,TCDB.9_B_447_1_5_comp1
G_9_B_452_1_3_comp1,P_9_B_452_1_3_comp1,R_9_B_452_1_3,TCDB,TCDB.9_B_452_1_3_comp1
G_8_A_47_1_7_comp1,P_8_A_47_1_7_comp1,R_8_A_47_1_7,TCDB,TCDB.8_A_47_1_7_comp1
G_8_A_214_1_4_comp1,P_8_A_214_1_4_comp1,R_8_A_214_1_4,TCDB,TCDB.8_A_214_1_4_comp1
G_8_A_227_1_5_comp1,P_8_A_227_1_5_comp1,R_8_A_227_1_5,TCDB,TCDB.8_A_227_1_5_comp1
G_8_A_221_1_4_comp1,P_8_A_221_1_4_comp1,R_8_A_221_1_4,TCDB,TCDB.8_A_221_1_4_comp1
G_8_A_231_1_2_comp1,P_8_A_231_1_2_comp1,R_8_A_231_1_2,TCDB,TCDB.8_A_231_1_2_comp1
G_1_A_138_1_2_comp1,P_1_A_138_1_2_comp1,R_1_A_138_1_2,TCDB,TCDB.1_A_138_1_2_comp1
G_9_B_247_2_7_comp1,P_9_B_247_2_7_comp1,R_9_B_247_2_7,TCDB,TCDB.9_B_247_2_7_comp1
G_1_A_138_2_1_comp1,P_1_A_138_2_1_comp1,R_1_A_138_2_1,TCDB,TCDB.1_A_138_2_1_comp1
G_8_A_88_2_4_comp1,P_8_A_88_2_4_comp1,R_8_A_88_2_4,TCDB,TCDB.8_A_88_2_4_comp1
G_9_B_436_1_2_comp1,P_9_B_436_1_2_comp1,R_9_B_436_1_2,TCDB,TCDB.9_B_436_1_2_comp1
G_1_B_81_2_1_comp1,P_1_B_81_2_1_comp1,R_1_B_81_2_1,TCDB,TCDB.1_B_81_2_1_comp1
G_1_A_90_2_3_comp1,P_1_A_90_2_3_comp1,R_1_A_90_2_3,TCDB,TCDB.1_A_90_2_3_comp1
G_8_A_119_1_2_comp1,P_8_A_119_1_2_comp1,R_8_A_119_1_2,TCDB,TCDB.8_A_119_1_2_comp1
G_2_A_98_3_4_comp1,P_2_A_98_3_4_comp1,R_2_A_98_3_4,TCDB,TCDB.2_A_98_3_4_comp1
G_8_A_165_1_3_comp1,P_8_A_165_1_3_comp1,R_8_A_165_1_3,TCDB,TCDB.8_A_165_1_3_comp1
G_9_B_215_1_6_comp1,P_9_B_215_1_6_comp1,R_9_B_215_1_6,TCDB,TCDB.9_B_215_1_6_comp1
G_9_B_63_1_4_comp1,P_9_B_63_1_4_comp1,R_9_B_63_1_4,TCDB,TCDB.9_B_63_1_4_comp1
G_2_A_121_2_13_comp1,P_2_A_121_2_13_comp1,R_2_A_121_2_13,TCDB,TCDB.2_A_121_2_13_comp1
G_1_W_2_1_8_comp1,P_1_W_2_1_8_comp1,R_1_W_2_1_8,TCDB,TCDB.1_W_2_1_8_comp1
G_9_B_28_5_3_comp1,P_9_B_28_5_3_comp1,R_9_B_28_5_3,TCDB,TCDB.9_B_28_5_3_comp1
G_1_E_6_2_7_comp1,P_1_E_6_2_7_comp1,R_1_E_6_2_7,TCDB,TCDB.1_E_6_2_7_comp1
G_2_C_1_1_11_comp1,P_2_C_1_1_11_comp1,R_2_C_1_1_11,TCDB,TCDB.2_C_1_1_11_comp1
G_9_B_87_5_3_comp1,P_9_B_87_5_3_comp1,R_9_B_87_5_3,TCDB,TCDB.9_B_87_5_3_comp1
G_1_C_59_5_5_comp1,P_1_C_59_5_5_comp1,R_1_C_59_5_5,TCDB,TCDB.1_C_59_5_5_comp1
G_8_A_119_1_6_comp1,P_8_A_119_1_6_comp1,R_8_A_119_1_6,TCDB,TCDB.8_A_119_1_6_comp1
G_1_A_75_1_15_comp1,P_1_A_75_1_15_comp1,R_1_A_75_1_15,TCDB,TCDB.1_A_75_1_15_comp1
G_5_B_2_3_5_comp1,P_5_B_2_3_5_comp1,R_5_B_2_3_5,TCDB,TCDB.5_B_2_3_5_comp1
G_8_A_118_1_6_comp1,P_8_A_118_1_6_comp1,R_8_A_118_1_6,TCDB,TCDB.8_A_118_1_6_comp1
G_1_E_13_2_1_comp1,P_1_E_13_2_1_comp1,R_1_E_13_2_1,TCDB,TCDB.1_E_13_2_1_comp1
G_9_A_14_23_5_comp1,P_9_A_14_23_5_comp1,R_9_A_14_23_5,TCDB,TCDB.9_A_14_23_5_comp1
G_8_A_128_2_1_comp1,P_8_A_128_2_1_comp1,R_8_A_128_2_1,TCDB,TCDB.8_A_128_2_1_comp1
G_2_A_133_2_3_comp1,P_2_A_133_2_3_comp1,R_2_A_133_2_3,TCDB,TCDB.2_A_133_2_3_comp1
G_1_C_7_2_2_comp1,P_1_C_7_2_2_comp1,R_1_C_7_2_2,TCDB,TCDB.1_C_7_2_2_comp1
G_9_B_298_1_7_comp1,P_9_B_298_1_7_comp1,R_9_B_298_1_7,TCDB,TCDB.9_B_298_1_7_comp1
G_9_A_14_24_4_comp1,P_9_A_14_24_4_comp1,R_9_A_14_24_4,TCDB,TCDB.9_A_14_24_4_comp1
G_1_A_25_3_6_comp1,P_1_A_25_3_6_comp1,R_1_A_25_3_6,TCDB,TCDB.1_A_25_3_6_comp1
G_1_A_51_1_6_comp1,P_1_A_51_1_6_comp1,R_1_A_51_1_6,TCDB,TCDB.1_A_51_1_6_comp1
G_8_A_112_4_1_comp1,P_8_A_112_4_1_comp1,R_8_A_112_4_1,TCDB,TCDB.8_A_112_4_1_comp1
G_9_B_361_1_2_comp1,P_9_B_361_1_2_comp1,R_9_B_361_1_2,TCDB,TCDB.9_B_361_1_2_comp1
G_8_A_112_2_5_comp1,P_8_A_112_2_5_comp1,R_8_A_112_2_5,TCDB,TCDB.8_A_112_2_5_comp1
G_1_C_104_2_1_comp1,P_1_C_104_2_1_comp1,R_1_C_104_2_1,TCDB,TCDB.1_C_104_2_1_comp1
G_1_W_5_1_6_comp1,P_1_W_5_1_6_comp1,R_1_W_5_1_6,TCDB,TCDB.1_W_5_1_6_comp1
G_9_B_228_1_6_comp1,P_9_B_228_1_6_comp1,R_9_B_228_1_6,TCDB,TCDB.9_B_228_1_6_comp1
G_2_A_121_2_11_comp1,P_2_A_121_2_11_comp1,R_2_A_121_2_11,TCDB,TCDB.2_A_121_2_11_comp1
G_9_B_361_1_1_comp1,P_9_B_361_1_1_comp1,R_9_B_361_1_1,TCDB,TCDB.9_B_361_1_1_comp1
G_1_A_7_2_12_comp1,P_1_A_7_2_12_comp1,R_1_A_7_2_12,TCDB,TCDB.1_A_7_2_12_comp1
G_8_A_189_2_1_comp1,P_8_A_189_2_1_comp1,R_8_A_189_2_1,TCDB,TCDB.8_A_189_2_1_comp1
G_4_D_2_4_4_comp1,P_4_D_2_4_4_comp1,R_4_D_2_4_4,TCDB,TCDB.4_D_2_4_4_comp1
G_9_B_241_2_2_comp1,P_9_B_241_2_2_comp1,R_9_B_241_2_2,TCDB,TCDB.9_B_241_2_2_comp1
G_9_A_76_1_6_comp1,P_9_A_76_1_6_comp1,R_9_A_76_1_6,TCDB,TCDB.9_A_76_1_6_comp1
G_8_A_110_1_3_comp1,P_8_A_110_1_3_comp1,R_8_A_110_1_3,TCDB,TCDB.8_A_110_1_3_comp1
G_1_B_89_2_2_comp1,P_1_B_89_2_2_comp1,R_1_B_89_2_2,TCDB,TCDB.1_B_89_2_2_comp1
G_1_A_50_6_2_comp1,P_1_A_50_6_2_comp1,R_1_A_50_6_2,TCDB,TCDB.1_A_50_6_2_comp1
G_1_A_113_5_3_comp1,P_1_A_113_5_3_comp1,R_1_A_113_5_3,TCDB,TCDB.1_A_113_5_3_comp1
G_1_A_30_6_6_comp1,P_1_A_30_6_6_comp1+1_A_30_6_6_comp2,R_1_A_30_6_6,TCDB,TCDB.1_A_30_6_6_comp1
G_1_A_30_6_6_comp2,P_1_A_30_6_6_comp1+1_A_30_6_6_comp2,R_1_A_30_6_6,TCDB,TCDB.1_A_30_6_6_comp2
G_2_A_88_9_3_comp1,P_2_A_88_9_3_comp1,R_2_A_88_9_3,TCDB,TCDB.2_A_88_9_3_comp1
G_9_B_291_1_1_comp1,P_9_B_291_1_1_comp1,R_9_B_291_1_1,TCDB,TCDB.9_B_291_1_1_comp1
G_9_B_290_1_1_comp1,P_9_B_290_1_1_comp1,R_9_B_290_1_1,TCDB,TCDB.9_B_290_1_1_comp1
G_9_B_292_1_1_comp1,P_9_B_292_1_1_comp1,R_9_B_292_1_1,TCDB,TCDB.9_B_292_1_1_comp1
G_9_B_36_1_6_comp1,P_9_B_36_1_6_comp1,R_9_B_36_1_6,TCDB,TCDB.9_B_36_1_6_comp1
G_9_B_293_1_1_comp1,P_9_B_293_1_1_comp1,R_9_B_293_1_1,TCDB,TCDB.9_B_293_1_1_comp1
G_9_B_294_1_1_comp1,P_9_B_294_1_1_comp1,R_9_B_294_1_1,TCDB,TCDB.9_B_294_1_1_comp1
G_9_B_288_1_1_comp1,P_9_B_288_1_1_comp1,R_9_B_288_1_1,TCDB,TCDB.9_B_288_1_1_comp1
G_2_A_1_88_1_comp1,P_2_A_1_88_1_comp1,R_2_A_1_88_1,TCDB,TCDB.2_A_1_88_1_comp1
G_2_A_76_1_13_comp1,P_2_A_76_1_13_comp1,R_2_A_76_1_13,TCDB,TCDB.2_A_76_1_13_comp1
G_9_B_334_1_1_comp1,P_9_B_334_1_1_comp1,R_9_B_334_1_1,TCDB,TCDB.9_B_334_1_1_comp1
G_9_B_295_1_2_comp1,P_9_B_295_1_2_comp1,R_9_B_295_1_2,TCDB,TCDB.9_B_295_1_2_comp1
G_9_B_295_1_3_comp1,P_9_B_295_1_3_comp1,R_9_B_295_1_3,TCDB,TCDB.9_B_295_1_3_comp1
G_9_B_131_1_8_comp1,P_9_B_131_1_8_comp1,R_9_B_131_1_8,TCDB,TCDB.9_B_131_1_8_comp1
G_3_A_1_122_22_comp1,P_3_A_1_122_22_comp1+3_A_1_122_22_comp2,R_3_A_1_122_22,TCDB,TCDB.3_A_1_122_22_comp1
G_3_A_1_122_22_comp2,P_3_A_1_122_22_comp1+3_A_1_122_22_comp2,R_3_A_1_122_22,TCDB,TCDB.3_A_1_122_22_comp2
G_3_A_1_5_45_comp1,P_3_A_1_5_45_comp1+3_A_1_5_45_comp2+3_A_1_5_45_comp3+3_A_1_5_45_comp4+3_A_1_5_45_comp5,R_3_A_1_5_45,TCDB,TCDB.3_A_1_5_45_comp1
G_3_A_1_5_45_comp2,P_3_A_1_5_45_comp1+3_A_1_5_45_comp2+3_A_1_5_45_comp3+3_A_1_5_45_comp4+3_A_1_5_45_comp5,R_3_A_1_5_45,TCDB,TCDB.3_A_1_5_45_comp2
G_3_A_1_5_45_comp3,P_3_A_1_5_45_comp1+3_A_1_5_45_comp2+3_A_1_5_45_comp3+3_A_1_5_45_comp4+3_A_1_5_45_comp5,R_3_A_1_5_45,TCDB,TCDB.3_A_1_5_45_comp3
G_3_A_1_5_45_comp4,P_3_A_1_5_45_comp1+3_A_1_5_45_comp2+3_A_1_5_45_comp3+3_A_1_5_45_comp4+3_A_1_5_45_comp5,R_3_A_1_5_45,TCDB,TCDB.3_A_1_5_45_comp4
G_3_A_1_5_45_comp5,P_3_A_1_5_45_comp1+3_A_1_5_45_comp2+3_A_1_5_45_comp3+3_A_1_5_45_comp4+3_A_1_5_45_comp5,R_3_A_1_5_45,TCDB,TCDB.3_A_1_5_45_comp5
G_2_A_2_1_3_comp1,P_2_A_2_1_3_comp1,R_2_A_2_1_3,TCDB,TCDB.2_A_2_1_3_comp1
G_9_B_2_11_3_comp1,P_9_B_2_11_3_comp1,R_9_B_2_11_3,TCDB,TCDB.9_B_2_11_3_comp1
G_9_B_296_1_1_comp1,P_9_B_296_1_1_comp1,R_9_B_296_1_1,TCDB,TCDB.9_B_296_1_1_comp1
G_9_B_340_1_1_comp1,P_9_B_340_1_1_comp1,R_9_B_340_1_1,TCDB,TCDB.9_B_340_1_1_comp1
G_9_B_1_1_8_comp1,P_9_B_1_1_8_comp1,R_9_B_1_1_8,TCDB,TCDB.9_B_1_1_8_comp1
G_2_A_7_43_3_comp1,P_2_A_7_43_3_comp1,R_2_A_7_43_3,TCDB,TCDB.2_A_7_43_3_comp1
G_2_A_1_88_2_comp1,P_2_A_1_88_2_comp1,R_2_A_1_88_2,TCDB,TCDB.2_A_1_88_2_comp1
G_9_B_298_1_1_comp1,P_9_B_298_1_1_comp1,R_9_B_298_1_1,TCDB,TCDB.9_B_298_1_1_comp1
G_9_B_336_1_1_comp1,P_9_B_336_1_1_comp1,R_9_B_336_1_1,TCDB,TCDB.9_B_336_1_1_comp1
G_9_B_339_1_1_comp1,P_9_B_339_1_1_comp1,R_9_B_339_1_1,TCDB,TCDB.9_B_339_1_1_comp1
G_9_B_299_1_1_comp1,P_9_B_299_1_1_comp1,R_9_B_299_1_1,TCDB,TCDB.9_B_299_1_1_comp1
G_9_B_300_1_1_comp1,P_9_B_300_1_1_comp1,R_9_B_300_1_1,TCDB,TCDB.9_B_300_1_1_comp1
G_9_B_301_1_1_comp1,P_9_B_301_1_1_comp1,R_9_B_301_1_1,TCDB,TCDB.9_B_301_1_1_comp1
G_2_A_89_1_10_comp1,P_2_A_89_1_10_comp1,R_2_A_89_1_10,TCDB,TCDB.2_A_89_1_10_comp1
G_9_B_104_1_9_comp1,P_9_B_104_1_9_comp1,R_9_B_104_1_9,TCDB,TCDB.9_B_104_1_9_comp1
G_9_B_346_3_1_comp1,P_9_B_346_3_1_comp1,R_9_B_346_3_1,TCDB,TCDB.9_B_346_3_1_comp1
G_9_B_302_1_2_comp1,P_9_B_302_1_2_comp1,R_9_B_302_1_2,TCDB,TCDB.9_B_302_1_2_comp1
G_9_B_303_1_1_comp1,P_9_B_303_1_1_comp1,R_9_B_303_1_1,TCDB,TCDB.9_B_303_1_1_comp1
G_9_B_346_2_1_comp1,P_9_B_346_2_1_comp1,R_9_B_346_2_1,TCDB,TCDB.9_B_346_2_1_comp1
G_3_A_1_135_12_comp1,P_3_A_1_135_12_comp1+3_A_1_135_12_comp2,R_3_A_1_135_12,TCDB,TCDB.3_A_1_135_12_comp1
G_3_A_1_135_12_comp2,P_3_A_1_135_12_comp1+3_A_1_135_12_comp2,R_3_A_1_135_12,TCDB,TCDB.3_A_1_135_12_comp2
G_9_B_336_1_2_comp1,P_9_B_336_1_2_comp1,R_9_B_336_1_2,TCDB,TCDB.9_B_336_1_2_comp1
G_9_B_304_1_1_comp1,P_9_B_304_1_1_comp1,R_9_B_304_1_1,TCDB,TCDB.9_B_304_1_1_comp1
G_9_B_304_1_5_comp1,P_9_B_304_1_5_comp1,R_9_B_304_1_5,TCDB,TCDB.9_B_304_1_5_comp1
G_9_B_345_1_1_comp1,P_9_B_345_1_1_comp1,R_9_B_345_1_1,TCDB,TCDB.9_B_345_1_1_comp1
G_2_A_5_4_19_comp1,P_2_A_5_4_19_comp1,R_2_A_5_4_19,TCDB,TCDB.2_A_5_4_19_comp1
G_9_B_289_1_1_comp1,P_9_B_289_1_1_comp1,R_9_B_289_1_1,TCDB,TCDB.9_B_289_1_1_comp1
G_9_B_285_2_3_comp1,P_9_B_285_2_3_comp1,R_9_B_285_2_3,TCDB,TCDB.9_B_285_2_3_comp1
G_9_B_332_1_1_comp1,P_9_B_332_1_1_comp1,R_9_B_332_1_1,TCDB,TCDB.9_B_332_1_1_comp1
G_3_A_1_32_5_comp1,P_3_A_1_32_5_comp1,R_3_A_1_32_5,TCDB,TCDB.3_A_1_32_5_comp1
G_9_B_334_1_2_comp1,P_9_B_334_1_2_comp1,R_9_B_334_1_2,TCDB,TCDB.9_B_334_1_2_comp1
G_9_B_339_1_4_comp1,P_9_B_339_1_4_comp1,R_9_B_339_1_4,TCDB,TCDB.9_B_339_1_4_comp1
G_9_B_2_1_25_comp1,P_9_B_2_1_25_comp1,R_9_B_2_1_25,TCDB,TCDB.9_B_2_1_25_comp1
G_9_B_142_3_18_comp1,P_9_B_142_3_18_comp1,R_9_B_142_3_18,TCDB,TCDB.9_B_142_3_18_comp1
G_2_A_128_2_7_comp1,P_2_A_128_2_7_comp1,R_2_A_128_2_7,TCDB,TCDB.2_A_128_2_7_comp1
G_9_B_169_3_4_comp1,P_9_B_169_3_4_comp1,R_9_B_169_3_4,TCDB,TCDB.9_B_169_3_4_comp1
G_9_B_169_3_5_comp1,P_9_B_169_3_5_comp1,R_9_B_169_3_5,TCDB,TCDB.9_B_169_3_5_comp1
G_2_A_129_2_1_comp1,P_2_A_129_2_1_comp1,R_2_A_129_2_1,TCDB,TCDB.2_A_129_2_1_comp1
G_9_B_142_9_18_comp1,P_9_B_142_9_18_comp1,R_9_B_142_9_18,TCDB,TCDB.9_B_142_9_18_comp1
G_3_A_1_156_2_comp1,P_3_A_1_156_2_comp1+3_A_1_156_2_comp2,R_3_A_1_156_2,TCDB,TCDB.3_A_1_156_2_comp1
G_3_A_1_156_2_comp2,P_3_A_1_156_2_comp1+3_A_1_156_2_comp2,R_3_A_1_156_2,TCDB,TCDB.3_A_1_156_2_comp2
G_9_B_297_2_2_comp1,P_9_B_297_2_2_comp1,R_9_B_297_2_2,TCDB,TCDB.9_B_297_2_2_comp1
G_9_B_342_1_1_comp1,P_9_B_342_1_1_comp1,R_9_B_342_1_1,TCDB,TCDB.9_B_342_1_1_comp1
G_9_B_241_2_7_comp1,P_9_B_241_2_7_comp1,R_9_B_241_2_7,TCDB,TCDB.9_B_241_2_7_comp1
G_2_A_121_4_8_comp1,P_2_A_121_4_8_comp1,R_2_A_121_4_8,TCDB,TCDB.2_A_121_4_8_comp1
G_9_B_214_3_1_comp1,P_9_B_214_3_1_comp1,R_9_B_214_3_1,TCDB,TCDB.9_B_214_3_1_comp1
G_2_A_122_3_1_comp1,P_2_A_122_3_1_comp1,R_2_A_122_3_1,TCDB,TCDB.2_A_122_3_1_comp1
G_9_B_242_1_2_comp1,P_9_B_242_1_2_comp1,R_9_B_242_1_2,TCDB,TCDB.9_B_242_1_2_comp1
G_9_B_142_4_14_comp1,P_9_B_142_4_14_comp1,R_9_B_142_4_14,TCDB,TCDB.9_B_142_4_14_comp1
G_2_A_104_3_2_comp1,P_2_A_104_3_2_comp1,R_2_A_104_3_2,TCDB,TCDB.2_A_104_3_2_comp1
G_9_B_255_1_5_comp1,P_9_B_255_1_5_comp1,R_9_B_255_1_5,TCDB,TCDB.9_B_255_1_5_comp1
G_9_B_20_4_6_comp1,P_9_B_20_4_6_comp1,R_9_B_20_4_6,TCDB,TCDB.9_B_20_4_6_comp1
G_9_B_426_1_3_comp1,P_9_B_426_1_3_comp1,R_9_B_426_1_3,TCDB,TCDB.9_B_426_1_3_comp1
G_9_B_251_1_7_comp1,P_9_B_251_1_7_comp1,R_9_B_251_1_7,TCDB,TCDB.9_B_251_1_7_comp1
G_9_B_144_3_2_comp1,P_9_B_144_3_2_comp1,R_9_B_144_3_2,TCDB,TCDB.9_B_144_3_2_comp1
G_9_B_252_3_3_comp1,P_9_B_252_3_3_comp1,R_9_B_252_3_3,TCDB,TCDB.9_B_252_3_3_comp1
G_9_B_252_3_5_comp1,P_9_B_252_3_5_comp1,R_9_B_252_3_5,TCDB,TCDB.9_B_252_3_5_comp1
G_9_B_242_1_7_comp1,P_9_B_242_1_7_comp1,R_9_B_242_1_7,TCDB,TCDB.9_B_242_1_7_comp1
G_9_A_22_5_5_comp1,P_9_A_22_5_5_comp1,R_9_A_22_5_5,TCDB,TCDB.9_A_22_5_5_comp1
G_9_B_426_1_4_comp1,P_9_B_426_1_4_comp1,R_9_B_426_1_4,TCDB,TCDB.9_B_426_1_4_comp1
G_9_B_239_1_4_comp1,P_9_B_239_1_4_comp1,R_9_B_239_1_4,TCDB,TCDB.9_B_239_1_4_comp1
G_9_B_252_3_4_comp1,P_9_B_252_3_4_comp1,R_9_B_252_3_4,TCDB,TCDB.9_B_252_3_4_comp1
G_9_B_252_1_2_comp1,P_9_B_252_1_2_comp1,R_9_B_252_1_2,TCDB,TCDB.9_B_252_1_2_comp1
G_9_B_142_9_8_comp1,P_9_B_142_9_8_comp1,R_9_B_142_9_8,TCDB,TCDB.9_B_142_9_8_comp1
G_9_B_427_1_2_comp1,P_9_B_427_1_2_comp1,R_9_B_427_1_2,TCDB,TCDB.9_B_427_1_2_comp1
G_2_A_104_3_1_comp1,P_2_A_104_3_1_comp1,R_2_A_104_3_1,TCDB,TCDB.2_A_104_3_1_comp1
G_9_B_236_1_2_comp1,P_9_B_236_1_2_comp1,R_9_B_236_1_2,TCDB,TCDB.9_B_236_1_2_comp1
G_5_B_1_2_9_comp1,P_5_B_1_2_9_comp1,R_5_B_1_2_9,TCDB,TCDB.5_B_1_2_9_comp1
G_9_B_396_1_3_comp1,P_9_B_396_1_3_comp1,R_9_B_396_1_3,TCDB,TCDB.9_B_396_1_3_comp1
G_9_B_252_2_1_comp1,P_9_B_252_2_1_comp1,R_9_B_252_2_1,TCDB,TCDB.9_B_252_2_1_comp1
G_9_B_142_5_3_comp1,P_9_B_142_5_3_comp1,R_9_B_142_5_3,TCDB,TCDB.9_B_142_5_3_comp1
G_9_B_242_1_9_comp1,P_9_B_242_1_9_comp1,R_9_B_242_1_9,TCDB,TCDB.9_B_242_1_9_comp1
G_1_A_23_8_2_comp1,P_1_A_23_8_2_comp1,R_1_A_23_8_2,TCDB,TCDB.1_A_23_8_2_comp1
G_9_B_142_11_9_comp1,P_9_B_142_11_9_comp1,R_9_B_142_11_9,TCDB,TCDB.9_B_142_11_9_comp1
G_9_B_240_1_1_comp1,P_9_B_240_1_1_comp1,R_9_B_240_1_1,TCDB,TCDB.9_B_240_1_1_comp1
G_9_B_239_1_1_comp1,P_9_B_239_1_1_comp1,R_9_B_239_1_1,TCDB,TCDB.9_B_239_1_1_comp1
G_9_B_256_1_1_comp1,P_9_B_256_1_1_comp1,R_9_B_256_1_1,TCDB,TCDB.9_B_256_1_1_comp1
G_9_B_254_1_1_comp1,P_9_B_254_1_1_comp1,R_9_B_254_1_1,TCDB,TCDB.9_B_254_1_1_comp1
G_9_B_28_7_4_comp1,P_9_B_28_7_4_comp1,R_9_B_28_7_4,TCDB,TCDB.9_B_28_7_4_comp1
G_9_B_255_1_1_comp1,P_9_B_255_1_1_comp1,R_9_B_255_1_1,TCDB,TCDB.9_B_255_1_1_comp1
G_2_A_66_2_32_comp1,P_2_A_66_2_32_comp1,R_2_A_66_2_32,TCDB,TCDB.2_A_66_2_32_comp1
G_2_A_7_3_86_comp1,P_2_A_7_3_86_comp1,R_2_A_7_3_86,TCDB,TCDB.2_A_7_3_86_comp1
G_2_A_7_3_85_comp1,P_2_A_7_3_85_comp1,R_2_A_7_3_85,TCDB,TCDB.2_A_7_3_85_comp1
G_9_B_252_1_6_comp1,P_9_B_252_1_6_comp1,R_9_B_252_1_6,TCDB,TCDB.9_B_252_1_6_comp1
G_9_B_255_1_3_comp1,P_9_B_255_1_3_comp1,R_9_B_255_1_3,TCDB,TCDB.9_B_255_1_3_comp1
G_1_A_131_1_9_comp1,P_1_A_131_1_9_comp1,R_1_A_131_1_9,TCDB,TCDB.1_A_131_1_9_comp1
G_2_A_1_25_6_comp1,P_2_A_1_25_6_comp1,R_2_A_1_25_6,TCDB,TCDB.2_A_1_25_6_comp1
G_1_W_6_3_1_comp1,P_1_W_6_3_1_comp1,R_1_W_6_3_1,TCDB,TCDB.1_W_6_3_1_comp1
G_8_A_63_1_2_comp1,P_8_A_63_1_2_comp1,R_8_A_63_1_2,TCDB,TCDB.8_A_63_1_2_comp1
G_2_A_7_36_1_comp1,P_2_A_7_36_1_comp1,R_2_A_7_36_1,TCDB,TCDB.2_A_7_36_1_comp1
G_2_A_7_3_87_comp1,P_2_A_7_3_87_comp1,R_2_A_7_3_87,TCDB,TCDB.2_A_7_3_87_comp1
G_2_A_1_8_18_comp1,P_2_A_1_8_18_comp1,R_2_A_1_8_18,TCDB,TCDB.2_A_1_8_18_comp1
G_8_A_20_1_2_comp1,P_8_A_20_1_2_comp1,R_8_A_20_1_2,TCDB,TCDB.8_A_20_1_2_comp1
G_8_A_191_1_2_comp1,P_8_A_191_1_2_comp1,R_8_A_191_1_2,TCDB,TCDB.8_A_191_1_2_comp1
G_9_B_103_1_3_comp1,P_9_B_103_1_3_comp1,R_9_B_103_1_3,TCDB,TCDB.9_B_103_1_3_comp1
G_9_B_314_1_6_comp1,P_9_B_314_1_6_comp1,R_9_B_314_1_6,TCDB,TCDB.9_B_314_1_6_comp1
G_9_B_367_1_2_comp1,P_9_B_367_1_2_comp1,R_9_B_367_1_2,TCDB,TCDB.9_B_367_1_2_comp1
G_9_B_105_3_1_comp1,P_9_B_105_3_1_comp1,R_9_B_105_3_1,TCDB,TCDB.9_B_105_3_1_comp1
G_1_A_140_1_6_comp1,P_1_A_140_1_6_comp1,R_1_A_140_1_6,TCDB,TCDB.1_A_140_1_6_comp1
G_8_A_70_1_5_comp1,P_8_A_70_1_5_comp1,R_8_A_70_1_5,TCDB,TCDB.8_A_70_1_5_comp1
G_8_A_128_3_3_comp1,P_8_A_128_3_3_comp1,R_8_A_128_3_3,TCDB,TCDB.8_A_128_3_3_comp1
G_1_A_17_2_5_comp1,P_1_A_17_2_5_comp1,R_1_A_17_2_5,TCDB,TCDB.1_A_17_2_5_comp1
G_1_A_121_1_10_comp1,P_1_A_121_1_10_comp1,R_1_A_121_1_10,TCDB,TCDB.1_A_121_1_10_comp1
G_1_B_164_1_5_comp1,P_1_B_164_1_5_comp1,R_1_B_164_1_5,TCDB,TCDB.1_B_164_1_5_comp1
G_9_B_325_1_7_comp1,P_9_B_325_1_7_comp1,R_9_B_325_1_7,TCDB,TCDB.9_B_325_1_7_comp1
G_9_B_293_1_3_comp1,P_9_B_293_1_3_comp1,R_9_B_293_1_3,TCDB,TCDB.9_B_293_1_3_comp1
G_9_B_36_4_2_comp1,P_9_B_36_4_2_comp1,R_9_B_36_4_2,TCDB,TCDB.9_B_36_4_2_comp1
G_9_B_332_1_2_comp1,P_9_B_332_1_2_comp1,R_9_B_332_1_2,TCDB,TCDB.9_B_332_1_2_comp1
G_9_B_36_4_1_comp1,P_9_B_36_4_1_comp1,R_9_B_36_4_1,TCDB,TCDB.9_B_36_4_1_comp1
G_1_A_7_2_14_comp1,P_1_A_7_2_14_comp1,R_1_A_7_2_14,TCDB,TCDB.1_A_7_2_14_comp1
G_2_A_54_1_13_comp1,P_2_A_54_1_13_comp1,R_2_A_54_1_13,TCDB,TCDB.2_A_54_1_13_comp1
G_3_E_3_1_9_comp1,P_3_E_3_1_9_comp1,R_3_E_3_1_9,TCDB,TCDB.3_E_3_1_9_comp1
G_1_A_126_1_12_comp1,P_1_A_126_1_12_comp1,R_1_A_126_1_12,TCDB,TCDB.1_A_126_1_12_comp1
G_1_E_6_2_8_comp1,P_1_E_6_2_8_comp1,R_1_E_6_2_8,TCDB,TCDB.1_E_6_2_8_comp1
G_9_B_257_1_6_comp1,P_9_B_257_1_6_comp1,R_9_B_257_1_6,TCDB,TCDB.9_B_257_1_6_comp1
G_9_B_142_20_8_comp1,P_9_B_142_20_8_comp1,R_9_B_142_20_8,TCDB,TCDB.9_B_142_20_8_comp1
G_2_A_7_44_3_comp1,P_2_A_7_44_3_comp1,R_2_A_7_44_3,TCDB,TCDB.2_A_7_44_3_comp1
G_1_A_133_1_8_comp1,P_1_A_133_1_8_comp1,R_1_A_133_1_8,TCDB,TCDB.1_A_133_1_8_comp1
G_9_B_432_2_1_comp1,P_9_B_432_2_1_comp1,R_9_B_432_2_1,TCDB,TCDB.9_B_432_2_1_comp1
G_9_B_252_3_6_comp1,P_9_B_252_3_6_comp1,R_9_B_252_3_6,TCDB,TCDB.9_B_252_3_6_comp1
G_9_B_8_8_2_comp1,P_9_B_8_8_2_comp1,R_9_B_8_8_2,TCDB,TCDB.9_B_8_8_2_comp1
G_9_B_131_1_7_comp1,P_9_B_131_1_7_comp1,R_9_B_131_1_7,TCDB,TCDB.9_B_131_1_7_comp1
G_1_B_35_2_4_comp1,P_1_B_35_2_4_comp1,R_1_B_35_2_4,TCDB,TCDB.1_B_35_2_4_comp1
G_2_A_128_1_15_comp1,P_2_A_128_1_15_comp1,R_2_A_128_1_15,TCDB,TCDB.2_A_128_1_15_comp1
G_8_A_154_1_2_comp1,P_8_A_154_1_2_comp1,R_8_A_154_1_2,TCDB,TCDB.8_A_154_1_2_comp1
G_9_B_411_1_5_comp1,P_9_B_411_1_5_comp1,R_9_B_411_1_5,TCDB,TCDB.9_B_411_1_5_comp1
G_1_H_1_1_18_comp1,P_1_H_1_1_18_comp1,R_1_H_1_1_18,TCDB,TCDB.1_H_1_1_18_comp1
G_8_A_162_1_7_comp1,P_8_A_162_1_7_comp1,R_8_A_162_1_7,TCDB,TCDB.8_A_162_1_7_comp1
G_1_A_50_1_2_comp1,P_1_A_50_1_2_comp1,R_1_A_50_1_2,TCDB,TCDB.1_A_50_1_2_comp1
G_1_E_11_3_3_comp1,P_1_E_11_3_3_comp1,R_1_E_11_3_3,TCDB,TCDB.1_E_11_3_3_comp1
G_9_A_7_1_4_comp1,P_9_A_7_1_4_comp1,R_9_A_7_1_4,TCDB,TCDB.9_A_7_1_4_comp1
G_1_W_3_1_8_comp1,P_1_W_3_1_8_comp1,R_1_W_3_1_8,TCDB,TCDB.1_W_3_1_8_comp1
G_9_A_43_1_13_comp1,P_9_A_43_1_13_comp1,R_9_A_43_1_13,TCDB,TCDB.9_A_43_1_13_comp1
G_8_A_194_1_5_comp1,P_8_A_194_1_5_comp1,R_8_A_194_1_5,TCDB,TCDB.8_A_194_1_5_comp1
G_8_A_132_1_10_comp1,P_8_A_132_1_10_comp1,R_8_A_132_1_10,TCDB,TCDB.8_A_132_1_10_comp1
G_3_A_3_6_28_comp1,P_3_A_3_6_28_comp1,R_3_A_3_6_28,TCDB,TCDB.3_A_3_6_28_comp1
G_2_A_134_1_16_comp1,P_2_A_134_1_16_comp1,R_2_A_134_1_16,TCDB,TCDB.2_A_134_1_16_comp1
G_2_A_7_3_79_comp1,P_2_A_7_3_79_comp1,R_2_A_7_3_79,TCDB,TCDB.2_A_7_3_79_comp1
G_3_A_1_130_3_comp1,P_3_A_1_130_3_comp1+3_A_1_130_3_comp2,R_3_A_1_130_3,TCDB,TCDB.3_A_1_130_3_comp1
G_3_A_1_130_3_comp2,P_3_A_1_130_3_comp1+3_A_1_130_3_comp2,R_3_A_1_130_3,TCDB,TCDB.3_A_1_130_3_comp2
G_2_A_123_1_20_comp1,P_2_A_123_1_20_comp1,R_2_A_123_1_20,TCDB,TCDB.2_A_123_1_20_comp1
G_1_A_75_1_20_comp1,P_1_A_75_1_20_comp1,R_1_A_75_1_20,TCDB,TCDB.1_A_75_1_20_comp1
G_8_A_40_3_2_comp1,P_8_A_40_3_2_comp1,R_8_A_40_3_2,TCDB,TCDB.8_A_40_3_2_comp1
G_1_A_48_1_6_comp1,P_1_A_48_1_6_comp1,R_1_A_48_1_6,TCDB,TCDB.1_A_48_1_6_comp1
G_8_A_51_1_3_comp1,P_8_A_51_1_3_comp1,R_8_A_51_1_3,TCDB,TCDB.8_A_51_1_3_comp1
G_8_A_121_1_4_comp1,P_8_A_121_1_4_comp1,R_8_A_121_1_4,TCDB,TCDB.8_A_121_1_4_comp1
G_9_B_456_1_4_comp1,P_9_B_456_1_4_comp1,R_9_B_456_1_4,TCDB,TCDB.9_B_456_1_4_comp1
G_1_E_65_1_2_comp1,P_1_E_65_1_2_comp1,R_1_E_65_1_2,TCDB,TCDB.1_E_65_1_2_comp1
G_9_B_257_2_2_comp1,P_9_B_257_2_2_comp1,R_9_B_257_2_2,TCDB,TCDB.9_B_257_2_2_comp1
G_1_C_2_1_10_comp1,P_1_C_2_1_10_comp1,R_1_C_2_1_10,TCDB,TCDB.1_C_2_1_10_comp1
G_9_B_129_1_3_comp1,P_9_B_129_1_3_comp1,R_9_B_129_1_3,TCDB,TCDB.9_B_129_1_3_comp1
G_8_A_128_1_9_comp1,P_8_A_128_1_9_comp1,R_8_A_128_1_9,TCDB,TCDB.8_A_128_1_9_comp1
G_1_B_22_4_5_comp1,P_1_B_22_4_5_comp1,R_1_B_22_4_5,TCDB,TCDB.1_B_22_4_5_comp1
G_1_D_24_2_1_comp1,P_1_D_24_2_1_comp1,R_1_D_24_2_1,TCDB,TCDB.1_D_24_2_1_comp1
G_9_B_241_1_3_comp1,P_9_B_241_1_3_comp1,R_9_B_241_1_3,TCDB,TCDB.9_B_241_1_3_comp1
G_9_B_236_1_3_comp1,P_9_B_236_1_3_comp1,R_9_B_236_1_3,TCDB,TCDB.9_B_236_1_3_comp1
G_2_A_128_1_18_comp1,P_2_A_128_1_18_comp1,R_2_A_128_1_18,TCDB,TCDB.2_A_128_1_18_comp1
G_9_B_306_1_6_comp1,P_9_B_306_1_6_comp1,R_9_B_306_1_6,TCDB,TCDB.9_B_306_1_6_comp1
G_9_B_285_2_2_comp1,P_9_B_285_2_2_comp1,R_9_B_285_2_2,TCDB,TCDB.9_B_285_2_2_comp1
G_4_C_3_1_5_comp1,P_4_C_3_1_5_comp1,R_4_C_3_1_5,TCDB,TCDB.4_C_3_1_5_comp1
G_9_B_347_1_1_comp1,P_9_B_347_1_1_comp1,R_9_B_347_1_1,TCDB,TCDB.9_B_347_1_1_comp1
G_3_A_1_128_8_comp1,P_3_A_1_128_8_comp1+3_A_1_128_8_comp2,R_3_A_1_128_8,TCDB,TCDB.3_A_1_128_8_comp1
G_3_A_1_128_8_comp2,P_3_A_1_128_8_comp1+3_A_1_128_8_comp2,R_3_A_1_128_8,TCDB,TCDB.3_A_1_128_8_comp2
G_9_B_294_1_2_comp1,P_9_B_294_1_2_comp1,R_9_B_294_1_2,TCDB,TCDB.9_B_294_1_2_comp1
G_9_B_289_1_2_comp1,P_9_B_289_1_2_comp1,R_9_B_289_1_2,TCDB,TCDB.9_B_289_1_2_comp1
G_9_B_298_1_9_comp1,P_9_B_298_1_9_comp1,R_9_B_298_1_9,TCDB,TCDB.9_B_298_1_9_comp1
G_1_C_123_1_10_comp1,P_1_C_123_1_10_comp1,R_1_C_123_1_10,TCDB,TCDB.1_C_123_1_10_comp1
G_1_A_8_9_23_comp1,P_1_A_8_9_23_comp1,R_1_A_8_9_23,TCDB,TCDB.1_A_8_9_23_comp1
G_8_A_197_1_3_comp1,P_8_A_197_1_3_comp1,R_8_A_197_1_3,TCDB,TCDB.8_A_197_1_3_comp1
G_1_C_112_1_6_comp1,P_1_C_112_1_6_comp1,R_1_C_112_1_6,TCDB,TCDB.1_C_112_1_6_comp1
G_2_A_1_1_154_comp1,P_2_A_1_1_154_comp1,R_2_A_1_1_154,TCDB,TCDB.2_A_1_1_154_comp1
G_1_A_6_1_12_comp1,P_1_A_6_1_12_comp1,R_1_A_6_1_12,TCDB,TCDB.1_A_6_1_12_comp1
G_1_A_11_2_15_comp1,P_1_A_11_2_15_comp1,R_1_A_11_2_15,TCDB,TCDB.1_A_11_2_15_comp1
G_9_B_238_1_3_comp1,P_9_B_238_1_3_comp1,R_9_B_238_1_3,TCDB,TCDB.9_B_238_1_3_comp1
G_9_B_425_1_2_comp1,P_9_B_425_1_2_comp1,R_9_B_425_1_2,TCDB,TCDB.9_B_425_1_2_comp1
G_1_W_2_1_7_comp1,P_1_W_2_1_7_comp1,R_1_W_2_1_7,TCDB,TCDB.1_W_2_1_7_comp1
G_9_B_311_1_29_comp1,P_9_B_311_1_29_comp1,R_9_B_311_1_29,TCDB,TCDB.9_B_311_1_29_comp1
G_1_E_11_3_4_comp1,P_1_E_11_3_4_comp1,R_1_E_11_3_4,TCDB,TCDB.1_E_11_3_4_comp1
G_2_A_96_2_3_comp1,P_2_A_96_2_3_comp1,R_2_A_96_2_3,TCDB,TCDB.2_A_96_2_3_comp1
G_9_B_313_1_8_comp1,P_9_B_313_1_8_comp1,R_9_B_313_1_8,TCDB,TCDB.9_B_313_1_8_comp1
G_1_A_121_1_5_comp1,P_1_A_121_1_5_comp1,R_1_A_121_1_5,TCDB,TCDB.1_A_121_1_5_comp1
G_2_A_20_2_14_comp1,P_2_A_20_2_14_comp1,R_2_A_20_2_14,TCDB,TCDB.2_A_20_2_14_comp1
G_9_B_28_2_10_comp1,P_9_B_28_2_10_comp1,R_9_B_28_2_10,TCDB,TCDB.9_B_28_2_10_comp1
G_9_B_306_3_1_comp1,P_9_B_306_3_1_comp1,R_9_B_306_3_1,TCDB,TCDB.9_B_306_3_1_comp1
G_3_E_3_1_7_comp1,P_3_E_3_1_7_comp1,R_3_E_3_1_7,TCDB,TCDB.3_E_3_1_7_comp1
G_9_B_306_2_4_comp1,P_9_B_306_2_4_comp1,R_9_B_306_2_4,TCDB,TCDB.9_B_306_2_4_comp1
G_1_A_6_4_4_comp1,P_1_A_6_4_4_comp1,R_1_A_6_4_4,TCDB,TCDB.1_A_6_4_4_comp1
G_9_B_247_1_3_comp1,P_9_B_247_1_3_comp1,R_9_B_247_1_3,TCDB,TCDB.9_B_247_1_3_comp1
G_1_A_113_1_3_comp1,P_1_A_113_1_3_comp1,R_1_A_113_1_3,TCDB,TCDB.1_A_113_1_3_comp1
G_8_A_43_1_19_comp1,P_8_A_43_1_19_comp1,R_8_A_43_1_19,TCDB,TCDB.8_A_43_1_19_comp1
G_9_A_34_1_9_comp1,P_9_A_34_1_9_comp1,R_9_A_34_1_9,TCDB,TCDB.9_A_34_1_9_comp1
G_8_A_70_1_4_comp1,P_8_A_70_1_4_comp1,R_8_A_70_1_4,TCDB,TCDB.8_A_70_1_4_comp1
G_8_A_107_3_2_comp1,P_8_A_107_3_2_comp1,R_8_A_107_3_2,TCDB,TCDB.8_A_107_3_2_comp1
G_2_A_121_2_12_comp1,P_2_A_121_2_12_comp1,R_2_A_121_2_12,TCDB,TCDB.2_A_121_2_12_comp1
G_4_H_1_1_8_comp1,P_4_H_1_1_8_comp1,R_4_H_1_1_8,TCDB,TCDB.4_H_1_1_8_comp1
G_3_A_1_31_3_comp1,P_3_A_1_31_3_comp1,R_3_A_1_31_3,TCDB,TCDB.3_A_1_31_3_comp1
G_1_W_7_4_1_comp1,P_1_W_7_4_1_comp1,R_1_W_7_4_1,TCDB,TCDB.1_W_7_4_1_comp1
G_9_B_418_1_3_comp1,P_9_B_418_1_3_comp1,R_9_B_418_1_3,TCDB,TCDB.9_B_418_1_3_comp1
G_2_A_1_2_81_comp1,P_2_A_1_2_81_comp1,R_2_A_1_2_81,TCDB,TCDB.2_A_1_2_81_comp1
G_2_A_1_37_5_comp1,P_2_A_1_37_5_comp1,R_2_A_1_37_5,TCDB,TCDB.2_A_1_37_5_comp1
G_2_A_66_12_4_comp1,P_2_A_66_12_4_comp1,R_2_A_66_12_4,TCDB,TCDB.2_A_66_12_4_comp1
G_2_A_126_1_17_comp1,P_2_A_126_1_17_comp1,R_2_A_126_1_17,TCDB,TCDB.2_A_126_1_17_comp1
G_1_C_62_1_3_comp1,P_1_C_62_1_3_comp1,R_1_C_62_1_3,TCDB,TCDB.1_C_62_1_3_comp1
G_1_C_62_1_4_comp1,P_1_C_62_1_4_comp1,R_1_C_62_1_4,TCDB,TCDB.1_C_62_1_4_comp1
G_1_C_62_1_2_comp1,P_1_C_62_1_2_comp1,R_1_C_62_1_2,TCDB,TCDB.1_C_62_1_2_comp1
G_1_B_5_1_7_comp1,P_1_B_5_1_7_comp1,R_1_B_5_1_7,TCDB,TCDB.1_B_5_1_7_comp1
G_2_A_114_1_8_comp1,P_2_A_114_1_8_comp1,R_2_A_114_1_8,TCDB,TCDB.2_A_114_1_8_comp1
G_9_B_169_4_4_comp1,P_9_B_169_4_4_comp1,R_9_B_169_4_4,TCDB,TCDB.9_B_169_4_4_comp1
G_1_E_55_1_4_comp1,P_1_E_55_1_4_comp1,R_1_E_55_1_4,TCDB,TCDB.1_E_55_1_4_comp1
G_1_B_6_6_5_comp1,P_1_B_6_6_5_comp1,R_1_B_6_6_5,TCDB,TCDB.1_B_6_6_5_comp1
G_1_B_73_1_5_comp1,P_1_B_73_1_5_comp1,R_1_B_73_1_5,TCDB,TCDB.1_B_73_1_5_comp1
G_2_A_56_1_17_comp1,P_2_A_56_1_17_comp1+2_A_56_1_17_comp2,R_2_A_56_1_17,TCDB,TCDB.2_A_56_1_17_comp1
G_2_A_56_1_17_comp2,P_2_A_56_1_17_comp1+2_A_56_1_17_comp2,R_2_A_56_1_17,TCDB,TCDB.2_A_56_1_17_comp2
G_1_B_3_2_2_comp1,P_1_B_3_2_2_comp1,R_1_B_3_2_2,TCDB,TCDB.1_B_3_2_2_comp1
G_1_B_66_4_1_comp1,P_1_B_66_4_1_comp1,R_1_B_66_4_1,TCDB,TCDB.1_B_66_4_1_comp1
G_1_B_6_4_1_comp1,P_1_B_6_4_1_comp1,R_1_B_6_4_1,TCDB,TCDB.1_B_6_4_1_comp1
G_1_B_93_1_5_comp1,P_1_B_93_1_5_comp1,R_1_B_93_1_5,TCDB,TCDB.1_B_93_1_5_comp1
G_2_A_66_12_5_comp1,P_2_A_66_12_5_comp1,R_2_A_66_12_5,TCDB,TCDB.2_A_66_12_5_comp1
G_1_A_54_4_2_comp1,P_1_A_54_4_2_comp1,R_1_A_54_4_2,TCDB,TCDB.1_A_54_4_2_comp1
G_2_A_73_1_2_comp1,P_2_A_73_1_2_comp1,R_2_A_73_1_2,TCDB,TCDB.2_A_73_1_2_comp1
G_4_A_6_4_2_comp1,P_4_A_6_4_2_comp1,R_4_A_6_4_2,TCDB,TCDB.4_A_6_4_2_comp1
G_1_B_42_1_12_comp1,P_1_B_42_1_12_comp1,R_1_B_42_1_12,TCDB,TCDB.1_B_42_1_12_comp1
G_1_B_48_1_6_comp1,P_1_B_48_1_6_comp1,R_1_B_48_1_6,TCDB,TCDB.1_B_48_1_6_comp1
G_2_A_7_31_3_comp1,P_2_A_7_31_3_comp1,R_2_A_7_31_3,TCDB,TCDB.2_A_7_31_3_comp1
G_1_B_35_1_6_comp1,P_1_B_35_1_6_comp1,R_1_B_35_1_6,TCDB,TCDB.1_B_35_1_6_comp1
G_1_A_96_1_3_comp1,P_1_A_96_1_3_comp1,R_1_A_96_1_3,TCDB,TCDB.1_A_96_1_3_comp1
G_9_B_226_1_3_comp1,P_9_B_226_1_3_comp1,R_9_B_226_1_3,TCDB,TCDB.9_B_226_1_3_comp1
G_4_A_6_2_1_comp1,P_4_A_6_2_1_comp1+4_A_6_2_1_comp2+4_A_6_2_1_comp3+4_A_6_2_1_comp4,R_4_A_6_2_1,TCDB,TCDB.4_A_6_2_1_comp1
G_4_A_6_2_1_comp2,P_4_A_6_2_1_comp1+4_A_6_2_1_comp2+4_A_6_2_1_comp3+4_A_6_2_1_comp4,R_4_A_6_2_1,TCDB,TCDB.4_A_6_2_1_comp2
G_4_A_6_2_1_comp3,P_4_A_6_2_1_comp1+4_A_6_2_1_comp2+4_A_6_2_1_comp3+4_A_6_2_1_comp4,R_4_A_6_2_1,TCDB,TCDB.4_A_6_2_1_comp3
G_4_A_6_2_1_comp4,P_4_A_6_2_1_comp1+4_A_6_2_1_comp2+4_A_6_2_1_comp3+4_A_6_2_1_comp4,R_4_A_6_2_1,TCDB,TCDB.4_A_6_2_1_comp4
G_1_B_1_7_2_comp1,P_1_B_1_7_2_comp1,R_1_B_1_7_2,TCDB,TCDB.1_B_1_7_2_comp1
G_2_A_118_1_6_comp1,P_2_A_118_1_6_comp1,R_2_A_118_1_6,TCDB,TCDB.2_A_118_1_6_comp1
G_3_A_1_27_6_comp1,P_3_A_1_27_6_comp1+3_A_1_27_6_comp2+3_A_1_27_6_comp3+3_A_1_27_6_comp4+3_A_1_27_6_comp5+3_A_1_27_6_comp6,R_3_A_1_27_6,TCDB,TCDB.3_A_1_27_6_comp1
G_3_A_1_27_6_comp2,P_3_A_1_27_6_comp1+3_A_1_27_6_comp2+3_A_1_27_6_comp3+3_A_1_27_6_comp4+3_A_1_27_6_comp5+3_A_1_27_6_comp6,R_3_A_1_27_6,TCDB,TCDB.3_A_1_27_6_comp2
G_3_A_1_27_6_comp3,P_3_A_1_27_6_comp1+3_A_1_27_6_comp2+3_A_1_27_6_comp3+3_A_1_27_6_comp4+3_A_1_27_6_comp5+3_A_1_27_6_comp6,R_3_A_1_27_6,TCDB,TCDB.3_A_1_27_6_comp3
G_3_A_1_27_6_comp4,P_3_A_1_27_6_comp1+3_A_1_27_6_comp2+3_A_1_27_6_comp3+3_A_1_27_6_comp4+3_A_1_27_6_comp5+3_A_1_27_6_comp6,R_3_A_1_27_6,TCDB,TCDB.3_A_1_27_6_comp4
G_3_A_1_27_6_comp5,P_3_A_1_27_6_comp1+3_A_1_27_6_comp2+3_A_1_27_6_comp3+3_A_1_27_6_comp4+3_A_1_27_6_comp5+3_A_1_27_6_comp6,R_3_A_1_27_6,TCDB,TCDB.3_A_1_27_6_comp5
G_3_A_1_27_6_comp6,P_3_A_1_27_6_comp1+3_A_1_27_6_comp2+3_A_1_27_6_comp3+3_A_1_27_6_comp4+3_A_1_27_6_comp5+3_A_1_27_6_comp6,R_3_A_1_27_6,TCDB,TCDB.3_A_1_27_6_comp6
G_1_B_94_1_2_comp1,P_1_B_94_1_2_comp1+1_B_94_1_2_comp2,R_1_B_94_1_2,TCDB,TCDB.1_B_94_1_2_comp1
G_1_B_94_1_2_comp2,P_1_B_94_1_2_comp1+1_B_94_1_2_comp2,R_1_B_94_1_2,TCDB,TCDB.1_B_94_1_2_comp2
G_2_A_12_2_1_comp1,P_2_A_12_2_1_comp1,R_2_A_12_2_1,TCDB,TCDB.2_A_12_2_1_comp1
G_9_B_159_1_1_comp1,P_9_B_159_1_1_comp1,R_9_B_159_1_1,TCDB,TCDB.9_B_159_1_1_comp1
G_1_B_22_2_3_comp1,P_1_B_22_2_3_comp1,R_1_B_22_2_3,TCDB,TCDB.1_B_22_2_3_comp1
G_9_B_232_1_3_comp1,P_9_B_232_1_3_comp1,R_9_B_232_1_3,TCDB,TCDB.9_B_232_1_3_comp1
G_3_E_1_8_2_comp1,P_3_E_1_8_2_comp1,R_3_E_1_8_2,TCDB,TCDB.3_E_1_8_2_comp1
G_9_A_24_4_6_comp1,P_9_A_24_4_6_comp1,R_9_A_24_4_6,TCDB,TCDB.9_A_24_4_6_comp1
G_9_B_2_1_11_comp1,P_9_B_2_1_11_comp1,R_9_B_2_1_11,TCDB,TCDB.9_B_2_1_11_comp1
G_8_A_112_1_7_comp1,P_8_A_112_1_7_comp1,R_8_A_112_1_7,TCDB,TCDB.8_A_112_1_7_comp1
G_2_A_7_6_4_comp1,P_2_A_7_6_4_comp1,R_2_A_7_6_4,TCDB,TCDB.2_A_7_6_4_comp1
G_3_E_1_8_1_comp1,P_3_E_1_8_1_comp1,R_3_E_1_8_1,TCDB,TCDB.3_E_1_8_1_comp1
G_8_A_73_1_5_comp1,P_8_A_73_1_5_comp1,R_8_A_73_1_5,TCDB,TCDB.8_A_73_1_5_comp1
G_9_B_199_1_8_comp1,P_9_B_199_1_8_comp1,R_9_B_199_1_8,TCDB,TCDB.9_B_199_1_8_comp1
G_1_A_17_6_6_comp1,P_1_A_17_6_6_comp1,R_1_A_17_6_6,TCDB,TCDB.1_A_17_6_6_comp1
G_1_A_7_2_2_comp1,P_1_A_7_2_2_comp1,R_1_A_7_2_2,TCDB,TCDB.1_A_7_2_2_comp1
G_3_E_1_8_3_comp1,P_3_E_1_8_3_comp1,R_3_E_1_8_3,TCDB,TCDB.3_E_1_8_3_comp1
G_2_A_7_34_9_comp1,P_2_A_7_34_9_comp1,R_2_A_7_34_9,TCDB,TCDB.2_A_7_34_9_comp1
G_1_A_17_2_3_comp1,P_1_A_17_2_3_comp1,R_1_A_17_2_3,TCDB,TCDB.1_A_17_2_3_comp1
G_2_A_113_2_2_comp1,P_2_A_113_2_2_comp1,R_2_A_113_2_2,TCDB,TCDB.2_A_113_2_2_comp1
G_1_B_79_1_2_comp1,P_1_B_79_1_2_comp1,R_1_B_79_1_2,TCDB,TCDB.1_B_79_1_2_comp1
G_3_A_3_10_4_comp1,P_3_A_3_10_4_comp1,R_3_A_3_10_4,TCDB,TCDB.3_A_3_10_4_comp1
G_9_B_148_3_1_comp1,P_9_B_148_3_1_comp1,R_9_B_148_3_1,TCDB,TCDB.9_B_148_3_1_comp1
G_9_B_2_1_5_comp1,P_9_B_2_1_5_comp1,R_9_B_2_1_5,TCDB,TCDB.9_B_2_1_5_comp1
G_9_B_144_1_4_comp1,P_9_B_144_1_4_comp1,R_9_B_144_1_4,TCDB,TCDB.9_B_144_1_4_comp1
G_2_A_6_1_18_comp1,P_2_A_6_1_18_comp1,R_2_A_6_1_18,TCDB,TCDB.2_A_6_1_18_comp1
G_1_C_104_1_2_comp1,P_1_C_104_1_2_comp1,R_1_C_104_1_2,TCDB,TCDB.1_C_104_1_2_comp1
G_1_E_53_1_4_comp1,P_1_E_53_1_4_comp1,R_1_E_53_1_4,TCDB,TCDB.1_E_53_1_4_comp1
G_2_A_109_2_3_comp1,P_2_A_109_2_3_comp1,R_2_A_109_2_3,TCDB,TCDB.2_A_109_2_3_comp1
G_1_A_28_1_7_comp1,P_1_A_28_1_7_comp1,R_1_A_28_1_7,TCDB,TCDB.1_A_28_1_7_comp1
G_9_A_10_2_1_comp1,P_9_A_10_2_1_comp1,R_9_A_10_2_1,TCDB,TCDB.9_A_10_2_1_comp1
G_8_A_61_1_11_comp1,P_8_A_61_1_11_comp1,R_8_A_61_1_11,TCDB,TCDB.8_A_61_1_11_comp1
G_2_A_102_3_2_comp1,P_2_A_102_3_2_comp1,R_2_A_102_3_2,TCDB,TCDB.2_A_102_3_2_comp1
G_1_E_57_1_5_comp1,P_1_E_57_1_5_comp1,R_1_E_57_1_5,TCDB,TCDB.1_E_57_1_5_comp1
G_1_E_57_2_3_comp1,P_1_E_57_2_3_comp1,R_1_E_57_2_3,TCDB,TCDB.1_E_57_2_3_comp1
G_8_A_84_1_3_comp1,P_8_A_84_1_3_comp1,R_8_A_84_1_3,TCDB,TCDB.8_A_84_1_3_comp1
G_1_B_89_1_22_comp1,P_1_B_89_1_22_comp1,R_1_B_89_1_22,TCDB,TCDB.1_B_89_1_22_comp1
G_4_D_3_1_14_comp1,P_4_D_3_1_14_comp1,R_4_D_3_1_14,TCDB,TCDB.4_D_3_1_14_comp1
G_2_A_1_13_25_comp1,P_2_A_1_13_25_comp1,R_2_A_1_13_25,TCDB,TCDB.2_A_1_13_25_comp1
G_1_M_1_4_15_comp1,P_1_M_1_4_15_comp1,R_1_M_1_4_15,TCDB,TCDB.1_M_1_4_15_comp1
G_1_B_48_3_3_comp1,P_1_B_48_3_3_comp1,R_1_B_48_3_3,TCDB,TCDB.1_B_48_3_3_comp1
G_9_B_45_2_5_comp1,P_9_B_45_2_5_comp1,R_9_B_45_2_5,TCDB,TCDB.9_B_45_2_5_comp1
G_1_B_89_1_24_comp1,P_1_B_89_1_24_comp1,R_1_B_89_1_24,TCDB,TCDB.1_B_89_1_24_comp1
G_1_B_89_1_23_comp1,P_1_B_89_1_23_comp1,R_1_B_89_1_23,TCDB,TCDB.1_B_89_1_23_comp1
G_3_E_1_6_6_comp1,P_3_E_1_6_6_comp1,R_3_E_1_6_6,TCDB,TCDB.3_E_1_6_6_comp1
G_9_B_155_2_11_comp1,P_9_B_155_2_11_comp1,R_9_B_155_2_11,TCDB,TCDB.9_B_155_2_11_comp1
G_1_B_81_1_11_comp1,P_1_B_81_1_11_comp1,R_1_B_81_1_11,TCDB,TCDB.1_B_81_1_11_comp1
G_1_B_44_2_3_comp1,P_1_B_44_2_3_comp1,R_1_B_44_2_3,TCDB,TCDB.1_B_44_2_3_comp1
G_1_B_81_1_1_comp1,P_1_B_81_1_1_comp1,R_1_B_81_1_1,TCDB,TCDB.1_B_81_1_1_comp1
G_9_B_172_1_1_comp1,P_9_B_172_1_1_comp1,R_9_B_172_1_1,TCDB,TCDB.9_B_172_1_1_comp1
G_2_A_133_1_10_comp1,P_2_A_133_1_10_comp1,R_2_A_133_1_10,TCDB,TCDB.2_A_133_1_10_comp1
G_1_B_42_1_8_comp1,P_1_B_42_1_8_comp1,R_1_B_42_1_8,TCDB,TCDB.1_B_42_1_8_comp1
G_1_A_86_1_2_comp1,P_1_A_86_1_2_comp1,R_1_A_86_1_2,TCDB,TCDB.1_A_86_1_2_comp1
G_2_A_66_1_53_comp1,P_2_A_66_1_53_comp1,R_2_A_66_1_53,TCDB,TCDB.2_A_66_1_53_comp1
G_2_A_8_1_10_comp1,P_2_A_8_1_10_comp1,R_2_A_8_1_10,TCDB,TCDB.2_A_8_1_10_comp1
G_8_B_32_1_4_comp1,P_8_B_32_1_4_comp1,R_8_B_32_1_4,TCDB,TCDB.8_B_32_1_4_comp1
G_2_A_66_12_6_comp1,P_2_A_66_12_6_comp1,R_2_A_66_12_6,TCDB,TCDB.2_A_66_12_6_comp1
G_2_A_7_5_5_comp1,P_2_A_7_5_5_comp1,R_2_A_7_5_5,TCDB,TCDB.2_A_7_5_5_comp1
G_9_B_67_7_2_comp1,P_9_B_67_7_2_comp1,R_9_B_67_7_2,TCDB,TCDB.9_B_67_7_2_comp1
G_2_A_1_2_95_comp1,P_2_A_1_2_95_comp1,R_2_A_1_2_95,TCDB,TCDB.2_A_1_2_95_comp1
G_1_B_8_6_3_comp1,P_1_B_8_6_3_comp1,R_1_B_8_6_3,TCDB,TCDB.1_B_8_6_3_comp1
G_2_A_57_5_7_comp1,P_2_A_57_5_7_comp1,R_2_A_57_5_7,TCDB,TCDB.2_A_57_5_7_comp1
G_1_B_8_2_4_comp1,P_1_B_8_2_4_comp1,R_1_B_8_2_4,TCDB,TCDB.1_B_8_2_4_comp1
G_2_A_126_1_2_comp1,P_2_A_126_1_2_comp1,R_2_A_126_1_2,TCDB,TCDB.2_A_126_1_2_comp1
G_2_A_110_1_6_comp1,P_2_A_110_1_6_comp1,R_2_A_110_1_6,TCDB,TCDB.2_A_110_1_6_comp1
G_1_A_17_5_4_comp1,P_1_A_17_5_4_comp1,R_1_A_17_5_4,TCDB,TCDB.1_A_17_5_4_comp1
G_1_A_1_11_34_comp1,P_1_A_1_11_34_comp1,R_1_A_1_11_34,TCDB,TCDB.1_A_1_11_34_comp1
G_1_B_69_1_3_comp1,P_1_B_69_1_3_comp1,R_1_B_69_1_3,TCDB,TCDB.1_B_69_1_3_comp1
G_1_B_77_1_3_comp1,P_1_B_77_1_3_comp1,R_1_B_77_1_3,TCDB,TCDB.1_B_77_1_3_comp1
G_9_B_135_2_4_comp1,P_9_B_135_2_4_comp1,R_9_B_135_2_4,TCDB,TCDB.9_B_135_2_4_comp1
G_9_B_178_1_7_comp1,P_9_B_178_1_7_comp1,R_9_B_178_1_7,TCDB,TCDB.9_B_178_1_7_comp1
G_1_A_43_1_16_comp1,P_1_A_43_1_16_comp1,R_1_A_43_1_16,TCDB,TCDB.1_A_43_1_16_comp1
G_9_A_24_1_5_comp1,P_9_A_24_1_5_comp1,R_9_A_24_1_5,TCDB,TCDB.9_A_24_1_5_comp1
G_9_A_49_1_8_comp1,P_9_A_49_1_8_comp1,R_9_A_49_1_8,TCDB,TCDB.9_A_49_1_8_comp1
G_8_A_93_1_4_comp1,P_8_A_93_1_4_comp1,R_8_A_93_1_4,TCDB,TCDB.8_A_93_1_4_comp1
G_1_A_62_4_3_comp1,P_1_A_62_4_3_comp1,R_1_A_62_4_3,TCDB,TCDB.1_A_62_4_3_comp1
G_2_D_1_1_7_comp1,P_2_D_1_1_7_comp1,R_2_D_1_1_7,TCDB,TCDB.2_D_1_1_7_comp1
G_8_A_124_1_2_comp1,P_8_A_124_1_2_comp1,R_8_A_124_1_2,TCDB,TCDB.8_A_124_1_2_comp1
G_8_A_96_1_8_comp1,P_8_A_96_1_8_comp1,R_8_A_96_1_8,TCDB,TCDB.8_A_96_1_8_comp1
G_9_B_67_6_7_comp1,P_9_B_67_6_7_comp1,R_9_B_67_6_7,TCDB,TCDB.9_B_67_6_7_comp1
G_1_C_87_1_3_comp1,P_1_C_87_1_3_comp1,R_1_C_87_1_3,TCDB,TCDB.1_C_87_1_3_comp1
G_1_B_6_9_4_comp1,P_1_B_6_9_4_comp1,R_1_B_6_9_4,TCDB,TCDB.1_B_6_9_4_comp1
G_2_A_6_3_8_comp1,P_2_A_6_3_8_comp1+2_A_6_3_8_comp2+2_A_6_3_8_comp3,R_2_A_6_3_8,TCDB,TCDB.2_A_6_3_8_comp1
G_2_A_6_3_8_comp2,P_2_A_6_3_8_comp1+2_A_6_3_8_comp2+2_A_6_3_8_comp3,R_2_A_6_3_8,TCDB,TCDB.2_A_6_3_8_comp2
G_2_A_6_3_8_comp3,P_2_A_6_3_8_comp1+2_A_6_3_8_comp2+2_A_6_3_8_comp3,R_2_A_6_3_8,TCDB,TCDB.2_A_6_3_8_comp3
G_2_A_107_3_1_comp1,P_2_A_107_3_1_comp1,R_2_A_107_3_1,TCDB,TCDB.2_A_107_3_1_comp1
G_1_B_56_3_1_comp1,P_1_B_56_3_1_comp1,R_1_B_56_3_1,TCDB,TCDB.1_B_56_3_1_comp1
G_8_A_16_2_10_comp1,P_8_A_16_2_10_comp1,R_8_A_16_2_10,TCDB,TCDB.8_A_16_2_10_comp1
G_9_B_2_9_1_comp1,P_9_B_2_9_1_comp1,R_9_B_2_9_1,TCDB,TCDB.9_B_2_9_1_comp1
G_9_B_54_1_4_comp1,P_9_B_54_1_4_comp1,R_9_B_54_1_4,TCDB,TCDB.9_B_54_1_4_comp1
G_9_B_2_1_7_comp1,P_9_B_2_1_7_comp1,R_9_B_2_1_7,TCDB,TCDB.9_B_2_1_7_comp1
G_2_A_7_2_7_comp1,P_2_A_7_2_7_comp1,R_2_A_7_2_7,TCDB,TCDB.2_A_7_2_7_comp1
G_2_A_1_55_2_comp1,P_2_A_1_55_2_comp1,R_2_A_1_55_2,TCDB,TCDB.2_A_1_55_2_comp1
G_1_A_26_3_1_comp1,P_1_A_26_3_1_comp1,R_1_A_26_3_1,TCDB,TCDB.1_A_26_3_1_comp1
G_9_B_185_1_1_comp1,P_9_B_185_1_1_comp1,R_9_B_185_1_1,TCDB,TCDB.9_B_185_1_1_comp1
G_1_A_1_29_4_comp1,P_1_A_1_29_4_comp1,R_1_A_1_29_4,TCDB,TCDB.1_A_1_29_4_comp1
G_9_B_54_1_2_comp1,P_9_B_54_1_2_comp1,R_9_B_54_1_2,TCDB,TCDB.9_B_54_1_2_comp1
G_9_A_44_1_2_comp1,P_9_A_44_1_2_comp1,R_9_A_44_1_2,TCDB,TCDB.9_A_44_1_2_comp1
G_9_B_154_1_8_comp1,P_9_B_154_1_8_comp1,R_9_B_154_1_8,TCDB,TCDB.9_B_154_1_8_comp1
G_2_A_7_2_5_comp1,P_2_A_7_2_5_comp1,R_2_A_7_2_5,TCDB,TCDB.2_A_7_2_5_comp1
G_2_A_1_55_3_comp1,P_2_A_1_55_3_comp1,R_2_A_1_55_3,TCDB,TCDB.2_A_1_55_3_comp1
G_2_A_1_46_9_comp1,P_2_A_1_46_9_comp1,R_2_A_1_46_9,TCDB,TCDB.2_A_1_46_9_comp1
G_9_B_28_1_6_comp1,P_9_B_28_1_6_comp1,R_9_B_28_1_6,TCDB,TCDB.9_B_28_1_6_comp1
G_1_A_106_2_4_comp1,P_1_A_106_2_4_comp1,R_1_A_106_2_4,TCDB,TCDB.1_A_106_2_4_comp1
G_1_A_43_1_15_comp1,P_1_A_43_1_15_comp1,R_1_A_43_1_15,TCDB,TCDB.1_A_43_1_15_comp1
G_2_A_1_55_1_comp1,P_2_A_1_55_1_comp1,R_2_A_1_55_1,TCDB,TCDB.2_A_1_55_1_comp1
G_9_B_234_1_1_comp1,P_9_B_234_1_1_comp1,R_9_B_234_1_1,TCDB,TCDB.9_B_234_1_1_comp1
G_2_A_1_55_4_comp1,P_2_A_1_55_4_comp1,R_2_A_1_55_4,TCDB,TCDB.2_A_1_55_4_comp1
G_5_A_1_6_3_comp1,P_5_A_1_6_3_comp1,R_5_A_1_6_3,TCDB,TCDB.5_A_1_6_3_comp1
G_2_A_7_2_8_comp1,P_2_A_7_2_8_comp1,R_2_A_7_2_8,TCDB,TCDB.2_A_7_2_8_comp1
G_1_E_43_2_4_comp1,P_1_E_43_2_4_comp1,R_1_E_43_2_4,TCDB,TCDB.1_E_43_2_4_comp1
G_9_B_217_1_6_comp1,P_9_B_217_1_6_comp1,R_9_B_217_1_6,TCDB,TCDB.9_B_217_1_6_comp1
G_9_B_210_1_9_comp1,P_9_B_210_1_9_comp1,R_9_B_210_1_9,TCDB,TCDB.9_B_210_1_9_comp1
G_9_B_323_1_1_comp1,P_9_B_323_1_1_comp1,R_9_B_323_1_1,TCDB,TCDB.9_B_323_1_1_comp1
G_9_B_28_1_7_comp1,P_9_B_28_1_7_comp1,R_9_B_28_1_7,TCDB,TCDB.9_B_28_1_7_comp1
G_9_B_169_1_8_comp1,P_9_B_169_1_8_comp1,R_9_B_169_1_8,TCDB,TCDB.9_B_169_1_8_comp1
G_2_A_106_4_1_comp1,P_2_A_106_4_1_comp1,R_2_A_106_4_1,TCDB,TCDB.2_A_106_4_1_comp1
G_9_B_98_1_7_comp1,P_9_B_98_1_7_comp1,R_9_B_98_1_7,TCDB,TCDB.9_B_98_1_7_comp1
G_1_A_1_29_5_comp1,P_1_A_1_29_5_comp1,R_1_A_1_29_5,TCDB,TCDB.1_A_1_29_5_comp1
G_9_B_330_1_1_comp1,P_9_B_330_1_1_comp1,R_9_B_330_1_1,TCDB,TCDB.9_B_330_1_1_comp1
G_1_C_39_4_4_comp1,P_1_C_39_4_4_comp1,R_1_C_39_4_4,TCDB,TCDB.1_C_39_4_4_comp1
G_1_B_58_1_6_comp1,P_1_B_58_1_6_comp1,R_1_B_58_1_6,TCDB,TCDB.1_B_58_1_6_comp1
G_2_A_31_3_5_comp1,P_2_A_31_3_5_comp1,R_2_A_31_3_5,TCDB,TCDB.2_A_31_3_5_comp1
G_8_A_76_2_1_comp1,P_8_A_76_2_1_comp1,R_8_A_76_2_1,TCDB,TCDB.8_A_76_2_1_comp1
G_9_B_56_1_7_comp1,P_9_B_56_1_7_comp1,R_9_B_56_1_7,TCDB,TCDB.9_B_56_1_7_comp1
G_9_B_88_1_3_comp1,P_9_B_88_1_3_comp1,R_9_B_88_1_3,TCDB,TCDB.9_B_88_1_3_comp1
G_1_A_10_3_1_comp1,P_1_A_10_3_1_comp1,R_1_A_10_3_1,TCDB,TCDB.1_A_10_3_1_comp1
G_1_E_54_2_6_comp1,P_1_E_54_2_6_comp1,R_1_E_54_2_6,TCDB,TCDB.1_E_54_2_6_comp1
G_1_A_1_12_4_comp1,P_1_A_1_12_4_comp1,R_1_A_1_12_4,TCDB,TCDB.1_A_1_12_4_comp1
G_1_M_1_3_19_comp1,P_1_M_1_3_19_comp1,R_1_M_1_3_19,TCDB,TCDB.1_M_1_3_19_comp1
G_2_A_3_1_17_comp1,P_2_A_3_1_17_comp1,R_2_A_3_1_17,TCDB,TCDB.2_A_3_1_17_comp1
G_1_G_19_1_1_comp1,P_1_G_19_1_1_comp1+1_G_19_1_1_comp2+1_G_19_1_1_comp3+1_G_19_1_1_comp4+1_G_19_1_1_comp5+1_G_19_1_1_comp6,R_1_G_19_1_1,TCDB,TCDB.1_G_19_1_1_comp1
G_1_G_19_1_1_comp2,P_1_G_19_1_1_comp1+1_G_19_1_1_comp2+1_G_19_1_1_comp3+1_G_19_1_1_comp4+1_G_19_1_1_comp5+1_G_19_1_1_comp6,R_1_G_19_1_1,TCDB,TCDB.1_G_19_1_1_comp2
G_1_G_19_1_1_comp3,P_1_G_19_1_1_comp1+1_G_19_1_1_comp2+1_G_19_1_1_comp3+1_G_19_1_1_comp4+1_G_19_1_1_comp5+1_G_19_1_1_comp6,R_1_G_19_1_1,TCDB,TCDB.1_G_19_1_1_comp3
G_1_G_19_1_1_comp4,P_1_G_19_1_1_comp1+1_G_19_1_1_comp2+1_G_19_1_1_comp3+1_G_19_1_1_comp4+1_G_19_1_1_comp5+1_G_19_1_1_comp6,R_1_G_19_1_1,TCDB,TCDB.1_G_19_1_1_comp4
G_1_G_19_1_1_comp5,P_1_G_19_1_1_comp1+1_G_19_1_1_comp2+1_G_19_1_1_comp3+1_G_19_1_1_comp4+1_G_19_1_1_comp5+1_G_19_1_1_comp6,R_1_G_19_1_1,TCDB,TCDB.1_G_19_1_1_comp5
G_1_G_19_1_1_comp6,P_1_G_19_1_1_comp1+1_G_19_1_1_comp2+1_G_19_1_1_comp3+1_G_19_1_1_comp4+1_G_19_1_1_comp5+1_G_19_1_1_comp6,R_1_G_19_1_1,TCDB,TCDB.1_G_19_1_1_comp6
G_1_C_85_2_3_comp1,P_1_C_85_2_3_comp1,R_1_C_85_2_3,TCDB,TCDB.1_C_85_2_3_comp1
G_8_A_26_1_5_comp1,P_8_A_26_1_5_comp1,R_8_A_26_1_5,TCDB,TCDB.8_A_26_1_5_comp1
G_1_B_66_3_1_comp1,P_1_B_66_3_1_comp1,R_1_B_66_3_1,TCDB,TCDB.1_B_66_3_1_comp1
G_1_B_59_1_7_comp1,P_1_B_59_1_7_comp1,R_1_B_59_1_7,TCDB,TCDB.1_B_59_1_7_comp1
G_9_B_148_1_7_comp1,P_9_B_148_1_7_comp1,R_9_B_148_1_7,TCDB,TCDB.9_B_148_1_7_comp1
G_1_B_71_1_6_comp1,P_1_B_71_1_6_comp1,R_1_B_71_1_6,TCDB,TCDB.1_B_71_1_6_comp1
G_9_B_155_1_5_comp1,P_9_B_155_1_5_comp1,R_9_B_155_1_5,TCDB,TCDB.9_B_155_1_5_comp1
G_2_A_1_6_13_comp1,P_2_A_1_6_13_comp1,R_2_A_1_6_13,TCDB,TCDB.2_A_1_6_13_comp1
G_9_B_72_1_10_comp1,P_9_B_72_1_10_comp1,R_9_B_72_1_10,TCDB,TCDB.9_B_72_1_10_comp1
G_2_A_27_2_2_comp1,P_2_A_27_2_2_comp1,R_2_A_27_2_2,TCDB,TCDB.2_A_27_2_2_comp1
G_1_B_16_1_5_comp1,P_1_B_16_1_5_comp1,R_1_B_16_1_5,TCDB,TCDB.1_B_16_1_5_comp1
G_1_A_103_1_2_comp1,P_1_A_103_1_2_comp1,R_1_A_103_1_2,TCDB,TCDB.1_A_103_1_2_comp1
G_1_C_4_2_2_comp1,P_1_C_4_2_2_comp1,R_1_C_4_2_2,TCDB,TCDB.1_C_4_2_2_comp1
G_2_A_21_2_5_comp1,P_2_A_21_2_5_comp1,R_2_A_21_2_5,TCDB,TCDB.2_A_21_2_5_comp1
G_1_E_57_3_1_comp1,P_1_E_57_3_1_comp1,R_1_E_57_3_1,TCDB,TCDB.1_E_57_3_1_comp1
G_2_A_49_2_9_comp1,P_2_A_49_2_9_comp1,R_2_A_49_2_9,TCDB,TCDB.2_A_49_2_9_comp1
G_1_A_18_1_2_comp1,P_1_A_18_1_2_comp1,R_1_A_18_1_2,TCDB,TCDB.1_A_18_1_2_comp1
G_2_A_7_3_51_comp1,P_2_A_7_3_51_comp1,R_2_A_7_3_51,TCDB,TCDB.2_A_7_3_51_comp1
G_2_A_1_53_4_comp1,P_2_A_1_53_4_comp1,R_2_A_1_53_4,TCDB,TCDB.2_A_1_53_4_comp1
G_9_A_54_3_3_comp1,P_9_A_54_3_3_comp1,R_9_A_54_3_3,TCDB,TCDB.9_A_54_3_3_comp1
G_3_A_1_201_21_comp1,P_3_A_1_201_21_comp1,R_3_A_1_201_21,TCDB,TCDB.3_A_1_201_21_comp1
G_2_A_69_2_5_comp1,P_2_A_69_2_5_comp1,R_2_A_69_2_5,TCDB,TCDB.2_A_69_2_5_comp1
G_2_A_1_79_1_comp1,P_2_A_1_79_1_comp1,R_2_A_1_79_1,TCDB,TCDB.2_A_1_79_1_comp1
G_1_A_76_2_3_comp1,P_1_A_76_2_3_comp1,R_1_A_76_2_3,TCDB,TCDB.1_A_76_2_3_comp1
G_9_B_103_1_2_comp1,P_9_B_103_1_2_comp1,R_9_B_103_1_2,TCDB,TCDB.9_B_103_1_2_comp1
G_1_B_42_2_1_comp1,P_1_B_42_2_1_comp1,R_1_B_42_2_1,TCDB,TCDB.1_B_42_2_1_comp1
G_9_B_163_3_3_comp1,P_9_B_163_3_3_comp1,R_9_B_163_3_3,TCDB,TCDB.9_B_163_3_3_comp1
G_1_C_39_9_5_comp1,P_1_C_39_9_5_comp1,R_1_C_39_9_5,TCDB,TCDB.1_C_39_9_5_comp1
G_8_A_67_1_4_comp1,P_8_A_67_1_4_comp1,R_8_A_67_1_4,TCDB,TCDB.8_A_67_1_4_comp1
G_8_B_21_2_2_comp1,P_8_B_21_2_2_comp1,R_8_B_21_2_2,TCDB,TCDB.8_B_21_2_2_comp1
G_1_A_1_28_4_comp1,P_1_A_1_28_4_comp1,R_1_A_1_28_4,TCDB,TCDB.1_A_1_28_4_comp1
G_2_A_86_1_10_comp1,P_2_A_86_1_10_comp1,R_2_A_86_1_10,TCDB,TCDB.2_A_86_1_10_comp1
G_2_A_1_2_80_comp1,P_2_A_1_2_80_comp1,R_2_A_1_2_80,TCDB,TCDB.2_A_1_2_80_comp1
G_1_B_33_3_6_comp1,P_1_B_33_3_6_comp1,R_1_B_33_3_6,TCDB,TCDB.1_B_33_3_6_comp1
G_5_B_2_2_4_comp1,P_5_B_2_2_4_comp1,R_5_B_2_2_4,TCDB,TCDB.5_B_2_2_4_comp1
G_9_B_102_5_3_comp1,P_9_B_102_5_3_comp1,R_9_B_102_5_3,TCDB,TCDB.9_B_102_5_3_comp1
G_2_A_85_11_2_comp1,P_2_A_85_11_2_comp1,R_2_A_85_11_2,TCDB,TCDB.2_A_85_11_2_comp1
G_9_B_26_1_3_comp1,P_9_B_26_1_3_comp1,R_9_B_26_1_3,TCDB,TCDB.9_B_26_1_3_comp1
G_1_A_62_4_1_comp1,P_1_A_62_4_1_comp1,R_1_A_62_4_1,TCDB,TCDB.1_A_62_4_1_comp1
G_2_A_85_11_3_comp1,P_2_A_85_11_3_comp1,R_2_A_85_11_3,TCDB,TCDB.2_A_85_11_3_comp1
G_1_C_113_1_5_comp1,P_1_C_113_1_5_comp1,R_1_C_113_1_5,TCDB,TCDB.1_C_113_1_5_comp1
G_9_B_66_2_3_comp1,P_9_B_66_2_3_comp1,R_9_B_66_2_3,TCDB,TCDB.9_B_66_2_3_comp1
G_9_A_4_2_3_comp1,P_9_A_4_2_3_comp1,R_9_A_4_2_3,TCDB,TCDB.9_A_4_2_3_comp1
G_9_A_4_2_2_comp1,P_9_A_4_2_2_comp1,R_9_A_4_2_2,TCDB,TCDB.9_A_4_2_2_comp1
G_9_B_146_1_5_comp1,P_9_B_146_1_5_comp1,R_9_B_146_1_5,TCDB,TCDB.9_B_146_1_5_comp1
G_9_B_115_1_1_comp1,P_9_B_115_1_1_comp1,R_9_B_115_1_1,TCDB,TCDB.9_B_115_1_1_comp1
G_2_A_102_4_9_comp1,P_2_A_102_4_9_comp1,R_2_A_102_4_9,TCDB,TCDB.2_A_102_4_9_comp1
G_9_B_2_1_15_comp1,P_9_B_2_1_15_comp1,R_9_B_2_1_15,TCDB,TCDB.9_B_2_1_15_comp1
G_1_B_30_5_1_comp1,P_1_B_30_5_1_comp1,R_1_B_30_5_1,TCDB,TCDB.1_B_30_5_1_comp1
G_2_A_123_1_16_comp1,P_2_A_123_1_16_comp1,R_2_A_123_1_16,TCDB,TCDB.2_A_123_1_16_comp1
G_2_A_39_3_9_comp1,P_2_A_39_3_9_comp1,R_2_A_39_3_9,TCDB,TCDB.2_A_39_3_9_comp1
G_2_A_1_80_1_comp1,P_2_A_1_80_1_comp1,R_2_A_1_80_1,TCDB,TCDB.2_A_1_80_1_comp1
G_1_B_8_1_11_comp1,P_1_B_8_1_11_comp1,R_1_B_8_1_11,TCDB,TCDB.1_B_8_1_11_comp1
G_2_A_1_13_20_comp1,P_2_A_1_13_20_comp1,R_2_A_1_13_20,TCDB,TCDB.2_A_1_13_20_comp1
G_1_B_8_1_10_comp1,P_1_B_8_1_10_comp1,R_1_B_8_1_10,TCDB,TCDB.1_B_8_1_10_comp1
G_2_A_126_1_7_comp1,P_2_A_126_1_7_comp1,R_2_A_126_1_7,TCDB,TCDB.2_A_126_1_7_comp1
G_9_B_228_1_3_comp1,P_9_B_228_1_3_comp1,R_9_B_228_1_3,TCDB,TCDB.9_B_228_1_3_comp1
G_1_A_77_3_24_comp1,P_1_A_77_3_24_comp1,R_1_A_77_3_24,TCDB,TCDB.1_A_77_3_24_comp1
G_9_B_216_1_5_comp1,P_9_B_216_1_5_comp1,R_9_B_216_1_5,TCDB,TCDB.9_B_216_1_5_comp1
G_1_A_111_1_6_comp1,P_1_A_111_1_6_comp1,R_1_A_111_1_6,TCDB,TCDB.1_A_111_1_6_comp1
G_8_A_40_1_14_comp1,P_8_A_40_1_14_comp1,R_8_A_40_1_14,TCDB,TCDB.8_A_40_1_14_comp1
G_9_B_2_2_1_comp1,P_9_B_2_2_1_comp1,R_9_B_2_2_1,TCDB,TCDB.9_B_2_2_1_comp1
G_2_A_49_8_2_comp1,P_2_A_49_8_2_comp1,R_2_A_49_8_2,TCDB,TCDB.2_A_49_8_2_comp1
G_9_B_231_1_2_comp1,P_9_B_231_1_2_comp1,R_9_B_231_1_2,TCDB,TCDB.9_B_231_1_2_comp1
G_9_B_102_5_4_comp1,P_9_B_102_5_4_comp1,R_9_B_102_5_4,TCDB,TCDB.9_B_102_5_4_comp1
G_5_B_1_1_11_comp1,P_5_B_1_1_11_comp1,R_5_B_1_1_11,TCDB,TCDB.5_B_1_1_11_comp1
G_2_A_85_11_1_comp1,P_2_A_85_11_1_comp1,R_2_A_85_11_1,TCDB,TCDB.2_A_85_11_1_comp1
G_2_A_7_3_50_comp1,P_2_A_7_3_50_comp1,R_2_A_7_3_50,TCDB,TCDB.2_A_7_3_50_comp1
G_1_A_77_4_1_comp1,P_1_A_77_4_1_comp1,R_1_A_77_4_1,TCDB,TCDB.1_A_77_4_1_comp1
G_9_A_24_1_12_comp1,P_9_A_24_1_12_comp1,R_9_A_24_1_12,TCDB,TCDB.9_A_24_1_12_comp1
G_9_B_2_1_13_comp1,P_9_B_2_1_13_comp1,R_9_B_2_1_13,TCDB,TCDB.9_B_2_1_13_comp1
G_1_A_46_2_10_comp1,P_1_A_46_2_10_comp1,R_1_A_46_2_10,TCDB,TCDB.1_A_46_2_10_comp1
G_9_B_66_2_2_comp1,P_9_B_66_2_2_comp1,R_9_B_66_2_2,TCDB,TCDB.9_B_66_2_2_comp1
G_1_B_163_1_8_comp1,P_1_B_163_1_8_comp1,R_1_B_163_1_8,TCDB,TCDB.1_B_163_1_8_comp1
G_9_B_62_3_4_comp1,P_9_B_62_3_4_comp1,R_9_B_62_3_4,TCDB,TCDB.9_B_62_3_4_comp1
G_8_A_35_1_4_comp1,P_8_A_35_1_4_comp1,R_8_A_35_1_4,TCDB,TCDB.8_A_35_1_4_comp1
G_9_B_27_1_3_comp1,P_9_B_27_1_3_comp1,R_9_B_27_1_3,TCDB,TCDB.9_B_27_1_3_comp1
G_1_C_12_1_12_comp1,P_1_C_12_1_12_comp1,R_1_C_12_1_12,TCDB,TCDB.1_C_12_1_12_comp1
G_1_A_101_2_4_comp1,P_1_A_101_2_4_comp1,R_1_A_101_2_4,TCDB,TCDB.1_A_101_2_4_comp1
G_8_B_24_5_4_comp1,P_8_B_24_5_4_comp1,R_8_B_24_5_4,TCDB,TCDB.8_B_24_5_4_comp1
G_9_B_210_1_1_comp1,P_9_B_210_1_1_comp1,R_9_B_210_1_1,TCDB,TCDB.9_B_210_1_1_comp1
G_1_A_88_1_3_comp1,P_1_A_88_1_3_comp1,R_1_A_88_1_3,TCDB,TCDB.1_A_88_1_3_comp1
G_2_A_6_6_12_comp1,P_2_A_6_6_12_comp1,R_2_A_6_6_12,TCDB,TCDB.2_A_6_6_12_comp1
G_9_B_56_1_4_comp1,P_9_B_56_1_4_comp1,R_9_B_56_1_4,TCDB,TCDB.9_B_56_1_4_comp1
G_9_A_61_3_1_comp1,P_9_A_61_3_1_comp1,R_9_A_61_3_1,TCDB,TCDB.9_A_61_3_1_comp1
G_1_A_67_1_4_comp1,P_1_A_67_1_4_comp1,R_1_A_67_1_4,TCDB,TCDB.1_A_67_1_4_comp1
G_1_G_9_2_6_comp1,P_1_G_9_2_6_comp1,R_1_G_9_2_6,TCDB,TCDB.1_G_9_2_6_comp1
G_1_E_56_1_10_comp1,P_1_E_56_1_10_comp1,R_1_E_56_1_10,TCDB,TCDB.1_E_56_1_10_comp1
G_1_B_67_1_2_comp1,P_1_B_67_1_2_comp1,R_1_B_67_1_2,TCDB,TCDB.1_B_67_1_2_comp1
G_1_M_1_4_33_comp1,P_1_M_1_4_33_comp1,R_1_M_1_4_33,TCDB,TCDB.1_M_1_4_33_comp1
G_2_A_64_1_4_comp1,P_2_A_64_1_4_comp1+2_A_64_1_4_comp2,R_2_A_64_1_4,TCDB,TCDB.2_A_64_1_4_comp1
G_2_A_64_1_4_comp2,P_2_A_64_1_4_comp1+2_A_64_1_4_comp2,R_2_A_64_1_4,TCDB,TCDB.2_A_64_1_4_comp2
G_9_B_8_2_5_comp1,P_9_B_8_2_5_comp1,R_9_B_8_2_5,TCDB,TCDB.9_B_8_2_5_comp1
G_1_B_92_1_5_comp1,P_1_B_92_1_5_comp1,R_1_B_92_1_5,TCDB,TCDB.1_B_92_1_5_comp1
G_9_B_28_1_10_comp1,P_9_B_28_1_10_comp1,R_9_B_28_1_10,TCDB,TCDB.9_B_28_1_10_comp1
G_1_B_35_3_2_comp1,P_1_B_35_3_2_comp1,R_1_B_35_3_2,TCDB,TCDB.1_B_35_3_2_comp1
G_1_B_85_1_2_comp1,P_1_B_85_1_2_comp1,R_1_B_85_1_2,TCDB,TCDB.1_B_85_1_2_comp1
G_1_B_17_1_6_comp1,P_1_B_17_1_6_comp1,R_1_B_17_1_6,TCDB,TCDB.1_B_17_1_6_comp1
G_2_A_1_7_20_comp1,P_2_A_1_7_20_comp1,R_2_A_1_7_20,TCDB,TCDB.2_A_1_7_20_comp1
G_1_A_23_1_4_comp1,P_1_A_23_1_4_comp1,R_1_A_23_1_4,TCDB,TCDB.1_A_23_1_4_comp1
G_1_B_48_1_11_comp1,P_1_B_48_1_11_comp1,R_1_B_48_1_11,TCDB,TCDB.1_B_48_1_11_comp1
G_2_A_7_3_65_comp1,P_2_A_7_3_65_comp1,R_2_A_7_3_65,TCDB,TCDB.2_A_7_3_65_comp1
G_5_A_1_6_5_comp1,P_5_A_1_6_5_comp1,R_5_A_1_6_5,TCDB,TCDB.5_A_1_6_5_comp1
G_3_A_1_208_36_comp1,P_3_A_1_208_36_comp1+3_A_1_208_36_comp2,R_3_A_1_208_36,TCDB,TCDB.3_A_1_208_36_comp1
G_3_A_1_208_36_comp2,P_3_A_1_208_36_comp1+3_A_1_208_36_comp2,R_3_A_1_208_36,TCDB,TCDB.3_A_1_208_36_comp2
G_2_A_7_3_82_comp1,P_2_A_7_3_82_comp1,R_2_A_7_3_82,TCDB,TCDB.2_A_7_3_82_comp1
G_8_A_21_2_4_comp1,P_8_A_21_2_4_comp1,R_8_A_21_2_4,TCDB,TCDB.8_A_21_2_4_comp1
G_3_A_1_20_4_comp1,P_3_A_1_20_4_comp1+3_A_1_20_4_comp2+3_A_1_20_4_comp3,R_3_A_1_20_4,TCDB,TCDB.3_A_1_20_4_comp1
G_3_A_1_20_4_comp2,P_3_A_1_20_4_comp1+3_A_1_20_4_comp2+3_A_1_20_4_comp3,R_3_A_1_20_4,TCDB,TCDB.3_A_1_20_4_comp2
G_3_A_1_20_4_comp3,P_3_A_1_20_4_comp1+3_A_1_20_4_comp2+3_A_1_20_4_comp3,R_3_A_1_20_4,TCDB,TCDB.3_A_1_20_4_comp3
G_2_A_7_3_64_comp1,P_2_A_7_3_64_comp1,R_2_A_7_3_64,TCDB,TCDB.2_A_7_3_64_comp1
G_9_B_105_3_3_comp1,P_9_B_105_3_3_comp1,R_9_B_105_3_3,TCDB,TCDB.9_B_105_3_3_comp1
G_8_A_85_2_1_comp1,P_8_A_85_2_1_comp1,R_8_A_85_2_1,TCDB,TCDB.8_A_85_2_1_comp1
G_8_A_1_2_2_comp1,P_8_A_1_2_2_comp1,R_8_A_1_2_2,TCDB,TCDB.8_A_1_2_2_comp1
G_2_A_7_3_62_comp1,P_2_A_7_3_62_comp1,R_2_A_7_3_62,TCDB,TCDB.2_A_7_3_62_comp1
G_9_B_105_5_1_comp1,P_9_B_105_5_1_comp1,R_9_B_105_5_1,TCDB,TCDB.9_B_105_5_1_comp1
G_9_B_104_3_4_comp1,P_9_B_104_3_4_comp1,R_9_B_104_3_4,TCDB,TCDB.9_B_104_3_4_comp1
G_2_A_121_1_4_comp1,P_2_A_121_1_4_comp1,R_2_A_121_1_4,TCDB,TCDB.2_A_121_1_4_comp1
G_1_B_72_2_4_comp1,P_1_B_72_2_4_comp1,R_1_B_72_2_4,TCDB,TCDB.1_B_72_2_4_comp1
G_1_B_14_1_28_comp1,P_1_B_14_1_28_comp1,R_1_B_14_1_28,TCDB,TCDB.1_B_14_1_28_comp1
G_8_B_5_3_8_comp1,P_8_B_5_3_8_comp1,R_8_B_5_3_8,TCDB,TCDB.8_B_5_3_8_comp1
G_9_A_24_4_1_comp1,P_9_A_24_4_1_comp1,R_9_A_24_4_1,TCDB,TCDB.9_A_24_4_1_comp1
G_8_A_104_1_5_comp1,P_8_A_104_1_5_comp1,R_8_A_104_1_5,TCDB,TCDB.8_A_104_1_5_comp1
G_8_A_82_2_3_comp1,P_8_A_82_2_3_comp1,R_8_A_82_2_3,TCDB,TCDB.8_A_82_2_3_comp1
G_1_M_1_4_25_comp1,P_1_M_1_4_25_comp1,R_1_M_1_4_25,TCDB,TCDB.1_M_1_4_25_comp1
G_2_A_1_30_3_comp1,P_2_A_1_30_3_comp1,R_2_A_1_30_3,TCDB,TCDB.2_A_1_30_3_comp1
G_9_B_155_1_6_comp1,P_9_B_155_1_6_comp1,R_9_B_155_1_6,TCDB,TCDB.9_B_155_1_6_comp1
G_9_B_159_2_1_comp1,P_9_B_159_2_1_comp1,R_9_B_159_2_1,TCDB,TCDB.9_B_159_2_1_comp1
G_2_A_71_2_4_comp1,P_2_A_71_2_4_comp1,R_2_A_71_2_4,TCDB,TCDB.2_A_71_2_4_comp1
G_1_B_14_10_5_comp1,P_1_B_14_10_5_comp1,R_1_B_14_10_5,TCDB,TCDB.1_B_14_10_5_comp1
G_2_A_6_7_10_comp1,P_2_A_6_7_10_comp1,R_2_A_6_7_10,TCDB,TCDB.2_A_6_7_10_comp1
G_1_B_9_1_6_comp1,P_1_B_9_1_6_comp1,R_1_B_9_1_6,TCDB,TCDB.1_B_9_1_6_comp1
G_3_A_3_6_26_comp1,P_3_A_3_6_26_comp1,R_3_A_3_6_26,TCDB,TCDB.3_A_3_6_26_comp1
G_1_C_119_1_6_comp1,P_1_C_119_1_6_comp1,R_1_C_119_1_6,TCDB,TCDB.1_C_119_1_6_comp1
G_9_B_72_1_7_comp1,P_9_B_72_1_7_comp1,R_9_B_72_1_7,TCDB,TCDB.9_B_72_1_7_comp1
G_2_A_86_3_1_comp1,P_2_A_86_3_1_comp1,R_2_A_86_3_1,TCDB,TCDB.2_A_86_3_1_comp1
G_8_A_51_1_4_comp1,P_8_A_51_1_4_comp1,R_8_A_51_1_4,TCDB,TCDB.8_A_51_1_4_comp1
G_1_B_75_1_2_comp1,P_1_B_75_1_2_comp1,R_1_B_75_1_2,TCDB,TCDB.1_B_75_1_2_comp1
G_1_B_70_1_9_comp1,P_1_B_70_1_9_comp1,R_1_B_70_1_9,TCDB,TCDB.1_B_70_1_9_comp1
G_1_B_18_3_6_comp1,P_1_B_18_3_6_comp1,R_1_B_18_3_6,TCDB,TCDB.1_B_18_3_6_comp1
G_2_A_7_6_2_comp1,P_2_A_7_6_2_comp1,R_2_A_7_6_2,TCDB,TCDB.2_A_7_6_2_comp1
G_9_B_56_1_9_comp1,P_9_B_56_1_9_comp1,R_9_B_56_1_9,TCDB,TCDB.9_B_56_1_9_comp1
G_9_B_23_3_2_comp1,P_9_B_23_3_2_comp1,R_9_B_23_3_2,TCDB,TCDB.9_B_23_3_2_comp1
G_9_A_61_1_3_comp1,P_9_A_61_1_3_comp1,R_9_A_61_1_3,TCDB,TCDB.9_A_61_1_3_comp1
G_1_C_72_4_2_comp1,P_1_C_72_4_2_comp1,R_1_C_72_4_2,TCDB,TCDB.1_C_72_4_2_comp1
G_5_A_1_6_2_comp1,P_5_A_1_6_2_comp1,R_5_A_1_6_2,TCDB,TCDB.5_A_1_6_2_comp1
G_1_B_66_1_4_comp1,P_1_B_66_1_4_comp1,R_1_B_66_1_4,TCDB,TCDB.1_B_66_1_4_comp1
G_2_A_58_2_2_comp1,P_2_A_58_2_2_comp1,R_2_A_58_2_2,TCDB,TCDB.2_A_58_2_2_comp1
G_9_B_232_1_7_comp1,P_9_B_232_1_7_comp1,R_9_B_232_1_7,TCDB,TCDB.9_B_232_1_7_comp1
G_9_B_130_2_4_comp1,P_9_B_130_2_4_comp1,R_9_B_130_2_4,TCDB,TCDB.9_B_130_2_4_comp1
G_2_A_74_1_6_comp1,P_2_A_74_1_6_comp1,R_2_A_74_1_6,TCDB,TCDB.2_A_74_1_6_comp1
G_1_C_111_1_9_comp1,P_1_C_111_1_9_comp1,R_1_C_111_1_9,TCDB,TCDB.1_C_111_1_9_comp1
G_2_A_1_74_4_comp1,P_2_A_1_74_4_comp1,R_2_A_1_74_4,TCDB,TCDB.2_A_1_74_4_comp1
G_2_A_7_3_69_comp1,P_2_A_7_3_69_comp1,R_2_A_7_3_69,TCDB,TCDB.2_A_7_3_69_comp1
G_4_A_2_1_19_comp1,P_4_A_2_1_19_comp1+4_A_2_1_19_comp2,R_4_A_2_1_19,TCDB,TCDB.4_A_2_1_19_comp1
G_4_A_2_1_19_comp2,P_4_A_2_1_19_comp1+4_A_2_1_19_comp2,R_4_A_2_1_19,TCDB,TCDB.4_A_2_1_19_comp2
G_9_B_191_1_7_comp1,P_9_B_191_1_7_comp1,R_9_B_191_1_7,TCDB,TCDB.9_B_191_1_7_comp1
G_9_B_178_1_4_comp1,P_9_B_178_1_4_comp1,R_9_B_178_1_4,TCDB,TCDB.9_B_178_1_4_comp1
G_2_A_69_4_8_comp1,P_2_A_69_4_8_comp1,R_2_A_69_4_8,TCDB,TCDB.2_A_69_4_8_comp1
G_8_A_73_2_1_comp1,P_8_A_73_2_1_comp1,R_8_A_73_2_1,TCDB,TCDB.8_A_73_2_1_comp1
G_1_A_101_3_3_comp1,P_1_A_101_3_3_comp1,R_1_A_101_3_3,TCDB,TCDB.1_A_101_3_3_comp1
G_8_A_169_1_2_comp1,P_8_A_169_1_2_comp1,R_8_A_169_1_2,TCDB,TCDB.8_A_169_1_2_comp1
G_1_B_81_1_12_comp1,P_1_B_81_1_12_comp1,R_1_B_81_1_12,TCDB,TCDB.1_B_81_1_12_comp1
G_9_B_102_5_8_comp1,P_9_B_102_5_8_comp1,R_9_B_102_5_8,TCDB,TCDB.9_B_102_5_8_comp1
G_1_B_6_1_19_comp1,P_1_B_6_1_19_comp1,R_1_B_6_1_19,TCDB,TCDB.1_B_6_1_19_comp1
G_9_A_43_1_8_comp1,P_9_A_43_1_8_comp1,R_9_A_43_1_8,TCDB,TCDB.9_A_43_1_8_comp1
G_2_A_89_2_2_comp1,P_2_A_89_2_2_comp1,R_2_A_89_2_2,TCDB,TCDB.2_A_89_2_2_comp1
G_1_E_1_1_7_comp1,P_1_E_1_1_7_comp1,R_1_E_1_1_7,TCDB,TCDB.1_E_1_1_7_comp1
G_1_E_18_1_10_comp1,P_1_E_18_1_10_comp1,R_1_E_18_1_10,TCDB,TCDB.1_E_18_1_10_comp1
G_2_A_1_14_43_comp1,P_2_A_1_14_43_comp1,R_2_A_1_14_43,TCDB,TCDB.2_A_1_14_43_comp1
G_1_A_17_4_9_comp1,P_1_A_17_4_9_comp1,R_1_A_17_4_9,TCDB,TCDB.1_A_17_4_9_comp1
G_1_C_50_1_3_comp1,P_1_C_50_1_3_comp1,R_1_C_50_1_3,TCDB,TCDB.1_C_50_1_3_comp1
G_2_A_4_2_7_comp1,P_2_A_4_2_7_comp1,R_2_A_4_2_7,TCDB,TCDB.2_A_4_2_7_comp1
G_8_B_34_1_2_comp1,P_8_B_34_1_2_comp1,R_8_B_34_1_2,TCDB,TCDB.8_B_34_1_2_comp1
G_1_B_4_2_11_comp1,P_1_B_4_2_11_comp1,R_1_B_4_2_11,TCDB,TCDB.1_B_4_2_11_comp1
G_9_B_2_7_1_comp1,P_9_B_2_7_1_comp1,R_9_B_2_7_1,TCDB,TCDB.9_B_2_7_1_comp1
G_9_B_8_6_2_comp1,P_9_B_8_6_2_comp1,R_9_B_8_6_2,TCDB,TCDB.9_B_8_6_2_comp1
G_2_A_1_80_4_comp1,P_2_A_1_80_4_comp1,R_2_A_1_80_4,TCDB,TCDB.2_A_1_80_4_comp1
G_9_B_223_1_2_comp1,P_9_B_223_1_2_comp1,R_9_B_223_1_2,TCDB,TCDB.9_B_223_1_2_comp1
G_1_C_111_1_3_comp1,P_1_C_111_1_3_comp1,R_1_C_111_1_3,TCDB,TCDB.1_C_111_1_3_comp1
G_1_A_10_1_16_comp1,P_1_A_10_1_16_comp1,R_1_A_10_1_16,TCDB,TCDB.1_A_10_1_16_comp1
G_1_A_19_1_4_comp1,P_1_A_19_1_4_comp1,R_1_A_19_1_4,TCDB,TCDB.1_A_19_1_4_comp1
G_9_B_418_1_4_comp1,P_9_B_418_1_4_comp1,R_9_B_418_1_4,TCDB,TCDB.9_B_418_1_4_comp1
G_9_B_450_1_3_comp1,P_9_B_450_1_3_comp1,R_9_B_450_1_3,TCDB,TCDB.9_B_450_1_3_comp1
G_1_W_5_1_8_comp1,P_1_W_5_1_8_comp1,R_1_W_5_1_8,TCDB,TCDB.1_W_5_1_8_comp1
G_1_W_7_8_1_comp1,P_1_W_7_8_1_comp1,R_1_W_7_8_1,TCDB,TCDB.1_W_7_8_1_comp1
G_1_W_7_8_2_comp1,P_1_W_7_8_2_comp1,R_1_W_7_8_2,TCDB,TCDB.1_W_7_8_2_comp1
G_1_W_2_1_19_comp1,P_1_W_2_1_19_comp1,R_1_W_2_1_19,TCDB,TCDB.1_W_2_1_19_comp1
G_8_A_213_1_5_comp1,P_8_A_213_1_5_comp1,R_8_A_213_1_5,TCDB,TCDB.8_A_213_1_5_comp1
G_1_C_23_1_4_comp1,P_1_C_23_1_4_comp1,R_1_C_23_1_4,TCDB,TCDB.1_C_23_1_4_comp1
G_9_B_221_1_11_comp1,P_9_B_221_1_11_comp1,R_9_B_221_1_11,TCDB,TCDB.9_B_221_1_11_comp1
G_1_E_5_4_6_comp1,P_1_E_5_4_6_comp1,R_1_E_5_4_6,TCDB,TCDB.1_E_5_4_6_comp1
G_2_A_32_1_13_comp1,P_2_A_32_1_13_comp1,R_2_A_32_1_13,TCDB,TCDB.2_A_32_1_13_comp1
G_9_B_34_1_7_comp1,P_9_B_34_1_7_comp1,R_9_B_34_1_7,TCDB,TCDB.9_B_34_1_7_comp1
G_9_B_396_1_2_comp1,P_9_B_396_1_2_comp1,R_9_B_396_1_2,TCDB,TCDB.9_B_396_1_2_comp1
G_1_E_66_1_6_comp1,P_1_E_66_1_6_comp1,R_1_E_66_1_6,TCDB,TCDB.1_E_66_1_6_comp1
G_2_A_127_1_18_comp1,P_2_A_127_1_18_comp1,R_2_A_127_1_18,TCDB,TCDB.2_A_127_1_18_comp1
G_9_B_446_1_5_comp1,P_9_B_446_1_5_comp1,R_9_B_446_1_5,TCDB,TCDB.9_B_446_1_5_comp1
G_8_A_192_1_4_comp1,P_8_A_192_1_4_comp1,R_8_A_192_1_4,TCDB,TCDB.8_A_192_1_4_comp1
G_1_A_147_1_5_comp1,P_1_A_147_1_5_comp1,R_1_A_147_1_5,TCDB,TCDB.1_A_147_1_5_comp1
G_2_A_117_2_2_comp1,P_2_A_117_2_2_comp1,R_2_A_117_2_2,TCDB,TCDB.2_A_117_2_2_comp1
G_1_C_64_1_14_comp1,P_1_C_64_1_14_comp1,R_1_C_64_1_14,TCDB,TCDB.1_C_64_1_14_comp1
G_8_A_85_9_5_comp1,P_8_A_85_9_5_comp1,R_8_A_85_9_5,TCDB,TCDB.8_A_85_9_5_comp1
G_2_A_31_2_17_comp1,P_2_A_31_2_17_comp1,R_2_A_31_2_17,TCDB,TCDB.2_A_31_2_17_comp1
G_8_A_153_2_1_comp1,P_8_A_153_2_1_comp1,R_8_A_153_2_1,TCDB,TCDB.8_A_153_2_1_comp1
G_9_B_424_1_2_comp1,P_9_B_424_1_2_comp1,R_9_B_424_1_2,TCDB,TCDB.9_B_424_1_2_comp1
G_9_B_426_2_2_comp1,P_9_B_426_2_2_comp1,R_9_B_426_2_2,TCDB,TCDB.9_B_426_2_2_comp1
G_2_A_134_1_14_comp1,P_2_A_134_1_14_comp1,R_2_A_134_1_14,TCDB,TCDB.2_A_134_1_14_comp1
G_9_B_335_2_3_comp1,P_9_B_335_2_3_comp1,R_9_B_335_2_3,TCDB,TCDB.9_B_335_2_3_comp1
G_9_B_348_2_1_comp1,P_9_B_348_2_1_comp1,R_9_B_348_2_1,TCDB,TCDB.9_B_348_2_1_comp1
G_9_B_336_1_5_comp1,P_9_B_336_1_5_comp1,R_9_B_336_1_5,TCDB,TCDB.9_B_336_1_5_comp1
G_1_C_137_1_14_comp1,P_1_C_137_1_14_comp1,R_1_C_137_1_14,TCDB,TCDB.1_C_137_1_14_comp1
G_1_M_3_1_3_comp1,P_1_M_3_1_3_comp1,R_1_M_3_1_3,TCDB,TCDB.1_M_3_1_3_comp1
G_9_B_191_2_2_comp1,P_9_B_191_2_2_comp1,R_9_B_191_2_2,TCDB,TCDB.9_B_191_2_2_comp1
G_1_M_9_1_4_comp1,P_1_M_9_1_4_comp1,R_1_M_9_1_4,TCDB,TCDB.1_M_9_1_4_comp1
G_8_A_172_2_3_comp1,P_8_A_172_2_3_comp1,R_8_A_172_2_3,TCDB,TCDB.8_A_172_2_3_comp1
G_9_B_142_20_5_comp1,P_9_B_142_20_5_comp1,R_9_B_142_20_5,TCDB,TCDB.9_B_142_20_5_comp1
G_1_B_12_12_4_comp1,P_1_B_12_12_4_comp1,R_1_B_12_12_4,TCDB,TCDB.1_B_12_12_4_comp1
G_9_A_81_1_4_comp1,P_9_A_81_1_4_comp1,R_9_A_81_1_4,TCDB,TCDB.9_A_81_1_4_comp1
G_9_B_446_1_2_comp1,P_9_B_446_1_2_comp1,R_9_B_446_1_2,TCDB,TCDB.9_B_446_1_2_comp1
G_9_B_426_1_5_comp1,P_9_B_426_1_5_comp1,R_9_B_426_1_5,TCDB,TCDB.9_B_426_1_5_comp1
G_8_A_92_1_8_comp1,P_8_A_92_1_8_comp1,R_8_A_92_1_8,TCDB,TCDB.8_A_92_1_8_comp1
G_2_A_56_1_16_comp1,P_2_A_56_1_16_comp1+2_A_56_1_16_comp2+2_A_56_1_16_comp3,R_2_A_56_1_16,TCDB,TCDB.2_A_56_1_16_comp1
G_2_A_56_1_16_comp2,P_2_A_56_1_16_comp1+2_A_56_1_16_comp2+2_A_56_1_16_comp3,R_2_A_56_1_16,TCDB,TCDB.2_A_56_1_16_comp2
G_2_A_56_1_16_comp3,P_2_A_56_1_16_comp1+2_A_56_1_16_comp2+2_A_56_1_16_comp3,R_2_A_56_1_16,TCDB,TCDB.2_A_56_1_16_comp3
G_1_B_14_19_3_comp1,P_1_B_14_19_3_comp1,R_1_B_14_19_3,TCDB,TCDB.1_B_14_19_3_comp1
G_4_C_3_2_2_comp1,P_4_C_3_2_2_comp1,R_4_C_3_2_2,TCDB,TCDB.4_C_3_2_2_comp1
G_2_A_117_2_3_comp1,P_2_A_117_2_3_comp1,R_2_A_117_2_3,TCDB,TCDB.2_A_117_2_3_comp1
G_1_C_137_4_1_comp1,P_1_C_137_4_1_comp1,R_1_C_137_4_1,TCDB,TCDB.1_C_137_4_1_comp1
G_1_A_133_1_7_comp1,P_1_A_133_1_7_comp1,R_1_A_133_1_7,TCDB,TCDB.1_A_133_1_7_comp1
G_9_B_426_2_1_comp1,P_9_B_426_2_1_comp1,R_9_B_426_2_1,TCDB,TCDB.9_B_426_2_1_comp1
G_1_A_8_13_6_comp1,P_1_A_8_13_6_comp1,R_1_A_8_13_6,TCDB,TCDB.1_A_8_13_6_comp1
G_8_A_213_1_6_comp1,P_8_A_213_1_6_comp1,R_8_A_213_1_6,TCDB,TCDB.8_A_213_1_6_comp1
G_9_B_142_2_20_comp1,P_9_B_142_2_20_comp1,R_9_B_142_2_20,TCDB,TCDB.9_B_142_2_20_comp1
G_1_C_137_2_4_comp1,P_1_C_137_2_4_comp1,R_1_C_137_2_4,TCDB,TCDB.1_C_137_2_4_comp1
G_9_A_22_5_4_comp1,P_9_A_22_5_4_comp1,R_9_A_22_5_4,TCDB,TCDB.9_A_22_5_4_comp1
G_9_B_28_1_16_comp1,P_9_B_28_1_16_comp1,R_9_B_28_1_16,TCDB,TCDB.9_B_28_1_16_comp1
G_9_B_426_1_1_comp1,P_9_B_426_1_1_comp1,R_9_B_426_1_1,TCDB,TCDB.9_B_426_1_1_comp1
G_1_M_1_1_8_comp1,P_1_M_1_1_8_comp1,R_1_M_1_1_8,TCDB,TCDB.1_M_1_1_8_comp1
G_9_A_34_1_11_comp1,P_9_A_34_1_11_comp1,R_9_A_34_1_11,TCDB,TCDB.9_A_34_1_11_comp1
G_9_B_28_8_4_comp1,P_9_B_28_8_4_comp1,R_9_B_28_8_4,TCDB,TCDB.9_B_28_8_4_comp1
G_1_E_66_1_15_comp1,P_1_E_66_1_15_comp1,R_1_E_66_1_15,TCDB,TCDB.1_E_66_1_15_comp1
G_1_A_133_1_3_comp1,P_1_A_133_1_3_comp1,R_1_A_133_1_3,TCDB,TCDB.1_A_133_1_3_comp1
G_1_A_63_2_4_comp1,P_1_A_63_2_4_comp1,R_1_A_63_2_4,TCDB,TCDB.1_A_63_2_4_comp1
G_1_W_10_3_3_comp1,P_1_W_10_3_3_comp1,R_1_W_10_3_3,TCDB,TCDB.1_W_10_3_3_comp1
G_9_B_430_1_5_comp1,P_9_B_430_1_5_comp1,R_9_B_430_1_5,TCDB,TCDB.9_B_430_1_5_comp1
G_9_B_443_1_2_comp1,P_9_B_443_1_2_comp1,R_9_B_443_1_2,TCDB,TCDB.9_B_443_1_2_comp1
G_1_B_42_1_16_comp1,P_1_B_42_1_16_comp1,R_1_B_42_1_16,TCDB,TCDB.1_B_42_1_16_comp1
G_9_B_428_1_2_comp1,P_9_B_428_1_2_comp1,R_9_B_428_1_2,TCDB,TCDB.9_B_428_1_2_comp1
G_9_B_245_1_5_comp1,P_9_B_245_1_5_comp1,R_9_B_245_1_5,TCDB,TCDB.9_B_245_1_5_comp1
G_9_B_429_1_3_comp1,P_9_B_429_1_3_comp1,R_9_B_429_1_3,TCDB,TCDB.9_B_429_1_3_comp1
G_1_C_41_3_1_comp1,P_1_C_41_3_1_comp1,R_1_C_41_3_1,TCDB,TCDB.1_C_41_3_1_comp1
G_1_C_41_3_4_comp1,P_1_C_41_3_4_comp1,R_1_C_41_3_4,TCDB,TCDB.1_C_41_3_4_comp1
G_8_A_227_1_3_comp1,P_8_A_227_1_3_comp1,R_8_A_227_1_3,TCDB,TCDB.8_A_227_1_3_comp1
G_1_B_162_1_3_comp1,P_1_B_162_1_3_comp1,R_1_B_162_1_3,TCDB,TCDB.1_B_162_1_3_comp1
G_9_B_443_1_4_comp1,P_9_B_443_1_4_comp1,R_9_B_443_1_4,TCDB,TCDB.9_B_443_1_4_comp1
G_1_M_13_1_9_comp1,P_1_M_13_1_9_comp1,R_1_M_13_1_9,TCDB,TCDB.1_M_13_1_9_comp1
G_8_A_201_2_5_comp1,P_8_A_201_2_5_comp1,R_8_A_201_2_5,TCDB,TCDB.8_A_201_2_5_comp1
G_8_A_213_1_3_comp1,P_8_A_213_1_3_comp1,R_8_A_213_1_3,TCDB,TCDB.8_A_213_1_3_comp1
G_2_A_128_2_8_comp1,P_2_A_128_2_8_comp1,R_2_A_128_2_8,TCDB,TCDB.2_A_128_2_8_comp1
G_8_A_174_1_6_comp1,P_8_A_174_1_6_comp1,R_8_A_174_1_6,TCDB,TCDB.8_A_174_1_6_comp1
G_1_C_137_5_3_comp1,P_1_C_137_5_3_comp1,R_1_C_137_5_3,TCDB,TCDB.1_C_137_5_3_comp1
G_9_B_395_3_2_comp1,P_9_B_395_3_2_comp1,R_9_B_395_3_2,TCDB,TCDB.9_B_395_3_2_comp1
G_8_A_48_1_8_comp1,P_8_A_48_1_8_comp1,R_8_A_48_1_8,TCDB,TCDB.8_A_48_1_8_comp1
G_1_M_11_1_3_comp1,P_1_M_11_1_3_comp1,R_1_M_11_1_3,TCDB,TCDB.1_M_11_1_3_comp1
G_1_C_53_2_2_comp1,P_1_C_53_2_2_comp1,R_1_C_53_2_2,TCDB,TCDB.1_C_53_2_2_comp1
G_1_D_24_1_2_comp1,P_1_D_24_1_2_comp1,R_1_D_24_1_2,TCDB,TCDB.1_D_24_1_2_comp1
G_9_A_22_5_6_comp1,P_9_A_22_5_6_comp1,R_9_A_22_5_6,TCDB,TCDB.9_A_22_5_6_comp1
G_1_M_15_1_3_comp1,P_1_M_15_1_3_comp1,R_1_M_15_1_3,TCDB,TCDB.1_M_15_1_3_comp1
G_2_A_86_3_2_comp1,P_2_A_86_3_2_comp1,R_2_A_86_3_2,TCDB,TCDB.2_A_86_3_2_comp1
G_9_B_121_5_5_comp1,P_9_B_121_5_5_comp1,R_9_B_121_5_5,TCDB,TCDB.9_B_121_5_5_comp1
G_9_B_121_6_10_comp1,P_9_B_121_6_10_comp1,R_9_B_121_6_10,TCDB,TCDB.9_B_121_6_10_comp1
G_1_M_15_1_4_comp1,P_1_M_15_1_4_comp1,R_1_M_15_1_4,TCDB,TCDB.1_M_15_1_4_comp1
G_9_A_22_3_4_comp1,P_9_A_22_3_4_comp1,R_9_A_22_3_4,TCDB,TCDB.9_A_22_3_4_comp1
G_1_M_12_1_6_comp1,P_1_M_12_1_6_comp1,R_1_M_12_1_6,TCDB,TCDB.1_M_12_1_6_comp1
G_9_B_29_1_3_comp1,P_9_B_29_1_3_comp1,R_9_B_29_1_3,TCDB,TCDB.9_B_29_1_3_comp1
G_9_A_22_5_9_comp1,P_9_A_22_5_9_comp1,R_9_A_22_5_9,TCDB,TCDB.9_A_22_5_9_comp1
G_9_A_81_1_2_comp1,P_9_A_81_1_2_comp1,R_9_A_81_1_2,TCDB,TCDB.9_A_81_1_2_comp1
G_1_E_66_1_8_comp1,P_1_E_66_1_8_comp1,R_1_E_66_1_8,TCDB,TCDB.1_E_66_1_8_comp1
G_1_C_137_4_2_comp1,P_1_C_137_4_2_comp1,R_1_C_137_4_2,TCDB,TCDB.1_C_137_4_2_comp1
G_1_B_42_1_14_comp1,P_1_B_42_1_14_comp1,R_1_B_42_1_14,TCDB,TCDB.1_B_42_1_14_comp1
G_8_B_43_1_2_comp1,P_8_B_43_1_2_comp1,R_8_B_43_1_2,TCDB,TCDB.8_B_43_1_2_comp1
G_1_M_1_4_17_comp1,P_1_M_1_4_17_comp1,R_1_M_1_4_17,TCDB,TCDB.1_M_1_4_17_comp1
G_1_E_65_1_5_comp1,P_1_E_65_1_5_comp1,R_1_E_65_1_5,TCDB,TCDB.1_E_65_1_5_comp1
G_9_B_443_1_3_comp1,P_9_B_443_1_3_comp1,R_9_B_443_1_3,TCDB,TCDB.9_B_443_1_3_comp1
G_3_A_1_122_37_comp1,P_3_A_1_122_37_comp1,R_3_A_1_122_37,TCDB,TCDB.3_A_1_122_37_comp1
G_9_A_81_1_3_comp1,P_9_A_81_1_3_comp1,R_9_A_81_1_3,TCDB,TCDB.9_A_81_1_3_comp1
G_1_C_137_5_2_comp1,P_1_C_137_5_2_comp1,R_1_C_137_5_2,TCDB,TCDB.1_C_137_5_2_comp1
G_1_M_12_1_7_comp1,P_1_M_12_1_7_comp1,R_1_M_12_1_7,TCDB,TCDB.1_M_12_1_7_comp1
G_1_D_194_1_3_comp1,P_1_D_194_1_3_comp1,R_1_D_194_1_3,TCDB,TCDB.1_D_194_1_3_comp1
G_1_M_13_1_8_comp1,P_1_M_13_1_8_comp1,R_1_M_13_1_8,TCDB,TCDB.1_M_13_1_8_comp1
G_1_N_9_1_3_comp1,P_1_N_9_1_3_comp1,R_1_N_9_1_3,TCDB,TCDB.1_N_9_1_3_comp1
G_9_B_446_1_7_comp1,P_9_B_446_1_7_comp1,R_9_B_446_1_7,TCDB,TCDB.9_B_446_1_7_comp1
G_1_A_133_1_6_comp1,P_1_A_133_1_6_comp1,R_1_A_133_1_6,TCDB,TCDB.1_A_133_1_6_comp1
G_2_A_31_3_7_comp1,P_2_A_31_3_7_comp1,R_2_A_31_3_7,TCDB,TCDB.2_A_31_3_7_comp1
G_1_C_137_2_3_comp1,P_1_C_137_2_3_comp1,R_1_C_137_2_3,TCDB,TCDB.1_C_137_2_3_comp1
G_1_C_137_3_3_comp1,P_1_C_137_3_3_comp1,R_1_C_137_3_3,TCDB,TCDB.1_C_137_3_3_comp1
G_1_B_164_1_7_comp1,P_1_B_164_1_7_comp1,R_1_B_164_1_7,TCDB,TCDB.1_B_164_1_7_comp1
G_2_A_85_12_6_comp1,P_2_A_85_12_6_comp1,R_2_A_85_12_6,TCDB,TCDB.2_A_85_12_6_comp1
G_1_C_137_5_4_comp1,P_1_C_137_5_4_comp1,R_1_C_137_5_4,TCDB,TCDB.1_C_137_5_4_comp1
G_1_A_147_1_8_comp1,P_1_A_147_1_8_comp1,R_1_A_147_1_8,TCDB,TCDB.1_A_147_1_8_comp1
G_8_A_135_2_6_comp1,P_8_A_135_2_6_comp1,R_8_A_135_2_6,TCDB,TCDB.8_A_135_2_6_comp1
G_9_B_443_1_8_comp1,P_9_B_443_1_8_comp1,R_9_B_443_1_8,TCDB,TCDB.9_B_443_1_8_comp1
G_9_B_430_1_6_comp1,P_9_B_430_1_6_comp1,R_9_B_430_1_6,TCDB,TCDB.9_B_430_1_6_comp1
G_9_B_149_1_17_comp1,P_9_B_149_1_17_comp1+9_B_149_1_17_comp2+9_B_149_1_17_comp3,R_9_B_149_1_17,TCDB,TCDB.9_B_149_1_17_comp1
G_9_B_149_1_17_comp2,P_9_B_149_1_17_comp1+9_B_149_1_17_comp2+9_B_149_1_17_comp3,R_9_B_149_1_17,TCDB,TCDB.9_B_149_1_17_comp2
G_9_B_149_1_17_comp3,P_9_B_149_1_17_comp1+9_B_149_1_17_comp2+9_B_149_1_17_comp3,R_9_B_149_1_17,TCDB,TCDB.9_B_149_1_17_comp3
G_9_B_14_3_10_comp1,P_9_B_14_3_10_comp1,R_9_B_14_3_10,TCDB,TCDB.9_B_14_3_10_comp1
G_1_B_164_1_6_comp1,P_1_B_164_1_6_comp1,R_1_B_164_1_6,TCDB,TCDB.1_B_164_1_6_comp1
G_9_B_408_1_4_comp1,P_9_B_408_1_4_comp1,R_9_B_408_1_4,TCDB,TCDB.9_B_408_1_4_comp1
G_1_W_7_7_2_comp1,P_1_W_7_7_2_comp1,R_1_W_7_7_2,TCDB,TCDB.1_W_7_7_2_comp1
G_9_B_115_4_6_comp1,P_9_B_115_4_6_comp1,R_9_B_115_4_6,TCDB,TCDB.9_B_115_4_6_comp1
G_1_E_66_4_1_comp1,P_1_E_66_4_1_comp1,R_1_E_66_4_1,TCDB,TCDB.1_E_66_4_1_comp1
G_2_A_7_44_2_comp1,P_2_A_7_44_2_comp1,R_2_A_7_44_2,TCDB,TCDB.2_A_7_44_2_comp1
G_2_A_1_1_133_comp1,P_2_A_1_1_133_comp1,R_2_A_1_1_133,TCDB,TCDB.2_A_1_1_133_comp1
G_9_B_8_2_4_comp1,P_9_B_8_2_4_comp1,R_9_B_8_2_4,TCDB,TCDB.9_B_8_2_4_comp1
G_3_E_1_6_7_comp1,P_3_E_1_6_7_comp1,R_3_E_1_6_7,TCDB,TCDB.3_E_1_6_7_comp1
G_4_F_1_2_1_comp1,P_4_F_1_2_1_comp1,R_4_F_1_2_1,TCDB,TCDB.4_F_1_2_1_comp1
G_1_A_76_1_9_comp1,P_1_A_76_1_9_comp1,R_1_A_76_1_9,TCDB,TCDB.1_A_76_1_9_comp1
G_2_A_57_6_1_comp1,P_2_A_57_6_1_comp1,R_2_A_57_6_1,TCDB,TCDB.2_A_57_6_1_comp1
G_2_A_102_2_10_comp1,P_2_A_102_2_10_comp1,R_2_A_102_2_10,TCDB,TCDB.2_A_102_2_10_comp1
G_9_B_210_1_2_comp1,P_9_B_210_1_2_comp1,R_9_B_210_1_2,TCDB,TCDB.9_B_210_1_2_comp1
G_9_B_304_1_10_comp1,P_9_B_304_1_10_comp1,R_9_B_304_1_10,TCDB,TCDB.9_B_304_1_10_comp1
G_9_A_55_1_9_comp1,P_9_A_55_1_9_comp1,R_9_A_55_1_9,TCDB,TCDB.9_A_55_1_9_comp1
G_1_C_60_1_2_comp1,P_1_C_60_1_2_comp1,R_1_C_60_1_2,TCDB,TCDB.1_C_60_1_2_comp1
G_1_E_12_2_4_comp1,P_1_E_12_2_4_comp1,R_1_E_12_2_4,TCDB,TCDB.1_E_12_2_4_comp1
G_1_E_19_4_2_comp1,P_1_E_19_4_2_comp1,R_1_E_19_4_2,TCDB,TCDB.1_E_19_4_2_comp1
G_9_B_67_3_7_comp1,P_9_B_67_3_7_comp1,R_9_B_67_3_7,TCDB,TCDB.9_B_67_3_7_comp1
G_2_D_1_1_6_comp1,P_2_D_1_1_6_comp1,R_2_D_1_1_6,TCDB,TCDB.2_D_1_1_6_comp1
G_8_B_21_1_5_comp1,P_8_B_21_1_5_comp1,R_8_B_21_1_5,TCDB,TCDB.8_B_21_1_5_comp1
G_9_B_51_1_4_comp1,P_9_B_51_1_4_comp1,R_9_B_51_1_4,TCDB,TCDB.9_B_51_1_4_comp1
G_1_B_64_1_2_comp1,P_1_B_64_1_2_comp1,R_1_B_64_1_2,TCDB,TCDB.1_B_64_1_2_comp1
G_9_B_72_2_4_comp1,P_9_B_72_2_4_comp1,R_9_B_72_2_4,TCDB,TCDB.9_B_72_2_4_comp1
G_9_B_30_1_2_comp1,P_9_B_30_1_2_comp1,R_9_B_30_1_2,TCDB,TCDB.9_B_30_1_2_comp1
G_1_E_54_5_2_comp1,P_1_E_54_5_2_comp1,R_1_E_54_5_2,TCDB,TCDB.1_E_54_5_2_comp1
G_3_A_1_122_18_comp1,P_3_A_1_122_18_comp1+3_A_1_122_18_comp2,R_3_A_1_122_18,TCDB,TCDB.3_A_1_122_18_comp1
G_3_A_1_122_18_comp2,P_3_A_1_122_18_comp1+3_A_1_122_18_comp2,R_3_A_1_122_18,TCDB,TCDB.3_A_1_122_18_comp2
G_9_A_22_4_2_comp1,P_9_A_22_4_2_comp1,R_9_A_22_4_2,TCDB,TCDB.9_A_22_4_2_comp1
G_1_B_95_3_6_comp1,P_1_B_95_3_6_comp1,R_1_B_95_3_6,TCDB,TCDB.1_B_95_3_6_comp1
G_9_A_81_1_5_comp1,P_9_A_81_1_5_comp1,R_9_A_81_1_5,TCDB,TCDB.9_A_81_1_5_comp1
G_1_E_66_3_4_comp1,P_1_E_66_3_4_comp1,R_1_E_66_3_4,TCDB,TCDB.1_E_66_3_4_comp1
G_1_A_104_1_2_comp1,P_1_A_104_1_2_comp1,R_1_A_104_1_2,TCDB,TCDB.1_A_104_1_2_comp1
G_9_B_431_1_5_comp1,P_9_B_431_1_5_comp1,R_9_B_431_1_5,TCDB,TCDB.9_B_431_1_5_comp1
G_1_A_133_1_2_comp1,P_1_A_133_1_2_comp1,R_1_A_133_1_2,TCDB,TCDB.1_A_133_1_2_comp1
G_9_B_169_2_6_comp1,P_9_B_169_2_6_comp1,R_9_B_169_2_6,TCDB,TCDB.9_B_169_2_6_comp1
G_1_E_2_3_7_comp1,P_1_E_2_3_7_comp1,R_1_E_2_3_7,TCDB,TCDB.1_E_2_3_7_comp1
G_9_B_398_1_6_comp1,P_9_B_398_1_6_comp1,R_9_B_398_1_6,TCDB,TCDB.9_B_398_1_6_comp1
G_1_C_5_1_3_comp1,P_1_C_5_1_3_comp1,R_1_C_5_1_3,TCDB,TCDB.1_C_5_1_3_comp1
G_8_A_112_1_9_comp1,P_8_A_112_1_9_comp1,R_8_A_112_1_9,TCDB,TCDB.8_A_112_1_9_comp1
G_9_A_14_25_3_comp1,P_9_A_14_25_3_comp1,R_9_A_14_25_3,TCDB,TCDB.9_A_14_25_3_comp1
G_2_A_7_43_12_comp1,P_2_A_7_43_12_comp1,R_2_A_7_43_12,TCDB,TCDB.2_A_7_43_12_comp1
G_1_D_24_1_7_comp1,P_1_D_24_1_7_comp1,R_1_D_24_1_7,TCDB,TCDB.1_D_24_1_7_comp1
G_9_B_296_1_4_comp1,P_9_B_296_1_4_comp1,R_9_B_296_1_4,TCDB,TCDB.9_B_296_1_4_comp1
G_9_B_394_1_3_comp1,P_9_B_394_1_3_comp1,R_9_B_394_1_3,TCDB,TCDB.9_B_394_1_3_comp1
G_1_B_164_1_3_comp1,P_1_B_164_1_3_comp1,R_1_B_164_1_3,TCDB,TCDB.1_B_164_1_3_comp1
G_9_B_28_2_12_comp1,P_9_B_28_2_12_comp1,R_9_B_28_2_12,TCDB,TCDB.9_B_28_2_12_comp1
G_2_A_135_1_8_comp1,P_2_A_135_1_8_comp1,R_2_A_135_1_8,TCDB,TCDB.2_A_135_1_8_comp1
G_2_A_96_1_14_comp1,P_2_A_96_1_14_comp1,R_2_A_96_1_14,TCDB,TCDB.2_A_96_1_14_comp1
G_2_A_127_1_13_comp1,P_2_A_127_1_13_comp1,R_2_A_127_1_13,TCDB,TCDB.2_A_127_1_13_comp1
G_1_B_84_1_8_comp1,P_1_B_84_1_8_comp1,R_1_B_84_1_8,TCDB,TCDB.1_B_84_1_8_comp1
G_2_A_40_7_8_comp1,P_2_A_40_7_8_comp1,R_2_A_40_7_8,TCDB,TCDB.2_A_40_7_8_comp1
G_9_B_426_1_6_comp1,P_9_B_426_1_6_comp1,R_9_B_426_1_6,TCDB,TCDB.9_B_426_1_6_comp1
G_1_A_63_2_7_comp1,P_1_A_63_2_7_comp1,R_1_A_63_2_7,TCDB,TCDB.1_A_63_2_7_comp1
G_9_B_400_1_4_comp1,P_9_B_400_1_4_comp1,R_9_B_400_1_4,TCDB,TCDB.9_B_400_1_4_comp1
G_1_N_9_1_2_comp1,P_1_N_9_1_2_comp1,R_1_N_9_1_2,TCDB,TCDB.1_N_9_1_2_comp1
G_1_A_63_1_2_comp1,P_1_A_63_1_2_comp1,R_1_A_63_1_2,TCDB,TCDB.1_A_63_1_2_comp1
G_9_B_347_5_5_comp1,P_9_B_347_5_5_comp1,R_9_B_347_5_5,TCDB,TCDB.9_B_347_5_5_comp1
G_1_C_123_1_9_comp1,P_1_C_123_1_9_comp1,R_1_C_123_1_9,TCDB,TCDB.1_C_123_1_9_comp1
G_8_A_23_1_40_comp1,P_8_A_23_1_40_comp1,R_8_A_23_1_40,TCDB,TCDB.8_A_23_1_40_comp1
G_1_C_81_1_8_comp1,P_1_C_81_1_8_comp1,R_1_C_81_1_8,TCDB,TCDB.1_C_81_1_8_comp1
G_8_A_176_1_1_comp1,P_8_A_176_1_1_comp1,R_8_A_176_1_1,TCDB,TCDB.8_A_176_1_1_comp1
G_9_A_14_23_2_comp1,P_9_A_14_23_2_comp1,R_9_A_14_23_2,TCDB,TCDB.9_A_14_23_2_comp1
G_8_A_17_1_1_comp1,P_8_A_17_1_1_comp1,R_8_A_17_1_1,TCDB,TCDB.8_A_17_1_1_comp1
G_2_A_66_1_62_comp1,P_2_A_66_1_62_comp1,R_2_A_66_1_62,TCDB,TCDB.2_A_66_1_62_comp1
G_9_B_453_1_4_comp1,P_9_B_453_1_4_comp1,R_9_B_453_1_4,TCDB,TCDB.9_B_453_1_4_comp1
G_1_A_27_2_3_comp1,P_1_A_27_2_3_comp1,R_1_A_27_2_3,TCDB,TCDB.1_A_27_2_3_comp1
G_8_A_68_1_14_comp1,P_8_A_68_1_14_comp1,R_8_A_68_1_14,TCDB,TCDB.8_A_68_1_14_comp1
G_8_A_185_1_1_comp1,P_8_A_185_1_1_comp1,R_8_A_185_1_1,TCDB,TCDB.8_A_185_1_1_comp1
G_5_B_2_2_6_comp1,P_5_B_2_2_6_comp1,R_5_B_2_2_6,TCDB,TCDB.5_B_2_2_6_comp1
G_8_A_120_1_6_comp1,P_8_A_120_1_6_comp1,R_8_A_120_1_6,TCDB,TCDB.8_A_120_1_6_comp1
G_1_A_113_5_6_comp1,P_1_A_113_5_6_comp1,R_1_A_113_5_6,TCDB,TCDB.1_A_113_5_6_comp1
G_8_A_192_2_1_comp1,P_8_A_192_2_1_comp1,R_8_A_192_2_1,TCDB,TCDB.8_A_192_2_1_comp1
G_9_A_14_12_2_comp1,P_9_A_14_12_2_comp1,R_9_A_14_12_2,TCDB,TCDB.9_A_14_12_2_comp1
G_9_B_87_1_33_comp1,P_9_B_87_1_33_comp1,R_9_B_87_1_33,TCDB,TCDB.9_B_87_1_33_comp1
G_1_A_21_2_4_comp1,P_1_A_21_2_4_comp1,R_1_A_21_2_4,TCDB,TCDB.1_A_21_2_4_comp1
G_8_A_128_1_2_comp1,P_8_A_128_1_2_comp1,R_8_A_128_1_2,TCDB,TCDB.8_A_128_1_2_comp1
G_9_B_247_2_1_comp1,P_9_B_247_2_1_comp1,R_9_B_247_2_1,TCDB,TCDB.9_B_247_2_1_comp1
G_2_A_50_2_8_comp1,P_2_A_50_2_8_comp1,R_2_A_50_2_8,TCDB,TCDB.2_A_50_2_8_comp1
G_2_A_40_6_7_comp1,P_2_A_40_6_7_comp1,R_2_A_40_6_7,TCDB,TCDB.2_A_40_6_7_comp1
G_8_A_166_1_5_comp1,P_8_A_166_1_5_comp1,R_8_A_166_1_5,TCDB,TCDB.8_A_166_1_5_comp1
G_1_A_8_8_28_comp1,P_1_A_8_8_28_comp1,R_1_A_8_8_28,TCDB,TCDB.1_A_8_8_28_comp1
G_8_A_192_2_3_comp1,P_8_A_192_2_3_comp1,R_8_A_192_2_3,TCDB,TCDB.8_A_192_2_3_comp1
G_8_A_6_1_2_comp1,P_8_A_6_1_2_comp1,R_8_A_6_1_2,TCDB,TCDB.8_A_6_1_2_comp1
G_8_A_23_1_58_comp1,P_8_A_23_1_58_comp1,R_8_A_23_1_58,TCDB,TCDB.8_A_23_1_58_comp1
G_1_R_1_1_2_comp1,P_1_R_1_1_2_comp1,R_1_R_1_1_2,TCDB,TCDB.1_R_1_1_2_comp1
G_8_A_204_1_6_comp1,P_8_A_204_1_6_comp1,R_8_A_204_1_6,TCDB,TCDB.8_A_204_1_6_comp1
G_1_A_10_1_27_comp1,P_1_A_10_1_27_comp1,R_1_A_10_1_27,TCDB,TCDB.1_A_10_1_27_comp1
G_8_A_237_1_2_comp1,P_8_A_237_1_2_comp1,R_8_A_237_1_2,TCDB,TCDB.8_A_237_1_2_comp1
G_8_A_23_1_63_comp1,P_8_A_23_1_63_comp1,R_8_A_23_1_63,TCDB,TCDB.8_A_23_1_63_comp1
G_3_A_27_1_2_comp1,P_3_A_27_1_2_comp1+3_A_27_1_2_comp2+3_A_27_1_2_comp3+3_A_27_1_2_comp4+3_A_27_1_2_comp5+3_A_27_1_2_comp6+3_A_27_1_2_comp7+3_A_27_1_2_comp8,R_3_A_27_1_2,TCDB,TCDB.3_A_27_1_2_comp1
G_3_A_27_1_2_comp2,P_3_A_27_1_2_comp1+3_A_27_1_2_comp2+3_A_27_1_2_comp3+3_A_27_1_2_comp4+3_A_27_1_2_comp5+3_A_27_1_2_comp6+3_A_27_1_2_comp7+3_A_27_1_2_comp8,R_3_A_27_1_2,TCDB,TCDB.3_A_27_1_2_comp2
G_3_A_27_1_2_comp3,P_3_A_27_1_2_comp1+3_A_27_1_2_comp2+3_A_27_1_2_comp3+3_A_27_1_2_comp4+3_A_27_1_2_comp5+3_A_27_1_2_comp6+3_A_27_1_2_comp7+3_A_27_1_2_comp8,R_3_A_27_1_2,TCDB,TCDB.3_A_27_1_2_comp3
G_3_A_27_1_2_comp4,P_3_A_27_1_2_comp1+3_A_27_1_2_comp2+3_A_27_1_2_comp3+3_A_27_1_2_comp4+3_A_27_1_2_comp5+3_A_27_1_2_comp6+3_A_27_1_2_comp7+3_A_27_1_2_comp8,R_3_A_27_1_2,TCDB,TCDB.3_A_27_1_2_comp4
G_3_A_27_1_2_comp5,P_3_A_27_1_2_comp1+3_A_27_1_2_comp2+3_A_27_1_2_comp3+3_A_27_1_2_comp4+3_A_27_1_2_comp5+3_A_27_1_2_comp6+3_A_27_1_2_comp7+3_A_27_1_2_comp8,R_3_A_27_1_2,TCDB,TCDB.3_A_27_1_2_comp5
G_3_A_27_1_2_comp6,P_3_A_27_1_2_comp1+3_A_27_1_2_comp2+3_A_27_1_2_comp3+3_A_27_1_2_comp4+3_A_27_1_2_comp5+3_A_27_1_2_comp6+3_A_27_1_2_comp7+3_A_27_1_2_comp8,R_3_A_27_1_2,TCDB,TCDB.3_A_27_1_2_comp6
G_3_A_27_1_2_comp7,P_3_A_27_1_2_comp1+3_A_27_1_2_comp2+3_A_27_1_2_comp3+3_A_27_1_2_comp4+3_A_27_1_2_comp5+3_A_27_1_2_comp6+3_A_27_1_2_comp7+3_A_27_1_2_comp8,R_3_A_27_1_2,TCDB,TCDB.3_A_27_1_2_comp7
G_3_A_27_1_2_comp8,P_3_A_27_1_2_comp1+3_A_27_1_2_comp2+3_A_27_1_2_comp3+3_A_27_1_2_comp4+3_A_27_1_2_comp5+3_A_27_1_2_comp6+3_A_27_1_2_comp7+3_A_27_1_2_comp8,R_3_A_27_1_2,TCDB,TCDB.3_A_27_1_2_comp8
G_9_B_115_1_12_comp1,P_9_B_115_1_12_comp1,R_9_B_115_1_12,TCDB,TCDB.9_B_115_1_12_comp1
G_1_C_101_1_4_comp1,P_1_C_101_1_4_comp1,R_1_C_101_1_4,TCDB,TCDB.1_C_101_1_4_comp1
G_1_A_143_1_3_comp1,P_1_A_143_1_3_comp1,R_1_A_143_1_3,TCDB,TCDB.1_A_143_1_3_comp1
G_1_W_2_1_9_comp1,P_1_W_2_1_9_comp1,R_1_W_2_1_9,TCDB,TCDB.1_W_2_1_9_comp1
G_1_M_2_3_4_comp1,P_1_M_2_3_4_comp1,R_1_M_2_3_4,TCDB,TCDB.1_M_2_3_4_comp1
G_3_A_1_211_21_comp1,P_3_A_1_211_21_comp1,R_3_A_1_211_21,TCDB,TCDB.3_A_1_211_21_comp1
G_9_B_311_1_2_comp1,P_9_B_311_1_2_comp1,R_9_B_311_1_2,TCDB,TCDB.9_B_311_1_2_comp1
G_8_A_77_2_3_comp1,P_8_A_77_2_3_comp1,R_8_A_77_2_3,TCDB,TCDB.8_A_77_2_3_comp1
G_8_A_166_1_6_comp1,P_8_A_166_1_6_comp1,R_8_A_166_1_6,TCDB,TCDB.8_A_166_1_6_comp1
G_8_A_234_1_3_comp1,P_8_A_234_1_3_comp1,R_8_A_234_1_3,TCDB,TCDB.8_A_234_1_3_comp1
G_9_B_17_1_2_comp1,P_9_B_17_1_2_comp1,R_9_B_17_1_2,TCDB,TCDB.9_B_17_1_2_comp1
G_8_A_226_1_3_comp1,P_8_A_226_1_3_comp1,R_8_A_226_1_3,TCDB,TCDB.8_A_226_1_3_comp1
G_8_A_108_1_5_comp1,P_8_A_108_1_5_comp1,R_8_A_108_1_5,TCDB,TCDB.8_A_108_1_5_comp1
G_1_A_4_3_6_comp1,P_1_A_4_3_6_comp1,R_1_A_4_3_6,TCDB,TCDB.1_A_4_3_6_comp1
G_8_A_88_2_6_comp1,P_8_A_88_2_6_comp1,R_8_A_88_2_6,TCDB,TCDB.8_A_88_2_6_comp1
G_9_B_453_1_5_comp1,P_9_B_453_1_5_comp1,R_9_B_453_1_5,TCDB,TCDB.9_B_453_1_5_comp1
G_8_A_80_1_4_comp1,P_8_A_80_1_4_comp1,R_8_A_80_1_4,TCDB,TCDB.8_A_80_1_4_comp1
G_9_B_392_1_2_comp1,P_9_B_392_1_2_comp1,R_9_B_392_1_2,TCDB,TCDB.9_B_392_1_2_comp1
G_8_A_226_1_6_comp1,P_8_A_226_1_6_comp1,R_8_A_226_1_6,TCDB,TCDB.8_A_226_1_6_comp1
G_3_A_3_1_16_comp1,P_3_A_3_1_16_comp1,R_3_A_3_1_16,TCDB,TCDB.3_A_3_1_16_comp1
G_1_A_122_1_1_comp1,P_1_A_122_1_1_comp1,R_1_A_122_1_1,TCDB,TCDB.1_A_122_1_1_comp1
G_1_G_3_1_5_comp1,P_1_G_3_1_5_comp1,R_1_G_3_1_5,TCDB,TCDB.1_G_3_1_5_comp1
G_8_A_236_1_1_comp1,P_8_A_236_1_1_comp1,R_8_A_236_1_1,TCDB,TCDB.8_A_236_1_1_comp1
G_1_A_85_1_9_comp1,P_1_A_85_1_9_comp1,R_1_A_85_1_9,TCDB,TCDB.1_A_85_1_9_comp1
G_1_A_120_1_6_comp1,P_1_A_120_1_6_comp1,R_1_A_120_1_6,TCDB,TCDB.1_A_120_1_6_comp1
G_9_B_39_1_10_comp1,P_9_B_39_1_10_comp1,R_9_B_39_1_10,TCDB,TCDB.9_B_39_1_10_comp1
G_1_A_125_1_5_comp1,P_1_A_125_1_5_comp1,R_1_A_125_1_5,TCDB,TCDB.1_A_125_1_5_comp1
G_9_B_375_1_1_comp1,P_9_B_375_1_1_comp1,R_9_B_375_1_1,TCDB,TCDB.9_B_375_1_1_comp1
G_9_B_376_1_1_comp1,P_9_B_376_1_1_comp1,R_9_B_376_1_1,TCDB,TCDB.9_B_376_1_1_comp1
G_1_W_8_1_5_comp1,P_1_W_8_1_5_comp1,R_1_W_8_1_5,TCDB,TCDB.1_W_8_1_5_comp1
G_1_C_99_1_5_comp1,P_1_C_99_1_5_comp1,R_1_C_99_1_5,TCDB,TCDB.1_C_99_1_5_comp1
G_1_A_1_18_2_comp1,P_1_A_1_18_2_comp1,R_1_A_1_18_2,TCDB,TCDB.1_A_1_18_2_comp1
G_1_E_64_3_2_comp1,P_1_E_64_3_2_comp1,R_1_E_64_3_2,TCDB,TCDB.1_E_64_3_2_comp1
G_2_A_21_3_24_comp1,P_2_A_21_3_24_comp1,R_2_A_21_3_24,TCDB,TCDB.2_A_21_3_24_comp1
G_1_A_51_2_3_comp1,P_1_A_51_2_3_comp1,R_1_A_51_2_3,TCDB,TCDB.1_A_51_2_3_comp1
G_1_A_144_1_3_comp1,P_1_A_144_1_3_comp1,R_1_A_144_1_3,TCDB,TCDB.1_A_144_1_3_comp1
G_9_B_389_1_1_comp1,P_9_B_389_1_1_comp1,R_9_B_389_1_1,TCDB,TCDB.9_B_389_1_1_comp1
G_2_A_32_1_17_comp1,P_2_A_32_1_17_comp1,R_2_A_32_1_17,TCDB,TCDB.2_A_32_1_17_comp1
G_9_B_395_2_2_comp1,P_9_B_395_2_2_comp1,R_9_B_395_2_2,TCDB,TCDB.9_B_395_2_2_comp1
G_9_B_426_1_2_comp1,P_9_B_426_1_2_comp1,R_9_B_426_1_2,TCDB,TCDB.9_B_426_1_2_comp1
G_1_A_63_2_5_comp1,P_1_A_63_2_5_comp1,R_1_A_63_2_5,TCDB,TCDB.1_A_63_2_5_comp1
G_9_B_443_1_6_comp1,P_9_B_443_1_6_comp1,R_9_B_443_1_6,TCDB,TCDB.9_B_443_1_6_comp1
G_1_E_66_3_5_comp1,P_1_E_66_3_5_comp1,R_1_E_66_3_5,TCDB,TCDB.1_E_66_3_5_comp1
G_1_A_147_1_10_comp1,P_1_A_147_1_10_comp1,R_1_A_147_1_10,TCDB,TCDB.1_A_147_1_10_comp1
G_9_B_335_1_2_comp1,P_9_B_335_1_2_comp1,R_9_B_335_1_2,TCDB,TCDB.9_B_335_1_2_comp1
G_9_B_295_1_5_comp1,P_9_B_295_1_5_comp1,R_9_B_295_1_5,TCDB,TCDB.9_B_295_1_5_comp1
G_9_B_404_1_2_comp1,P_9_B_404_1_2_comp1,R_9_B_404_1_2,TCDB,TCDB.9_B_404_1_2_comp1
G_3_A_22_1_2_comp1,P_3_A_22_1_2_comp1+3_A_22_1_2_comp2+3_A_22_1_2_comp3+3_A_22_1_2_comp4+3_A_22_1_2_comp5+3_A_22_1_2_comp6+3_A_22_1_2_comp7+3_A_22_1_2_comp8+3_A_22_1_2_comp9,R_3_A_22_1_2,TCDB,TCDB.3_A_22_1_2_comp1
G_3_A_22_1_2_comp2,P_3_A_22_1_2_comp1+3_A_22_1_2_comp2+3_A_22_1_2_comp3+3_A_22_1_2_comp4+3_A_22_1_2_comp5+3_A_22_1_2_comp6+3_A_22_1_2_comp7+3_A_22_1_2_comp8+3_A_22_1_2_comp9,R_3_A_22_1_2,TCDB,TCDB.3_A_22_1_2_comp2
G_3_A_22_1_2_comp3,P_3_A_22_1_2_comp1+3_A_22_1_2_comp2+3_A_22_1_2_comp3+3_A_22_1_2_comp4+3_A_22_1_2_comp5+3_A_22_1_2_comp6+3_A_22_1_2_comp7+3_A_22_1_2_comp8+3_A_22_1_2_comp9,R_3_A_22_1_2,TCDB,TCDB.3_A_22_1_2_comp3
G_3_A_22_1_2_comp4,P_3_A_22_1_2_comp1+3_A_22_1_2_comp2+3_A_22_1_2_comp3+3_A_22_1_2_comp4+3_A_22_1_2_comp5+3_A_22_1_2_comp6+3_A_22_1_2_comp7+3_A_22_1_2_comp8+3_A_22_1_2_comp9,R_3_A_22_1_2,TCDB,TCDB.3_A_22_1_2_comp4
G_3_A_22_1_2_comp5,P_3_A_22_1_2_comp1+3_A_22_1_2_comp2+3_A_22_1_2_comp3+3_A_22_1_2_comp4+3_A_22_1_2_comp5+3_A_22_1_2_comp6+3_A_22_1_2_comp7+3_A_22_1_2_comp8+3_A_22_1_2_comp9,R_3_A_22_1_2,TCDB,TCDB.3_A_22_1_2_comp5
G_3_A_22_1_2_comp6,P_3_A_22_1_2_comp1+3_A_22_1_2_comp2+3_A_22_1_2_comp3+3_A_22_1_2_comp4+3_A_22_1_2_comp5+3_A_22_1_2_comp6+3_A_22_1_2_comp7+3_A_22_1_2_comp8+3_A_22_1_2_comp9,R_3_A_22_1_2,TCDB,TCDB.3_A_22_1_2_comp6
G_3_A_22_1_2_comp7,P_3_A_22_1_2_comp1+3_A_22_1_2_comp2+3_A_22_1_2_comp3+3_A_22_1_2_comp4+3_A_22_1_2_comp5+3_A_22_1_2_comp6+3_A_22_1_2_comp7+3_A_22_1_2_comp8+3_A_22_1_2_comp9,R_3_A_22_1_2,TCDB,TCDB.3_A_22_1_2_comp7
G_3_A_22_1_2_comp8,P_3_A_22_1_2_comp1+3_A_22_1_2_comp2+3_A_22_1_2_comp3+3_A_22_1_2_comp4+3_A_22_1_2_comp5+3_A_22_1_2_comp6+3_A_22_1_2_comp7+3_A_22_1_2_comp8+3_A_22_1_2_comp9,R_3_A_22_1_2,TCDB,TCDB.3_A_22_1_2_comp8
G_3_A_22_1_2_comp9,P_3_A_22_1_2_comp1+3_A_22_1_2_comp2+3_A_22_1_2_comp3+3_A_22_1_2_comp4+3_A_22_1_2_comp5+3_A_22_1_2_comp6+3_A_22_1_2_comp7+3_A_22_1_2_comp8+3_A_22_1_2_comp9,R_3_A_22_1_2,TCDB,TCDB.3_A_22_1_2_comp9
G_1_F_1_1_1_comp1,P_1_F_1_1_1_comp1+1_F_1_1_1_comp2+1_F_1_1_1_comp3+1_F_1_1_1_comp4+1_F_1_1_1_comp5+1_F_1_1_1_comp6+1_F_1_1_1_comp7+1_F_1_1_1_comp8+1_F_1_1_1_comp9+1_F_1_1_1_comp10,R_1_F_1_1_1,TCDB,TCDB.1_F_1_1_1_comp1
G_1_F_1_1_1_comp2,P_1_F_1_1_1_comp1+1_F_1_1_1_comp2+1_F_1_1_1_comp3+1_F_1_1_1_comp4+1_F_1_1_1_comp5+1_F_1_1_1_comp6+1_F_1_1_1_comp7+1_F_1_1_1_comp8+1_F_1_1_1_comp9+1_F_1_1_1_comp10,R_1_F_1_1_1,TCDB,TCDB.1_F_1_1_1_comp2
G_1_F_1_1_1_comp3,P_1_F_1_1_1_comp1+1_F_1_1_1_comp2+1_F_1_1_1_comp3+1_F_1_1_1_comp4+1_F_1_1_1_comp5+1_F_1_1_1_comp6+1_F_1_1_1_comp7+1_F_1_1_1_comp8+1_F_1_1_1_comp9+1_F_1_1_1_comp10,R_1_F_1_1_1,TCDB,TCDB.1_F_1_1_1_comp3
G_1_F_1_1_1_comp4,P_1_F_1_1_1_comp1+1_F_1_1_1_comp2+1_F_1_1_1_comp3+1_F_1_1_1_comp4+1_F_1_1_1_comp5+1_F_1_1_1_comp6+1_F_1_1_1_comp7+1_F_1_1_1_comp8+1_F_1_1_1_comp9+1_F_1_1_1_comp10,R_1_F_1_1_1,TCDB,TCDB.1_F_1_1_1_comp4
G_1_F_1_1_1_comp5,P_1_F_1_1_1_comp1+1_F_1_1_1_comp2+1_F_1_1_1_comp3+1_F_1_1_1_comp4+1_F_1_1_1_comp5+1_F_1_1_1_comp6+1_F_1_1_1_comp7+1_F_1_1_1_comp8+1_F_1_1_1_comp9+1_F_1_1_1_comp10,R_1_F_1_1_1,TCDB,TCDB.1_F_1_1_1_comp5
G_1_F_1_1_1_comp6,P_1_F_1_1_1_comp1+1_F_1_1_1_comp2+1_F_1_1_1_comp3+1_F_1_1_1_comp4+1_F_1_1_1_comp5+1_F_1_1_1_comp6+1_F_1_1_1_comp7+1_F_1_1_1_comp8+1_F_1_1_1_comp9+1_F_1_1_1_comp10,R_1_F_1_1_1,TCDB,TCDB.1_F_1_1_1_comp6
G_1_F_1_1_1_comp7,P_1_F_1_1_1_comp1+1_F_1_1_1_comp2+1_F_1_1_1_comp3+1_F_1_1_1_comp4+1_F_1_1_1_comp5+1_F_1_1_1_comp6+1_F_1_1_1_comp7+1_F_1_1_1_comp8+1_F_1_1_1_comp9+1_F_1_1_1_comp10,R_1_F_1_1_1,TCDB,TCDB.1_F_1_1_1_comp7
G_1_F_1_1_1_comp8,P_1_F_1_1_1_comp1+1_F_1_1_1_comp2+1_F_1_1_1_comp3+1_F_1_1_1_comp4+1_F_1_1_1_comp5+1_F_1_1_1_comp6+1_F_1_1_1_comp7+1_F_1_1_1_comp8+1_F_1_1_1_comp9+1_F_1_1_1_comp10,R_1_F_1_1_1,TCDB,TCDB.1_F_1_1_1_comp8
G_1_F_1_1_1_comp9,P_1_F_1_1_1_comp1+1_F_1_1_1_comp2+1_F_1_1_1_comp3+1_F_1_1_1_comp4+1_F_1_1_1_comp5+1_F_1_1_1_comp6+1_F_1_1_1_comp7+1_F_1_1_1_comp8+1_F_1_1_1_comp9+1_F_1_1_1_comp10,R_1_F_1_1_1,TCDB,TCDB.1_F_1_1_1_comp9
G_1_F_1_1_1_comp10,P_1_F_1_1_1_comp1+1_F_1_1_1_comp2+1_F_1_1_1_comp3+1_F_1_1_1_comp4+1_F_1_1_1_comp5+1_F_1_1_1_comp6+1_F_1_1_1_comp7+1_F_1_1_1_comp8+1_F_1_1_1_comp9+1_F_1_1_1_comp10,R_1_F_1_1_1,TCDB,TCDB.1_F_1_1_1_comp10
G_1_A_27_1_8_comp1,P_1_A_27_1_8_comp1,R_1_A_27_1_8,TCDB,TCDB.1_A_27_1_8_comp1
G_9_B_278_1_5_comp1,P_9_B_278_1_5_comp1+9_B_278_1_5_comp2+9_B_278_1_5_comp3+9_B_278_1_5_comp4+9_B_278_1_5_comp5,R_9_B_278_1_5,TCDB,TCDB.9_B_278_1_5_comp1
G_9_B_278_1_5_comp2,P_9_B_278_1_5_comp1+9_B_278_1_5_comp2+9_B_278_1_5_comp3+9_B_278_1_5_comp4+9_B_278_1_5_comp5,R_9_B_278_1_5,TCDB,TCDB.9_B_278_1_5_comp2
G_9_B_278_1_5_comp3,P_9_B_278_1_5_comp1+9_B_278_1_5_comp2+9_B_278_1_5_comp3+9_B_278_1_5_comp4+9_B_278_1_5_comp5,R_9_B_278_1_5,TCDB,TCDB.9_B_278_1_5_comp3
G_9_B_278_1_5_comp4,P_9_B_278_1_5_comp1+9_B_278_1_5_comp2+9_B_278_1_5_comp3+9_B_278_1_5_comp4+9_B_278_1_5_comp5,R_9_B_278_1_5,TCDB,TCDB.9_B_278_1_5_comp4
G_9_B_278_1_5_comp5,P_9_B_278_1_5_comp1+9_B_278_1_5_comp2+9_B_278_1_5_comp3+9_B_278_1_5_comp4+9_B_278_1_5_comp5,R_9_B_278_1_5,TCDB,TCDB.9_B_278_1_5_comp5
G_8_A_43_1_9_comp1,P_8_A_43_1_9_comp1,R_8_A_43_1_9,TCDB,TCDB.8_A_43_1_9_comp1
G_8_A_23_1_34_comp1,P_8_A_23_1_34_comp1,R_8_A_23_1_34,TCDB,TCDB.8_A_23_1_34_comp1
G_3_A_19_1_1_comp1,P_3_A_19_1_1_comp1+3_A_19_1_1_comp2+3_A_19_1_1_comp3,R_3_A_19_1_1,TCDB,TCDB.3_A_19_1_1_comp1
G_3_A_19_1_1_comp2,P_3_A_19_1_1_comp1+3_A_19_1_1_comp2+3_A_19_1_1_comp3,R_3_A_19_1_1,TCDB,TCDB.3_A_19_1_1_comp2
G_3_A_19_1_1_comp3,P_3_A_19_1_1_comp1+3_A_19_1_1_comp2+3_A_19_1_1_comp3,R_3_A_19_1_1,TCDB,TCDB.3_A_19_1_1_comp3
G_9_B_433_1_5_comp1,P_9_B_433_1_5_comp1,R_9_B_433_1_5,TCDB,TCDB.9_B_433_1_5_comp1
G_1_N_7_1_1_comp1,P_1_N_7_1_1_comp1,R_1_N_7_1_1,TCDB,TCDB.1_N_7_1_1_comp1
G_1_A_12_1_2_comp1,P_1_A_12_1_2_comp1,R_1_A_12_1_2,TCDB,TCDB.1_A_12_1_2_comp1
G_8_A_22_1_4_comp1,P_8_A_22_1_4_comp1,R_8_A_22_1_4,TCDB,TCDB.8_A_22_1_4_comp1
G_8_A_40_7_1_comp1,P_8_A_40_7_1_comp1,R_8_A_40_7_1,TCDB,TCDB.8_A_40_7_1_comp1
G_2_A_41_2_3_comp1,P_2_A_41_2_3_comp1,R_2_A_41_2_3,TCDB,TCDB.2_A_41_2_3_comp1
G_2_A_41_2_13_comp1,P_2_A_41_2_13_comp1,R_2_A_41_2_13,TCDB,TCDB.2_A_41_2_13_comp1
G_2_A_23_2_5_comp1,P_2_A_23_2_5_comp1,R_2_A_23_2_5,TCDB,TCDB.2_A_23_2_5_comp1
G_2_A_1_25_1_comp1,P_2_A_1_25_1_comp1,R_2_A_1_25_1,TCDB,TCDB.2_A_1_25_1_comp1
G_3_A_18_1_1_comp1,P_3_A_18_1_1_comp1+3_A_18_1_1_comp2+3_A_18_1_1_comp3+3_A_18_1_1_comp4+3_A_18_1_1_comp5+3_A_18_1_1_comp6+3_A_18_1_1_comp7+3_A_18_1_1_comp8+3_A_18_1_1_comp9+3_A_18_1_1_comp10+3_A_18_1_1_comp11+3_A_18_1_1_comp12+3_A_18_1_1_comp13+3_A_18_1_1_comp14+3_A_18_1_1_comp15,R_3_A_18_1_1,TCDB,TCDB.3_A_18_1_1_comp1
G_3_A_18_1_1_comp2,P_3_A_18_1_1_comp1+3_A_18_1_1_comp2+3_A_18_1_1_comp3+3_A_18_1_1_comp4+3_A_18_1_1_comp5+3_A_18_1_1_comp6+3_A_18_1_1_comp7+3_A_18_1_1_comp8+3_A_18_1_1_comp9+3_A_18_1_1_comp10+3_A_18_1_1_comp11+3_A_18_1_1_comp12+3_A_18_1_1_comp13+3_A_18_1_1_comp14+3_A_18_1_1_comp15,R_3_A_18_1_1,TCDB,TCDB.3_A_18_1_1_comp2
G_3_A_18_1_1_comp3,P_3_A_18_1_1_comp1+3_A_18_1_1_comp2+3_A_18_1_1_comp3+3_A_18_1_1_comp4+3_A_18_1_1_comp5+3_A_18_1_1_comp6+3_A_18_1_1_comp7+3_A_18_1_1_comp8+3_A_18_1_1_comp9+3_A_18_1_1_comp10+3_A_18_1_1_comp11+3_A_18_1_1_comp12+3_A_18_1_1_comp13+3_A_18_1_1_comp14+3_A_18_1_1_comp15,R_3_A_18_1_1,TCDB,TCDB.3_A_18_1_1_comp3
G_3_A_18_1_1_comp4,P_3_A_18_1_1_comp1+3_A_18_1_1_comp2+3_A_18_1_1_comp3+3_A_18_1_1_comp4+3_A_18_1_1_comp5+3_A_18_1_1_comp6+3_A_18_1_1_comp7+3_A_18_1_1_comp8+3_A_18_1_1_comp9+3_A_18_1_1_comp10+3_A_18_1_1_comp11+3_A_18_1_1_comp12+3_A_18_1_1_comp13+3_A_18_1_1_comp14+3_A_18_1_1_comp15,R_3_A_18_1_1,TCDB,TCDB.3_A_18_1_1_comp4
G_3_A_18_1_1_comp5,P_3_A_18_1_1_comp1+3_A_18_1_1_comp2+3_A_18_1_1_comp3+3_A_18_1_1_comp4+3_A_18_1_1_comp5+3_A_18_1_1_comp6+3_A_18_1_1_comp7+3_A_18_1_1_comp8+3_A_18_1_1_comp9+3_A_18_1_1_comp10+3_A_18_1_1_comp11+3_A_18_1_1_comp12+3_A_18_1_1_comp13+3_A_18_1_1_comp14+3_A_18_1_1_comp15,R_3_A_18_1_1,TCDB,TCDB.3_A_18_1_1_comp5
G_3_A_18_1_1_comp6,P_3_A_18_1_1_comp1+3_A_18_1_1_comp2+3_A_18_1_1_comp3+3_A_18_1_1_comp4+3_A_18_1_1_comp5+3_A_18_1_1_comp6+3_A_18_1_1_comp7+3_A_18_1_1_comp8+3_A_18_1_1_comp9+3_A_18_1_1_comp10+3_A_18_1_1_comp11+3_A_18_1_1_comp12+3_A_18_1_1_comp13+3_A_18_1_1_comp14+3_A_18_1_1_comp15,R_3_A_18_1_1,TCDB,TCDB.3_A_18_1_1_comp6
G_3_A_18_1_1_comp7,P_3_A_18_1_1_comp1+3_A_18_1_1_comp2+3_A_18_1_1_comp3+3_A_18_1_1_comp4+3_A_18_1_1_comp5+3_A_18_1_1_comp6+3_A_18_1_1_comp7+3_A_18_1_1_comp8+3_A_18_1_1_comp9+3_A_18_1_1_comp10+3_A_18_1_1_comp11+3_A_18_1_1_comp12+3_A_18_1_1_comp13+3_A_18_1_1_comp14+3_A_18_1_1_comp15,R_3_A_18_1_1,TCDB,TCDB.3_A_18_1_1_comp7
G_3_A_18_1_1_comp8,P_3_A_18_1_1_comp1+3_A_18_1_1_comp2+3_A_18_1_1_comp3+3_A_18_1_1_comp4+3_A_18_1_1_comp5+3_A_18_1_1_comp6+3_A_18_1_1_comp7+3_A_18_1_1_comp8+3_A_18_1_1_comp9+3_A_18_1_1_comp10+3_A_18_1_1_comp11+3_A_18_1_1_comp12+3_A_18_1_1_comp13+3_A_18_1_1_comp14+3_A_18_1_1_comp15,R_3_A_18_1_1,TCDB,TCDB.3_A_18_1_1_comp8
G_3_A_18_1_1_comp9,P_3_A_18_1_1_comp1+3_A_18_1_1_comp2+3_A_18_1_1_comp3+3_A_18_1_1_comp4+3_A_18_1_1_comp5+3_A_18_1_1_comp6+3_A_18_1_1_comp7+3_A_18_1_1_comp8+3_A_18_1_1_comp9+3_A_18_1_1_comp10+3_A_18_1_1_comp11+3_A_18_1_1_comp12+3_A_18_1_1_comp13+3_A_18_1_1_comp14+3_A_18_1_1_comp15,R_3_A_18_1_1,TCDB,TCDB.3_A_18_1_1_comp9
G_3_A_18_1_1_comp10,P_3_A_18_1_1_comp1+3_A_18_1_1_comp2+3_A_18_1_1_comp3+3_A_18_1_1_comp4+3_A_18_1_1_comp5+3_A_18_1_1_comp6+3_A_18_1_1_comp7+3_A_18_1_1_comp8+3_A_18_1_1_comp9+3_A_18_1_1_comp10+3_A_18_1_1_comp11+3_A_18_1_1_comp12+3_A_18_1_1_comp13+3_A_18_1_1_comp14+3_A_18_1_1_comp15,R_3_A_18_1_1,TCDB,TCDB.3_A_18_1_1_comp10
G_3_A_18_1_1_comp11,P_3_A_18_1_1_comp1+3_A_18_1_1_comp2+3_A_18_1_1_comp3+3_A_18_1_1_comp4+3_A_18_1_1_comp5+3_A_18_1_1_comp6+3_A_18_1_1_comp7+3_A_18_1_1_comp8+3_A_18_1_1_comp9+3_A_18_1_1_comp10+3_A_18_1_1_comp11+3_A_18_1_1_comp12+3_A_18_1_1_comp13+3_A_18_1_1_comp14+3_A_18_1_1_comp15,R_3_A_18_1_1,TCDB,TCDB.3_A_18_1_1_comp11
G_3_A_18_1_1_comp12,P_3_A_18_1_1_comp1+3_A_18_1_1_comp2+3_A_18_1_1_comp3+3_A_18_1_1_comp4+3_A_18_1_1_comp5+3_A_18_1_1_comp6+3_A_18_1_1_comp7+3_A_18_1_1_comp8+3_A_18_1_1_comp9+3_A_18_1_1_comp10+3_A_18_1_1_comp11+3_A_18_1_1_comp12+3_A_18_1_1_comp13+3_A_18_1_1_comp14+3_A_18_1_1_comp15,R_3_A_18_1_1,TCDB,TCDB.3_A_18_1_1_comp12
G_3_A_18_1_1_comp13,P_3_A_18_1_1_comp1+3_A_18_1_1_comp2+3_A_18_1_1_comp3+3_A_18_1_1_comp4+3_A_18_1_1_comp5+3_A_18_1_1_comp6+3_A_18_1_1_comp7+3_A_18_1_1_comp8+3_A_18_1_1_comp9+3_A_18_1_1_comp10+3_A_18_1_1_comp11+3_A_18_1_1_comp12+3_A_18_1_1_comp13+3_A_18_1_1_comp14+3_A_18_1_1_comp15,R_3_A_18_1_1,TCDB,TCDB.3_A_18_1_1_comp13
G_3_A_18_1_1_comp14,P_3_A_18_1_1_comp1+3_A_18_1_1_comp2+3_A_18_1_1_comp3+3_A_18_1_1_comp4+3_A_18_1_1_comp5+3_A_18_1_1_comp6+3_A_18_1_1_comp7+3_A_18_1_1_comp8+3_A_18_1_1_comp9+3_A_18_1_1_comp10+3_A_18_1_1_comp11+3_A_18_1_1_comp12+3_A_18_1_1_comp13+3_A_18_1_1_comp14+3_A_18_1_1_comp15,R_3_A_18_1_1,TCDB,TCDB.3_A_18_1_1_comp14
G_3_A_18_1_1_comp15,P_3_A_18_1_1_comp1+3_A_18_1_1_comp2+3_A_18_1_1_comp3+3_A_18_1_1_comp4+3_A_18_1_1_comp5+3_A_18_1_1_comp6+3_A_18_1_1_comp7+3_A_18_1_1_comp8+3_A_18_1_1_comp9+3_A_18_1_1_comp10+3_A_18_1_1_comp11+3_A_18_1_1_comp12+3_A_18_1_1_comp13+3_A_18_1_1_comp14+3_A_18_1_1_comp15,R_3_A_18_1_1,TCDB,TCDB.3_A_18_1_1_comp15
G_1_N_6_1_2_comp1,P_1_N_6_1_2_comp1+1_N_6_1_2_comp2+1_N_6_1_2_comp3+1_N_6_1_2_comp4,R_1_N_6_1_2,TCDB,TCDB.1_N_6_1_2_comp1
G_1_N_6_1_2_comp2,P_1_N_6_1_2_comp1+1_N_6_1_2_comp2+1_N_6_1_2_comp3+1_N_6_1_2_comp4,R_1_N_6_1_2,TCDB,TCDB.1_N_6_1_2_comp2
G_1_N_6_1_2_comp3,P_1_N_6_1_2_comp1+1_N_6_1_2_comp2+1_N_6_1_2_comp3+1_N_6_1_2_comp4,R_1_N_6_1_2,TCDB,TCDB.1_N_6_1_2_comp3
G_1_N_6_1_2_comp4,P_1_N_6_1_2_comp1+1_N_6_1_2_comp2+1_N_6_1_2_comp3+1_N_6_1_2_comp4,R_1_N_6_1_2,TCDB,TCDB.1_N_6_1_2_comp4
G_8_A_74_1_3_comp1,P_8_A_74_1_3_comp1,R_8_A_74_1_3,TCDB,TCDB.8_A_74_1_3_comp1
G_1_F_2_1_2_comp1,P_1_F_2_1_2_comp1+1_F_2_1_2_comp2+1_F_2_1_2_comp3+1_F_2_1_2_comp4+1_F_2_1_2_comp5+1_F_2_1_2_comp6+1_F_2_1_2_comp7+1_F_2_1_2_comp8,R_1_F_2_1_2,TCDB,TCDB.1_F_2_1_2_comp1
G_1_F_2_1_2_comp2,P_1_F_2_1_2_comp1+1_F_2_1_2_comp2+1_F_2_1_2_comp3+1_F_2_1_2_comp4+1_F_2_1_2_comp5+1_F_2_1_2_comp6+1_F_2_1_2_comp7+1_F_2_1_2_comp8,R_1_F_2_1_2,TCDB,TCDB.1_F_2_1_2_comp2
G_1_F_2_1_2_comp3,P_1_F_2_1_2_comp1+1_F_2_1_2_comp2+1_F_2_1_2_comp3+1_F_2_1_2_comp4+1_F_2_1_2_comp5+1_F_2_1_2_comp6+1_F_2_1_2_comp7+1_F_2_1_2_comp8,R_1_F_2_1_2,TCDB,TCDB.1_F_2_1_2_comp3
G_1_F_2_1_2_comp4,P_1_F_2_1_2_comp1+1_F_2_1_2_comp2+1_F_2_1_2_comp3+1_F_2_1_2_comp4+1_F_2_1_2_comp5+1_F_2_1_2_comp6+1_F_2_1_2_comp7+1_F_2_1_2_comp8,R_1_F_2_1_2,TCDB,TCDB.1_F_2_1_2_comp4
G_1_F_2_1_2_comp5,P_1_F_2_1_2_comp1+1_F_2_1_2_comp2+1_F_2_1_2_comp3+1_F_2_1_2_comp4+1_F_2_1_2_comp5+1_F_2_1_2_comp6+1_F_2_1_2_comp7+1_F_2_1_2_comp8,R_1_F_2_1_2,TCDB,TCDB.1_F_2_1_2_comp5
G_1_F_2_1_2_comp6,P_1_F_2_1_2_comp1+1_F_2_1_2_comp2+1_F_2_1_2_comp3+1_F_2_1_2_comp4+1_F_2_1_2_comp5+1_F_2_1_2_comp6+1_F_2_1_2_comp7+1_F_2_1_2_comp8,R_1_F_2_1_2,TCDB,TCDB.1_F_2_1_2_comp6
G_1_F_2_1_2_comp7,P_1_F_2_1_2_comp1+1_F_2_1_2_comp2+1_F_2_1_2_comp3+1_F_2_1_2_comp4+1_F_2_1_2_comp5+1_F_2_1_2_comp6+1_F_2_1_2_comp7+1_F_2_1_2_comp8,R_1_F_2_1_2,TCDB,TCDB.1_F_2_1_2_comp7
G_1_F_2_1_2_comp8,P_1_F_2_1_2_comp1+1_F_2_1_2_comp2+1_F_2_1_2_comp3+1_F_2_1_2_comp4+1_F_2_1_2_comp5+1_F_2_1_2_comp6+1_F_2_1_2_comp7+1_F_2_1_2_comp8,R_1_F_2_1_2,TCDB,TCDB.1_F_2_1_2_comp8
G_2_A_1_14_28_comp1,P_2_A_1_14_28_comp1,R_2_A_1_14_28,TCDB,TCDB.2_A_1_14_28_comp1
G_9_B_208_1_4_comp1,P_9_B_208_1_4_comp1,R_9_B_208_1_4,TCDB,TCDB.9_B_208_1_4_comp1
G_1_H_1_1_16_comp1,P_1_H_1_1_16_comp1,R_1_H_1_1_16,TCDB,TCDB.1_H_1_1_16_comp1
G_8_A_90_1_1_comp1,P_8_A_90_1_1_comp1,R_8_A_90_1_1,TCDB,TCDB.8_A_90_1_1_comp1
G_1_A_1_11_27_comp1,P_1_A_1_11_27_comp1,R_1_A_1_11_27,TCDB,TCDB.1_A_1_11_27_comp1
G_8_A_24_2_1_comp1,P_8_A_24_2_1_comp1,R_8_A_24_2_1,TCDB,TCDB.8_A_24_2_1_comp1
G_9_A_78_1_1_comp1,P_9_A_78_1_1_comp1,R_9_A_78_1_1,TCDB,TCDB.9_A_78_1_1_comp1
G_9_A_14_13_35_comp1,P_9_A_14_13_35_comp1,R_9_A_14_13_35,TCDB,TCDB.9_A_14_13_35_comp1
G_8_A_187_1_1_comp1,P_8_A_187_1_1_comp1,R_8_A_187_1_1,TCDB,TCDB.8_A_187_1_1_comp1
G_3_A_20_1_1_comp1,P_3_A_20_1_1_comp1+3_A_20_1_1_comp2+3_A_20_1_1_comp3+3_A_20_1_1_comp4+3_A_20_1_1_comp5+3_A_20_1_1_comp6+3_A_20_1_1_comp7+3_A_20_1_1_comp8+3_A_20_1_1_comp9+3_A_20_1_1_comp10+3_A_20_1_1_comp11+3_A_20_1_1_comp12+3_A_20_1_1_comp13,R_3_A_20_1_1,TCDB,TCDB.3_A_20_1_1_comp1
G_3_A_20_1_1_comp2,P_3_A_20_1_1_comp1+3_A_20_1_1_comp2+3_A_20_1_1_comp3+3_A_20_1_1_comp4+3_A_20_1_1_comp5+3_A_20_1_1_comp6+3_A_20_1_1_comp7+3_A_20_1_1_comp8+3_A_20_1_1_comp9+3_A_20_1_1_comp10+3_A_20_1_1_comp11+3_A_20_1_1_comp12+3_A_20_1_1_comp13,R_3_A_20_1_1,TCDB,TCDB.3_A_20_1_1_comp2
G_3_A_20_1_1_comp3,P_3_A_20_1_1_comp1+3_A_20_1_1_comp2+3_A_20_1_1_comp3+3_A_20_1_1_comp4+3_A_20_1_1_comp5+3_A_20_1_1_comp6+3_A_20_1_1_comp7+3_A_20_1_1_comp8+3_A_20_1_1_comp9+3_A_20_1_1_comp10+3_A_20_1_1_comp11+3_A_20_1_1_comp12+3_A_20_1_1_comp13,R_3_A_20_1_1,TCDB,TCDB.3_A_20_1_1_comp3
G_3_A_20_1_1_comp4,P_3_A_20_1_1_comp1+3_A_20_1_1_comp2+3_A_20_1_1_comp3+3_A_20_1_1_comp4+3_A_20_1_1_comp5+3_A_20_1_1_comp6+3_A_20_1_1_comp7+3_A_20_1_1_comp8+3_A_20_1_1_comp9+3_A_20_1_1_comp10+3_A_20_1_1_comp11+3_A_20_1_1_comp12+3_A_20_1_1_comp13,R_3_A_20_1_1,TCDB,TCDB.3_A_20_1_1_comp4
G_3_A_20_1_1_comp5,P_3_A_20_1_1_comp1+3_A_20_1_1_comp2+3_A_20_1_1_comp3+3_A_20_1_1_comp4+3_A_20_1_1_comp5+3_A_20_1_1_comp6+3_A_20_1_1_comp7+3_A_20_1_1_comp8+3_A_20_1_1_comp9+3_A_20_1_1_comp10+3_A_20_1_1_comp11+3_A_20_1_1_comp12+3_A_20_1_1_comp13,R_3_A_20_1_1,TCDB,TCDB.3_A_20_1_1_comp5
G_3_A_20_1_1_comp6,P_3_A_20_1_1_comp1+3_A_20_1_1_comp2+3_A_20_1_1_comp3+3_A_20_1_1_comp4+3_A_20_1_1_comp5+3_A_20_1_1_comp6+3_A_20_1_1_comp7+3_A_20_1_1_comp8+3_A_20_1_1_comp9+3_A_20_1_1_comp10+3_A_20_1_1_comp11+3_A_20_1_1_comp12+3_A_20_1_1_comp13,R_3_A_20_1_1,TCDB,TCDB.3_A_20_1_1_comp6
G_3_A_20_1_1_comp7,P_3_A_20_1_1_comp1+3_A_20_1_1_comp2+3_A_20_1_1_comp3+3_A_20_1_1_comp4+3_A_20_1_1_comp5+3_A_20_1_1_comp6+3_A_20_1_1_comp7+3_A_20_1_1_comp8+3_A_20_1_1_comp9+3_A_20_1_1_comp10+3_A_20_1_1_comp11+3_A_20_1_1_comp12+3_A_20_1_1_comp13,R_3_A_20_1_1,TCDB,TCDB.3_A_20_1_1_comp7
G_3_A_20_1_1_comp8,P_3_A_20_1_1_comp1+3_A_20_1_1_comp2+3_A_20_1_1_comp3+3_A_20_1_1_comp4+3_A_20_1_1_comp5+3_A_20_1_1_comp6+3_A_20_1_1_comp7+3_A_20_1_1_comp8+3_A_20_1_1_comp9+3_A_20_1_1_comp10+3_A_20_1_1_comp11+3_A_20_1_1_comp12+3_A_20_1_1_comp13,R_3_A_20_1_1,TCDB,TCDB.3_A_20_1_1_comp8
G_3_A_20_1_1_comp9,P_3_A_20_1_1_comp1+3_A_20_1_1_comp2+3_A_20_1_1_comp3+3_A_20_1_1_comp4+3_A_20_1_1_comp5+3_A_20_1_1_comp6+3_A_20_1_1_comp7+3_A_20_1_1_comp8+3_A_20_1_1_comp9+3_A_20_1_1_comp10+3_A_20_1_1_comp11+3_A_20_1_1_comp12+3_A_20_1_1_comp13,R_3_A_20_1_1,TCDB,TCDB.3_A_20_1_1_comp9
G_3_A_20_1_1_comp10,P_3_A_20_1_1_comp1+3_A_20_1_1_comp2+3_A_20_1_1_comp3+3_A_20_1_1_comp4+3_A_20_1_1_comp5+3_A_20_1_1_comp6+3_A_20_1_1_comp7+3_A_20_1_1_comp8+3_A_20_1_1_comp9+3_A_20_1_1_comp10+3_A_20_1_1_comp11+3_A_20_1_1_comp12+3_A_20_1_1_comp13,R_3_A_20_1_1,TCDB,TCDB.3_A_20_1_1_comp10
G_3_A_20_1_1_comp11,P_3_A_20_1_1_comp1+3_A_20_1_1_comp2+3_A_20_1_1_comp3+3_A_20_1_1_comp4+3_A_20_1_1_comp5+3_A_20_1_1_comp6+3_A_20_1_1_comp7+3_A_20_1_1_comp8+3_A_20_1_1_comp9+3_A_20_1_1_comp10+3_A_20_1_1_comp11+3_A_20_1_1_comp12+3_A_20_1_1_comp13,R_3_A_20_1_1,TCDB,TCDB.3_A_20_1_1_comp11
G_3_A_20_1_1_comp12,P_3_A_20_1_1_comp1+3_A_20_1_1_comp2+3_A_20_1_1_comp3+3_A_20_1_1_comp4+3_A_20_1_1_comp5+3_A_20_1_1_comp6+3_A_20_1_1_comp7+3_A_20_1_1_comp8+3_A_20_1_1_comp9+3_A_20_1_1_comp10+3_A_20_1_1_comp11+3_A_20_1_1_comp12+3_A_20_1_1_comp13,R_3_A_20_1_1,TCDB,TCDB.3_A_20_1_1_comp12
G_3_A_20_1_1_comp13,P_3_A_20_1_1_comp1+3_A_20_1_1_comp2+3_A_20_1_1_comp3+3_A_20_1_1_comp4+3_A_20_1_1_comp5+3_A_20_1_1_comp6+3_A_20_1_1_comp7+3_A_20_1_1_comp8+3_A_20_1_1_comp9+3_A_20_1_1_comp10+3_A_20_1_1_comp11+3_A_20_1_1_comp12+3_A_20_1_1_comp13,R_3_A_20_1_1,TCDB,TCDB.3_A_20_1_1_comp13
G_2_A_1_14_29_comp1,P_2_A_1_14_29_comp1,R_2_A_1_14_29,TCDB,TCDB.2_A_1_14_29_comp1
G_1_A_50_2_1_comp1,P_1_A_50_2_1_comp1,R_1_A_50_2_1,TCDB,TCDB.1_A_50_2_1_comp1
G_9_B_87_3_1_comp1,P_9_B_87_3_1_comp1+9_B_87_3_1_comp2+9_B_87_3_1_comp3,R_9_B_87_3_1,TCDB,TCDB.9_B_87_3_1_comp1
G_9_B_87_3_1_comp2,P_9_B_87_3_1_comp1+9_B_87_3_1_comp2+9_B_87_3_1_comp3,R_9_B_87_3_1,TCDB,TCDB.9_B_87_3_1_comp2
G_9_B_87_3_1_comp3,P_9_B_87_3_1_comp1+9_B_87_3_1_comp2+9_B_87_3_1_comp3,R_9_B_87_3_1,TCDB,TCDB.9_B_87_3_1_comp3
G_1_A_1_10_10_comp1,P_1_A_1_10_10_comp1,R_1_A_1_10_10,TCDB,TCDB.1_A_1_10_10_comp1
G_1_F_1_1_3_comp1,P_1_F_1_1_3_comp1+1_F_1_1_3_comp2+1_F_1_1_3_comp3+1_F_1_1_3_comp4+1_F_1_1_3_comp5+1_F_1_1_3_comp6+1_F_1_1_3_comp7+1_F_1_1_3_comp8+1_F_1_1_3_comp9+1_F_1_1_3_comp10+1_F_1_1_3_comp11+1_F_1_1_3_comp12,R_1_F_1_1_3,TCDB,TCDB.1_F_1_1_3_comp1
G_1_F_1_1_3_comp2,P_1_F_1_1_3_comp1+1_F_1_1_3_comp2+1_F_1_1_3_comp3+1_F_1_1_3_comp4+1_F_1_1_3_comp5+1_F_1_1_3_comp6+1_F_1_1_3_comp7+1_F_1_1_3_comp8+1_F_1_1_3_comp9+1_F_1_1_3_comp10+1_F_1_1_3_comp11+1_F_1_1_3_comp12,R_1_F_1_1_3,TCDB,TCDB.1_F_1_1_3_comp2
G_1_F_1_1_3_comp3,P_1_F_1_1_3_comp1+1_F_1_1_3_comp2+1_F_1_1_3_comp3+1_F_1_1_3_comp4+1_F_1_1_3_comp5+1_F_1_1_3_comp6+1_F_1_1_3_comp7+1_F_1_1_3_comp8+1_F_1_1_3_comp9+1_F_1_1_3_comp10+1_F_1_1_3_comp11+1_F_1_1_3_comp12,R_1_F_1_1_3,TCDB,TCDB.1_F_1_1_3_comp3
G_1_F_1_1_3_comp4,P_1_F_1_1_3_comp1+1_F_1_1_3_comp2+1_F_1_1_3_comp3+1_F_1_1_3_comp4+1_F_1_1_3_comp5+1_F_1_1_3_comp6+1_F_1_1_3_comp7+1_F_1_1_3_comp8+1_F_1_1_3_comp9+1_F_1_1_3_comp10+1_F_1_1_3_comp11+1_F_1_1_3_comp12,R_1_F_1_1_3,TCDB,TCDB.1_F_1_1_3_comp4
G_1_F_1_1_3_comp5,P_1_F_1_1_3_comp1+1_F_1_1_3_comp2+1_F_1_1_3_comp3+1_F_1_1_3_comp4+1_F_1_1_3_comp5+1_F_1_1_3_comp6+1_F_1_1_3_comp7+1_F_1_1_3_comp8+1_F_1_1_3_comp9+1_F_1_1_3_comp10+1_F_1_1_3_comp11+1_F_1_1_3_comp12,R_1_F_1_1_3,TCDB,TCDB.1_F_1_1_3_comp5
G_1_F_1_1_3_comp6,P_1_F_1_1_3_comp1+1_F_1_1_3_comp2+1_F_1_1_3_comp3+1_F_1_1_3_comp4+1_F_1_1_3_comp5+1_F_1_1_3_comp6+1_F_1_1_3_comp7+1_F_1_1_3_comp8+1_F_1_1_3_comp9+1_F_1_1_3_comp10+1_F_1_1_3_comp11+1_F_1_1_3_comp12,R_1_F_1_1_3,TCDB,TCDB.1_F_1_1_3_comp6
G_1_F_1_1_3_comp7,P_1_F_1_1_3_comp1+1_F_1_1_3_comp2+1_F_1_1_3_comp3+1_F_1_1_3_comp4+1_F_1_1_3_comp5+1_F_1_1_3_comp6+1_F_1_1_3_comp7+1_F_1_1_3_comp8+1_F_1_1_3_comp9+1_F_1_1_3_comp10+1_F_1_1_3_comp11+1_F_1_1_3_comp12,R_1_F_1_1_3,TCDB,TCDB.1_F_1_1_3_comp7
G_1_F_1_1_3_comp8,P_1_F_1_1_3_comp1+1_F_1_1_3_comp2+1_F_1_1_3_comp3+1_F_1_1_3_comp4+1_F_1_1_3_comp5+1_F_1_1_3_comp6+1_F_1_1_3_comp7+1_F_1_1_3_comp8+1_F_1_1_3_comp9+1_F_1_1_3_comp10+1_F_1_1_3_comp11+1_F_1_1_3_comp12,R_1_F_1_1_3,TCDB,TCDB.1_F_1_1_3_comp8
G_1_F_1_1_3_comp9,P_1_F_1_1_3_comp1+1_F_1_1_3_comp2+1_F_1_1_3_comp3+1_F_1_1_3_comp4+1_F_1_1_3_comp5+1_F_1_1_3_comp6+1_F_1_1_3_comp7+1_F_1_1_3_comp8+1_F_1_1_3_comp9+1_F_1_1_3_comp10+1_F_1_1_3_comp11+1_F_1_1_3_comp12,R_1_F_1_1_3,TCDB,TCDB.1_F_1_1_3_comp9
G_1_F_1_1_3_comp10,P_1_F_1_1_3_comp1+1_F_1_1_3_comp2+1_F_1_1_3_comp3+1_F_1_1_3_comp4+1_F_1_1_3_comp5+1_F_1_1_3_comp6+1_F_1_1_3_comp7+1_F_1_1_3_comp8+1_F_1_1_3_comp9+1_F_1_1_3_comp10+1_F_1_1_3_comp11+1_F_1_1_3_comp12,R_1_F_1_1_3,TCDB,TCDB.1_F_1_1_3_comp10
G_1_F_1_1_3_comp11,P_1_F_1_1_3_comp1+1_F_1_1_3_comp2+1_F_1_1_3_comp3+1_F_1_1_3_comp4+1_F_1_1_3_comp5+1_F_1_1_3_comp6+1_F_1_1_3_comp7+1_F_1_1_3_comp8+1_F_1_1_3_comp9+1_F_1_1_3_comp10+1_F_1_1_3_comp11+1_F_1_1_3_comp12,R_1_F_1_1_3,TCDB,TCDB.1_F_1_1_3_comp11
G_1_F_1_1_3_comp12,P_1_F_1_1_3_comp1+1_F_1_1_3_comp2+1_F_1_1_3_comp3+1_F_1_1_3_comp4+1_F_1_1_3_comp5+1_F_1_1_3_comp6+1_F_1_1_3_comp7+1_F_1_1_3_comp8+1_F_1_1_3_comp9+1_F_1_1_3_comp10+1_F_1_1_3_comp11+1_F_1_1_3_comp12,R_1_F_1_1_3,TCDB,TCDB.1_F_1_1_3_comp12
G_1_A_6_2_2_comp1,P_1_A_6_2_2_comp1+1_A_6_2_2_comp2+1_A_6_2_2_comp3+1_A_6_2_2_comp4,R_1_A_6_2_2,TCDB,TCDB.1_A_6_2_2_comp1
G_1_A_6_2_2_comp2,P_1_A_6_2_2_comp1+1_A_6_2_2_comp2+1_A_6_2_2_comp3+1_A_6_2_2_comp4,R_1_A_6_2_2,TCDB,TCDB.1_A_6_2_2_comp2
G_1_A_6_2_2_comp3,P_1_A_6_2_2_comp1+1_A_6_2_2_comp2+1_A_6_2_2_comp3+1_A_6_2_2_comp4,R_1_A_6_2_2,TCDB,TCDB.1_A_6_2_2_comp3
G_1_A_6_2_2_comp4,P_1_A_6_2_2_comp1+1_A_6_2_2_comp2+1_A_6_2_2_comp3+1_A_6_2_2_comp4,R_1_A_6_2_2,TCDB,TCDB.1_A_6_2_2_comp4
G_2_A_17_4_10_comp1,P_2_A_17_4_10_comp1,R_2_A_17_4_10,TCDB,TCDB.2_A_17_4_10_comp1
G_1_A_1_11_14_comp1,P_1_A_1_11_14_comp1,R_1_A_1_11_14,TCDB,TCDB.1_A_1_11_14_comp1
G_8_A_63_1_5_comp1,P_8_A_63_1_5_comp1,R_8_A_63_1_5,TCDB,TCDB.8_A_63_1_5_comp1
G_2_A_7_12_10_comp1,P_2_A_7_12_10_comp1,R_2_A_7_12_10,TCDB,TCDB.2_A_7_12_10_comp1
G_2_A_1_19_5_comp1,P_2_A_1_19_5_comp1,R_2_A_1_19_5,TCDB,TCDB.2_A_1_19_5_comp1
G_1_E_29_2_4_comp1,P_1_E_29_2_4_comp1,R_1_E_29_2_4,TCDB,TCDB.1_E_29_2_4_comp1
G_1_E_24_1_1_comp1,P_1_E_24_1_1_comp1,R_1_E_24_1_1,TCDB,TCDB.1_E_24_1_1_comp1
G_2_A_19_4_8_comp1,P_2_A_19_4_8_comp1,R_2_A_19_4_8,TCDB,TCDB.2_A_19_4_8_comp1
G_2_A_1_1_97_comp1,P_2_A_1_1_97_comp1,R_2_A_1_1_97,TCDB,TCDB.2_A_1_1_97_comp1
G_8_A_68_1_7_comp1,P_8_A_68_1_7_comp1,R_8_A_68_1_7,TCDB,TCDB.8_A_68_1_7_comp1
G_2_A_29_6_2_comp1,P_2_A_29_6_2_comp1,R_2_A_29_6_2,TCDB,TCDB.2_A_29_6_2_comp1
G_8_A_155_1_1_comp1,P_8_A_155_1_1_comp1,R_8_A_155_1_1,TCDB,TCDB.8_A_155_1_1_comp1
G_2_A_29_23_4_comp1,P_2_A_29_23_4_comp1,R_2_A_29_23_4,TCDB,TCDB.2_A_29_23_4_comp1
G_9_A_14_5_2_comp1,P_9_A_14_5_2_comp1,R_9_A_14_5_2,TCDB,TCDB.9_A_14_5_2_comp1
G_1_B_16_1_1_comp1,P_1_B_16_1_1_comp1,R_1_B_16_1_1,TCDB,TCDB.1_B_16_1_1_comp1
G_3_A_1_2_5_comp1,P_3_A_1_2_5_comp1+3_A_1_2_5_comp2+3_A_1_2_5_comp3,R_3_A_1_2_5,TCDB,TCDB.3_A_1_2_5_comp1
G_3_A_1_2_5_comp2,P_3_A_1_2_5_comp1+3_A_1_2_5_comp2+3_A_1_2_5_comp3,R_3_A_1_2_5,TCDB,TCDB.3_A_1_2_5_comp2
G_3_A_1_2_5_comp3,P_3_A_1_2_5_comp1+3_A_1_2_5_comp2+3_A_1_2_5_comp3,R_3_A_1_2_5,TCDB,TCDB.3_A_1_2_5_comp3
G_2_A_51_1_5_comp1,P_2_A_51_1_5_comp1+2_A_51_1_5_comp2,R_2_A_51_1_5,TCDB,TCDB.2_A_51_1_5_comp1
G_2_A_51_1_5_comp2,P_2_A_51_1_5_comp1+2_A_51_1_5_comp2,R_2_A_51_1_5,TCDB,TCDB.2_A_51_1_5_comp2
G_2_A_63_1_4_comp1,P_2_A_63_1_4_comp1+2_A_63_1_4_comp2+2_A_63_1_4_comp3+2_A_63_1_4_comp4+2_A_63_1_4_comp5+2_A_63_1_4_comp6+2_A_63_1_4_comp7,R_2_A_63_1_4,TCDB,TCDB.2_A_63_1_4_comp1
G_2_A_63_1_4_comp2,P_2_A_63_1_4_comp1+2_A_63_1_4_comp2+2_A_63_1_4_comp3+2_A_63_1_4_comp4+2_A_63_1_4_comp5+2_A_63_1_4_comp6+2_A_63_1_4_comp7,R_2_A_63_1_4,TCDB,TCDB.2_A_63_1_4_comp2
G_2_A_63_1_4_comp3,P_2_A_63_1_4_comp1+2_A_63_1_4_comp2+2_A_63_1_4_comp3+2_A_63_1_4_comp4+2_A_63_1_4_comp5+2_A_63_1_4_comp6+2_A_63_1_4_comp7,R_2_A_63_1_4,TCDB,TCDB.2_A_63_1_4_comp3
G_2_A_63_1_4_comp4,P_2_A_63_1_4_comp1+2_A_63_1_4_comp2+2_A_63_1_4_comp3+2_A_63_1_4_comp4+2_A_63_1_4_comp5+2_A_63_1_4_comp6+2_A_63_1_4_comp7,R_2_A_63_1_4,TCDB,TCDB.2_A_63_1_4_comp4
G_2_A_63_1_4_comp5,P_2_A_63_1_4_comp1+2_A_63_1_4_comp2+2_A_63_1_4_comp3+2_A_63_1_4_comp4+2_A_63_1_4_comp5+2_A_63_1_4_comp6+2_A_63_1_4_comp7,R_2_A_63_1_4,TCDB,TCDB.2_A_63_1_4_comp5
G_2_A_63_1_4_comp6,P_2_A_63_1_4_comp1+2_A_63_1_4_comp2+2_A_63_1_4_comp3+2_A_63_1_4_comp4+2_A_63_1_4_comp5+2_A_63_1_4_comp6+2_A_63_1_4_comp7,R_2_A_63_1_4,TCDB,TCDB.2_A_63_1_4_comp6
G_2_A_63_1_4_comp7,P_2_A_63_1_4_comp1+2_A_63_1_4_comp2+2_A_63_1_4_comp3+2_A_63_1_4_comp4+2_A_63_1_4_comp5+2_A_63_1_4_comp6+2_A_63_1_4_comp7,R_2_A_63_1_4,TCDB,TCDB.2_A_63_1_4_comp7
G_2_A_24_2_3_comp1,P_2_A_24_2_3_comp1,R_2_A_24_2_3,TCDB,TCDB.2_A_24_2_3_comp1
G_4_C_1_1_3_comp1,P_4_C_1_1_3_comp1,R_4_C_1_1_3,TCDB,TCDB.4_C_1_1_3_comp1
G_1_A_77_2_7_comp1,P_1_A_77_2_7_comp1,R_1_A_77_2_7,TCDB,TCDB.1_A_77_2_7_comp1
G_3_A_1_16_2_comp1,P_3_A_1_16_2_comp1+3_A_1_16_2_comp2+3_A_1_16_2_comp3,R_3_A_1_16_2,TCDB,TCDB.3_A_1_16_2_comp1
G_3_A_1_16_2_comp2,P_3_A_1_16_2_comp1+3_A_1_16_2_comp2+3_A_1_16_2_comp3,R_3_A_1_16_2,TCDB,TCDB.3_A_1_16_2_comp2
G_3_A_1_16_2_comp3,P_3_A_1_16_2_comp1+3_A_1_16_2_comp2+3_A_1_16_2_comp3,R_3_A_1_16_2,TCDB,TCDB.3_A_1_16_2_comp3
G_1_C_3_2_1_comp1,P_1_C_3_2_1_comp1,R_1_C_3_2_1,TCDB,TCDB.1_C_3_2_1_comp1
G_2_A_1_18_3_comp1,P_2_A_1_18_3_comp1,R_2_A_1_18_3,TCDB,TCDB.2_A_1_18_3_comp1
G_2_A_11_1_5_comp1,P_2_A_11_1_5_comp1,R_2_A_11_1_5,TCDB,TCDB.2_A_11_1_5_comp1
G_2_A_66_4_4_comp1,P_2_A_66_4_4_comp1,R_2_A_66_4_4,TCDB,TCDB.2_A_66_4_4_comp1
G_1_B_164_1_1_comp1,P_1_B_164_1_1_comp1,R_1_B_164_1_1,TCDB,TCDB.1_B_164_1_1_comp1
G_3_A_24_2_1_comp1,P_3_A_24_2_1_comp1+3_A_24_2_1_comp2+3_A_24_2_1_comp3+3_A_24_2_1_comp4,R_3_A_24_2_1,TCDB,TCDB.3_A_24_2_1_comp1
G_3_A_24_2_1_comp2,P_3_A_24_2_1_comp1+3_A_24_2_1_comp2+3_A_24_2_1_comp3+3_A_24_2_1_comp4,R_3_A_24_2_1,TCDB,TCDB.3_A_24_2_1_comp2
G_3_A_24_2_1_comp3,P_3_A_24_2_1_comp1+3_A_24_2_1_comp2+3_A_24_2_1_comp3+3_A_24_2_1_comp4,R_3_A_24_2_1,TCDB,TCDB.3_A_24_2_1_comp3
G_3_A_24_2_1_comp4,P_3_A_24_2_1_comp1+3_A_24_2_1_comp2+3_A_24_2_1_comp3+3_A_24_2_1_comp4,R_3_A_24_2_1,TCDB,TCDB.3_A_24_2_1_comp4
G_3_A_24_1_1_comp1,P_3_A_24_1_1_comp1+3_A_24_1_1_comp2+3_A_24_1_1_comp3+3_A_24_1_1_comp4+3_A_24_1_1_comp5+3_A_24_1_1_comp6+3_A_24_1_1_comp7+3_A_24_1_1_comp8+3_A_24_1_1_comp9+3_A_24_1_1_comp10+3_A_24_1_1_comp11+3_A_24_1_1_comp12,R_3_A_24_1_1,TCDB,TCDB.3_A_24_1_1_comp1
G_3_A_24_1_1_comp2,P_3_A_24_1_1_comp1+3_A_24_1_1_comp2+3_A_24_1_1_comp3+3_A_24_1_1_comp4+3_A_24_1_1_comp5+3_A_24_1_1_comp6+3_A_24_1_1_comp7+3_A_24_1_1_comp8+3_A_24_1_1_comp9+3_A_24_1_1_comp10+3_A_24_1_1_comp11+3_A_24_1_1_comp12,R_3_A_24_1_1,TCDB,TCDB.3_A_24_1_1_comp2
G_3_A_24_1_1_comp3,P_3_A_24_1_1_comp1+3_A_24_1_1_comp2+3_A_24_1_1_comp3+3_A_24_1_1_comp4+3_A_24_1_1_comp5+3_A_24_1_1_comp6+3_A_24_1_1_comp7+3_A_24_1_1_comp8+3_A_24_1_1_comp9+3_A_24_1_1_comp10+3_A_24_1_1_comp11+3_A_24_1_1_comp12,R_3_A_24_1_1,TCDB,TCDB.3_A_24_1_1_comp3
G_3_A_24_1_1_comp4,P_3_A_24_1_1_comp1+3_A_24_1_1_comp2+3_A_24_1_1_comp3+3_A_24_1_1_comp4+3_A_24_1_1_comp5+3_A_24_1_1_comp6+3_A_24_1_1_comp7+3_A_24_1_1_comp8+3_A_24_1_1_comp9+3_A_24_1_1_comp10+3_A_24_1_1_comp11+3_A_24_1_1_comp12,R_3_A_24_1_1,TCDB,TCDB.3_A_24_1_1_comp4
G_3_A_24_1_1_comp5,P_3_A_24_1_1_comp1+3_A_24_1_1_comp2+3_A_24_1_1_comp3+3_A_24_1_1_comp4+3_A_24_1_1_comp5+3_A_24_1_1_comp6+3_A_24_1_1_comp7+3_A_24_1_1_comp8+3_A_24_1_1_comp9+3_A_24_1_1_comp10+3_A_24_1_1_comp11+3_A_24_1_1_comp12,R_3_A_24_1_1,TCDB,TCDB.3_A_24_1_1_comp5
G_3_A_24_1_1_comp6,P_3_A_24_1_1_comp1+3_A_24_1_1_comp2+3_A_24_1_1_comp3+3_A_24_1_1_comp4+3_A_24_1_1_comp5+3_A_24_1_1_comp6+3_A_24_1_1_comp7+3_A_24_1_1_comp8+3_A_24_1_1_comp9+3_A_24_1_1_comp10+3_A_24_1_1_comp11+3_A_24_1_1_comp12,R_3_A_24_1_1,TCDB,TCDB.3_A_24_1_1_comp6
G_3_A_24_1_1_comp7,P_3_A_24_1_1_comp1+3_A_24_1_1_comp2+3_A_24_1_1_comp3+3_A_24_1_1_comp4+3_A_24_1_1_comp5+3_A_24_1_1_comp6+3_A_24_1_1_comp7+3_A_24_1_1_comp8+3_A_24_1_1_comp9+3_A_24_1_1_comp10+3_A_24_1_1_comp11+3_A_24_1_1_comp12,R_3_A_24_1_1,TCDB,TCDB.3_A_24_1_1_comp7
G_3_A_24_1_1_comp8,P_3_A_24_1_1_comp1+3_A_24_1_1_comp2+3_A_24_1_1_comp3+3_A_24_1_1_comp4+3_A_24_1_1_comp5+3_A_24_1_1_comp6+3_A_24_1_1_comp7+3_A_24_1_1_comp8+3_A_24_1_1_comp9+3_A_24_1_1_comp10+3_A_24_1_1_comp11+3_A_24_1_1_comp12,R_3_A_24_1_1,TCDB,TCDB.3_A_24_1_1_comp8
G_3_A_24_1_1_comp9,P_3_A_24_1_1_comp1+3_A_24_1_1_comp2+3_A_24_1_1_comp3+3_A_24_1_1_comp4+3_A_24_1_1_comp5+3_A_24_1_1_comp6+3_A_24_1_1_comp7+3_A_24_1_1_comp8+3_A_24_1_1_comp9+3_A_24_1_1_comp10+3_A_24_1_1_comp11+3_A_24_1_1_comp12,R_3_A_24_1_1,TCDB,TCDB.3_A_24_1_1_comp9
G_3_A_24_1_1_comp10,P_3_A_24_1_1_comp1+3_A_24_1_1_comp2+3_A_24_1_1_comp3+3_A_24_1_1_comp4+3_A_24_1_1_comp5+3_A_24_1_1_comp6+3_A_24_1_1_comp7+3_A_24_1_1_comp8+3_A_24_1_1_comp9+3_A_24_1_1_comp10+3_A_24_1_1_comp11+3_A_24_1_1_comp12,R_3_A_24_1_1,TCDB,TCDB.3_A_24_1_1_comp10
G_3_A_24_1_1_comp11,P_3_A_24_1_1_comp1+3_A_24_1_1_comp2+3_A_24_1_1_comp3+3_A_24_1_1_comp4+3_A_24_1_1_comp5+3_A_24_1_1_comp6+3_A_24_1_1_comp7+3_A_24_1_1_comp8+3_A_24_1_1_comp9+3_A_24_1_1_comp10+3_A_24_1_1_comp11+3_A_24_1_1_comp12,R_3_A_24_1_1,TCDB,TCDB.3_A_24_1_1_comp11
G_3_A_24_1_1_comp12,P_3_A_24_1_1_comp1+3_A_24_1_1_comp2+3_A_24_1_1_comp3+3_A_24_1_1_comp4+3_A_24_1_1_comp5+3_A_24_1_1_comp6+3_A_24_1_1_comp7+3_A_24_1_1_comp8+3_A_24_1_1_comp9+3_A_24_1_1_comp10+3_A_24_1_1_comp11+3_A_24_1_1_comp12,R_3_A_24_1_1,TCDB,TCDB.3_A_24_1_1_comp12
G_2_A_77_1_1_comp1,P_2_A_77_1_1_comp1,R_2_A_77_1_1,TCDB,TCDB.2_A_77_1_1_comp1
G_4_A_3_2_10_comp1,P_4_A_3_2_10_comp1+4_A_3_2_10_comp2+4_A_3_2_10_comp3,R_4_A_3_2_10,TCDB,TCDB.4_A_3_2_10_comp1
G_4_A_3_2_10_comp2,P_4_A_3_2_10_comp1+4_A_3_2_10_comp2+4_A_3_2_10_comp3,R_4_A_3_2_10,TCDB,TCDB.4_A_3_2_10_comp2
G_4_A_3_2_10_comp3,P_4_A_3_2_10_comp1+4_A_3_2_10_comp2+4_A_3_2_10_comp3,R_4_A_3_2_10,TCDB,TCDB.4_A_3_2_10_comp3
G_2_A_64_3_2_comp1,P_2_A_64_3_2_comp1+2_A_64_3_2_comp2,R_2_A_64_3_2,TCDB,TCDB.2_A_64_3_2_comp1
G_2_A_64_3_2_comp2,P_2_A_64_3_2_comp1+2_A_64_3_2_comp2,R_2_A_64_3_2,TCDB,TCDB.2_A_64_3_2_comp2
G_3_A_1_110_3_comp1,P_3_A_1_110_3_comp1+3_A_1_110_3_comp2,R_3_A_1_110_3,TCDB,TCDB.3_A_1_110_3_comp1
G_3_A_1_110_3_comp2,P_3_A_1_110_3_comp1+3_A_1_110_3_comp2,R_3_A_1_110_3,TCDB,TCDB.3_A_1_110_3_comp2
G_3_A_1_15_3_comp1,P_3_A_1_15_3_comp1+3_A_1_15_3_comp2+3_A_1_15_3_comp3+3_A_1_15_3_comp4,R_3_A_1_15_3,TCDB,TCDB.3_A_1_15_3_comp1
G_3_A_1_15_3_comp2,P_3_A_1_15_3_comp1+3_A_1_15_3_comp2+3_A_1_15_3_comp3+3_A_1_15_3_comp4,R_3_A_1_15_3,TCDB,TCDB.3_A_1_15_3_comp2
G_3_A_1_15_3_comp3,P_3_A_1_15_3_comp1+3_A_1_15_3_comp2+3_A_1_15_3_comp3+3_A_1_15_3_comp4,R_3_A_1_15_3,TCDB,TCDB.3_A_1_15_3_comp3
G_3_A_1_15_3_comp4,P_3_A_1_15_3_comp1+3_A_1_15_3_comp2+3_A_1_15_3_comp3+3_A_1_15_3_comp4,R_3_A_1_15_3,TCDB,TCDB.3_A_1_15_3_comp4
G_2_A_52_1_7_comp1,P_2_A_52_1_7_comp1,R_2_A_52_1_7,TCDB,TCDB.2_A_52_1_7_comp1
G_3_A_1_7_4_comp1,P_3_A_1_7_4_comp1+3_A_1_7_4_comp2+3_A_1_7_4_comp3+3_A_1_7_4_comp4,R_3_A_1_7_4,TCDB,TCDB.3_A_1_7_4_comp1
G_3_A_1_7_4_comp2,P_3_A_1_7_4_comp1+3_A_1_7_4_comp2+3_A_1_7_4_comp3+3_A_1_7_4_comp4,R_3_A_1_7_4,TCDB,TCDB.3_A_1_7_4_comp2
G_3_A_1_7_4_comp3,P_3_A_1_7_4_comp1+3_A_1_7_4_comp2+3_A_1_7_4_comp3+3_A_1_7_4_comp4,R_3_A_1_7_4,TCDB,TCDB.3_A_1_7_4_comp3
G_3_A_1_7_4_comp4,P_3_A_1_7_4_comp1+3_A_1_7_4_comp2+3_A_1_7_4_comp3+3_A_1_7_4_comp4,R_3_A_1_7_4,TCDB,TCDB.3_A_1_7_4_comp4
G_2_A_12_1_5_comp1,P_2_A_12_1_5_comp1,R_2_A_12_1_5,TCDB,TCDB.2_A_12_1_5_comp1
G_2_A_1_3_48_comp1,P_2_A_1_3_48_comp1,R_2_A_1_3_48,TCDB,TCDB.2_A_1_3_48_comp1
G_3_A_1_27_5_comp1,P_3_A_1_27_5_comp1+3_A_1_27_5_comp2+3_A_1_27_5_comp3+3_A_1_27_5_comp4+3_A_1_27_5_comp5,R_3_A_1_27_5,TCDB,TCDB.3_A_1_27_5_comp1
G_3_A_1_27_5_comp2,P_3_A_1_27_5_comp1+3_A_1_27_5_comp2+3_A_1_27_5_comp3+3_A_1_27_5_comp4+3_A_1_27_5_comp5,R_3_A_1_27_5,TCDB,TCDB.3_A_1_27_5_comp2
G_3_A_1_27_5_comp3,P_3_A_1_27_5_comp1+3_A_1_27_5_comp2+3_A_1_27_5_comp3+3_A_1_27_5_comp4+3_A_1_27_5_comp5,R_3_A_1_27_5,TCDB,TCDB.3_A_1_27_5_comp3
G_3_A_1_27_5_comp4,P_3_A_1_27_5_comp1+3_A_1_27_5_comp2+3_A_1_27_5_comp3+3_A_1_27_5_comp4+3_A_1_27_5_comp5,R_3_A_1_27_5,TCDB,TCDB.3_A_1_27_5_comp4
G_3_A_1_27_5_comp5,P_3_A_1_27_5_comp1+3_A_1_27_5_comp2+3_A_1_27_5_comp3+3_A_1_27_5_comp4+3_A_1_27_5_comp5,R_3_A_1_27_5,TCDB,TCDB.3_A_1_27_5_comp5
G_2_A_1_32_3_comp1,P_2_A_1_32_3_comp1,R_2_A_1_32_3,TCDB,TCDB.2_A_1_32_3_comp1
G_1_C_106_1_4_comp1,P_1_C_106_1_4_comp1,R_1_C_106_1_4,TCDB,TCDB.1_C_106_1_4_comp1
G_1_C_42_1_7_comp1,P_1_C_42_1_7_comp1,R_1_C_42_1_7,TCDB,TCDB.1_C_42_1_7_comp1
G_2_A_1_32_1_comp1,P_2_A_1_32_1_comp1,R_2_A_1_32_1,TCDB,TCDB.2_A_1_32_1_comp1
G_9_B_139_1_6_comp1,P_9_B_139_1_6_comp1,R_9_B_139_1_6,TCDB,TCDB.9_B_139_1_6_comp1
G_9_A_31_1_4_comp1,P_9_A_31_1_4_comp1+9_A_31_1_4_comp2,R_9_A_31_1_4,TCDB,TCDB.9_A_31_1_4_comp1
G_9_A_31_1_4_comp2,P_9_A_31_1_4_comp1+9_A_31_1_4_comp2,R_9_A_31_1_4,TCDB,TCDB.9_A_31_1_4_comp2
G_1_A_30_1_2_comp1,P_1_A_30_1_2_comp1+1_A_30_1_2_comp2+1_A_30_1_2_comp3+1_A_30_1_2_comp4,R_1_A_30_1_2,TCDB,TCDB.1_A_30_1_2_comp1
G_1_A_30_1_2_comp2,P_1_A_30_1_2_comp1+1_A_30_1_2_comp2+1_A_30_1_2_comp3+1_A_30_1_2_comp4,R_1_A_30_1_2,TCDB,TCDB.1_A_30_1_2_comp2
G_1_A_30_1_2_comp3,P_1_A_30_1_2_comp1+1_A_30_1_2_comp2+1_A_30_1_2_comp3+1_A_30_1_2_comp4,R_1_A_30_1_2,TCDB,TCDB.1_A_30_1_2_comp3
G_1_A_30_1_2_comp4,P_1_A_30_1_2_comp1+1_A_30_1_2_comp2+1_A_30_1_2_comp3+1_A_30_1_2_comp4,R_1_A_30_1_2,TCDB,TCDB.1_A_30_1_2_comp4
G_4_A_1_1_4_comp1,P_4_A_1_1_4_comp1,R_4_A_1_1_4,TCDB,TCDB.4_A_1_1_4_comp1
G_3_B_1_1_4_comp1,P_3_B_1_1_4_comp1+3_B_1_1_4_comp2+3_B_1_1_4_comp3+3_B_1_1_4_comp4+3_B_1_1_4_comp5+3_B_1_1_4_comp6,R_3_B_1_1_4,TCDB,TCDB.3_B_1_1_4_comp1
G_3_B_1_1_4_comp2,P_3_B_1_1_4_comp1+3_B_1_1_4_comp2+3_B_1_1_4_comp3+3_B_1_1_4_comp4+3_B_1_1_4_comp5+3_B_1_1_4_comp6,R_3_B_1_1_4,TCDB,TCDB.3_B_1_1_4_comp2
G_3_B_1_1_4_comp3,P_3_B_1_1_4_comp1+3_B_1_1_4_comp2+3_B_1_1_4_comp3+3_B_1_1_4_comp4+3_B_1_1_4_comp5+3_B_1_1_4_comp6,R_3_B_1_1_4,TCDB,TCDB.3_B_1_1_4_comp3
G_3_B_1_1_4_comp4,P_3_B_1_1_4_comp1+3_B_1_1_4_comp2+3_B_1_1_4_comp3+3_B_1_1_4_comp4+3_B_1_1_4_comp5+3_B_1_1_4_comp6,R_3_B_1_1_4,TCDB,TCDB.3_B_1_1_4_comp4
G_3_B_1_1_4_comp5,P_3_B_1_1_4_comp1+3_B_1_1_4_comp2+3_B_1_1_4_comp3+3_B_1_1_4_comp4+3_B_1_1_4_comp5+3_B_1_1_4_comp6,R_3_B_1_1_4,TCDB,TCDB.3_B_1_1_4_comp5
G_3_B_1_1_4_comp6,P_3_B_1_1_4_comp1+3_B_1_1_4_comp2+3_B_1_1_4_comp3+3_B_1_1_4_comp4+3_B_1_1_4_comp5+3_B_1_1_4_comp6,R_3_B_1_1_4,TCDB,TCDB.3_B_1_1_4_comp6
G_2_A_70_1_1_comp1,P_2_A_70_1_1_comp1+2_A_70_1_1_comp2,R_2_A_70_1_1,TCDB,TCDB.2_A_70_1_1_comp1
G_2_A_70_1_1_comp2,P_2_A_70_1_1_comp1+2_A_70_1_1_comp2,R_2_A_70_1_1,TCDB,TCDB.2_A_70_1_1_comp2
G_2_A_7_3_1_comp1,P_2_A_7_3_1_comp1,R_2_A_7_3_1,TCDB,TCDB.2_A_7_3_1_comp1
G_3_A_1_117_3_comp1,P_3_A_1_117_3_comp1,R_3_A_1_117_3,TCDB,TCDB.3_A_1_117_3_comp1
G_3_A_1_134_5_comp1,P_3_A_1_134_5_comp1+3_A_1_134_5_comp2,R_3_A_1_134_5,TCDB,TCDB.3_A_1_134_5_comp1
G_3_A_1_134_5_comp2,P_3_A_1_134_5_comp1+3_A_1_134_5_comp2,R_3_A_1_134_5,TCDB,TCDB.3_A_1_134_5_comp2
G_3_A_1_1_26_comp1,P_3_A_1_1_26_comp1+3_A_1_1_26_comp2+3_A_1_1_26_comp3+3_A_1_1_26_comp4,R_3_A_1_1_26,TCDB,TCDB.3_A_1_1_26_comp1
G_3_A_1_1_26_comp2,P_3_A_1_1_26_comp1+3_A_1_1_26_comp2+3_A_1_1_26_comp3+3_A_1_1_26_comp4,R_3_A_1_1_26,TCDB,TCDB.3_A_1_1_26_comp2
G_3_A_1_1_26_comp3,P_3_A_1_1_26_comp1+3_A_1_1_26_comp2+3_A_1_1_26_comp3+3_A_1_1_26_comp4,R_3_A_1_1_26,TCDB,TCDB.3_A_1_1_26_comp3
G_3_A_1_1_26_comp4,P_3_A_1_1_26_comp1+3_A_1_1_26_comp2+3_A_1_1_26_comp3+3_A_1_1_26_comp4,R_3_A_1_1_26,TCDB,TCDB.3_A_1_1_26_comp4
G_2_A_3_11_1_comp1,P_2_A_3_11_1_comp1,R_2_A_3_11_1,TCDB,TCDB.2_A_3_11_1_comp1
G_3_A_1_1_2_comp1,P_3_A_1_1_2_comp1+3_A_1_1_2_comp2+3_A_1_1_2_comp3,R_3_A_1_1_2,TCDB,TCDB.3_A_1_1_2_comp1
G_3_A_1_1_2_comp2,P_3_A_1_1_2_comp1+3_A_1_1_2_comp2+3_A_1_1_2_comp3,R_3_A_1_1_2,TCDB,TCDB.3_A_1_1_2_comp2
G_3_A_1_1_2_comp3,P_3_A_1_1_2_comp1+3_A_1_1_2_comp2+3_A_1_1_2_comp3,R_3_A_1_1_2,TCDB,TCDB.3_A_1_1_2_comp3
G_2_A_24_2_2_comp1,P_2_A_24_2_2_comp1,R_2_A_24_2_2,TCDB,TCDB.2_A_24_2_2_comp1
G_2_A_4_1_3_comp1,P_2_A_4_1_3_comp1,R_2_A_4_1_3,TCDB,TCDB.2_A_4_1_3_comp1
G_2_A_7_3_38_comp1,P_2_A_7_3_38_comp1,R_2_A_7_3_38,TCDB,TCDB.2_A_7_3_38_comp1
G_9_B_20_1_2_comp1,P_9_B_20_1_2_comp1,R_9_B_20_1_2,TCDB,TCDB.9_B_20_1_2_comp1
G_3_A_1_132_2_comp1,P_3_A_1_132_2_comp1+3_A_1_132_2_comp2+3_A_1_132_2_comp3,R_3_A_1_132_2,TCDB,TCDB.3_A_1_132_2_comp1
G_3_A_1_132_2_comp2,P_3_A_1_132_2_comp1+3_A_1_132_2_comp2+3_A_1_132_2_comp3,R_3_A_1_132_2,TCDB,TCDB.3_A_1_132_2_comp2
G_3_A_1_132_2_comp3,P_3_A_1_132_2_comp1+3_A_1_132_2_comp2+3_A_1_132_2_comp3,R_3_A_1_132_2,TCDB,TCDB.3_A_1_132_2_comp3
G_2_A_53_3_1_comp1,P_2_A_53_3_1_comp1,R_2_A_53_3_1,TCDB,TCDB.2_A_53_3_1_comp1
G_2_A_88_4_1_comp1,P_2_A_88_4_1_comp1,R_2_A_88_4_1,TCDB,TCDB.2_A_88_4_1_comp1
G_2_A_37_5_2_comp1,P_2_A_37_5_2_comp1+2_A_37_5_2_comp2,R_2_A_37_5_2,TCDB,TCDB.2_A_37_5_2_comp1
G_2_A_37_5_2_comp2,P_2_A_37_5_2_comp1+2_A_37_5_2_comp2,R_2_A_37_5_2,TCDB,TCDB.2_A_37_5_2_comp2
G_3_A_1_106_8_comp1,P_3_A_1_106_8_comp1+3_A_1_106_8_comp2,R_3_A_1_106_8,TCDB,TCDB.3_A_1_106_8_comp1
G_3_A_1_106_8_comp2,P_3_A_1_106_8_comp1+3_A_1_106_8_comp2,R_3_A_1_106_8,TCDB,TCDB.3_A_1_106_8_comp2
G_2_A_35_1_6_comp1,P_2_A_35_1_6_comp1,R_2_A_35_1_6,TCDB,TCDB.2_A_35_1_6_comp1
G_2_A_1_7_3_comp1,P_2_A_1_7_3_comp1,R_2_A_1_7_3,TCDB,TCDB.2_A_1_7_3_comp1
G_1_A_112_2_4_comp1,P_1_A_112_2_4_comp1,R_1_A_112_2_4,TCDB,TCDB.1_A_112_2_4_comp1
G_1_A_43_1_2_comp1,P_1_A_43_1_2_comp1,R_1_A_43_1_2,TCDB,TCDB.1_A_43_1_2_comp1
G_2_A_88_1_9_comp1,P_2_A_88_1_9_comp1,R_2_A_88_1_9,TCDB,TCDB.2_A_88_1_9_comp1
G_1_C_84_1_1_comp1,P_1_C_84_1_1_comp1,R_1_C_84_1_1,TCDB,TCDB.1_C_84_1_1_comp1
G_2_A_6_5_4_comp1,P_2_A_6_5_4_comp1,R_2_A_6_5_4,TCDB,TCDB.2_A_6_5_4_comp1
G_2_A_116_1_2_comp1,P_2_A_116_1_2_comp1,R_2_A_116_1_2,TCDB,TCDB.2_A_116_1_2_comp1
G_2_A_56_1_1_comp1,P_2_A_56_1_1_comp1+2_A_56_1_1_comp2+2_A_56_1_1_comp3,R_2_A_56_1_1,TCDB,TCDB.2_A_56_1_1_comp1
G_2_A_56_1_1_comp2,P_2_A_56_1_1_comp1+2_A_56_1_1_comp2+2_A_56_1_1_comp3,R_2_A_56_1_1,TCDB,TCDB.2_A_56_1_1_comp2
G_2_A_56_1_1_comp3,P_2_A_56_1_1_comp1+2_A_56_1_1_comp2+2_A_56_1_1_comp3,R_2_A_56_1_1,TCDB,TCDB.2_A_56_1_1_comp3
G_2_A_7_5_1_comp1,P_2_A_7_5_1_comp1,R_2_A_7_5_1,TCDB,TCDB.2_A_7_5_1_comp1
G_9_B_101_1_1_comp1,P_9_B_101_1_1_comp1,R_9_B_101_1_1,TCDB,TCDB.9_B_101_1_1_comp1
G_2_A_78_1_1_comp1,P_2_A_78_1_1_comp1+2_A_78_1_1_comp2,R_2_A_78_1_1,TCDB,TCDB.2_A_78_1_1_comp1
G_2_A_78_1_1_comp2,P_2_A_78_1_1_comp1+2_A_78_1_1_comp2,R_2_A_78_1_1,TCDB,TCDB.2_A_78_1_1_comp2
G_1_A_1_8_1_comp1,P_1_A_1_8_1_comp1,R_1_A_1_8_1,TCDB,TCDB.1_A_1_8_1_comp1
G_1_C_111_1_1_comp1,P_1_C_111_1_1_comp1,R_1_C_111_1_1,TCDB,TCDB.1_C_111_1_1_comp1
G_2_A_3_8_2_comp1,P_2_A_3_8_2_comp1,R_2_A_3_8_2,TCDB,TCDB.2_A_3_8_2_comp1
G_3_A_3_9_3_comp1,P_3_A_3_9_3_comp1,R_3_A_3_9_3,TCDB,TCDB.3_A_3_9_3_comp1
G_3_A_22_1_1_comp1,P_3_A_22_1_1_comp1+3_A_22_1_1_comp2+3_A_22_1_1_comp3+3_A_22_1_1_comp4+3_A_22_1_1_comp5+3_A_22_1_1_comp6+3_A_22_1_1_comp7+3_A_22_1_1_comp8+3_A_22_1_1_comp9+3_A_22_1_1_comp10+3_A_22_1_1_comp11+3_A_22_1_1_comp12,R_3_A_22_1_1,TCDB,TCDB.3_A_22_1_1_comp1
G_3_A_22_1_1_comp2,P_3_A_22_1_1_comp1+3_A_22_1_1_comp2+3_A_22_1_1_comp3+3_A_22_1_1_comp4+3_A_22_1_1_comp5+3_A_22_1_1_comp6+3_A_22_1_1_comp7+3_A_22_1_1_comp8+3_A_22_1_1_comp9+3_A_22_1_1_comp10+3_A_22_1_1_comp11+3_A_22_1_1_comp12,R_3_A_22_1_1,TCDB,TCDB.3_A_22_1_1_comp2
G_3_A_22_1_1_comp3,P_3_A_22_1_1_comp1+3_A_22_1_1_comp2+3_A_22_1_1_comp3+3_A_22_1_1_comp4+3_A_22_1_1_comp5+3_A_22_1_1_comp6+3_A_22_1_1_comp7+3_A_22_1_1_comp8+3_A_22_1_1_comp9+3_A_22_1_1_comp10+3_A_22_1_1_comp11+3_A_22_1_1_comp12,R_3_A_22_1_1,TCDB,TCDB.3_A_22_1_1_comp3
G_3_A_22_1_1_comp4,P_3_A_22_1_1_comp1+3_A_22_1_1_comp2+3_A_22_1_1_comp3+3_A_22_1_1_comp4+3_A_22_1_1_comp5+3_A_22_1_1_comp6+3_A_22_1_1_comp7+3_A_22_1_1_comp8+3_A_22_1_1_comp9+3_A_22_1_1_comp10+3_A_22_1_1_comp11+3_A_22_1_1_comp12,R_3_A_22_1_1,TCDB,TCDB.3_A_22_1_1_comp4
G_3_A_22_1_1_comp5,P_3_A_22_1_1_comp1+3_A_22_1_1_comp2+3_A_22_1_1_comp3+3_A_22_1_1_comp4+3_A_22_1_1_comp5+3_A_22_1_1_comp6+3_A_22_1_1_comp7+3_A_22_1_1_comp8+3_A_22_1_1_comp9+3_A_22_1_1_comp10+3_A_22_1_1_comp11+3_A_22_1_1_comp12,R_3_A_22_1_1,TCDB,TCDB.3_A_22_1_1_comp5
G_3_A_22_1_1_comp6,P_3_A_22_1_1_comp1+3_A_22_1_1_comp2+3_A_22_1_1_comp3+3_A_22_1_1_comp4+3_A_22_1_1_comp5+3_A_22_1_1_comp6+3_A_22_1_1_comp7+3_A_22_1_1_comp8+3_A_22_1_1_comp9+3_A_22_1_1_comp10+3_A_22_1_1_comp11+3_A_22_1_1_comp12,R_3_A_22_1_1,TCDB,TCDB.3_A_22_1_1_comp6
G_3_A_22_1_1_comp7,P_3_A_22_1_1_comp1+3_A_22_1_1_comp2+3_A_22_1_1_comp3+3_A_22_1_1_comp4+3_A_22_1_1_comp5+3_A_22_1_1_comp6+3_A_22_1_1_comp7+3_A_22_1_1_comp8+3_A_22_1_1_comp9+3_A_22_1_1_comp10+3_A_22_1_1_comp11+3_A_22_1_1_comp12,R_3_A_22_1_1,TCDB,TCDB.3_A_22_1_1_comp7
G_3_A_22_1_1_comp8,P_3_A_22_1_1_comp1+3_A_22_1_1_comp2+3_A_22_1_1_comp3+3_A_22_1_1_comp4+3_A_22_1_1_comp5+3_A_22_1_1_comp6+3_A_22_1_1_comp7+3_A_22_1_1_comp8+3_A_22_1_1_comp9+3_A_22_1_1_comp10+3_A_22_1_1_comp11+3_A_22_1_1_comp12,R_3_A_22_1_1,TCDB,TCDB.3_A_22_1_1_comp8
G_3_A_22_1_1_comp9,P_3_A_22_1_1_comp1+3_A_22_1_1_comp2+3_A_22_1_1_comp3+3_A_22_1_1_comp4+3_A_22_1_1_comp5+3_A_22_1_1_comp6+3_A_22_1_1_comp7+3_A_22_1_1_comp8+3_A_22_1_1_comp9+3_A_22_1_1_comp10+3_A_22_1_1_comp11+3_A_22_1_1_comp12,R_3_A_22_1_1,TCDB,TCDB.3_A_22_1_1_comp9
G_3_A_22_1_1_comp10,P_3_A_22_1_1_comp1+3_A_22_1_1_comp2+3_A_22_1_1_comp3+3_A_22_1_1_comp4+3_A_22_1_1_comp5+3_A_22_1_1_comp6+3_A_22_1_1_comp7+3_A_22_1_1_comp8+3_A_22_1_1_comp9+3_A_22_1_1_comp10+3_A_22_1_1_comp11+3_A_22_1_1_comp12,R_3_A_22_1_1,TCDB,TCDB.3_A_22_1_1_comp10
G_3_A_22_1_1_comp11,P_3_A_22_1_1_comp1+3_A_22_1_1_comp2+3_A_22_1_1_comp3+3_A_22_1_1_comp4+3_A_22_1_1_comp5+3_A_22_1_1_comp6+3_A_22_1_1_comp7+3_A_22_1_1_comp8+3_A_22_1_1_comp9+3_A_22_1_1_comp10+3_A_22_1_1_comp11+3_A_22_1_1_comp12,R_3_A_22_1_1,TCDB,TCDB.3_A_22_1_1_comp11
G_3_A_22_1_1_comp12,P_3_A_22_1_1_comp1+3_A_22_1_1_comp2+3_A_22_1_1_comp3+3_A_22_1_1_comp4+3_A_22_1_1_comp5+3_A_22_1_1_comp6+3_A_22_1_1_comp7+3_A_22_1_1_comp8+3_A_22_1_1_comp9+3_A_22_1_1_comp10+3_A_22_1_1_comp11+3_A_22_1_1_comp12,R_3_A_22_1_1,TCDB,TCDB.3_A_22_1_1_comp12
G_1_A_35_2_3_comp1,P_1_A_35_2_3_comp1,R_1_A_35_2_3,TCDB,TCDB.1_A_35_2_3_comp1
G_1_A_47_2_1_comp1,P_1_A_47_2_1_comp1,R_1_A_47_2_1,TCDB,TCDB.1_A_47_2_1_comp1
G_2_A_1_14_19_comp1,P_2_A_1_14_19_comp1,R_2_A_1_14_19,TCDB,TCDB.2_A_1_14_19_comp1
G_3_A_3_10_13_comp1,P_3_A_3_10_13_comp1,R_3_A_3_10_13,TCDB,TCDB.3_A_3_10_13_comp1
G_2_A_67_1_5_comp1,P_2_A_67_1_5_comp1,R_2_A_67_1_5,TCDB,TCDB.2_A_67_1_5_comp1
G_1_A_23_4_19_comp1,P_1_A_23_4_19_comp1,R_1_A_23_4_19,TCDB,TCDB.1_A_23_4_19_comp1
G_2_A_2_4_16_comp1,P_2_A_2_4_16_comp1,R_2_A_2_4_16,TCDB,TCDB.2_A_2_4_16_comp1
G_2_A_36_4_5_comp1,P_2_A_36_4_5_comp1,R_2_A_36_4_5,TCDB,TCDB.2_A_36_4_5_comp1
G_2_A_43_4_1_comp1,P_2_A_43_4_1_comp1,R_2_A_43_4_1,TCDB,TCDB.2_A_43_4_1_comp1
G_2_A_96_1_6_comp1,P_2_A_96_1_6_comp1,R_2_A_96_1_6,TCDB,TCDB.2_A_96_1_6_comp1
G_1_A_1_11_23_comp1,P_1_A_1_11_23_comp1,R_1_A_1_11_23,TCDB,TCDB.1_A_1_11_23_comp1
G_2_A_67_1_1_comp1,P_2_A_67_1_1_comp1,R_2_A_67_1_1,TCDB,TCDB.2_A_67_1_1_comp1
G_1_H_1_1_6_comp1,P_1_H_1_1_6_comp1,R_1_H_1_1_6,TCDB,TCDB.1_H_1_1_6_comp1
G_1_A_8_9_6_comp1,P_1_A_8_9_6_comp1,R_1_A_8_9_6,TCDB,TCDB.1_A_8_9_6_comp1
G_3_D_10_1_7_comp1,P_3_D_10_1_7_comp1+3_D_10_1_7_comp2+3_D_10_1_7_comp3+3_D_10_1_7_comp4,R_3_D_10_1_7,TCDB,TCDB.3_D_10_1_7_comp1
G_3_D_10_1_7_comp2,P_3_D_10_1_7_comp1+3_D_10_1_7_comp2+3_D_10_1_7_comp3+3_D_10_1_7_comp4,R_3_D_10_1_7,TCDB,TCDB.3_D_10_1_7_comp2
G_3_D_10_1_7_comp3,P_3_D_10_1_7_comp1+3_D_10_1_7_comp2+3_D_10_1_7_comp3+3_D_10_1_7_comp4,R_3_D_10_1_7,TCDB,TCDB.3_D_10_1_7_comp3
G_3_D_10_1_7_comp4,P_3_D_10_1_7_comp1+3_D_10_1_7_comp2+3_D_10_1_7_comp3+3_D_10_1_7_comp4,R_3_D_10_1_7,TCDB,TCDB.3_D_10_1_7_comp4
G_8_A_78_1_1_comp1,P_8_A_78_1_1_comp1,R_8_A_78_1_1,TCDB,TCDB.8_A_78_1_1_comp1
G_9_B_368_1_1_comp1,P_9_B_368_1_1_comp1,R_9_B_368_1_1,TCDB,TCDB.9_B_368_1_1_comp1
G_9_B_87_2_1_comp1,P_9_B_87_2_1_comp1,R_9_B_87_2_1,TCDB,TCDB.9_B_87_2_1_comp1
G_2_A_1_19_2_comp1,P_2_A_1_19_2_comp1,R_2_A_1_19_2,TCDB,TCDB.2_A_1_19_2_comp1
G_3_A_34_1_1_comp1,P_3_A_34_1_1_comp1+3_A_34_1_1_comp2+3_A_34_1_1_comp3+3_A_34_1_1_comp4+3_A_34_1_1_comp5+3_A_34_1_1_comp6+3_A_34_1_1_comp7+3_A_34_1_1_comp8+3_A_34_1_1_comp9+3_A_34_1_1_comp10+3_A_34_1_1_comp11+3_A_34_1_1_comp12+3_A_34_1_1_comp13+3_A_34_1_1_comp14+3_A_34_1_1_comp15+3_A_34_1_1_comp16+3_A_34_1_1_comp17+3_A_34_1_1_comp18+3_A_34_1_1_comp19+3_A_34_1_1_comp20+3_A_34_1_1_comp21+3_A_34_1_1_comp22+3_A_34_1_1_comp23+3_A_34_1_1_comp24+3_A_34_1_1_comp25+3_A_34_1_1_comp26+3_A_34_1_1_comp27+3_A_34_1_1_comp28+3_A_34_1_1_comp29+3_A_34_1_1_comp30+3_A_34_1_1_comp31+3_A_34_1_1_comp32+3_A_34_1_1_comp33,R_3_A_34_1_1,TCDB,TCDB.3_A_34_1_1_comp1
G_3_A_34_1_1_comp2,P_3_A_34_1_1_comp1+3_A_34_1_1_comp2+3_A_34_1_1_comp3+3_A_34_1_1_comp4+3_A_34_1_1_comp5+3_A_34_1_1_comp6+3_A_34_1_1_comp7+3_A_34_1_1_comp8+3_A_34_1_1_comp9+3_A_34_1_1_comp10+3_A_34_1_1_comp11+3_A_34_1_1_comp12+3_A_34_1_1_comp13+3_A_34_1_1_comp14+3_A_34_1_1_comp15+3_A_34_1_1_comp16+3_A_34_1_1_comp17+3_A_34_1_1_comp18+3_A_34_1_1_comp19+3_A_34_1_1_comp20+3_A_34_1_1_comp21+3_A_34_1_1_comp22+3_A_34_1_1_comp23+3_A_34_1_1_comp24+3_A_34_1_1_comp25+3_A_34_1_1_comp26+3_A_34_1_1_comp27+3_A_34_1_1_comp28+3_A_34_1_1_comp29+3_A_34_1_1_comp30+3_A_34_1_1_comp31+3_A_34_1_1_comp32+3_A_34_1_1_comp33,R_3_A_34_1_1,TCDB,TCDB.3_A_34_1_1_comp2
G_3_A_34_1_1_comp3,P_3_A_34_1_1_comp1+3_A_34_1_1_comp2+3_A_34_1_1_comp3+3_A_34_1_1_comp4+3_A_34_1_1_comp5+3_A_34_1_1_comp6+3_A_34_1_1_comp7+3_A_34_1_1_comp8+3_A_34_1_1_comp9+3_A_34_1_1_comp10+3_A_34_1_1_comp11+3_A_34_1_1_comp12+3_A_34_1_1_comp13+3_A_34_1_1_comp14+3_A_34_1_1_comp15+3_A_34_1_1_comp16+3_A_34_1_1_comp17+3_A_34_1_1_comp18+3_A_34_1_1_comp19+3_A_34_1_1_comp20+3_A_34_1_1_comp21+3_A_34_1_1_comp22+3_A_34_1_1_comp23+3_A_34_1_1_comp24+3_A_34_1_1_comp25+3_A_34_1_1_comp26+3_A_34_1_1_comp27+3_A_34_1_1_comp28+3_A_34_1_1_comp29+3_A_34_1_1_comp30+3_A_34_1_1_comp31+3_A_34_1_1_comp32+3_A_34_1_1_comp33,R_3_A_34_1_1,TCDB,TCDB.3_A_34_1_1_comp3
G_3_A_34_1_1_comp4,P_3_A_34_1_1_comp1+3_A_34_1_1_comp2+3_A_34_1_1_comp3+3_A_34_1_1_comp4+3_A_34_1_1_comp5+3_A_34_1_1_comp6+3_A_34_1_1_comp7+3_A_34_1_1_comp8+3_A_34_1_1_comp9+3_A_34_1_1_comp10+3_A_34_1_1_comp11+3_A_34_1_1_comp12+3_A_34_1_1_comp13+3_A_34_1_1_comp14+3_A_34_1_1_comp15+3_A_34_1_1_comp16+3_A_34_1_1_comp17+3_A_34_1_1_comp18+3_A_34_1_1_comp19+3_A_34_1_1_comp20+3_A_34_1_1_comp21+3_A_34_1_1_comp22+3_A_34_1_1_comp23+3_A_34_1_1_comp24+3_A_34_1_1_comp25+3_A_34_1_1_comp26+3_A_34_1_1_comp27+3_A_34_1_1_comp28+3_A_34_1_1_comp29+3_A_34_1_1_comp30+3_A_34_1_1_comp31+3_A_34_1_1_comp32+3_A_34_1_1_comp33,R_3_A_34_1_1,TCDB,TCDB.3_A_34_1_1_comp4
G_3_A_34_1_1_comp5,P_3_A_34_1_1_comp1+3_A_34_1_1_comp2+3_A_34_1_1_comp3+3_A_34_1_1_comp4+3_A_34_1_1_comp5+3_A_34_1_1_comp6+3_A_34_1_1_comp7+3_A_34_1_1_comp8+3_A_34_1_1_comp9+3_A_34_1_1_comp10+3_A_34_1_1_comp11+3_A_34_1_1_comp12+3_A_34_1_1_comp13+3_A_34_1_1_comp14+3_A_34_1_1_comp15+3_A_34_1_1_comp16+3_A_34_1_1_comp17+3_A_34_1_1_comp18+3_A_34_1_1_comp19+3_A_34_1_1_comp20+3_A_34_1_1_comp21+3_A_34_1_1_comp22+3_A_34_1_1_comp23+3_A_34_1_1_comp24+3_A_34_1_1_comp25+3_A_34_1_1_comp26+3_A_34_1_1_comp27+3_A_34_1_1_comp28+3_A_34_1_1_comp29+3_A_34_1_1_comp30+3_A_34_1_1_comp31+3_A_34_1_1_comp32+3_A_34_1_1_comp33,R_3_A_34_1_1,TCDB,TCDB.3_A_34_1_1_comp5
G_3_A_34_1_1_comp6,P_3_A_34_1_1_comp1+3_A_34_1_1_comp2+3_A_34_1_1_comp3+3_A_34_1_1_comp4+3_A_34_1_1_comp5+3_A_34_1_1_comp6+3_A_34_1_1_comp7+3_A_34_1_1_comp8+3_A_34_1_1_comp9+3_A_34_1_1_comp10+3_A_34_1_1_comp11+3_A_34_1_1_comp12+3_A_34_1_1_comp13+3_A_34_1_1_comp14+3_A_34_1_1_comp15+3_A_34_1_1_comp16+3_A_34_1_1_comp17+3_A_34_1_1_comp18+3_A_34_1_1_comp19+3_A_34_1_1_comp20+3_A_34_1_1_comp21+3_A_34_1_1_comp22+3_A_34_1_1_comp23+3_A_34_1_1_comp24+3_A_34_1_1_comp25+3_A_34_1_1_comp26+3_A_34_1_1_comp27+3_A_34_1_1_comp28+3_A_34_1_1_comp29+3_A_34_1_1_comp30+3_A_34_1_1_comp31+3_A_34_1_1_comp32+3_A_34_1_1_comp33,R_3_A_34_1_1,TCDB,TCDB.3_A_34_1_1_comp6
G_3_A_34_1_1_comp7,P_3_A_34_1_1_comp1+3_A_34_1_1_comp2+3_A_34_1_1_comp3+3_A_34_1_1_comp4+3_A_34_1_1_comp5+3_A_34_1_1_comp6+3_A_34_1_1_comp7+3_A_34_1_1_comp8+3_A_34_1_1_comp9+3_A_34_1_1_comp10+3_A_34_1_1_comp11+3_A_34_1_1_comp12+3_A_34_1_1_comp13+3_A_34_1_1_comp14+3_A_34_1_1_comp15+3_A_34_1_1_comp16+3_A_34_1_1_comp17+3_A_34_1_1_comp18+3_A_34_1_1_comp19+3_A_34_1_1_comp20+3_A_34_1_1_comp21+3_A_34_1_1_comp22+3_A_34_1_1_comp23+3_A_34_1_1_comp24+3_A_34_1_1_comp25+3_A_34_1_1_comp26+3_A_34_1_1_comp27+3_A_34_1_1_comp28+3_A_34_1_1_comp29+3_A_34_1_1_comp30+3_A_34_1_1_comp31+3_A_34_1_1_comp32+3_A_34_1_1_comp33,R_3_A_34_1_1,TCDB,TCDB.3_A_34_1_1_comp7
G_3_A_34_1_1_comp8,P_3_A_34_1_1_comp1+3_A_34_1_1_comp2+3_A_34_1_1_comp3+3_A_34_1_1_comp4+3_A_34_1_1_comp5+3_A_34_1_1_comp6+3_A_34_1_1_comp7+3_A_34_1_1_comp8+3_A_34_1_1_comp9+3_A_34_1_1_comp10+3_A_34_1_1_comp11+3_A_34_1_1_comp12+3_A_34_1_1_comp13+3_A_34_1_1_comp14+3_A_34_1_1_comp15+3_A_34_1_1_comp16+3_A_34_1_1_comp17+3_A_34_1_1_comp18+3_A_34_1_1_comp19+3_A_34_1_1_comp20+3_A_34_1_1_comp21+3_A_34_1_1_comp22+3_A_34_1_1_comp23+3_A_34_1_1_comp24+3_A_34_1_1_comp25+3_A_34_1_1_comp26+3_A_34_1_1_comp27+3_A_34_1_1_comp28+3_A_34_1_1_comp29+3_A_34_1_1_comp30+3_A_34_1_1_comp31+3_A_34_1_1_comp32+3_A_34_1_1_comp33,R_3_A_34_1_1,TCDB,TCDB.3_A_34_1_1_comp8
G_3_A_34_1_1_comp9,P_3_A_34_1_1_comp1+3_A_34_1_1_comp2+3_A_34_1_1_comp3+3_A_34_1_1_comp4+3_A_34_1_1_comp5+3_A_34_1_1_comp6+3_A_34_1_1_comp7+3_A_34_1_1_comp8+3_A_34_1_1_comp9+3_A_34_1_1_comp10+3_A_34_1_1_comp11+3_A_34_1_1_comp12+3_A_34_1_1_comp13+3_A_34_1_1_comp14+3_A_34_1_1_comp15+3_A_34_1_1_comp16+3_A_34_1_1_comp17+3_A_34_1_1_comp18+3_A_34_1_1_comp19+3_A_34_1_1_comp20+3_A_34_1_1_comp21+3_A_34_1_1_comp22+3_A_34_1_1_comp23+3_A_34_1_1_comp24+3_A_34_1_1_comp25+3_A_34_1_1_comp26+3_A_34_1_1_comp27+3_A_34_1_1_comp28+3_A_34_1_1_comp29+3_A_34_1_1_comp30+3_A_34_1_1_comp31+3_A_34_1_1_comp32+3_A_34_1_1_comp33,R_3_A_34_1_1,TCDB,TCDB.3_A_34_1_1_comp9
G_3_A_34_1_1_comp10,P_3_A_34_1_1_comp1+3_A_34_1_1_comp2+3_A_34_1_1_comp3+3_A_34_1_1_comp4+3_A_34_1_1_comp5+3_A_34_1_1_comp6+3_A_34_1_1_comp7+3_A_34_1_1_comp8+3_A_34_1_1_comp9+3_A_34_1_1_comp10+3_A_34_1_1_comp11+3_A_34_1_1_comp12+3_A_34_1_1_comp13+3_A_34_1_1_comp14+3_A_34_1_1_comp15+3_A_34_1_1_comp16+3_A_34_1_1_comp17+3_A_34_1_1_comp18+3_A_34_1_1_comp19+3_A_34_1_1_comp20+3_A_34_1_1_comp21+3_A_34_1_1_comp22+3_A_34_1_1_comp23+3_A_34_1_1_comp24+3_A_34_1_1_comp25+3_A_34_1_1_comp26+3_A_34_1_1_comp27+3_A_34_1_1_comp28+3_A_34_1_1_comp29+3_A_34_1_1_comp30+3_A_34_1_1_comp31+3_A_34_1_1_comp32+3_A_34_1_1_comp33,R_3_A_34_1_1,TCDB,TCDB.3_A_34_1_1_comp10
G_3_A_34_1_1_comp11,P_3_A_34_1_1_comp1+3_A_34_1_1_comp2+3_A_34_1_1_comp3+3_A_34_1_1_comp4+3_A_34_1_1_comp5+3_A_34_1_1_comp6+3_A_34_1_1_comp7+3_A_34_1_1_comp8+3_A_34_1_1_comp9+3_A_34_1_1_comp10+3_A_34_1_1_comp11+3_A_34_1_1_comp12+3_A_34_1_1_comp13+3_A_34_1_1_comp14+3_A_34_1_1_comp15+3_A_34_1_1_comp16+3_A_34_1_1_comp17+3_A_34_1_1_comp18+3_A_34_1_1_comp19+3_A_34_1_1_comp20+3_A_34_1_1_comp21+3_A_34_1_1_comp22+3_A_34_1_1_comp23+3_A_34_1_1_comp24+3_A_34_1_1_comp25+3_A_34_1_1_comp26+3_A_34_1_1_comp27+3_A_34_1_1_comp28+3_A_34_1_1_comp29+3_A_34_1_1_comp30+3_A_34_1_1_comp31+3_A_34_1_1_comp32+3_A_34_1_1_comp33,R_3_A_34_1_1,TCDB,TCDB.3_A_34_1_1_comp11
G_3_A_34_1_1_comp12,P_3_A_34_1_1_comp1+3_A_34_1_1_comp2+3_A_34_1_1_comp3+3_A_34_1_1_comp4+3_A_34_1_1_comp5+3_A_34_1_1_comp6+3_A_34_1_1_comp7+3_A_34_1_1_comp8+3_A_34_1_1_comp9+3_A_34_1_1_comp10+3_A_34_1_1_comp11+3_A_34_1_1_comp12+3_A_34_1_1_comp13+3_A_34_1_1_comp14+3_A_34_1_1_comp15+3_A_34_1_1_comp16+3_A_34_1_1_comp17+3_A_34_1_1_comp18+3_A_34_1_1_comp19+3_A_34_1_1_comp20+3_A_34_1_1_comp21+3_A_34_1_1_comp22+3_A_34_1_1_comp23+3_A_34_1_1_comp24+3_A_34_1_1_comp25+3_A_34_1_1_comp26+3_A_34_1_1_comp27+3_A_34_1_1_comp28+3_A_34_1_1_comp29+3_A_34_1_1_comp30+3_A_34_1_1_comp31+3_A_34_1_1_comp32+3_A_34_1_1_comp33,R_3_A_34_1_1,TCDB,TCDB.3_A_34_1_1_comp12
G_3_A_34_1_1_comp13,P_3_A_34_1_1_comp1+3_A_34_1_1_comp2+3_A_34_1_1_comp3+3_A_34_1_1_comp4+3_A_34_1_1_comp5+3_A_34_1_1_comp6+3_A_34_1_1_comp7+3_A_34_1_1_comp8+3_A_34_1_1_comp9+3_A_34_1_1_comp10+3_A_34_1_1_comp11+3_A_34_1_1_comp12+3_A_34_1_1_comp13+3_A_34_1_1_comp14+3_A_34_1_1_comp15+3_A_34_1_1_comp16+3_A_34_1_1_comp17+3_A_34_1_1_comp18+3_A_34_1_1_comp19+3_A_34_1_1_comp20+3_A_34_1_1_comp21+3_A_34_1_1_comp22+3_A_34_1_1_comp23+3_A_34_1_1_comp24+3_A_34_1_1_comp25+3_A_34_1_1_comp26+3_A_34_1_1_comp27+3_A_34_1_1_comp28+3_A_34_1_1_comp29+3_A_34_1_1_comp30+3_A_34_1_1_comp31+3_A_34_1_1_comp32+3_A_34_1_1_comp33,R_3_A_34_1_1,TCDB,TCDB.3_A_34_1_1_comp13
G_3_A_34_1_1_comp14,P_3_A_34_1_1_comp1+3_A_34_1_1_comp2+3_A_34_1_1_comp3+3_A_34_1_1_comp4+3_A_34_1_1_comp5+3_A_34_1_1_comp6+3_A_34_1_1_comp7+3_A_34_1_1_comp8+3_A_34_1_1_comp9+3_A_34_1_1_comp10+3_A_34_1_1_comp11+3_A_34_1_1_comp12+3_A_34_1_1_comp13+3_A_34_1_1_comp14+3_A_34_1_1_comp15+3_A_34_1_1_comp16+3_A_34_1_1_comp17+3_A_34_1_1_comp18+3_A_34_1_1_comp19+3_A_34_1_1_comp20+3_A_34_1_1_comp21+3_A_34_1_1_comp22+3_A_34_1_1_comp23+3_A_34_1_1_comp24+3_A_34_1_1_comp25+3_A_34_1_1_comp26+3_A_34_1_1_comp27+3_A_34_1_1_comp28+3_A_34_1_1_comp29+3_A_34_1_1_comp30+3_A_34_1_1_comp31+3_A_34_1_1_comp32+3_A_34_1_1_comp33,R_3_A_34_1_1,TCDB,TCDB.3_A_34_1_1_comp14
G_3_A_34_1_1_comp15,P_3_A_34_1_1_comp1+3_A_34_1_1_comp2+3_A_34_1_1_comp3+3_A_34_1_1_comp4+3_A_34_1_1_comp5+3_A_34_1_1_comp6+3_A_34_1_1_comp7+3_A_34_1_1_comp8+3_A_34_1_1_comp9+3_A_34_1_1_comp10+3_A_34_1_1_comp11+3_A_34_1_1_comp12+3_A_34_1_1_comp13+3_A_34_1_1_comp14+3_A_34_1_1_comp15+3_A_34_1_1_comp16+3_A_34_1_1_comp17+3_A_34_1_1_comp18+3_A_34_1_1_comp19+3_A_34_1_1_comp20+3_A_34_1_1_comp21+3_A_34_1_1_comp22+3_A_34_1_1_comp23+3_A_34_1_1_comp24+3_A_34_1_1_comp25+3_A_34_1_1_comp26+3_A_34_1_1_comp27+3_A_34_1_1_comp28+3_A_34_1_1_comp29+3_A_34_1_1_comp30+3_A_34_1_1_comp31+3_A_34_1_1_comp32+3_A_34_1_1_comp33,R_3_A_34_1_1,TCDB,TCDB.3_A_34_1_1_comp15
G_3_A_34_1_1_comp16,P_3_A_34_1_1_comp1+3_A_34_1_1_comp2+3_A_34_1_1_comp3+3_A_34_1_1_comp4+3_A_34_1_1_comp5+3_A_34_1_1_comp6+3_A_34_1_1_comp7+3_A_34_1_1_comp8+3_A_34_1_1_comp9+3_A_34_1_1_comp10+3_A_34_1_1_comp11+3_A_34_1_1_comp12+3_A_34_1_1_comp13+3_A_34_1_1_comp14+3_A_34_1_1_comp15+3_A_34_1_1_comp16+3_A_34_1_1_comp17+3_A_34_1_1_comp18+3_A_34_1_1_comp19+3_A_34_1_1_comp20+3_A_34_1_1_comp21+3_A_34_1_1_comp22+3_A_34_1_1_comp23+3_A_34_1_1_comp24+3_A_34_1_1_comp25+3_A_34_1_1_comp26+3_A_34_1_1_comp27+3_A_34_1_1_comp28+3_A_34_1_1_comp29+3_A_34_1_1_comp30+3_A_34_1_1_comp31+3_A_34_1_1_comp32+3_A_34_1_1_comp33,R_3_A_34_1_1,TCDB,TCDB.3_A_34_1_1_comp16
G_3_A_34_1_1_comp17,P_3_A_34_1_1_comp1+3_A_34_1_1_comp2+3_A_34_1_1_comp3+3_A_34_1_1_comp4+3_A_34_1_1_comp5+3_A_34_1_1_comp6+3_A_34_1_1_comp7+3_A_34_1_1_comp8+3_A_34_1_1_comp9+3_A_34_1_1_comp10+3_A_34_1_1_comp11+3_A_34_1_1_comp12+3_A_34_1_1_comp13+3_A_34_1_1_comp14+3_A_34_1_1_comp15+3_A_34_1_1_comp16+3_A_34_1_1_comp17+3_A_34_1_1_comp18+3_A_34_1_1_comp19+3_A_34_1_1_comp20+3_A_34_1_1_comp21+3_A_34_1_1_comp22+3_A_34_1_1_comp23+3_A_34_1_1_comp24+3_A_34_1_1_comp25+3_A_34_1_1_comp26+3_A_34_1_1_comp27+3_A_34_1_1_comp28+3_A_34_1_1_comp29+3_A_34_1_1_comp30+3_A_34_1_1_comp31+3_A_34_1_1_comp32+3_A_34_1_1_comp33,R_3_A_34_1_1,TCDB,TCDB.3_A_34_1_1_comp17
G_3_A_34_1_1_comp18,P_3_A_34_1_1_comp1+3_A_34_1_1_comp2+3_A_34_1_1_comp3+3_A_34_1_1_comp4+3_A_34_1_1_comp5+3_A_34_1_1_comp6+3_A_34_1_1_comp7+3_A_34_1_1_comp8+3_A_34_1_1_comp9+3_A_34_1_1_comp10+3_A_34_1_1_comp11+3_A_34_1_1_comp12+3_A_34_1_1_comp13+3_A_34_1_1_comp14+3_A_34_1_1_comp15+3_A_34_1_1_comp16+3_A_34_1_1_comp17+3_A_34_1_1_comp18+3_A_34_1_1_comp19+3_A_34_1_1_comp20+3_A_34_1_1_comp21+3_A_34_1_1_comp22+3_A_34_1_1_comp23+3_A_34_1_1_comp24+3_A_34_1_1_comp25+3_A_34_1_1_comp26+3_A_34_1_1_comp27+3_A_34_1_1_comp28+3_A_34_1_1_comp29+3_A_34_1_1_comp30+3_A_34_1_1_comp31+3_A_34_1_1_comp32+3_A_34_1_1_comp33,R_3_A_34_1_1,TCDB,TCDB.3_A_34_1_1_comp18
G_3_A_34_1_1_comp19,P_3_A_34_1_1_comp1+3_A_34_1_1_comp2+3_A_34_1_1_comp3+3_A_34_1_1_comp4+3_A_34_1_1_comp5+3_A_34_1_1_comp6+3_A_34_1_1_comp7+3_A_34_1_1_comp8+3_A_34_1_1_comp9+3_A_34_1_1_comp10+3_A_34_1_1_comp11+3_A_34_1_1_comp12+3_A_34_1_1_comp13+3_A_34_1_1_comp14+3_A_34_1_1_comp15+3_A_34_1_1_comp16+3_A_34_1_1_comp17+3_A_34_1_1_comp18+3_A_34_1_1_comp19+3_A_34_1_1_comp20+3_A_34_1_1_comp21+3_A_34_1_1_comp22+3_A_34_1_1_comp23+3_A_34_1_1_comp24+3_A_34_1_1_comp25+3_A_34_1_1_comp26+3_A_34_1_1_comp27+3_A_34_1_1_comp28+3_A_34_1_1_comp29+3_A_34_1_1_comp30+3_A_34_1_1_comp31+3_A_34_1_1_comp32+3_A_34_1_1_comp33,R_3_A_34_1_1,TCDB,TCDB.3_A_34_1_1_comp19
G_3_A_34_1_1_comp20,P_3_A_34_1_1_comp1+3_A_34_1_1_comp2+3_A_34_1_1_comp3+3_A_34_1_1_comp4+3_A_34_1_1_comp5+3_A_34_1_1_comp6+3_A_34_1_1_comp7+3_A_34_1_1_comp8+3_A_34_1_1_comp9+3_A_34_1_1_comp10+3_A_34_1_1_comp11+3_A_34_1_1_comp12+3_A_34_1_1_comp13+3_A_34_1_1_comp14+3_A_34_1_1_comp15+3_A_34_1_1_comp16+3_A_34_1_1_comp17+3_A_34_1_1_comp18+3_A_34_1_1_comp19+3_A_34_1_1_comp20+3_A_34_1_1_comp21+3_A_34_1_1_comp22+3_A_34_1_1_comp23+3_A_34_1_1_comp24+3_A_34_1_1_comp25+3_A_34_1_1_comp26+3_A_34_1_1_comp27+3_A_34_1_1_comp28+3_A_34_1_1_comp29+3_A_34_1_1_comp30+3_A_34_1_1_comp31+3_A_34_1_1_comp32+3_A_34_1_1_comp33,R_3_A_34_1_1,TCDB,TCDB.3_A_34_1_1_comp20
G_3_A_34_1_1_comp21,P_3_A_34_1_1_comp1+3_A_34_1_1_comp2+3_A_34_1_1_comp3+3_A_34_1_1_comp4+3_A_34_1_1_comp5+3_A_34_1_1_comp6+3_A_34_1_1_comp7+3_A_34_1_1_comp8+3_A_34_1_1_comp9+3_A_34_1_1_comp10+3_A_34_1_1_comp11+3_A_34_1_1_comp12+3_A_34_1_1_comp13+3_A_34_1_1_comp14+3_A_34_1_1_comp15+3_A_34_1_1_comp16+3_A_34_1_1_comp17+3_A_34_1_1_comp18+3_A_34_1_1_comp19+3_A_34_1_1_comp20+3_A_34_1_1_comp21+3_A_34_1_1_comp22+3_A_34_1_1_comp23+3_A_34_1_1_comp24+3_A_34_1_1_comp25+3_A_34_1_1_comp26+3_A_34_1_1_comp27+3_A_34_1_1_comp28+3_A_34_1_1_comp29+3_A_34_1_1_comp30+3_A_34_1_1_comp31+3_A_34_1_1_comp32+3_A_34_1_1_comp33,R_3_A_34_1_1,TCDB,TCDB.3_A_34_1_1_comp21
G_3_A_34_1_1_comp22,P_3_A_34_1_1_comp1+3_A_34_1_1_comp2+3_A_34_1_1_comp3+3_A_34_1_1_comp4+3_A_34_1_1_comp5+3_A_34_1_1_comp6+3_A_34_1_1_comp7+3_A_34_1_1_comp8+3_A_34_1_1_comp9+3_A_34_1_1_comp10+3_A_34_1_1_comp11+3_A_34_1_1_comp12+3_A_34_1_1_comp13+3_A_34_1_1_comp14+3_A_34_1_1_comp15+3_A_34_1_1_comp16+3_A_34_1_1_comp17+3_A_34_1_1_comp18+3_A_34_1_1_comp19+3_A_34_1_1_comp20+3_A_34_1_1_comp21+3_A_34_1_1_comp22+3_A_34_1_1_comp23+3_A_34_1_1_comp24+3_A_34_1_1_comp25+3_A_34_1_1_comp26+3_A_34_1_1_comp27+3_A_34_1_1_comp28+3_A_34_1_1_comp29+3_A_34_1_1_comp30+3_A_34_1_1_comp31+3_A_34_1_1_comp32+3_A_34_1_1_comp33,R_3_A_34_1_1,TCDB,TCDB.3_A_34_1_1_comp22
G_3_A_34_1_1_comp23,P_3_A_34_1_1_comp1+3_A_34_1_1_comp2+3_A_34_1_1_comp3+3_A_34_1_1_comp4+3_A_34_1_1_comp5+3_A_34_1_1_comp6+3_A_34_1_1_comp7+3_A_34_1_1_comp8+3_A_34_1_1_comp9+3_A_34_1_1_comp10+3_A_34_1_1_comp11+3_A_34_1_1_comp12+3_A_34_1_1_comp13+3_A_34_1_1_comp14+3_A_34_1_1_comp15+3_A_34_1_1_comp16+3_A_34_1_1_comp17+3_A_34_1_1_comp18+3_A_34_1_1_comp19+3_A_34_1_1_comp20+3_A_34_1_1_comp21+3_A_34_1_1_comp22+3_A_34_1_1_comp23+3_A_34_1_1_comp24+3_A_34_1_1_comp25+3_A_34_1_1_comp26+3_A_34_1_1_comp27+3_A_34_1_1_comp28+3_A_34_1_1_comp29+3_A_34_1_1_comp30+3_A_34_1_1_comp31+3_A_34_1_1_comp32+3_A_34_1_1_comp33,R_3_A_34_1_1,TCDB,TCDB.3_A_34_1_1_comp23
G_3_A_34_1_1_comp24,P_3_A_34_1_1_comp1+3_A_34_1_1_comp2+3_A_34_1_1_comp3+3_A_34_1_1_comp4+3_A_34_1_1_comp5+3_A_34_1_1_comp6+3_A_34_1_1_comp7+3_A_34_1_1_comp8+3_A_34_1_1_comp9+3_A_34_1_1_comp10+3_A_34_1_1_comp11+3_A_34_1_1_comp12+3_A_34_1_1_comp13+3_A_34_1_1_comp14+3_A_34_1_1_comp15+3_A_34_1_1_comp16+3_A_34_1_1_comp17+3_A_34_1_1_comp18+3_A_34_1_1_comp19+3_A_34_1_1_comp20+3_A_34_1_1_comp21+3_A_34_1_1_comp22+3_A_34_1_1_comp23+3_A_34_1_1_comp24+3_A_34_1_1_comp25+3_A_34_1_1_comp26+3_A_34_1_1_comp27+3_A_34_1_1_comp28+3_A_34_1_1_comp29+3_A_34_1_1_comp30+3_A_34_1_1_comp31+3_A_34_1_1_comp32+3_A_34_1_1_comp33,R_3_A_34_1_1,TCDB,TCDB.3_A_34_1_1_comp24
G_3_A_34_1_1_comp25,P_3_A_34_1_1_comp1+3_A_34_1_1_comp2+3_A_34_1_1_comp3+3_A_34_1_1_comp4+3_A_34_1_1_comp5+3_A_34_1_1_comp6+3_A_34_1_1_comp7+3_A_34_1_1_comp8+3_A_34_1_1_comp9+3_A_34_1_1_comp10+3_A_34_1_1_comp11+3_A_34_1_1_comp12+3_A_34_1_1_comp13+3_A_34_1_1_comp14+3_A_34_1_1_comp15+3_A_34_1_1_comp16+3_A_34_1_1_comp17+3_A_34_1_1_comp18+3_A_34_1_1_comp19+3_A_34_1_1_comp20+3_A_34_1_1_comp21+3_A_34_1_1_comp22+3_A_34_1_1_comp23+3_A_34_1_1_comp24+3_A_34_1_1_comp25+3_A_34_1_1_comp26+3_A_34_1_1_comp27+3_A_34_1_1_comp28+3_A_34_1_1_comp29+3_A_34_1_1_comp30+3_A_34_1_1_comp31+3_A_34_1_1_comp32+3_A_34_1_1_comp33,R_3_A_34_1_1,TCDB,TCDB.3_A_34_1_1_comp25
G_3_A_34_1_1_comp26,P_3_A_34_1_1_comp1+3_A_34_1_1_comp2+3_A_34_1_1_comp3+3_A_34_1_1_comp4+3_A_34_1_1_comp5+3_A_34_1_1_comp6+3_A_34_1_1_comp7+3_A_34_1_1_comp8+3_A_34_1_1_comp9+3_A_34_1_1_comp10+3_A_34_1_1_comp11+3_A_34_1_1_comp12+3_A_34_1_1_comp13+3_A_34_1_1_comp14+3_A_34_1_1_comp15+3_A_34_1_1_comp16+3_A_34_1_1_comp17+3_A_34_1_1_comp18+3_A_34_1_1_comp19+3_A_34_1_1_comp20+3_A_34_1_1_comp21+3_A_34_1_1_comp22+3_A_34_1_1_comp23+3_A_34_1_1_comp24+3_A_34_1_1_comp25+3_A_34_1_1_comp26+3_A_34_1_1_comp27+3_A_34_1_1_comp28+3_A_34_1_1_comp29+3_A_34_1_1_comp30+3_A_34_1_1_comp31+3_A_34_1_1_comp32+3_A_34_1_1_comp33,R_3_A_34_1_1,TCDB,TCDB.3_A_34_1_1_comp26
G_3_A_34_1_1_comp27,P_3_A_34_1_1_comp1+3_A_34_1_1_comp2+3_A_34_1_1_comp3+3_A_34_1_1_comp4+3_A_34_1_1_comp5+3_A_34_1_1_comp6+3_A_34_1_1_comp7+3_A_34_1_1_comp8+3_A_34_1_1_comp9+3_A_34_1_1_comp10+3_A_34_1_1_comp11+3_A_34_1_1_comp12+3_A_34_1_1_comp13+3_A_34_1_1_comp14+3_A_34_1_1_comp15+3_A_34_1_1_comp16+3_A_34_1_1_comp17+3_A_34_1_1_comp18+3_A_34_1_1_comp19+3_A_34_1_1_comp20+3_A_34_1_1_comp21+3_A_34_1_1_comp22+3_A_34_1_1_comp23+3_A_34_1_1_comp24+3_A_34_1_1_comp25+3_A_34_1_1_comp26+3_A_34_1_1_comp27+3_A_34_1_1_comp28+3_A_34_1_1_comp29+3_A_34_1_1_comp30+3_A_34_1_1_comp31+3_A_34_1_1_comp32+3_A_34_1_1_comp33,R_3_A_34_1_1,TCDB,TCDB.3_A_34_1_1_comp27
G_3_A_34_1_1_comp28,P_3_A_34_1_1_comp1+3_A_34_1_1_comp2+3_A_34_1_1_comp3+3_A_34_1_1_comp4+3_A_34_1_1_comp5+3_A_34_1_1_comp6+3_A_34_1_1_comp7+3_A_34_1_1_comp8+3_A_34_1_1_comp9+3_A_34_1_1_comp10+3_A_34_1_1_comp11+3_A_34_1_1_comp12+3_A_34_1_1_comp13+3_A_34_1_1_comp14+3_A_34_1_1_comp15+3_A_34_1_1_comp16+3_A_34_1_1_comp17+3_A_34_1_1_comp18+3_A_34_1_1_comp19+3_A_34_1_1_comp20+3_A_34_1_1_comp21+3_A_34_1_1_comp22+3_A_34_1_1_comp23+3_A_34_1_1_comp24+3_A_34_1_1_comp25+3_A_34_1_1_comp26+3_A_34_1_1_comp27+3_A_34_1_1_comp28+3_A_34_1_1_comp29+3_A_34_1_1_comp30+3_A_34_1_1_comp31+3_A_34_1_1_comp32+3_A_34_1_1_comp33,R_3_A_34_1_1,TCDB,TCDB.3_A_34_1_1_comp28
G_3_A_34_1_1_comp29,P_3_A_34_1_1_comp1+3_A_34_1_1_comp2+3_A_34_1_1_comp3+3_A_34_1_1_comp4+3_A_34_1_1_comp5+3_A_34_1_1_comp6+3_A_34_1_1_comp7+3_A_34_1_1_comp8+3_A_34_1_1_comp9+3_A_34_1_1_comp10+3_A_34_1_1_comp11+3_A_34_1_1_comp12+3_A_34_1_1_comp13+3_A_34_1_1_comp14+3_A_34_1_1_comp15+3_A_34_1_1_comp16+3_A_34_1_1_comp17+3_A_34_1_1_comp18+3_A_34_1_1_comp19+3_A_34_1_1_comp20+3_A_34_1_1_comp21+3_A_34_1_1_comp22+3_A_34_1_1_comp23+3_A_34_1_1_comp24+3_A_34_1_1_comp25+3_A_34_1_1_comp26+3_A_34_1_1_comp27+3_A_34_1_1_comp28+3_A_34_1_1_comp29+3_A_34_1_1_comp30+3_A_34_1_1_comp31+3_A_34_1_1_comp32+3_A_34_1_1_comp33,R_3_A_34_1_1,TCDB,TCDB.3_A_34_1_1_comp29
G_3_A_34_1_1_comp30,P_3_A_34_1_1_comp1+3_A_34_1_1_comp2+3_A_34_1_1_comp3+3_A_34_1_1_comp4+3_A_34_1_1_comp5+3_A_34_1_1_comp6+3_A_34_1_1_comp7+3_A_34_1_1_comp8+3_A_34_1_1_comp9+3_A_34_1_1_comp10+3_A_34_1_1_comp11+3_A_34_1_1_comp12+3_A_34_1_1_comp13+3_A_34_1_1_comp14+3_A_34_1_1_comp15+3_A_34_1_1_comp16+3_A_34_1_1_comp17+3_A_34_1_1_comp18+3_A_34_1_1_comp19+3_A_34_1_1_comp20+3_A_34_1_1_comp21+3_A_34_1_1_comp22+3_A_34_1_1_comp23+3_A_34_1_1_comp24+3_A_34_1_1_comp25+3_A_34_1_1_comp26+3_A_34_1_1_comp27+3_A_34_1_1_comp28+3_A_34_1_1_comp29+3_A_34_1_1_comp30+3_A_34_1_1_comp31+3_A_34_1_1_comp32+3_A_34_1_1_comp33,R_3_A_34_1_1,TCDB,TCDB.3_A_34_1_1_comp30
G_3_A_34_1_1_comp31,P_3_A_34_1_1_comp1+3_A_34_1_1_comp2+3_A_34_1_1_comp3+3_A_34_1_1_comp4+3_A_34_1_1_comp5+3_A_34_1_1_comp6+3_A_34_1_1_comp7+3_A_34_1_1_comp8+3_A_34_1_1_comp9+3_A_34_1_1_comp10+3_A_34_1_1_comp11+3_A_34_1_1_comp12+3_A_34_1_1_comp13+3_A_34_1_1_comp14+3_A_34_1_1_comp15+3_A_34_1_1_comp16+3_A_34_1_1_comp17+3_A_34_1_1_comp18+3_A_34_1_1_comp19+3_A_34_1_1_comp20+3_A_34_1_1_comp21+3_A_34_1_1_comp22+3_A_34_1_1_comp23+3_A_34_1_1_comp24+3_A_34_1_1_comp25+3_A_34_1_1_comp26+3_A_34_1_1_comp27+3_A_34_1_1_comp28+3_A_34_1_1_comp29+3_A_34_1_1_comp30+3_A_34_1_1_comp31+3_A_34_1_1_comp32+3_A_34_1_1_comp33,R_3_A_34_1_1,TCDB,TCDB.3_A_34_1_1_comp31
G_3_A_34_1_1_comp32,P_3_A_34_1_1_comp1+3_A_34_1_1_comp2+3_A_34_1_1_comp3+3_A_34_1_1_comp4+3_A_34_1_1_comp5+3_A_34_1_1_comp6+3_A_34_1_1_comp7+3_A_34_1_1_comp8+3_A_34_1_1_comp9+3_A_34_1_1_comp10+3_A_34_1_1_comp11+3_A_34_1_1_comp12+3_A_34_1_1_comp13+3_A_34_1_1_comp14+3_A_34_1_1_comp15+3_A_34_1_1_comp16+3_A_34_1_1_comp17+3_A_34_1_1_comp18+3_A_34_1_1_comp19+3_A_34_1_1_comp20+3_A_34_1_1_comp21+3_A_34_1_1_comp22+3_A_34_1_1_comp23+3_A_34_1_1_comp24+3_A_34_1_1_comp25+3_A_34_1_1_comp26+3_A_34_1_1_comp27+3_A_34_1_1_comp28+3_A_34_1_1_comp29+3_A_34_1_1_comp30+3_A_34_1_1_comp31+3_A_34_1_1_comp32+3_A_34_1_1_comp33,R_3_A_34_1_1,TCDB,TCDB.3_A_34_1_1_comp32
G_3_A_34_1_1_comp33,P_3_A_34_1_1_comp1+3_A_34_1_1_comp2+3_A_34_1_1_comp3+3_A_34_1_1_comp4+3_A_34_1_1_comp5+3_A_34_1_1_comp6+3_A_34_1_1_comp7+3_A_34_1_1_comp8+3_A_34_1_1_comp9+3_A_34_1_1_comp10+3_A_34_1_1_comp11+3_A_34_1_1_comp12+3_A_34_1_1_comp13+3_A_34_1_1_comp14+3_A_34_1_1_comp15+3_A_34_1_1_comp16+3_A_34_1_1_comp17+3_A_34_1_1_comp18+3_A_34_1_1_comp19+3_A_34_1_1_comp20+3_A_34_1_1_comp21+3_A_34_1_1_comp22+3_A_34_1_1_comp23+3_A_34_1_1_comp24+3_A_34_1_1_comp25+3_A_34_1_1_comp26+3_A_34_1_1_comp27+3_A_34_1_1_comp28+3_A_34_1_1_comp29+3_A_34_1_1_comp30+3_A_34_1_1_comp31+3_A_34_1_1_comp32+3_A_34_1_1_comp33,R_3_A_34_1_1,TCDB,TCDB.3_A_34_1_1_comp33
G_8_A_92_1_1_comp1,P_8_A_92_1_1_comp1+8_A_92_1_1_comp2+8_A_92_1_1_comp3,R_8_A_92_1_1,TCDB,TCDB.8_A_92_1_1_comp1
G_8_A_92_1_1_comp2,P_8_A_92_1_1_comp1+8_A_92_1_1_comp2+8_A_92_1_1_comp3,R_8_A_92_1_1,TCDB,TCDB.8_A_92_1_1_comp2
G_8_A_92_1_1_comp3,P_8_A_92_1_1_comp1+8_A_92_1_1_comp2+8_A_92_1_1_comp3,R_8_A_92_1_1,TCDB,TCDB.8_A_92_1_1_comp3
G_1_A_1_9_2_comp1,P_1_A_1_9_2_comp1,R_1_A_1_9_2,TCDB,TCDB.1_A_1_9_2_comp1
G_8_A_77_1_4_comp1,P_8_A_77_1_4_comp1,R_8_A_77_1_4,TCDB,TCDB.8_A_77_1_4_comp1
G_3_A_1_203_9_comp1,P_3_A_1_203_9_comp1,R_3_A_1_203_9,TCDB,TCDB.3_A_1_203_9_comp1
G_2_A_121_3_1_comp1,P_2_A_121_3_1_comp1,R_2_A_121_3_1,TCDB,TCDB.2_A_121_3_1_comp1
G_8_A_54_1_8_comp1,P_8_A_54_1_8_comp1+8_A_54_1_8_comp2,R_8_A_54_1_8,TCDB,TCDB.8_A_54_1_8_comp1
G_8_A_54_1_8_comp2,P_8_A_54_1_8_comp1+8_A_54_1_8_comp2,R_8_A_54_1_8,TCDB,TCDB.8_A_54_1_8_comp2
G_8_A_92_1_11_comp1,P_8_A_92_1_11_comp1,R_8_A_92_1_11,TCDB,TCDB.8_A_92_1_11_comp1
G_8_A_24_1_1_comp1,P_8_A_24_1_1_comp1,R_8_A_24_1_1,TCDB,TCDB.8_A_24_1_1_comp1
G_8_A_47_1_5_comp1,P_8_A_47_1_5_comp1,R_8_A_47_1_5,TCDB,TCDB.8_A_47_1_5_comp1
G_1_C_127_1_1_comp1,P_1_C_127_1_1_comp1,R_1_C_127_1_1,TCDB,TCDB.1_C_127_1_1_comp1
G_8_A_103_1_3_comp1,P_8_A_103_1_3_comp1,R_8_A_103_1_3,TCDB,TCDB.8_A_103_1_3_comp1
G_9_A_14_13_30_comp1,P_9_A_14_13_30_comp1,R_9_A_14_13_30,TCDB,TCDB.9_A_14_13_30_comp1
G_2_A_4_3_7_comp1,P_2_A_4_3_7_comp1,R_2_A_4_3_7,TCDB,TCDB.2_A_4_3_7_comp1
G_8_A_75_1_5_comp1,P_8_A_75_1_5_comp1,R_8_A_75_1_5,TCDB,TCDB.8_A_75_1_5_comp1
G_8_A_88_1_5_comp1,P_8_A_88_1_5_comp1,R_8_A_88_1_5,TCDB,TCDB.8_A_88_1_5_comp1
G_4_C_1_1_5_comp1,P_4_C_1_1_5_comp1,R_4_C_1_1_5,TCDB,TCDB.4_C_1_1_5_comp1
G_2_A_6_6_1_comp1,P_2_A_6_6_1_comp1+2_A_6_6_1_comp2,R_2_A_6_6_1,TCDB,TCDB.2_A_6_6_1_comp1
G_2_A_6_6_1_comp2,P_2_A_6_6_1_comp1+2_A_6_6_1_comp2,R_2_A_6_6_1,TCDB,TCDB.2_A_6_6_1_comp2
G_8_A_103_1_1_comp1,P_8_A_103_1_1_comp1,R_8_A_103_1_1,TCDB,TCDB.8_A_103_1_1_comp1
G_8_A_103_1_2_comp1,P_8_A_103_1_2_comp1,R_8_A_103_1_2,TCDB,TCDB.8_A_103_1_2_comp1
G_8_A_23_1_29_comp1,P_8_A_23_1_29_comp1,R_8_A_23_1_29,TCDB,TCDB.8_A_23_1_29_comp1
G_9_A_36_1_1_comp1,P_9_A_36_1_1_comp1,R_9_A_36_1_1,TCDB,TCDB.9_A_36_1_1_comp1
G_9_B_433_1_1_comp1,P_9_B_433_1_1_comp1,R_9_B_433_1_1,TCDB,TCDB.9_B_433_1_1_comp1
G_2_A_1_19_30_comp1,P_2_A_1_19_30_comp1,R_2_A_1_19_30,TCDB,TCDB.2_A_1_19_30_comp1
G_2_A_1_19_29_comp1,P_2_A_1_19_29_comp1,R_2_A_1_19_29,TCDB,TCDB.2_A_1_19_29_comp1
G_1_A_12_1_5_comp1,P_1_A_12_1_5_comp1,R_1_A_12_1_5,TCDB,TCDB.1_A_12_1_5_comp1
G_9_B_82_1_2_comp1,P_9_B_82_1_2_comp1,R_9_B_82_1_2,TCDB,TCDB.9_B_82_1_2_comp1
G_9_B_214_1_2_comp1,P_9_B_214_1_2_comp1,R_9_B_214_1_2,TCDB,TCDB.9_B_214_1_2_comp1
G_1_C_85_1_2_comp1,P_1_C_85_1_2_comp1,R_1_C_85_1_2,TCDB,TCDB.1_C_85_1_2_comp1
G_8_A_68_1_13_comp1,P_8_A_68_1_13_comp1,R_8_A_68_1_13,TCDB,TCDB.8_A_68_1_13_comp1
G_9_A_14_13_20_comp1,P_9_A_14_13_20_comp1,R_9_A_14_13_20,TCDB,TCDB.9_A_14_13_20_comp1
G_2_A_1_13_7_comp1,P_2_A_1_13_7_comp1,R_2_A_1_13_7,TCDB,TCDB.2_A_1_13_7_comp1
G_2_A_1_13_11_comp1,P_2_A_1_13_11_comp1,R_2_A_1_13_11,TCDB,TCDB.2_A_1_13_11_comp1
G_8_A_131_1_6_comp1,P_8_A_131_1_6_comp1,R_8_A_131_1_6,TCDB,TCDB.8_A_131_1_6_comp1
G_2_A_1_13_15_comp1,P_2_A_1_13_15_comp1,R_2_A_1_13_15,TCDB,TCDB.2_A_1_13_15_comp1
G_2_A_1_13_6_comp1,P_2_A_1_13_6_comp1,R_2_A_1_13_6,TCDB,TCDB.2_A_1_13_6_comp1
G_1_A_56_1_2_comp1,P_1_A_56_1_2_comp1,R_1_A_56_1_2,TCDB,TCDB.1_A_56_1_2_comp1
G_1_A_56_1_9_comp1,P_1_A_56_1_9_comp1,R_1_A_56_1_9,TCDB,TCDB.1_A_56_1_9_comp1
G_3_A_1_208_9_comp1,P_3_A_1_208_9_comp1,R_3_A_1_208_9,TCDB,TCDB.3_A_1_208_9_comp1
G_3_A_1_208_7_comp1,P_3_A_1_208_7_comp1,R_3_A_1_208_7,TCDB,TCDB.3_A_1_208_7_comp1
G_3_A_1_208_15_comp1,P_3_A_1_208_15_comp1,R_3_A_1_208_15,TCDB,TCDB.3_A_1_208_15_comp1
G_8_A_43_1_35_comp1,P_8_A_43_1_35_comp1,R_8_A_43_1_35,TCDB,TCDB.8_A_43_1_35_comp1
G_1_F_1_3_1_comp1,P_1_F_1_3_1_comp1,R_1_F_1_3_1,TCDB,TCDB.1_F_1_3_1_comp1
G_9_B_418_1_2_comp1,P_9_B_418_1_2_comp1,R_9_B_418_1_2,TCDB,TCDB.9_B_418_1_2_comp1
G_8_A_196_1_1_comp1,P_8_A_196_1_1_comp1,R_8_A_196_1_1,TCDB,TCDB.8_A_196_1_1_comp1
G_8_A_154_1_1_comp1,P_8_A_154_1_1_comp1,R_8_A_154_1_1,TCDB,TCDB.8_A_154_1_1_comp1
G_1_H_1_1_15_comp1,P_1_H_1_1_15_comp1,R_1_H_1_1_15,TCDB,TCDB.1_H_1_1_15_comp1
G_1_A_1_16_2_comp1,P_1_A_1_16_2_comp1,R_1_A_1_16_2,TCDB,TCDB.1_A_1_16_2_comp1
G_2_A_19_4_14_comp1,P_2_A_19_4_14_comp1,R_2_A_19_4_14,TCDB,TCDB.2_A_19_4_14_comp1
G_2_A_7_12_9_comp1,P_2_A_7_12_9_comp1,R_2_A_7_12_9,TCDB,TCDB.2_A_7_12_9_comp1
G_8_B_14_1_6_comp1,P_8_B_14_1_6_comp1,R_8_B_14_1_6,TCDB,TCDB.8_B_14_1_6_comp1
G_1_A_1_9_7_comp1,P_1_A_1_9_7_comp1,R_1_A_1_9_7,TCDB,TCDB.1_A_1_9_7_comp1
G_1_A_9_4_7_comp1,P_1_A_9_4_7_comp1,R_1_A_9_4_7,TCDB,TCDB.1_A_9_4_7_comp1
G_2_A_112_1_2_comp1,P_2_A_112_1_2_comp1,R_2_A_112_1_2,TCDB,TCDB.2_A_112_1_2_comp1
G_1_A_4_3_1_comp1,P_1_A_4_3_1_comp1,R_1_A_4_3_1,TCDB,TCDB.1_A_4_3_1_comp1
G_1_A_9_4_2_comp1,P_1_A_9_4_2_comp1+1_A_9_4_2_comp2+1_A_9_4_2_comp3,R_1_A_9_4_2,TCDB,TCDB.1_A_9_4_2_comp1
G_1_A_9_4_2_comp2,P_1_A_9_4_2_comp1+1_A_9_4_2_comp2+1_A_9_4_2_comp3,R_1_A_9_4_2,TCDB,TCDB.1_A_9_4_2_comp2
G_1_A_9_4_2_comp3,P_1_A_9_4_2_comp1+1_A_9_4_2_comp2+1_A_9_4_2_comp3,R_1_A_9_4_2,TCDB,TCDB.1_A_9_4_2_comp3
G_1_A_69_3_8_comp1,P_1_A_69_3_8_comp1,R_1_A_69_3_8,TCDB,TCDB.1_A_69_3_8_comp1
G_2_A_19_3_2_comp1,P_2_A_19_3_2_comp1,R_2_A_19_3_2,TCDB,TCDB.2_A_19_3_2_comp1
G_1_C_43_1_1_comp1,P_1_C_43_1_1_comp1,R_1_C_43_1_1,TCDB,TCDB.1_C_43_1_1_comp1
G_1_C_43_1_2_comp1,P_1_C_43_1_2_comp1,R_1_C_43_1_2,TCDB,TCDB.1_C_43_1_2_comp1
G_1_C_17_2_1_comp1,P_1_C_17_2_1_comp1,R_1_C_17_2_1,TCDB,TCDB.1_C_17_2_1_comp1
G_1_E_13_1_2_comp1,P_1_E_13_1_2_comp1,R_1_E_13_1_2,TCDB,TCDB.1_E_13_1_2_comp1
G_2_A_129_1_1_comp1,P_2_A_129_1_1_comp1,R_2_A_129_1_1,TCDB,TCDB.2_A_129_1_1_comp1
G_2_A_19_6_1_comp1,P_2_A_19_6_1_comp1,R_2_A_19_6_1,TCDB,TCDB.2_A_19_6_1_comp1
G_2_A_29_10_11_comp1,P_2_A_29_10_11_comp1,R_2_A_29_10_11,TCDB,TCDB.2_A_29_10_11_comp1
G_3_A_5_1_2_comp1,P_3_A_5_1_2_comp1+3_A_5_1_2_comp2+3_A_5_1_2_comp3,R_3_A_5_1_2,TCDB,TCDB.3_A_5_1_2_comp1
G_3_A_5_1_2_comp2,P_3_A_5_1_2_comp1+3_A_5_1_2_comp2+3_A_5_1_2_comp3,R_3_A_5_1_2,TCDB,TCDB.3_A_5_1_2_comp2
G_3_A_5_1_2_comp3,P_3_A_5_1_2_comp1+3_A_5_1_2_comp2+3_A_5_1_2_comp3,R_3_A_5_1_2,TCDB,TCDB.3_A_5_1_2_comp3
G_2_A_72_3_1_comp1,P_2_A_72_3_1_comp1,R_2_A_72_3_1,TCDB,TCDB.2_A_72_3_1_comp1
G_9_A_20_1_1_comp1,P_9_A_20_1_1_comp1,R_9_A_20_1_1,TCDB,TCDB.9_A_20_1_1_comp1
G_1_A_87_2_6_comp1,P_1_A_87_2_6_comp1,R_1_A_87_2_6,TCDB,TCDB.1_A_87_2_6_comp1
G_2_A_30_1_20_comp1,P_2_A_30_1_20_comp1,R_2_A_30_1_20,TCDB,TCDB.2_A_30_1_20_comp1
G_3_D_1_6_3_comp1,P_3_D_1_6_3_comp1+3_D_1_6_3_comp2+3_D_1_6_3_comp3+3_D_1_6_3_comp4+3_D_1_6_3_comp5+3_D_1_6_3_comp6+3_D_1_6_3_comp7+3_D_1_6_3_comp8+3_D_1_6_3_comp9+3_D_1_6_3_comp10+3_D_1_6_3_comp11+3_D_1_6_3_comp12+3_D_1_6_3_comp13+3_D_1_6_3_comp14+3_D_1_6_3_comp15+3_D_1_6_3_comp16+3_D_1_6_3_comp17+3_D_1_6_3_comp18+3_D_1_6_3_comp19+3_D_1_6_3_comp20+3_D_1_6_3_comp21+3_D_1_6_3_comp22+3_D_1_6_3_comp23,R_3_D_1_6_3,TCDB,TCDB.3_D_1_6_3_comp1
G_3_D_1_6_3_comp2,P_3_D_1_6_3_comp1+3_D_1_6_3_comp2+3_D_1_6_3_comp3+3_D_1_6_3_comp4+3_D_1_6_3_comp5+3_D_1_6_3_comp6+3_D_1_6_3_comp7+3_D_1_6_3_comp8+3_D_1_6_3_comp9+3_D_1_6_3_comp10+3_D_1_6_3_comp11+3_D_1_6_3_comp12+3_D_1_6_3_comp13+3_D_1_6_3_comp14+3_D_1_6_3_comp15+3_D_1_6_3_comp16+3_D_1_6_3_comp17+3_D_1_6_3_comp18+3_D_1_6_3_comp19+3_D_1_6_3_comp20+3_D_1_6_3_comp21+3_D_1_6_3_comp22+3_D_1_6_3_comp23,R_3_D_1_6_3,TCDB,TCDB.3_D_1_6_3_comp2
G_3_D_1_6_3_comp3,P_3_D_1_6_3_comp1+3_D_1_6_3_comp2+3_D_1_6_3_comp3+3_D_1_6_3_comp4+3_D_1_6_3_comp5+3_D_1_6_3_comp6+3_D_1_6_3_comp7+3_D_1_6_3_comp8+3_D_1_6_3_comp9+3_D_1_6_3_comp10+3_D_1_6_3_comp11+3_D_1_6_3_comp12+3_D_1_6_3_comp13+3_D_1_6_3_comp14+3_D_1_6_3_comp15+3_D_1_6_3_comp16+3_D_1_6_3_comp17+3_D_1_6_3_comp18+3_D_1_6_3_comp19+3_D_1_6_3_comp20+3_D_1_6_3_comp21+3_D_1_6_3_comp22+3_D_1_6_3_comp23,R_3_D_1_6_3,TCDB,TCDB.3_D_1_6_3_comp3
G_3_D_1_6_3_comp4,P_3_D_1_6_3_comp1+3_D_1_6_3_comp2+3_D_1_6_3_comp3+3_D_1_6_3_comp4+3_D_1_6_3_comp5+3_D_1_6_3_comp6+3_D_1_6_3_comp7+3_D_1_6_3_comp8+3_D_1_6_3_comp9+3_D_1_6_3_comp10+3_D_1_6_3_comp11+3_D_1_6_3_comp12+3_D_1_6_3_comp13+3_D_1_6_3_comp14+3_D_1_6_3_comp15+3_D_1_6_3_comp16+3_D_1_6_3_comp17+3_D_1_6_3_comp18+3_D_1_6_3_comp19+3_D_1_6_3_comp20+3_D_1_6_3_comp21+3_D_1_6_3_comp22+3_D_1_6_3_comp23,R_3_D_1_6_3,TCDB,TCDB.3_D_1_6_3_comp4
G_3_D_1_6_3_comp5,P_3_D_1_6_3_comp1+3_D_1_6_3_comp2+3_D_1_6_3_comp3+3_D_1_6_3_comp4+3_D_1_6_3_comp5+3_D_1_6_3_comp6+3_D_1_6_3_comp7+3_D_1_6_3_comp8+3_D_1_6_3_comp9+3_D_1_6_3_comp10+3_D_1_6_3_comp11+3_D_1_6_3_comp12+3_D_1_6_3_comp13+3_D_1_6_3_comp14+3_D_1_6_3_comp15+3_D_1_6_3_comp16+3_D_1_6_3_comp17+3_D_1_6_3_comp18+3_D_1_6_3_comp19+3_D_1_6_3_comp20+3_D_1_6_3_comp21+3_D_1_6_3_comp22+3_D_1_6_3_comp23,R_3_D_1_6_3,TCDB,TCDB.3_D_1_6_3_comp5
G_3_D_1_6_3_comp6,P_3_D_1_6_3_comp1+3_D_1_6_3_comp2+3_D_1_6_3_comp3+3_D_1_6_3_comp4+3_D_1_6_3_comp5+3_D_1_6_3_comp6+3_D_1_6_3_comp7+3_D_1_6_3_comp8+3_D_1_6_3_comp9+3_D_1_6_3_comp10+3_D_1_6_3_comp11+3_D_1_6_3_comp12+3_D_1_6_3_comp13+3_D_1_6_3_comp14+3_D_1_6_3_comp15+3_D_1_6_3_comp16+3_D_1_6_3_comp17+3_D_1_6_3_comp18+3_D_1_6_3_comp19+3_D_1_6_3_comp20+3_D_1_6_3_comp21+3_D_1_6_3_comp22+3_D_1_6_3_comp23,R_3_D_1_6_3,TCDB,TCDB.3_D_1_6_3_comp6
G_3_D_1_6_3_comp7,P_3_D_1_6_3_comp1+3_D_1_6_3_comp2+3_D_1_6_3_comp3+3_D_1_6_3_comp4+3_D_1_6_3_comp5+3_D_1_6_3_comp6+3_D_1_6_3_comp7+3_D_1_6_3_comp8+3_D_1_6_3_comp9+3_D_1_6_3_comp10+3_D_1_6_3_comp11+3_D_1_6_3_comp12+3_D_1_6_3_comp13+3_D_1_6_3_comp14+3_D_1_6_3_comp15+3_D_1_6_3_comp16+3_D_1_6_3_comp17+3_D_1_6_3_comp18+3_D_1_6_3_comp19+3_D_1_6_3_comp20+3_D_1_6_3_comp21+3_D_1_6_3_comp22+3_D_1_6_3_comp23,R_3_D_1_6_3,TCDB,TCDB.3_D_1_6_3_comp7
G_3_D_1_6_3_comp8,P_3_D_1_6_3_comp1+3_D_1_6_3_comp2+3_D_1_6_3_comp3+3_D_1_6_3_comp4+3_D_1_6_3_comp5+3_D_1_6_3_comp6+3_D_1_6_3_comp7+3_D_1_6_3_comp8+3_D_1_6_3_comp9+3_D_1_6_3_comp10+3_D_1_6_3_comp11+3_D_1_6_3_comp12+3_D_1_6_3_comp13+3_D_1_6_3_comp14+3_D_1_6_3_comp15+3_D_1_6_3_comp16+3_D_1_6_3_comp17+3_D_1_6_3_comp18+3_D_1_6_3_comp19+3_D_1_6_3_comp20+3_D_1_6_3_comp21+3_D_1_6_3_comp22+3_D_1_6_3_comp23,R_3_D_1_6_3,TCDB,TCDB.3_D_1_6_3_comp8
G_3_D_1_6_3_comp9,P_3_D_1_6_3_comp1+3_D_1_6_3_comp2+3_D_1_6_3_comp3+3_D_1_6_3_comp4+3_D_1_6_3_comp5+3_D_1_6_3_comp6+3_D_1_6_3_comp7+3_D_1_6_3_comp8+3_D_1_6_3_comp9+3_D_1_6_3_comp10+3_D_1_6_3_comp11+3_D_1_6_3_comp12+3_D_1_6_3_comp13+3_D_1_6_3_comp14+3_D_1_6_3_comp15+3_D_1_6_3_comp16+3_D_1_6_3_comp17+3_D_1_6_3_comp18+3_D_1_6_3_comp19+3_D_1_6_3_comp20+3_D_1_6_3_comp21+3_D_1_6_3_comp22+3_D_1_6_3_comp23,R_3_D_1_6_3,TCDB,TCDB.3_D_1_6_3_comp9
G_3_D_1_6_3_comp10,P_3_D_1_6_3_comp1+3_D_1_6_3_comp2+3_D_1_6_3_comp3+3_D_1_6_3_comp4+3_D_1_6_3_comp5+3_D_1_6_3_comp6+3_D_1_6_3_comp7+3_D_1_6_3_comp8+3_D_1_6_3_comp9+3_D_1_6_3_comp10+3_D_1_6_3_comp11+3_D_1_6_3_comp12+3_D_1_6_3_comp13+3_D_1_6_3_comp14+3_D_1_6_3_comp15+3_D_1_6_3_comp16+3_D_1_6_3_comp17+3_D_1_6_3_comp18+3_D_1_6_3_comp19+3_D_1_6_3_comp20+3_D_1_6_3_comp21+3_D_1_6_3_comp22+3_D_1_6_3_comp23,R_3_D_1_6_3,TCDB,TCDB.3_D_1_6_3_comp10
G_3_D_1_6_3_comp11,P_3_D_1_6_3_comp1+3_D_1_6_3_comp2+3_D_1_6_3_comp3+3_D_1_6_3_comp4+3_D_1_6_3_comp5+3_D_1_6_3_comp6+3_D_1_6_3_comp7+3_D_1_6_3_comp8+3_D_1_6_3_comp9+3_D_1_6_3_comp10+3_D_1_6_3_comp11+3_D_1_6_3_comp12+3_D_1_6_3_comp13+3_D_1_6_3_comp14+3_D_1_6_3_comp15+3_D_1_6_3_comp16+3_D_1_6_3_comp17+3_D_1_6_3_comp18+3_D_1_6_3_comp19+3_D_1_6_3_comp20+3_D_1_6_3_comp21+3_D_1_6_3_comp22+3_D_1_6_3_comp23,R_3_D_1_6_3,TCDB,TCDB.3_D_1_6_3_comp11
G_3_D_1_6_3_comp12,P_3_D_1_6_3_comp1+3_D_1_6_3_comp2+3_D_1_6_3_comp3+3_D_1_6_3_comp4+3_D_1_6_3_comp5+3_D_1_6_3_comp6+3_D_1_6_3_comp7+3_D_1_6_3_comp8+3_D_1_6_3_comp9+3_D_1_6_3_comp10+3_D_1_6_3_comp11+3_D_1_6_3_comp12+3_D_1_6_3_comp13+3_D_1_6_3_comp14+3_D_1_6_3_comp15+3_D_1_6_3_comp16+3_D_1_6_3_comp17+3_D_1_6_3_comp18+3_D_1_6_3_comp19+3_D_1_6_3_comp20+3_D_1_6_3_comp21+3_D_1_6_3_comp22+3_D_1_6_3_comp23,R_3_D_1_6_3,TCDB,TCDB.3_D_1_6_3_comp12
G_3_D_1_6_3_comp13,P_3_D_1_6_3_comp1+3_D_1_6_3_comp2+3_D_1_6_3_comp3+3_D_1_6_3_comp4+3_D_1_6_3_comp5+3_D_1_6_3_comp6+3_D_1_6_3_comp7+3_D_1_6_3_comp8+3_D_1_6_3_comp9+3_D_1_6_3_comp10+3_D_1_6_3_comp11+3_D_1_6_3_comp12+3_D_1_6_3_comp13+3_D_1_6_3_comp14+3_D_1_6_3_comp15+3_D_1_6_3_comp16+3_D_1_6_3_comp17+3_D_1_6_3_comp18+3_D_1_6_3_comp19+3_D_1_6_3_comp20+3_D_1_6_3_comp21+3_D_1_6_3_comp22+3_D_1_6_3_comp23,R_3_D_1_6_3,TCDB,TCDB.3_D_1_6_3_comp13
G_3_D_1_6_3_comp14,P_3_D_1_6_3_comp1+3_D_1_6_3_comp2+3_D_1_6_3_comp3+3_D_1_6_3_comp4+3_D_1_6_3_comp5+3_D_1_6_3_comp6+3_D_1_6_3_comp7+3_D_1_6_3_comp8+3_D_1_6_3_comp9+3_D_1_6_3_comp10+3_D_1_6_3_comp11+3_D_1_6_3_comp12+3_D_1_6_3_comp13+3_D_1_6_3_comp14+3_D_1_6_3_comp15+3_D_1_6_3_comp16+3_D_1_6_3_comp17+3_D_1_6_3_comp18+3_D_1_6_3_comp19+3_D_1_6_3_comp20+3_D_1_6_3_comp21+3_D_1_6_3_comp22+3_D_1_6_3_comp23,R_3_D_1_6_3,TCDB,TCDB.3_D_1_6_3_comp14
G_3_D_1_6_3_comp15,P_3_D_1_6_3_comp1+3_D_1_6_3_comp2+3_D_1_6_3_comp3+3_D_1_6_3_comp4+3_D_1_6_3_comp5+3_D_1_6_3_comp6+3_D_1_6_3_comp7+3_D_1_6_3_comp8+3_D_1_6_3_comp9+3_D_1_6_3_comp10+3_D_1_6_3_comp11+3_D_1_6_3_comp12+3_D_1_6_3_comp13+3_D_1_6_3_comp14+3_D_1_6_3_comp15+3_D_1_6_3_comp16+3_D_1_6_3_comp17+3_D_1_6_3_comp18+3_D_1_6_3_comp19+3_D_1_6_3_comp20+3_D_1_6_3_comp21+3_D_1_6_3_comp22+3_D_1_6_3_comp23,R_3_D_1_6_3,TCDB,TCDB.3_D_1_6_3_comp15
G_3_D_1_6_3_comp16,P_3_D_1_6_3_comp1+3_D_1_6_3_comp2+3_D_1_6_3_comp3+3_D_1_6_3_comp4+3_D_1_6_3_comp5+3_D_1_6_3_comp6+3_D_1_6_3_comp7+3_D_1_6_3_comp8+3_D_1_6_3_comp9+3_D_1_6_3_comp10+3_D_1_6_3_comp11+3_D_1_6_3_comp12+3_D_1_6_3_comp13+3_D_1_6_3_comp14+3_D_1_6_3_comp15+3_D_1_6_3_comp16+3_D_1_6_3_comp17+3_D_1_6_3_comp18+3_D_1_6_3_comp19+3_D_1_6_3_comp20+3_D_1_6_3_comp21+3_D_1_6_3_comp22+3_D_1_6_3_comp23,R_3_D_1_6_3,TCDB,TCDB.3_D_1_6_3_comp16
G_3_D_1_6_3_comp17,P_3_D_1_6_3_comp1+3_D_1_6_3_comp2+3_D_1_6_3_comp3+3_D_1_6_3_comp4+3_D_1_6_3_comp5+3_D_1_6_3_comp6+3_D_1_6_3_comp7+3_D_1_6_3_comp8+3_D_1_6_3_comp9+3_D_1_6_3_comp10+3_D_1_6_3_comp11+3_D_1_6_3_comp12+3_D_1_6_3_comp13+3_D_1_6_3_comp14+3_D_1_6_3_comp15+3_D_1_6_3_comp16+3_D_1_6_3_comp17+3_D_1_6_3_comp18+3_D_1_6_3_comp19+3_D_1_6_3_comp20+3_D_1_6_3_comp21+3_D_1_6_3_comp22+3_D_1_6_3_comp23,R_3_D_1_6_3,TCDB,TCDB.3_D_1_6_3_comp17
G_3_D_1_6_3_comp18,P_3_D_1_6_3_comp1+3_D_1_6_3_comp2+3_D_1_6_3_comp3+3_D_1_6_3_comp4+3_D_1_6_3_comp5+3_D_1_6_3_comp6+3_D_1_6_3_comp7+3_D_1_6_3_comp8+3_D_1_6_3_comp9+3_D_1_6_3_comp10+3_D_1_6_3_comp11+3_D_1_6_3_comp12+3_D_1_6_3_comp13+3_D_1_6_3_comp14+3_D_1_6_3_comp15+3_D_1_6_3_comp16+3_D_1_6_3_comp17+3_D_1_6_3_comp18+3_D_1_6_3_comp19+3_D_1_6_3_comp20+3_D_1_6_3_comp21+3_D_1_6_3_comp22+3_D_1_6_3_comp23,R_3_D_1_6_3,TCDB,TCDB.3_D_1_6_3_comp18
G_3_D_1_6_3_comp19,P_3_D_1_6_3_comp1+3_D_1_6_3_comp2+3_D_1_6_3_comp3+3_D_1_6_3_comp4+3_D_1_6_3_comp5+3_D_1_6_3_comp6+3_D_1_6_3_comp7+3_D_1_6_3_comp8+3_D_1_6_3_comp9+3_D_1_6_3_comp10+3_D_1_6_3_comp11+3_D_1_6_3_comp12+3_D_1_6_3_comp13+3_D_1_6_3_comp14+3_D_1_6_3_comp15+3_D_1_6_3_comp16+3_D_1_6_3_comp17+3_D_1_6_3_comp18+3_D_1_6_3_comp19+3_D_1_6_3_comp20+3_D_1_6_3_comp21+3_D_1_6_3_comp22+3_D_1_6_3_comp23,R_3_D_1_6_3,TCDB,TCDB.3_D_1_6_3_comp19
G_3_D_1_6_3_comp20,P_3_D_1_6_3_comp1+3_D_1_6_3_comp2+3_D_1_6_3_comp3+3_D_1_6_3_comp4+3_D_1_6_3_comp5+3_D_1_6_3_comp6+3_D_1_6_3_comp7+3_D_1_6_3_comp8+3_D_1_6_3_comp9+3_D_1_6_3_comp10+3_D_1_6_3_comp11+3_D_1_6_3_comp12+3_D_1_6_3_comp13+3_D_1_6_3_comp14+3_D_1_6_3_comp15+3_D_1_6_3_comp16+3_D_1_6_3_comp17+3_D_1_6_3_comp18+3_D_1_6_3_comp19+3_D_1_6_3_comp20+3_D_1_6_3_comp21+3_D_1_6_3_comp22+3_D_1_6_3_comp23,R_3_D_1_6_3,TCDB,TCDB.3_D_1_6_3_comp20
G_3_D_1_6_3_comp21,P_3_D_1_6_3_comp1+3_D_1_6_3_comp2+3_D_1_6_3_comp3+3_D_1_6_3_comp4+3_D_1_6_3_comp5+3_D_1_6_3_comp6+3_D_1_6_3_comp7+3_D_1_6_3_comp8+3_D_1_6_3_comp9+3_D_1_6_3_comp10+3_D_1_6_3_comp11+3_D_1_6_3_comp12+3_D_1_6_3_comp13+3_D_1_6_3_comp14+3_D_1_6_3_comp15+3_D_1_6_3_comp16+3_D_1_6_3_comp17+3_D_1_6_3_comp18+3_D_1_6_3_comp19+3_D_1_6_3_comp20+3_D_1_6_3_comp21+3_D_1_6_3_comp22+3_D_1_6_3_comp23,R_3_D_1_6_3,TCDB,TCDB.3_D_1_6_3_comp21
G_3_D_1_6_3_comp22,P_3_D_1_6_3_comp1+3_D_1_6_3_comp2+3_D_1_6_3_comp3+3_D_1_6_3_comp4+3_D_1_6_3_comp5+3_D_1_6_3_comp6+3_D_1_6_3_comp7+3_D_1_6_3_comp8+3_D_1_6_3_comp9+3_D_1_6_3_comp10+3_D_1_6_3_comp11+3_D_1_6_3_comp12+3_D_1_6_3_comp13+3_D_1_6_3_comp14+3_D_1_6_3_comp15+3_D_1_6_3_comp16+3_D_1_6_3_comp17+3_D_1_6_3_comp18+3_D_1_6_3_comp19+3_D_1_6_3_comp20+3_D_1_6_3_comp21+3_D_1_6_3_comp22+3_D_1_6_3_comp23,R_3_D_1_6_3,TCDB,TCDB.3_D_1_6_3_comp22
G_3_D_1_6_3_comp23,P_3_D_1_6_3_comp1+3_D_1_6_3_comp2+3_D_1_6_3_comp3+3_D_1_6_3_comp4+3_D_1_6_3_comp5+3_D_1_6_3_comp6+3_D_1_6_3_comp7+3_D_1_6_3_comp8+3_D_1_6_3_comp9+3_D_1_6_3_comp10+3_D_1_6_3_comp11+3_D_1_6_3_comp12+3_D_1_6_3_comp13+3_D_1_6_3_comp14+3_D_1_6_3_comp15+3_D_1_6_3_comp16+3_D_1_6_3_comp17+3_D_1_6_3_comp18+3_D_1_6_3_comp19+3_D_1_6_3_comp20+3_D_1_6_3_comp21+3_D_1_6_3_comp22+3_D_1_6_3_comp23,R_3_D_1_6_3,TCDB,TCDB.3_D_1_6_3_comp23
G_1_A_130_1_12_comp1,P_1_A_130_1_12_comp1,R_1_A_130_1_12,TCDB,TCDB.1_A_130_1_12_comp1
G_2_A_72_3_8_comp1,P_2_A_72_3_8_comp1,R_2_A_72_3_8,TCDB,TCDB.2_A_72_3_8_comp1
G_2_A_37_4_3_comp1,P_2_A_37_4_3_comp1,R_2_A_37_4_3,TCDB,TCDB.2_A_37_4_3_comp1
G_3_D_3_5_2_comp1,P_3_D_3_5_2_comp1+3_D_3_5_2_comp2+3_D_3_5_2_comp3+3_D_3_5_2_comp4+3_D_3_5_2_comp5,R_3_D_3_5_2,TCDB,TCDB.3_D_3_5_2_comp1
G_3_D_3_5_2_comp2,P_3_D_3_5_2_comp1+3_D_3_5_2_comp2+3_D_3_5_2_comp3+3_D_3_5_2_comp4+3_D_3_5_2_comp5,R_3_D_3_5_2,TCDB,TCDB.3_D_3_5_2_comp2
G_3_D_3_5_2_comp3,P_3_D_3_5_2_comp1+3_D_3_5_2_comp2+3_D_3_5_2_comp3+3_D_3_5_2_comp4+3_D_3_5_2_comp5,R_3_D_3_5_2,TCDB,TCDB.3_D_3_5_2_comp3
G_3_D_3_5_2_comp4,P_3_D_3_5_2_comp1+3_D_3_5_2_comp2+3_D_3_5_2_comp3+3_D_3_5_2_comp4+3_D_3_5_2_comp5,R_3_D_3_5_2,TCDB,TCDB.3_D_3_5_2_comp4
G_3_D_3_5_2_comp5,P_3_D_3_5_2_comp1+3_D_3_5_2_comp2+3_D_3_5_2_comp3+3_D_3_5_2_comp4+3_D_3_5_2_comp5,R_3_D_3_5_2,TCDB,TCDB.3_D_3_5_2_comp5
G_2_A_67_1_7_comp1,P_2_A_67_1_7_comp1,R_2_A_67_1_7,TCDB,TCDB.2_A_67_1_7_comp1
G_2_A_1_1_62_comp1,P_2_A_1_1_62_comp1,R_2_A_1_1_62,TCDB,TCDB.2_A_1_1_62_comp1
G_3_A_2_2_5_comp1,P_3_A_2_2_5_comp1+3_A_2_2_5_comp2+3_A_2_2_5_comp3+3_A_2_2_5_comp4+3_A_2_2_5_comp5+3_A_2_2_5_comp6+3_A_2_2_5_comp7+3_A_2_2_5_comp8+3_A_2_2_5_comp9+3_A_2_2_5_comp10+3_A_2_2_5_comp11+3_A_2_2_5_comp12+3_A_2_2_5_comp13+3_A_2_2_5_comp14+3_A_2_2_5_comp15+3_A_2_2_5_comp16+3_A_2_2_5_comp17,R_3_A_2_2_5,TCDB,TCDB.3_A_2_2_5_comp1
G_3_A_2_2_5_comp2,P_3_A_2_2_5_comp1+3_A_2_2_5_comp2+3_A_2_2_5_comp3+3_A_2_2_5_comp4+3_A_2_2_5_comp5+3_A_2_2_5_comp6+3_A_2_2_5_comp7+3_A_2_2_5_comp8+3_A_2_2_5_comp9+3_A_2_2_5_comp10+3_A_2_2_5_comp11+3_A_2_2_5_comp12+3_A_2_2_5_comp13+3_A_2_2_5_comp14+3_A_2_2_5_comp15+3_A_2_2_5_comp16+3_A_2_2_5_comp17,R_3_A_2_2_5,TCDB,TCDB.3_A_2_2_5_comp2
G_3_A_2_2_5_comp3,P_3_A_2_2_5_comp1+3_A_2_2_5_comp2+3_A_2_2_5_comp3+3_A_2_2_5_comp4+3_A_2_2_5_comp5+3_A_2_2_5_comp6+3_A_2_2_5_comp7+3_A_2_2_5_comp8+3_A_2_2_5_comp9+3_A_2_2_5_comp10+3_A_2_2_5_comp11+3_A_2_2_5_comp12+3_A_2_2_5_comp13+3_A_2_2_5_comp14+3_A_2_2_5_comp15+3_A_2_2_5_comp16+3_A_2_2_5_comp17,R_3_A_2_2_5,TCDB,TCDB.3_A_2_2_5_comp3
G_3_A_2_2_5_comp4,P_3_A_2_2_5_comp1+3_A_2_2_5_comp2+3_A_2_2_5_comp3+3_A_2_2_5_comp4+3_A_2_2_5_comp5+3_A_2_2_5_comp6+3_A_2_2_5_comp7+3_A_2_2_5_comp8+3_A_2_2_5_comp9+3_A_2_2_5_comp10+3_A_2_2_5_comp11+3_A_2_2_5_comp12+3_A_2_2_5_comp13+3_A_2_2_5_comp14+3_A_2_2_5_comp15+3_A_2_2_5_comp16+3_A_2_2_5_comp17,R_3_A_2_2_5,TCDB,TCDB.3_A_2_2_5_comp4
G_3_A_2_2_5_comp5,P_3_A_2_2_5_comp1+3_A_2_2_5_comp2+3_A_2_2_5_comp3+3_A_2_2_5_comp4+3_A_2_2_5_comp5+3_A_2_2_5_comp6+3_A_2_2_5_comp7+3_A_2_2_5_comp8+3_A_2_2_5_comp9+3_A_2_2_5_comp10+3_A_2_2_5_comp11+3_A_2_2_5_comp12+3_A_2_2_5_comp13+3_A_2_2_5_comp14+3_A_2_2_5_comp15+3_A_2_2_5_comp16+3_A_2_2_5_comp17,R_3_A_2_2_5,TCDB,TCDB.3_A_2_2_5_comp5
G_3_A_2_2_5_comp6,P_3_A_2_2_5_comp1+3_A_2_2_5_comp2+3_A_2_2_5_comp3+3_A_2_2_5_comp4+3_A_2_2_5_comp5+3_A_2_2_5_comp6+3_A_2_2_5_comp7+3_A_2_2_5_comp8+3_A_2_2_5_comp9+3_A_2_2_5_comp10+3_A_2_2_5_comp11+3_A_2_2_5_comp12+3_A_2_2_5_comp13+3_A_2_2_5_comp14+3_A_2_2_5_comp15+3_A_2_2_5_comp16+3_A_2_2_5_comp17,R_3_A_2_2_5,TCDB,TCDB.3_A_2_2_5_comp6
G_3_A_2_2_5_comp7,P_3_A_2_2_5_comp1+3_A_2_2_5_comp2+3_A_2_2_5_comp3+3_A_2_2_5_comp4+3_A_2_2_5_comp5+3_A_2_2_5_comp6+3_A_2_2_5_comp7+3_A_2_2_5_comp8+3_A_2_2_5_comp9+3_A_2_2_5_comp10+3_A_2_2_5_comp11+3_A_2_2_5_comp12+3_A_2_2_5_comp13+3_A_2_2_5_comp14+3_A_2_2_5_comp15+3_A_2_2_5_comp16+3_A_2_2_5_comp17,R_3_A_2_2_5,TCDB,TCDB.3_A_2_2_5_comp7
G_3_A_2_2_5_comp8,P_3_A_2_2_5_comp1+3_A_2_2_5_comp2+3_A_2_2_5_comp3+3_A_2_2_5_comp4+3_A_2_2_5_comp5+3_A_2_2_5_comp6+3_A_2_2_5_comp7+3_A_2_2_5_comp8+3_A_2_2_5_comp9+3_A_2_2_5_comp10+3_A_2_2_5_comp11+3_A_2_2_5_comp12+3_A_2_2_5_comp13+3_A_2_2_5_comp14+3_A_2_2_5_comp15+3_A_2_2_5_comp16+3_A_2_2_5_comp17,R_3_A_2_2_5,TCDB,TCDB.3_A_2_2_5_comp8
G_3_A_2_2_5_comp9,P_3_A_2_2_5_comp1+3_A_2_2_5_comp2+3_A_2_2_5_comp3+3_A_2_2_5_comp4+3_A_2_2_5_comp5+3_A_2_2_5_comp6+3_A_2_2_5_comp7+3_A_2_2_5_comp8+3_A_2_2_5_comp9+3_A_2_2_5_comp10+3_A_2_2_5_comp11+3_A_2_2_5_comp12+3_A_2_2_5_comp13+3_A_2_2_5_comp14+3_A_2_2_5_comp15+3_A_2_2_5_comp16+3_A_2_2_5_comp17,R_3_A_2_2_5,TCDB,TCDB.3_A_2_2_5_comp9
G_3_A_2_2_5_comp10,P_3_A_2_2_5_comp1+3_A_2_2_5_comp2+3_A_2_2_5_comp3+3_A_2_2_5_comp4+3_A_2_2_5_comp5+3_A_2_2_5_comp6+3_A_2_2_5_comp7+3_A_2_2_5_comp8+3_A_2_2_5_comp9+3_A_2_2_5_comp10+3_A_2_2_5_comp11+3_A_2_2_5_comp12+3_A_2_2_5_comp13+3_A_2_2_5_comp14+3_A_2_2_5_comp15+3_A_2_2_5_comp16+3_A_2_2_5_comp17,R_3_A_2_2_5,TCDB,TCDB.3_A_2_2_5_comp10
G_3_A_2_2_5_comp11,P_3_A_2_2_5_comp1+3_A_2_2_5_comp2+3_A_2_2_5_comp3+3_A_2_2_5_comp4+3_A_2_2_5_comp5+3_A_2_2_5_comp6+3_A_2_2_5_comp7+3_A_2_2_5_comp8+3_A_2_2_5_comp9+3_A_2_2_5_comp10+3_A_2_2_5_comp11+3_A_2_2_5_comp12+3_A_2_2_5_comp13+3_A_2_2_5_comp14+3_A_2_2_5_comp15+3_A_2_2_5_comp16+3_A_2_2_5_comp17,R_3_A_2_2_5,TCDB,TCDB.3_A_2_2_5_comp11
G_3_A_2_2_5_comp12,P_3_A_2_2_5_comp1+3_A_2_2_5_comp2+3_A_2_2_5_comp3+3_A_2_2_5_comp4+3_A_2_2_5_comp5+3_A_2_2_5_comp6+3_A_2_2_5_comp7+3_A_2_2_5_comp8+3_A_2_2_5_comp9+3_A_2_2_5_comp10+3_A_2_2_5_comp11+3_A_2_2_5_comp12+3_A_2_2_5_comp13+3_A_2_2_5_comp14+3_A_2_2_5_comp15+3_A_2_2_5_comp16+3_A_2_2_5_comp17,R_3_A_2_2_5,TCDB,TCDB.3_A_2_2_5_comp12
G_3_A_2_2_5_comp13,P_3_A_2_2_5_comp1+3_A_2_2_5_comp2+3_A_2_2_5_comp3+3_A_2_2_5_comp4+3_A_2_2_5_comp5+3_A_2_2_5_comp6+3_A_2_2_5_comp7+3_A_2_2_5_comp8+3_A_2_2_5_comp9+3_A_2_2_5_comp10+3_A_2_2_5_comp11+3_A_2_2_5_comp12+3_A_2_2_5_comp13+3_A_2_2_5_comp14+3_A_2_2_5_comp15+3_A_2_2_5_comp16+3_A_2_2_5_comp17,R_3_A_2_2_5,TCDB,TCDB.3_A_2_2_5_comp13
G_3_A_2_2_5_comp14,P_3_A_2_2_5_comp1+3_A_2_2_5_comp2+3_A_2_2_5_comp3+3_A_2_2_5_comp4+3_A_2_2_5_comp5+3_A_2_2_5_comp6+3_A_2_2_5_comp7+3_A_2_2_5_comp8+3_A_2_2_5_comp9+3_A_2_2_5_comp10+3_A_2_2_5_comp11+3_A_2_2_5_comp12+3_A_2_2_5_comp13+3_A_2_2_5_comp14+3_A_2_2_5_comp15+3_A_2_2_5_comp16+3_A_2_2_5_comp17,R_3_A_2_2_5,TCDB,TCDB.3_A_2_2_5_comp14
G_3_A_2_2_5_comp15,P_3_A_2_2_5_comp1+3_A_2_2_5_comp2+3_A_2_2_5_comp3+3_A_2_2_5_comp4+3_A_2_2_5_comp5+3_A_2_2_5_comp6+3_A_2_2_5_comp7+3_A_2_2_5_comp8+3_A_2_2_5_comp9+3_A_2_2_5_comp10+3_A_2_2_5_comp11+3_A_2_2_5_comp12+3_A_2_2_5_comp13+3_A_2_2_5_comp14+3_A_2_2_5_comp15+3_A_2_2_5_comp16+3_A_2_2_5_comp17,R_3_A_2_2_5,TCDB,TCDB.3_A_2_2_5_comp15
G_3_A_2_2_5_comp16,P_3_A_2_2_5_comp1+3_A_2_2_5_comp2+3_A_2_2_5_comp3+3_A_2_2_5_comp4+3_A_2_2_5_comp5+3_A_2_2_5_comp6+3_A_2_2_5_comp7+3_A_2_2_5_comp8+3_A_2_2_5_comp9+3_A_2_2_5_comp10+3_A_2_2_5_comp11+3_A_2_2_5_comp12+3_A_2_2_5_comp13+3_A_2_2_5_comp14+3_A_2_2_5_comp15+3_A_2_2_5_comp16+3_A_2_2_5_comp17,R_3_A_2_2_5,TCDB,TCDB.3_A_2_2_5_comp16
G_3_A_2_2_5_comp17,P_3_A_2_2_5_comp1+3_A_2_2_5_comp2+3_A_2_2_5_comp3+3_A_2_2_5_comp4+3_A_2_2_5_comp5+3_A_2_2_5_comp6+3_A_2_2_5_comp7+3_A_2_2_5_comp8+3_A_2_2_5_comp9+3_A_2_2_5_comp10+3_A_2_2_5_comp11+3_A_2_2_5_comp12+3_A_2_2_5_comp13+3_A_2_2_5_comp14+3_A_2_2_5_comp15+3_A_2_2_5_comp16+3_A_2_2_5_comp17,R_3_A_2_2_5,TCDB,TCDB.3_A_2_2_5_comp17
G_2_A_7_4_1_comp1,P_2_A_7_4_1_comp1,R_2_A_7_4_1,TCDB,TCDB.2_A_7_4_1_comp1
G_1_A_18_1_1_comp1,P_1_A_18_1_1_comp1,R_1_A_18_1_1,TCDB,TCDB.1_A_18_1_1_comp1
G_3_A_9_1_1_comp1,P_3_A_9_1_1_comp1+3_A_9_1_1_comp2+3_A_9_1_1_comp3+3_A_9_1_1_comp4+3_A_9_1_1_comp5+3_A_9_1_1_comp6+3_A_9_1_1_comp7+3_A_9_1_1_comp8+3_A_9_1_1_comp9+3_A_9_1_1_comp10+3_A_9_1_1_comp11+3_A_9_1_1_comp12,R_3_A_9_1_1,TCDB,TCDB.3_A_9_1_1_comp1
G_3_A_9_1_1_comp2,P_3_A_9_1_1_comp1+3_A_9_1_1_comp2+3_A_9_1_1_comp3+3_A_9_1_1_comp4+3_A_9_1_1_comp5+3_A_9_1_1_comp6+3_A_9_1_1_comp7+3_A_9_1_1_comp8+3_A_9_1_1_comp9+3_A_9_1_1_comp10+3_A_9_1_1_comp11+3_A_9_1_1_comp12,R_3_A_9_1_1,TCDB,TCDB.3_A_9_1_1_comp2
G_3_A_9_1_1_comp3,P_3_A_9_1_1_comp1+3_A_9_1_1_comp2+3_A_9_1_1_comp3+3_A_9_1_1_comp4+3_A_9_1_1_comp5+3_A_9_1_1_comp6+3_A_9_1_1_comp7+3_A_9_1_1_comp8+3_A_9_1_1_comp9+3_A_9_1_1_comp10+3_A_9_1_1_comp11+3_A_9_1_1_comp12,R_3_A_9_1_1,TCDB,TCDB.3_A_9_1_1_comp3
G_3_A_9_1_1_comp4,P_3_A_9_1_1_comp1+3_A_9_1_1_comp2+3_A_9_1_1_comp3+3_A_9_1_1_comp4+3_A_9_1_1_comp5+3_A_9_1_1_comp6+3_A_9_1_1_comp7+3_A_9_1_1_comp8+3_A_9_1_1_comp9+3_A_9_1_1_comp10+3_A_9_1_1_comp11+3_A_9_1_1_comp12,R_3_A_9_1_1,TCDB,TCDB.3_A_9_1_1_comp4
G_3_A_9_1_1_comp5,P_3_A_9_1_1_comp1+3_A_9_1_1_comp2+3_A_9_1_1_comp3+3_A_9_1_1_comp4+3_A_9_1_1_comp5+3_A_9_1_1_comp6+3_A_9_1_1_comp7+3_A_9_1_1_comp8+3_A_9_1_1_comp9+3_A_9_1_1_comp10+3_A_9_1_1_comp11+3_A_9_1_1_comp12,R_3_A_9_1_1,TCDB,TCDB.3_A_9_1_1_comp5
G_3_A_9_1_1_comp6,P_3_A_9_1_1_comp1+3_A_9_1_1_comp2+3_A_9_1_1_comp3+3_A_9_1_1_comp4+3_A_9_1_1_comp5+3_A_9_1_1_comp6+3_A_9_1_1_comp7+3_A_9_1_1_comp8+3_A_9_1_1_comp9+3_A_9_1_1_comp10+3_A_9_1_1_comp11+3_A_9_1_1_comp12,R_3_A_9_1_1,TCDB,TCDB.3_A_9_1_1_comp6
G_3_A_9_1_1_comp7,P_3_A_9_1_1_comp1+3_A_9_1_1_comp2+3_A_9_1_1_comp3+3_A_9_1_1_comp4+3_A_9_1_1_comp5+3_A_9_1_1_comp6+3_A_9_1_1_comp7+3_A_9_1_1_comp8+3_A_9_1_1_comp9+3_A_9_1_1_comp10+3_A_9_1_1_comp11+3_A_9_1_1_comp12,R_3_A_9_1_1,TCDB,TCDB.3_A_9_1_1_comp7
G_3_A_9_1_1_comp8,P_3_A_9_1_1_comp1+3_A_9_1_1_comp2+3_A_9_1_1_comp3+3_A_9_1_1_comp4+3_A_9_1_1_comp5+3_A_9_1_1_comp6+3_A_9_1_1_comp7+3_A_9_1_1_comp8+3_A_9_1_1_comp9+3_A_9_1_1_comp10+3_A_9_1_1_comp11+3_A_9_1_1_comp12,R_3_A_9_1_1,TCDB,TCDB.3_A_9_1_1_comp8
G_3_A_9_1_1_comp9,P_3_A_9_1_1_comp1+3_A_9_1_1_comp2+3_A_9_1_1_comp3+3_A_9_1_1_comp4+3_A_9_1_1_comp5+3_A_9_1_1_comp6+3_A_9_1_1_comp7+3_A_9_1_1_comp8+3_A_9_1_1_comp9+3_A_9_1_1_comp10+3_A_9_1_1_comp11+3_A_9_1_1_comp12,R_3_A_9_1_1,TCDB,TCDB.3_A_9_1_1_comp9
G_3_A_9_1_1_comp10,P_3_A_9_1_1_comp1+3_A_9_1_1_comp2+3_A_9_1_1_comp3+3_A_9_1_1_comp4+3_A_9_1_1_comp5+3_A_9_1_1_comp6+3_A_9_1_1_comp7+3_A_9_1_1_comp8+3_A_9_1_1_comp9+3_A_9_1_1_comp10+3_A_9_1_1_comp11+3_A_9_1_1_comp12,R_3_A_9_1_1,TCDB,TCDB.3_A_9_1_1_comp10
G_3_A_9_1_1_comp11,P_3_A_9_1_1_comp1+3_A_9_1_1_comp2+3_A_9_1_1_comp3+3_A_9_1_1_comp4+3_A_9_1_1_comp5+3_A_9_1_1_comp6+3_A_9_1_1_comp7+3_A_9_1_1_comp8+3_A_9_1_1_comp9+3_A_9_1_1_comp10+3_A_9_1_1_comp11+3_A_9_1_1_comp12,R_3_A_9_1_1,TCDB,TCDB.3_A_9_1_1_comp11
G_3_A_9_1_1_comp12,P_3_A_9_1_1_comp1+3_A_9_1_1_comp2+3_A_9_1_1_comp3+3_A_9_1_1_comp4+3_A_9_1_1_comp5+3_A_9_1_1_comp6+3_A_9_1_1_comp7+3_A_9_1_1_comp8+3_A_9_1_1_comp9+3_A_9_1_1_comp10+3_A_9_1_1_comp11+3_A_9_1_1_comp12,R_3_A_9_1_1,TCDB,TCDB.3_A_9_1_1_comp12
G_3_A_1_205_20_comp1,P_3_A_1_205_20_comp1,R_3_A_1_205_20,TCDB,TCDB.3_A_1_205_20_comp1
G_9_A_43_1_9_comp1,P_9_A_43_1_9_comp1,R_9_A_43_1_9,TCDB,TCDB.9_A_43_1_9_comp1
G_1_A_8_11_2_comp1,P_1_A_8_11_2_comp1,R_1_A_8_11_2,TCDB,TCDB.1_A_8_11_2_comp1
G_8_B_24_1_5_comp1,P_8_B_24_1_5_comp1,R_8_B_24_1_5,TCDB,TCDB.8_B_24_1_5_comp1
G_2_A_1_15_8_comp1,P_2_A_1_15_8_comp1,R_2_A_1_15_8,TCDB,TCDB.2_A_1_15_8_comp1
G_1_B_25_1_3_comp1,P_1_B_25_1_3_comp1,R_1_B_25_1_3,TCDB,TCDB.1_B_25_1_3_comp1
G_1_C_83_1_1_comp1,P_1_C_83_1_1_comp1,R_1_C_83_1_1,TCDB,TCDB.1_C_83_1_1_comp1
G_2_A_1_15_6_comp1,P_2_A_1_15_6_comp1,R_2_A_1_15_6,TCDB,TCDB.2_A_1_15_6_comp1
G_2_A_21_2_6_comp1,P_2_A_21_2_6_comp1,R_2_A_21_2_6,TCDB,TCDB.2_A_21_2_6_comp1
G_1_A_23_4_10_comp1,P_1_A_23_4_10_comp1,R_1_A_23_4_10,TCDB,TCDB.1_A_23_4_10_comp1
G_9_B_365_2_1_comp1,P_9_B_365_2_1_comp1,R_9_B_365_2_1,TCDB,TCDB.9_B_365_2_1_comp1
G_9_A_8_1_2_comp1,P_9_A_8_1_2_comp1,R_9_A_8_1_2,TCDB,TCDB.9_A_8_1_2_comp1
G_2_A_6_1_14_comp1,P_2_A_6_1_14_comp1+2_A_6_1_14_comp2+2_A_6_1_14_comp3,R_2_A_6_1_14,TCDB,TCDB.2_A_6_1_14_comp1
G_2_A_6_1_14_comp2,P_2_A_6_1_14_comp1+2_A_6_1_14_comp2+2_A_6_1_14_comp3,R_2_A_6_1_14,TCDB,TCDB.2_A_6_1_14_comp2
G_2_A_6_1_14_comp3,P_2_A_6_1_14_comp1+2_A_6_1_14_comp2+2_A_6_1_14_comp3,R_2_A_6_1_14,TCDB,TCDB.2_A_6_1_14_comp3
G_2_A_1_7_7_comp1,P_2_A_1_7_7_comp1,R_2_A_1_7_7,TCDB,TCDB.2_A_1_7_7_comp1
G_2_A_7_28_9_comp1,P_2_A_7_28_9_comp1,R_2_A_7_28_9,TCDB,TCDB.2_A_7_28_9_comp1
G_3_A_11_3_1_comp1,P_3_A_11_3_1_comp1+3_A_11_3_1_comp2,R_3_A_11_3_1,TCDB,TCDB.3_A_11_3_1_comp1
G_3_A_11_3_1_comp2,P_3_A_11_3_1_comp1+3_A_11_3_1_comp2,R_3_A_11_3_1,TCDB,TCDB.3_A_11_3_1_comp2
G_3_A_1_105_28_comp1,P_3_A_1_105_28_comp1+3_A_1_105_28_comp2+3_A_1_105_28_comp3+3_A_1_105_28_comp4,R_3_A_1_105_28,TCDB,TCDB.3_A_1_105_28_comp1
G_3_A_1_105_28_comp2,P_3_A_1_105_28_comp1+3_A_1_105_28_comp2+3_A_1_105_28_comp3+3_A_1_105_28_comp4,R_3_A_1_105_28,TCDB,TCDB.3_A_1_105_28_comp2
G_3_A_1_105_28_comp3,P_3_A_1_105_28_comp1+3_A_1_105_28_comp2+3_A_1_105_28_comp3+3_A_1_105_28_comp4,R_3_A_1_105_28,TCDB,TCDB.3_A_1_105_28_comp3
G_3_A_1_105_28_comp4,P_3_A_1_105_28_comp1+3_A_1_105_28_comp2+3_A_1_105_28_comp3+3_A_1_105_28_comp4,R_3_A_1_105_28,TCDB,TCDB.3_A_1_105_28_comp4
G_2_A_20_2_9_comp1,P_2_A_20_2_9_comp1,R_2_A_20_2_9,TCDB,TCDB.2_A_20_2_9_comp1
G_2_A_66_12_7_comp1,P_2_A_66_12_7_comp1,R_2_A_66_12_7,TCDB,TCDB.2_A_66_12_7_comp1
G_2_A_66_2_10_comp1,P_2_A_66_2_10_comp1,R_2_A_66_2_10,TCDB,TCDB.2_A_66_2_10_comp1
G_1_A_26_1_5_comp1,P_1_A_26_1_5_comp1,R_1_A_26_1_5,TCDB,TCDB.1_A_26_1_5_comp1
G_9_B_2_1_4_comp1,P_9_B_2_1_4_comp1,R_9_B_2_1_4,TCDB,TCDB.9_B_2_1_4_comp1
G_2_A_36_2_1_comp1,P_2_A_36_2_1_comp1,R_2_A_36_2_1,TCDB,TCDB.2_A_36_2_1_comp1
G_9_B_149_1_8_comp1,P_9_B_149_1_8_comp1,R_9_B_149_1_8,TCDB,TCDB.9_B_149_1_8_comp1
G_2_A_69_4_3_comp1,P_2_A_69_4_3_comp1,R_2_A_69_4_3,TCDB,TCDB.2_A_69_4_3_comp1
G_1_A_1_13_2_comp1,P_1_A_1_13_2_comp1,R_1_A_1_13_2,TCDB,TCDB.1_A_1_13_2_comp1
G_3_D_8_1_1_comp1,P_3_D_8_1_1_comp1+3_D_8_1_1_comp2+3_D_8_1_1_comp3+3_D_8_1_1_comp4+3_D_8_1_1_comp5+3_D_8_1_1_comp6+3_D_8_1_1_comp7+3_D_8_1_1_comp8+3_D_8_1_1_comp9+3_D_8_1_1_comp10+3_D_8_1_1_comp11,R_3_D_8_1_1,TCDB,TCDB.3_D_8_1_1_comp1
G_3_D_8_1_1_comp2,P_3_D_8_1_1_comp1+3_D_8_1_1_comp2+3_D_8_1_1_comp3+3_D_8_1_1_comp4+3_D_8_1_1_comp5+3_D_8_1_1_comp6+3_D_8_1_1_comp7+3_D_8_1_1_comp8+3_D_8_1_1_comp9+3_D_8_1_1_comp10+3_D_8_1_1_comp11,R_3_D_8_1_1,TCDB,TCDB.3_D_8_1_1_comp2
G_3_D_8_1_1_comp3,P_3_D_8_1_1_comp1+3_D_8_1_1_comp2+3_D_8_1_1_comp3+3_D_8_1_1_comp4+3_D_8_1_1_comp5+3_D_8_1_1_comp6+3_D_8_1_1_comp7+3_D_8_1_1_comp8+3_D_8_1_1_comp9+3_D_8_1_1_comp10+3_D_8_1_1_comp11,R_3_D_8_1_1,TCDB,TCDB.3_D_8_1_1_comp3
G_3_D_8_1_1_comp4,P_3_D_8_1_1_comp1+3_D_8_1_1_comp2+3_D_8_1_1_comp3+3_D_8_1_1_comp4+3_D_8_1_1_comp5+3_D_8_1_1_comp6+3_D_8_1_1_comp7+3_D_8_1_1_comp8+3_D_8_1_1_comp9+3_D_8_1_1_comp10+3_D_8_1_1_comp11,R_3_D_8_1_1,TCDB,TCDB.3_D_8_1_1_comp4
G_3_D_8_1_1_comp5,P_3_D_8_1_1_comp1+3_D_8_1_1_comp2+3_D_8_1_1_comp3+3_D_8_1_1_comp4+3_D_8_1_1_comp5+3_D_8_1_1_comp6+3_D_8_1_1_comp7+3_D_8_1_1_comp8+3_D_8_1_1_comp9+3_D_8_1_1_comp10+3_D_8_1_1_comp11,R_3_D_8_1_1,TCDB,TCDB.3_D_8_1_1_comp5
G_3_D_8_1_1_comp6,P_3_D_8_1_1_comp1+3_D_8_1_1_comp2+3_D_8_1_1_comp3+3_D_8_1_1_comp4+3_D_8_1_1_comp5+3_D_8_1_1_comp6+3_D_8_1_1_comp7+3_D_8_1_1_comp8+3_D_8_1_1_comp9+3_D_8_1_1_comp10+3_D_8_1_1_comp11,R_3_D_8_1_1,TCDB,TCDB.3_D_8_1_1_comp6
G_3_D_8_1_1_comp7,P_3_D_8_1_1_comp1+3_D_8_1_1_comp2+3_D_8_1_1_comp3+3_D_8_1_1_comp4+3_D_8_1_1_comp5+3_D_8_1_1_comp6+3_D_8_1_1_comp7+3_D_8_1_1_comp8+3_D_8_1_1_comp9+3_D_8_1_1_comp10+3_D_8_1_1_comp11,R_3_D_8_1_1,TCDB,TCDB.3_D_8_1_1_comp7
G_3_D_8_1_1_comp8,P_3_D_8_1_1_comp1+3_D_8_1_1_comp2+3_D_8_1_1_comp3+3_D_8_1_1_comp4+3_D_8_1_1_comp5+3_D_8_1_1_comp6+3_D_8_1_1_comp7+3_D_8_1_1_comp8+3_D_8_1_1_comp9+3_D_8_1_1_comp10+3_D_8_1_1_comp11,R_3_D_8_1_1,TCDB,TCDB.3_D_8_1_1_comp8
G_3_D_8_1_1_comp9,P_3_D_8_1_1_comp1+3_D_8_1_1_comp2+3_D_8_1_1_comp3+3_D_8_1_1_comp4+3_D_8_1_1_comp5+3_D_8_1_1_comp6+3_D_8_1_1_comp7+3_D_8_1_1_comp8+3_D_8_1_1_comp9+3_D_8_1_1_comp10+3_D_8_1_1_comp11,R_3_D_8_1_1,TCDB,TCDB.3_D_8_1_1_comp9
G_3_D_8_1_1_comp10,P_3_D_8_1_1_comp1+3_D_8_1_1_comp2+3_D_8_1_1_comp3+3_D_8_1_1_comp4+3_D_8_1_1_comp5+3_D_8_1_1_comp6+3_D_8_1_1_comp7+3_D_8_1_1_comp8+3_D_8_1_1_comp9+3_D_8_1_1_comp10+3_D_8_1_1_comp11,R_3_D_8_1_1,TCDB,TCDB.3_D_8_1_1_comp10
G_3_D_8_1_1_comp11,P_3_D_8_1_1_comp1+3_D_8_1_1_comp2+3_D_8_1_1_comp3+3_D_8_1_1_comp4+3_D_8_1_1_comp5+3_D_8_1_1_comp6+3_D_8_1_1_comp7+3_D_8_1_1_comp8+3_D_8_1_1_comp9+3_D_8_1_1_comp10+3_D_8_1_1_comp11,R_3_D_8_1_1,TCDB,TCDB.3_D_8_1_1_comp11
G_2_A_107_1_2_comp1,P_2_A_107_1_2_comp1,R_2_A_107_1_2,TCDB,TCDB.2_A_107_1_2_comp1
G_2_A_1_29_1_comp1,P_2_A_1_29_1_comp1,R_2_A_1_29_1,TCDB,TCDB.2_A_1_29_1_comp1
G_2_A_80_2_2_comp1,P_2_A_80_2_2_comp1,R_2_A_80_2_2,TCDB,TCDB.2_A_80_2_2_comp1
G_1_A_11_2_7_comp1,P_1_A_11_2_7_comp1,R_1_A_11_2_7,TCDB,TCDB.1_A_11_2_7_comp1
G_2_A_98_2_1_comp1,P_2_A_98_2_1_comp1,R_2_A_98_2_1,TCDB,TCDB.2_A_98_2_1_comp1
G_2_A_3_6_1_comp1,P_2_A_3_6_1_comp1,R_2_A_3_6_1,TCDB,TCDB.2_A_3_6_1_comp1
G_2_A_1_59_3_comp1,P_2_A_1_59_3_comp1,R_2_A_1_59_3,TCDB,TCDB.2_A_1_59_3_comp1
G_2_A_7_3_5_comp1,P_2_A_7_3_5_comp1,R_2_A_7_3_5,TCDB,TCDB.2_A_7_3_5_comp1
G_8_A_59_1_1_comp1,P_8_A_59_1_1_comp1,R_8_A_59_1_1,TCDB,TCDB.8_A_59_1_1_comp1
G_1_A_8_13_1_comp1,P_1_A_8_13_1_comp1,R_1_A_8_13_1,TCDB,TCDB.1_A_8_13_1_comp1
G_2_A_6_7_1_comp1,P_2_A_6_7_1_comp1,R_2_A_6_7_1,TCDB,TCDB.2_A_6_7_1_comp1
G_3_A_1_26_8_comp1,P_3_A_1_26_8_comp1+3_A_1_26_8_comp2+3_A_1_26_8_comp3,R_3_A_1_26_8,TCDB,TCDB.3_A_1_26_8_comp1
G_3_A_1_26_8_comp2,P_3_A_1_26_8_comp1+3_A_1_26_8_comp2+3_A_1_26_8_comp3,R_3_A_1_26_8,TCDB,TCDB.3_A_1_26_8_comp2
G_3_A_1_26_8_comp3,P_3_A_1_26_8_comp1+3_A_1_26_8_comp2+3_A_1_26_8_comp3,R_3_A_1_26_8,TCDB,TCDB.3_A_1_26_8_comp3
G_5_A_1_2_8_comp1,P_5_A_1_2_8_comp1,R_5_A_1_2_8,TCDB,TCDB.5_A_1_2_8_comp1
G_1_A_11_1_6_comp1,P_1_A_11_1_6_comp1,R_1_A_11_1_6,TCDB,TCDB.1_A_11_1_6_comp1
G_2_A_36_6_1_comp1,P_2_A_36_6_1_comp1,R_2_A_36_6_1,TCDB,TCDB.2_A_36_6_1_comp1
G_2_A_7_3_36_comp1,P_2_A_7_3_36_comp1,R_2_A_7_3_36,TCDB,TCDB.2_A_7_3_36_comp1
G_3_A_3_5_7_comp1,P_3_A_3_5_7_comp1+3_A_3_5_7_comp2,R_3_A_3_5_7,TCDB,TCDB.3_A_3_5_7_comp1
G_3_A_3_5_7_comp2,P_3_A_3_5_7_comp1+3_A_3_5_7_comp2,R_3_A_3_5_7,TCDB,TCDB.3_A_3_5_7_comp2
G_2_A_7_3_28_comp1,P_2_A_7_3_28_comp1,R_2_A_7_3_28,TCDB,TCDB.2_A_7_3_28_comp1
G_2_A_19_8_2_comp1,P_2_A_19_8_2_comp1,R_2_A_19_8_2,TCDB,TCDB.2_A_19_8_2_comp1
G_9_A_8_1_8_comp1,P_9_A_8_1_8_comp1,R_9_A_8_1_8,TCDB,TCDB.9_A_8_1_8_comp1
G_3_A_3_5_10_comp1,P_3_A_3_5_10_comp1,R_3_A_3_5_10,TCDB,TCDB.3_A_3_5_10_comp1
G_9_B_29_2_9_comp1,P_9_B_29_2_9_comp1,R_9_B_29_2_9,TCDB,TCDB.9_B_29_2_9_comp1
G_3_A_1_6_8_comp1,P_3_A_1_6_8_comp1+3_A_1_6_8_comp2+3_A_1_6_8_comp3,R_3_A_1_6_8,TCDB,TCDB.3_A_1_6_8_comp1
G_3_A_1_6_8_comp2,P_3_A_1_6_8_comp1+3_A_1_6_8_comp2+3_A_1_6_8_comp3,R_3_A_1_6_8,TCDB,TCDB.3_A_1_6_8_comp2
G_3_A_1_6_8_comp3,P_3_A_1_6_8_comp1+3_A_1_6_8_comp2+3_A_1_6_8_comp3,R_3_A_1_6_8,TCDB,TCDB.3_A_1_6_8_comp3
G_3_A_1_132_12_comp1,P_3_A_1_132_12_comp1+3_A_1_132_12_comp2,R_3_A_1_132_12,TCDB,TCDB.3_A_1_132_12_comp1
G_3_A_1_132_12_comp2,P_3_A_1_132_12_comp1+3_A_1_132_12_comp2,R_3_A_1_132_12,TCDB,TCDB.3_A_1_132_12_comp2
G_2_A_3_7_1_comp1,P_2_A_3_7_1_comp1,R_2_A_3_7_1,TCDB,TCDB.2_A_3_7_1_comp1
G_1_C_24_1_10_comp1,P_1_C_24_1_10_comp1,R_1_C_24_1_10,TCDB,TCDB.1_C_24_1_10_comp1
G_8_A_42_1_1_comp1,P_8_A_42_1_1_comp1,R_8_A_42_1_1,TCDB,TCDB.8_A_42_1_1_comp1
G_1_B_6_6_7_comp1,P_1_B_6_6_7_comp1,R_1_B_6_6_7,TCDB,TCDB.1_B_6_6_7_comp1
G_3_A_1_132_1_comp1,P_3_A_1_132_1_comp1+3_A_1_132_1_comp2+3_A_1_132_1_comp3,R_3_A_1_132_1,TCDB,TCDB.3_A_1_132_1_comp1
G_3_A_1_132_1_comp2,P_3_A_1_132_1_comp1+3_A_1_132_1_comp2+3_A_1_132_1_comp3,R_3_A_1_132_1,TCDB,TCDB.3_A_1_132_1_comp2
G_3_A_1_132_1_comp3,P_3_A_1_132_1_comp1+3_A_1_132_1_comp2+3_A_1_132_1_comp3,R_3_A_1_132_1,TCDB,TCDB.3_A_1_132_1_comp3
G_3_A_1_1_49_comp1,P_3_A_1_1_49_comp1+3_A_1_1_49_comp2+3_A_1_1_49_comp3+3_A_1_1_49_comp4,R_3_A_1_1_49,TCDB,TCDB.3_A_1_1_49_comp1
G_3_A_1_1_49_comp2,P_3_A_1_1_49_comp1+3_A_1_1_49_comp2+3_A_1_1_49_comp3+3_A_1_1_49_comp4,R_3_A_1_1_49,TCDB,TCDB.3_A_1_1_49_comp2
G_3_A_1_1_49_comp3,P_3_A_1_1_49_comp1+3_A_1_1_49_comp2+3_A_1_1_49_comp3+3_A_1_1_49_comp4,R_3_A_1_1_49,TCDB,TCDB.3_A_1_1_49_comp3
G_3_A_1_1_49_comp4,P_3_A_1_1_49_comp1+3_A_1_1_49_comp2+3_A_1_1_49_comp3+3_A_1_1_49_comp4,R_3_A_1_1_49,TCDB,TCDB.3_A_1_1_49_comp4
G_2_A_20_1_4_comp1,P_2_A_20_1_4_comp1,R_2_A_20_1_4,TCDB,TCDB.2_A_20_1_4_comp1
G_3_A_1_3_11_comp1,P_3_A_1_3_11_comp1+3_A_1_3_11_comp2+3_A_1_3_11_comp3+3_A_1_3_11_comp4,R_3_A_1_3_11,TCDB,TCDB.3_A_1_3_11_comp1
G_3_A_1_3_11_comp2,P_3_A_1_3_11_comp1+3_A_1_3_11_comp2+3_A_1_3_11_comp3+3_A_1_3_11_comp4,R_3_A_1_3_11,TCDB,TCDB.3_A_1_3_11_comp2
G_3_A_1_3_11_comp3,P_3_A_1_3_11_comp1+3_A_1_3_11_comp2+3_A_1_3_11_comp3+3_A_1_3_11_comp4,R_3_A_1_3_11,TCDB,TCDB.3_A_1_3_11_comp3
G_3_A_1_3_11_comp4,P_3_A_1_3_11_comp1+3_A_1_3_11_comp2+3_A_1_3_11_comp3+3_A_1_3_11_comp4,R_3_A_1_3_11,TCDB,TCDB.3_A_1_3_11_comp4
G_2_A_1_23_1_comp1,P_2_A_1_23_1_comp1,R_2_A_1_23_1,TCDB,TCDB.2_A_1_23_1_comp1
G_2_A_1_15_5_comp1,P_2_A_1_15_5_comp1,R_2_A_1_15_5,TCDB,TCDB.2_A_1_15_5_comp1
G_1_C_36_2_2_comp1,P_1_C_36_2_2_comp1+1_C_36_2_2_comp2,R_1_C_36_2_2,TCDB,TCDB.1_C_36_2_2_comp1
G_1_C_36_2_2_comp2,P_1_C_36_2_2_comp1+1_C_36_2_2_comp2,R_1_C_36_2_2,TCDB,TCDB.1_C_36_2_2_comp2
G_3_A_1_5_4_comp1,P_3_A_1_5_4_comp1+3_A_1_5_4_comp2+3_A_1_5_4_comp3+3_A_1_5_4_comp4+3_A_1_5_4_comp5,R_3_A_1_5_4,TCDB,TCDB.3_A_1_5_4_comp1
G_3_A_1_5_4_comp2,P_3_A_1_5_4_comp1+3_A_1_5_4_comp2+3_A_1_5_4_comp3+3_A_1_5_4_comp4+3_A_1_5_4_comp5,R_3_A_1_5_4,TCDB,TCDB.3_A_1_5_4_comp2
G_3_A_1_5_4_comp3,P_3_A_1_5_4_comp1+3_A_1_5_4_comp2+3_A_1_5_4_comp3+3_A_1_5_4_comp4+3_A_1_5_4_comp5,R_3_A_1_5_4,TCDB,TCDB.3_A_1_5_4_comp3
G_3_A_1_5_4_comp4,P_3_A_1_5_4_comp1+3_A_1_5_4_comp2+3_A_1_5_4_comp3+3_A_1_5_4_comp4+3_A_1_5_4_comp5,R_3_A_1_5_4,TCDB,TCDB.3_A_1_5_4_comp4
G_3_A_1_5_4_comp5,P_3_A_1_5_4_comp1+3_A_1_5_4_comp2+3_A_1_5_4_comp3+3_A_1_5_4_comp4+3_A_1_5_4_comp5,R_3_A_1_5_4,TCDB,TCDB.3_A_1_5_4_comp5
G_3_A_7_11_1_comp1,P_3_A_7_11_1_comp1+3_A_7_11_1_comp2+3_A_7_11_1_comp3+3_A_7_11_1_comp4+3_A_7_11_1_comp5+3_A_7_11_1_comp6+3_A_7_11_1_comp7+3_A_7_11_1_comp8+3_A_7_11_1_comp9+3_A_7_11_1_comp10+3_A_7_11_1_comp11+3_A_7_11_1_comp12+3_A_7_11_1_comp13+3_A_7_11_1_comp14+3_A_7_11_1_comp15+3_A_7_11_1_comp16+3_A_7_11_1_comp17+3_A_7_11_1_comp18+3_A_7_11_1_comp19+3_A_7_11_1_comp20,R_3_A_7_11_1,TCDB,TCDB.3_A_7_11_1_comp1
G_3_A_7_11_1_comp2,P_3_A_7_11_1_comp1+3_A_7_11_1_comp2+3_A_7_11_1_comp3+3_A_7_11_1_comp4+3_A_7_11_1_comp5+3_A_7_11_1_comp6+3_A_7_11_1_comp7+3_A_7_11_1_comp8+3_A_7_11_1_comp9+3_A_7_11_1_comp10+3_A_7_11_1_comp11+3_A_7_11_1_comp12+3_A_7_11_1_comp13+3_A_7_11_1_comp14+3_A_7_11_1_comp15+3_A_7_11_1_comp16+3_A_7_11_1_comp17+3_A_7_11_1_comp18+3_A_7_11_1_comp19+3_A_7_11_1_comp20,R_3_A_7_11_1,TCDB,TCDB.3_A_7_11_1_comp2
G_3_A_7_11_1_comp3,P_3_A_7_11_1_comp1+3_A_7_11_1_comp2+3_A_7_11_1_comp3+3_A_7_11_1_comp4+3_A_7_11_1_comp5+3_A_7_11_1_comp6+3_A_7_11_1_comp7+3_A_7_11_1_comp8+3_A_7_11_1_comp9+3_A_7_11_1_comp10+3_A_7_11_1_comp11+3_A_7_11_1_comp12+3_A_7_11_1_comp13+3_A_7_11_1_comp14+3_A_7_11_1_comp15+3_A_7_11_1_comp16+3_A_7_11_1_comp17+3_A_7_11_1_comp18+3_A_7_11_1_comp19+3_A_7_11_1_comp20,R_3_A_7_11_1,TCDB,TCDB.3_A_7_11_1_comp3
G_3_A_7_11_1_comp4,P_3_A_7_11_1_comp1+3_A_7_11_1_comp2+3_A_7_11_1_comp3+3_A_7_11_1_comp4+3_A_7_11_1_comp5+3_A_7_11_1_comp6+3_A_7_11_1_comp7+3_A_7_11_1_comp8+3_A_7_11_1_comp9+3_A_7_11_1_comp10+3_A_7_11_1_comp11+3_A_7_11_1_comp12+3_A_7_11_1_comp13+3_A_7_11_1_comp14+3_A_7_11_1_comp15+3_A_7_11_1_comp16+3_A_7_11_1_comp17+3_A_7_11_1_comp18+3_A_7_11_1_comp19+3_A_7_11_1_comp20,R_3_A_7_11_1,TCDB,TCDB.3_A_7_11_1_comp4
G_3_A_7_11_1_comp5,P_3_A_7_11_1_comp1+3_A_7_11_1_comp2+3_A_7_11_1_comp3+3_A_7_11_1_comp4+3_A_7_11_1_comp5+3_A_7_11_1_comp6+3_A_7_11_1_comp7+3_A_7_11_1_comp8+3_A_7_11_1_comp9+3_A_7_11_1_comp10+3_A_7_11_1_comp11+3_A_7_11_1_comp12+3_A_7_11_1_comp13+3_A_7_11_1_comp14+3_A_7_11_1_comp15+3_A_7_11_1_comp16+3_A_7_11_1_comp17+3_A_7_11_1_comp18+3_A_7_11_1_comp19+3_A_7_11_1_comp20,R_3_A_7_11_1,TCDB,TCDB.3_A_7_11_1_comp5
G_3_A_7_11_1_comp6,P_3_A_7_11_1_comp1+3_A_7_11_1_comp2+3_A_7_11_1_comp3+3_A_7_11_1_comp4+3_A_7_11_1_comp5+3_A_7_11_1_comp6+3_A_7_11_1_comp7+3_A_7_11_1_comp8+3_A_7_11_1_comp9+3_A_7_11_1_comp10+3_A_7_11_1_comp11+3_A_7_11_1_comp12+3_A_7_11_1_comp13+3_A_7_11_1_comp14+3_A_7_11_1_comp15+3_A_7_11_1_comp16+3_A_7_11_1_comp17+3_A_7_11_1_comp18+3_A_7_11_1_comp19+3_A_7_11_1_comp20,R_3_A_7_11_1,TCDB,TCDB.3_A_7_11_1_comp6
G_3_A_7_11_1_comp7,P_3_A_7_11_1_comp1+3_A_7_11_1_comp2+3_A_7_11_1_comp3+3_A_7_11_1_comp4+3_A_7_11_1_comp5+3_A_7_11_1_comp6+3_A_7_11_1_comp7+3_A_7_11_1_comp8+3_A_7_11_1_comp9+3_A_7_11_1_comp10+3_A_7_11_1_comp11+3_A_7_11_1_comp12+3_A_7_11_1_comp13+3_A_7_11_1_comp14+3_A_7_11_1_comp15+3_A_7_11_1_comp16+3_A_7_11_1_comp17+3_A_7_11_1_comp18+3_A_7_11_1_comp19+3_A_7_11_1_comp20,R_3_A_7_11_1,TCDB,TCDB.3_A_7_11_1_comp7
G_3_A_7_11_1_comp8,P_3_A_7_11_1_comp1+3_A_7_11_1_comp2+3_A_7_11_1_comp3+3_A_7_11_1_comp4+3_A_7_11_1_comp5+3_A_7_11_1_comp6+3_A_7_11_1_comp7+3_A_7_11_1_comp8+3_A_7_11_1_comp9+3_A_7_11_1_comp10+3_A_7_11_1_comp11+3_A_7_11_1_comp12+3_A_7_11_1_comp13+3_A_7_11_1_comp14+3_A_7_11_1_comp15+3_A_7_11_1_comp16+3_A_7_11_1_comp17+3_A_7_11_1_comp18+3_A_7_11_1_comp19+3_A_7_11_1_comp20,R_3_A_7_11_1,TCDB,TCDB.3_A_7_11_1_comp8
G_3_A_7_11_1_comp9,P_3_A_7_11_1_comp1+3_A_7_11_1_comp2+3_A_7_11_1_comp3+3_A_7_11_1_comp4+3_A_7_11_1_comp5+3_A_7_11_1_comp6+3_A_7_11_1_comp7+3_A_7_11_1_comp8+3_A_7_11_1_comp9+3_A_7_11_1_comp10+3_A_7_11_1_comp11+3_A_7_11_1_comp12+3_A_7_11_1_comp13+3_A_7_11_1_comp14+3_A_7_11_1_comp15+3_A_7_11_1_comp16+3_A_7_11_1_comp17+3_A_7_11_1_comp18+3_A_7_11_1_comp19+3_A_7_11_1_comp20,R_3_A_7_11_1,TCDB,TCDB.3_A_7_11_1_comp9
G_3_A_7_11_1_comp10,P_3_A_7_11_1_comp1+3_A_7_11_1_comp2+3_A_7_11_1_comp3+3_A_7_11_1_comp4+3_A_7_11_1_comp5+3_A_7_11_1_comp6+3_A_7_11_1_comp7+3_A_7_11_1_comp8+3_A_7_11_1_comp9+3_A_7_11_1_comp10+3_A_7_11_1_comp11+3_A_7_11_1_comp12+3_A_7_11_1_comp13+3_A_7_11_1_comp14+3_A_7_11_1_comp15+3_A_7_11_1_comp16+3_A_7_11_1_comp17+3_A_7_11_1_comp18+3_A_7_11_1_comp19+3_A_7_11_1_comp20,R_3_A_7_11_1,TCDB,TCDB.3_A_7_11_1_comp10
G_3_A_7_11_1_comp11,P_3_A_7_11_1_comp1+3_A_7_11_1_comp2+3_A_7_11_1_comp3+3_A_7_11_1_comp4+3_A_7_11_1_comp5+3_A_7_11_1_comp6+3_A_7_11_1_comp7+3_A_7_11_1_comp8+3_A_7_11_1_comp9+3_A_7_11_1_comp10+3_A_7_11_1_comp11+3_A_7_11_1_comp12+3_A_7_11_1_comp13+3_A_7_11_1_comp14+3_A_7_11_1_comp15+3_A_7_11_1_comp16+3_A_7_11_1_comp17+3_A_7_11_1_comp18+3_A_7_11_1_comp19+3_A_7_11_1_comp20,R_3_A_7_11_1,TCDB,TCDB.3_A_7_11_1_comp11
G_3_A_7_11_1_comp12,P_3_A_7_11_1_comp1+3_A_7_11_1_comp2+3_A_7_11_1_comp3+3_A_7_11_1_comp4+3_A_7_11_1_comp5+3_A_7_11_1_comp6+3_A_7_11_1_comp7+3_A_7_11_1_comp8+3_A_7_11_1_comp9+3_A_7_11_1_comp10+3_A_7_11_1_comp11+3_A_7_11_1_comp12+3_A_7_11_1_comp13+3_A_7_11_1_comp14+3_A_7_11_1_comp15+3_A_7_11_1_comp16+3_A_7_11_1_comp17+3_A_7_11_1_comp18+3_A_7_11_1_comp19+3_A_7_11_1_comp20,R_3_A_7_11_1,TCDB,TCDB.3_A_7_11_1_comp12
G_3_A_7_11_1_comp13,P_3_A_7_11_1_comp1+3_A_7_11_1_comp2+3_A_7_11_1_comp3+3_A_7_11_1_comp4+3_A_7_11_1_comp5+3_A_7_11_1_comp6+3_A_7_11_1_comp7+3_A_7_11_1_comp8+3_A_7_11_1_comp9+3_A_7_11_1_comp10+3_A_7_11_1_comp11+3_A_7_11_1_comp12+3_A_7_11_1_comp13+3_A_7_11_1_comp14+3_A_7_11_1_comp15+3_A_7_11_1_comp16+3_A_7_11_1_comp17+3_A_7_11_1_comp18+3_A_7_11_1_comp19+3_A_7_11_1_comp20,R_3_A_7_11_1,TCDB,TCDB.3_A_7_11_1_comp13
G_3_A_7_11_1_comp14,P_3_A_7_11_1_comp1+3_A_7_11_1_comp2+3_A_7_11_1_comp3+3_A_7_11_1_comp4+3_A_7_11_1_comp5+3_A_7_11_1_comp6+3_A_7_11_1_comp7+3_A_7_11_1_comp8+3_A_7_11_1_comp9+3_A_7_11_1_comp10+3_A_7_11_1_comp11+3_A_7_11_1_comp12+3_A_7_11_1_comp13+3_A_7_11_1_comp14+3_A_7_11_1_comp15+3_A_7_11_1_comp16+3_A_7_11_1_comp17+3_A_7_11_1_comp18+3_A_7_11_1_comp19+3_A_7_11_1_comp20,R_3_A_7_11_1,TCDB,TCDB.3_A_7_11_1_comp14
G_3_A_7_11_1_comp15,P_3_A_7_11_1_comp1+3_A_7_11_1_comp2+3_A_7_11_1_comp3+3_A_7_11_1_comp4+3_A_7_11_1_comp5+3_A_7_11_1_comp6+3_A_7_11_1_comp7+3_A_7_11_1_comp8+3_A_7_11_1_comp9+3_A_7_11_1_comp10+3_A_7_11_1_comp11+3_A_7_11_1_comp12+3_A_7_11_1_comp13+3_A_7_11_1_comp14+3_A_7_11_1_comp15+3_A_7_11_1_comp16+3_A_7_11_1_comp17+3_A_7_11_1_comp18+3_A_7_11_1_comp19+3_A_7_11_1_comp20,R_3_A_7_11_1,TCDB,TCDB.3_A_7_11_1_comp15
G_3_A_7_11_1_comp16,P_3_A_7_11_1_comp1+3_A_7_11_1_comp2+3_A_7_11_1_comp3+3_A_7_11_1_comp4+3_A_7_11_1_comp5+3_A_7_11_1_comp6+3_A_7_11_1_comp7+3_A_7_11_1_comp8+3_A_7_11_1_comp9+3_A_7_11_1_comp10+3_A_7_11_1_comp11+3_A_7_11_1_comp12+3_A_7_11_1_comp13+3_A_7_11_1_comp14+3_A_7_11_1_comp15+3_A_7_11_1_comp16+3_A_7_11_1_comp17+3_A_7_11_1_comp18+3_A_7_11_1_comp19+3_A_7_11_1_comp20,R_3_A_7_11_1,TCDB,TCDB.3_A_7_11_1_comp16
G_3_A_7_11_1_comp17,P_3_A_7_11_1_comp1+3_A_7_11_1_comp2+3_A_7_11_1_comp3+3_A_7_11_1_comp4+3_A_7_11_1_comp5+3_A_7_11_1_comp6+3_A_7_11_1_comp7+3_A_7_11_1_comp8+3_A_7_11_1_comp9+3_A_7_11_1_comp10+3_A_7_11_1_comp11+3_A_7_11_1_comp12+3_A_7_11_1_comp13+3_A_7_11_1_comp14+3_A_7_11_1_comp15+3_A_7_11_1_comp16+3_A_7_11_1_comp17+3_A_7_11_1_comp18+3_A_7_11_1_comp19+3_A_7_11_1_comp20,R_3_A_7_11_1,TCDB,TCDB.3_A_7_11_1_comp17
G_3_A_7_11_1_comp18,P_3_A_7_11_1_comp1+3_A_7_11_1_comp2+3_A_7_11_1_comp3+3_A_7_11_1_comp4+3_A_7_11_1_comp5+3_A_7_11_1_comp6+3_A_7_11_1_comp7+3_A_7_11_1_comp8+3_A_7_11_1_comp9+3_A_7_11_1_comp10+3_A_7_11_1_comp11+3_A_7_11_1_comp12+3_A_7_11_1_comp13+3_A_7_11_1_comp14+3_A_7_11_1_comp15+3_A_7_11_1_comp16+3_A_7_11_1_comp17+3_A_7_11_1_comp18+3_A_7_11_1_comp19+3_A_7_11_1_comp20,R_3_A_7_11_1,TCDB,TCDB.3_A_7_11_1_comp18
G_3_A_7_11_1_comp19,P_3_A_7_11_1_comp1+3_A_7_11_1_comp2+3_A_7_11_1_comp3+3_A_7_11_1_comp4+3_A_7_11_1_comp5+3_A_7_11_1_comp6+3_A_7_11_1_comp7+3_A_7_11_1_comp8+3_A_7_11_1_comp9+3_A_7_11_1_comp10+3_A_7_11_1_comp11+3_A_7_11_1_comp12+3_A_7_11_1_comp13+3_A_7_11_1_comp14+3_A_7_11_1_comp15+3_A_7_11_1_comp16+3_A_7_11_1_comp17+3_A_7_11_1_comp18+3_A_7_11_1_comp19+3_A_7_11_1_comp20,R_3_A_7_11_1,TCDB,TCDB.3_A_7_11_1_comp19
G_3_A_7_11_1_comp20,P_3_A_7_11_1_comp1+3_A_7_11_1_comp2+3_A_7_11_1_comp3+3_A_7_11_1_comp4+3_A_7_11_1_comp5+3_A_7_11_1_comp6+3_A_7_11_1_comp7+3_A_7_11_1_comp8+3_A_7_11_1_comp9+3_A_7_11_1_comp10+3_A_7_11_1_comp11+3_A_7_11_1_comp12+3_A_7_11_1_comp13+3_A_7_11_1_comp14+3_A_7_11_1_comp15+3_A_7_11_1_comp16+3_A_7_11_1_comp17+3_A_7_11_1_comp18+3_A_7_11_1_comp19+3_A_7_11_1_comp20,R_3_A_7_11_1,TCDB,TCDB.3_A_7_11_1_comp20
G_2_A_7_3_25_comp1,P_2_A_7_3_25_comp1,R_2_A_7_3_25,TCDB,TCDB.2_A_7_3_25_comp1
G_3_A_1_1_5_comp1,P_3_A_1_1_5_comp1+3_A_1_1_5_comp2+3_A_1_1_5_comp3+3_A_1_1_5_comp4,R_3_A_1_1_5,TCDB,TCDB.3_A_1_1_5_comp1
G_3_A_1_1_5_comp2,P_3_A_1_1_5_comp1+3_A_1_1_5_comp2+3_A_1_1_5_comp3+3_A_1_1_5_comp4,R_3_A_1_1_5,TCDB,TCDB.3_A_1_1_5_comp2
G_3_A_1_1_5_comp3,P_3_A_1_1_5_comp1+3_A_1_1_5_comp2+3_A_1_1_5_comp3+3_A_1_1_5_comp4,R_3_A_1_1_5,TCDB,TCDB.3_A_1_1_5_comp3
G_3_A_1_1_5_comp4,P_3_A_1_1_5_comp1+3_A_1_1_5_comp2+3_A_1_1_5_comp3+3_A_1_1_5_comp4,R_3_A_1_1_5,TCDB,TCDB.3_A_1_1_5_comp4
G_9_A_21_1_1_comp1,P_9_A_21_1_1_comp1,R_9_A_21_1_1,TCDB,TCDB.9_A_21_1_1_comp1
G_2_A_1_21_3_comp1,P_2_A_1_21_3_comp1,R_2_A_1_21_3,TCDB,TCDB.2_A_1_21_3_comp1
G_2_A_3_1_9_comp1,P_2_A_3_1_9_comp1,R_2_A_3_1_9,TCDB,TCDB.2_A_3_1_9_comp1
G_1_C_12_1_9_comp1,P_1_C_12_1_9_comp1,R_1_C_12_1_9,TCDB,TCDB.1_C_12_1_9_comp1
G_3_A_1_5_18_comp1,P_3_A_1_5_18_comp1+3_A_1_5_18_comp2+3_A_1_5_18_comp3+3_A_1_5_18_comp4+3_A_1_5_18_comp5+3_A_1_5_18_comp6+3_A_1_5_18_comp7+3_A_1_5_18_comp8+3_A_1_5_18_comp9,R_3_A_1_5_18,TCDB,TCDB.3_A_1_5_18_comp1
G_3_A_1_5_18_comp2,P_3_A_1_5_18_comp1+3_A_1_5_18_comp2+3_A_1_5_18_comp3+3_A_1_5_18_comp4+3_A_1_5_18_comp5+3_A_1_5_18_comp6+3_A_1_5_18_comp7+3_A_1_5_18_comp8+3_A_1_5_18_comp9,R_3_A_1_5_18,TCDB,TCDB.3_A_1_5_18_comp2
G_3_A_1_5_18_comp3,P_3_A_1_5_18_comp1+3_A_1_5_18_comp2+3_A_1_5_18_comp3+3_A_1_5_18_comp4+3_A_1_5_18_comp5+3_A_1_5_18_comp6+3_A_1_5_18_comp7+3_A_1_5_18_comp8+3_A_1_5_18_comp9,R_3_A_1_5_18,TCDB,TCDB.3_A_1_5_18_comp3
G_3_A_1_5_18_comp4,P_3_A_1_5_18_comp1+3_A_1_5_18_comp2+3_A_1_5_18_comp3+3_A_1_5_18_comp4+3_A_1_5_18_comp5+3_A_1_5_18_comp6+3_A_1_5_18_comp7+3_A_1_5_18_comp8+3_A_1_5_18_comp9,R_3_A_1_5_18,TCDB,TCDB.3_A_1_5_18_comp4
G_3_A_1_5_18_comp5,P_3_A_1_5_18_comp1+3_A_1_5_18_comp2+3_A_1_5_18_comp3+3_A_1_5_18_comp4+3_A_1_5_18_comp5+3_A_1_5_18_comp6+3_A_1_5_18_comp7+3_A_1_5_18_comp8+3_A_1_5_18_comp9,R_3_A_1_5_18,TCDB,TCDB.3_A_1_5_18_comp5
G_3_A_1_5_18_comp6,P_3_A_1_5_18_comp1+3_A_1_5_18_comp2+3_A_1_5_18_comp3+3_A_1_5_18_comp4+3_A_1_5_18_comp5+3_A_1_5_18_comp6+3_A_1_5_18_comp7+3_A_1_5_18_comp8+3_A_1_5_18_comp9,R_3_A_1_5_18,TCDB,TCDB.3_A_1_5_18_comp6
G_3_A_1_5_18_comp7,P_3_A_1_5_18_comp1+3_A_1_5_18_comp2+3_A_1_5_18_comp3+3_A_1_5_18_comp4+3_A_1_5_18_comp5+3_A_1_5_18_comp6+3_A_1_5_18_comp7+3_A_1_5_18_comp8+3_A_1_5_18_comp9,R_3_A_1_5_18,TCDB,TCDB.3_A_1_5_18_comp7
G_3_A_1_5_18_comp8,P_3_A_1_5_18_comp1+3_A_1_5_18_comp2+3_A_1_5_18_comp3+3_A_1_5_18_comp4+3_A_1_5_18_comp5+3_A_1_5_18_comp6+3_A_1_5_18_comp7+3_A_1_5_18_comp8+3_A_1_5_18_comp9,R_3_A_1_5_18,TCDB,TCDB.3_A_1_5_18_comp8
G_3_A_1_5_18_comp9,P_3_A_1_5_18_comp1+3_A_1_5_18_comp2+3_A_1_5_18_comp3+3_A_1_5_18_comp4+3_A_1_5_18_comp5+3_A_1_5_18_comp6+3_A_1_5_18_comp7+3_A_1_5_18_comp8+3_A_1_5_18_comp9,R_3_A_1_5_18,TCDB,TCDB.3_A_1_5_18_comp9
G_3_A_1_128_1_comp1,P_3_A_1_128_1_comp1+3_A_1_128_1_comp2,R_3_A_1_128_1,TCDB,TCDB.3_A_1_128_1_comp1
G_3_A_1_128_1_comp2,P_3_A_1_128_1_comp1+3_A_1_128_1_comp2,R_3_A_1_128_1,TCDB,TCDB.3_A_1_128_1_comp2
G_2_A_1_11_6_comp1,P_2_A_1_11_6_comp1,R_2_A_1_11_6,TCDB,TCDB.2_A_1_11_6_comp1
G_2_A_64_3_1_comp1,P_2_A_64_3_1_comp1+2_A_64_3_1_comp2,R_2_A_64_3_1,TCDB,TCDB.2_A_64_3_1_comp1
G_2_A_64_3_1_comp2,P_2_A_64_3_1_comp1+2_A_64_3_1_comp2,R_2_A_64_3_1,TCDB,TCDB.2_A_64_3_1_comp2
G_2_A_133_1_5_comp1,P_2_A_133_1_5_comp1,R_2_A_133_1_5,TCDB,TCDB.2_A_133_1_5_comp1
G_3_A_7_14_3_comp1,P_3_A_7_14_3_comp1+3_A_7_14_3_comp2+3_A_7_14_3_comp3+3_A_7_14_3_comp4+3_A_7_14_3_comp5+3_A_7_14_3_comp6+3_A_7_14_3_comp7+3_A_7_14_3_comp8+3_A_7_14_3_comp9+3_A_7_14_3_comp10,R_3_A_7_14_3,TCDB,TCDB.3_A_7_14_3_comp1
G_3_A_7_14_3_comp2,P_3_A_7_14_3_comp1+3_A_7_14_3_comp2+3_A_7_14_3_comp3+3_A_7_14_3_comp4+3_A_7_14_3_comp5+3_A_7_14_3_comp6+3_A_7_14_3_comp7+3_A_7_14_3_comp8+3_A_7_14_3_comp9+3_A_7_14_3_comp10,R_3_A_7_14_3,TCDB,TCDB.3_A_7_14_3_comp2
G_3_A_7_14_3_comp3,P_3_A_7_14_3_comp1+3_A_7_14_3_comp2+3_A_7_14_3_comp3+3_A_7_14_3_comp4+3_A_7_14_3_comp5+3_A_7_14_3_comp6+3_A_7_14_3_comp7+3_A_7_14_3_comp8+3_A_7_14_3_comp9+3_A_7_14_3_comp10,R_3_A_7_14_3,TCDB,TCDB.3_A_7_14_3_comp3
G_3_A_7_14_3_comp4,P_3_A_7_14_3_comp1+3_A_7_14_3_comp2+3_A_7_14_3_comp3+3_A_7_14_3_comp4+3_A_7_14_3_comp5+3_A_7_14_3_comp6+3_A_7_14_3_comp7+3_A_7_14_3_comp8+3_A_7_14_3_comp9+3_A_7_14_3_comp10,R_3_A_7_14_3,TCDB,TCDB.3_A_7_14_3_comp4
G_3_A_7_14_3_comp5,P_3_A_7_14_3_comp1+3_A_7_14_3_comp2+3_A_7_14_3_comp3+3_A_7_14_3_comp4+3_A_7_14_3_comp5+3_A_7_14_3_comp6+3_A_7_14_3_comp7+3_A_7_14_3_comp8+3_A_7_14_3_comp9+3_A_7_14_3_comp10,R_3_A_7_14_3,TCDB,TCDB.3_A_7_14_3_comp5
G_3_A_7_14_3_comp6,P_3_A_7_14_3_comp1+3_A_7_14_3_comp2+3_A_7_14_3_comp3+3_A_7_14_3_comp4+3_A_7_14_3_comp5+3_A_7_14_3_comp6+3_A_7_14_3_comp7+3_A_7_14_3_comp8+3_A_7_14_3_comp9+3_A_7_14_3_comp10,R_3_A_7_14_3,TCDB,TCDB.3_A_7_14_3_comp6
G_3_A_7_14_3_comp7,P_3_A_7_14_3_comp1+3_A_7_14_3_comp2+3_A_7_14_3_comp3+3_A_7_14_3_comp4+3_A_7_14_3_comp5+3_A_7_14_3_comp6+3_A_7_14_3_comp7+3_A_7_14_3_comp8+3_A_7_14_3_comp9+3_A_7_14_3_comp10,R_3_A_7_14_3,TCDB,TCDB.3_A_7_14_3_comp7
G_3_A_7_14_3_comp8,P_3_A_7_14_3_comp1+3_A_7_14_3_comp2+3_A_7_14_3_comp3+3_A_7_14_3_comp4+3_A_7_14_3_comp5+3_A_7_14_3_comp6+3_A_7_14_3_comp7+3_A_7_14_3_comp8+3_A_7_14_3_comp9+3_A_7_14_3_comp10,R_3_A_7_14_3,TCDB,TCDB.3_A_7_14_3_comp8
G_3_A_7_14_3_comp9,P_3_A_7_14_3_comp1+3_A_7_14_3_comp2+3_A_7_14_3_comp3+3_A_7_14_3_comp4+3_A_7_14_3_comp5+3_A_7_14_3_comp6+3_A_7_14_3_comp7+3_A_7_14_3_comp8+3_A_7_14_3_comp9+3_A_7_14_3_comp10,R_3_A_7_14_3,TCDB,TCDB.3_A_7_14_3_comp9
G_3_A_7_14_3_comp10,P_3_A_7_14_3_comp1+3_A_7_14_3_comp2+3_A_7_14_3_comp3+3_A_7_14_3_comp4+3_A_7_14_3_comp5+3_A_7_14_3_comp6+3_A_7_14_3_comp7+3_A_7_14_3_comp8+3_A_7_14_3_comp9+3_A_7_14_3_comp10,R_3_A_7_14_3,TCDB,TCDB.3_A_7_14_3_comp10
G_1_A_14_2_3_comp1,P_1_A_14_2_3_comp1,R_1_A_14_2_3,TCDB,TCDB.1_A_14_2_3_comp1
G_2_A_7_3_35_comp1,P_2_A_7_3_35_comp1,R_2_A_7_3_35,TCDB,TCDB.2_A_7_3_35_comp1
G_1_A_35_3_3_comp1,P_1_A_35_3_3_comp1,R_1_A_35_3_3,TCDB,TCDB.1_A_35_3_3_comp1
G_2_A_1_31_3_comp1,P_2_A_1_31_3_comp1,R_2_A_1_31_3,TCDB,TCDB.2_A_1_31_3_comp1
G_2_A_1_3_58_comp1,P_2_A_1_3_58_comp1,R_2_A_1_3_58,TCDB,TCDB.2_A_1_3_58_comp1
G_9_A_32_2_1_comp1,P_9_A_32_2_1_comp1,R_9_A_32_2_1,TCDB,TCDB.9_A_32_2_1_comp1
G_2_A_1_21_13_comp1,P_2_A_1_21_13_comp1,R_2_A_1_21_13,TCDB,TCDB.2_A_1_21_13_comp1
G_4_A_2_1_6_comp1,P_4_A_2_1_6_comp1,R_4_A_2_1_6,TCDB,TCDB.4_A_2_1_6_comp1
G_2_A_38_4_4_comp1,P_2_A_38_4_4_comp1+2_A_38_4_4_comp2,R_2_A_38_4_4,TCDB,TCDB.2_A_38_4_4_comp1
G_2_A_38_4_4_comp2,P_2_A_38_4_4_comp1+2_A_38_4_4_comp2,R_2_A_38_4_4,TCDB,TCDB.2_A_38_4_4_comp2
G_2_A_120_1_10_comp1,P_2_A_120_1_10_comp1,R_2_A_120_1_10,TCDB,TCDB.2_A_120_1_10_comp1
G_2_A_66_2_17_comp1,P_2_A_66_2_17_comp1,R_2_A_66_2_17,TCDB,TCDB.2_A_66_2_17_comp1
G_3_A_3_6_9_comp1,P_3_A_3_6_9_comp1,R_3_A_3_6_9,TCDB,TCDB.3_A_3_6_9_comp1
G_9_B_29_2_17_comp1,P_9_B_29_2_17_comp1,R_9_B_29_2_17,TCDB,TCDB.9_B_29_2_17_comp1
G_3_A_1_122_2_comp1,P_3_A_1_122_2_comp1+3_A_1_122_2_comp2+3_A_1_122_2_comp3,R_3_A_1_122_2,TCDB,TCDB.3_A_1_122_2_comp1
G_3_A_1_122_2_comp2,P_3_A_1_122_2_comp1+3_A_1_122_2_comp2+3_A_1_122_2_comp3,R_3_A_1_122_2,TCDB,TCDB.3_A_1_122_2_comp2
G_3_A_1_122_2_comp3,P_3_A_1_122_2_comp1+3_A_1_122_2_comp2+3_A_1_122_2_comp3,R_3_A_1_122_2,TCDB,TCDB.3_A_1_122_2_comp3
G_9_B_149_2_1_comp1,P_9_B_149_2_1_comp1,R_9_B_149_2_1,TCDB,TCDB.9_B_149_2_1_comp1
G_2_A_1_32_2_comp1,P_2_A_1_32_2_comp1,R_2_A_1_32_2,TCDB,TCDB.2_A_1_32_2_comp1
G_2_A_7_1_6_comp1,P_2_A_7_1_6_comp1+2_A_7_1_6_comp2,R_2_A_7_1_6,TCDB,TCDB.2_A_7_1_6_comp1
G_2_A_7_1_6_comp2,P_2_A_7_1_6_comp1+2_A_7_1_6_comp2,R_2_A_7_1_6,TCDB,TCDB.2_A_7_1_6_comp2
G_2_A_3_9_4_comp1,P_2_A_3_9_4_comp1,R_2_A_3_9_4,TCDB,TCDB.2_A_3_9_4_comp1
G_9_B_227_1_5_comp1,P_9_B_227_1_5_comp1,R_9_B_227_1_5,TCDB,TCDB.9_B_227_1_5_comp1
G_9_B_223_1_1_comp1,P_9_B_223_1_1_comp1,R_9_B_223_1_1,TCDB,TCDB.9_B_223_1_1_comp1
G_2_A_6_4_2_comp1,P_2_A_6_4_2_comp1,R_2_A_6_4_2,TCDB,TCDB.2_A_6_4_2_comp1
G_2_A_88_3_1_comp1,P_2_A_88_3_1_comp1,R_2_A_88_3_1,TCDB,TCDB.2_A_88_3_1_comp1
G_2_A_38_4_3_comp1,P_2_A_38_4_3_comp1+2_A_38_4_3_comp2,R_2_A_38_4_3,TCDB,TCDB.2_A_38_4_3_comp1
G_2_A_38_4_3_comp2,P_2_A_38_4_3_comp1+2_A_38_4_3_comp2,R_2_A_38_4_3,TCDB,TCDB.2_A_38_4_3_comp2
G_2_A_1_3_55_comp1,P_2_A_1_3_55_comp1,R_2_A_1_3_55,TCDB,TCDB.2_A_1_3_55_comp1
G_2_A_86_1_8_comp1,P_2_A_86_1_8_comp1,R_2_A_86_1_8,TCDB,TCDB.2_A_86_1_8_comp1
G_2_A_8_1_12_comp1,P_2_A_8_1_12_comp1,R_2_A_8_1_12,TCDB,TCDB.2_A_8_1_12_comp1
G_2_A_40_3_2_comp1,P_2_A_40_3_2_comp1,R_2_A_40_3_2,TCDB,TCDB.2_A_40_3_2_comp1
G_2_A_40_3_4_comp1,P_2_A_40_3_4_comp1,R_2_A_40_3_4,TCDB,TCDB.2_A_40_3_4_comp1
G_9_B_35_2_1_comp1,P_9_B_35_2_1_comp1,R_9_B_35_2_1,TCDB,TCDB.9_B_35_2_1_comp1
G_3_A_1_1_34_comp1,P_3_A_1_1_34_comp1+3_A_1_1_34_comp2+3_A_1_1_34_comp3+3_A_1_1_34_comp4+3_A_1_1_34_comp5,R_3_A_1_1_34,TCDB,TCDB.3_A_1_1_34_comp1
G_3_A_1_1_34_comp2,P_3_A_1_1_34_comp1+3_A_1_1_34_comp2+3_A_1_1_34_comp3+3_A_1_1_34_comp4+3_A_1_1_34_comp5,R_3_A_1_1_34,TCDB,TCDB.3_A_1_1_34_comp2
G_3_A_1_1_34_comp3,P_3_A_1_1_34_comp1+3_A_1_1_34_comp2+3_A_1_1_34_comp3+3_A_1_1_34_comp4+3_A_1_1_34_comp5,R_3_A_1_1_34,TCDB,TCDB.3_A_1_1_34_comp3
G_3_A_1_1_34_comp4,P_3_A_1_1_34_comp1+3_A_1_1_34_comp2+3_A_1_1_34_comp3+3_A_1_1_34_comp4+3_A_1_1_34_comp5,R_3_A_1_1_34,TCDB,TCDB.3_A_1_1_34_comp4
G_3_A_1_1_34_comp5,P_3_A_1_1_34_comp1+3_A_1_1_34_comp2+3_A_1_1_34_comp3+3_A_1_1_34_comp4+3_A_1_1_34_comp5,R_3_A_1_1_34,TCDB,TCDB.3_A_1_1_34_comp5
G_3_A_1_24_2_comp1,P_3_A_1_24_2_comp1+3_A_1_24_2_comp2+3_A_1_24_2_comp3,R_3_A_1_24_2,TCDB,TCDB.3_A_1_24_2_comp1
G_3_A_1_24_2_comp2,P_3_A_1_24_2_comp1+3_A_1_24_2_comp2+3_A_1_24_2_comp3,R_3_A_1_24_2,TCDB,TCDB.3_A_1_24_2_comp2
G_3_A_1_24_2_comp3,P_3_A_1_24_2_comp1+3_A_1_24_2_comp2+3_A_1_24_2_comp3,R_3_A_1_24_2,TCDB,TCDB.3_A_1_24_2_comp3
G_2_A_1_3_33_comp1,P_2_A_1_3_33_comp1,R_2_A_1_3_33,TCDB,TCDB.2_A_1_3_33_comp1
G_2_A_3_2_6_comp1,P_2_A_3_2_6_comp1,R_2_A_3_2_6,TCDB,TCDB.2_A_3_2_6_comp1
G_2_A_36_3_2_comp1,P_2_A_36_3_2_comp1,R_2_A_36_3_2,TCDB,TCDB.2_A_36_3_2_comp1
G_3_A_3_6_10_comp1,P_3_A_3_6_10_comp1,R_3_A_3_6_10,TCDB,TCDB.3_A_3_6_10_comp1
G_3_A_3_5_18_comp1,P_3_A_3_5_18_comp1,R_3_A_3_5_18,TCDB,TCDB.3_A_3_5_18_comp1
G_9_A_32_1_1_comp1,P_9_A_32_1_1_comp1,R_9_A_32_1_1,TCDB,TCDB.9_A_32_1_1_comp1
G_3_A_1_12_4_comp1,P_3_A_1_12_4_comp1+3_A_1_12_4_comp2+3_A_1_12_4_comp3+3_A_1_12_4_comp4,R_3_A_1_12_4,TCDB,TCDB.3_A_1_12_4_comp1
G_3_A_1_12_4_comp2,P_3_A_1_12_4_comp1+3_A_1_12_4_comp2+3_A_1_12_4_comp3+3_A_1_12_4_comp4,R_3_A_1_12_4,TCDB,TCDB.3_A_1_12_4_comp2
G_3_A_1_12_4_comp3,P_3_A_1_12_4_comp1+3_A_1_12_4_comp2+3_A_1_12_4_comp3+3_A_1_12_4_comp4,R_3_A_1_12_4,TCDB,TCDB.3_A_1_12_4_comp3
G_3_A_1_12_4_comp4,P_3_A_1_12_4_comp1+3_A_1_12_4_comp2+3_A_1_12_4_comp3+3_A_1_12_4_comp4,R_3_A_1_12_4,TCDB,TCDB.3_A_1_12_4_comp4
G_2_A_95_1_3_comp1,P_2_A_95_1_3_comp1,R_2_A_95_1_3,TCDB,TCDB.2_A_95_1_3_comp1
G_2_A_66_2_6_comp1,P_2_A_66_2_6_comp1,R_2_A_66_2_6,TCDB,TCDB.2_A_66_2_6_comp1
G_4_A_4_1_2_comp1,P_4_A_4_1_2_comp1+4_A_4_1_2_comp2+4_A_4_1_2_comp3,R_4_A_4_1_2,TCDB,TCDB.4_A_4_1_2_comp1
G_4_A_4_1_2_comp2,P_4_A_4_1_2_comp1+4_A_4_1_2_comp2+4_A_4_1_2_comp3,R_4_A_4_1_2,TCDB,TCDB.4_A_4_1_2_comp2
G_4_A_4_1_2_comp3,P_4_A_4_1_2_comp1+4_A_4_1_2_comp2+4_A_4_1_2_comp3,R_4_A_4_1_2,TCDB,TCDB.4_A_4_1_2_comp3
G_2_A_1_3_40_comp1,P_2_A_1_3_40_comp1,R_2_A_1_3_40,TCDB,TCDB.2_A_1_3_40_comp1
G_2_A_69_3_3_comp1,P_2_A_69_3_3_comp1,R_2_A_69_3_3,TCDB,TCDB.2_A_69_3_3_comp1
G_3_A_1_117_2_comp1,P_3_A_1_117_2_comp1,R_3_A_1_117_2,TCDB,TCDB.3_A_1_117_2_comp1
G_1_C_30_1_2_comp1,P_1_C_30_1_2_comp1+1_C_30_1_2_comp2,R_1_C_30_1_2,TCDB,TCDB.1_C_30_1_2_comp1
G_1_C_30_1_2_comp2,P_1_C_30_1_2_comp1+1_C_30_1_2_comp2,R_1_C_30_1_2,TCDB,TCDB.1_C_30_1_2_comp2
G_2_A_1_21_4_comp1,P_2_A_1_21_4_comp1,R_2_A_1_21_4,TCDB,TCDB.2_A_1_21_4_comp1
G_1_B_12_5_9_comp1,P_1_B_12_5_9_comp1,R_1_B_12_5_9,TCDB,TCDB.1_B_12_5_9_comp1
G_5_B_9_1_1_comp1,P_5_B_9_1_1_comp1,R_5_B_9_1_1,TCDB,TCDB.5_B_9_1_1_comp1
G_2_A_1_8_15_comp1,P_2_A_1_8_15_comp1,R_2_A_1_8_15,TCDB,TCDB.2_A_1_8_15_comp1
G_5_A_1_5_1_comp1,P_5_A_1_5_1_comp1,R_5_A_1_5_1,TCDB,TCDB.5_A_1_5_1_comp1
G_8_A_43_1_3_comp1,P_8_A_43_1_3_comp1,R_8_A_43_1_3,TCDB,TCDB.8_A_43_1_3_comp1
G_1_C_65_1_1_comp1,P_1_C_65_1_1_comp1,R_1_C_65_1_1,TCDB,TCDB.1_C_65_1_1_comp1
G_1_C_22_1_4_comp1,P_1_C_22_1_4_comp1,R_1_C_22_1_4,TCDB,TCDB.1_C_22_1_4_comp1
G_1_C_67_1_1_comp1,P_1_C_67_1_1_comp1,R_1_C_67_1_1,TCDB,TCDB.1_C_67_1_1_comp1
G_2_A_1_2_106_comp1,P_2_A_1_2_106_comp1,R_2_A_1_2_106,TCDB,TCDB.2_A_1_2_106_comp1
G_3_A_1_3_13_comp1,P_3_A_1_3_13_comp1+3_A_1_3_13_comp2+3_A_1_3_13_comp3+3_A_1_3_13_comp4+3_A_1_3_13_comp5,R_3_A_1_3_13,TCDB,TCDB.3_A_1_3_13_comp1
G_3_A_1_3_13_comp2,P_3_A_1_3_13_comp1+3_A_1_3_13_comp2+3_A_1_3_13_comp3+3_A_1_3_13_comp4+3_A_1_3_13_comp5,R_3_A_1_3_13,TCDB,TCDB.3_A_1_3_13_comp2
G_3_A_1_3_13_comp3,P_3_A_1_3_13_comp1+3_A_1_3_13_comp2+3_A_1_3_13_comp3+3_A_1_3_13_comp4+3_A_1_3_13_comp5,R_3_A_1_3_13,TCDB,TCDB.3_A_1_3_13_comp3
G_3_A_1_3_13_comp4,P_3_A_1_3_13_comp1+3_A_1_3_13_comp2+3_A_1_3_13_comp3+3_A_1_3_13_comp4+3_A_1_3_13_comp5,R_3_A_1_3_13,TCDB,TCDB.3_A_1_3_13_comp4
G_3_A_1_3_13_comp5,P_3_A_1_3_13_comp1+3_A_1_3_13_comp2+3_A_1_3_13_comp3+3_A_1_3_13_comp4+3_A_1_3_13_comp5,R_3_A_1_3_13,TCDB,TCDB.3_A_1_3_13_comp5
G_9_B_143_4_1_comp1,P_9_B_143_4_1_comp1,R_9_B_143_4_1,TCDB,TCDB.9_B_143_4_1_comp1
G_9_B_139_1_1_comp1,P_9_B_139_1_1_comp1,R_9_B_139_1_1,TCDB,TCDB.9_B_139_1_1_comp1
G_9_B_105_2_3_comp1,P_9_B_105_2_3_comp1,R_9_B_105_2_3,TCDB,TCDB.9_B_105_2_3_comp1
G_3_A_1_30_1_comp1,P_3_A_1_30_1_comp1+3_A_1_30_1_comp2+3_A_1_30_1_comp3,R_3_A_1_30_1,TCDB,TCDB.3_A_1_30_1_comp1
G_3_A_1_30_1_comp2,P_3_A_1_30_1_comp1+3_A_1_30_1_comp2+3_A_1_30_1_comp3,R_3_A_1_30_1,TCDB,TCDB.3_A_1_30_1_comp2
G_3_A_1_30_1_comp3,P_3_A_1_30_1_comp1+3_A_1_30_1_comp2+3_A_1_30_1_comp3,R_3_A_1_30_1,TCDB,TCDB.3_A_1_30_1_comp3
G_3_A_1_122_19_comp1,P_3_A_1_122_19_comp1+3_A_1_122_19_comp2,R_3_A_1_122_19,TCDB,TCDB.3_A_1_122_19_comp1
G_3_A_1_122_19_comp2,P_3_A_1_122_19_comp1+3_A_1_122_19_comp2,R_3_A_1_122_19,TCDB,TCDB.3_A_1_122_19_comp2
G_2_A_7_3_29_comp1,P_2_A_7_3_29_comp1,R_2_A_7_3_29,TCDB,TCDB.2_A_7_3_29_comp1
G_1_A_26_1_3_comp1,P_1_A_26_1_3_comp1,R_1_A_26_1_3,TCDB,TCDB.1_A_26_1_3_comp1
G_2_A_66_1_25_comp1,P_2_A_66_1_25_comp1,R_2_A_66_1_25,TCDB,TCDB.2_A_66_1_25_comp1
G_4_A_1_1_7_comp1,P_4_A_1_1_7_comp1,R_4_A_1_1_7,TCDB,TCDB.4_A_1_1_7_comp1
G_2_A_1_2_69_comp1,P_2_A_1_2_69_comp1,R_2_A_1_2_69,TCDB,TCDB.2_A_1_2_69_comp1
G_3_A_1_15_11_comp1,P_3_A_1_15_11_comp1+3_A_1_15_11_comp2+3_A_1_15_11_comp3,R_3_A_1_15_11,TCDB,TCDB.3_A_1_15_11_comp1
G_3_A_1_15_11_comp2,P_3_A_1_15_11_comp1+3_A_1_15_11_comp2+3_A_1_15_11_comp3,R_3_A_1_15_11,TCDB,TCDB.3_A_1_15_11_comp2
G_3_A_1_15_11_comp3,P_3_A_1_15_11_comp1+3_A_1_15_11_comp2+3_A_1_15_11_comp3,R_3_A_1_15_11,TCDB,TCDB.3_A_1_15_11_comp3
G_9_A_31_1_1_comp1,P_9_A_31_1_1_comp1+9_A_31_1_1_comp2,R_9_A_31_1_1,TCDB,TCDB.9_A_31_1_1_comp1
G_9_A_31_1_1_comp2,P_9_A_31_1_1_comp1+9_A_31_1_1_comp2,R_9_A_31_1_1,TCDB,TCDB.9_A_31_1_1_comp2
G_3_A_1_153_1_comp1,P_3_A_1_153_1_comp1+3_A_1_153_1_comp2+3_A_1_153_1_comp3,R_3_A_1_153_1,TCDB,TCDB.3_A_1_153_1_comp1
G_3_A_1_153_1_comp2,P_3_A_1_153_1_comp1+3_A_1_153_1_comp2+3_A_1_153_1_comp3,R_3_A_1_153_1,TCDB,TCDB.3_A_1_153_1_comp2
G_3_A_1_153_1_comp3,P_3_A_1_153_1_comp1+3_A_1_153_1_comp2+3_A_1_153_1_comp3,R_3_A_1_153_1,TCDB,TCDB.3_A_1_153_1_comp3
G_2_A_1_82_4_comp1,P_2_A_1_82_4_comp1,R_2_A_1_82_4,TCDB,TCDB.2_A_1_82_4_comp1
G_3_A_1_134_3_comp1,P_3_A_1_134_3_comp1+3_A_1_134_3_comp2,R_3_A_1_134_3,TCDB,TCDB.3_A_1_134_3_comp1
G_3_A_1_134_3_comp2,P_3_A_1_134_3_comp1+3_A_1_134_3_comp2,R_3_A_1_134_3,TCDB,TCDB.3_A_1_134_3_comp2
G_2_A_1_1_26_comp1,P_2_A_1_1_26_comp1,R_2_A_1_1_26,TCDB,TCDB.2_A_1_1_26_comp1
G_2_A_20_4_1_comp1,P_2_A_20_4_1_comp1,R_2_A_20_4_1,TCDB,TCDB.2_A_20_4_1_comp1
G_2_A_3_8_12_comp1,P_2_A_3_8_12_comp1,R_2_A_3_8_12,TCDB,TCDB.2_A_3_8_12_comp1
G_2_A_21_4_2_comp1,P_2_A_21_4_2_comp1,R_2_A_21_4_2,TCDB,TCDB.2_A_21_4_2_comp1
G_9_B_238_3_5_comp1,P_9_B_238_3_5_comp1,R_9_B_238_3_5,TCDB,TCDB.9_B_238_3_5_comp1
G_9_A_5_3_2_comp1,P_9_A_5_3_2_comp1,R_9_A_5_3_2,TCDB,TCDB.9_A_5_3_2_comp1
G_2_A_19_2_7_comp1,P_2_A_19_2_7_comp1,R_2_A_19_2_7,TCDB,TCDB.2_A_19_2_7_comp1
G_2_A_19_2_11_comp1,P_2_A_19_2_11_comp1,R_2_A_19_2_11,TCDB,TCDB.2_A_19_2_11_comp1
G_9_A_10_1_1_comp1,P_9_A_10_1_1_comp1,R_9_A_10_1_1,TCDB,TCDB.9_A_10_1_1_comp1
G_1_A_23_3_1_comp1,P_1_A_23_3_1_comp1,R_1_A_23_3_1,TCDB,TCDB.1_A_23_3_1_comp1
G_2_A_1_26_2_comp1,P_2_A_1_26_2_comp1,R_2_A_1_26_2,TCDB,TCDB.2_A_1_26_2_comp1
G_2_A_40_7_2_comp1,P_2_A_40_7_2_comp1,R_2_A_40_7_2,TCDB,TCDB.2_A_40_7_2_comp1
G_2_A_86_1_9_comp1,P_2_A_86_1_9_comp1,R_2_A_86_1_9,TCDB,TCDB.2_A_86_1_9_comp1
G_2_A_109_1_4_comp1,P_2_A_109_1_4_comp1,R_2_A_109_1_4,TCDB,TCDB.2_A_109_1_4_comp1
G_9_B_174_1_1_comp1,P_9_B_174_1_1_comp1,R_9_B_174_1_1,TCDB,TCDB.9_B_174_1_1_comp1
G_2_A_1_3_30_comp1,P_2_A_1_3_30_comp1,R_2_A_1_3_30,TCDB,TCDB.2_A_1_3_30_comp1
G_2_A_47_1_3_comp1,P_2_A_47_1_3_comp1,R_2_A_47_1_3,TCDB,TCDB.2_A_47_1_3_comp1
G_9_B_39_1_9_comp1,P_9_B_39_1_9_comp1,R_9_B_39_1_9,TCDB,TCDB.9_B_39_1_9_comp1
G_2_A_4_3_3_comp1,P_2_A_4_3_3_comp1,R_2_A_4_3_3,TCDB,TCDB.2_A_4_3_3_comp1
G_1_A_6_1_2_comp1,P_1_A_6_1_2_comp1+1_A_6_1_2_comp2+1_A_6_1_2_comp3,R_1_A_6_1_2,TCDB,TCDB.1_A_6_1_2_comp1
G_1_A_6_1_2_comp2,P_1_A_6_1_2_comp1+1_A_6_1_2_comp2+1_A_6_1_2_comp3,R_1_A_6_1_2,TCDB,TCDB.1_A_6_1_2_comp2
G_1_A_6_1_2_comp3,P_1_A_6_1_2_comp1+1_A_6_1_2_comp2+1_A_6_1_2_comp3,R_1_A_6_1_2,TCDB,TCDB.1_A_6_1_2_comp3
G_1_A_4_2_1_comp1,P_1_A_4_2_1_comp1,R_1_A_4_2_1,TCDB,TCDB.1_A_4_2_1_comp1
G_8_A_58_2_14_comp1,P_8_A_58_2_14_comp1,R_8_A_58_2_14,TCDB,TCDB.8_A_58_2_14_comp1
G_2_A_49_3_4_comp1,P_2_A_49_3_4_comp1,R_2_A_49_3_4,TCDB,TCDB.2_A_49_3_4_comp1
G_2_A_18_5_3_comp1,P_2_A_18_5_3_comp1,R_2_A_18_5_3,TCDB,TCDB.2_A_18_5_3_comp1
G_2_A_1_19_4_comp1,P_2_A_1_19_4_comp1,R_2_A_1_19_4,TCDB,TCDB.2_A_1_19_4_comp1
G_1_G_21_1_3_comp1,P_1_G_21_1_3_comp1,R_1_G_21_1_3,TCDB,TCDB.1_G_21_1_3_comp1
G_1_A_68_1_3_comp1,P_1_A_68_1_3_comp1,R_1_A_68_1_3,TCDB,TCDB.1_A_68_1_3_comp1
G_1_A_97_1_4_comp1,P_1_A_97_1_4_comp1,R_1_A_97_1_4,TCDB,TCDB.1_A_97_1_4_comp1
G_1_A_53_1_7_comp1,P_1_A_53_1_7_comp1,R_1_A_53_1_7,TCDB,TCDB.1_A_53_1_7_comp1
G_8_A_13_1_1_comp1,P_8_A_13_1_1_comp1,R_8_A_13_1_1,TCDB,TCDB.8_A_13_1_1_comp1
G_2_A_36_4_2_comp1,P_2_A_36_4_2_comp1,R_2_A_36_4_2,TCDB,TCDB.2_A_36_4_2_comp1
G_1_C_119_1_1_comp1,P_1_C_119_1_1_comp1,R_1_C_119_1_1,TCDB,TCDB.1_C_119_1_1_comp1
G_2_A_1_14_17_comp1,P_2_A_1_14_17_comp1,R_2_A_1_14_17,TCDB,TCDB.2_A_1_14_17_comp1
G_9_B_199_1_5_comp1,P_9_B_199_1_5_comp1,R_9_B_199_1_5,TCDB,TCDB.9_B_199_1_5_comp1
G_3_A_1_201_11_comp1,P_3_A_1_201_11_comp1,R_3_A_1_201_11,TCDB,TCDB.3_A_1_201_11_comp1
G_8_A_77_1_5_comp1,P_8_A_77_1_5_comp1,R_8_A_77_1_5,TCDB,TCDB.8_A_77_1_5_comp1
G_9_A_14_1_15_comp1,P_9_A_14_1_15_comp1,R_9_A_14_1_15,TCDB,TCDB.9_A_14_1_15_comp1
G_2_A_3_3_6_comp1,P_2_A_3_3_6_comp1,R_2_A_3_3_6,TCDB,TCDB.2_A_3_3_6_comp1
G_8_A_133_1_2_comp1,P_8_A_133_1_2_comp1,R_8_A_133_1_2,TCDB,TCDB.8_A_133_1_2_comp1
G_8_B_13_1_5_comp1,P_8_B_13_1_5_comp1,R_8_B_13_1_5,TCDB,TCDB.8_B_13_1_5_comp1
G_8_B_13_2_3_comp1,P_8_B_13_2_3_comp1,R_8_B_13_2_3,TCDB,TCDB.8_B_13_2_3_comp1
G_1_A_8_9_14_comp1,P_1_A_8_9_14_comp1,R_1_A_8_9_14,TCDB,TCDB.1_A_8_9_14_comp1
G_3_A_27_1_1_comp1,P_3_A_27_1_1_comp1+3_A_27_1_1_comp2+3_A_27_1_1_comp3+3_A_27_1_1_comp4+3_A_27_1_1_comp5+3_A_27_1_1_comp6+3_A_27_1_1_comp7+3_A_27_1_1_comp8+3_A_27_1_1_comp9+3_A_27_1_1_comp10,R_3_A_27_1_1,TCDB,TCDB.3_A_27_1_1_comp1
G_3_A_27_1_1_comp2,P_3_A_27_1_1_comp1+3_A_27_1_1_comp2+3_A_27_1_1_comp3+3_A_27_1_1_comp4+3_A_27_1_1_comp5+3_A_27_1_1_comp6+3_A_27_1_1_comp7+3_A_27_1_1_comp8+3_A_27_1_1_comp9+3_A_27_1_1_comp10,R_3_A_27_1_1,TCDB,TCDB.3_A_27_1_1_comp2
G_3_A_27_1_1_comp3,P_3_A_27_1_1_comp1+3_A_27_1_1_comp2+3_A_27_1_1_comp3+3_A_27_1_1_comp4+3_A_27_1_1_comp5+3_A_27_1_1_comp6+3_A_27_1_1_comp7+3_A_27_1_1_comp8+3_A_27_1_1_comp9+3_A_27_1_1_comp10,R_3_A_27_1_1,TCDB,TCDB.3_A_27_1_1_comp3
G_3_A_27_1_1_comp4,P_3_A_27_1_1_comp1+3_A_27_1_1_comp2+3_A_27_1_1_comp3+3_A_27_1_1_comp4+3_A_27_1_1_comp5+3_A_27_1_1_comp6+3_A_27_1_1_comp7+3_A_27_1_1_comp8+3_A_27_1_1_comp9+3_A_27_1_1_comp10,R_3_A_27_1_1,TCDB,TCDB.3_A_27_1_1_comp4
G_3_A_27_1_1_comp5,P_3_A_27_1_1_comp1+3_A_27_1_1_comp2+3_A_27_1_1_comp3+3_A_27_1_1_comp4+3_A_27_1_1_comp5+3_A_27_1_1_comp6+3_A_27_1_1_comp7+3_A_27_1_1_comp8+3_A_27_1_1_comp9+3_A_27_1_1_comp10,R_3_A_27_1_1,TCDB,TCDB.3_A_27_1_1_comp5
G_3_A_27_1_1_comp6,P_3_A_27_1_1_comp1+3_A_27_1_1_comp2+3_A_27_1_1_comp3+3_A_27_1_1_comp4+3_A_27_1_1_comp5+3_A_27_1_1_comp6+3_A_27_1_1_comp7+3_A_27_1_1_comp8+3_A_27_1_1_comp9+3_A_27_1_1_comp10,R_3_A_27_1_1,TCDB,TCDB.3_A_27_1_1_comp6
G_3_A_27_1_1_comp7,P_3_A_27_1_1_comp1+3_A_27_1_1_comp2+3_A_27_1_1_comp3+3_A_27_1_1_comp4+3_A_27_1_1_comp5+3_A_27_1_1_comp6+3_A_27_1_1_comp7+3_A_27_1_1_comp8+3_A_27_1_1_comp9+3_A_27_1_1_comp10,R_3_A_27_1_1,TCDB,TCDB.3_A_27_1_1_comp7
G_3_A_27_1_1_comp8,P_3_A_27_1_1_comp1+3_A_27_1_1_comp2+3_A_27_1_1_comp3+3_A_27_1_1_comp4+3_A_27_1_1_comp5+3_A_27_1_1_comp6+3_A_27_1_1_comp7+3_A_27_1_1_comp8+3_A_27_1_1_comp9+3_A_27_1_1_comp10,R_3_A_27_1_1,TCDB,TCDB.3_A_27_1_1_comp8
G_3_A_27_1_1_comp9,P_3_A_27_1_1_comp1+3_A_27_1_1_comp2+3_A_27_1_1_comp3+3_A_27_1_1_comp4+3_A_27_1_1_comp5+3_A_27_1_1_comp6+3_A_27_1_1_comp7+3_A_27_1_1_comp8+3_A_27_1_1_comp9+3_A_27_1_1_comp10,R_3_A_27_1_1,TCDB,TCDB.3_A_27_1_1_comp9
G_3_A_27_1_1_comp10,P_3_A_27_1_1_comp1+3_A_27_1_1_comp2+3_A_27_1_1_comp3+3_A_27_1_1_comp4+3_A_27_1_1_comp5+3_A_27_1_1_comp6+3_A_27_1_1_comp7+3_A_27_1_1_comp8+3_A_27_1_1_comp9+3_A_27_1_1_comp10,R_3_A_27_1_1,TCDB,TCDB.3_A_27_1_1_comp10
G_8_A_54_1_3_comp1,P_8_A_54_1_3_comp1,R_8_A_54_1_3,TCDB,TCDB.8_A_54_1_3_comp1
G_8_A_217_1_1_comp1,P_8_A_217_1_1_comp1+8_A_217_1_1_comp2+8_A_217_1_1_comp3+8_A_217_1_1_comp4+8_A_217_1_1_comp5,R_8_A_217_1_1,TCDB,TCDB.8_A_217_1_1_comp1
G_8_A_217_1_1_comp2,P_8_A_217_1_1_comp1+8_A_217_1_1_comp2+8_A_217_1_1_comp3+8_A_217_1_1_comp4+8_A_217_1_1_comp5,R_8_A_217_1_1,TCDB,TCDB.8_A_217_1_1_comp2
G_8_A_217_1_1_comp3,P_8_A_217_1_1_comp1+8_A_217_1_1_comp2+8_A_217_1_1_comp3+8_A_217_1_1_comp4+8_A_217_1_1_comp5,R_8_A_217_1_1,TCDB,TCDB.8_A_217_1_1_comp3
G_8_A_217_1_1_comp4,P_8_A_217_1_1_comp1+8_A_217_1_1_comp2+8_A_217_1_1_comp3+8_A_217_1_1_comp4+8_A_217_1_1_comp5,R_8_A_217_1_1,TCDB,TCDB.8_A_217_1_1_comp4
G_8_A_217_1_1_comp5,P_8_A_217_1_1_comp1+8_A_217_1_1_comp2+8_A_217_1_1_comp3+8_A_217_1_1_comp4+8_A_217_1_1_comp5,R_8_A_217_1_1,TCDB,TCDB.8_A_217_1_1_comp5
G_9_B_411_1_1_comp1,P_9_B_411_1_1_comp1,R_9_B_411_1_1,TCDB,TCDB.9_B_411_1_1_comp1
G_2_A_53_2_17_comp1,P_2_A_53_2_17_comp1,R_2_A_53_2_17,TCDB,TCDB.2_A_53_2_17_comp1
G_3_A_3_8_11_comp1,P_3_A_3_8_11_comp1,R_3_A_3_8_11,TCDB,TCDB.3_A_3_8_11_comp1
G_8_A_69_1_1_comp1,P_8_A_69_1_1_comp1,R_8_A_69_1_1,TCDB,TCDB.8_A_69_1_1_comp1
G_1_A_1_15_3_comp1,P_1_A_1_15_3_comp1,R_1_A_1_15_3,TCDB,TCDB.1_A_1_15_3_comp1
G_1_A_1_15_2_comp1,P_1_A_1_15_2_comp1,R_1_A_1_15_2,TCDB,TCDB.1_A_1_15_2_comp1
G_1_C_81_2_2_comp1,P_1_C_81_2_2_comp1,R_1_C_81_2_2,TCDB,TCDB.1_C_81_2_2_comp1
G_9_B_278_1_1_comp1,P_9_B_278_1_1_comp1+9_B_278_1_1_comp2+9_B_278_1_1_comp3+9_B_278_1_1_comp4,R_9_B_278_1_1,TCDB,TCDB.9_B_278_1_1_comp1
G_9_B_278_1_1_comp2,P_9_B_278_1_1_comp1+9_B_278_1_1_comp2+9_B_278_1_1_comp3+9_B_278_1_1_comp4,R_9_B_278_1_1,TCDB,TCDB.9_B_278_1_1_comp2
G_9_B_278_1_1_comp3,P_9_B_278_1_1_comp1+9_B_278_1_1_comp2+9_B_278_1_1_comp3+9_B_278_1_1_comp4,R_9_B_278_1_1,TCDB,TCDB.9_B_278_1_1_comp3
G_9_B_278_1_1_comp4,P_9_B_278_1_1_comp1+9_B_278_1_1_comp2+9_B_278_1_1_comp3+9_B_278_1_1_comp4,R_9_B_278_1_1,TCDB,TCDB.9_B_278_1_1_comp4
G_1_F_1_1_5_comp1,P_1_F_1_1_5_comp1+1_F_1_1_5_comp2+1_F_1_1_5_comp3+1_F_1_1_5_comp4,R_1_F_1_1_5,TCDB,TCDB.1_F_1_1_5_comp1
G_1_F_1_1_5_comp2,P_1_F_1_1_5_comp1+1_F_1_1_5_comp2+1_F_1_1_5_comp3+1_F_1_1_5_comp4,R_1_F_1_1_5,TCDB,TCDB.1_F_1_1_5_comp2
G_1_F_1_1_5_comp3,P_1_F_1_1_5_comp1+1_F_1_1_5_comp2+1_F_1_1_5_comp3+1_F_1_1_5_comp4,R_1_F_1_1_5,TCDB,TCDB.1_F_1_1_5_comp3
G_1_F_1_1_5_comp4,P_1_F_1_1_5_comp1+1_F_1_1_5_comp2+1_F_1_1_5_comp3+1_F_1_1_5_comp4,R_1_F_1_1_5,TCDB,TCDB.1_F_1_1_5_comp4
G_2_A_29_8_3_comp1,P_2_A_29_8_3_comp1,R_2_A_29_8_3,TCDB,TCDB.2_A_29_8_3_comp1
G_2_A_29_20_1_comp1,P_2_A_29_20_1_comp1,R_2_A_29_20_1,TCDB,TCDB.2_A_29_20_1_comp1
G_2_A_1_4_5_comp1,P_2_A_1_4_5_comp1,R_2_A_1_4_5,TCDB,TCDB.2_A_1_4_5_comp1
G_8_A_151_1_1_comp1,P_8_A_151_1_1_comp1,R_8_A_151_1_1,TCDB,TCDB.8_A_151_1_1_comp1
G_2_A_41_2_4_comp1,P_2_A_41_2_4_comp1,R_2_A_41_2_4,TCDB,TCDB.2_A_41_2_4_comp1
G_1_C_111_1_14_comp1,P_1_C_111_1_14_comp1,R_1_C_111_1_14,TCDB,TCDB.1_C_111_1_14_comp1
G_8_A_128_1_1_comp1,P_8_A_128_1_1_comp1,R_8_A_128_1_1,TCDB,TCDB.8_A_128_1_1_comp1
G_1_A_26_2_4_comp1,P_1_A_26_2_4_comp1,R_1_A_26_2_4,TCDB,TCDB.1_A_26_2_4_comp1
G_1_C_15_1_1_comp1,P_1_C_15_1_1_comp1,R_1_C_15_1_1,TCDB,TCDB.1_C_15_1_1_comp1
G_3_A_1_209_3_comp1,P_3_A_1_209_3_comp1+3_A_1_209_3_comp2,R_3_A_1_209_3,TCDB,TCDB.3_A_1_209_3_comp1
G_3_A_1_209_3_comp2,P_3_A_1_209_3_comp1+3_A_1_209_3_comp2,R_3_A_1_209_3,TCDB,TCDB.3_A_1_209_3_comp2
G_2_A_123_1_10_comp1,P_2_A_123_1_10_comp1,R_2_A_123_1_10,TCDB,TCDB.2_A_123_1_10_comp1
G_2_A_48_1_7_comp1,P_2_A_48_1_7_comp1,R_2_A_48_1_7,TCDB,TCDB.2_A_48_1_7_comp1
G_3_A_3_2_15_comp1,P_3_A_3_2_15_comp1,R_3_A_3_2_15,TCDB,TCDB.3_A_3_2_15_comp1
G_9_B_97_2_1_comp1,P_9_B_97_2_1_comp1,R_9_B_97_2_1,TCDB,TCDB.9_B_97_2_1_comp1
G_2_A_22_1_8_comp1,P_2_A_22_1_8_comp1,R_2_A_22_1_8,TCDB,TCDB.2_A_22_1_8_comp1
G_2_A_4_3_12_comp1,P_2_A_4_3_12_comp1,R_2_A_4_3_12,TCDB,TCDB.2_A_4_3_12_comp1
G_1_A_6_4_1_comp1,P_1_A_6_4_1_comp1,R_1_A_6_4_1,TCDB,TCDB.1_A_6_4_1_comp1
G_3_D_1_6_2_comp1,P_3_D_1_6_2_comp1+3_D_1_6_2_comp2+3_D_1_6_2_comp3+3_D_1_6_2_comp4+3_D_1_6_2_comp5+3_D_1_6_2_comp6+3_D_1_6_2_comp7+3_D_1_6_2_comp8+3_D_1_6_2_comp9+3_D_1_6_2_comp10+3_D_1_6_2_comp11+3_D_1_6_2_comp12+3_D_1_6_2_comp13+3_D_1_6_2_comp14+3_D_1_6_2_comp15+3_D_1_6_2_comp16+3_D_1_6_2_comp17+3_D_1_6_2_comp18+3_D_1_6_2_comp19+3_D_1_6_2_comp20+3_D_1_6_2_comp21+3_D_1_6_2_comp22+3_D_1_6_2_comp23+3_D_1_6_2_comp24+3_D_1_6_2_comp25+3_D_1_6_2_comp26+3_D_1_6_2_comp27+3_D_1_6_2_comp28+3_D_1_6_2_comp29+3_D_1_6_2_comp30+3_D_1_6_2_comp31,R_3_D_1_6_2,TCDB,TCDB.3_D_1_6_2_comp1
G_3_D_1_6_2_comp2,P_3_D_1_6_2_comp1+3_D_1_6_2_comp2+3_D_1_6_2_comp3+3_D_1_6_2_comp4+3_D_1_6_2_comp5+3_D_1_6_2_comp6+3_D_1_6_2_comp7+3_D_1_6_2_comp8+3_D_1_6_2_comp9+3_D_1_6_2_comp10+3_D_1_6_2_comp11+3_D_1_6_2_comp12+3_D_1_6_2_comp13+3_D_1_6_2_comp14+3_D_1_6_2_comp15+3_D_1_6_2_comp16+3_D_1_6_2_comp17+3_D_1_6_2_comp18+3_D_1_6_2_comp19+3_D_1_6_2_comp20+3_D_1_6_2_comp21+3_D_1_6_2_comp22+3_D_1_6_2_comp23+3_D_1_6_2_comp24+3_D_1_6_2_comp25+3_D_1_6_2_comp26+3_D_1_6_2_comp27+3_D_1_6_2_comp28+3_D_1_6_2_comp29+3_D_1_6_2_comp30+3_D_1_6_2_comp31,R_3_D_1_6_2,TCDB,TCDB.3_D_1_6_2_comp2
G_3_D_1_6_2_comp3,P_3_D_1_6_2_comp1+3_D_1_6_2_comp2+3_D_1_6_2_comp3+3_D_1_6_2_comp4+3_D_1_6_2_comp5+3_D_1_6_2_comp6+3_D_1_6_2_comp7+3_D_1_6_2_comp8+3_D_1_6_2_comp9+3_D_1_6_2_comp10+3_D_1_6_2_comp11+3_D_1_6_2_comp12+3_D_1_6_2_comp13+3_D_1_6_2_comp14+3_D_1_6_2_comp15+3_D_1_6_2_comp16+3_D_1_6_2_comp17+3_D_1_6_2_comp18+3_D_1_6_2_comp19+3_D_1_6_2_comp20+3_D_1_6_2_comp21+3_D_1_6_2_comp22+3_D_1_6_2_comp23+3_D_1_6_2_comp24+3_D_1_6_2_comp25+3_D_1_6_2_comp26+3_D_1_6_2_comp27+3_D_1_6_2_comp28+3_D_1_6_2_comp29+3_D_1_6_2_comp30+3_D_1_6_2_comp31,R_3_D_1_6_2,TCDB,TCDB.3_D_1_6_2_comp3
G_3_D_1_6_2_comp4,P_3_D_1_6_2_comp1+3_D_1_6_2_comp2+3_D_1_6_2_comp3+3_D_1_6_2_comp4+3_D_1_6_2_comp5+3_D_1_6_2_comp6+3_D_1_6_2_comp7+3_D_1_6_2_comp8+3_D_1_6_2_comp9+3_D_1_6_2_comp10+3_D_1_6_2_comp11+3_D_1_6_2_comp12+3_D_1_6_2_comp13+3_D_1_6_2_comp14+3_D_1_6_2_comp15+3_D_1_6_2_comp16+3_D_1_6_2_comp17+3_D_1_6_2_comp18+3_D_1_6_2_comp19+3_D_1_6_2_comp20+3_D_1_6_2_comp21+3_D_1_6_2_comp22+3_D_1_6_2_comp23+3_D_1_6_2_comp24+3_D_1_6_2_comp25+3_D_1_6_2_comp26+3_D_1_6_2_comp27+3_D_1_6_2_comp28+3_D_1_6_2_comp29+3_D_1_6_2_comp30+3_D_1_6_2_comp31,R_3_D_1_6_2,TCDB,TCDB.3_D_1_6_2_comp4
G_3_D_1_6_2_comp5,P_3_D_1_6_2_comp1+3_D_1_6_2_comp2+3_D_1_6_2_comp3+3_D_1_6_2_comp4+3_D_1_6_2_comp5+3_D_1_6_2_comp6+3_D_1_6_2_comp7+3_D_1_6_2_comp8+3_D_1_6_2_comp9+3_D_1_6_2_comp10+3_D_1_6_2_comp11+3_D_1_6_2_comp12+3_D_1_6_2_comp13+3_D_1_6_2_comp14+3_D_1_6_2_comp15+3_D_1_6_2_comp16+3_D_1_6_2_comp17+3_D_1_6_2_comp18+3_D_1_6_2_comp19+3_D_1_6_2_comp20+3_D_1_6_2_comp21+3_D_1_6_2_comp22+3_D_1_6_2_comp23+3_D_1_6_2_comp24+3_D_1_6_2_comp25+3_D_1_6_2_comp26+3_D_1_6_2_comp27+3_D_1_6_2_comp28+3_D_1_6_2_comp29+3_D_1_6_2_comp30+3_D_1_6_2_comp31,R_3_D_1_6_2,TCDB,TCDB.3_D_1_6_2_comp5
G_3_D_1_6_2_comp6,P_3_D_1_6_2_comp1+3_D_1_6_2_comp2+3_D_1_6_2_comp3+3_D_1_6_2_comp4+3_D_1_6_2_comp5+3_D_1_6_2_comp6+3_D_1_6_2_comp7+3_D_1_6_2_comp8+3_D_1_6_2_comp9+3_D_1_6_2_comp10+3_D_1_6_2_comp11+3_D_1_6_2_comp12+3_D_1_6_2_comp13+3_D_1_6_2_comp14+3_D_1_6_2_comp15+3_D_1_6_2_comp16+3_D_1_6_2_comp17+3_D_1_6_2_comp18+3_D_1_6_2_comp19+3_D_1_6_2_comp20+3_D_1_6_2_comp21+3_D_1_6_2_comp22+3_D_1_6_2_comp23+3_D_1_6_2_comp24+3_D_1_6_2_comp25+3_D_1_6_2_comp26+3_D_1_6_2_comp27+3_D_1_6_2_comp28+3_D_1_6_2_comp29+3_D_1_6_2_comp30+3_D_1_6_2_comp31,R_3_D_1_6_2,TCDB,TCDB.3_D_1_6_2_comp6
G_3_D_1_6_2_comp7,P_3_D_1_6_2_comp1+3_D_1_6_2_comp2+3_D_1_6_2_comp3+3_D_1_6_2_comp4+3_D_1_6_2_comp5+3_D_1_6_2_comp6+3_D_1_6_2_comp7+3_D_1_6_2_comp8+3_D_1_6_2_comp9+3_D_1_6_2_comp10+3_D_1_6_2_comp11+3_D_1_6_2_comp12+3_D_1_6_2_comp13+3_D_1_6_2_comp14+3_D_1_6_2_comp15+3_D_1_6_2_comp16+3_D_1_6_2_comp17+3_D_1_6_2_comp18+3_D_1_6_2_comp19+3_D_1_6_2_comp20+3_D_1_6_2_comp21+3_D_1_6_2_comp22+3_D_1_6_2_comp23+3_D_1_6_2_comp24+3_D_1_6_2_comp25+3_D_1_6_2_comp26+3_D_1_6_2_comp27+3_D_1_6_2_comp28+3_D_1_6_2_comp29+3_D_1_6_2_comp30+3_D_1_6_2_comp31,R_3_D_1_6_2,TCDB,TCDB.3_D_1_6_2_comp7
G_3_D_1_6_2_comp8,P_3_D_1_6_2_comp1+3_D_1_6_2_comp2+3_D_1_6_2_comp3+3_D_1_6_2_comp4+3_D_1_6_2_comp5+3_D_1_6_2_comp6+3_D_1_6_2_comp7+3_D_1_6_2_comp8+3_D_1_6_2_comp9+3_D_1_6_2_comp10+3_D_1_6_2_comp11+3_D_1_6_2_comp12+3_D_1_6_2_comp13+3_D_1_6_2_comp14+3_D_1_6_2_comp15+3_D_1_6_2_comp16+3_D_1_6_2_comp17+3_D_1_6_2_comp18+3_D_1_6_2_comp19+3_D_1_6_2_comp20+3_D_1_6_2_comp21+3_D_1_6_2_comp22+3_D_1_6_2_comp23+3_D_1_6_2_comp24+3_D_1_6_2_comp25+3_D_1_6_2_comp26+3_D_1_6_2_comp27+3_D_1_6_2_comp28+3_D_1_6_2_comp29+3_D_1_6_2_comp30+3_D_1_6_2_comp31,R_3_D_1_6_2,TCDB,TCDB.3_D_1_6_2_comp8
G_3_D_1_6_2_comp9,P_3_D_1_6_2_comp1+3_D_1_6_2_comp2+3_D_1_6_2_comp3+3_D_1_6_2_comp4+3_D_1_6_2_comp5+3_D_1_6_2_comp6+3_D_1_6_2_comp7+3_D_1_6_2_comp8+3_D_1_6_2_comp9+3_D_1_6_2_comp10+3_D_1_6_2_comp11+3_D_1_6_2_comp12+3_D_1_6_2_comp13+3_D_1_6_2_comp14+3_D_1_6_2_comp15+3_D_1_6_2_comp16+3_D_1_6_2_comp17+3_D_1_6_2_comp18+3_D_1_6_2_comp19+3_D_1_6_2_comp20+3_D_1_6_2_comp21+3_D_1_6_2_comp22+3_D_1_6_2_comp23+3_D_1_6_2_comp24+3_D_1_6_2_comp25+3_D_1_6_2_comp26+3_D_1_6_2_comp27+3_D_1_6_2_comp28+3_D_1_6_2_comp29+3_D_1_6_2_comp30+3_D_1_6_2_comp31,R_3_D_1_6_2,TCDB,TCDB.3_D_1_6_2_comp9
G_3_D_1_6_2_comp10,P_3_D_1_6_2_comp1+3_D_1_6_2_comp2+3_D_1_6_2_comp3+3_D_1_6_2_comp4+3_D_1_6_2_comp5+3_D_1_6_2_comp6+3_D_1_6_2_comp7+3_D_1_6_2_comp8+3_D_1_6_2_comp9+3_D_1_6_2_comp10+3_D_1_6_2_comp11+3_D_1_6_2_comp12+3_D_1_6_2_comp13+3_D_1_6_2_comp14+3_D_1_6_2_comp15+3_D_1_6_2_comp16+3_D_1_6_2_comp17+3_D_1_6_2_comp18+3_D_1_6_2_comp19+3_D_1_6_2_comp20+3_D_1_6_2_comp21+3_D_1_6_2_comp22+3_D_1_6_2_comp23+3_D_1_6_2_comp24+3_D_1_6_2_comp25+3_D_1_6_2_comp26+3_D_1_6_2_comp27+3_D_1_6_2_comp28+3_D_1_6_2_comp29+3_D_1_6_2_comp30+3_D_1_6_2_comp31,R_3_D_1_6_2,TCDB,TCDB.3_D_1_6_2_comp10
G_3_D_1_6_2_comp11,P_3_D_1_6_2_comp1+3_D_1_6_2_comp2+3_D_1_6_2_comp3+3_D_1_6_2_comp4+3_D_1_6_2_comp5+3_D_1_6_2_comp6+3_D_1_6_2_comp7+3_D_1_6_2_comp8+3_D_1_6_2_comp9+3_D_1_6_2_comp10+3_D_1_6_2_comp11+3_D_1_6_2_comp12+3_D_1_6_2_comp13+3_D_1_6_2_comp14+3_D_1_6_2_comp15+3_D_1_6_2_comp16+3_D_1_6_2_comp17+3_D_1_6_2_comp18+3_D_1_6_2_comp19+3_D_1_6_2_comp20+3_D_1_6_2_comp21+3_D_1_6_2_comp22+3_D_1_6_2_comp23+3_D_1_6_2_comp24+3_D_1_6_2_comp25+3_D_1_6_2_comp26+3_D_1_6_2_comp27+3_D_1_6_2_comp28+3_D_1_6_2_comp29+3_D_1_6_2_comp30+3_D_1_6_2_comp31,R_3_D_1_6_2,TCDB,TCDB.3_D_1_6_2_comp11
G_3_D_1_6_2_comp12,P_3_D_1_6_2_comp1+3_D_1_6_2_comp2+3_D_1_6_2_comp3+3_D_1_6_2_comp4+3_D_1_6_2_comp5+3_D_1_6_2_comp6+3_D_1_6_2_comp7+3_D_1_6_2_comp8+3_D_1_6_2_comp9+3_D_1_6_2_comp10+3_D_1_6_2_comp11+3_D_1_6_2_comp12+3_D_1_6_2_comp13+3_D_1_6_2_comp14+3_D_1_6_2_comp15+3_D_1_6_2_comp16+3_D_1_6_2_comp17+3_D_1_6_2_comp18+3_D_1_6_2_comp19+3_D_1_6_2_comp20+3_D_1_6_2_comp21+3_D_1_6_2_comp22+3_D_1_6_2_comp23+3_D_1_6_2_comp24+3_D_1_6_2_comp25+3_D_1_6_2_comp26+3_D_1_6_2_comp27+3_D_1_6_2_comp28+3_D_1_6_2_comp29+3_D_1_6_2_comp30+3_D_1_6_2_comp31,R_3_D_1_6_2,TCDB,TCDB.3_D_1_6_2_comp12
G_3_D_1_6_2_comp13,P_3_D_1_6_2_comp1+3_D_1_6_2_comp2+3_D_1_6_2_comp3+3_D_1_6_2_comp4+3_D_1_6_2_comp5+3_D_1_6_2_comp6+3_D_1_6_2_comp7+3_D_1_6_2_comp8+3_D_1_6_2_comp9+3_D_1_6_2_comp10+3_D_1_6_2_comp11+3_D_1_6_2_comp12+3_D_1_6_2_comp13+3_D_1_6_2_comp14+3_D_1_6_2_comp15+3_D_1_6_2_comp16+3_D_1_6_2_comp17+3_D_1_6_2_comp18+3_D_1_6_2_comp19+3_D_1_6_2_comp20+3_D_1_6_2_comp21+3_D_1_6_2_comp22+3_D_1_6_2_comp23+3_D_1_6_2_comp24+3_D_1_6_2_comp25+3_D_1_6_2_comp26+3_D_1_6_2_comp27+3_D_1_6_2_comp28+3_D_1_6_2_comp29+3_D_1_6_2_comp30+3_D_1_6_2_comp31,R_3_D_1_6_2,TCDB,TCDB.3_D_1_6_2_comp13
G_3_D_1_6_2_comp14,P_3_D_1_6_2_comp1+3_D_1_6_2_comp2+3_D_1_6_2_comp3+3_D_1_6_2_comp4+3_D_1_6_2_comp5+3_D_1_6_2_comp6+3_D_1_6_2_comp7+3_D_1_6_2_comp8+3_D_1_6_2_comp9+3_D_1_6_2_comp10+3_D_1_6_2_comp11+3_D_1_6_2_comp12+3_D_1_6_2_comp13+3_D_1_6_2_comp14+3_D_1_6_2_comp15+3_D_1_6_2_comp16+3_D_1_6_2_comp17+3_D_1_6_2_comp18+3_D_1_6_2_comp19+3_D_1_6_2_comp20+3_D_1_6_2_comp21+3_D_1_6_2_comp22+3_D_1_6_2_comp23+3_D_1_6_2_comp24+3_D_1_6_2_comp25+3_D_1_6_2_comp26+3_D_1_6_2_comp27+3_D_1_6_2_comp28+3_D_1_6_2_comp29+3_D_1_6_2_comp30+3_D_1_6_2_comp31,R_3_D_1_6_2,TCDB,TCDB.3_D_1_6_2_comp14
G_3_D_1_6_2_comp15,P_3_D_1_6_2_comp1+3_D_1_6_2_comp2+3_D_1_6_2_comp3+3_D_1_6_2_comp4+3_D_1_6_2_comp5+3_D_1_6_2_comp6+3_D_1_6_2_comp7+3_D_1_6_2_comp8+3_D_1_6_2_comp9+3_D_1_6_2_comp10+3_D_1_6_2_comp11+3_D_1_6_2_comp12+3_D_1_6_2_comp13+3_D_1_6_2_comp14+3_D_1_6_2_comp15+3_D_1_6_2_comp16+3_D_1_6_2_comp17+3_D_1_6_2_comp18+3_D_1_6_2_comp19+3_D_1_6_2_comp20+3_D_1_6_2_comp21+3_D_1_6_2_comp22+3_D_1_6_2_comp23+3_D_1_6_2_comp24+3_D_1_6_2_comp25+3_D_1_6_2_comp26+3_D_1_6_2_comp27+3_D_1_6_2_comp28+3_D_1_6_2_comp29+3_D_1_6_2_comp30+3_D_1_6_2_comp31,R_3_D_1_6_2,TCDB,TCDB.3_D_1_6_2_comp15
G_3_D_1_6_2_comp16,P_3_D_1_6_2_comp1+3_D_1_6_2_comp2+3_D_1_6_2_comp3+3_D_1_6_2_comp4+3_D_1_6_2_comp5+3_D_1_6_2_comp6+3_D_1_6_2_comp7+3_D_1_6_2_comp8+3_D_1_6_2_comp9+3_D_1_6_2_comp10+3_D_1_6_2_comp11+3_D_1_6_2_comp12+3_D_1_6_2_comp13+3_D_1_6_2_comp14+3_D_1_6_2_comp15+3_D_1_6_2_comp16+3_D_1_6_2_comp17+3_D_1_6_2_comp18+3_D_1_6_2_comp19+3_D_1_6_2_comp20+3_D_1_6_2_comp21+3_D_1_6_2_comp22+3_D_1_6_2_comp23+3_D_1_6_2_comp24+3_D_1_6_2_comp25+3_D_1_6_2_comp26+3_D_1_6_2_comp27+3_D_1_6_2_comp28+3_D_1_6_2_comp29+3_D_1_6_2_comp30+3_D_1_6_2_comp31,R_3_D_1_6_2,TCDB,TCDB.3_D_1_6_2_comp16
G_3_D_1_6_2_comp17,P_3_D_1_6_2_comp1+3_D_1_6_2_comp2+3_D_1_6_2_comp3+3_D_1_6_2_comp4+3_D_1_6_2_comp5+3_D_1_6_2_comp6+3_D_1_6_2_comp7+3_D_1_6_2_comp8+3_D_1_6_2_comp9+3_D_1_6_2_comp10+3_D_1_6_2_comp11+3_D_1_6_2_comp12+3_D_1_6_2_comp13+3_D_1_6_2_comp14+3_D_1_6_2_comp15+3_D_1_6_2_comp16+3_D_1_6_2_comp17+3_D_1_6_2_comp18+3_D_1_6_2_comp19+3_D_1_6_2_comp20+3_D_1_6_2_comp21+3_D_1_6_2_comp22+3_D_1_6_2_comp23+3_D_1_6_2_comp24+3_D_1_6_2_comp25+3_D_1_6_2_comp26+3_D_1_6_2_comp27+3_D_1_6_2_comp28+3_D_1_6_2_comp29+3_D_1_6_2_comp30+3_D_1_6_2_comp31,R_3_D_1_6_2,TCDB,TCDB.3_D_1_6_2_comp17
G_3_D_1_6_2_comp18,P_3_D_1_6_2_comp1+3_D_1_6_2_comp2+3_D_1_6_2_comp3+3_D_1_6_2_comp4+3_D_1_6_2_comp5+3_D_1_6_2_comp6+3_D_1_6_2_comp7+3_D_1_6_2_comp8+3_D_1_6_2_comp9+3_D_1_6_2_comp10+3_D_1_6_2_comp11+3_D_1_6_2_comp12+3_D_1_6_2_comp13+3_D_1_6_2_comp14+3_D_1_6_2_comp15+3_D_1_6_2_comp16+3_D_1_6_2_comp17+3_D_1_6_2_comp18+3_D_1_6_2_comp19+3_D_1_6_2_comp20+3_D_1_6_2_comp21+3_D_1_6_2_comp22+3_D_1_6_2_comp23+3_D_1_6_2_comp24+3_D_1_6_2_comp25+3_D_1_6_2_comp26+3_D_1_6_2_comp27+3_D_1_6_2_comp28+3_D_1_6_2_comp29+3_D_1_6_2_comp30+3_D_1_6_2_comp31,R_3_D_1_6_2,TCDB,TCDB.3_D_1_6_2_comp18
G_3_D_1_6_2_comp19,P_3_D_1_6_2_comp1+3_D_1_6_2_comp2+3_D_1_6_2_comp3+3_D_1_6_2_comp4+3_D_1_6_2_comp5+3_D_1_6_2_comp6+3_D_1_6_2_comp7+3_D_1_6_2_comp8+3_D_1_6_2_comp9+3_D_1_6_2_comp10+3_D_1_6_2_comp11+3_D_1_6_2_comp12+3_D_1_6_2_comp13+3_D_1_6_2_comp14+3_D_1_6_2_comp15+3_D_1_6_2_comp16+3_D_1_6_2_comp17+3_D_1_6_2_comp18+3_D_1_6_2_comp19+3_D_1_6_2_comp20+3_D_1_6_2_comp21+3_D_1_6_2_comp22+3_D_1_6_2_comp23+3_D_1_6_2_comp24+3_D_1_6_2_comp25+3_D_1_6_2_comp26+3_D_1_6_2_comp27+3_D_1_6_2_comp28+3_D_1_6_2_comp29+3_D_1_6_2_comp30+3_D_1_6_2_comp31,R_3_D_1_6_2,TCDB,TCDB.3_D_1_6_2_comp19
G_3_D_1_6_2_comp20,P_3_D_1_6_2_comp1+3_D_1_6_2_comp2+3_D_1_6_2_comp3+3_D_1_6_2_comp4+3_D_1_6_2_comp5+3_D_1_6_2_comp6+3_D_1_6_2_comp7+3_D_1_6_2_comp8+3_D_1_6_2_comp9+3_D_1_6_2_comp10+3_D_1_6_2_comp11+3_D_1_6_2_comp12+3_D_1_6_2_comp13+3_D_1_6_2_comp14+3_D_1_6_2_comp15+3_D_1_6_2_comp16+3_D_1_6_2_comp17+3_D_1_6_2_comp18+3_D_1_6_2_comp19+3_D_1_6_2_comp20+3_D_1_6_2_comp21+3_D_1_6_2_comp22+3_D_1_6_2_comp23+3_D_1_6_2_comp24+3_D_1_6_2_comp25+3_D_1_6_2_comp26+3_D_1_6_2_comp27+3_D_1_6_2_comp28+3_D_1_6_2_comp29+3_D_1_6_2_comp30+3_D_1_6_2_comp31,R_3_D_1_6_2,TCDB,TCDB.3_D_1_6_2_comp20
G_3_D_1_6_2_comp21,P_3_D_1_6_2_comp1+3_D_1_6_2_comp2+3_D_1_6_2_comp3+3_D_1_6_2_comp4+3_D_1_6_2_comp5+3_D_1_6_2_comp6+3_D_1_6_2_comp7+3_D_1_6_2_comp8+3_D_1_6_2_comp9+3_D_1_6_2_comp10+3_D_1_6_2_comp11+3_D_1_6_2_comp12+3_D_1_6_2_comp13+3_D_1_6_2_comp14+3_D_1_6_2_comp15+3_D_1_6_2_comp16+3_D_1_6_2_comp17+3_D_1_6_2_comp18+3_D_1_6_2_comp19+3_D_1_6_2_comp20+3_D_1_6_2_comp21+3_D_1_6_2_comp22+3_D_1_6_2_comp23+3_D_1_6_2_comp24+3_D_1_6_2_comp25+3_D_1_6_2_comp26+3_D_1_6_2_comp27+3_D_1_6_2_comp28+3_D_1_6_2_comp29+3_D_1_6_2_comp30+3_D_1_6_2_comp31,R_3_D_1_6_2,TCDB,TCDB.3_D_1_6_2_comp21
G_3_D_1_6_2_comp22,P_3_D_1_6_2_comp1+3_D_1_6_2_comp2+3_D_1_6_2_comp3+3_D_1_6_2_comp4+3_D_1_6_2_comp5+3_D_1_6_2_comp6+3_D_1_6_2_comp7+3_D_1_6_2_comp8+3_D_1_6_2_comp9+3_D_1_6_2_comp10+3_D_1_6_2_comp11+3_D_1_6_2_comp12+3_D_1_6_2_comp13+3_D_1_6_2_comp14+3_D_1_6_2_comp15+3_D_1_6_2_comp16+3_D_1_6_2_comp17+3_D_1_6_2_comp18+3_D_1_6_2_comp19+3_D_1_6_2_comp20+3_D_1_6_2_comp21+3_D_1_6_2_comp22+3_D_1_6_2_comp23+3_D_1_6_2_comp24+3_D_1_6_2_comp25+3_D_1_6_2_comp26+3_D_1_6_2_comp27+3_D_1_6_2_comp28+3_D_1_6_2_comp29+3_D_1_6_2_comp30+3_D_1_6_2_comp31,R_3_D_1_6_2,TCDB,TCDB.3_D_1_6_2_comp22
G_3_D_1_6_2_comp23,P_3_D_1_6_2_comp1+3_D_1_6_2_comp2+3_D_1_6_2_comp3+3_D_1_6_2_comp4+3_D_1_6_2_comp5+3_D_1_6_2_comp6+3_D_1_6_2_comp7+3_D_1_6_2_comp8+3_D_1_6_2_comp9+3_D_1_6_2_comp10+3_D_1_6_2_comp11+3_D_1_6_2_comp12+3_D_1_6_2_comp13+3_D_1_6_2_comp14+3_D_1_6_2_comp15+3_D_1_6_2_comp16+3_D_1_6_2_comp17+3_D_1_6_2_comp18+3_D_1_6_2_comp19+3_D_1_6_2_comp20+3_D_1_6_2_comp21+3_D_1_6_2_comp22+3_D_1_6_2_comp23+3_D_1_6_2_comp24+3_D_1_6_2_comp25+3_D_1_6_2_comp26+3_D_1_6_2_comp27+3_D_1_6_2_comp28+3_D_1_6_2_comp29+3_D_1_6_2_comp30+3_D_1_6_2_comp31,R_3_D_1_6_2,TCDB,TCDB.3_D_1_6_2_comp23
G_3_D_1_6_2_comp24,P_3_D_1_6_2_comp1+3_D_1_6_2_comp2+3_D_1_6_2_comp3+3_D_1_6_2_comp4+3_D_1_6_2_comp5+3_D_1_6_2_comp6+3_D_1_6_2_comp7+3_D_1_6_2_comp8+3_D_1_6_2_comp9+3_D_1_6_2_comp10+3_D_1_6_2_comp11+3_D_1_6_2_comp12+3_D_1_6_2_comp13+3_D_1_6_2_comp14+3_D_1_6_2_comp15+3_D_1_6_2_comp16+3_D_1_6_2_comp17+3_D_1_6_2_comp18+3_D_1_6_2_comp19+3_D_1_6_2_comp20+3_D_1_6_2_comp21+3_D_1_6_2_comp22+3_D_1_6_2_comp23+3_D_1_6_2_comp24+3_D_1_6_2_comp25+3_D_1_6_2_comp26+3_D_1_6_2_comp27+3_D_1_6_2_comp28+3_D_1_6_2_comp29+3_D_1_6_2_comp30+3_D_1_6_2_comp31,R_3_D_1_6_2,TCDB,TCDB.3_D_1_6_2_comp24
G_3_D_1_6_2_comp25,P_3_D_1_6_2_comp1+3_D_1_6_2_comp2+3_D_1_6_2_comp3+3_D_1_6_2_comp4+3_D_1_6_2_comp5+3_D_1_6_2_comp6+3_D_1_6_2_comp7+3_D_1_6_2_comp8+3_D_1_6_2_comp9+3_D_1_6_2_comp10+3_D_1_6_2_comp11+3_D_1_6_2_comp12+3_D_1_6_2_comp13+3_D_1_6_2_comp14+3_D_1_6_2_comp15+3_D_1_6_2_comp16+3_D_1_6_2_comp17+3_D_1_6_2_comp18+3_D_1_6_2_comp19+3_D_1_6_2_comp20+3_D_1_6_2_comp21+3_D_1_6_2_comp22+3_D_1_6_2_comp23+3_D_1_6_2_comp24+3_D_1_6_2_comp25+3_D_1_6_2_comp26+3_D_1_6_2_comp27+3_D_1_6_2_comp28+3_D_1_6_2_comp29+3_D_1_6_2_comp30+3_D_1_6_2_comp31,R_3_D_1_6_2,TCDB,TCDB.3_D_1_6_2_comp25
G_3_D_1_6_2_comp26,P_3_D_1_6_2_comp1+3_D_1_6_2_comp2+3_D_1_6_2_comp3+3_D_1_6_2_comp4+3_D_1_6_2_comp5+3_D_1_6_2_comp6+3_D_1_6_2_comp7+3_D_1_6_2_comp8+3_D_1_6_2_comp9+3_D_1_6_2_comp10+3_D_1_6_2_comp11+3_D_1_6_2_comp12+3_D_1_6_2_comp13+3_D_1_6_2_comp14+3_D_1_6_2_comp15+3_D_1_6_2_comp16+3_D_1_6_2_comp17+3_D_1_6_2_comp18+3_D_1_6_2_comp19+3_D_1_6_2_comp20+3_D_1_6_2_comp21+3_D_1_6_2_comp22+3_D_1_6_2_comp23+3_D_1_6_2_comp24+3_D_1_6_2_comp25+3_D_1_6_2_comp26+3_D_1_6_2_comp27+3_D_1_6_2_comp28+3_D_1_6_2_comp29+3_D_1_6_2_comp30+3_D_1_6_2_comp31,R_3_D_1_6_2,TCDB,TCDB.3_D_1_6_2_comp26
G_3_D_1_6_2_comp27,P_3_D_1_6_2_comp1+3_D_1_6_2_comp2+3_D_1_6_2_comp3+3_D_1_6_2_comp4+3_D_1_6_2_comp5+3_D_1_6_2_comp6+3_D_1_6_2_comp7+3_D_1_6_2_comp8+3_D_1_6_2_comp9+3_D_1_6_2_comp10+3_D_1_6_2_comp11+3_D_1_6_2_comp12+3_D_1_6_2_comp13+3_D_1_6_2_comp14+3_D_1_6_2_comp15+3_D_1_6_2_comp16+3_D_1_6_2_comp17+3_D_1_6_2_comp18+3_D_1_6_2_comp19+3_D_1_6_2_comp20+3_D_1_6_2_comp21+3_D_1_6_2_comp22+3_D_1_6_2_comp23+3_D_1_6_2_comp24+3_D_1_6_2_comp25+3_D_1_6_2_comp26+3_D_1_6_2_comp27+3_D_1_6_2_comp28+3_D_1_6_2_comp29+3_D_1_6_2_comp30+3_D_1_6_2_comp31,R_3_D_1_6_2,TCDB,TCDB.3_D_1_6_2_comp27
G_3_D_1_6_2_comp28,P_3_D_1_6_2_comp1+3_D_1_6_2_comp2+3_D_1_6_2_comp3+3_D_1_6_2_comp4+3_D_1_6_2_comp5+3_D_1_6_2_comp6+3_D_1_6_2_comp7+3_D_1_6_2_comp8+3_D_1_6_2_comp9+3_D_1_6_2_comp10+3_D_1_6_2_comp11+3_D_1_6_2_comp12+3_D_1_6_2_comp13+3_D_1_6_2_comp14+3_D_1_6_2_comp15+3_D_1_6_2_comp16+3_D_1_6_2_comp17+3_D_1_6_2_comp18+3_D_1_6_2_comp19+3_D_1_6_2_comp20+3_D_1_6_2_comp21+3_D_1_6_2_comp22+3_D_1_6_2_comp23+3_D_1_6_2_comp24+3_D_1_6_2_comp25+3_D_1_6_2_comp26+3_D_1_6_2_comp27+3_D_1_6_2_comp28+3_D_1_6_2_comp29+3_D_1_6_2_comp30+3_D_1_6_2_comp31,R_3_D_1_6_2,TCDB,TCDB.3_D_1_6_2_comp28
G_3_D_1_6_2_comp29,P_3_D_1_6_2_comp1+3_D_1_6_2_comp2+3_D_1_6_2_comp3+3_D_1_6_2_comp4+3_D_1_6_2_comp5+3_D_1_6_2_comp6+3_D_1_6_2_comp7+3_D_1_6_2_comp8+3_D_1_6_2_comp9+3_D_1_6_2_comp10+3_D_1_6_2_comp11+3_D_1_6_2_comp12+3_D_1_6_2_comp13+3_D_1_6_2_comp14+3_D_1_6_2_comp15+3_D_1_6_2_comp16+3_D_1_6_2_comp17+3_D_1_6_2_comp18+3_D_1_6_2_comp19+3_D_1_6_2_comp20+3_D_1_6_2_comp21+3_D_1_6_2_comp22+3_D_1_6_2_comp23+3_D_1_6_2_comp24+3_D_1_6_2_comp25+3_D_1_6_2_comp26+3_D_1_6_2_comp27+3_D_1_6_2_comp28+3_D_1_6_2_comp29+3_D_1_6_2_comp30+3_D_1_6_2_comp31,R_3_D_1_6_2,TCDB,TCDB.3_D_1_6_2_comp29
G_3_D_1_6_2_comp30,P_3_D_1_6_2_comp1+3_D_1_6_2_comp2+3_D_1_6_2_comp3+3_D_1_6_2_comp4+3_D_1_6_2_comp5+3_D_1_6_2_comp6+3_D_1_6_2_comp7+3_D_1_6_2_comp8+3_D_1_6_2_comp9+3_D_1_6_2_comp10+3_D_1_6_2_comp11+3_D_1_6_2_comp12+3_D_1_6_2_comp13+3_D_1_6_2_comp14+3_D_1_6_2_comp15+3_D_1_6_2_comp16+3_D_1_6_2_comp17+3_D_1_6_2_comp18+3_D_1_6_2_comp19+3_D_1_6_2_comp20+3_D_1_6_2_comp21+3_D_1_6_2_comp22+3_D_1_6_2_comp23+3_D_1_6_2_comp24+3_D_1_6_2_comp25+3_D_1_6_2_comp26+3_D_1_6_2_comp27+3_D_1_6_2_comp28+3_D_1_6_2_comp29+3_D_1_6_2_comp30+3_D_1_6_2_comp31,R_3_D_1_6_2,TCDB,TCDB.3_D_1_6_2_comp30
G_3_D_1_6_2_comp31,P_3_D_1_6_2_comp1+3_D_1_6_2_comp2+3_D_1_6_2_comp3+3_D_1_6_2_comp4+3_D_1_6_2_comp5+3_D_1_6_2_comp6+3_D_1_6_2_comp7+3_D_1_6_2_comp8+3_D_1_6_2_comp9+3_D_1_6_2_comp10+3_D_1_6_2_comp11+3_D_1_6_2_comp12+3_D_1_6_2_comp13+3_D_1_6_2_comp14+3_D_1_6_2_comp15+3_D_1_6_2_comp16+3_D_1_6_2_comp17+3_D_1_6_2_comp18+3_D_1_6_2_comp19+3_D_1_6_2_comp20+3_D_1_6_2_comp21+3_D_1_6_2_comp22+3_D_1_6_2_comp23+3_D_1_6_2_comp24+3_D_1_6_2_comp25+3_D_1_6_2_comp26+3_D_1_6_2_comp27+3_D_1_6_2_comp28+3_D_1_6_2_comp29+3_D_1_6_2_comp30+3_D_1_6_2_comp31,R_3_D_1_6_2,TCDB,TCDB.3_D_1_6_2_comp31
G_1_E_1_1_3_comp1,P_1_E_1_1_3_comp1,R_1_E_1_1_3,TCDB,TCDB.1_E_1_1_3_comp1
G_1_E_31_1_13_comp1,P_1_E_31_1_13_comp1+1_E_31_1_13_comp2,R_1_E_31_1_13,TCDB,TCDB.1_E_31_1_13_comp1
G_1_E_31_1_13_comp2,P_1_E_31_1_13_comp1+1_E_31_1_13_comp2,R_1_E_31_1_13,TCDB,TCDB.1_E_31_1_13_comp2
G_5_B_1_1_9_comp1,P_5_B_1_1_9_comp1,R_5_B_1_1_9,TCDB,TCDB.5_B_1_1_9_comp1
G_9_B_82_1_3_comp1,P_9_B_82_1_3_comp1,R_9_B_82_1_3,TCDB,TCDB.9_B_82_1_3_comp1
G_2_A_72_3_3_comp1,P_2_A_72_3_3_comp1,R_2_A_72_3_3,TCDB,TCDB.2_A_72_3_3_comp1
G_4_D_3_1_4_comp1,P_4_D_3_1_4_comp1+4_D_3_1_4_comp2+4_D_3_1_4_comp3,R_4_D_3_1_4,TCDB,TCDB.4_D_3_1_4_comp1
G_4_D_3_1_4_comp2,P_4_D_3_1_4_comp1+4_D_3_1_4_comp2+4_D_3_1_4_comp3,R_4_D_3_1_4,TCDB,TCDB.4_D_3_1_4_comp2
G_4_D_3_1_4_comp3,P_4_D_3_1_4_comp1+4_D_3_1_4_comp2+4_D_3_1_4_comp3,R_4_D_3_1_4,TCDB,TCDB.4_D_3_1_4_comp3
G_3_E_2_2_3_comp1,P_3_E_2_2_3_comp1+3_E_2_2_3_comp2+3_E_2_2_3_comp3+3_E_2_2_3_comp4+3_E_2_2_3_comp5+3_E_2_2_3_comp6+3_E_2_2_3_comp7+3_E_2_2_3_comp8+3_E_2_2_3_comp9+3_E_2_2_3_comp10+3_E_2_2_3_comp11+3_E_2_2_3_comp12+3_E_2_2_3_comp13+3_E_2_2_3_comp14+3_E_2_2_3_comp15+3_E_2_2_3_comp16+3_E_2_2_3_comp17+3_E_2_2_3_comp18+3_E_2_2_3_comp19+3_E_2_2_3_comp20+3_E_2_2_3_comp21+3_E_2_2_3_comp22+3_E_2_2_3_comp23+3_E_2_2_3_comp24+3_E_2_2_3_comp25+3_E_2_2_3_comp26+3_E_2_2_3_comp27+3_E_2_2_3_comp28+3_E_2_2_3_comp29,R_3_E_2_2_3,TCDB,TCDB.3_E_2_2_3_comp1
G_3_E_2_2_3_comp2,P_3_E_2_2_3_comp1+3_E_2_2_3_comp2+3_E_2_2_3_comp3+3_E_2_2_3_comp4+3_E_2_2_3_comp5+3_E_2_2_3_comp6+3_E_2_2_3_comp7+3_E_2_2_3_comp8+3_E_2_2_3_comp9+3_E_2_2_3_comp10+3_E_2_2_3_comp11+3_E_2_2_3_comp12+3_E_2_2_3_comp13+3_E_2_2_3_comp14+3_E_2_2_3_comp15+3_E_2_2_3_comp16+3_E_2_2_3_comp17+3_E_2_2_3_comp18+3_E_2_2_3_comp19+3_E_2_2_3_comp20+3_E_2_2_3_comp21+3_E_2_2_3_comp22+3_E_2_2_3_comp23+3_E_2_2_3_comp24+3_E_2_2_3_comp25+3_E_2_2_3_comp26+3_E_2_2_3_comp27+3_E_2_2_3_comp28+3_E_2_2_3_comp29,R_3_E_2_2_3,TCDB,TCDB.3_E_2_2_3_comp2
G_3_E_2_2_3_comp3,P_3_E_2_2_3_comp1+3_E_2_2_3_comp2+3_E_2_2_3_comp3+3_E_2_2_3_comp4+3_E_2_2_3_comp5+3_E_2_2_3_comp6+3_E_2_2_3_comp7+3_E_2_2_3_comp8+3_E_2_2_3_comp9+3_E_2_2_3_comp10+3_E_2_2_3_comp11+3_E_2_2_3_comp12+3_E_2_2_3_comp13+3_E_2_2_3_comp14+3_E_2_2_3_comp15+3_E_2_2_3_comp16+3_E_2_2_3_comp17+3_E_2_2_3_comp18+3_E_2_2_3_comp19+3_E_2_2_3_comp20+3_E_2_2_3_comp21+3_E_2_2_3_comp22+3_E_2_2_3_comp23+3_E_2_2_3_comp24+3_E_2_2_3_comp25+3_E_2_2_3_comp26+3_E_2_2_3_comp27+3_E_2_2_3_comp28+3_E_2_2_3_comp29,R_3_E_2_2_3,TCDB,TCDB.3_E_2_2_3_comp3
G_3_E_2_2_3_comp4,P_3_E_2_2_3_comp1+3_E_2_2_3_comp2+3_E_2_2_3_comp3+3_E_2_2_3_comp4+3_E_2_2_3_comp5+3_E_2_2_3_comp6+3_E_2_2_3_comp7+3_E_2_2_3_comp8+3_E_2_2_3_comp9+3_E_2_2_3_comp10+3_E_2_2_3_comp11+3_E_2_2_3_comp12+3_E_2_2_3_comp13+3_E_2_2_3_comp14+3_E_2_2_3_comp15+3_E_2_2_3_comp16+3_E_2_2_3_comp17+3_E_2_2_3_comp18+3_E_2_2_3_comp19+3_E_2_2_3_comp20+3_E_2_2_3_comp21+3_E_2_2_3_comp22+3_E_2_2_3_comp23+3_E_2_2_3_comp24+3_E_2_2_3_comp25+3_E_2_2_3_comp26+3_E_2_2_3_comp27+3_E_2_2_3_comp28+3_E_2_2_3_comp29,R_3_E_2_2_3,TCDB,TCDB.3_E_2_2_3_comp4
G_3_E_2_2_3_comp5,P_3_E_2_2_3_comp1+3_E_2_2_3_comp2+3_E_2_2_3_comp3+3_E_2_2_3_comp4+3_E_2_2_3_comp5+3_E_2_2_3_comp6+3_E_2_2_3_comp7+3_E_2_2_3_comp8+3_E_2_2_3_comp9+3_E_2_2_3_comp10+3_E_2_2_3_comp11+3_E_2_2_3_comp12+3_E_2_2_3_comp13+3_E_2_2_3_comp14+3_E_2_2_3_comp15+3_E_2_2_3_comp16+3_E_2_2_3_comp17+3_E_2_2_3_comp18+3_E_2_2_3_comp19+3_E_2_2_3_comp20+3_E_2_2_3_comp21+3_E_2_2_3_comp22+3_E_2_2_3_comp23+3_E_2_2_3_comp24+3_E_2_2_3_comp25+3_E_2_2_3_comp26+3_E_2_2_3_comp27+3_E_2_2_3_comp28+3_E_2_2_3_comp29,R_3_E_2_2_3,TCDB,TCDB.3_E_2_2_3_comp5
G_3_E_2_2_3_comp6,P_3_E_2_2_3_comp1+3_E_2_2_3_comp2+3_E_2_2_3_comp3+3_E_2_2_3_comp4+3_E_2_2_3_comp5+3_E_2_2_3_comp6+3_E_2_2_3_comp7+3_E_2_2_3_comp8+3_E_2_2_3_comp9+3_E_2_2_3_comp10+3_E_2_2_3_comp11+3_E_2_2_3_comp12+3_E_2_2_3_comp13+3_E_2_2_3_comp14+3_E_2_2_3_comp15+3_E_2_2_3_comp16+3_E_2_2_3_comp17+3_E_2_2_3_comp18+3_E_2_2_3_comp19+3_E_2_2_3_comp20+3_E_2_2_3_comp21+3_E_2_2_3_comp22+3_E_2_2_3_comp23+3_E_2_2_3_comp24+3_E_2_2_3_comp25+3_E_2_2_3_comp26+3_E_2_2_3_comp27+3_E_2_2_3_comp28+3_E_2_2_3_comp29,R_3_E_2_2_3,TCDB,TCDB.3_E_2_2_3_comp6
G_3_E_2_2_3_comp7,P_3_E_2_2_3_comp1+3_E_2_2_3_comp2+3_E_2_2_3_comp3+3_E_2_2_3_comp4+3_E_2_2_3_comp5+3_E_2_2_3_comp6+3_E_2_2_3_comp7+3_E_2_2_3_comp8+3_E_2_2_3_comp9+3_E_2_2_3_comp10+3_E_2_2_3_comp11+3_E_2_2_3_comp12+3_E_2_2_3_comp13+3_E_2_2_3_comp14+3_E_2_2_3_comp15+3_E_2_2_3_comp16+3_E_2_2_3_comp17+3_E_2_2_3_comp18+3_E_2_2_3_comp19+3_E_2_2_3_comp20+3_E_2_2_3_comp21+3_E_2_2_3_comp22+3_E_2_2_3_comp23+3_E_2_2_3_comp24+3_E_2_2_3_comp25+3_E_2_2_3_comp26+3_E_2_2_3_comp27+3_E_2_2_3_comp28+3_E_2_2_3_comp29,R_3_E_2_2_3,TCDB,TCDB.3_E_2_2_3_comp7
G_3_E_2_2_3_comp8,P_3_E_2_2_3_comp1+3_E_2_2_3_comp2+3_E_2_2_3_comp3+3_E_2_2_3_comp4+3_E_2_2_3_comp5+3_E_2_2_3_comp6+3_E_2_2_3_comp7+3_E_2_2_3_comp8+3_E_2_2_3_comp9+3_E_2_2_3_comp10+3_E_2_2_3_comp11+3_E_2_2_3_comp12+3_E_2_2_3_comp13+3_E_2_2_3_comp14+3_E_2_2_3_comp15+3_E_2_2_3_comp16+3_E_2_2_3_comp17+3_E_2_2_3_comp18+3_E_2_2_3_comp19+3_E_2_2_3_comp20+3_E_2_2_3_comp21+3_E_2_2_3_comp22+3_E_2_2_3_comp23+3_E_2_2_3_comp24+3_E_2_2_3_comp25+3_E_2_2_3_comp26+3_E_2_2_3_comp27+3_E_2_2_3_comp28+3_E_2_2_3_comp29,R_3_E_2_2_3,TCDB,TCDB.3_E_2_2_3_comp8
G_3_E_2_2_3_comp9,P_3_E_2_2_3_comp1+3_E_2_2_3_comp2+3_E_2_2_3_comp3+3_E_2_2_3_comp4+3_E_2_2_3_comp5+3_E_2_2_3_comp6+3_E_2_2_3_comp7+3_E_2_2_3_comp8+3_E_2_2_3_comp9+3_E_2_2_3_comp10+3_E_2_2_3_comp11+3_E_2_2_3_comp12+3_E_2_2_3_comp13+3_E_2_2_3_comp14+3_E_2_2_3_comp15+3_E_2_2_3_comp16+3_E_2_2_3_comp17+3_E_2_2_3_comp18+3_E_2_2_3_comp19+3_E_2_2_3_comp20+3_E_2_2_3_comp21+3_E_2_2_3_comp22+3_E_2_2_3_comp23+3_E_2_2_3_comp24+3_E_2_2_3_comp25+3_E_2_2_3_comp26+3_E_2_2_3_comp27+3_E_2_2_3_comp28+3_E_2_2_3_comp29,R_3_E_2_2_3,TCDB,TCDB.3_E_2_2_3_comp9
G_3_E_2_2_3_comp10,P_3_E_2_2_3_comp1+3_E_2_2_3_comp2+3_E_2_2_3_comp3+3_E_2_2_3_comp4+3_E_2_2_3_comp5+3_E_2_2_3_comp6+3_E_2_2_3_comp7+3_E_2_2_3_comp8+3_E_2_2_3_comp9+3_E_2_2_3_comp10+3_E_2_2_3_comp11+3_E_2_2_3_comp12+3_E_2_2_3_comp13+3_E_2_2_3_comp14+3_E_2_2_3_comp15+3_E_2_2_3_comp16+3_E_2_2_3_comp17+3_E_2_2_3_comp18+3_E_2_2_3_comp19+3_E_2_2_3_comp20+3_E_2_2_3_comp21+3_E_2_2_3_comp22+3_E_2_2_3_comp23+3_E_2_2_3_comp24+3_E_2_2_3_comp25+3_E_2_2_3_comp26+3_E_2_2_3_comp27+3_E_2_2_3_comp28+3_E_2_2_3_comp29,R_3_E_2_2_3,TCDB,TCDB.3_E_2_2_3_comp10
G_3_E_2_2_3_comp11,P_3_E_2_2_3_comp1+3_E_2_2_3_comp2+3_E_2_2_3_comp3+3_E_2_2_3_comp4+3_E_2_2_3_comp5+3_E_2_2_3_comp6+3_E_2_2_3_comp7+3_E_2_2_3_comp8+3_E_2_2_3_comp9+3_E_2_2_3_comp10+3_E_2_2_3_comp11+3_E_2_2_3_comp12+3_E_2_2_3_comp13+3_E_2_2_3_comp14+3_E_2_2_3_comp15+3_E_2_2_3_comp16+3_E_2_2_3_comp17+3_E_2_2_3_comp18+3_E_2_2_3_comp19+3_E_2_2_3_comp20+3_E_2_2_3_comp21+3_E_2_2_3_comp22+3_E_2_2_3_comp23+3_E_2_2_3_comp24+3_E_2_2_3_comp25+3_E_2_2_3_comp26+3_E_2_2_3_comp27+3_E_2_2_3_comp28+3_E_2_2_3_comp29,R_3_E_2_2_3,TCDB,TCDB.3_E_2_2_3_comp11
G_3_E_2_2_3_comp12,P_3_E_2_2_3_comp1+3_E_2_2_3_comp2+3_E_2_2_3_comp3+3_E_2_2_3_comp4+3_E_2_2_3_comp5+3_E_2_2_3_comp6+3_E_2_2_3_comp7+3_E_2_2_3_comp8+3_E_2_2_3_comp9+3_E_2_2_3_comp10+3_E_2_2_3_comp11+3_E_2_2_3_comp12+3_E_2_2_3_comp13+3_E_2_2_3_comp14+3_E_2_2_3_comp15+3_E_2_2_3_comp16+3_E_2_2_3_comp17+3_E_2_2_3_comp18+3_E_2_2_3_comp19+3_E_2_2_3_comp20+3_E_2_2_3_comp21+3_E_2_2_3_comp22+3_E_2_2_3_comp23+3_E_2_2_3_comp24+3_E_2_2_3_comp25+3_E_2_2_3_comp26+3_E_2_2_3_comp27+3_E_2_2_3_comp28+3_E_2_2_3_comp29,R_3_E_2_2_3,TCDB,TCDB.3_E_2_2_3_comp12
G_3_E_2_2_3_comp13,P_3_E_2_2_3_comp1+3_E_2_2_3_comp2+3_E_2_2_3_comp3+3_E_2_2_3_comp4+3_E_2_2_3_comp5+3_E_2_2_3_comp6+3_E_2_2_3_comp7+3_E_2_2_3_comp8+3_E_2_2_3_comp9+3_E_2_2_3_comp10+3_E_2_2_3_comp11+3_E_2_2_3_comp12+3_E_2_2_3_comp13+3_E_2_2_3_comp14+3_E_2_2_3_comp15+3_E_2_2_3_comp16+3_E_2_2_3_comp17+3_E_2_2_3_comp18+3_E_2_2_3_comp19+3_E_2_2_3_comp20+3_E_2_2_3_comp21+3_E_2_2_3_comp22+3_E_2_2_3_comp23+3_E_2_2_3_comp24+3_E_2_2_3_comp25+3_E_2_2_3_comp26+3_E_2_2_3_comp27+3_E_2_2_3_comp28+3_E_2_2_3_comp29,R_3_E_2_2_3,TCDB,TCDB.3_E_2_2_3_comp13
G_3_E_2_2_3_comp14,P_3_E_2_2_3_comp1+3_E_2_2_3_comp2+3_E_2_2_3_comp3+3_E_2_2_3_comp4+3_E_2_2_3_comp5+3_E_2_2_3_comp6+3_E_2_2_3_comp7+3_E_2_2_3_comp8+3_E_2_2_3_comp9+3_E_2_2_3_comp10+3_E_2_2_3_comp11+3_E_2_2_3_comp12+3_E_2_2_3_comp13+3_E_2_2_3_comp14+3_E_2_2_3_comp15+3_E_2_2_3_comp16+3_E_2_2_3_comp17+3_E_2_2_3_comp18+3_E_2_2_3_comp19+3_E_2_2_3_comp20+3_E_2_2_3_comp21+3_E_2_2_3_comp22+3_E_2_2_3_comp23+3_E_2_2_3_comp24+3_E_2_2_3_comp25+3_E_2_2_3_comp26+3_E_2_2_3_comp27+3_E_2_2_3_comp28+3_E_2_2_3_comp29,R_3_E_2_2_3,TCDB,TCDB.3_E_2_2_3_comp14
G_3_E_2_2_3_comp15,P_3_E_2_2_3_comp1+3_E_2_2_3_comp2+3_E_2_2_3_comp3+3_E_2_2_3_comp4+3_E_2_2_3_comp5+3_E_2_2_3_comp6+3_E_2_2_3_comp7+3_E_2_2_3_comp8+3_E_2_2_3_comp9+3_E_2_2_3_comp10+3_E_2_2_3_comp11+3_E_2_2_3_comp12+3_E_2_2_3_comp13+3_E_2_2_3_comp14+3_E_2_2_3_comp15+3_E_2_2_3_comp16+3_E_2_2_3_comp17+3_E_2_2_3_comp18+3_E_2_2_3_comp19+3_E_2_2_3_comp20+3_E_2_2_3_comp21+3_E_2_2_3_comp22+3_E_2_2_3_comp23+3_E_2_2_3_comp24+3_E_2_2_3_comp25+3_E_2_2_3_comp26+3_E_2_2_3_comp27+3_E_2_2_3_comp28+3_E_2_2_3_comp29,R_3_E_2_2_3,TCDB,TCDB.3_E_2_2_3_comp15
G_3_E_2_2_3_comp16,P_3_E_2_2_3_comp1+3_E_2_2_3_comp2+3_E_2_2_3_comp3+3_E_2_2_3_comp4+3_E_2_2_3_comp5+3_E_2_2_3_comp6+3_E_2_2_3_comp7+3_E_2_2_3_comp8+3_E_2_2_3_comp9+3_E_2_2_3_comp10+3_E_2_2_3_comp11+3_E_2_2_3_comp12+3_E_2_2_3_comp13+3_E_2_2_3_comp14+3_E_2_2_3_comp15+3_E_2_2_3_comp16+3_E_2_2_3_comp17+3_E_2_2_3_comp18+3_E_2_2_3_comp19+3_E_2_2_3_comp20+3_E_2_2_3_comp21+3_E_2_2_3_comp22+3_E_2_2_3_comp23+3_E_2_2_3_comp24+3_E_2_2_3_comp25+3_E_2_2_3_comp26+3_E_2_2_3_comp27+3_E_2_2_3_comp28+3_E_2_2_3_comp29,R_3_E_2_2_3,TCDB,TCDB.3_E_2_2_3_comp16
G_3_E_2_2_3_comp17,P_3_E_2_2_3_comp1+3_E_2_2_3_comp2+3_E_2_2_3_comp3+3_E_2_2_3_comp4+3_E_2_2_3_comp5+3_E_2_2_3_comp6+3_E_2_2_3_comp7+3_E_2_2_3_comp8+3_E_2_2_3_comp9+3_E_2_2_3_comp10+3_E_2_2_3_comp11+3_E_2_2_3_comp12+3_E_2_2_3_comp13+3_E_2_2_3_comp14+3_E_2_2_3_comp15+3_E_2_2_3_comp16+3_E_2_2_3_comp17+3_E_2_2_3_comp18+3_E_2_2_3_comp19+3_E_2_2_3_comp20+3_E_2_2_3_comp21+3_E_2_2_3_comp22+3_E_2_2_3_comp23+3_E_2_2_3_comp24+3_E_2_2_3_comp25+3_E_2_2_3_comp26+3_E_2_2_3_comp27+3_E_2_2_3_comp28+3_E_2_2_3_comp29,R_3_E_2_2_3,TCDB,TCDB.3_E_2_2_3_comp17
G_3_E_2_2_3_comp18,P_3_E_2_2_3_comp1+3_E_2_2_3_comp2+3_E_2_2_3_comp3+3_E_2_2_3_comp4+3_E_2_2_3_comp5+3_E_2_2_3_comp6+3_E_2_2_3_comp7+3_E_2_2_3_comp8+3_E_2_2_3_comp9+3_E_2_2_3_comp10+3_E_2_2_3_comp11+3_E_2_2_3_comp12+3_E_2_2_3_comp13+3_E_2_2_3_comp14+3_E_2_2_3_comp15+3_E_2_2_3_comp16+3_E_2_2_3_comp17+3_E_2_2_3_comp18+3_E_2_2_3_comp19+3_E_2_2_3_comp20+3_E_2_2_3_comp21+3_E_2_2_3_comp22+3_E_2_2_3_comp23+3_E_2_2_3_comp24+3_E_2_2_3_comp25+3_E_2_2_3_comp26+3_E_2_2_3_comp27+3_E_2_2_3_comp28+3_E_2_2_3_comp29,R_3_E_2_2_3,TCDB,TCDB.3_E_2_2_3_comp18
G_3_E_2_2_3_comp19,P_3_E_2_2_3_comp1+3_E_2_2_3_comp2+3_E_2_2_3_comp3+3_E_2_2_3_comp4+3_E_2_2_3_comp5+3_E_2_2_3_comp6+3_E_2_2_3_comp7+3_E_2_2_3_comp8+3_E_2_2_3_comp9+3_E_2_2_3_comp10+3_E_2_2_3_comp11+3_E_2_2_3_comp12+3_E_2_2_3_comp13+3_E_2_2_3_comp14+3_E_2_2_3_comp15+3_E_2_2_3_comp16+3_E_2_2_3_comp17+3_E_2_2_3_comp18+3_E_2_2_3_comp19+3_E_2_2_3_comp20+3_E_2_2_3_comp21+3_E_2_2_3_comp22+3_E_2_2_3_comp23+3_E_2_2_3_comp24+3_E_2_2_3_comp25+3_E_2_2_3_comp26+3_E_2_2_3_comp27+3_E_2_2_3_comp28+3_E_2_2_3_comp29,R_3_E_2_2_3,TCDB,TCDB.3_E_2_2_3_comp19
G_3_E_2_2_3_comp20,P_3_E_2_2_3_comp1+3_E_2_2_3_comp2+3_E_2_2_3_comp3+3_E_2_2_3_comp4+3_E_2_2_3_comp5+3_E_2_2_3_comp6+3_E_2_2_3_comp7+3_E_2_2_3_comp8+3_E_2_2_3_comp9+3_E_2_2_3_comp10+3_E_2_2_3_comp11+3_E_2_2_3_comp12+3_E_2_2_3_comp13+3_E_2_2_3_comp14+3_E_2_2_3_comp15+3_E_2_2_3_comp16+3_E_2_2_3_comp17+3_E_2_2_3_comp18+3_E_2_2_3_comp19+3_E_2_2_3_comp20+3_E_2_2_3_comp21+3_E_2_2_3_comp22+3_E_2_2_3_comp23+3_E_2_2_3_comp24+3_E_2_2_3_comp25+3_E_2_2_3_comp26+3_E_2_2_3_comp27+3_E_2_2_3_comp28+3_E_2_2_3_comp29,R_3_E_2_2_3,TCDB,TCDB.3_E_2_2_3_comp20
G_3_E_2_2_3_comp21,P_3_E_2_2_3_comp1+3_E_2_2_3_comp2+3_E_2_2_3_comp3+3_E_2_2_3_comp4+3_E_2_2_3_comp5+3_E_2_2_3_comp6+3_E_2_2_3_comp7+3_E_2_2_3_comp8+3_E_2_2_3_comp9+3_E_2_2_3_comp10+3_E_2_2_3_comp11+3_E_2_2_3_comp12+3_E_2_2_3_comp13+3_E_2_2_3_comp14+3_E_2_2_3_comp15+3_E_2_2_3_comp16+3_E_2_2_3_comp17+3_E_2_2_3_comp18+3_E_2_2_3_comp19+3_E_2_2_3_comp20+3_E_2_2_3_comp21+3_E_2_2_3_comp22+3_E_2_2_3_comp23+3_E_2_2_3_comp24+3_E_2_2_3_comp25+3_E_2_2_3_comp26+3_E_2_2_3_comp27+3_E_2_2_3_comp28+3_E_2_2_3_comp29,R_3_E_2_2_3,TCDB,TCDB.3_E_2_2_3_comp21
G_3_E_2_2_3_comp22,P_3_E_2_2_3_comp1+3_E_2_2_3_comp2+3_E_2_2_3_comp3+3_E_2_2_3_comp4+3_E_2_2_3_comp5+3_E_2_2_3_comp6+3_E_2_2_3_comp7+3_E_2_2_3_comp8+3_E_2_2_3_comp9+3_E_2_2_3_comp10+3_E_2_2_3_comp11+3_E_2_2_3_comp12+3_E_2_2_3_comp13+3_E_2_2_3_comp14+3_E_2_2_3_comp15+3_E_2_2_3_comp16+3_E_2_2_3_comp17+3_E_2_2_3_comp18+3_E_2_2_3_comp19+3_E_2_2_3_comp20+3_E_2_2_3_comp21+3_E_2_2_3_comp22+3_E_2_2_3_comp23+3_E_2_2_3_comp24+3_E_2_2_3_comp25+3_E_2_2_3_comp26+3_E_2_2_3_comp27+3_E_2_2_3_comp28+3_E_2_2_3_comp29,R_3_E_2_2_3,TCDB,TCDB.3_E_2_2_3_comp22
G_3_E_2_2_3_comp23,P_3_E_2_2_3_comp1+3_E_2_2_3_comp2+3_E_2_2_3_comp3+3_E_2_2_3_comp4+3_E_2_2_3_comp5+3_E_2_2_3_comp6+3_E_2_2_3_comp7+3_E_2_2_3_comp8+3_E_2_2_3_comp9+3_E_2_2_3_comp10+3_E_2_2_3_comp11+3_E_2_2_3_comp12+3_E_2_2_3_comp13+3_E_2_2_3_comp14+3_E_2_2_3_comp15+3_E_2_2_3_comp16+3_E_2_2_3_comp17+3_E_2_2_3_comp18+3_E_2_2_3_comp19+3_E_2_2_3_comp20+3_E_2_2_3_comp21+3_E_2_2_3_comp22+3_E_2_2_3_comp23+3_E_2_2_3_comp24+3_E_2_2_3_comp25+3_E_2_2_3_comp26+3_E_2_2_3_comp27+3_E_2_2_3_comp28+3_E_2_2_3_comp29,R_3_E_2_2_3,TCDB,TCDB.3_E_2_2_3_comp23
G_3_E_2_2_3_comp24,P_3_E_2_2_3_comp1+3_E_2_2_3_comp2+3_E_2_2_3_comp3+3_E_2_2_3_comp4+3_E_2_2_3_comp5+3_E_2_2_3_comp6+3_E_2_2_3_comp7+3_E_2_2_3_comp8+3_E_2_2_3_comp9+3_E_2_2_3_comp10+3_E_2_2_3_comp11+3_E_2_2_3_comp12+3_E_2_2_3_comp13+3_E_2_2_3_comp14+3_E_2_2_3_comp15+3_E_2_2_3_comp16+3_E_2_2_3_comp17+3_E_2_2_3_comp18+3_E_2_2_3_comp19+3_E_2_2_3_comp20+3_E_2_2_3_comp21+3_E_2_2_3_comp22+3_E_2_2_3_comp23+3_E_2_2_3_comp24+3_E_2_2_3_comp25+3_E_2_2_3_comp26+3_E_2_2_3_comp27+3_E_2_2_3_comp28+3_E_2_2_3_comp29,R_3_E_2_2_3,TCDB,TCDB.3_E_2_2_3_comp24
G_3_E_2_2_3_comp25,P_3_E_2_2_3_comp1+3_E_2_2_3_comp2+3_E_2_2_3_comp3+3_E_2_2_3_comp4+3_E_2_2_3_comp5+3_E_2_2_3_comp6+3_E_2_2_3_comp7+3_E_2_2_3_comp8+3_E_2_2_3_comp9+3_E_2_2_3_comp10+3_E_2_2_3_comp11+3_E_2_2_3_comp12+3_E_2_2_3_comp13+3_E_2_2_3_comp14+3_E_2_2_3_comp15+3_E_2_2_3_comp16+3_E_2_2_3_comp17+3_E_2_2_3_comp18+3_E_2_2_3_comp19+3_E_2_2_3_comp20+3_E_2_2_3_comp21+3_E_2_2_3_comp22+3_E_2_2_3_comp23+3_E_2_2_3_comp24+3_E_2_2_3_comp25+3_E_2_2_3_comp26+3_E_2_2_3_comp27+3_E_2_2_3_comp28+3_E_2_2_3_comp29,R_3_E_2_2_3,TCDB,TCDB.3_E_2_2_3_comp25
G_3_E_2_2_3_comp26,P_3_E_2_2_3_comp1+3_E_2_2_3_comp2+3_E_2_2_3_comp3+3_E_2_2_3_comp4+3_E_2_2_3_comp5+3_E_2_2_3_comp6+3_E_2_2_3_comp7+3_E_2_2_3_comp8+3_E_2_2_3_comp9+3_E_2_2_3_comp10+3_E_2_2_3_comp11+3_E_2_2_3_comp12+3_E_2_2_3_comp13+3_E_2_2_3_comp14+3_E_2_2_3_comp15+3_E_2_2_3_comp16+3_E_2_2_3_comp17+3_E_2_2_3_comp18+3_E_2_2_3_comp19+3_E_2_2_3_comp20+3_E_2_2_3_comp21+3_E_2_2_3_comp22+3_E_2_2_3_comp23+3_E_2_2_3_comp24+3_E_2_2_3_comp25+3_E_2_2_3_comp26+3_E_2_2_3_comp27+3_E_2_2_3_comp28+3_E_2_2_3_comp29,R_3_E_2_2_3,TCDB,TCDB.3_E_2_2_3_comp26
G_3_E_2_2_3_comp27,P_3_E_2_2_3_comp1+3_E_2_2_3_comp2+3_E_2_2_3_comp3+3_E_2_2_3_comp4+3_E_2_2_3_comp5+3_E_2_2_3_comp6+3_E_2_2_3_comp7+3_E_2_2_3_comp8+3_E_2_2_3_comp9+3_E_2_2_3_comp10+3_E_2_2_3_comp11+3_E_2_2_3_comp12+3_E_2_2_3_comp13+3_E_2_2_3_comp14+3_E_2_2_3_comp15+3_E_2_2_3_comp16+3_E_2_2_3_comp17+3_E_2_2_3_comp18+3_E_2_2_3_comp19+3_E_2_2_3_comp20+3_E_2_2_3_comp21+3_E_2_2_3_comp22+3_E_2_2_3_comp23+3_E_2_2_3_comp24+3_E_2_2_3_comp25+3_E_2_2_3_comp26+3_E_2_2_3_comp27+3_E_2_2_3_comp28+3_E_2_2_3_comp29,R_3_E_2_2_3,TCDB,TCDB.3_E_2_2_3_comp27
G_3_E_2_2_3_comp28,P_3_E_2_2_3_comp1+3_E_2_2_3_comp2+3_E_2_2_3_comp3+3_E_2_2_3_comp4+3_E_2_2_3_comp5+3_E_2_2_3_comp6+3_E_2_2_3_comp7+3_E_2_2_3_comp8+3_E_2_2_3_comp9+3_E_2_2_3_comp10+3_E_2_2_3_comp11+3_E_2_2_3_comp12+3_E_2_2_3_comp13+3_E_2_2_3_comp14+3_E_2_2_3_comp15+3_E_2_2_3_comp16+3_E_2_2_3_comp17+3_E_2_2_3_comp18+3_E_2_2_3_comp19+3_E_2_2_3_comp20+3_E_2_2_3_comp21+3_E_2_2_3_comp22+3_E_2_2_3_comp23+3_E_2_2_3_comp24+3_E_2_2_3_comp25+3_E_2_2_3_comp26+3_E_2_2_3_comp27+3_E_2_2_3_comp28+3_E_2_2_3_comp29,R_3_E_2_2_3,TCDB,TCDB.3_E_2_2_3_comp28
G_3_E_2_2_3_comp29,P_3_E_2_2_3_comp1+3_E_2_2_3_comp2+3_E_2_2_3_comp3+3_E_2_2_3_comp4+3_E_2_2_3_comp5+3_E_2_2_3_comp6+3_E_2_2_3_comp7+3_E_2_2_3_comp8+3_E_2_2_3_comp9+3_E_2_2_3_comp10+3_E_2_2_3_comp11+3_E_2_2_3_comp12+3_E_2_2_3_comp13+3_E_2_2_3_comp14+3_E_2_2_3_comp15+3_E_2_2_3_comp16+3_E_2_2_3_comp17+3_E_2_2_3_comp18+3_E_2_2_3_comp19+3_E_2_2_3_comp20+3_E_2_2_3_comp21+3_E_2_2_3_comp22+3_E_2_2_3_comp23+3_E_2_2_3_comp24+3_E_2_2_3_comp25+3_E_2_2_3_comp26+3_E_2_2_3_comp27+3_E_2_2_3_comp28+3_E_2_2_3_comp29,R_3_E_2_2_3,TCDB,TCDB.3_E_2_2_3_comp29
G_2_A_72_3_12_comp1,P_2_A_72_3_12_comp1,R_2_A_72_3_12,TCDB,TCDB.2_A_72_3_12_comp1
G_2_A_43_2_5_comp1,P_2_A_43_2_5_comp1,R_2_A_43_2_5,TCDB,TCDB.2_A_43_2_5_comp1
G_2_A_85_2_1_comp1,P_2_A_85_2_1_comp1,R_2_A_85_2_1,TCDB,TCDB.2_A_85_2_1_comp1
G_1_A_87_2_18_comp1,P_1_A_87_2_18_comp1+1_A_87_2_18_comp2+1_A_87_2_18_comp3,R_1_A_87_2_18,TCDB,TCDB.1_A_87_2_18_comp1
G_1_A_87_2_18_comp2,P_1_A_87_2_18_comp1+1_A_87_2_18_comp2+1_A_87_2_18_comp3,R_1_A_87_2_18,TCDB,TCDB.1_A_87_2_18_comp2
G_1_A_87_2_18_comp3,P_1_A_87_2_18_comp1+1_A_87_2_18_comp2+1_A_87_2_18_comp3,R_1_A_87_2_18,TCDB,TCDB.1_A_87_2_18_comp3
G_1_B_28_1_1_comp1,P_1_B_28_1_1_comp1,R_1_B_28_1_1,TCDB,TCDB.1_B_28_1_1_comp1
G_4_D_1_1_5_comp1,P_4_D_1_1_5_comp1,R_4_D_1_1_5,TCDB,TCDB.4_D_1_1_5_comp1
G_3_A_1_114_1_comp1,P_3_A_1_114_1_comp1+3_A_1_114_1_comp2+3_A_1_114_1_comp3+3_A_1_114_1_comp4,R_3_A_1_114_1,TCDB,TCDB.3_A_1_114_1_comp1
G_3_A_1_114_1_comp2,P_3_A_1_114_1_comp1+3_A_1_114_1_comp2+3_A_1_114_1_comp3+3_A_1_114_1_comp4,R_3_A_1_114_1,TCDB,TCDB.3_A_1_114_1_comp2
G_3_A_1_114_1_comp3,P_3_A_1_114_1_comp1+3_A_1_114_1_comp2+3_A_1_114_1_comp3+3_A_1_114_1_comp4,R_3_A_1_114_1,TCDB,TCDB.3_A_1_114_1_comp3
G_3_A_1_114_1_comp4,P_3_A_1_114_1_comp1+3_A_1_114_1_comp2+3_A_1_114_1_comp3+3_A_1_114_1_comp4,R_3_A_1_114_1,TCDB,TCDB.3_A_1_114_1_comp4
G_3_A_7_2_1_comp1,P_3_A_7_2_1_comp1+3_A_7_2_1_comp2+3_A_7_2_1_comp3+3_A_7_2_1_comp4+3_A_7_2_1_comp5+3_A_7_2_1_comp6+3_A_7_2_1_comp7+3_A_7_2_1_comp8+3_A_7_2_1_comp9+3_A_7_2_1_comp10+3_A_7_2_1_comp11,R_3_A_7_2_1,TCDB,TCDB.3_A_7_2_1_comp1
G_3_A_7_2_1_comp2,P_3_A_7_2_1_comp1+3_A_7_2_1_comp2+3_A_7_2_1_comp3+3_A_7_2_1_comp4+3_A_7_2_1_comp5+3_A_7_2_1_comp6+3_A_7_2_1_comp7+3_A_7_2_1_comp8+3_A_7_2_1_comp9+3_A_7_2_1_comp10+3_A_7_2_1_comp11,R_3_A_7_2_1,TCDB,TCDB.3_A_7_2_1_comp2
G_3_A_7_2_1_comp3,P_3_A_7_2_1_comp1+3_A_7_2_1_comp2+3_A_7_2_1_comp3+3_A_7_2_1_comp4+3_A_7_2_1_comp5+3_A_7_2_1_comp6+3_A_7_2_1_comp7+3_A_7_2_1_comp8+3_A_7_2_1_comp9+3_A_7_2_1_comp10+3_A_7_2_1_comp11,R_3_A_7_2_1,TCDB,TCDB.3_A_7_2_1_comp3
G_3_A_7_2_1_comp4,P_3_A_7_2_1_comp1+3_A_7_2_1_comp2+3_A_7_2_1_comp3+3_A_7_2_1_comp4+3_A_7_2_1_comp5+3_A_7_2_1_comp6+3_A_7_2_1_comp7+3_A_7_2_1_comp8+3_A_7_2_1_comp9+3_A_7_2_1_comp10+3_A_7_2_1_comp11,R_3_A_7_2_1,TCDB,TCDB.3_A_7_2_1_comp4
G_3_A_7_2_1_comp5,P_3_A_7_2_1_comp1+3_A_7_2_1_comp2+3_A_7_2_1_comp3+3_A_7_2_1_comp4+3_A_7_2_1_comp5+3_A_7_2_1_comp6+3_A_7_2_1_comp7+3_A_7_2_1_comp8+3_A_7_2_1_comp9+3_A_7_2_1_comp10+3_A_7_2_1_comp11,R_3_A_7_2_1,TCDB,TCDB.3_A_7_2_1_comp5
G_3_A_7_2_1_comp6,P_3_A_7_2_1_comp1+3_A_7_2_1_comp2+3_A_7_2_1_comp3+3_A_7_2_1_comp4+3_A_7_2_1_comp5+3_A_7_2_1_comp6+3_A_7_2_1_comp7+3_A_7_2_1_comp8+3_A_7_2_1_comp9+3_A_7_2_1_comp10+3_A_7_2_1_comp11,R_3_A_7_2_1,TCDB,TCDB.3_A_7_2_1_comp6
G_3_A_7_2_1_comp7,P_3_A_7_2_1_comp1+3_A_7_2_1_comp2+3_A_7_2_1_comp3+3_A_7_2_1_comp4+3_A_7_2_1_comp5+3_A_7_2_1_comp6+3_A_7_2_1_comp7+3_A_7_2_1_comp8+3_A_7_2_1_comp9+3_A_7_2_1_comp10+3_A_7_2_1_comp11,R_3_A_7_2_1,TCDB,TCDB.3_A_7_2_1_comp7
G_3_A_7_2_1_comp8,P_3_A_7_2_1_comp1+3_A_7_2_1_comp2+3_A_7_2_1_comp3+3_A_7_2_1_comp4+3_A_7_2_1_comp5+3_A_7_2_1_comp6+3_A_7_2_1_comp7+3_A_7_2_1_comp8+3_A_7_2_1_comp9+3_A_7_2_1_comp10+3_A_7_2_1_comp11,R_3_A_7_2_1,TCDB,TCDB.3_A_7_2_1_comp8
G_3_A_7_2_1_comp9,P_3_A_7_2_1_comp1+3_A_7_2_1_comp2+3_A_7_2_1_comp3+3_A_7_2_1_comp4+3_A_7_2_1_comp5+3_A_7_2_1_comp6+3_A_7_2_1_comp7+3_A_7_2_1_comp8+3_A_7_2_1_comp9+3_A_7_2_1_comp10+3_A_7_2_1_comp11,R_3_A_7_2_1,TCDB,TCDB.3_A_7_2_1_comp9
G_3_A_7_2_1_comp10,P_3_A_7_2_1_comp1+3_A_7_2_1_comp2+3_A_7_2_1_comp3+3_A_7_2_1_comp4+3_A_7_2_1_comp5+3_A_7_2_1_comp6+3_A_7_2_1_comp7+3_A_7_2_1_comp8+3_A_7_2_1_comp9+3_A_7_2_1_comp10+3_A_7_2_1_comp11,R_3_A_7_2_1,TCDB,TCDB.3_A_7_2_1_comp10
G_3_A_7_2_1_comp11,P_3_A_7_2_1_comp1+3_A_7_2_1_comp2+3_A_7_2_1_comp3+3_A_7_2_1_comp4+3_A_7_2_1_comp5+3_A_7_2_1_comp6+3_A_7_2_1_comp7+3_A_7_2_1_comp8+3_A_7_2_1_comp9+3_A_7_2_1_comp10+3_A_7_2_1_comp11,R_3_A_7_2_1,TCDB,TCDB.3_A_7_2_1_comp11
G_1_C_53_2_10_comp1,P_1_C_53_2_10_comp1,R_1_C_53_2_10,TCDB,TCDB.1_C_53_2_10_comp1
G_3_A_1_1_31_comp1,P_3_A_1_1_31_comp1+3_A_1_1_31_comp2+3_A_1_1_31_comp3+3_A_1_1_31_comp4,R_3_A_1_1_31,TCDB,TCDB.3_A_1_1_31_comp1
G_3_A_1_1_31_comp2,P_3_A_1_1_31_comp1+3_A_1_1_31_comp2+3_A_1_1_31_comp3+3_A_1_1_31_comp4,R_3_A_1_1_31,TCDB,TCDB.3_A_1_1_31_comp2
G_3_A_1_1_31_comp3,P_3_A_1_1_31_comp1+3_A_1_1_31_comp2+3_A_1_1_31_comp3+3_A_1_1_31_comp4,R_3_A_1_1_31,TCDB,TCDB.3_A_1_1_31_comp3
G_3_A_1_1_31_comp4,P_3_A_1_1_31_comp1+3_A_1_1_31_comp2+3_A_1_1_31_comp3+3_A_1_1_31_comp4,R_3_A_1_1_31,TCDB,TCDB.3_A_1_1_31_comp4
G_1_A_35_3_5_comp1,P_1_A_35_3_5_comp1,R_1_A_35_3_5,TCDB,TCDB.1_A_35_3_5_comp1
G_2_A_21_7_1_comp1,P_2_A_21_7_1_comp1,R_2_A_21_7_1,TCDB,TCDB.2_A_21_7_1_comp1
G_2_A_78_2_2_comp1,P_2_A_78_2_2_comp1+2_A_78_2_2_comp2,R_2_A_78_2_2,TCDB,TCDB.2_A_78_2_2_comp1
G_2_A_78_2_2_comp2,P_2_A_78_2_2_comp1+2_A_78_2_2_comp2,R_2_A_78_2_2,TCDB,TCDB.2_A_78_2_2_comp2
G_3_A_1_2_24_comp1,P_3_A_1_2_24_comp1+3_A_1_2_24_comp2+3_A_1_2_24_comp3,R_3_A_1_2_24,TCDB,TCDB.3_A_1_2_24_comp1
G_3_A_1_2_24_comp2,P_3_A_1_2_24_comp1+3_A_1_2_24_comp2+3_A_1_2_24_comp3,R_3_A_1_2_24,TCDB,TCDB.3_A_1_2_24_comp2
G_3_A_1_2_24_comp3,P_3_A_1_2_24_comp1+3_A_1_2_24_comp2+3_A_1_2_24_comp3,R_3_A_1_2_24,TCDB,TCDB.3_A_1_2_24_comp3
G_8_A_8_1_7_comp1,P_8_A_8_1_7_comp1,R_8_A_8_1_7,TCDB,TCDB.8_A_8_1_7_comp1
G_2_A_7_18_4_comp1,P_2_A_7_18_4_comp1,R_2_A_7_18_4,TCDB,TCDB.2_A_7_18_4_comp1
G_3_A_1_11_4_comp1,P_3_A_1_11_4_comp1+3_A_1_11_4_comp2+3_A_1_11_4_comp3+3_A_1_11_4_comp4,R_3_A_1_11_4,TCDB,TCDB.3_A_1_11_4_comp1
G_3_A_1_11_4_comp2,P_3_A_1_11_4_comp1+3_A_1_11_4_comp2+3_A_1_11_4_comp3+3_A_1_11_4_comp4,R_3_A_1_11_4,TCDB,TCDB.3_A_1_11_4_comp2
G_3_A_1_11_4_comp3,P_3_A_1_11_4_comp1+3_A_1_11_4_comp2+3_A_1_11_4_comp3+3_A_1_11_4_comp4,R_3_A_1_11_4,TCDB,TCDB.3_A_1_11_4_comp3
G_3_A_1_11_4_comp4,P_3_A_1_11_4_comp1+3_A_1_11_4_comp2+3_A_1_11_4_comp3+3_A_1_11_4_comp4,R_3_A_1_11_4,TCDB,TCDB.3_A_1_11_4_comp4
G_2_A_37_5_1_comp1,P_2_A_37_5_1_comp1+2_A_37_5_1_comp2,R_2_A_37_5_1,TCDB,TCDB.2_A_37_5_1_comp1
G_2_A_37_5_1_comp2,P_2_A_37_5_1_comp1+2_A_37_5_1_comp2,R_2_A_37_5_1,TCDB,TCDB.2_A_37_5_1_comp2
G_2_A_22_4_1_comp1,P_2_A_22_4_1_comp1,R_2_A_22_4_1,TCDB,TCDB.2_A_22_4_1_comp1
G_1_B_36_1_2_comp1,P_1_B_36_1_2_comp1,R_1_B_36_1_2,TCDB,TCDB.1_B_36_1_2_comp1
G_1_B_52_1_1_comp1,P_1_B_52_1_1_comp1,R_1_B_52_1_1,TCDB,TCDB.1_B_52_1_1_comp1
G_4_A_3_2_3_comp1,P_4_A_3_2_3_comp1+4_A_3_2_3_comp2+4_A_3_2_3_comp3,R_4_A_3_2_3,TCDB,TCDB.4_A_3_2_3_comp1
G_4_A_3_2_3_comp2,P_4_A_3_2_3_comp1+4_A_3_2_3_comp2+4_A_3_2_3_comp3,R_4_A_3_2_3,TCDB,TCDB.4_A_3_2_3_comp2
G_4_A_3_2_3_comp3,P_4_A_3_2_3_comp1+4_A_3_2_3_comp2+4_A_3_2_3_comp3,R_4_A_3_2_3,TCDB,TCDB.4_A_3_2_3_comp3
G_2_A_6_3_11_comp1,P_2_A_6_3_11_comp1+2_A_6_3_11_comp2+2_A_6_3_11_comp3,R_2_A_6_3_11,TCDB,TCDB.2_A_6_3_11_comp1
G_2_A_6_3_11_comp2,P_2_A_6_3_11_comp1+2_A_6_3_11_comp2+2_A_6_3_11_comp3,R_2_A_6_3_11,TCDB,TCDB.2_A_6_3_11_comp2
G_2_A_6_3_11_comp3,P_2_A_6_3_11_comp1+2_A_6_3_11_comp2+2_A_6_3_11_comp3,R_2_A_6_3_11,TCDB,TCDB.2_A_6_3_11_comp3
G_3_A_1_7_5_comp1,P_3_A_1_7_5_comp1+3_A_1_7_5_comp2+3_A_1_7_5_comp3+3_A_1_7_5_comp4,R_3_A_1_7_5,TCDB,TCDB.3_A_1_7_5_comp1
G_3_A_1_7_5_comp2,P_3_A_1_7_5_comp1+3_A_1_7_5_comp2+3_A_1_7_5_comp3+3_A_1_7_5_comp4,R_3_A_1_7_5,TCDB,TCDB.3_A_1_7_5_comp2
G_3_A_1_7_5_comp3,P_3_A_1_7_5_comp1+3_A_1_7_5_comp2+3_A_1_7_5_comp3+3_A_1_7_5_comp4,R_3_A_1_7_5,TCDB,TCDB.3_A_1_7_5_comp3
G_3_A_1_7_5_comp4,P_3_A_1_7_5_comp1+3_A_1_7_5_comp2+3_A_1_7_5_comp3+3_A_1_7_5_comp4,R_3_A_1_7_5,TCDB,TCDB.3_A_1_7_5_comp4
G_4_A_1_1_18_comp1,P_4_A_1_1_18_comp1,R_4_A_1_1_18,TCDB,TCDB.4_A_1_1_18_comp1
G_2_A_1_15_9_comp1,P_2_A_1_15_9_comp1,R_2_A_1_15_9,TCDB,TCDB.2_A_1_15_9_comp1
G_1_B_6_1_12_comp1,P_1_B_6_1_12_comp1,R_1_B_6_1_12,TCDB,TCDB.1_B_6_1_12_comp1
G_2_A_1_3_24_comp1,P_2_A_1_3_24_comp1+2_A_1_3_24_comp2,R_2_A_1_3_24,TCDB,TCDB.2_A_1_3_24_comp1
G_2_A_1_3_24_comp2,P_2_A_1_3_24_comp1+2_A_1_3_24_comp2,R_2_A_1_3_24,TCDB,TCDB.2_A_1_3_24_comp2
G_3_A_1_1_7_comp1,P_3_A_1_1_7_comp1+3_A_1_1_7_comp2+3_A_1_1_7_comp3,R_3_A_1_1_7,TCDB,TCDB.3_A_1_1_7_comp1
G_3_A_1_1_7_comp2,P_3_A_1_1_7_comp1+3_A_1_1_7_comp2+3_A_1_1_7_comp3,R_3_A_1_1_7,TCDB,TCDB.3_A_1_1_7_comp2
G_3_A_1_1_7_comp3,P_3_A_1_1_7_comp1+3_A_1_1_7_comp2+3_A_1_1_7_comp3,R_3_A_1_1_7,TCDB,TCDB.3_A_1_1_7_comp3
G_2_A_81_2_1_comp1,P_2_A_81_2_1_comp1,R_2_A_81_2_1,TCDB,TCDB.2_A_81_2_1_comp1
G_1_B_14_2_4_comp1,P_1_B_14_2_4_comp1+1_B_14_2_4_comp2,R_1_B_14_2_4,TCDB,TCDB.1_B_14_2_4_comp1
G_1_B_14_2_4_comp2,P_1_B_14_2_4_comp1+1_B_14_2_4_comp2,R_1_B_14_2_4,TCDB,TCDB.1_B_14_2_4_comp2
G_2_A_6_2_9_comp1,P_2_A_6_2_9_comp1+2_A_6_2_9_comp2+2_A_6_2_9_comp3,R_2_A_6_2_9,TCDB,TCDB.2_A_6_2_9_comp1
G_2_A_6_2_9_comp2,P_2_A_6_2_9_comp1+2_A_6_2_9_comp2+2_A_6_2_9_comp3,R_2_A_6_2_9,TCDB,TCDB.2_A_6_2_9_comp2
G_2_A_6_2_9_comp3,P_2_A_6_2_9_comp1+2_A_6_2_9_comp2+2_A_6_2_9_comp3,R_2_A_6_2_9,TCDB,TCDB.2_A_6_2_9_comp3
G_2_A_1_3_15_comp1,P_2_A_1_3_15_comp1,R_2_A_1_3_15,TCDB,TCDB.2_A_1_3_15_comp1
G_2_A_1_18_2_comp1,P_2_A_1_18_2_comp1,R_2_A_1_18_2,TCDB,TCDB.2_A_1_18_2_comp1
G_2_A_1_18_1_comp1,P_2_A_1_18_1_comp1,R_2_A_1_18_1,TCDB,TCDB.2_A_1_18_1_comp1
G_2_A_1_1_41_comp1,P_2_A_1_1_41_comp1,R_2_A_1_1_41,TCDB,TCDB.2_A_1_1_41_comp1
G_3_A_1_124_2_comp1,P_3_A_1_124_2_comp1+3_A_1_124_2_comp2+3_A_1_124_2_comp3,R_3_A_1_124_2,TCDB,TCDB.3_A_1_124_2_comp1
G_3_A_1_124_2_comp2,P_3_A_1_124_2_comp1+3_A_1_124_2_comp2+3_A_1_124_2_comp3,R_3_A_1_124_2,TCDB,TCDB.3_A_1_124_2_comp2
G_3_A_1_124_2_comp3,P_3_A_1_124_2_comp1+3_A_1_124_2_comp2+3_A_1_124_2_comp3,R_3_A_1_124_2,TCDB,TCDB.3_A_1_124_2_comp3
G_2_A_1_2_71_comp1,P_2_A_1_2_71_comp1,R_2_A_1_2_71,TCDB,TCDB.2_A_1_2_71_comp1
G_3_A_1_1_61_comp1,P_3_A_1_1_61_comp1+3_A_1_1_61_comp2+3_A_1_1_61_comp3+3_A_1_1_61_comp4,R_3_A_1_1_61,TCDB,TCDB.3_A_1_1_61_comp1
G_3_A_1_1_61_comp2,P_3_A_1_1_61_comp1+3_A_1_1_61_comp2+3_A_1_1_61_comp3+3_A_1_1_61_comp4,R_3_A_1_1_61,TCDB,TCDB.3_A_1_1_61_comp2
G_3_A_1_1_61_comp3,P_3_A_1_1_61_comp1+3_A_1_1_61_comp2+3_A_1_1_61_comp3+3_A_1_1_61_comp4,R_3_A_1_1_61,TCDB,TCDB.3_A_1_1_61_comp3
G_3_A_1_1_61_comp4,P_3_A_1_1_61_comp1+3_A_1_1_61_comp2+3_A_1_1_61_comp3+3_A_1_1_61_comp4,R_3_A_1_1_61,TCDB,TCDB.3_A_1_1_61_comp4
G_3_A_1_106_6_comp1,P_3_A_1_106_6_comp1,R_3_A_1_106_6,TCDB,TCDB.3_A_1_106_6_comp1
G_4_D_2_4_1_comp1,P_4_D_2_4_1_comp1,R_4_D_2_4_1,TCDB,TCDB.4_D_2_4_1_comp1
G_2_A_86_1_7_comp1,P_2_A_86_1_7_comp1,R_2_A_86_1_7,TCDB,TCDB.2_A_86_1_7_comp1
G_2_A_6_5_6_comp1,P_2_A_6_5_6_comp1,R_2_A_6_5_6,TCDB,TCDB.2_A_6_5_6_comp1
G_3_A_24_3_1_comp1,P_3_A_24_3_1_comp1+3_A_24_3_1_comp2+3_A_24_3_1_comp3+3_A_24_3_1_comp4+3_A_24_3_1_comp5,R_3_A_24_3_1,TCDB,TCDB.3_A_24_3_1_comp1
G_3_A_24_3_1_comp2,P_3_A_24_3_1_comp1+3_A_24_3_1_comp2+3_A_24_3_1_comp3+3_A_24_3_1_comp4+3_A_24_3_1_comp5,R_3_A_24_3_1,TCDB,TCDB.3_A_24_3_1_comp2
G_3_A_24_3_1_comp3,P_3_A_24_3_1_comp1+3_A_24_3_1_comp2+3_A_24_3_1_comp3+3_A_24_3_1_comp4+3_A_24_3_1_comp5,R_3_A_24_3_1,TCDB,TCDB.3_A_24_3_1_comp3
G_3_A_24_3_1_comp4,P_3_A_24_3_1_comp1+3_A_24_3_1_comp2+3_A_24_3_1_comp3+3_A_24_3_1_comp4+3_A_24_3_1_comp5,R_3_A_24_3_1,TCDB,TCDB.3_A_24_3_1_comp4
G_3_A_24_3_1_comp5,P_3_A_24_3_1_comp1+3_A_24_3_1_comp2+3_A_24_3_1_comp3+3_A_24_3_1_comp4+3_A_24_3_1_comp5,R_3_A_24_3_1,TCDB,TCDB.3_A_24_3_1_comp5
G_2_A_6_5_7_comp1,P_2_A_6_5_7_comp1,R_2_A_6_5_7,TCDB,TCDB.2_A_6_5_7_comp1
G_4_H_1_2_1_comp1,P_4_H_1_2_1_comp1,R_4_H_1_2_1,TCDB,TCDB.4_H_1_2_1_comp1
G_2_A_6_5_8_comp1,P_2_A_6_5_8_comp1,R_2_A_6_5_8,TCDB,TCDB.2_A_6_5_8_comp1
G_3_A_1_125_2_comp1,P_3_A_1_125_2_comp1+3_A_1_125_2_comp2,R_3_A_1_125_2,TCDB,TCDB.3_A_1_125_2_comp1
G_3_A_1_125_2_comp2,P_3_A_1_125_2_comp1+3_A_1_125_2_comp2,R_3_A_1_125_2,TCDB,TCDB.3_A_1_125_2_comp2
G_3_A_24_4_1_comp1,P_3_A_24_4_1_comp1+3_A_24_4_1_comp2+3_A_24_4_1_comp3+3_A_24_4_1_comp4+3_A_24_4_1_comp5+3_A_24_4_1_comp6+3_A_24_4_1_comp7+3_A_24_4_1_comp8,R_3_A_24_4_1,TCDB,TCDB.3_A_24_4_1_comp1
G_3_A_24_4_1_comp2,P_3_A_24_4_1_comp1+3_A_24_4_1_comp2+3_A_24_4_1_comp3+3_A_24_4_1_comp4+3_A_24_4_1_comp5+3_A_24_4_1_comp6+3_A_24_4_1_comp7+3_A_24_4_1_comp8,R_3_A_24_4_1,TCDB,TCDB.3_A_24_4_1_comp2
G_3_A_24_4_1_comp3,P_3_A_24_4_1_comp1+3_A_24_4_1_comp2+3_A_24_4_1_comp3+3_A_24_4_1_comp4+3_A_24_4_1_comp5+3_A_24_4_1_comp6+3_A_24_4_1_comp7+3_A_24_4_1_comp8,R_3_A_24_4_1,TCDB,TCDB.3_A_24_4_1_comp3
G_3_A_24_4_1_comp4,P_3_A_24_4_1_comp1+3_A_24_4_1_comp2+3_A_24_4_1_comp3+3_A_24_4_1_comp4+3_A_24_4_1_comp5+3_A_24_4_1_comp6+3_A_24_4_1_comp7+3_A_24_4_1_comp8,R_3_A_24_4_1,TCDB,TCDB.3_A_24_4_1_comp4
G_3_A_24_4_1_comp5,P_3_A_24_4_1_comp1+3_A_24_4_1_comp2+3_A_24_4_1_comp3+3_A_24_4_1_comp4+3_A_24_4_1_comp5+3_A_24_4_1_comp6+3_A_24_4_1_comp7+3_A_24_4_1_comp8,R_3_A_24_4_1,TCDB,TCDB.3_A_24_4_1_comp5
G_3_A_24_4_1_comp6,P_3_A_24_4_1_comp1+3_A_24_4_1_comp2+3_A_24_4_1_comp3+3_A_24_4_1_comp4+3_A_24_4_1_comp5+3_A_24_4_1_comp6+3_A_24_4_1_comp7+3_A_24_4_1_comp8,R_3_A_24_4_1,TCDB,TCDB.3_A_24_4_1_comp6
G_3_A_24_4_1_comp7,P_3_A_24_4_1_comp1+3_A_24_4_1_comp2+3_A_24_4_1_comp3+3_A_24_4_1_comp4+3_A_24_4_1_comp5+3_A_24_4_1_comp6+3_A_24_4_1_comp7+3_A_24_4_1_comp8,R_3_A_24_4_1,TCDB,TCDB.3_A_24_4_1_comp7
G_3_A_24_4_1_comp8,P_3_A_24_4_1_comp1+3_A_24_4_1_comp2+3_A_24_4_1_comp3+3_A_24_4_1_comp4+3_A_24_4_1_comp5+3_A_24_4_1_comp6+3_A_24_4_1_comp7+3_A_24_4_1_comp8,R_3_A_24_4_1,TCDB,TCDB.3_A_24_4_1_comp8
G_1_A_1_27_1_comp1,P_1_A_1_27_1_comp1,R_1_A_1_27_1,TCDB,TCDB.1_A_1_27_1_comp1
G_2_A_49_7_3_comp1,P_2_A_49_7_3_comp1,R_2_A_49_7_3,TCDB,TCDB.2_A_49_7_3_comp1
G_1_C_21_1_10_comp1,P_1_C_21_1_10_comp1,R_1_C_21_1_10,TCDB,TCDB.1_C_21_1_10_comp1
G_3_A_1_20_1_comp1,P_3_A_1_20_1_comp1+3_A_1_20_1_comp2+3_A_1_20_1_comp3+3_A_1_20_1_comp4+3_A_1_20_1_comp5+3_A_1_20_1_comp6,R_3_A_1_20_1,TCDB,TCDB.3_A_1_20_1_comp1
G_3_A_1_20_1_comp2,P_3_A_1_20_1_comp1+3_A_1_20_1_comp2+3_A_1_20_1_comp3+3_A_1_20_1_comp4+3_A_1_20_1_comp5+3_A_1_20_1_comp6,R_3_A_1_20_1,TCDB,TCDB.3_A_1_20_1_comp2
G_3_A_1_20_1_comp3,P_3_A_1_20_1_comp1+3_A_1_20_1_comp2+3_A_1_20_1_comp3+3_A_1_20_1_comp4+3_A_1_20_1_comp5+3_A_1_20_1_comp6,R_3_A_1_20_1,TCDB,TCDB.3_A_1_20_1_comp3
G_3_A_1_20_1_comp4,P_3_A_1_20_1_comp1+3_A_1_20_1_comp2+3_A_1_20_1_comp3+3_A_1_20_1_comp4+3_A_1_20_1_comp5+3_A_1_20_1_comp6,R_3_A_1_20_1,TCDB,TCDB.3_A_1_20_1_comp4
G_3_A_1_20_1_comp5,P_3_A_1_20_1_comp1+3_A_1_20_1_comp2+3_A_1_20_1_comp3+3_A_1_20_1_comp4+3_A_1_20_1_comp5+3_A_1_20_1_comp6,R_3_A_1_20_1,TCDB,TCDB.3_A_1_20_1_comp5
G_3_A_1_20_1_comp6,P_3_A_1_20_1_comp1+3_A_1_20_1_comp2+3_A_1_20_1_comp3+3_A_1_20_1_comp4+3_A_1_20_1_comp5+3_A_1_20_1_comp6,R_3_A_1_20_1,TCDB,TCDB.3_A_1_20_1_comp6
G_3_A_1_121_2_comp1,P_3_A_1_121_2_comp1,R_3_A_1_121_2,TCDB,TCDB.3_A_1_121_2_comp1
G_1_C_30_1_3_comp1,P_1_C_30_1_3_comp1+1_C_30_1_3_comp2,R_1_C_30_1_3,TCDB,TCDB.1_C_30_1_3_comp1
G_1_C_30_1_3_comp2,P_1_C_30_1_3_comp1+1_C_30_1_3_comp2,R_1_C_30_1_3,TCDB,TCDB.1_C_30_1_3_comp2
G_1_B_14_1_3_comp1,P_1_B_14_1_3_comp1,R_1_B_14_1_3,TCDB,TCDB.1_B_14_1_3_comp1
G_3_D_4_3_1_comp1,P_3_D_4_3_1_comp1+3_D_4_3_1_comp2,R_3_D_4_3_1,TCDB,TCDB.3_D_4_3_1_comp1
G_3_D_4_3_1_comp2,P_3_D_4_3_1_comp1+3_D_4_3_1_comp2,R_3_D_4_3_1,TCDB,TCDB.3_D_4_3_1_comp2
G_2_A_57_1_3_comp1,P_2_A_57_1_3_comp1,R_2_A_57_1_3,TCDB,TCDB.2_A_57_1_3_comp1
G_2_A_57_1_4_comp1,P_2_A_57_1_4_comp1,R_2_A_57_1_4,TCDB,TCDB.2_A_57_1_4_comp1
G_2_A_19_4_2_comp1,P_2_A_19_4_2_comp1,R_2_A_19_4_2,TCDB,TCDB.2_A_19_4_2_comp1
G_1_A_1_20_3_comp1,P_1_A_1_20_3_comp1,R_1_A_1_20_3,TCDB,TCDB.1_A_1_20_3_comp1
G_1_A_1_20_2_comp1,P_1_A_1_20_2_comp1,R_1_A_1_20_2,TCDB,TCDB.1_A_1_20_2_comp1
G_2_A_55_2_2_comp1,P_2_A_55_2_2_comp1,R_2_A_55_2_2,TCDB,TCDB.2_A_55_2_2_comp1
G_1_A_1_3_5_comp1,P_1_A_1_3_5_comp1,R_1_A_1_3_5,TCDB,TCDB.1_A_1_3_5_comp1
G_1_A_1_11_9_comp1,P_1_A_1_11_9_comp1,R_1_A_1_11_9,TCDB,TCDB.1_A_1_11_9_comp1
G_9_B_130_2_5_comp1,P_9_B_130_2_5_comp1,R_9_B_130_2_5,TCDB,TCDB.9_B_130_2_5_comp1
G_1_E_11_1_5_comp1,P_1_E_11_1_5_comp1,R_1_E_11_1_5,TCDB,TCDB.1_E_11_1_5_comp1
G_9_A_14_1_7_comp1,P_9_A_14_1_7_comp1,R_9_A_14_1_7,TCDB,TCDB.9_A_14_1_7_comp1
G_1_A_24_1_11_comp1,P_1_A_24_1_11_comp1,R_1_A_24_1_11,TCDB,TCDB.1_A_24_1_11_comp1
G_1_A_28_1_2_comp1,P_1_A_28_1_2_comp1,R_1_A_28_1_2,TCDB,TCDB.1_A_28_1_2_comp1
G_2_A_120_1_5_comp1,P_2_A_120_1_5_comp1,R_2_A_120_1_5,TCDB,TCDB.2_A_120_1_5_comp1
G_2_A_95_1_2_comp1,P_2_A_95_1_2_comp1,R_2_A_95_1_2,TCDB,TCDB.2_A_95_1_2_comp1
G_9_B_149_1_9_comp1,P_9_B_149_1_9_comp1,R_9_B_149_1_9,TCDB,TCDB.9_B_149_1_9_comp1
G_2_A_67_4_2_comp1,P_2_A_67_4_2_comp1,R_2_A_67_4_2,TCDB,TCDB.2_A_67_4_2_comp1
G_9_B_142_9_6_comp1,P_9_B_142_9_6_comp1,R_9_B_142_9_6,TCDB,TCDB.9_B_142_9_6_comp1
G_9_B_98_1_4_comp1,P_9_B_98_1_4_comp1,R_9_B_98_1_4,TCDB,TCDB.9_B_98_1_4_comp1
G_3_A_1_128_6_comp1,P_3_A_1_128_6_comp1+3_A_1_128_6_comp2,R_3_A_1_128_6,TCDB,TCDB.3_A_1_128_6_comp1
G_3_A_1_128_6_comp2,P_3_A_1_128_6_comp1+3_A_1_128_6_comp2,R_3_A_1_128_6,TCDB,TCDB.3_A_1_128_6_comp2
G_9_B_142_3_2_comp1,P_9_B_142_3_2_comp1,R_9_B_142_3_2,TCDB,TCDB.9_B_142_3_2_comp1
G_2_A_23_1_5_comp1,P_2_A_23_1_5_comp1,R_2_A_23_1_5,TCDB,TCDB.2_A_23_1_5_comp1
G_8_A_21_2_1_comp1,P_8_A_21_2_1_comp1+8_A_21_2_1_comp2,R_8_A_21_2_1,TCDB,TCDB.8_A_21_2_1_comp1
G_8_A_21_2_1_comp2,P_8_A_21_2_1_comp1+8_A_21_2_1_comp2,R_8_A_21_2_1,TCDB,TCDB.8_A_21_2_1_comp2
G_3_D_1_4_2_comp1,P_3_D_1_4_2_comp1+3_D_1_4_2_comp2+3_D_1_4_2_comp3+3_D_1_4_2_comp4+3_D_1_4_2_comp5+3_D_1_4_2_comp6,R_3_D_1_4_2,TCDB,TCDB.3_D_1_4_2_comp1
G_3_D_1_4_2_comp2,P_3_D_1_4_2_comp1+3_D_1_4_2_comp2+3_D_1_4_2_comp3+3_D_1_4_2_comp4+3_D_1_4_2_comp5+3_D_1_4_2_comp6,R_3_D_1_4_2,TCDB,TCDB.3_D_1_4_2_comp2
G_3_D_1_4_2_comp3,P_3_D_1_4_2_comp1+3_D_1_4_2_comp2+3_D_1_4_2_comp3+3_D_1_4_2_comp4+3_D_1_4_2_comp5+3_D_1_4_2_comp6,R_3_D_1_4_2,TCDB,TCDB.3_D_1_4_2_comp3
G_3_D_1_4_2_comp4,P_3_D_1_4_2_comp1+3_D_1_4_2_comp2+3_D_1_4_2_comp3+3_D_1_4_2_comp4+3_D_1_4_2_comp5+3_D_1_4_2_comp6,R_3_D_1_4_2,TCDB,TCDB.3_D_1_4_2_comp4
G_3_D_1_4_2_comp5,P_3_D_1_4_2_comp1+3_D_1_4_2_comp2+3_D_1_4_2_comp3+3_D_1_4_2_comp4+3_D_1_4_2_comp5+3_D_1_4_2_comp6,R_3_D_1_4_2,TCDB,TCDB.3_D_1_4_2_comp5
G_3_D_1_4_2_comp6,P_3_D_1_4_2_comp1+3_D_1_4_2_comp2+3_D_1_4_2_comp3+3_D_1_4_2_comp4+3_D_1_4_2_comp5+3_D_1_4_2_comp6,R_3_D_1_4_2,TCDB,TCDB.3_D_1_4_2_comp6
G_3_A_3_5_29_comp1,P_3_A_3_5_29_comp1,R_3_A_3_5_29,TCDB,TCDB.3_A_3_5_29_comp1
G_9_B_216_1_2_comp1,P_9_B_216_1_2_comp1,R_9_B_216_1_2,TCDB,TCDB.9_B_216_1_2_comp1
G_2_A_1_48_4_comp1,P_2_A_1_48_4_comp1,R_2_A_1_48_4,TCDB,TCDB.2_A_1_48_4_comp1
G_3_A_3_2_34_comp1,P_3_A_3_2_34_comp1,R_3_A_3_2_34,TCDB,TCDB.3_A_3_2_34_comp1
G_2_A_19_2_8_comp1,P_2_A_19_2_8_comp1,R_2_A_19_2_8,TCDB,TCDB.2_A_19_2_8_comp1
G_2_A_3_10_28_comp1,P_2_A_3_10_28_comp1,R_2_A_3_10_28,TCDB,TCDB.2_A_3_10_28_comp1
G_1_A_20_1_2_comp1,P_1_A_20_1_2_comp1,R_1_A_20_1_2,TCDB,TCDB.1_A_20_1_2_comp1
G_9_A_14_6_6_comp1,P_9_A_14_6_6_comp1,R_9_A_14_6_6,TCDB,TCDB.9_A_14_6_6_comp1
G_9_A_14_6_7_comp1,P_9_A_14_6_7_comp1,R_9_A_14_6_7,TCDB,TCDB.9_A_14_6_7_comp1
G_8_A_52_2_1_comp1,P_8_A_52_2_1_comp1,R_8_A_52_2_1,TCDB,TCDB.8_A_52_2_1_comp1
G_3_A_3_8_26_comp1,P_3_A_3_8_26_comp1,R_3_A_3_8_26,TCDB,TCDB.3_A_3_8_26_comp1
G_1_A_37_4_1_comp1,P_1_A_37_4_1_comp1,R_1_A_37_4_1,TCDB,TCDB.1_A_37_4_1_comp1
G_8_A_159_1_11_comp1,P_8_A_159_1_11_comp1,R_8_A_159_1_11,TCDB,TCDB.8_A_159_1_11_comp1
G_8_A_87_1_1_comp1,P_8_A_87_1_1_comp1,R_8_A_87_1_1,TCDB,TCDB.8_A_87_1_1_comp1
G_8_A_16_2_2_comp1,P_8_A_16_2_2_comp1,R_8_A_16_2_2,TCDB,TCDB.8_A_16_2_2_comp1
G_1_C_123_1_5_comp1,P_1_C_123_1_5_comp1,R_1_C_123_1_5,TCDB,TCDB.1_C_123_1_5_comp1
G_8_A_47_1_6_comp1,P_8_A_47_1_6_comp1,R_8_A_47_1_6,TCDB,TCDB.8_A_47_1_6_comp1
G_1_C_39_17_1_comp1,P_1_C_39_17_1_comp1,R_1_C_39_17_1,TCDB,TCDB.1_C_39_17_1_comp1
G_9_B_123_1_1_comp1,P_9_B_123_1_1_comp1,R_9_B_123_1_1,TCDB,TCDB.9_B_123_1_1_comp1
G_4_C_1_1_21_comp1,P_4_C_1_1_21_comp1,R_4_C_1_1_21,TCDB,TCDB.4_C_1_1_21_comp1
G_9_A_3_1_1_comp1,P_9_A_3_1_1_comp1+9_A_3_1_1_comp2+9_A_3_1_1_comp3+9_A_3_1_1_comp4+9_A_3_1_1_comp5+9_A_3_1_1_comp6+9_A_3_1_1_comp7+9_A_3_1_1_comp8,R_9_A_3_1_1,TCDB,TCDB.9_A_3_1_1_comp1
G_9_A_3_1_1_comp2,P_9_A_3_1_1_comp1+9_A_3_1_1_comp2+9_A_3_1_1_comp3+9_A_3_1_1_comp4+9_A_3_1_1_comp5+9_A_3_1_1_comp6+9_A_3_1_1_comp7+9_A_3_1_1_comp8,R_9_A_3_1_1,TCDB,TCDB.9_A_3_1_1_comp2
G_9_A_3_1_1_comp3,P_9_A_3_1_1_comp1+9_A_3_1_1_comp2+9_A_3_1_1_comp3+9_A_3_1_1_comp4+9_A_3_1_1_comp5+9_A_3_1_1_comp6+9_A_3_1_1_comp7+9_A_3_1_1_comp8,R_9_A_3_1_1,TCDB,TCDB.9_A_3_1_1_comp3
G_9_A_3_1_1_comp4,P_9_A_3_1_1_comp1+9_A_3_1_1_comp2+9_A_3_1_1_comp3+9_A_3_1_1_comp4+9_A_3_1_1_comp5+9_A_3_1_1_comp6+9_A_3_1_1_comp7+9_A_3_1_1_comp8,R_9_A_3_1_1,TCDB,TCDB.9_A_3_1_1_comp4
G_9_A_3_1_1_comp5,P_9_A_3_1_1_comp1+9_A_3_1_1_comp2+9_A_3_1_1_comp3+9_A_3_1_1_comp4+9_A_3_1_1_comp5+9_A_3_1_1_comp6+9_A_3_1_1_comp7+9_A_3_1_1_comp8,R_9_A_3_1_1,TCDB,TCDB.9_A_3_1_1_comp5
G_9_A_3_1_1_comp6,P_9_A_3_1_1_comp1+9_A_3_1_1_comp2+9_A_3_1_1_comp3+9_A_3_1_1_comp4+9_A_3_1_1_comp5+9_A_3_1_1_comp6+9_A_3_1_1_comp7+9_A_3_1_1_comp8,R_9_A_3_1_1,TCDB,TCDB.9_A_3_1_1_comp6
G_9_A_3_1_1_comp7,P_9_A_3_1_1_comp1+9_A_3_1_1_comp2+9_A_3_1_1_comp3+9_A_3_1_1_comp4+9_A_3_1_1_comp5+9_A_3_1_1_comp6+9_A_3_1_1_comp7+9_A_3_1_1_comp8,R_9_A_3_1_1,TCDB,TCDB.9_A_3_1_1_comp7
G_9_A_3_1_1_comp8,P_9_A_3_1_1_comp1+9_A_3_1_1_comp2+9_A_3_1_1_comp3+9_A_3_1_1_comp4+9_A_3_1_1_comp5+9_A_3_1_1_comp6+9_A_3_1_1_comp7+9_A_3_1_1_comp8,R_9_A_3_1_1,TCDB,TCDB.9_A_3_1_1_comp8
G_9_B_87_1_34_comp1,P_9_B_87_1_34_comp1,R_9_B_87_1_34,TCDB,TCDB.9_B_87_1_34_comp1
G_8_A_23_1_33_comp1,P_8_A_23_1_33_comp1,R_8_A_23_1_33,TCDB,TCDB.8_A_23_1_33_comp1
G_8_A_43_1_16_comp1,P_8_A_43_1_16_comp1,R_8_A_43_1_16,TCDB,TCDB.8_A_43_1_16_comp1
G_8_A_40_1_16_comp1,P_8_A_40_1_16_comp1,R_8_A_40_1_16,TCDB,TCDB.8_A_40_1_16_comp1
G_2_A_1_13_5_comp1,P_2_A_1_13_5_comp1,R_2_A_1_13_5,TCDB,TCDB.2_A_1_13_5_comp1
G_3_A_1_208_23_comp1,P_3_A_1_208_23_comp1,R_3_A_1_208_23,TCDB,TCDB.3_A_1_208_23_comp1
G_8_A_160_1_1_comp1,P_8_A_160_1_1_comp1,R_8_A_160_1_1,TCDB,TCDB.8_A_160_1_1_comp1
G_2_A_19_4_9_comp1,P_2_A_19_4_9_comp1,R_2_A_19_4_9,TCDB,TCDB.2_A_19_4_9_comp1
G_1_A_1_5_32_comp1,P_1_A_1_5_32_comp1,R_1_A_1_5_32,TCDB,TCDB.1_A_1_5_32_comp1
G_2_A_48_1_2_comp1,P_2_A_48_1_2_comp1,R_2_A_48_1_2,TCDB,TCDB.2_A_48_1_2_comp1
G_9_B_278_1_6_comp1,P_9_B_278_1_6_comp1,R_9_B_278_1_6,TCDB,TCDB.9_B_278_1_6_comp1
G_1_A_1_11_11_comp1,P_1_A_1_11_11_comp1,R_1_A_1_11_11,TCDB,TCDB.1_A_1_11_11_comp1
G_8_A_127_1_1_comp1,P_8_A_127_1_1_comp1,R_8_A_127_1_1,TCDB,TCDB.8_A_127_1_1_comp1
G_8_A_127_1_2_comp1,P_8_A_127_1_2_comp1,R_8_A_127_1_2,TCDB,TCDB.8_A_127_1_2_comp1
G_8_A_127_1_3_comp1,P_8_A_127_1_3_comp1,R_8_A_127_1_3,TCDB,TCDB.8_A_127_1_3_comp1
G_1_A_2_1_8_comp1,P_1_A_2_1_8_comp1,R_1_A_2_1_8,TCDB,TCDB.1_A_2_1_8_comp1
G_2_A_43_1_1_comp1,P_2_A_43_1_1_comp1,R_2_A_43_1_1,TCDB,TCDB.2_A_43_1_1_comp1
G_8_A_17_2_1_comp1,P_8_A_17_2_1_comp1,R_8_A_17_2_1,TCDB,TCDB.8_A_17_2_1_comp1
G_2_A_1_1_77_comp1,P_2_A_1_1_77_comp1,R_2_A_1_1_77,TCDB,TCDB.2_A_1_1_77_comp1
G_2_A_1_1_78_comp1,P_2_A_1_1_78_comp1,R_2_A_1_1_78,TCDB,TCDB.2_A_1_1_78_comp1
G_1_A_4_3_3_comp1,P_1_A_4_3_3_comp1,R_1_A_4_3_3,TCDB,TCDB.1_A_4_3_3_comp1
G_1_A_6_4_3_comp1,P_1_A_6_4_3_comp1,R_1_A_6_4_3,TCDB,TCDB.1_A_6_4_3_comp1
G_8_B_1_1_5_comp1,P_8_B_1_1_5_comp1,R_8_B_1_1_5,TCDB,TCDB.8_B_1_1_5_comp1
G_1_A_25_1_5_comp1,P_1_A_25_1_5_comp1,R_1_A_25_1_5,TCDB,TCDB.1_A_25_1_5_comp1
G_1_A_25_1_6_comp1,P_1_A_25_1_6_comp1,R_1_A_25_1_6,TCDB,TCDB.1_A_25_1_6_comp1
G_1_C_33_1_5_comp1,P_1_C_33_1_5_comp1,R_1_C_33_1_5,TCDB,TCDB.1_C_33_1_5_comp1
G_1_E_36_1_7_comp1,P_1_E_36_1_7_comp1,R_1_E_36_1_7,TCDB,TCDB.1_E_36_1_7_comp1
G_3_A_3_6_18_comp1,P_3_A_3_6_18_comp1,R_3_A_3_6_18,TCDB,TCDB.3_A_3_6_18_comp1
G_2_A_7_11_4_comp1,P_2_A_7_11_4_comp1,R_2_A_7_11_4,TCDB,TCDB.2_A_7_11_4_comp1
G_1_A_76_2_1_comp1,P_1_A_76_2_1_comp1,R_1_A_76_2_1,TCDB,TCDB.1_A_76_2_1_comp1
G_9_B_135_1_2_comp1,P_9_B_135_1_2_comp1,R_9_B_135_1_2,TCDB,TCDB.9_B_135_1_2_comp1
G_2_A_3_3_12_comp1,P_2_A_3_3_12_comp1,R_2_A_3_3_12,TCDB,TCDB.2_A_3_3_12_comp1
G_8_A_102_1_7_comp1,P_8_A_102_1_7_comp1,R_8_A_102_1_7,TCDB,TCDB.8_A_102_1_7_comp1
G_2_A_37_1_7_comp1,P_2_A_37_1_7_comp1,R_2_A_37_1_7,TCDB,TCDB.2_A_37_1_7_comp1
G_2_A_29_3_3_comp1,P_2_A_29_3_3_comp1,R_2_A_29_3_3,TCDB,TCDB.2_A_29_3_3_comp1
G_1_A_1_5_5_comp1,P_1_A_1_5_5_comp1,R_1_A_1_5_5,TCDB,TCDB.1_A_1_5_5_comp1
G_1_A_1_5_6_comp1,P_1_A_1_5_6_comp1,R_1_A_1_5_6,TCDB,TCDB.1_A_1_5_6_comp1
G_1_C_45_1_5_comp1,P_1_C_45_1_5_comp1,R_1_C_45_1_5,TCDB,TCDB.1_C_45_1_5_comp1
G_1_A_31_1_5_comp1,P_1_A_31_1_5_comp1,R_1_A_31_1_5,TCDB,TCDB.1_A_31_1_5_comp1
G_1_B_9_2_1_comp1,P_1_B_9_2_1_comp1,R_1_B_9_2_1,TCDB,TCDB.1_B_9_2_1_comp1
G_3_A_7_15_1_comp1,P_3_A_7_15_1_comp1+3_A_7_15_1_comp2+3_A_7_15_1_comp3+3_A_7_15_1_comp4+3_A_7_15_1_comp5+3_A_7_15_1_comp6+3_A_7_15_1_comp7+3_A_7_15_1_comp8+3_A_7_15_1_comp9,R_3_A_7_15_1,TCDB,TCDB.3_A_7_15_1_comp1
G_3_A_7_15_1_comp2,P_3_A_7_15_1_comp1+3_A_7_15_1_comp2+3_A_7_15_1_comp3+3_A_7_15_1_comp4+3_A_7_15_1_comp5+3_A_7_15_1_comp6+3_A_7_15_1_comp7+3_A_7_15_1_comp8+3_A_7_15_1_comp9,R_3_A_7_15_1,TCDB,TCDB.3_A_7_15_1_comp2
G_3_A_7_15_1_comp3,P_3_A_7_15_1_comp1+3_A_7_15_1_comp2+3_A_7_15_1_comp3+3_A_7_15_1_comp4+3_A_7_15_1_comp5+3_A_7_15_1_comp6+3_A_7_15_1_comp7+3_A_7_15_1_comp8+3_A_7_15_1_comp9,R_3_A_7_15_1,TCDB,TCDB.3_A_7_15_1_comp3
G_3_A_7_15_1_comp4,P_3_A_7_15_1_comp1+3_A_7_15_1_comp2+3_A_7_15_1_comp3+3_A_7_15_1_comp4+3_A_7_15_1_comp5+3_A_7_15_1_comp6+3_A_7_15_1_comp7+3_A_7_15_1_comp8+3_A_7_15_1_comp9,R_3_A_7_15_1,TCDB,TCDB.3_A_7_15_1_comp4
G_3_A_7_15_1_comp5,P_3_A_7_15_1_comp1+3_A_7_15_1_comp2+3_A_7_15_1_comp3+3_A_7_15_1_comp4+3_A_7_15_1_comp5+3_A_7_15_1_comp6+3_A_7_15_1_comp7+3_A_7_15_1_comp8+3_A_7_15_1_comp9,R_3_A_7_15_1,TCDB,TCDB.3_A_7_15_1_comp5
G_3_A_7_15_1_comp6,P_3_A_7_15_1_comp1+3_A_7_15_1_comp2+3_A_7_15_1_comp3+3_A_7_15_1_comp4+3_A_7_15_1_comp5+3_A_7_15_1_comp6+3_A_7_15_1_comp7+3_A_7_15_1_comp8+3_A_7_15_1_comp9,R_3_A_7_15_1,TCDB,TCDB.3_A_7_15_1_comp6
G_3_A_7_15_1_comp7,P_3_A_7_15_1_comp1+3_A_7_15_1_comp2+3_A_7_15_1_comp3+3_A_7_15_1_comp4+3_A_7_15_1_comp5+3_A_7_15_1_comp6+3_A_7_15_1_comp7+3_A_7_15_1_comp8+3_A_7_15_1_comp9,R_3_A_7_15_1,TCDB,TCDB.3_A_7_15_1_comp7
G_3_A_7_15_1_comp8,P_3_A_7_15_1_comp1+3_A_7_15_1_comp2+3_A_7_15_1_comp3+3_A_7_15_1_comp4+3_A_7_15_1_comp5+3_A_7_15_1_comp6+3_A_7_15_1_comp7+3_A_7_15_1_comp8+3_A_7_15_1_comp9,R_3_A_7_15_1,TCDB,TCDB.3_A_7_15_1_comp8
G_3_A_7_15_1_comp9,P_3_A_7_15_1_comp1+3_A_7_15_1_comp2+3_A_7_15_1_comp3+3_A_7_15_1_comp4+3_A_7_15_1_comp5+3_A_7_15_1_comp6+3_A_7_15_1_comp7+3_A_7_15_1_comp8+3_A_7_15_1_comp9,R_3_A_7_15_1,TCDB,TCDB.3_A_7_15_1_comp9
G_2_A_62_1_1_comp1,P_2_A_62_1_1_comp1,R_2_A_62_1_1,TCDB,TCDB.2_A_62_1_1_comp1
G_1_A_11_1_5_comp1,P_1_A_11_1_5_comp1,R_1_A_11_1_5,TCDB,TCDB.1_A_11_1_5_comp1
G_1_B_16_2_6_comp1,P_1_B_16_2_6_comp1,R_1_B_16_2_6,TCDB,TCDB.1_B_16_2_6_comp1
G_3_A_3_2_24_comp1,P_3_A_3_2_24_comp1,R_3_A_3_2_24,TCDB,TCDB.3_A_3_2_24_comp1
G_3_A_29_1_4_comp1,P_3_A_29_1_4_comp1,R_3_A_29_1_4,TCDB,TCDB.3_A_29_1_4_comp1
G_3_D_7_2_1_comp1,P_3_D_7_2_1_comp1+3_D_7_2_1_comp2,R_3_D_7_2_1,TCDB,TCDB.3_D_7_2_1_comp1
G_3_D_7_2_1_comp2,P_3_D_7_2_1_comp1+3_D_7_2_1_comp2,R_3_D_7_2_1,TCDB,TCDB.3_D_7_2_1_comp2
G_3_A_1_103_9_comp1,P_3_A_1_103_9_comp1,R_3_A_1_103_9,TCDB,TCDB.3_A_1_103_9_comp1
G_3_A_1_110_13_comp1,P_3_A_1_110_13_comp1,R_3_A_1_110_13,TCDB,TCDB.3_A_1_110_13_comp1
G_3_A_3_5_22_comp1,P_3_A_3_5_22_comp1,R_3_A_3_5_22,TCDB,TCDB.3_A_3_5_22_comp1
G_5_A_3_11_2_comp1,P_5_A_3_11_2_comp1+5_A_3_11_2_comp2+5_A_3_11_2_comp3,R_5_A_3_11_2,TCDB,TCDB.5_A_3_11_2_comp1
G_5_A_3_11_2_comp2,P_5_A_3_11_2_comp1+5_A_3_11_2_comp2+5_A_3_11_2_comp3,R_5_A_3_11_2,TCDB,TCDB.5_A_3_11_2_comp2
G_5_A_3_11_2_comp3,P_5_A_3_11_2_comp1+5_A_3_11_2_comp2+5_A_3_11_2_comp3,R_5_A_3_11_2,TCDB,TCDB.5_A_3_11_2_comp3
G_1_B_3_1_7_comp1,P_1_B_3_1_7_comp1,R_1_B_3_1_7,TCDB,TCDB.1_B_3_1_7_comp1
G_3_A_3_5_21_comp1,P_3_A_3_5_21_comp1,R_3_A_3_5_21,TCDB,TCDB.3_A_3_5_21_comp1
G_4_D_1_1_7_comp1,P_4_D_1_1_7_comp1,R_4_D_1_1_7,TCDB,TCDB.4_D_1_1_7_comp1
G_2_A_22_4_2_comp1,P_2_A_22_4_2_comp1,R_2_A_22_4_2,TCDB,TCDB.2_A_22_4_2_comp1
G_1_A_11_1_4_comp1,P_1_A_11_1_4_comp1,R_1_A_11_1_4,TCDB,TCDB.1_A_11_1_4_comp1
G_1_B_45_1_1_comp1,P_1_B_45_1_1_comp1,R_1_B_45_1_1,TCDB,TCDB.1_B_45_1_1_comp1
G_3_A_15_3_1_comp1,P_3_A_15_3_1_comp1+3_A_15_3_1_comp2+3_A_15_3_1_comp3+3_A_15_3_1_comp4+3_A_15_3_1_comp5+3_A_15_3_1_comp6+3_A_15_3_1_comp7+3_A_15_3_1_comp8+3_A_15_3_1_comp9+3_A_15_3_1_comp10+3_A_15_3_1_comp11+3_A_15_3_1_comp12,R_3_A_15_3_1,TCDB,TCDB.3_A_15_3_1_comp1
G_3_A_15_3_1_comp2,P_3_A_15_3_1_comp1+3_A_15_3_1_comp2+3_A_15_3_1_comp3+3_A_15_3_1_comp4+3_A_15_3_1_comp5+3_A_15_3_1_comp6+3_A_15_3_1_comp7+3_A_15_3_1_comp8+3_A_15_3_1_comp9+3_A_15_3_1_comp10+3_A_15_3_1_comp11+3_A_15_3_1_comp12,R_3_A_15_3_1,TCDB,TCDB.3_A_15_3_1_comp2
G_3_A_15_3_1_comp3,P_3_A_15_3_1_comp1+3_A_15_3_1_comp2+3_A_15_3_1_comp3+3_A_15_3_1_comp4+3_A_15_3_1_comp5+3_A_15_3_1_comp6+3_A_15_3_1_comp7+3_A_15_3_1_comp8+3_A_15_3_1_comp9+3_A_15_3_1_comp10+3_A_15_3_1_comp11+3_A_15_3_1_comp12,R_3_A_15_3_1,TCDB,TCDB.3_A_15_3_1_comp3
G_3_A_15_3_1_comp4,P_3_A_15_3_1_comp1+3_A_15_3_1_comp2+3_A_15_3_1_comp3+3_A_15_3_1_comp4+3_A_15_3_1_comp5+3_A_15_3_1_comp6+3_A_15_3_1_comp7+3_A_15_3_1_comp8+3_A_15_3_1_comp9+3_A_15_3_1_comp10+3_A_15_3_1_comp11+3_A_15_3_1_comp12,R_3_A_15_3_1,TCDB,TCDB.3_A_15_3_1_comp4
G_3_A_15_3_1_comp5,P_3_A_15_3_1_comp1+3_A_15_3_1_comp2+3_A_15_3_1_comp3+3_A_15_3_1_comp4+3_A_15_3_1_comp5+3_A_15_3_1_comp6+3_A_15_3_1_comp7+3_A_15_3_1_comp8+3_A_15_3_1_comp9+3_A_15_3_1_comp10+3_A_15_3_1_comp11+3_A_15_3_1_comp12,R_3_A_15_3_1,TCDB,TCDB.3_A_15_3_1_comp5
G_3_A_15_3_1_comp6,P_3_A_15_3_1_comp1+3_A_15_3_1_comp2+3_A_15_3_1_comp3+3_A_15_3_1_comp4+3_A_15_3_1_comp5+3_A_15_3_1_comp6+3_A_15_3_1_comp7+3_A_15_3_1_comp8+3_A_15_3_1_comp9+3_A_15_3_1_comp10+3_A_15_3_1_comp11+3_A_15_3_1_comp12,R_3_A_15_3_1,TCDB,TCDB.3_A_15_3_1_comp6
G_3_A_15_3_1_comp7,P_3_A_15_3_1_comp1+3_A_15_3_1_comp2+3_A_15_3_1_comp3+3_A_15_3_1_comp4+3_A_15_3_1_comp5+3_A_15_3_1_comp6+3_A_15_3_1_comp7+3_A_15_3_1_comp8+3_A_15_3_1_comp9+3_A_15_3_1_comp10+3_A_15_3_1_comp11+3_A_15_3_1_comp12,R_3_A_15_3_1,TCDB,TCDB.3_A_15_3_1_comp7
G_3_A_15_3_1_comp8,P_3_A_15_3_1_comp1+3_A_15_3_1_comp2+3_A_15_3_1_comp3+3_A_15_3_1_comp4+3_A_15_3_1_comp5+3_A_15_3_1_comp6+3_A_15_3_1_comp7+3_A_15_3_1_comp8+3_A_15_3_1_comp9+3_A_15_3_1_comp10+3_A_15_3_1_comp11+3_A_15_3_1_comp12,R_3_A_15_3_1,TCDB,TCDB.3_A_15_3_1_comp8
G_3_A_15_3_1_comp9,P_3_A_15_3_1_comp1+3_A_15_3_1_comp2+3_A_15_3_1_comp3+3_A_15_3_1_comp4+3_A_15_3_1_comp5+3_A_15_3_1_comp6+3_A_15_3_1_comp7+3_A_15_3_1_comp8+3_A_15_3_1_comp9+3_A_15_3_1_comp10+3_A_15_3_1_comp11+3_A_15_3_1_comp12,R_3_A_15_3_1,TCDB,TCDB.3_A_15_3_1_comp9
G_3_A_15_3_1_comp10,P_3_A_15_3_1_comp1+3_A_15_3_1_comp2+3_A_15_3_1_comp3+3_A_15_3_1_comp4+3_A_15_3_1_comp5+3_A_15_3_1_comp6+3_A_15_3_1_comp7+3_A_15_3_1_comp8+3_A_15_3_1_comp9+3_A_15_3_1_comp10+3_A_15_3_1_comp11+3_A_15_3_1_comp12,R_3_A_15_3_1,TCDB,TCDB.3_A_15_3_1_comp10
G_3_A_15_3_1_comp11,P_3_A_15_3_1_comp1+3_A_15_3_1_comp2+3_A_15_3_1_comp3+3_A_15_3_1_comp4+3_A_15_3_1_comp5+3_A_15_3_1_comp6+3_A_15_3_1_comp7+3_A_15_3_1_comp8+3_A_15_3_1_comp9+3_A_15_3_1_comp10+3_A_15_3_1_comp11+3_A_15_3_1_comp12,R_3_A_15_3_1,TCDB,TCDB.3_A_15_3_1_comp11
G_3_A_15_3_1_comp12,P_3_A_15_3_1_comp1+3_A_15_3_1_comp2+3_A_15_3_1_comp3+3_A_15_3_1_comp4+3_A_15_3_1_comp5+3_A_15_3_1_comp6+3_A_15_3_1_comp7+3_A_15_3_1_comp8+3_A_15_3_1_comp9+3_A_15_3_1_comp10+3_A_15_3_1_comp11+3_A_15_3_1_comp12,R_3_A_15_3_1,TCDB,TCDB.3_A_15_3_1_comp12
G_2_A_6_2_3_comp1,P_2_A_6_2_3_comp1,R_2_A_6_2_3,TCDB,TCDB.2_A_6_2_3_comp1
G_3_A_10_2_1_comp1,P_3_A_10_2_1_comp1,R_3_A_10_2_1,TCDB,TCDB.3_A_10_2_1_comp1
G_1_C_20_1_8_comp1,P_1_C_20_1_8_comp1,R_1_C_20_1_8,TCDB,TCDB.1_C_20_1_8_comp1
G_1_B_14_1_31_comp1,P_1_B_14_1_31_comp1,R_1_B_14_1_31,TCDB,TCDB.1_B_14_1_31_comp1
G_2_A_7_7_1_comp1,P_2_A_7_7_1_comp1,R_2_A_7_7_1,TCDB,TCDB.2_A_7_7_1_comp1
G_9_B_324_3_1_comp1,P_9_B_324_3_1_comp1,R_9_B_324_3_1,TCDB,TCDB.9_B_324_3_1_comp1
G_2_A_71_2_1_comp1,P_2_A_71_2_1_comp1,R_2_A_71_2_1,TCDB,TCDB.2_A_71_2_1_comp1
G_3_A_1_14_21_comp1,P_3_A_1_14_21_comp1+3_A_1_14_21_comp2+3_A_1_14_21_comp3,R_3_A_1_14_21,TCDB,TCDB.3_A_1_14_21_comp1
G_3_A_1_14_21_comp2,P_3_A_1_14_21_comp1+3_A_1_14_21_comp2+3_A_1_14_21_comp3,R_3_A_1_14_21,TCDB,TCDB.3_A_1_14_21_comp2
G_3_A_1_14_21_comp3,P_3_A_1_14_21_comp1+3_A_1_14_21_comp2+3_A_1_14_21_comp3,R_3_A_1_14_21,TCDB,TCDB.3_A_1_14_21_comp3
G_1_B_12_4_4_comp1,P_1_B_12_4_4_comp1,R_1_B_12_4_4,TCDB,TCDB.1_B_12_4_4_comp1
G_3_A_1_9_4_comp1,P_3_A_1_9_4_comp1+3_A_1_9_4_comp2+3_A_1_9_4_comp3+3_A_1_9_4_comp4,R_3_A_1_9_4,TCDB,TCDB.3_A_1_9_4_comp1
G_3_A_1_9_4_comp2,P_3_A_1_9_4_comp1+3_A_1_9_4_comp2+3_A_1_9_4_comp3+3_A_1_9_4_comp4,R_3_A_1_9_4,TCDB,TCDB.3_A_1_9_4_comp2
G_3_A_1_9_4_comp3,P_3_A_1_9_4_comp1+3_A_1_9_4_comp2+3_A_1_9_4_comp3+3_A_1_9_4_comp4,R_3_A_1_9_4,TCDB,TCDB.3_A_1_9_4_comp3
G_3_A_1_9_4_comp4,P_3_A_1_9_4_comp1+3_A_1_9_4_comp2+3_A_1_9_4_comp3+3_A_1_9_4_comp4,R_3_A_1_9_4,TCDB,TCDB.3_A_1_9_4_comp4
G_2_A_1_3_29_comp1,P_2_A_1_3_29_comp1,R_2_A_1_3_29,TCDB,TCDB.2_A_1_3_29_comp1
G_1_C_61_1_1_comp1,P_1_C_61_1_1_comp1,R_1_C_61_1_1,TCDB,TCDB.1_C_61_1_1_comp1
G_1_C_36_1_1_comp1,P_1_C_36_1_1_comp1+1_C_36_1_1_comp2,R_1_C_36_1_1,TCDB,TCDB.1_C_36_1_1_comp1
G_1_C_36_1_1_comp2,P_1_C_36_1_1_comp1+1_C_36_1_1_comp2,R_1_C_36_1_1,TCDB,TCDB.1_C_36_1_1_comp2
G_2_A_1_4_10_comp1,P_2_A_1_4_10_comp1,R_2_A_1_4_10,TCDB,TCDB.2_A_1_4_10_comp1
G_9_B_111_1_2_comp1,P_9_B_111_1_2_comp1,R_9_B_111_1_2,TCDB,TCDB.9_B_111_1_2_comp1
G_2_A_3_14_2_comp1,P_2_A_3_14_2_comp1,R_2_A_3_14_2,TCDB,TCDB.2_A_3_14_2_comp1
G_3_A_12_3_1_comp1,P_3_A_12_3_1_comp1,R_3_A_12_3_1,TCDB,TCDB.3_A_12_3_1_comp1
G_2_A_21_5_2_comp1,P_2_A_21_5_2_comp1,R_2_A_21_5_2,TCDB,TCDB.2_A_21_5_2_comp1
G_8_A_15_1_1_comp1,P_8_A_15_1_1_comp1,R_8_A_15_1_1,TCDB,TCDB.8_A_15_1_1_comp1
G_2_A_1_13_3_comp1,P_2_A_1_13_3_comp1,R_2_A_1_13_3,TCDB,TCDB.2_A_1_13_3_comp1
G_9_A_14_7_6_comp1,P_9_A_14_7_6_comp1,R_9_A_14_7_6,TCDB,TCDB.9_A_14_7_6_comp1
G_2_A_90_1_2_comp1,P_2_A_90_1_2_comp1,R_2_A_90_1_2,TCDB,TCDB.2_A_90_1_2_comp1
G_1_A_2_1_5_comp1,P_1_A_2_1_5_comp1,R_1_A_2_1_5,TCDB,TCDB.1_A_2_1_5_comp1
G_9_A_27_1_3_comp1,P_9_A_27_1_3_comp1,R_9_A_27_1_3,TCDB,TCDB.9_A_27_1_3_comp1
G_2_A_1_16_6_comp1,P_2_A_1_16_6_comp1,R_2_A_1_16_6,TCDB,TCDB.2_A_1_16_6_comp1
G_3_E_1_4_9_comp1,P_3_E_1_4_9_comp1,R_3_E_1_4_9,TCDB,TCDB.3_E_1_4_9_comp1
G_3_A_8_1_1_comp1,P_3_A_8_1_1_comp1+3_A_8_1_1_comp2+3_A_8_1_1_comp3+3_A_8_1_1_comp4+3_A_8_1_1_comp5+3_A_8_1_1_comp6+3_A_8_1_1_comp7+3_A_8_1_1_comp8+3_A_8_1_1_comp9+3_A_8_1_1_comp10+3_A_8_1_1_comp11+3_A_8_1_1_comp12+3_A_8_1_1_comp13+3_A_8_1_1_comp14+3_A_8_1_1_comp15+3_A_8_1_1_comp16+3_A_8_1_1_comp17+3_A_8_1_1_comp18+3_A_8_1_1_comp19+3_A_8_1_1_comp20+3_A_8_1_1_comp21+3_A_8_1_1_comp22+3_A_8_1_1_comp23+3_A_8_1_1_comp24,R_3_A_8_1_1,TCDB,TCDB.3_A_8_1_1_comp1
G_3_A_8_1_1_comp2,P_3_A_8_1_1_comp1+3_A_8_1_1_comp2+3_A_8_1_1_comp3+3_A_8_1_1_comp4+3_A_8_1_1_comp5+3_A_8_1_1_comp6+3_A_8_1_1_comp7+3_A_8_1_1_comp8+3_A_8_1_1_comp9+3_A_8_1_1_comp10+3_A_8_1_1_comp11+3_A_8_1_1_comp12+3_A_8_1_1_comp13+3_A_8_1_1_comp14+3_A_8_1_1_comp15+3_A_8_1_1_comp16+3_A_8_1_1_comp17+3_A_8_1_1_comp18+3_A_8_1_1_comp19+3_A_8_1_1_comp20+3_A_8_1_1_comp21+3_A_8_1_1_comp22+3_A_8_1_1_comp23+3_A_8_1_1_comp24,R_3_A_8_1_1,TCDB,TCDB.3_A_8_1_1_comp2
G_3_A_8_1_1_comp3,P_3_A_8_1_1_comp1+3_A_8_1_1_comp2+3_A_8_1_1_comp3+3_A_8_1_1_comp4+3_A_8_1_1_comp5+3_A_8_1_1_comp6+3_A_8_1_1_comp7+3_A_8_1_1_comp8+3_A_8_1_1_comp9+3_A_8_1_1_comp10+3_A_8_1_1_comp11+3_A_8_1_1_comp12+3_A_8_1_1_comp13+3_A_8_1_1_comp14+3_A_8_1_1_comp15+3_A_8_1_1_comp16+3_A_8_1_1_comp17+3_A_8_1_1_comp18+3_A_8_1_1_comp19+3_A_8_1_1_comp20+3_A_8_1_1_comp21+3_A_8_1_1_comp22+3_A_8_1_1_comp23+3_A_8_1_1_comp24,R_3_A_8_1_1,TCDB,TCDB.3_A_8_1_1_comp3
G_3_A_8_1_1_comp4,P_3_A_8_1_1_comp1+3_A_8_1_1_comp2+3_A_8_1_1_comp3+3_A_8_1_1_comp4+3_A_8_1_1_comp5+3_A_8_1_1_comp6+3_A_8_1_1_comp7+3_A_8_1_1_comp8+3_A_8_1_1_comp9+3_A_8_1_1_comp10+3_A_8_1_1_comp11+3_A_8_1_1_comp12+3_A_8_1_1_comp13+3_A_8_1_1_comp14+3_A_8_1_1_comp15+3_A_8_1_1_comp16+3_A_8_1_1_comp17+3_A_8_1_1_comp18+3_A_8_1_1_comp19+3_A_8_1_1_comp20+3_A_8_1_1_comp21+3_A_8_1_1_comp22+3_A_8_1_1_comp23+3_A_8_1_1_comp24,R_3_A_8_1_1,TCDB,TCDB.3_A_8_1_1_comp4
G_3_A_8_1_1_comp5,P_3_A_8_1_1_comp1+3_A_8_1_1_comp2+3_A_8_1_1_comp3+3_A_8_1_1_comp4+3_A_8_1_1_comp5+3_A_8_1_1_comp6+3_A_8_1_1_comp7+3_A_8_1_1_comp8+3_A_8_1_1_comp9+3_A_8_1_1_comp10+3_A_8_1_1_comp11+3_A_8_1_1_comp12+3_A_8_1_1_comp13+3_A_8_1_1_comp14+3_A_8_1_1_comp15+3_A_8_1_1_comp16+3_A_8_1_1_comp17+3_A_8_1_1_comp18+3_A_8_1_1_comp19+3_A_8_1_1_comp20+3_A_8_1_1_comp21+3_A_8_1_1_comp22+3_A_8_1_1_comp23+3_A_8_1_1_comp24,R_3_A_8_1_1,TCDB,TCDB.3_A_8_1_1_comp5
G_3_A_8_1_1_comp6,P_3_A_8_1_1_comp1+3_A_8_1_1_comp2+3_A_8_1_1_comp3+3_A_8_1_1_comp4+3_A_8_1_1_comp5+3_A_8_1_1_comp6+3_A_8_1_1_comp7+3_A_8_1_1_comp8+3_A_8_1_1_comp9+3_A_8_1_1_comp10+3_A_8_1_1_comp11+3_A_8_1_1_comp12+3_A_8_1_1_comp13+3_A_8_1_1_comp14+3_A_8_1_1_comp15+3_A_8_1_1_comp16+3_A_8_1_1_comp17+3_A_8_1_1_comp18+3_A_8_1_1_comp19+3_A_8_1_1_comp20+3_A_8_1_1_comp21+3_A_8_1_1_comp22+3_A_8_1_1_comp23+3_A_8_1_1_comp24,R_3_A_8_1_1,TCDB,TCDB.3_A_8_1_1_comp6
G_3_A_8_1_1_comp7,P_3_A_8_1_1_comp1+3_A_8_1_1_comp2+3_A_8_1_1_comp3+3_A_8_1_1_comp4+3_A_8_1_1_comp5+3_A_8_1_1_comp6+3_A_8_1_1_comp7+3_A_8_1_1_comp8+3_A_8_1_1_comp9+3_A_8_1_1_comp10+3_A_8_1_1_comp11+3_A_8_1_1_comp12+3_A_8_1_1_comp13+3_A_8_1_1_comp14+3_A_8_1_1_comp15+3_A_8_1_1_comp16+3_A_8_1_1_comp17+3_A_8_1_1_comp18+3_A_8_1_1_comp19+3_A_8_1_1_comp20+3_A_8_1_1_comp21+3_A_8_1_1_comp22+3_A_8_1_1_comp23+3_A_8_1_1_comp24,R_3_A_8_1_1,TCDB,TCDB.3_A_8_1_1_comp7
G_3_A_8_1_1_comp8,P_3_A_8_1_1_comp1+3_A_8_1_1_comp2+3_A_8_1_1_comp3+3_A_8_1_1_comp4+3_A_8_1_1_comp5+3_A_8_1_1_comp6+3_A_8_1_1_comp7+3_A_8_1_1_comp8+3_A_8_1_1_comp9+3_A_8_1_1_comp10+3_A_8_1_1_comp11+3_A_8_1_1_comp12+3_A_8_1_1_comp13+3_A_8_1_1_comp14+3_A_8_1_1_comp15+3_A_8_1_1_comp16+3_A_8_1_1_comp17+3_A_8_1_1_comp18+3_A_8_1_1_comp19+3_A_8_1_1_comp20+3_A_8_1_1_comp21+3_A_8_1_1_comp22+3_A_8_1_1_comp23+3_A_8_1_1_comp24,R_3_A_8_1_1,TCDB,TCDB.3_A_8_1_1_comp8
G_3_A_8_1_1_comp9,P_3_A_8_1_1_comp1+3_A_8_1_1_comp2+3_A_8_1_1_comp3+3_A_8_1_1_comp4+3_A_8_1_1_comp5+3_A_8_1_1_comp6+3_A_8_1_1_comp7+3_A_8_1_1_comp8+3_A_8_1_1_comp9+3_A_8_1_1_comp10+3_A_8_1_1_comp11+3_A_8_1_1_comp12+3_A_8_1_1_comp13+3_A_8_1_1_comp14+3_A_8_1_1_comp15+3_A_8_1_1_comp16+3_A_8_1_1_comp17+3_A_8_1_1_comp18+3_A_8_1_1_comp19+3_A_8_1_1_comp20+3_A_8_1_1_comp21+3_A_8_1_1_comp22+3_A_8_1_1_comp23+3_A_8_1_1_comp24,R_3_A_8_1_1,TCDB,TCDB.3_A_8_1_1_comp9
G_3_A_8_1_1_comp10,P_3_A_8_1_1_comp1+3_A_8_1_1_comp2+3_A_8_1_1_comp3+3_A_8_1_1_comp4+3_A_8_1_1_comp5+3_A_8_1_1_comp6+3_A_8_1_1_comp7+3_A_8_1_1_comp8+3_A_8_1_1_comp9+3_A_8_1_1_comp10+3_A_8_1_1_comp11+3_A_8_1_1_comp12+3_A_8_1_1_comp13+3_A_8_1_1_comp14+3_A_8_1_1_comp15+3_A_8_1_1_comp16+3_A_8_1_1_comp17+3_A_8_1_1_comp18+3_A_8_1_1_comp19+3_A_8_1_1_comp20+3_A_8_1_1_comp21+3_A_8_1_1_comp22+3_A_8_1_1_comp23+3_A_8_1_1_comp24,R_3_A_8_1_1,TCDB,TCDB.3_A_8_1_1_comp10
G_3_A_8_1_1_comp11,P_3_A_8_1_1_comp1+3_A_8_1_1_comp2+3_A_8_1_1_comp3+3_A_8_1_1_comp4+3_A_8_1_1_comp5+3_A_8_1_1_comp6+3_A_8_1_1_comp7+3_A_8_1_1_comp8+3_A_8_1_1_comp9+3_A_8_1_1_comp10+3_A_8_1_1_comp11+3_A_8_1_1_comp12+3_A_8_1_1_comp13+3_A_8_1_1_comp14+3_A_8_1_1_comp15+3_A_8_1_1_comp16+3_A_8_1_1_comp17+3_A_8_1_1_comp18+3_A_8_1_1_comp19+3_A_8_1_1_comp20+3_A_8_1_1_comp21+3_A_8_1_1_comp22+3_A_8_1_1_comp23+3_A_8_1_1_comp24,R_3_A_8_1_1,TCDB,TCDB.3_A_8_1_1_comp11
G_3_A_8_1_1_comp12,P_3_A_8_1_1_comp1+3_A_8_1_1_comp2+3_A_8_1_1_comp3+3_A_8_1_1_comp4+3_A_8_1_1_comp5+3_A_8_1_1_comp6+3_A_8_1_1_comp7+3_A_8_1_1_comp8+3_A_8_1_1_comp9+3_A_8_1_1_comp10+3_A_8_1_1_comp11+3_A_8_1_1_comp12+3_A_8_1_1_comp13+3_A_8_1_1_comp14+3_A_8_1_1_comp15+3_A_8_1_1_comp16+3_A_8_1_1_comp17+3_A_8_1_1_comp18+3_A_8_1_1_comp19+3_A_8_1_1_comp20+3_A_8_1_1_comp21+3_A_8_1_1_comp22+3_A_8_1_1_comp23+3_A_8_1_1_comp24,R_3_A_8_1_1,TCDB,TCDB.3_A_8_1_1_comp12
G_3_A_8_1_1_comp13,P_3_A_8_1_1_comp1+3_A_8_1_1_comp2+3_A_8_1_1_comp3+3_A_8_1_1_comp4+3_A_8_1_1_comp5+3_A_8_1_1_comp6+3_A_8_1_1_comp7+3_A_8_1_1_comp8+3_A_8_1_1_comp9+3_A_8_1_1_comp10+3_A_8_1_1_comp11+3_A_8_1_1_comp12+3_A_8_1_1_comp13+3_A_8_1_1_comp14+3_A_8_1_1_comp15+3_A_8_1_1_comp16+3_A_8_1_1_comp17+3_A_8_1_1_comp18+3_A_8_1_1_comp19+3_A_8_1_1_comp20+3_A_8_1_1_comp21+3_A_8_1_1_comp22+3_A_8_1_1_comp23+3_A_8_1_1_comp24,R_3_A_8_1_1,TCDB,TCDB.3_A_8_1_1_comp13
G_3_A_8_1_1_comp14,P_3_A_8_1_1_comp1+3_A_8_1_1_comp2+3_A_8_1_1_comp3+3_A_8_1_1_comp4+3_A_8_1_1_comp5+3_A_8_1_1_comp6+3_A_8_1_1_comp7+3_A_8_1_1_comp8+3_A_8_1_1_comp9+3_A_8_1_1_comp10+3_A_8_1_1_comp11+3_A_8_1_1_comp12+3_A_8_1_1_comp13+3_A_8_1_1_comp14+3_A_8_1_1_comp15+3_A_8_1_1_comp16+3_A_8_1_1_comp17+3_A_8_1_1_comp18+3_A_8_1_1_comp19+3_A_8_1_1_comp20+3_A_8_1_1_comp21+3_A_8_1_1_comp22+3_A_8_1_1_comp23+3_A_8_1_1_comp24,R_3_A_8_1_1,TCDB,TCDB.3_A_8_1_1_comp14
G_3_A_8_1_1_comp15,P_3_A_8_1_1_comp1+3_A_8_1_1_comp2+3_A_8_1_1_comp3+3_A_8_1_1_comp4+3_A_8_1_1_comp5+3_A_8_1_1_comp6+3_A_8_1_1_comp7+3_A_8_1_1_comp8+3_A_8_1_1_comp9+3_A_8_1_1_comp10+3_A_8_1_1_comp11+3_A_8_1_1_comp12+3_A_8_1_1_comp13+3_A_8_1_1_comp14+3_A_8_1_1_comp15+3_A_8_1_1_comp16+3_A_8_1_1_comp17+3_A_8_1_1_comp18+3_A_8_1_1_comp19+3_A_8_1_1_comp20+3_A_8_1_1_comp21+3_A_8_1_1_comp22+3_A_8_1_1_comp23+3_A_8_1_1_comp24,R_3_A_8_1_1,TCDB,TCDB.3_A_8_1_1_comp15
G_3_A_8_1_1_comp16,P_3_A_8_1_1_comp1+3_A_8_1_1_comp2+3_A_8_1_1_comp3+3_A_8_1_1_comp4+3_A_8_1_1_comp5+3_A_8_1_1_comp6+3_A_8_1_1_comp7+3_A_8_1_1_comp8+3_A_8_1_1_comp9+3_A_8_1_1_comp10+3_A_8_1_1_comp11+3_A_8_1_1_comp12+3_A_8_1_1_comp13+3_A_8_1_1_comp14+3_A_8_1_1_comp15+3_A_8_1_1_comp16+3_A_8_1_1_comp17+3_A_8_1_1_comp18+3_A_8_1_1_comp19+3_A_8_1_1_comp20+3_A_8_1_1_comp21+3_A_8_1_1_comp22+3_A_8_1_1_comp23+3_A_8_1_1_comp24,R_3_A_8_1_1,TCDB,TCDB.3_A_8_1_1_comp16
G_3_A_8_1_1_comp17,P_3_A_8_1_1_comp1+3_A_8_1_1_comp2+3_A_8_1_1_comp3+3_A_8_1_1_comp4+3_A_8_1_1_comp5+3_A_8_1_1_comp6+3_A_8_1_1_comp7+3_A_8_1_1_comp8+3_A_8_1_1_comp9+3_A_8_1_1_comp10+3_A_8_1_1_comp11+3_A_8_1_1_comp12+3_A_8_1_1_comp13+3_A_8_1_1_comp14+3_A_8_1_1_comp15+3_A_8_1_1_comp16+3_A_8_1_1_comp17+3_A_8_1_1_comp18+3_A_8_1_1_comp19+3_A_8_1_1_comp20+3_A_8_1_1_comp21+3_A_8_1_1_comp22+3_A_8_1_1_comp23+3_A_8_1_1_comp24,R_3_A_8_1_1,TCDB,TCDB.3_A_8_1_1_comp17
G_3_A_8_1_1_comp18,P_3_A_8_1_1_comp1+3_A_8_1_1_comp2+3_A_8_1_1_comp3+3_A_8_1_1_comp4+3_A_8_1_1_comp5+3_A_8_1_1_comp6+3_A_8_1_1_comp7+3_A_8_1_1_comp8+3_A_8_1_1_comp9+3_A_8_1_1_comp10+3_A_8_1_1_comp11+3_A_8_1_1_comp12+3_A_8_1_1_comp13+3_A_8_1_1_comp14+3_A_8_1_1_comp15+3_A_8_1_1_comp16+3_A_8_1_1_comp17+3_A_8_1_1_comp18+3_A_8_1_1_comp19+3_A_8_1_1_comp20+3_A_8_1_1_comp21+3_A_8_1_1_comp22+3_A_8_1_1_comp23+3_A_8_1_1_comp24,R_3_A_8_1_1,TCDB,TCDB.3_A_8_1_1_comp18
G_3_A_8_1_1_comp19,P_3_A_8_1_1_comp1+3_A_8_1_1_comp2+3_A_8_1_1_comp3+3_A_8_1_1_comp4+3_A_8_1_1_comp5+3_A_8_1_1_comp6+3_A_8_1_1_comp7+3_A_8_1_1_comp8+3_A_8_1_1_comp9+3_A_8_1_1_comp10+3_A_8_1_1_comp11+3_A_8_1_1_comp12+3_A_8_1_1_comp13+3_A_8_1_1_comp14+3_A_8_1_1_comp15+3_A_8_1_1_comp16+3_A_8_1_1_comp17+3_A_8_1_1_comp18+3_A_8_1_1_comp19+3_A_8_1_1_comp20+3_A_8_1_1_comp21+3_A_8_1_1_comp22+3_A_8_1_1_comp23+3_A_8_1_1_comp24,R_3_A_8_1_1,TCDB,TCDB.3_A_8_1_1_comp19
G_3_A_8_1_1_comp20,P_3_A_8_1_1_comp1+3_A_8_1_1_comp2+3_A_8_1_1_comp3+3_A_8_1_1_comp4+3_A_8_1_1_comp5+3_A_8_1_1_comp6+3_A_8_1_1_comp7+3_A_8_1_1_comp8+3_A_8_1_1_comp9+3_A_8_1_1_comp10+3_A_8_1_1_comp11+3_A_8_1_1_comp12+3_A_8_1_1_comp13+3_A_8_1_1_comp14+3_A_8_1_1_comp15+3_A_8_1_1_comp16+3_A_8_1_1_comp17+3_A_8_1_1_comp18+3_A_8_1_1_comp19+3_A_8_1_1_comp20+3_A_8_1_1_comp21+3_A_8_1_1_comp22+3_A_8_1_1_comp23+3_A_8_1_1_comp24,R_3_A_8_1_1,TCDB,TCDB.3_A_8_1_1_comp20
G_3_A_8_1_1_comp21,P_3_A_8_1_1_comp1+3_A_8_1_1_comp2+3_A_8_1_1_comp3+3_A_8_1_1_comp4+3_A_8_1_1_comp5+3_A_8_1_1_comp6+3_A_8_1_1_comp7+3_A_8_1_1_comp8+3_A_8_1_1_comp9+3_A_8_1_1_comp10+3_A_8_1_1_comp11+3_A_8_1_1_comp12+3_A_8_1_1_comp13+3_A_8_1_1_comp14+3_A_8_1_1_comp15+3_A_8_1_1_comp16+3_A_8_1_1_comp17+3_A_8_1_1_comp18+3_A_8_1_1_comp19+3_A_8_1_1_comp20+3_A_8_1_1_comp21+3_A_8_1_1_comp22+3_A_8_1_1_comp23+3_A_8_1_1_comp24,R_3_A_8_1_1,TCDB,TCDB.3_A_8_1_1_comp21
G_3_A_8_1_1_comp22,P_3_A_8_1_1_comp1+3_A_8_1_1_comp2+3_A_8_1_1_comp3+3_A_8_1_1_comp4+3_A_8_1_1_comp5+3_A_8_1_1_comp6+3_A_8_1_1_comp7+3_A_8_1_1_comp8+3_A_8_1_1_comp9+3_A_8_1_1_comp10+3_A_8_1_1_comp11+3_A_8_1_1_comp12+3_A_8_1_1_comp13+3_A_8_1_1_comp14+3_A_8_1_1_comp15+3_A_8_1_1_comp16+3_A_8_1_1_comp17+3_A_8_1_1_comp18+3_A_8_1_1_comp19+3_A_8_1_1_comp20+3_A_8_1_1_comp21+3_A_8_1_1_comp22+3_A_8_1_1_comp23+3_A_8_1_1_comp24,R_3_A_8_1_1,TCDB,TCDB.3_A_8_1_1_comp22
G_3_A_8_1_1_comp23,P_3_A_8_1_1_comp1+3_A_8_1_1_comp2+3_A_8_1_1_comp3+3_A_8_1_1_comp4+3_A_8_1_1_comp5+3_A_8_1_1_comp6+3_A_8_1_1_comp7+3_A_8_1_1_comp8+3_A_8_1_1_comp9+3_A_8_1_1_comp10+3_A_8_1_1_comp11+3_A_8_1_1_comp12+3_A_8_1_1_comp13+3_A_8_1_1_comp14+3_A_8_1_1_comp15+3_A_8_1_1_comp16+3_A_8_1_1_comp17+3_A_8_1_1_comp18+3_A_8_1_1_comp19+3_A_8_1_1_comp20+3_A_8_1_1_comp21+3_A_8_1_1_comp22+3_A_8_1_1_comp23+3_A_8_1_1_comp24,R_3_A_8_1_1,TCDB,TCDB.3_A_8_1_1_comp23
G_3_A_8_1_1_comp24,P_3_A_8_1_1_comp1+3_A_8_1_1_comp2+3_A_8_1_1_comp3+3_A_8_1_1_comp4+3_A_8_1_1_comp5+3_A_8_1_1_comp6+3_A_8_1_1_comp7+3_A_8_1_1_comp8+3_A_8_1_1_comp9+3_A_8_1_1_comp10+3_A_8_1_1_comp11+3_A_8_1_1_comp12+3_A_8_1_1_comp13+3_A_8_1_1_comp14+3_A_8_1_1_comp15+3_A_8_1_1_comp16+3_A_8_1_1_comp17+3_A_8_1_1_comp18+3_A_8_1_1_comp19+3_A_8_1_1_comp20+3_A_8_1_1_comp21+3_A_8_1_1_comp22+3_A_8_1_1_comp23+3_A_8_1_1_comp24,R_3_A_8_1_1,TCDB,TCDB.3_A_8_1_1_comp24
G_2_A_38_2_2_comp1,P_2_A_38_2_2_comp1,R_2_A_38_2_2,TCDB,TCDB.2_A_38_2_2_comp1
G_2_A_72_3_2_comp1,P_2_A_72_3_2_comp1,R_2_A_72_3_2,TCDB,TCDB.2_A_72_3_2_comp1
G_1_A_23_4_18_comp1,P_1_A_23_4_18_comp1,R_1_A_23_4_18,TCDB,TCDB.1_A_23_4_18_comp1
G_2_A_1_1_22_comp1,P_2_A_1_1_22_comp1,R_2_A_1_1_22,TCDB,TCDB.2_A_1_1_22_comp1
G_2_A_52_1_3_comp1,P_2_A_52_1_3_comp1,R_2_A_52_1_3,TCDB,TCDB.2_A_52_1_3_comp1
G_8_A_147_1_1_comp1,P_8_A_147_1_1_comp1,R_8_A_147_1_1,TCDB,TCDB.8_A_147_1_1_comp1
G_2_A_1_1_21_comp1,P_2_A_1_1_21_comp1,R_2_A_1_1_21,TCDB,TCDB.2_A_1_1_21_comp1
G_8_A_23_2_7_comp1,P_8_A_23_2_7_comp1,R_8_A_23_2_7,TCDB,TCDB.8_A_23_2_7_comp1
G_3_A_1_210_4_comp1,P_3_A_1_210_4_comp1,R_3_A_1_210_4,TCDB,TCDB.3_A_1_210_4_comp1
G_8_A_77_1_1_comp1,P_8_A_77_1_1_comp1,R_8_A_77_1_1,TCDB,TCDB.8_A_77_1_1_comp1
G_9_B_87_1_40_comp1,P_9_B_87_1_40_comp1,R_9_B_87_1_40,TCDB,TCDB.9_B_87_1_40_comp1
G_9_B_87_1_41_comp1,P_9_B_87_1_41_comp1,R_9_B_87_1_41,TCDB,TCDB.9_B_87_1_41_comp1
G_9_B_87_1_24_comp1,P_9_B_87_1_24_comp1,R_9_B_87_1_24,TCDB,TCDB.9_B_87_1_24_comp1
G_3_A_3_8_16_comp1,P_3_A_3_8_16_comp1,R_3_A_3_8_16,TCDB,TCDB.3_A_3_8_16_comp1
G_8_A_210_1_2_comp1,P_8_A_210_1_2_comp1,R_8_A_210_1_2,TCDB,TCDB.8_A_210_1_2_comp1
G_8_A_77_1_7_comp1,P_8_A_77_1_7_comp1,R_8_A_77_1_7,TCDB,TCDB.8_A_77_1_7_comp1
G_3_A_3_2_9_comp1,P_3_A_3_2_9_comp1,R_3_A_3_2_9,TCDB,TCDB.3_A_3_2_9_comp1
G_1_A_101_1_2_comp1,P_1_A_101_1_2_comp1,R_1_A_101_1_2,TCDB,TCDB.1_A_101_1_2_comp1
G_9_B_419_1_1_comp1,P_9_B_419_1_1_comp1,R_9_B_419_1_1,TCDB,TCDB.9_B_419_1_1_comp1
G_1_A_9_3_1_comp1,P_1_A_9_3_1_comp1+1_A_9_3_1_comp2+1_A_9_3_1_comp3+1_A_9_3_1_comp4,R_1_A_9_3_1,TCDB,TCDB.1_A_9_3_1_comp1
G_1_A_9_3_1_comp2,P_1_A_9_3_1_comp1+1_A_9_3_1_comp2+1_A_9_3_1_comp3+1_A_9_3_1_comp4,R_1_A_9_3_1,TCDB,TCDB.1_A_9_3_1_comp2
G_1_A_9_3_1_comp3,P_1_A_9_3_1_comp1+1_A_9_3_1_comp2+1_A_9_3_1_comp3+1_A_9_3_1_comp4,R_1_A_9_3_1,TCDB,TCDB.1_A_9_3_1_comp3
G_1_A_9_3_1_comp4,P_1_A_9_3_1_comp1+1_A_9_3_1_comp2+1_A_9_3_1_comp3+1_A_9_3_1_comp4,R_1_A_9_3_1,TCDB,TCDB.1_A_9_3_1_comp4
G_3_A_5_9_1_comp1,P_3_A_5_9_1_comp1+3_A_5_9_1_comp2+3_A_5_9_1_comp3+3_A_5_9_1_comp4+3_A_5_9_1_comp5+3_A_5_9_1_comp6+3_A_5_9_1_comp7+3_A_5_9_1_comp8+3_A_5_9_1_comp9+3_A_5_9_1_comp10+3_A_5_9_1_comp11+3_A_5_9_1_comp12+3_A_5_9_1_comp13+3_A_5_9_1_comp14+3_A_5_9_1_comp15+3_A_5_9_1_comp16+3_A_5_9_1_comp17+3_A_5_9_1_comp18,R_3_A_5_9_1,TCDB,TCDB.3_A_5_9_1_comp1
G_3_A_5_9_1_comp2,P_3_A_5_9_1_comp1+3_A_5_9_1_comp2+3_A_5_9_1_comp3+3_A_5_9_1_comp4+3_A_5_9_1_comp5+3_A_5_9_1_comp6+3_A_5_9_1_comp7+3_A_5_9_1_comp8+3_A_5_9_1_comp9+3_A_5_9_1_comp10+3_A_5_9_1_comp11+3_A_5_9_1_comp12+3_A_5_9_1_comp13+3_A_5_9_1_comp14+3_A_5_9_1_comp15+3_A_5_9_1_comp16+3_A_5_9_1_comp17+3_A_5_9_1_comp18,R_3_A_5_9_1,TCDB,TCDB.3_A_5_9_1_comp2
G_3_A_5_9_1_comp3,P_3_A_5_9_1_comp1+3_A_5_9_1_comp2+3_A_5_9_1_comp3+3_A_5_9_1_comp4+3_A_5_9_1_comp5+3_A_5_9_1_comp6+3_A_5_9_1_comp7+3_A_5_9_1_comp8+3_A_5_9_1_comp9+3_A_5_9_1_comp10+3_A_5_9_1_comp11+3_A_5_9_1_comp12+3_A_5_9_1_comp13+3_A_5_9_1_comp14+3_A_5_9_1_comp15+3_A_5_9_1_comp16+3_A_5_9_1_comp17+3_A_5_9_1_comp18,R_3_A_5_9_1,TCDB,TCDB.3_A_5_9_1_comp3
G_3_A_5_9_1_comp4,P_3_A_5_9_1_comp1+3_A_5_9_1_comp2+3_A_5_9_1_comp3+3_A_5_9_1_comp4+3_A_5_9_1_comp5+3_A_5_9_1_comp6+3_A_5_9_1_comp7+3_A_5_9_1_comp8+3_A_5_9_1_comp9+3_A_5_9_1_comp10+3_A_5_9_1_comp11+3_A_5_9_1_comp12+3_A_5_9_1_comp13+3_A_5_9_1_comp14+3_A_5_9_1_comp15+3_A_5_9_1_comp16+3_A_5_9_1_comp17+3_A_5_9_1_comp18,R_3_A_5_9_1,TCDB,TCDB.3_A_5_9_1_comp4
G_3_A_5_9_1_comp5,P_3_A_5_9_1_comp1+3_A_5_9_1_comp2+3_A_5_9_1_comp3+3_A_5_9_1_comp4+3_A_5_9_1_comp5+3_A_5_9_1_comp6+3_A_5_9_1_comp7+3_A_5_9_1_comp8+3_A_5_9_1_comp9+3_A_5_9_1_comp10+3_A_5_9_1_comp11+3_A_5_9_1_comp12+3_A_5_9_1_comp13+3_A_5_9_1_comp14+3_A_5_9_1_comp15+3_A_5_9_1_comp16+3_A_5_9_1_comp17+3_A_5_9_1_comp18,R_3_A_5_9_1,TCDB,TCDB.3_A_5_9_1_comp5
G_3_A_5_9_1_comp6,P_3_A_5_9_1_comp1+3_A_5_9_1_comp2+3_A_5_9_1_comp3+3_A_5_9_1_comp4+3_A_5_9_1_comp5+3_A_5_9_1_comp6+3_A_5_9_1_comp7+3_A_5_9_1_comp8+3_A_5_9_1_comp9+3_A_5_9_1_comp10+3_A_5_9_1_comp11+3_A_5_9_1_comp12+3_A_5_9_1_comp13+3_A_5_9_1_comp14+3_A_5_9_1_comp15+3_A_5_9_1_comp16+3_A_5_9_1_comp17+3_A_5_9_1_comp18,R_3_A_5_9_1,TCDB,TCDB.3_A_5_9_1_comp6
G_3_A_5_9_1_comp7,P_3_A_5_9_1_comp1+3_A_5_9_1_comp2+3_A_5_9_1_comp3+3_A_5_9_1_comp4+3_A_5_9_1_comp5+3_A_5_9_1_comp6+3_A_5_9_1_comp7+3_A_5_9_1_comp8+3_A_5_9_1_comp9+3_A_5_9_1_comp10+3_A_5_9_1_comp11+3_A_5_9_1_comp12+3_A_5_9_1_comp13+3_A_5_9_1_comp14+3_A_5_9_1_comp15+3_A_5_9_1_comp16+3_A_5_9_1_comp17+3_A_5_9_1_comp18,R_3_A_5_9_1,TCDB,TCDB.3_A_5_9_1_comp7
G_3_A_5_9_1_comp8,P_3_A_5_9_1_comp1+3_A_5_9_1_comp2+3_A_5_9_1_comp3+3_A_5_9_1_comp4+3_A_5_9_1_comp5+3_A_5_9_1_comp6+3_A_5_9_1_comp7+3_A_5_9_1_comp8+3_A_5_9_1_comp9+3_A_5_9_1_comp10+3_A_5_9_1_comp11+3_A_5_9_1_comp12+3_A_5_9_1_comp13+3_A_5_9_1_comp14+3_A_5_9_1_comp15+3_A_5_9_1_comp16+3_A_5_9_1_comp17+3_A_5_9_1_comp18,R_3_A_5_9_1,TCDB,TCDB.3_A_5_9_1_comp8
G_3_A_5_9_1_comp9,P_3_A_5_9_1_comp1+3_A_5_9_1_comp2+3_A_5_9_1_comp3+3_A_5_9_1_comp4+3_A_5_9_1_comp5+3_A_5_9_1_comp6+3_A_5_9_1_comp7+3_A_5_9_1_comp8+3_A_5_9_1_comp9+3_A_5_9_1_comp10+3_A_5_9_1_comp11+3_A_5_9_1_comp12+3_A_5_9_1_comp13+3_A_5_9_1_comp14+3_A_5_9_1_comp15+3_A_5_9_1_comp16+3_A_5_9_1_comp17+3_A_5_9_1_comp18,R_3_A_5_9_1,TCDB,TCDB.3_A_5_9_1_comp9
G_3_A_5_9_1_comp10,P_3_A_5_9_1_comp1+3_A_5_9_1_comp2+3_A_5_9_1_comp3+3_A_5_9_1_comp4+3_A_5_9_1_comp5+3_A_5_9_1_comp6+3_A_5_9_1_comp7+3_A_5_9_1_comp8+3_A_5_9_1_comp9+3_A_5_9_1_comp10+3_A_5_9_1_comp11+3_A_5_9_1_comp12+3_A_5_9_1_comp13+3_A_5_9_1_comp14+3_A_5_9_1_comp15+3_A_5_9_1_comp16+3_A_5_9_1_comp17+3_A_5_9_1_comp18,R_3_A_5_9_1,TCDB,TCDB.3_A_5_9_1_comp10
G_3_A_5_9_1_comp11,P_3_A_5_9_1_comp1+3_A_5_9_1_comp2+3_A_5_9_1_comp3+3_A_5_9_1_comp4+3_A_5_9_1_comp5+3_A_5_9_1_comp6+3_A_5_9_1_comp7+3_A_5_9_1_comp8+3_A_5_9_1_comp9+3_A_5_9_1_comp10+3_A_5_9_1_comp11+3_A_5_9_1_comp12+3_A_5_9_1_comp13+3_A_5_9_1_comp14+3_A_5_9_1_comp15+3_A_5_9_1_comp16+3_A_5_9_1_comp17+3_A_5_9_1_comp18,R_3_A_5_9_1,TCDB,TCDB.3_A_5_9_1_comp11
G_3_A_5_9_1_comp12,P_3_A_5_9_1_comp1+3_A_5_9_1_comp2+3_A_5_9_1_comp3+3_A_5_9_1_comp4+3_A_5_9_1_comp5+3_A_5_9_1_comp6+3_A_5_9_1_comp7+3_A_5_9_1_comp8+3_A_5_9_1_comp9+3_A_5_9_1_comp10+3_A_5_9_1_comp11+3_A_5_9_1_comp12+3_A_5_9_1_comp13+3_A_5_9_1_comp14+3_A_5_9_1_comp15+3_A_5_9_1_comp16+3_A_5_9_1_comp17+3_A_5_9_1_comp18,R_3_A_5_9_1,TCDB,TCDB.3_A_5_9_1_comp12
G_3_A_5_9_1_comp13,P_3_A_5_9_1_comp1+3_A_5_9_1_comp2+3_A_5_9_1_comp3+3_A_5_9_1_comp4+3_A_5_9_1_comp5+3_A_5_9_1_comp6+3_A_5_9_1_comp7+3_A_5_9_1_comp8+3_A_5_9_1_comp9+3_A_5_9_1_comp10+3_A_5_9_1_comp11+3_A_5_9_1_comp12+3_A_5_9_1_comp13+3_A_5_9_1_comp14+3_A_5_9_1_comp15+3_A_5_9_1_comp16+3_A_5_9_1_comp17+3_A_5_9_1_comp18,R_3_A_5_9_1,TCDB,TCDB.3_A_5_9_1_comp13
G_3_A_5_9_1_comp14,P_3_A_5_9_1_comp1+3_A_5_9_1_comp2+3_A_5_9_1_comp3+3_A_5_9_1_comp4+3_A_5_9_1_comp5+3_A_5_9_1_comp6+3_A_5_9_1_comp7+3_A_5_9_1_comp8+3_A_5_9_1_comp9+3_A_5_9_1_comp10+3_A_5_9_1_comp11+3_A_5_9_1_comp12+3_A_5_9_1_comp13+3_A_5_9_1_comp14+3_A_5_9_1_comp15+3_A_5_9_1_comp16+3_A_5_9_1_comp17+3_A_5_9_1_comp18,R_3_A_5_9_1,TCDB,TCDB.3_A_5_9_1_comp14
G_3_A_5_9_1_comp15,P_3_A_5_9_1_comp1+3_A_5_9_1_comp2+3_A_5_9_1_comp3+3_A_5_9_1_comp4+3_A_5_9_1_comp5+3_A_5_9_1_comp6+3_A_5_9_1_comp7+3_A_5_9_1_comp8+3_A_5_9_1_comp9+3_A_5_9_1_comp10+3_A_5_9_1_comp11+3_A_5_9_1_comp12+3_A_5_9_1_comp13+3_A_5_9_1_comp14+3_A_5_9_1_comp15+3_A_5_9_1_comp16+3_A_5_9_1_comp17+3_A_5_9_1_comp18,R_3_A_5_9_1,TCDB,TCDB.3_A_5_9_1_comp15
G_3_A_5_9_1_comp16,P_3_A_5_9_1_comp1+3_A_5_9_1_comp2+3_A_5_9_1_comp3+3_A_5_9_1_comp4+3_A_5_9_1_comp5+3_A_5_9_1_comp6+3_A_5_9_1_comp7+3_A_5_9_1_comp8+3_A_5_9_1_comp9+3_A_5_9_1_comp10+3_A_5_9_1_comp11+3_A_5_9_1_comp12+3_A_5_9_1_comp13+3_A_5_9_1_comp14+3_A_5_9_1_comp15+3_A_5_9_1_comp16+3_A_5_9_1_comp17+3_A_5_9_1_comp18,R_3_A_5_9_1,TCDB,TCDB.3_A_5_9_1_comp16
G_3_A_5_9_1_comp17,P_3_A_5_9_1_comp1+3_A_5_9_1_comp2+3_A_5_9_1_comp3+3_A_5_9_1_comp4+3_A_5_9_1_comp5+3_A_5_9_1_comp6+3_A_5_9_1_comp7+3_A_5_9_1_comp8+3_A_5_9_1_comp9+3_A_5_9_1_comp10+3_A_5_9_1_comp11+3_A_5_9_1_comp12+3_A_5_9_1_comp13+3_A_5_9_1_comp14+3_A_5_9_1_comp15+3_A_5_9_1_comp16+3_A_5_9_1_comp17+3_A_5_9_1_comp18,R_3_A_5_9_1,TCDB,TCDB.3_A_5_9_1_comp17
G_3_A_5_9_1_comp18,P_3_A_5_9_1_comp1+3_A_5_9_1_comp2+3_A_5_9_1_comp3+3_A_5_9_1_comp4+3_A_5_9_1_comp5+3_A_5_9_1_comp6+3_A_5_9_1_comp7+3_A_5_9_1_comp8+3_A_5_9_1_comp9+3_A_5_9_1_comp10+3_A_5_9_1_comp11+3_A_5_9_1_comp12+3_A_5_9_1_comp13+3_A_5_9_1_comp14+3_A_5_9_1_comp15+3_A_5_9_1_comp16+3_A_5_9_1_comp17+3_A_5_9_1_comp18,R_3_A_5_9_1,TCDB,TCDB.3_A_5_9_1_comp18
G_3_A_2_2_4_comp1,P_3_A_2_2_4_comp1+3_A_2_2_4_comp2+3_A_2_2_4_comp3+3_A_2_2_4_comp4+3_A_2_2_4_comp5+3_A_2_2_4_comp6+3_A_2_2_4_comp7+3_A_2_2_4_comp8+3_A_2_2_4_comp9+3_A_2_2_4_comp10+3_A_2_2_4_comp11+3_A_2_2_4_comp12+3_A_2_2_4_comp13+3_A_2_2_4_comp14,R_3_A_2_2_4,TCDB,TCDB.3_A_2_2_4_comp1
G_3_A_2_2_4_comp2,P_3_A_2_2_4_comp1+3_A_2_2_4_comp2+3_A_2_2_4_comp3+3_A_2_2_4_comp4+3_A_2_2_4_comp5+3_A_2_2_4_comp6+3_A_2_2_4_comp7+3_A_2_2_4_comp8+3_A_2_2_4_comp9+3_A_2_2_4_comp10+3_A_2_2_4_comp11+3_A_2_2_4_comp12+3_A_2_2_4_comp13+3_A_2_2_4_comp14,R_3_A_2_2_4,TCDB,TCDB.3_A_2_2_4_comp2
G_3_A_2_2_4_comp3,P_3_A_2_2_4_comp1+3_A_2_2_4_comp2+3_A_2_2_4_comp3+3_A_2_2_4_comp4+3_A_2_2_4_comp5+3_A_2_2_4_comp6+3_A_2_2_4_comp7+3_A_2_2_4_comp8+3_A_2_2_4_comp9+3_A_2_2_4_comp10+3_A_2_2_4_comp11+3_A_2_2_4_comp12+3_A_2_2_4_comp13+3_A_2_2_4_comp14,R_3_A_2_2_4,TCDB,TCDB.3_A_2_2_4_comp3
G_3_A_2_2_4_comp4,P_3_A_2_2_4_comp1+3_A_2_2_4_comp2+3_A_2_2_4_comp3+3_A_2_2_4_comp4+3_A_2_2_4_comp5+3_A_2_2_4_comp6+3_A_2_2_4_comp7+3_A_2_2_4_comp8+3_A_2_2_4_comp9+3_A_2_2_4_comp10+3_A_2_2_4_comp11+3_A_2_2_4_comp12+3_A_2_2_4_comp13+3_A_2_2_4_comp14,R_3_A_2_2_4,TCDB,TCDB.3_A_2_2_4_comp4
G_3_A_2_2_4_comp5,P_3_A_2_2_4_comp1+3_A_2_2_4_comp2+3_A_2_2_4_comp3+3_A_2_2_4_comp4+3_A_2_2_4_comp5+3_A_2_2_4_comp6+3_A_2_2_4_comp7+3_A_2_2_4_comp8+3_A_2_2_4_comp9+3_A_2_2_4_comp10+3_A_2_2_4_comp11+3_A_2_2_4_comp12+3_A_2_2_4_comp13+3_A_2_2_4_comp14,R_3_A_2_2_4,TCDB,TCDB.3_A_2_2_4_comp5
G_3_A_2_2_4_comp6,P_3_A_2_2_4_comp1+3_A_2_2_4_comp2+3_A_2_2_4_comp3+3_A_2_2_4_comp4+3_A_2_2_4_comp5+3_A_2_2_4_comp6+3_A_2_2_4_comp7+3_A_2_2_4_comp8+3_A_2_2_4_comp9+3_A_2_2_4_comp10+3_A_2_2_4_comp11+3_A_2_2_4_comp12+3_A_2_2_4_comp13+3_A_2_2_4_comp14,R_3_A_2_2_4,TCDB,TCDB.3_A_2_2_4_comp6
G_3_A_2_2_4_comp7,P_3_A_2_2_4_comp1+3_A_2_2_4_comp2+3_A_2_2_4_comp3+3_A_2_2_4_comp4+3_A_2_2_4_comp5+3_A_2_2_4_comp6+3_A_2_2_4_comp7+3_A_2_2_4_comp8+3_A_2_2_4_comp9+3_A_2_2_4_comp10+3_A_2_2_4_comp11+3_A_2_2_4_comp12+3_A_2_2_4_comp13+3_A_2_2_4_comp14,R_3_A_2_2_4,TCDB,TCDB.3_A_2_2_4_comp7
G_3_A_2_2_4_comp8,P_3_A_2_2_4_comp1+3_A_2_2_4_comp2+3_A_2_2_4_comp3+3_A_2_2_4_comp4+3_A_2_2_4_comp5+3_A_2_2_4_comp6+3_A_2_2_4_comp7+3_A_2_2_4_comp8+3_A_2_2_4_comp9+3_A_2_2_4_comp10+3_A_2_2_4_comp11+3_A_2_2_4_comp12+3_A_2_2_4_comp13+3_A_2_2_4_comp14,R_3_A_2_2_4,TCDB,TCDB.3_A_2_2_4_comp8
G_3_A_2_2_4_comp9,P_3_A_2_2_4_comp1+3_A_2_2_4_comp2+3_A_2_2_4_comp3+3_A_2_2_4_comp4+3_A_2_2_4_comp5+3_A_2_2_4_comp6+3_A_2_2_4_comp7+3_A_2_2_4_comp8+3_A_2_2_4_comp9+3_A_2_2_4_comp10+3_A_2_2_4_comp11+3_A_2_2_4_comp12+3_A_2_2_4_comp13+3_A_2_2_4_comp14,R_3_A_2_2_4,TCDB,TCDB.3_A_2_2_4_comp9
G_3_A_2_2_4_comp10,P_3_A_2_2_4_comp1+3_A_2_2_4_comp2+3_A_2_2_4_comp3+3_A_2_2_4_comp4+3_A_2_2_4_comp5+3_A_2_2_4_comp6+3_A_2_2_4_comp7+3_A_2_2_4_comp8+3_A_2_2_4_comp9+3_A_2_2_4_comp10+3_A_2_2_4_comp11+3_A_2_2_4_comp12+3_A_2_2_4_comp13+3_A_2_2_4_comp14,R_3_A_2_2_4,TCDB,TCDB.3_A_2_2_4_comp10
G_3_A_2_2_4_comp11,P_3_A_2_2_4_comp1+3_A_2_2_4_comp2+3_A_2_2_4_comp3+3_A_2_2_4_comp4+3_A_2_2_4_comp5+3_A_2_2_4_comp6+3_A_2_2_4_comp7+3_A_2_2_4_comp8+3_A_2_2_4_comp9+3_A_2_2_4_comp10+3_A_2_2_4_comp11+3_A_2_2_4_comp12+3_A_2_2_4_comp13+3_A_2_2_4_comp14,R_3_A_2_2_4,TCDB,TCDB.3_A_2_2_4_comp11
G_3_A_2_2_4_comp12,P_3_A_2_2_4_comp1+3_A_2_2_4_comp2+3_A_2_2_4_comp3+3_A_2_2_4_comp4+3_A_2_2_4_comp5+3_A_2_2_4_comp6+3_A_2_2_4_comp7+3_A_2_2_4_comp8+3_A_2_2_4_comp9+3_A_2_2_4_comp10+3_A_2_2_4_comp11+3_A_2_2_4_comp12+3_A_2_2_4_comp13+3_A_2_2_4_comp14,R_3_A_2_2_4,TCDB,TCDB.3_A_2_2_4_comp12
G_3_A_2_2_4_comp13,P_3_A_2_2_4_comp1+3_A_2_2_4_comp2+3_A_2_2_4_comp3+3_A_2_2_4_comp4+3_A_2_2_4_comp5+3_A_2_2_4_comp6+3_A_2_2_4_comp7+3_A_2_2_4_comp8+3_A_2_2_4_comp9+3_A_2_2_4_comp10+3_A_2_2_4_comp11+3_A_2_2_4_comp12+3_A_2_2_4_comp13+3_A_2_2_4_comp14,R_3_A_2_2_4,TCDB,TCDB.3_A_2_2_4_comp13
G_3_A_2_2_4_comp14,P_3_A_2_2_4_comp1+3_A_2_2_4_comp2+3_A_2_2_4_comp3+3_A_2_2_4_comp4+3_A_2_2_4_comp5+3_A_2_2_4_comp6+3_A_2_2_4_comp7+3_A_2_2_4_comp8+3_A_2_2_4_comp9+3_A_2_2_4_comp10+3_A_2_2_4_comp11+3_A_2_2_4_comp12+3_A_2_2_4_comp13+3_A_2_2_4_comp14,R_3_A_2_2_4,TCDB,TCDB.3_A_2_2_4_comp14
G_8_A_66_1_5_comp1,P_8_A_66_1_5_comp1,R_8_A_66_1_5,TCDB,TCDB.8_A_66_1_5_comp1
G_2_A_1_44_1_comp1,P_2_A_1_44_1_comp1,R_2_A_1_44_1,TCDB,TCDB.2_A_1_44_1_comp1
G_9_B_87_1_35_comp1,P_9_B_87_1_35_comp1,R_9_B_87_1_35,TCDB,TCDB.9_B_87_1_35_comp1
G_8_A_104_1_9_comp1,P_8_A_104_1_9_comp1,R_8_A_104_1_9,TCDB,TCDB.8_A_104_1_9_comp1
G_9_B_208_1_3_comp1,P_9_B_208_1_3_comp1,R_9_B_208_1_3,TCDB,TCDB.9_B_208_1_3_comp1
G_1_P_1_1_1_comp1,P_1_P_1_1_1_comp1+1_P_1_1_1_comp2+1_P_1_1_1_comp3+1_P_1_1_1_comp4+1_P_1_1_1_comp5,R_1_P_1_1_1,TCDB,TCDB.1_P_1_1_1_comp1
G_1_P_1_1_1_comp2,P_1_P_1_1_1_comp1+1_P_1_1_1_comp2+1_P_1_1_1_comp3+1_P_1_1_1_comp4+1_P_1_1_1_comp5,R_1_P_1_1_1,TCDB,TCDB.1_P_1_1_1_comp2
G_1_P_1_1_1_comp3,P_1_P_1_1_1_comp1+1_P_1_1_1_comp2+1_P_1_1_1_comp3+1_P_1_1_1_comp4+1_P_1_1_1_comp5,R_1_P_1_1_1,TCDB,TCDB.1_P_1_1_1_comp3
G_1_P_1_1_1_comp4,P_1_P_1_1_1_comp1+1_P_1_1_1_comp2+1_P_1_1_1_comp3+1_P_1_1_1_comp4+1_P_1_1_1_comp5,R_1_P_1_1_1,TCDB,TCDB.1_P_1_1_1_comp4
G_1_P_1_1_1_comp5,P_1_P_1_1_1_comp1+1_P_1_1_1_comp2+1_P_1_1_1_comp3+1_P_1_1_1_comp4+1_P_1_1_1_comp5,R_1_P_1_1_1,TCDB,TCDB.1_P_1_1_1_comp5
G_8_A_195_1_1_comp1,P_8_A_195_1_1_comp1+8_A_195_1_1_comp2,R_8_A_195_1_1,TCDB,TCDB.8_A_195_1_1_comp1
G_8_A_195_1_1_comp2,P_8_A_195_1_1_comp1+8_A_195_1_1_comp2,R_8_A_195_1_1,TCDB,TCDB.8_A_195_1_1_comp2
G_8_A_90_2_1_comp1,P_8_A_90_2_1_comp1,R_8_A_90_2_1,TCDB,TCDB.8_A_90_2_1_comp1
G_1_A_24_1_10_comp1,P_1_A_24_1_10_comp1,R_1_A_24_1_10,TCDB,TCDB.1_A_24_1_10_comp1
G_2_A_29_14_1_comp1,P_2_A_29_14_1_comp1,R_2_A_29_14_1,TCDB,TCDB.2_A_29_14_1_comp1
G_2_A_1_19_24_comp1,P_2_A_1_19_24_comp1,R_2_A_1_19_24,TCDB,TCDB.2_A_1_19_24_comp1
G_1_A_4_6_3_comp1,P_1_A_4_6_3_comp1,R_1_A_4_6_3,TCDB,TCDB.1_A_4_6_3_comp1
G_8_A_80_1_1_comp1,P_8_A_80_1_1_comp1,R_8_A_80_1_1,TCDB,TCDB.8_A_80_1_1_comp1
G_8_A_82_1_10_comp1,P_8_A_82_1_10_comp1,R_8_A_82_1_10,TCDB,TCDB.8_A_82_1_10_comp1
G_8_A_40_7_2_comp1,P_8_A_40_7_2_comp1,R_8_A_40_7_2,TCDB,TCDB.8_A_40_7_2_comp1
G_9_B_1_1_1_comp1,P_9_B_1_1_1_comp1,R_9_B_1_1_1,TCDB,TCDB.9_B_1_1_1_comp1
G_9_A_14_15_1_comp1,P_9_A_14_15_1_comp1,R_9_A_14_15_1,TCDB,TCDB.9_A_14_15_1_comp1
G_8_B_14_2_2_comp1,P_8_B_14_2_2_comp1,R_8_B_14_2_2,TCDB,TCDB.8_B_14_2_2_comp1
G_2_A_50_4_1_comp1,P_2_A_50_4_1_comp1,R_2_A_50_4_1,TCDB,TCDB.2_A_50_4_1_comp1
G_2_A_50_4_11_comp1,P_2_A_50_4_11_comp1,R_2_A_50_4_11,TCDB,TCDB.2_A_50_4_11_comp1
G_9_A_49_1_3_comp1,P_9_A_49_1_3_comp1,R_9_A_49_1_3,TCDB,TCDB.9_A_49_1_3_comp1
G_1_F_1_2_1_comp1,P_1_F_1_2_1_comp1+1_F_1_2_1_comp2+1_F_1_2_1_comp3,R_1_F_1_2_1,TCDB,TCDB.1_F_1_2_1_comp1
G_1_F_1_2_1_comp2,P_1_F_1_2_1_comp1+1_F_1_2_1_comp2+1_F_1_2_1_comp3,R_1_F_1_2_1,TCDB,TCDB.1_F_1_2_1_comp2
G_1_F_1_2_1_comp3,P_1_F_1_2_1_comp1+1_F_1_2_1_comp2+1_F_1_2_1_comp3,R_1_F_1_2_1,TCDB,TCDB.1_F_1_2_1_comp3
G_3_A_2_1_15_comp1,P_3_A_2_1_15_comp1+3_A_2_1_15_comp2+3_A_2_1_15_comp3+3_A_2_1_15_comp4+3_A_2_1_15_comp5+3_A_2_1_15_comp6+3_A_2_1_15_comp7+3_A_2_1_15_comp8+3_A_2_1_15_comp9+3_A_2_1_15_comp10+3_A_2_1_15_comp11+3_A_2_1_15_comp12+3_A_2_1_15_comp13+3_A_2_1_15_comp14+3_A_2_1_15_comp15+3_A_2_1_15_comp16+3_A_2_1_15_comp17,R_3_A_2_1_15,TCDB,TCDB.3_A_2_1_15_comp1
G_3_A_2_1_15_comp2,P_3_A_2_1_15_comp1+3_A_2_1_15_comp2+3_A_2_1_15_comp3+3_A_2_1_15_comp4+3_A_2_1_15_comp5+3_A_2_1_15_comp6+3_A_2_1_15_comp7+3_A_2_1_15_comp8+3_A_2_1_15_comp9+3_A_2_1_15_comp10+3_A_2_1_15_comp11+3_A_2_1_15_comp12+3_A_2_1_15_comp13+3_A_2_1_15_comp14+3_A_2_1_15_comp15+3_A_2_1_15_comp16+3_A_2_1_15_comp17,R_3_A_2_1_15,TCDB,TCDB.3_A_2_1_15_comp2
G_3_A_2_1_15_comp3,P_3_A_2_1_15_comp1+3_A_2_1_15_comp2+3_A_2_1_15_comp3+3_A_2_1_15_comp4+3_A_2_1_15_comp5+3_A_2_1_15_comp6+3_A_2_1_15_comp7+3_A_2_1_15_comp8+3_A_2_1_15_comp9+3_A_2_1_15_comp10+3_A_2_1_15_comp11+3_A_2_1_15_comp12+3_A_2_1_15_comp13+3_A_2_1_15_comp14+3_A_2_1_15_comp15+3_A_2_1_15_comp16+3_A_2_1_15_comp17,R_3_A_2_1_15,TCDB,TCDB.3_A_2_1_15_comp3
G_3_A_2_1_15_comp4,P_3_A_2_1_15_comp1+3_A_2_1_15_comp2+3_A_2_1_15_comp3+3_A_2_1_15_comp4+3_A_2_1_15_comp5+3_A_2_1_15_comp6+3_A_2_1_15_comp7+3_A_2_1_15_comp8+3_A_2_1_15_comp9+3_A_2_1_15_comp10+3_A_2_1_15_comp11+3_A_2_1_15_comp12+3_A_2_1_15_comp13+3_A_2_1_15_comp14+3_A_2_1_15_comp15+3_A_2_1_15_comp16+3_A_2_1_15_comp17,R_3_A_2_1_15,TCDB,TCDB.3_A_2_1_15_comp4
G_3_A_2_1_15_comp5,P_3_A_2_1_15_comp1+3_A_2_1_15_comp2+3_A_2_1_15_comp3+3_A_2_1_15_comp4+3_A_2_1_15_comp5+3_A_2_1_15_comp6+3_A_2_1_15_comp7+3_A_2_1_15_comp8+3_A_2_1_15_comp9+3_A_2_1_15_comp10+3_A_2_1_15_comp11+3_A_2_1_15_comp12+3_A_2_1_15_comp13+3_A_2_1_15_comp14+3_A_2_1_15_comp15+3_A_2_1_15_comp16+3_A_2_1_15_comp17,R_3_A_2_1_15,TCDB,TCDB.3_A_2_1_15_comp5
G_3_A_2_1_15_comp6,P_3_A_2_1_15_comp1+3_A_2_1_15_comp2+3_A_2_1_15_comp3+3_A_2_1_15_comp4+3_A_2_1_15_comp5+3_A_2_1_15_comp6+3_A_2_1_15_comp7+3_A_2_1_15_comp8+3_A_2_1_15_comp9+3_A_2_1_15_comp10+3_A_2_1_15_comp11+3_A_2_1_15_comp12+3_A_2_1_15_comp13+3_A_2_1_15_comp14+3_A_2_1_15_comp15+3_A_2_1_15_comp16+3_A_2_1_15_comp17,R_3_A_2_1_15,TCDB,TCDB.3_A_2_1_15_comp6
G_3_A_2_1_15_comp7,P_3_A_2_1_15_comp1+3_A_2_1_15_comp2+3_A_2_1_15_comp3+3_A_2_1_15_comp4+3_A_2_1_15_comp5+3_A_2_1_15_comp6+3_A_2_1_15_comp7+3_A_2_1_15_comp8+3_A_2_1_15_comp9+3_A_2_1_15_comp10+3_A_2_1_15_comp11+3_A_2_1_15_comp12+3_A_2_1_15_comp13+3_A_2_1_15_comp14+3_A_2_1_15_comp15+3_A_2_1_15_comp16+3_A_2_1_15_comp17,R_3_A_2_1_15,TCDB,TCDB.3_A_2_1_15_comp7
G_3_A_2_1_15_comp8,P_3_A_2_1_15_comp1+3_A_2_1_15_comp2+3_A_2_1_15_comp3+3_A_2_1_15_comp4+3_A_2_1_15_comp5+3_A_2_1_15_comp6+3_A_2_1_15_comp7+3_A_2_1_15_comp8+3_A_2_1_15_comp9+3_A_2_1_15_comp10+3_A_2_1_15_comp11+3_A_2_1_15_comp12+3_A_2_1_15_comp13+3_A_2_1_15_comp14+3_A_2_1_15_comp15+3_A_2_1_15_comp16+3_A_2_1_15_comp17,R_3_A_2_1_15,TCDB,TCDB.3_A_2_1_15_comp8
G_3_A_2_1_15_comp9,P_3_A_2_1_15_comp1+3_A_2_1_15_comp2+3_A_2_1_15_comp3+3_A_2_1_15_comp4+3_A_2_1_15_comp5+3_A_2_1_15_comp6+3_A_2_1_15_comp7+3_A_2_1_15_comp8+3_A_2_1_15_comp9+3_A_2_1_15_comp10+3_A_2_1_15_comp11+3_A_2_1_15_comp12+3_A_2_1_15_comp13+3_A_2_1_15_comp14+3_A_2_1_15_comp15+3_A_2_1_15_comp16+3_A_2_1_15_comp17,R_3_A_2_1_15,TCDB,TCDB.3_A_2_1_15_comp9
G_3_A_2_1_15_comp10,P_3_A_2_1_15_comp1+3_A_2_1_15_comp2+3_A_2_1_15_comp3+3_A_2_1_15_comp4+3_A_2_1_15_comp5+3_A_2_1_15_comp6+3_A_2_1_15_comp7+3_A_2_1_15_comp8+3_A_2_1_15_comp9+3_A_2_1_15_comp10+3_A_2_1_15_comp11+3_A_2_1_15_comp12+3_A_2_1_15_comp13+3_A_2_1_15_comp14+3_A_2_1_15_comp15+3_A_2_1_15_comp16+3_A_2_1_15_comp17,R_3_A_2_1_15,TCDB,TCDB.3_A_2_1_15_comp10
G_3_A_2_1_15_comp11,P_3_A_2_1_15_comp1+3_A_2_1_15_comp2+3_A_2_1_15_comp3+3_A_2_1_15_comp4+3_A_2_1_15_comp5+3_A_2_1_15_comp6+3_A_2_1_15_comp7+3_A_2_1_15_comp8+3_A_2_1_15_comp9+3_A_2_1_15_comp10+3_A_2_1_15_comp11+3_A_2_1_15_comp12+3_A_2_1_15_comp13+3_A_2_1_15_comp14+3_A_2_1_15_comp15+3_A_2_1_15_comp16+3_A_2_1_15_comp17,R_3_A_2_1_15,TCDB,TCDB.3_A_2_1_15_comp11
G_3_A_2_1_15_comp12,P_3_A_2_1_15_comp1+3_A_2_1_15_comp2+3_A_2_1_15_comp3+3_A_2_1_15_comp4+3_A_2_1_15_comp5+3_A_2_1_15_comp6+3_A_2_1_15_comp7+3_A_2_1_15_comp8+3_A_2_1_15_comp9+3_A_2_1_15_comp10+3_A_2_1_15_comp11+3_A_2_1_15_comp12+3_A_2_1_15_comp13+3_A_2_1_15_comp14+3_A_2_1_15_comp15+3_A_2_1_15_comp16+3_A_2_1_15_comp17,R_3_A_2_1_15,TCDB,TCDB.3_A_2_1_15_comp12
G_3_A_2_1_15_comp13,P_3_A_2_1_15_comp1+3_A_2_1_15_comp2+3_A_2_1_15_comp3+3_A_2_1_15_comp4+3_A_2_1_15_comp5+3_A_2_1_15_comp6+3_A_2_1_15_comp7+3_A_2_1_15_comp8+3_A_2_1_15_comp9+3_A_2_1_15_comp10+3_A_2_1_15_comp11+3_A_2_1_15_comp12+3_A_2_1_15_comp13+3_A_2_1_15_comp14+3_A_2_1_15_comp15+3_A_2_1_15_comp16+3_A_2_1_15_comp17,R_3_A_2_1_15,TCDB,TCDB.3_A_2_1_15_comp13
G_3_A_2_1_15_comp14,P_3_A_2_1_15_comp1+3_A_2_1_15_comp2+3_A_2_1_15_comp3+3_A_2_1_15_comp4+3_A_2_1_15_comp5+3_A_2_1_15_comp6+3_A_2_1_15_comp7+3_A_2_1_15_comp8+3_A_2_1_15_comp9+3_A_2_1_15_comp10+3_A_2_1_15_comp11+3_A_2_1_15_comp12+3_A_2_1_15_comp13+3_A_2_1_15_comp14+3_A_2_1_15_comp15+3_A_2_1_15_comp16+3_A_2_1_15_comp17,R_3_A_2_1_15,TCDB,TCDB.3_A_2_1_15_comp14
G_3_A_2_1_15_comp15,P_3_A_2_1_15_comp1+3_A_2_1_15_comp2+3_A_2_1_15_comp3+3_A_2_1_15_comp4+3_A_2_1_15_comp5+3_A_2_1_15_comp6+3_A_2_1_15_comp7+3_A_2_1_15_comp8+3_A_2_1_15_comp9+3_A_2_1_15_comp10+3_A_2_1_15_comp11+3_A_2_1_15_comp12+3_A_2_1_15_comp13+3_A_2_1_15_comp14+3_A_2_1_15_comp15+3_A_2_1_15_comp16+3_A_2_1_15_comp17,R_3_A_2_1_15,TCDB,TCDB.3_A_2_1_15_comp15
G_3_A_2_1_15_comp16,P_3_A_2_1_15_comp1+3_A_2_1_15_comp2+3_A_2_1_15_comp3+3_A_2_1_15_comp4+3_A_2_1_15_comp5+3_A_2_1_15_comp6+3_A_2_1_15_comp7+3_A_2_1_15_comp8+3_A_2_1_15_comp9+3_A_2_1_15_comp10+3_A_2_1_15_comp11+3_A_2_1_15_comp12+3_A_2_1_15_comp13+3_A_2_1_15_comp14+3_A_2_1_15_comp15+3_A_2_1_15_comp16+3_A_2_1_15_comp17,R_3_A_2_1_15,TCDB,TCDB.3_A_2_1_15_comp16
G_3_A_2_1_15_comp17,P_3_A_2_1_15_comp1+3_A_2_1_15_comp2+3_A_2_1_15_comp3+3_A_2_1_15_comp4+3_A_2_1_15_comp5+3_A_2_1_15_comp6+3_A_2_1_15_comp7+3_A_2_1_15_comp8+3_A_2_1_15_comp9+3_A_2_1_15_comp10+3_A_2_1_15_comp11+3_A_2_1_15_comp12+3_A_2_1_15_comp13+3_A_2_1_15_comp14+3_A_2_1_15_comp15+3_A_2_1_15_comp16+3_A_2_1_15_comp17,R_3_A_2_1_15,TCDB,TCDB.3_A_2_1_15_comp17
G_8_A_40_1_22_comp1,P_8_A_40_1_22_comp1,R_8_A_40_1_22,TCDB,TCDB.8_A_40_1_22_comp1
G_8_A_21_3_1_comp1,P_8_A_21_3_1_comp1,R_8_A_21_3_1,TCDB,TCDB.8_A_21_3_1_comp1
G_8_A_57_1_1_comp1,P_8_A_57_1_1_comp1,R_8_A_57_1_1,TCDB,TCDB.8_A_57_1_1_comp1
G_1_C_77_1_3_comp1,P_1_C_77_1_3_comp1,R_1_C_77_1_3,TCDB,TCDB.1_C_77_1_3_comp1
G_2_A_1_19_3_comp1,P_2_A_1_19_3_comp1,R_2_A_1_19_3,TCDB,TCDB.2_A_1_19_3_comp1
G_1_A_46_1_1_comp1,P_1_A_46_1_1_comp1,R_1_A_46_1_1,TCDB,TCDB.1_A_46_1_1_comp1
G_2_A_22_2_5_comp1,P_2_A_22_2_5_comp1,R_2_A_22_2_5,TCDB,TCDB.2_A_22_2_5_comp1
G_8_B_12_1_1_comp1,P_8_B_12_1_1_comp1,R_8_B_12_1_1,TCDB,TCDB.8_B_12_1_1_comp1
G_1_I_1_1_5_comp1,P_1_I_1_1_5_comp1+1_I_1_1_5_comp2+1_I_1_1_5_comp3+1_I_1_1_5_comp4+1_I_1_1_5_comp5+1_I_1_1_5_comp6+1_I_1_1_5_comp7+1_I_1_1_5_comp8+1_I_1_1_5_comp9+1_I_1_1_5_comp10+1_I_1_1_5_comp11+1_I_1_1_5_comp12+1_I_1_1_5_comp13+1_I_1_1_5_comp14+1_I_1_1_5_comp15+1_I_1_1_5_comp16+1_I_1_1_5_comp17+1_I_1_1_5_comp18+1_I_1_1_5_comp19+1_I_1_1_5_comp20,R_1_I_1_1_5,TCDB,TCDB.1_I_1_1_5_comp1
G_1_I_1_1_5_comp2,P_1_I_1_1_5_comp1+1_I_1_1_5_comp2+1_I_1_1_5_comp3+1_I_1_1_5_comp4+1_I_1_1_5_comp5+1_I_1_1_5_comp6+1_I_1_1_5_comp7+1_I_1_1_5_comp8+1_I_1_1_5_comp9+1_I_1_1_5_comp10+1_I_1_1_5_comp11+1_I_1_1_5_comp12+1_I_1_1_5_comp13+1_I_1_1_5_comp14+1_I_1_1_5_comp15+1_I_1_1_5_comp16+1_I_1_1_5_comp17+1_I_1_1_5_comp18+1_I_1_1_5_comp19+1_I_1_1_5_comp20,R_1_I_1_1_5,TCDB,TCDB.1_I_1_1_5_comp2
G_1_I_1_1_5_comp3,P_1_I_1_1_5_comp1+1_I_1_1_5_comp2+1_I_1_1_5_comp3+1_I_1_1_5_comp4+1_I_1_1_5_comp5+1_I_1_1_5_comp6+1_I_1_1_5_comp7+1_I_1_1_5_comp8+1_I_1_1_5_comp9+1_I_1_1_5_comp10+1_I_1_1_5_comp11+1_I_1_1_5_comp12+1_I_1_1_5_comp13+1_I_1_1_5_comp14+1_I_1_1_5_comp15+1_I_1_1_5_comp16+1_I_1_1_5_comp17+1_I_1_1_5_comp18+1_I_1_1_5_comp19+1_I_1_1_5_comp20,R_1_I_1_1_5,TCDB,TCDB.1_I_1_1_5_comp3
G_1_I_1_1_5_comp4,P_1_I_1_1_5_comp1+1_I_1_1_5_comp2+1_I_1_1_5_comp3+1_I_1_1_5_comp4+1_I_1_1_5_comp5+1_I_1_1_5_comp6+1_I_1_1_5_comp7+1_I_1_1_5_comp8+1_I_1_1_5_comp9+1_I_1_1_5_comp10+1_I_1_1_5_comp11+1_I_1_1_5_comp12+1_I_1_1_5_comp13+1_I_1_1_5_comp14+1_I_1_1_5_comp15+1_I_1_1_5_comp16+1_I_1_1_5_comp17+1_I_1_1_5_comp18+1_I_1_1_5_comp19+1_I_1_1_5_comp20,R_1_I_1_1_5,TCDB,TCDB.1_I_1_1_5_comp4
G_1_I_1_1_5_comp5,P_1_I_1_1_5_comp1+1_I_1_1_5_comp2+1_I_1_1_5_comp3+1_I_1_1_5_comp4+1_I_1_1_5_comp5+1_I_1_1_5_comp6+1_I_1_1_5_comp7+1_I_1_1_5_comp8+1_I_1_1_5_comp9+1_I_1_1_5_comp10+1_I_1_1_5_comp11+1_I_1_1_5_comp12+1_I_1_1_5_comp13+1_I_1_1_5_comp14+1_I_1_1_5_comp15+1_I_1_1_5_comp16+1_I_1_1_5_comp17+1_I_1_1_5_comp18+1_I_1_1_5_comp19+1_I_1_1_5_comp20,R_1_I_1_1_5,TCDB,TCDB.1_I_1_1_5_comp5
G_1_I_1_1_5_comp6,P_1_I_1_1_5_comp1+1_I_1_1_5_comp2+1_I_1_1_5_comp3+1_I_1_1_5_comp4+1_I_1_1_5_comp5+1_I_1_1_5_comp6+1_I_1_1_5_comp7+1_I_1_1_5_comp8+1_I_1_1_5_comp9+1_I_1_1_5_comp10+1_I_1_1_5_comp11+1_I_1_1_5_comp12+1_I_1_1_5_comp13+1_I_1_1_5_comp14+1_I_1_1_5_comp15+1_I_1_1_5_comp16+1_I_1_1_5_comp17+1_I_1_1_5_comp18+1_I_1_1_5_comp19+1_I_1_1_5_comp20,R_1_I_1_1_5,TCDB,TCDB.1_I_1_1_5_comp6
G_1_I_1_1_5_comp7,P_1_I_1_1_5_comp1+1_I_1_1_5_comp2+1_I_1_1_5_comp3+1_I_1_1_5_comp4+1_I_1_1_5_comp5+1_I_1_1_5_comp6+1_I_1_1_5_comp7+1_I_1_1_5_comp8+1_I_1_1_5_comp9+1_I_1_1_5_comp10+1_I_1_1_5_comp11+1_I_1_1_5_comp12+1_I_1_1_5_comp13+1_I_1_1_5_comp14+1_I_1_1_5_comp15+1_I_1_1_5_comp16+1_I_1_1_5_comp17+1_I_1_1_5_comp18+1_I_1_1_5_comp19+1_I_1_1_5_comp20,R_1_I_1_1_5,TCDB,TCDB.1_I_1_1_5_comp7
G_1_I_1_1_5_comp8,P_1_I_1_1_5_comp1+1_I_1_1_5_comp2+1_I_1_1_5_comp3+1_I_1_1_5_comp4+1_I_1_1_5_comp5+1_I_1_1_5_comp6+1_I_1_1_5_comp7+1_I_1_1_5_comp8+1_I_1_1_5_comp9+1_I_1_1_5_comp10+1_I_1_1_5_comp11+1_I_1_1_5_comp12+1_I_1_1_5_comp13+1_I_1_1_5_comp14+1_I_1_1_5_comp15+1_I_1_1_5_comp16+1_I_1_1_5_comp17+1_I_1_1_5_comp18+1_I_1_1_5_comp19+1_I_1_1_5_comp20,R_1_I_1_1_5,TCDB,TCDB.1_I_1_1_5_comp8
G_1_I_1_1_5_comp9,P_1_I_1_1_5_comp1+1_I_1_1_5_comp2+1_I_1_1_5_comp3+1_I_1_1_5_comp4+1_I_1_1_5_comp5+1_I_1_1_5_comp6+1_I_1_1_5_comp7+1_I_1_1_5_comp8+1_I_1_1_5_comp9+1_I_1_1_5_comp10+1_I_1_1_5_comp11+1_I_1_1_5_comp12+1_I_1_1_5_comp13+1_I_1_1_5_comp14+1_I_1_1_5_comp15+1_I_1_1_5_comp16+1_I_1_1_5_comp17+1_I_1_1_5_comp18+1_I_1_1_5_comp19+1_I_1_1_5_comp20,R_1_I_1_1_5,TCDB,TCDB.1_I_1_1_5_comp9
G_1_I_1_1_5_comp10,P_1_I_1_1_5_comp1+1_I_1_1_5_comp2+1_I_1_1_5_comp3+1_I_1_1_5_comp4+1_I_1_1_5_comp5+1_I_1_1_5_comp6+1_I_1_1_5_comp7+1_I_1_1_5_comp8+1_I_1_1_5_comp9+1_I_1_1_5_comp10+1_I_1_1_5_comp11+1_I_1_1_5_comp12+1_I_1_1_5_comp13+1_I_1_1_5_comp14+1_I_1_1_5_comp15+1_I_1_1_5_comp16+1_I_1_1_5_comp17+1_I_1_1_5_comp18+1_I_1_1_5_comp19+1_I_1_1_5_comp20,R_1_I_1_1_5,TCDB,TCDB.1_I_1_1_5_comp10
G_1_I_1_1_5_comp11,P_1_I_1_1_5_comp1+1_I_1_1_5_comp2+1_I_1_1_5_comp3+1_I_1_1_5_comp4+1_I_1_1_5_comp5+1_I_1_1_5_comp6+1_I_1_1_5_comp7+1_I_1_1_5_comp8+1_I_1_1_5_comp9+1_I_1_1_5_comp10+1_I_1_1_5_comp11+1_I_1_1_5_comp12+1_I_1_1_5_comp13+1_I_1_1_5_comp14+1_I_1_1_5_comp15+1_I_1_1_5_comp16+1_I_1_1_5_comp17+1_I_1_1_5_comp18+1_I_1_1_5_comp19+1_I_1_1_5_comp20,R_1_I_1_1_5,TCDB,TCDB.1_I_1_1_5_comp11
G_1_I_1_1_5_comp12,P_1_I_1_1_5_comp1+1_I_1_1_5_comp2+1_I_1_1_5_comp3+1_I_1_1_5_comp4+1_I_1_1_5_comp5+1_I_1_1_5_comp6+1_I_1_1_5_comp7+1_I_1_1_5_comp8+1_I_1_1_5_comp9+1_I_1_1_5_comp10+1_I_1_1_5_comp11+1_I_1_1_5_comp12+1_I_1_1_5_comp13+1_I_1_1_5_comp14+1_I_1_1_5_comp15+1_I_1_1_5_comp16+1_I_1_1_5_comp17+1_I_1_1_5_comp18+1_I_1_1_5_comp19+1_I_1_1_5_comp20,R_1_I_1_1_5,TCDB,TCDB.1_I_1_1_5_comp12
G_1_I_1_1_5_comp13,P_1_I_1_1_5_comp1+1_I_1_1_5_comp2+1_I_1_1_5_comp3+1_I_1_1_5_comp4+1_I_1_1_5_comp5+1_I_1_1_5_comp6+1_I_1_1_5_comp7+1_I_1_1_5_comp8+1_I_1_1_5_comp9+1_I_1_1_5_comp10+1_I_1_1_5_comp11+1_I_1_1_5_comp12+1_I_1_1_5_comp13+1_I_1_1_5_comp14+1_I_1_1_5_comp15+1_I_1_1_5_comp16+1_I_1_1_5_comp17+1_I_1_1_5_comp18+1_I_1_1_5_comp19+1_I_1_1_5_comp20,R_1_I_1_1_5,TCDB,TCDB.1_I_1_1_5_comp13
G_1_I_1_1_5_comp14,P_1_I_1_1_5_comp1+1_I_1_1_5_comp2+1_I_1_1_5_comp3+1_I_1_1_5_comp4+1_I_1_1_5_comp5+1_I_1_1_5_comp6+1_I_1_1_5_comp7+1_I_1_1_5_comp8+1_I_1_1_5_comp9+1_I_1_1_5_comp10+1_I_1_1_5_comp11+1_I_1_1_5_comp12+1_I_1_1_5_comp13+1_I_1_1_5_comp14+1_I_1_1_5_comp15+1_I_1_1_5_comp16+1_I_1_1_5_comp17+1_I_1_1_5_comp18+1_I_1_1_5_comp19+1_I_1_1_5_comp20,R_1_I_1_1_5,TCDB,TCDB.1_I_1_1_5_comp14
G_1_I_1_1_5_comp15,P_1_I_1_1_5_comp1+1_I_1_1_5_comp2+1_I_1_1_5_comp3+1_I_1_1_5_comp4+1_I_1_1_5_comp5+1_I_1_1_5_comp6+1_I_1_1_5_comp7+1_I_1_1_5_comp8+1_I_1_1_5_comp9+1_I_1_1_5_comp10+1_I_1_1_5_comp11+1_I_1_1_5_comp12+1_I_1_1_5_comp13+1_I_1_1_5_comp14+1_I_1_1_5_comp15+1_I_1_1_5_comp16+1_I_1_1_5_comp17+1_I_1_1_5_comp18+1_I_1_1_5_comp19+1_I_1_1_5_comp20,R_1_I_1_1_5,TCDB,TCDB.1_I_1_1_5_comp15
G_1_I_1_1_5_comp16,P_1_I_1_1_5_comp1+1_I_1_1_5_comp2+1_I_1_1_5_comp3+1_I_1_1_5_comp4+1_I_1_1_5_comp5+1_I_1_1_5_comp6+1_I_1_1_5_comp7+1_I_1_1_5_comp8+1_I_1_1_5_comp9+1_I_1_1_5_comp10+1_I_1_1_5_comp11+1_I_1_1_5_comp12+1_I_1_1_5_comp13+1_I_1_1_5_comp14+1_I_1_1_5_comp15+1_I_1_1_5_comp16+1_I_1_1_5_comp17+1_I_1_1_5_comp18+1_I_1_1_5_comp19+1_I_1_1_5_comp20,R_1_I_1_1_5,TCDB,TCDB.1_I_1_1_5_comp16
G_1_I_1_1_5_comp17,P_1_I_1_1_5_comp1+1_I_1_1_5_comp2+1_I_1_1_5_comp3+1_I_1_1_5_comp4+1_I_1_1_5_comp5+1_I_1_1_5_comp6+1_I_1_1_5_comp7+1_I_1_1_5_comp8+1_I_1_1_5_comp9+1_I_1_1_5_comp10+1_I_1_1_5_comp11+1_I_1_1_5_comp12+1_I_1_1_5_comp13+1_I_1_1_5_comp14+1_I_1_1_5_comp15+1_I_1_1_5_comp16+1_I_1_1_5_comp17+1_I_1_1_5_comp18+1_I_1_1_5_comp19+1_I_1_1_5_comp20,R_1_I_1_1_5,TCDB,TCDB.1_I_1_1_5_comp17
G_1_I_1_1_5_comp18,P_1_I_1_1_5_comp1+1_I_1_1_5_comp2+1_I_1_1_5_comp3+1_I_1_1_5_comp4+1_I_1_1_5_comp5+1_I_1_1_5_comp6+1_I_1_1_5_comp7+1_I_1_1_5_comp8+1_I_1_1_5_comp9+1_I_1_1_5_comp10+1_I_1_1_5_comp11+1_I_1_1_5_comp12+1_I_1_1_5_comp13+1_I_1_1_5_comp14+1_I_1_1_5_comp15+1_I_1_1_5_comp16+1_I_1_1_5_comp17+1_I_1_1_5_comp18+1_I_1_1_5_comp19+1_I_1_1_5_comp20,R_1_I_1_1_5,TCDB,TCDB.1_I_1_1_5_comp18
G_1_I_1_1_5_comp19,P_1_I_1_1_5_comp1+1_I_1_1_5_comp2+1_I_1_1_5_comp3+1_I_1_1_5_comp4+1_I_1_1_5_comp5+1_I_1_1_5_comp6+1_I_1_1_5_comp7+1_I_1_1_5_comp8+1_I_1_1_5_comp9+1_I_1_1_5_comp10+1_I_1_1_5_comp11+1_I_1_1_5_comp12+1_I_1_1_5_comp13+1_I_1_1_5_comp14+1_I_1_1_5_comp15+1_I_1_1_5_comp16+1_I_1_1_5_comp17+1_I_1_1_5_comp18+1_I_1_1_5_comp19+1_I_1_1_5_comp20,R_1_I_1_1_5,TCDB,TCDB.1_I_1_1_5_comp19
G_1_I_1_1_5_comp20,P_1_I_1_1_5_comp1+1_I_1_1_5_comp2+1_I_1_1_5_comp3+1_I_1_1_5_comp4+1_I_1_1_5_comp5+1_I_1_1_5_comp6+1_I_1_1_5_comp7+1_I_1_1_5_comp8+1_I_1_1_5_comp9+1_I_1_1_5_comp10+1_I_1_1_5_comp11+1_I_1_1_5_comp12+1_I_1_1_5_comp13+1_I_1_1_5_comp14+1_I_1_1_5_comp15+1_I_1_1_5_comp16+1_I_1_1_5_comp17+1_I_1_1_5_comp18+1_I_1_1_5_comp19+1_I_1_1_5_comp20,R_1_I_1_1_5,TCDB,TCDB.1_I_1_1_5_comp20
G_2_A_57_2_1_comp1,P_2_A_57_2_1_comp1,R_2_A_57_2_1,TCDB,TCDB.2_A_57_2_1_comp1
G_2_A_1_1_76_comp1,P_2_A_1_1_76_comp1,R_2_A_1_1_76,TCDB,TCDB.2_A_1_1_76_comp1
G_1_A_119_1_3_comp1,P_1_A_119_1_3_comp1,R_1_A_119_1_3,TCDB,TCDB.1_A_119_1_3_comp1
G_2_A_22_2_7_comp1,P_2_A_22_2_7_comp1,R_2_A_22_2_7,TCDB,TCDB.2_A_22_2_7_comp1
G_2_A_71_1_2_comp1,P_2_A_71_1_2_comp1,R_2_A_71_1_2,TCDB,TCDB.2_A_71_1_2_comp1
G_3_A_3_2_37_comp1,P_3_A_3_2_37_comp1,R_3_A_3_2_37,TCDB,TCDB.3_A_3_2_37_comp1
G_1_A_1_5_29_comp1,P_1_A_1_5_29_comp1,R_1_A_1_5_29,TCDB,TCDB.1_A_1_5_29_comp1
G_3_A_1_201_47_comp1,P_3_A_1_201_47_comp1,R_3_A_1_201_47,TCDB,TCDB.3_A_1_201_47_comp1
G_2_A_1_90_1_comp1,P_2_A_1_90_1_comp1,R_2_A_1_90_1,TCDB,TCDB.2_A_1_90_1_comp1
G_3_A_3_8_28_comp1,P_3_A_3_8_28_comp1,R_3_A_3_8_28,TCDB,TCDB.3_A_3_8_28_comp1
G_1_A_16_2_9_comp1,P_1_A_16_2_9_comp1,R_1_A_16_2_9,TCDB,TCDB.1_A_16_2_9_comp1
G_8_B_1_1_3_comp1,P_8_B_1_1_3_comp1,R_8_B_1_1_3,TCDB,TCDB.8_B_1_1_3_comp1
G_3_A_10_1_16_comp1,P_3_A_10_1_16_comp1,R_3_A_10_1_16,TCDB,TCDB.3_A_10_1_16_comp1
G_1_B_47_1_2_comp1,P_1_B_47_1_2_comp1,R_1_B_47_1_2,TCDB,TCDB.1_B_47_1_2_comp1
G_2_A_18_2_5_comp1,P_2_A_18_2_5_comp1,R_2_A_18_2_5,TCDB,TCDB.2_A_18_2_5_comp1
G_2_A_2_4_3_comp1,P_2_A_2_4_3_comp1,R_2_A_2_4_3,TCDB,TCDB.2_A_2_4_3_comp1
G_2_A_4_5_5_comp1,P_2_A_4_5_5_comp1,R_2_A_4_5_5,TCDB,TCDB.2_A_4_5_5_comp1
G_2_A_7_4_5_comp1,P_2_A_7_4_5_comp1,R_2_A_7_4_5,TCDB,TCDB.2_A_7_4_5_comp1
G_3_A_1_201_7_comp1,P_3_A_1_201_7_comp1,R_3_A_1_201_7,TCDB,TCDB.3_A_1_201_7_comp1
G_2_A_100_1_3_comp1,P_2_A_100_1_3_comp1,R_2_A_100_1_3,TCDB,TCDB.2_A_100_1_3_comp1
G_2_A_1_75_8_comp1,P_2_A_1_75_8_comp1,R_2_A_1_75_8,TCDB,TCDB.2_A_1_75_8_comp1
G_3_A_1_205_16_comp1,P_3_A_1_205_16_comp1,R_3_A_1_205_16,TCDB,TCDB.3_A_1_205_16_comp1
G_3_A_3_2_12_comp1,P_3_A_3_2_12_comp1,R_3_A_3_2_12,TCDB,TCDB.3_A_3_2_12_comp1
G_2_A_5_1_3_comp1,P_2_A_5_1_3_comp1,R_2_A_5_1_3,TCDB,TCDB.2_A_5_1_3_comp1
G_5_B_1_1_8_comp1,P_5_B_1_1_8_comp1,R_5_B_1_1_8,TCDB,TCDB.5_B_1_1_8_comp1
G_2_A_7_9_19_comp1,P_2_A_7_9_19_comp1,R_2_A_7_9_19,TCDB,TCDB.2_A_7_9_19_comp1
G_3_A_20_1_2_comp1,P_3_A_20_1_2_comp1+3_A_20_1_2_comp2+3_A_20_1_2_comp3+3_A_20_1_2_comp4+3_A_20_1_2_comp5+3_A_20_1_2_comp6+3_A_20_1_2_comp7+3_A_20_1_2_comp8+3_A_20_1_2_comp9+3_A_20_1_2_comp10+3_A_20_1_2_comp11+3_A_20_1_2_comp12,R_3_A_20_1_2,TCDB,TCDB.3_A_20_1_2_comp1
G_3_A_20_1_2_comp2,P_3_A_20_1_2_comp1+3_A_20_1_2_comp2+3_A_20_1_2_comp3+3_A_20_1_2_comp4+3_A_20_1_2_comp5+3_A_20_1_2_comp6+3_A_20_1_2_comp7+3_A_20_1_2_comp8+3_A_20_1_2_comp9+3_A_20_1_2_comp10+3_A_20_1_2_comp11+3_A_20_1_2_comp12,R_3_A_20_1_2,TCDB,TCDB.3_A_20_1_2_comp2
G_3_A_20_1_2_comp3,P_3_A_20_1_2_comp1+3_A_20_1_2_comp2+3_A_20_1_2_comp3+3_A_20_1_2_comp4+3_A_20_1_2_comp5+3_A_20_1_2_comp6+3_A_20_1_2_comp7+3_A_20_1_2_comp8+3_A_20_1_2_comp9+3_A_20_1_2_comp10+3_A_20_1_2_comp11+3_A_20_1_2_comp12,R_3_A_20_1_2,TCDB,TCDB.3_A_20_1_2_comp3
G_3_A_20_1_2_comp4,P_3_A_20_1_2_comp1+3_A_20_1_2_comp2+3_A_20_1_2_comp3+3_A_20_1_2_comp4+3_A_20_1_2_comp5+3_A_20_1_2_comp6+3_A_20_1_2_comp7+3_A_20_1_2_comp8+3_A_20_1_2_comp9+3_A_20_1_2_comp10+3_A_20_1_2_comp11+3_A_20_1_2_comp12,R_3_A_20_1_2,TCDB,TCDB.3_A_20_1_2_comp4
G_3_A_20_1_2_comp5,P_3_A_20_1_2_comp1+3_A_20_1_2_comp2+3_A_20_1_2_comp3+3_A_20_1_2_comp4+3_A_20_1_2_comp5+3_A_20_1_2_comp6+3_A_20_1_2_comp7+3_A_20_1_2_comp8+3_A_20_1_2_comp9+3_A_20_1_2_comp10+3_A_20_1_2_comp11+3_A_20_1_2_comp12,R_3_A_20_1_2,TCDB,TCDB.3_A_20_1_2_comp5
G_3_A_20_1_2_comp6,P_3_A_20_1_2_comp1+3_A_20_1_2_comp2+3_A_20_1_2_comp3+3_A_20_1_2_comp4+3_A_20_1_2_comp5+3_A_20_1_2_comp6+3_A_20_1_2_comp7+3_A_20_1_2_comp8+3_A_20_1_2_comp9+3_A_20_1_2_comp10+3_A_20_1_2_comp11+3_A_20_1_2_comp12,R_3_A_20_1_2,TCDB,TCDB.3_A_20_1_2_comp6
G_3_A_20_1_2_comp7,P_3_A_20_1_2_comp1+3_A_20_1_2_comp2+3_A_20_1_2_comp3+3_A_20_1_2_comp4+3_A_20_1_2_comp5+3_A_20_1_2_comp6+3_A_20_1_2_comp7+3_A_20_1_2_comp8+3_A_20_1_2_comp9+3_A_20_1_2_comp10+3_A_20_1_2_comp11+3_A_20_1_2_comp12,R_3_A_20_1_2,TCDB,TCDB.3_A_20_1_2_comp7
G_3_A_20_1_2_comp8,P_3_A_20_1_2_comp1+3_A_20_1_2_comp2+3_A_20_1_2_comp3+3_A_20_1_2_comp4+3_A_20_1_2_comp5+3_A_20_1_2_comp6+3_A_20_1_2_comp7+3_A_20_1_2_comp8+3_A_20_1_2_comp9+3_A_20_1_2_comp10+3_A_20_1_2_comp11+3_A_20_1_2_comp12,R_3_A_20_1_2,TCDB,TCDB.3_A_20_1_2_comp8
G_3_A_20_1_2_comp9,P_3_A_20_1_2_comp1+3_A_20_1_2_comp2+3_A_20_1_2_comp3+3_A_20_1_2_comp4+3_A_20_1_2_comp5+3_A_20_1_2_comp6+3_A_20_1_2_comp7+3_A_20_1_2_comp8+3_A_20_1_2_comp9+3_A_20_1_2_comp10+3_A_20_1_2_comp11+3_A_20_1_2_comp12,R_3_A_20_1_2,TCDB,TCDB.3_A_20_1_2_comp9
G_3_A_20_1_2_comp10,P_3_A_20_1_2_comp1+3_A_20_1_2_comp2+3_A_20_1_2_comp3+3_A_20_1_2_comp4+3_A_20_1_2_comp5+3_A_20_1_2_comp6+3_A_20_1_2_comp7+3_A_20_1_2_comp8+3_A_20_1_2_comp9+3_A_20_1_2_comp10+3_A_20_1_2_comp11+3_A_20_1_2_comp12,R_3_A_20_1_2,TCDB,TCDB.3_A_20_1_2_comp10
G_3_A_20_1_2_comp11,P_3_A_20_1_2_comp1+3_A_20_1_2_comp2+3_A_20_1_2_comp3+3_A_20_1_2_comp4+3_A_20_1_2_comp5+3_A_20_1_2_comp6+3_A_20_1_2_comp7+3_A_20_1_2_comp8+3_A_20_1_2_comp9+3_A_20_1_2_comp10+3_A_20_1_2_comp11+3_A_20_1_2_comp12,R_3_A_20_1_2,TCDB,TCDB.3_A_20_1_2_comp11
G_3_A_20_1_2_comp12,P_3_A_20_1_2_comp1+3_A_20_1_2_comp2+3_A_20_1_2_comp3+3_A_20_1_2_comp4+3_A_20_1_2_comp5+3_A_20_1_2_comp6+3_A_20_1_2_comp7+3_A_20_1_2_comp8+3_A_20_1_2_comp9+3_A_20_1_2_comp10+3_A_20_1_2_comp11+3_A_20_1_2_comp12,R_3_A_20_1_2,TCDB,TCDB.3_A_20_1_2_comp12
G_1_A_41_2_2_comp1,P_1_A_41_2_2_comp1,R_1_A_41_2_2,TCDB,TCDB.1_A_41_2_2_comp1
G_2_A_5_1_4_comp1,P_2_A_5_1_4_comp1,R_2_A_5_1_4,TCDB,TCDB.2_A_5_1_4_comp1
G_1_A_1_5_14_comp1,P_1_A_1_5_14_comp1,R_1_A_1_5_14,TCDB,TCDB.1_A_1_5_14_comp1
G_9_A_24_1_3_comp1,P_9_A_24_1_3_comp1,R_9_A_24_1_3,TCDB,TCDB.9_A_24_1_3_comp1
G_2_A_1_14_22_comp1,P_2_A_1_14_22_comp1,R_2_A_1_14_22,TCDB,TCDB.2_A_1_14_22_comp1
G_4_F_1_1_2_comp1,P_4_F_1_1_2_comp1,R_4_F_1_1_2,TCDB,TCDB.4_F_1_1_2_comp1
G_1_A_8_10_6_comp1,P_1_A_8_10_6_comp1,R_1_A_8_10_6,TCDB,TCDB.1_A_8_10_6_comp1
G_2_A_1_8_12_comp1,P_2_A_1_8_12_comp1,R_2_A_1_8_12,TCDB,TCDB.2_A_1_8_12_comp1
G_2_A_66_1_1_comp1,P_2_A_66_1_1_comp1,R_2_A_66_1_1,TCDB,TCDB.2_A_66_1_1_comp1
G_1_C_57_2_1_comp1,P_1_C_57_2_1_comp1,R_1_C_57_2_1,TCDB,TCDB.1_C_57_2_1_comp1
G_1_B_6_10_2_comp1,P_1_B_6_10_2_comp1,R_1_B_6_10_2,TCDB,TCDB.1_B_6_10_2_comp1
G_3_A_1_2_28_comp1,P_3_A_1_2_28_comp1+3_A_1_2_28_comp2+3_A_1_2_28_comp3+3_A_1_2_28_comp4,R_3_A_1_2_28,TCDB,TCDB.3_A_1_2_28_comp1
G_3_A_1_2_28_comp2,P_3_A_1_2_28_comp1+3_A_1_2_28_comp2+3_A_1_2_28_comp3+3_A_1_2_28_comp4,R_3_A_1_2_28,TCDB,TCDB.3_A_1_2_28_comp2
G_3_A_1_2_28_comp3,P_3_A_1_2_28_comp1+3_A_1_2_28_comp2+3_A_1_2_28_comp3+3_A_1_2_28_comp4,R_3_A_1_2_28,TCDB,TCDB.3_A_1_2_28_comp3
G_3_A_1_2_28_comp4,P_3_A_1_2_28_comp1+3_A_1_2_28_comp2+3_A_1_2_28_comp3+3_A_1_2_28_comp4,R_3_A_1_2_28,TCDB,TCDB.3_A_1_2_28_comp4
G_3_A_1_2_10_comp1,P_3_A_1_2_10_comp1+3_A_1_2_10_comp2+3_A_1_2_10_comp3+3_A_1_2_10_comp4+3_A_1_2_10_comp5,R_3_A_1_2_10,TCDB,TCDB.3_A_1_2_10_comp1
G_3_A_1_2_10_comp2,P_3_A_1_2_10_comp1+3_A_1_2_10_comp2+3_A_1_2_10_comp3+3_A_1_2_10_comp4+3_A_1_2_10_comp5,R_3_A_1_2_10,TCDB,TCDB.3_A_1_2_10_comp2
G_3_A_1_2_10_comp3,P_3_A_1_2_10_comp1+3_A_1_2_10_comp2+3_A_1_2_10_comp3+3_A_1_2_10_comp4+3_A_1_2_10_comp5,R_3_A_1_2_10,TCDB,TCDB.3_A_1_2_10_comp3
G_3_A_1_2_10_comp4,P_3_A_1_2_10_comp1+3_A_1_2_10_comp2+3_A_1_2_10_comp3+3_A_1_2_10_comp4+3_A_1_2_10_comp5,R_3_A_1_2_10,TCDB,TCDB.3_A_1_2_10_comp4
G_3_A_1_2_10_comp5,P_3_A_1_2_10_comp1+3_A_1_2_10_comp2+3_A_1_2_10_comp3+3_A_1_2_10_comp4+3_A_1_2_10_comp5,R_3_A_1_2_10,TCDB,TCDB.3_A_1_2_10_comp5
G_3_A_2_3_3_comp1,P_3_A_2_3_3_comp1+3_A_2_3_3_comp2+3_A_2_3_3_comp3+3_A_2_3_3_comp4+3_A_2_3_3_comp5+3_A_2_3_3_comp6+3_A_2_3_3_comp7+3_A_2_3_3_comp8+3_A_2_3_3_comp9+3_A_2_3_3_comp10+3_A_2_3_3_comp11+3_A_2_3_3_comp12,R_3_A_2_3_3,TCDB,TCDB.3_A_2_3_3_comp1
G_3_A_2_3_3_comp2,P_3_A_2_3_3_comp1+3_A_2_3_3_comp2+3_A_2_3_3_comp3+3_A_2_3_3_comp4+3_A_2_3_3_comp5+3_A_2_3_3_comp6+3_A_2_3_3_comp7+3_A_2_3_3_comp8+3_A_2_3_3_comp9+3_A_2_3_3_comp10+3_A_2_3_3_comp11+3_A_2_3_3_comp12,R_3_A_2_3_3,TCDB,TCDB.3_A_2_3_3_comp2
G_3_A_2_3_3_comp3,P_3_A_2_3_3_comp1+3_A_2_3_3_comp2+3_A_2_3_3_comp3+3_A_2_3_3_comp4+3_A_2_3_3_comp5+3_A_2_3_3_comp6+3_A_2_3_3_comp7+3_A_2_3_3_comp8+3_A_2_3_3_comp9+3_A_2_3_3_comp10+3_A_2_3_3_comp11+3_A_2_3_3_comp12,R_3_A_2_3_3,TCDB,TCDB.3_A_2_3_3_comp3
G_3_A_2_3_3_comp4,P_3_A_2_3_3_comp1+3_A_2_3_3_comp2+3_A_2_3_3_comp3+3_A_2_3_3_comp4+3_A_2_3_3_comp5+3_A_2_3_3_comp6+3_A_2_3_3_comp7+3_A_2_3_3_comp8+3_A_2_3_3_comp9+3_A_2_3_3_comp10+3_A_2_3_3_comp11+3_A_2_3_3_comp12,R_3_A_2_3_3,TCDB,TCDB.3_A_2_3_3_comp4
G_3_A_2_3_3_comp5,P_3_A_2_3_3_comp1+3_A_2_3_3_comp2+3_A_2_3_3_comp3+3_A_2_3_3_comp4+3_A_2_3_3_comp5+3_A_2_3_3_comp6+3_A_2_3_3_comp7+3_A_2_3_3_comp8+3_A_2_3_3_comp9+3_A_2_3_3_comp10+3_A_2_3_3_comp11+3_A_2_3_3_comp12,R_3_A_2_3_3,TCDB,TCDB.3_A_2_3_3_comp5
G_3_A_2_3_3_comp6,P_3_A_2_3_3_comp1+3_A_2_3_3_comp2+3_A_2_3_3_comp3+3_A_2_3_3_comp4+3_A_2_3_3_comp5+3_A_2_3_3_comp6+3_A_2_3_3_comp7+3_A_2_3_3_comp8+3_A_2_3_3_comp9+3_A_2_3_3_comp10+3_A_2_3_3_comp11+3_A_2_3_3_comp12,R_3_A_2_3_3,TCDB,TCDB.3_A_2_3_3_comp6
G_3_A_2_3_3_comp7,P_3_A_2_3_3_comp1+3_A_2_3_3_comp2+3_A_2_3_3_comp3+3_A_2_3_3_comp4+3_A_2_3_3_comp5+3_A_2_3_3_comp6+3_A_2_3_3_comp7+3_A_2_3_3_comp8+3_A_2_3_3_comp9+3_A_2_3_3_comp10+3_A_2_3_3_comp11+3_A_2_3_3_comp12,R_3_A_2_3_3,TCDB,TCDB.3_A_2_3_3_comp7
G_3_A_2_3_3_comp8,P_3_A_2_3_3_comp1+3_A_2_3_3_comp2+3_A_2_3_3_comp3+3_A_2_3_3_comp4+3_A_2_3_3_comp5+3_A_2_3_3_comp6+3_A_2_3_3_comp7+3_A_2_3_3_comp8+3_A_2_3_3_comp9+3_A_2_3_3_comp10+3_A_2_3_3_comp11+3_A_2_3_3_comp12,R_3_A_2_3_3,TCDB,TCDB.3_A_2_3_3_comp8
G_3_A_2_3_3_comp9,P_3_A_2_3_3_comp1+3_A_2_3_3_comp2+3_A_2_3_3_comp3+3_A_2_3_3_comp4+3_A_2_3_3_comp5+3_A_2_3_3_comp6+3_A_2_3_3_comp7+3_A_2_3_3_comp8+3_A_2_3_3_comp9+3_A_2_3_3_comp10+3_A_2_3_3_comp11+3_A_2_3_3_comp12,R_3_A_2_3_3,TCDB,TCDB.3_A_2_3_3_comp9
G_3_A_2_3_3_comp10,P_3_A_2_3_3_comp1+3_A_2_3_3_comp2+3_A_2_3_3_comp3+3_A_2_3_3_comp4+3_A_2_3_3_comp5+3_A_2_3_3_comp6+3_A_2_3_3_comp7+3_A_2_3_3_comp8+3_A_2_3_3_comp9+3_A_2_3_3_comp10+3_A_2_3_3_comp11+3_A_2_3_3_comp12,R_3_A_2_3_3,TCDB,TCDB.3_A_2_3_3_comp10
G_3_A_2_3_3_comp11,P_3_A_2_3_3_comp1+3_A_2_3_3_comp2+3_A_2_3_3_comp3+3_A_2_3_3_comp4+3_A_2_3_3_comp5+3_A_2_3_3_comp6+3_A_2_3_3_comp7+3_A_2_3_3_comp8+3_A_2_3_3_comp9+3_A_2_3_3_comp10+3_A_2_3_3_comp11+3_A_2_3_3_comp12,R_3_A_2_3_3,TCDB,TCDB.3_A_2_3_3_comp11
G_3_A_2_3_3_comp12,P_3_A_2_3_3_comp1+3_A_2_3_3_comp2+3_A_2_3_3_comp3+3_A_2_3_3_comp4+3_A_2_3_3_comp5+3_A_2_3_3_comp6+3_A_2_3_3_comp7+3_A_2_3_3_comp8+3_A_2_3_3_comp9+3_A_2_3_3_comp10+3_A_2_3_3_comp11+3_A_2_3_3_comp12,R_3_A_2_3_3,TCDB,TCDB.3_A_2_3_3_comp12
G_1_B_6_10_1_comp1,P_1_B_6_10_1_comp1,R_1_B_6_10_1,TCDB,TCDB.1_B_6_10_1_comp1
G_2_A_56_2_1_comp1,P_2_A_56_2_1_comp1+2_A_56_2_1_comp2,R_2_A_56_2_1,TCDB,TCDB.2_A_56_2_1_comp1
G_2_A_56_2_1_comp2,P_2_A_56_2_1_comp1+2_A_56_2_1_comp2,R_2_A_56_2_1,TCDB,TCDB.2_A_56_2_1_comp2
G_2_A_108_2_11_comp1,P_2_A_108_2_11_comp1,R_2_A_108_2_11,TCDB,TCDB.2_A_108_2_11_comp1
G_3_A_6_3_1_comp1,P_3_A_6_3_1_comp1+3_A_6_3_1_comp2+3_A_6_3_1_comp3+3_A_6_3_1_comp4+3_A_6_3_1_comp5+3_A_6_3_1_comp6+3_A_6_3_1_comp7+3_A_6_3_1_comp8+3_A_6_3_1_comp9+3_A_6_3_1_comp10+3_A_6_3_1_comp11+3_A_6_3_1_comp12+3_A_6_3_1_comp13+3_A_6_3_1_comp14,R_3_A_6_3_1,TCDB,TCDB.3_A_6_3_1_comp1
G_3_A_6_3_1_comp2,P_3_A_6_3_1_comp1+3_A_6_3_1_comp2+3_A_6_3_1_comp3+3_A_6_3_1_comp4+3_A_6_3_1_comp5+3_A_6_3_1_comp6+3_A_6_3_1_comp7+3_A_6_3_1_comp8+3_A_6_3_1_comp9+3_A_6_3_1_comp10+3_A_6_3_1_comp11+3_A_6_3_1_comp12+3_A_6_3_1_comp13+3_A_6_3_1_comp14,R_3_A_6_3_1,TCDB,TCDB.3_A_6_3_1_comp2
G_3_A_6_3_1_comp3,P_3_A_6_3_1_comp1+3_A_6_3_1_comp2+3_A_6_3_1_comp3+3_A_6_3_1_comp4+3_A_6_3_1_comp5+3_A_6_3_1_comp6+3_A_6_3_1_comp7+3_A_6_3_1_comp8+3_A_6_3_1_comp9+3_A_6_3_1_comp10+3_A_6_3_1_comp11+3_A_6_3_1_comp12+3_A_6_3_1_comp13+3_A_6_3_1_comp14,R_3_A_6_3_1,TCDB,TCDB.3_A_6_3_1_comp3
G_3_A_6_3_1_comp4,P_3_A_6_3_1_comp1+3_A_6_3_1_comp2+3_A_6_3_1_comp3+3_A_6_3_1_comp4+3_A_6_3_1_comp5+3_A_6_3_1_comp6+3_A_6_3_1_comp7+3_A_6_3_1_comp8+3_A_6_3_1_comp9+3_A_6_3_1_comp10+3_A_6_3_1_comp11+3_A_6_3_1_comp12+3_A_6_3_1_comp13+3_A_6_3_1_comp14,R_3_A_6_3_1,TCDB,TCDB.3_A_6_3_1_comp4
G_3_A_6_3_1_comp5,P_3_A_6_3_1_comp1+3_A_6_3_1_comp2+3_A_6_3_1_comp3+3_A_6_3_1_comp4+3_A_6_3_1_comp5+3_A_6_3_1_comp6+3_A_6_3_1_comp7+3_A_6_3_1_comp8+3_A_6_3_1_comp9+3_A_6_3_1_comp10+3_A_6_3_1_comp11+3_A_6_3_1_comp12+3_A_6_3_1_comp13+3_A_6_3_1_comp14,R_3_A_6_3_1,TCDB,TCDB.3_A_6_3_1_comp5
G_3_A_6_3_1_comp6,P_3_A_6_3_1_comp1+3_A_6_3_1_comp2+3_A_6_3_1_comp3+3_A_6_3_1_comp4+3_A_6_3_1_comp5+3_A_6_3_1_comp6+3_A_6_3_1_comp7+3_A_6_3_1_comp8+3_A_6_3_1_comp9+3_A_6_3_1_comp10+3_A_6_3_1_comp11+3_A_6_3_1_comp12+3_A_6_3_1_comp13+3_A_6_3_1_comp14,R_3_A_6_3_1,TCDB,TCDB.3_A_6_3_1_comp6
G_3_A_6_3_1_comp7,P_3_A_6_3_1_comp1+3_A_6_3_1_comp2+3_A_6_3_1_comp3+3_A_6_3_1_comp4+3_A_6_3_1_comp5+3_A_6_3_1_comp6+3_A_6_3_1_comp7+3_A_6_3_1_comp8+3_A_6_3_1_comp9+3_A_6_3_1_comp10+3_A_6_3_1_comp11+3_A_6_3_1_comp12+3_A_6_3_1_comp13+3_A_6_3_1_comp14,R_3_A_6_3_1,TCDB,TCDB.3_A_6_3_1_comp7
G_3_A_6_3_1_comp8,P_3_A_6_3_1_comp1+3_A_6_3_1_comp2+3_A_6_3_1_comp3+3_A_6_3_1_comp4+3_A_6_3_1_comp5+3_A_6_3_1_comp6+3_A_6_3_1_comp7+3_A_6_3_1_comp8+3_A_6_3_1_comp9+3_A_6_3_1_comp10+3_A_6_3_1_comp11+3_A_6_3_1_comp12+3_A_6_3_1_comp13+3_A_6_3_1_comp14,R_3_A_6_3_1,TCDB,TCDB.3_A_6_3_1_comp8
G_3_A_6_3_1_comp9,P_3_A_6_3_1_comp1+3_A_6_3_1_comp2+3_A_6_3_1_comp3+3_A_6_3_1_comp4+3_A_6_3_1_comp5+3_A_6_3_1_comp6+3_A_6_3_1_comp7+3_A_6_3_1_comp8+3_A_6_3_1_comp9+3_A_6_3_1_comp10+3_A_6_3_1_comp11+3_A_6_3_1_comp12+3_A_6_3_1_comp13+3_A_6_3_1_comp14,R_3_A_6_3_1,TCDB,TCDB.3_A_6_3_1_comp9
G_3_A_6_3_1_comp10,P_3_A_6_3_1_comp1+3_A_6_3_1_comp2+3_A_6_3_1_comp3+3_A_6_3_1_comp4+3_A_6_3_1_comp5+3_A_6_3_1_comp6+3_A_6_3_1_comp7+3_A_6_3_1_comp8+3_A_6_3_1_comp9+3_A_6_3_1_comp10+3_A_6_3_1_comp11+3_A_6_3_1_comp12+3_A_6_3_1_comp13+3_A_6_3_1_comp14,R_3_A_6_3_1,TCDB,TCDB.3_A_6_3_1_comp10
G_3_A_6_3_1_comp11,P_3_A_6_3_1_comp1+3_A_6_3_1_comp2+3_A_6_3_1_comp3+3_A_6_3_1_comp4+3_A_6_3_1_comp5+3_A_6_3_1_comp6+3_A_6_3_1_comp7+3_A_6_3_1_comp8+3_A_6_3_1_comp9+3_A_6_3_1_comp10+3_A_6_3_1_comp11+3_A_6_3_1_comp12+3_A_6_3_1_comp13+3_A_6_3_1_comp14,R_3_A_6_3_1,TCDB,TCDB.3_A_6_3_1_comp11
G_3_A_6_3_1_comp12,P_3_A_6_3_1_comp1+3_A_6_3_1_comp2+3_A_6_3_1_comp3+3_A_6_3_1_comp4+3_A_6_3_1_comp5+3_A_6_3_1_comp6+3_A_6_3_1_comp7+3_A_6_3_1_comp8+3_A_6_3_1_comp9+3_A_6_3_1_comp10+3_A_6_3_1_comp11+3_A_6_3_1_comp12+3_A_6_3_1_comp13+3_A_6_3_1_comp14,R_3_A_6_3_1,TCDB,TCDB.3_A_6_3_1_comp12
G_3_A_6_3_1_comp13,P_3_A_6_3_1_comp1+3_A_6_3_1_comp2+3_A_6_3_1_comp3+3_A_6_3_1_comp4+3_A_6_3_1_comp5+3_A_6_3_1_comp6+3_A_6_3_1_comp7+3_A_6_3_1_comp8+3_A_6_3_1_comp9+3_A_6_3_1_comp10+3_A_6_3_1_comp11+3_A_6_3_1_comp12+3_A_6_3_1_comp13+3_A_6_3_1_comp14,R_3_A_6_3_1,TCDB,TCDB.3_A_6_3_1_comp13
G_3_A_6_3_1_comp14,P_3_A_6_3_1_comp1+3_A_6_3_1_comp2+3_A_6_3_1_comp3+3_A_6_3_1_comp4+3_A_6_3_1_comp5+3_A_6_3_1_comp6+3_A_6_3_1_comp7+3_A_6_3_1_comp8+3_A_6_3_1_comp9+3_A_6_3_1_comp10+3_A_6_3_1_comp11+3_A_6_3_1_comp12+3_A_6_3_1_comp13+3_A_6_3_1_comp14,R_3_A_6_3_1,TCDB,TCDB.3_A_6_3_1_comp14
G_3_A_1_15_12_comp1,P_3_A_1_15_12_comp1+3_A_1_15_12_comp2+3_A_1_15_12_comp3+3_A_1_15_12_comp4,R_3_A_1_15_12,TCDB,TCDB.3_A_1_15_12_comp1
G_3_A_1_15_12_comp2,P_3_A_1_15_12_comp1+3_A_1_15_12_comp2+3_A_1_15_12_comp3+3_A_1_15_12_comp4,R_3_A_1_15_12,TCDB,TCDB.3_A_1_15_12_comp2
G_3_A_1_15_12_comp3,P_3_A_1_15_12_comp1+3_A_1_15_12_comp2+3_A_1_15_12_comp3+3_A_1_15_12_comp4,R_3_A_1_15_12,TCDB,TCDB.3_A_1_15_12_comp3
G_3_A_1_15_12_comp4,P_3_A_1_15_12_comp1+3_A_1_15_12_comp2+3_A_1_15_12_comp3+3_A_1_15_12_comp4,R_3_A_1_15_12,TCDB,TCDB.3_A_1_15_12_comp4
G_1_C_39_12_3_comp1,P_1_C_39_12_3_comp1,R_1_C_39_12_3,TCDB,TCDB.1_C_39_12_3_comp1
G_9_B_159_2_2_comp1,P_9_B_159_2_2_comp1,R_9_B_159_2_2,TCDB,TCDB.9_B_159_2_2_comp1
G_1_B_12_1_7_comp1,P_1_B_12_1_7_comp1,R_1_B_12_1_7,TCDB,TCDB.1_B_12_1_7_comp1
G_1_B_12_1_8_comp1,P_1_B_12_1_8_comp1,R_1_B_12_1_8,TCDB,TCDB.1_B_12_1_8_comp1
G_2_A_26_1_4_comp1,P_2_A_26_1_4_comp1,R_2_A_26_1_4,TCDB,TCDB.2_A_26_1_4_comp1
G_2_A_89_1_5_comp1,P_2_A_89_1_5_comp1,R_2_A_89_1_5,TCDB,TCDB.2_A_89_1_5_comp1
G_1_B_12_1_9_comp1,P_1_B_12_1_9_comp1,R_1_B_12_1_9,TCDB,TCDB.1_B_12_1_9_comp1
G_1_C_36_5_1_comp1,P_1_C_36_5_1_comp1+1_C_36_5_1_comp2+1_C_36_5_1_comp3,R_1_C_36_5_1,TCDB,TCDB.1_C_36_5_1_comp1
G_1_C_36_5_1_comp2,P_1_C_36_5_1_comp1+1_C_36_5_1_comp2+1_C_36_5_1_comp3,R_1_C_36_5_1,TCDB,TCDB.1_C_36_5_1_comp2
G_1_C_36_5_1_comp3,P_1_C_36_5_1_comp1+1_C_36_5_1_comp2+1_C_36_5_1_comp3,R_1_C_36_5_1,TCDB,TCDB.1_C_36_5_1_comp3
G_1_B_25_1_4_comp1,P_1_B_25_1_4_comp1,R_1_B_25_1_4,TCDB,TCDB.1_B_25_1_4_comp1
G_3_A_1_119_3_comp1,P_3_A_1_119_3_comp1,R_3_A_1_119_3,TCDB,TCDB.3_A_1_119_3_comp1
G_1_C_12_1_8_comp1,P_1_C_12_1_8_comp1,R_1_C_12_1_8,TCDB,TCDB.1_C_12_1_8_comp1
G_2_A_4_1_2_comp1,P_2_A_4_1_2_comp1,R_2_A_4_1_2,TCDB,TCDB.2_A_4_1_2_comp1
G_3_A_1_110_5_comp1,P_3_A_1_110_5_comp1,R_3_A_1_110_5,TCDB,TCDB.3_A_1_110_5_comp1
G_8_A_12_1_1_comp1,P_8_A_12_1_1_comp1,R_8_A_12_1_1,TCDB,TCDB.8_A_12_1_1_comp1
G_3_A_1_17_2_comp1,P_3_A_1_17_2_comp1+3_A_1_17_2_comp2+3_A_1_17_2_comp3,R_3_A_1_17_2,TCDB,TCDB.3_A_1_17_2_comp1
G_3_A_1_17_2_comp2,P_3_A_1_17_2_comp1+3_A_1_17_2_comp2+3_A_1_17_2_comp3,R_3_A_1_17_2,TCDB,TCDB.3_A_1_17_2_comp2
G_3_A_1_17_2_comp3,P_3_A_1_17_2_comp1+3_A_1_17_2_comp2+3_A_1_17_2_comp3,R_3_A_1_17_2,TCDB,TCDB.3_A_1_17_2_comp3
G_1_B_1_8_1_comp1,P_1_B_1_8_1_comp1,R_1_B_1_8_1,TCDB,TCDB.1_B_1_8_1_comp1
G_9_B_142_3_9_comp1,P_9_B_142_3_9_comp1,R_9_B_142_3_9,TCDB,TCDB.9_B_142_3_9_comp1
G_1_C_42_1_2_comp1,P_1_C_42_1_2_comp1,R_1_C_42_1_2,TCDB,TCDB.1_C_42_1_2_comp1
G_3_A_1_5_44_comp1,P_3_A_1_5_44_comp1+3_A_1_5_44_comp2+3_A_1_5_44_comp3+3_A_1_5_44_comp4+3_A_1_5_44_comp5,R_3_A_1_5_44,TCDB,TCDB.3_A_1_5_44_comp1
G_3_A_1_5_44_comp2,P_3_A_1_5_44_comp1+3_A_1_5_44_comp2+3_A_1_5_44_comp3+3_A_1_5_44_comp4+3_A_1_5_44_comp5,R_3_A_1_5_44,TCDB,TCDB.3_A_1_5_44_comp2
G_3_A_1_5_44_comp3,P_3_A_1_5_44_comp1+3_A_1_5_44_comp2+3_A_1_5_44_comp3+3_A_1_5_44_comp4+3_A_1_5_44_comp5,R_3_A_1_5_44,TCDB,TCDB.3_A_1_5_44_comp3
G_3_A_1_5_44_comp4,P_3_A_1_5_44_comp1+3_A_1_5_44_comp2+3_A_1_5_44_comp3+3_A_1_5_44_comp4+3_A_1_5_44_comp5,R_3_A_1_5_44,TCDB,TCDB.3_A_1_5_44_comp4
G_3_A_1_5_44_comp5,P_3_A_1_5_44_comp1+3_A_1_5_44_comp2+3_A_1_5_44_comp3+3_A_1_5_44_comp4+3_A_1_5_44_comp5,R_3_A_1_5_44,TCDB,TCDB.3_A_1_5_44_comp5
G_2_A_7_3_30_comp1,P_2_A_7_3_30_comp1,R_2_A_7_3_30,TCDB,TCDB.2_A_7_3_30_comp1
G_1_C_37_1_1_comp1,P_1_C_37_1_1_comp1,R_1_C_37_1_1,TCDB,TCDB.1_C_37_1_1_comp1
G_1_A_1_27_2_comp1,P_1_A_1_27_2_comp1,R_1_A_1_27_2,TCDB,TCDB.1_A_1_27_2_comp1
G_2_A_39_1_7_comp1,P_2_A_39_1_7_comp1,R_2_A_39_1_7,TCDB,TCDB.2_A_39_1_7_comp1
G_2_A_7_3_43_comp1,P_2_A_7_3_43_comp1,R_2_A_7_3_43,TCDB,TCDB.2_A_7_3_43_comp1
G_3_A_1_5_34_comp1,P_3_A_1_5_34_comp1+3_A_1_5_34_comp2+3_A_1_5_34_comp3+3_A_1_5_34_comp4+3_A_1_5_34_comp5,R_3_A_1_5_34,TCDB,TCDB.3_A_1_5_34_comp1
G_3_A_1_5_34_comp2,P_3_A_1_5_34_comp1+3_A_1_5_34_comp2+3_A_1_5_34_comp3+3_A_1_5_34_comp4+3_A_1_5_34_comp5,R_3_A_1_5_34,TCDB,TCDB.3_A_1_5_34_comp2
G_3_A_1_5_34_comp3,P_3_A_1_5_34_comp1+3_A_1_5_34_comp2+3_A_1_5_34_comp3+3_A_1_5_34_comp4+3_A_1_5_34_comp5,R_3_A_1_5_34,TCDB,TCDB.3_A_1_5_34_comp3
G_3_A_1_5_34_comp4,P_3_A_1_5_34_comp1+3_A_1_5_34_comp2+3_A_1_5_34_comp3+3_A_1_5_34_comp4+3_A_1_5_34_comp5,R_3_A_1_5_34,TCDB,TCDB.3_A_1_5_34_comp4
G_3_A_1_5_34_comp5,P_3_A_1_5_34_comp1+3_A_1_5_34_comp2+3_A_1_5_34_comp3+3_A_1_5_34_comp4+3_A_1_5_34_comp5,R_3_A_1_5_34,TCDB,TCDB.3_A_1_5_34_comp5
G_2_A_28_2_8_comp1,P_2_A_28_2_8_comp1,R_2_A_28_2_8,TCDB,TCDB.2_A_28_2_8_comp1
G_2_A_7_35_6_comp1,P_2_A_7_35_6_comp1,R_2_A_7_35_6,TCDB,TCDB.2_A_7_35_6_comp1
G_3_A_12_1_4_comp1,P_3_A_12_1_4_comp1,R_3_A_12_1_4,TCDB,TCDB.3_A_12_1_4_comp1
G_9_B_14_1_13_comp1,P_9_B_14_1_13_comp1,R_9_B_14_1_13,TCDB,TCDB.9_B_14_1_13_comp1
G_1_C_105_2_7_comp1,P_1_C_105_2_7_comp1,R_1_C_105_2_7,TCDB,TCDB.1_C_105_2_7_comp1
G_1_B_23_1_1_comp1,P_1_B_23_1_1_comp1,R_1_B_23_1_1,TCDB,TCDB.1_B_23_1_1_comp1
G_1_C_21_2_4_comp1,P_1_C_21_2_4_comp1+1_C_21_2_4_comp2,R_1_C_21_2_4,TCDB,TCDB.1_C_21_2_4_comp1
G_1_C_21_2_4_comp2,P_1_C_21_2_4_comp1+1_C_21_2_4_comp2,R_1_C_21_2_4,TCDB,TCDB.1_C_21_2_4_comp2
G_3_A_1_14_28_comp1,P_3_A_1_14_28_comp1+3_A_1_14_28_comp2+3_A_1_14_28_comp3+3_A_1_14_28_comp4,R_3_A_1_14_28,TCDB,TCDB.3_A_1_14_28_comp1
G_3_A_1_14_28_comp2,P_3_A_1_14_28_comp1+3_A_1_14_28_comp2+3_A_1_14_28_comp3+3_A_1_14_28_comp4,R_3_A_1_14_28,TCDB,TCDB.3_A_1_14_28_comp2
G_3_A_1_14_28_comp3,P_3_A_1_14_28_comp1+3_A_1_14_28_comp2+3_A_1_14_28_comp3+3_A_1_14_28_comp4,R_3_A_1_14_28,TCDB,TCDB.3_A_1_14_28_comp3
G_3_A_1_14_28_comp4,P_3_A_1_14_28_comp1+3_A_1_14_28_comp2+3_A_1_14_28_comp3+3_A_1_14_28_comp4,R_3_A_1_14_28,TCDB,TCDB.3_A_1_14_28_comp4
G_9_A_22_1_1_comp1,P_9_A_22_1_1_comp1,R_9_A_22_1_1,TCDB,TCDB.9_A_22_1_1_comp1
G_8_B_24_2_3_comp1,P_8_B_24_2_3_comp1,R_8_B_24_2_3,TCDB,TCDB.8_B_24_2_3_comp1
G_9_B_142_11_1_comp1,P_9_B_142_11_1_comp1,R_9_B_142_11_1,TCDB,TCDB.9_B_142_11_1_comp1
G_3_A_2_2_1_comp1,P_3_A_2_2_1_comp1+3_A_2_2_1_comp2+3_A_2_2_1_comp3+3_A_2_2_1_comp4+3_A_2_2_1_comp5+3_A_2_2_1_comp6+3_A_2_2_1_comp7+3_A_2_2_1_comp8+3_A_2_2_1_comp9+3_A_2_2_1_comp10,R_3_A_2_2_1,TCDB,TCDB.3_A_2_2_1_comp1
G_3_A_2_2_1_comp2,P_3_A_2_2_1_comp1+3_A_2_2_1_comp2+3_A_2_2_1_comp3+3_A_2_2_1_comp4+3_A_2_2_1_comp5+3_A_2_2_1_comp6+3_A_2_2_1_comp7+3_A_2_2_1_comp8+3_A_2_2_1_comp9+3_A_2_2_1_comp10,R_3_A_2_2_1,TCDB,TCDB.3_A_2_2_1_comp2
G_3_A_2_2_1_comp3,P_3_A_2_2_1_comp1+3_A_2_2_1_comp2+3_A_2_2_1_comp3+3_A_2_2_1_comp4+3_A_2_2_1_comp5+3_A_2_2_1_comp6+3_A_2_2_1_comp7+3_A_2_2_1_comp8+3_A_2_2_1_comp9+3_A_2_2_1_comp10,R_3_A_2_2_1,TCDB,TCDB.3_A_2_2_1_comp3
G_3_A_2_2_1_comp4,P_3_A_2_2_1_comp1+3_A_2_2_1_comp2+3_A_2_2_1_comp3+3_A_2_2_1_comp4+3_A_2_2_1_comp5+3_A_2_2_1_comp6+3_A_2_2_1_comp7+3_A_2_2_1_comp8+3_A_2_2_1_comp9+3_A_2_2_1_comp10,R_3_A_2_2_1,TCDB,TCDB.3_A_2_2_1_comp4
G_3_A_2_2_1_comp5,P_3_A_2_2_1_comp1+3_A_2_2_1_comp2+3_A_2_2_1_comp3+3_A_2_2_1_comp4+3_A_2_2_1_comp5+3_A_2_2_1_comp6+3_A_2_2_1_comp7+3_A_2_2_1_comp8+3_A_2_2_1_comp9+3_A_2_2_1_comp10,R_3_A_2_2_1,TCDB,TCDB.3_A_2_2_1_comp5
G_3_A_2_2_1_comp6,P_3_A_2_2_1_comp1+3_A_2_2_1_comp2+3_A_2_2_1_comp3+3_A_2_2_1_comp4+3_A_2_2_1_comp5+3_A_2_2_1_comp6+3_A_2_2_1_comp7+3_A_2_2_1_comp8+3_A_2_2_1_comp9+3_A_2_2_1_comp10,R_3_A_2_2_1,TCDB,TCDB.3_A_2_2_1_comp6
G_3_A_2_2_1_comp7,P_3_A_2_2_1_comp1+3_A_2_2_1_comp2+3_A_2_2_1_comp3+3_A_2_2_1_comp4+3_A_2_2_1_comp5+3_A_2_2_1_comp6+3_A_2_2_1_comp7+3_A_2_2_1_comp8+3_A_2_2_1_comp9+3_A_2_2_1_comp10,R_3_A_2_2_1,TCDB,TCDB.3_A_2_2_1_comp7
G_3_A_2_2_1_comp8,P_3_A_2_2_1_comp1+3_A_2_2_1_comp2+3_A_2_2_1_comp3+3_A_2_2_1_comp4+3_A_2_2_1_comp5+3_A_2_2_1_comp6+3_A_2_2_1_comp7+3_A_2_2_1_comp8+3_A_2_2_1_comp9+3_A_2_2_1_comp10,R_3_A_2_2_1,TCDB,TCDB.3_A_2_2_1_comp8
G_3_A_2_2_1_comp9,P_3_A_2_2_1_comp1+3_A_2_2_1_comp2+3_A_2_2_1_comp3+3_A_2_2_1_comp4+3_A_2_2_1_comp5+3_A_2_2_1_comp6+3_A_2_2_1_comp7+3_A_2_2_1_comp8+3_A_2_2_1_comp9+3_A_2_2_1_comp10,R_3_A_2_2_1,TCDB,TCDB.3_A_2_2_1_comp9
G_3_A_2_2_1_comp10,P_3_A_2_2_1_comp1+3_A_2_2_1_comp2+3_A_2_2_1_comp3+3_A_2_2_1_comp4+3_A_2_2_1_comp5+3_A_2_2_1_comp6+3_A_2_2_1_comp7+3_A_2_2_1_comp8+3_A_2_2_1_comp9+3_A_2_2_1_comp10,R_3_A_2_2_1,TCDB,TCDB.3_A_2_2_1_comp10
G_2_A_58_1_2_comp1,P_2_A_58_1_2_comp1,R_2_A_58_1_2,TCDB,TCDB.2_A_58_1_2_comp1
G_2_A_6_2_24_comp1,P_2_A_6_2_24_comp1+2_A_6_2_24_comp2,R_2_A_6_2_24,TCDB,TCDB.2_A_6_2_24_comp1
G_2_A_6_2_24_comp2,P_2_A_6_2_24_comp1+2_A_6_2_24_comp2,R_2_A_6_2_24,TCDB,TCDB.2_A_6_2_24_comp2
G_3_A_1_110_6_comp1,P_3_A_1_110_6_comp1+3_A_1_110_6_comp2+3_A_1_110_6_comp3,R_3_A_1_110_6,TCDB,TCDB.3_A_1_110_6_comp1
G_3_A_1_110_6_comp2,P_3_A_1_110_6_comp1+3_A_1_110_6_comp2+3_A_1_110_6_comp3,R_3_A_1_110_6,TCDB,TCDB.3_A_1_110_6_comp2
G_3_A_1_110_6_comp3,P_3_A_1_110_6_comp1+3_A_1_110_6_comp2+3_A_1_110_6_comp3,R_3_A_1_110_6,TCDB,TCDB.3_A_1_110_6_comp3
G_2_A_38_4_2_comp1,P_2_A_38_4_2_comp1+2_A_38_4_2_comp2,R_2_A_38_4_2,TCDB,TCDB.2_A_38_4_2_comp1
G_2_A_38_4_2_comp2,P_2_A_38_4_2_comp1+2_A_38_4_2_comp2,R_2_A_38_4_2,TCDB,TCDB.2_A_38_4_2_comp2
G_1_B_38_1_5_comp1,P_1_B_38_1_5_comp1,R_1_B_38_1_5,TCDB,TCDB.1_B_38_1_5_comp1
G_3_A_1_208_1_comp1,P_3_A_1_208_1_comp1,R_3_A_1_208_1,TCDB,TCDB.3_A_1_208_1_comp1
G_2_A_60_1_3_comp1,P_2_A_60_1_3_comp1,R_2_A_60_1_3,TCDB,TCDB.2_A_60_1_3_comp1
G_2_A_1_19_6_comp1,P_2_A_1_19_6_comp1,R_2_A_1_19_6,TCDB,TCDB.2_A_1_19_6_comp1
G_1_A_1_9_3_comp1,P_1_A_1_9_3_comp1,R_1_A_1_9_3,TCDB,TCDB.1_A_1_9_3_comp1
G_1_H_1_1_11_comp1,P_1_H_1_1_11_comp1,R_1_H_1_1_11,TCDB,TCDB.1_H_1_1_11_comp1
G_8_B_14_2_1_comp1,P_8_B_14_2_1_comp1,R_8_B_14_2_1,TCDB,TCDB.8_B_14_2_1_comp1
G_1_A_1_5_2_comp1,P_1_A_1_5_2_comp1,R_1_A_1_5_2,TCDB,TCDB.1_A_1_5_2_comp1
G_8_A_58_1_4_comp1,P_8_A_58_1_4_comp1,R_8_A_58_1_4,TCDB,TCDB.8_A_58_1_4_comp1
G_2_A_65_1_1_comp1,P_2_A_65_1_1_comp1,R_2_A_65_1_1,TCDB,TCDB.2_A_65_1_1_comp1
G_2_A_1_19_9_comp1,P_2_A_1_19_9_comp1,R_2_A_1_19_9,TCDB,TCDB.2_A_1_19_9_comp1
G_1_F_1_1_4_comp1,P_1_F_1_1_4_comp1+1_F_1_1_4_comp2+1_F_1_1_4_comp3,R_1_F_1_1_4,TCDB,TCDB.1_F_1_1_4_comp1
G_1_F_1_1_4_comp2,P_1_F_1_1_4_comp1+1_F_1_1_4_comp2+1_F_1_1_4_comp3,R_1_F_1_1_4,TCDB,TCDB.1_F_1_1_4_comp2
G_1_F_1_1_4_comp3,P_1_F_1_1_4_comp1+1_F_1_1_4_comp2+1_F_1_1_4_comp3,R_1_F_1_1_4,TCDB,TCDB.1_F_1_1_4_comp3
G_2_A_29_2_2_comp1,P_2_A_29_2_2_comp1,R_2_A_29_2_2,TCDB,TCDB.2_A_29_2_2_comp1
G_1_A_53_1_9_comp1,P_1_A_53_1_9_comp1,R_1_A_53_1_9,TCDB,TCDB.1_A_53_1_9_comp1
G_9_A_14_18_2_comp1,P_9_A_14_18_2_comp1,R_9_A_14_18_2,TCDB,TCDB.9_A_14_18_2_comp1
G_1_A_53_1_6_comp1,P_1_A_53_1_6_comp1,R_1_A_53_1_6,TCDB,TCDB.1_A_53_1_6_comp1
G_1_G_2_1_8_comp1,P_1_G_2_1_8_comp1,R_1_G_2_1_8,TCDB,TCDB.1_G_2_1_8_comp1
G_3_E_1_1_7_comp1,P_3_E_1_1_7_comp1,R_3_E_1_1_7,TCDB,TCDB.3_E_1_1_7_comp1
G_2_A_29_16_3_comp1,P_2_A_29_16_3_comp1,R_2_A_29_16_3,TCDB,TCDB.2_A_29_16_3_comp1
G_2_A_5_5_4_comp1,P_2_A_5_5_4_comp1,R_2_A_5_5_4,TCDB,TCDB.2_A_5_5_4_comp1
G_2_A_1_2_35_comp1,P_2_A_1_2_35_comp1,R_2_A_1_2_35,TCDB,TCDB.2_A_1_2_35_comp1
G_1_A_131_1_4_comp1,P_1_A_131_1_4_comp1,R_1_A_131_1_4,TCDB,TCDB.1_A_131_1_4_comp1
G_2_A_9_1_4_comp1,P_2_A_9_1_4_comp1,R_2_A_9_1_4,TCDB,TCDB.2_A_9_1_4_comp1
G_2_A_1_16_5_comp1,P_2_A_1_16_5_comp1,R_2_A_1_16_5,TCDB,TCDB.2_A_1_16_5_comp1
G_2_A_5_1_8_comp1,P_2_A_5_1_8_comp1,R_2_A_5_1_8,TCDB,TCDB.2_A_5_1_8_comp1
G_2_A_7_9_18_comp1,P_2_A_7_9_18_comp1,R_2_A_7_9_18,TCDB,TCDB.2_A_7_9_18_comp1
G_1_A_56_1_5_comp1,P_1_A_56_1_5_comp1+1_A_56_1_5_comp2,R_1_A_56_1_5,TCDB,TCDB.1_A_56_1_5_comp1
G_1_A_56_1_5_comp2,P_1_A_56_1_5_comp1+1_A_56_1_5_comp2,R_1_A_56_1_5,TCDB,TCDB.1_A_56_1_5_comp2
G_5_B_1_5_6_comp1,P_5_B_1_5_6_comp1,R_5_B_1_5_6,TCDB,TCDB.5_B_1_5_6_comp1
G_1_A_4_5_5_comp1,P_1_A_4_5_5_comp1,R_1_A_4_5_5,TCDB,TCDB.1_A_4_5_5_comp1
G_1_A_8_10_15_comp1,P_1_A_8_10_15_comp1,R_1_A_8_10_15,TCDB,TCDB.1_A_8_10_15_comp1
G_9_B_87_1_32_comp1,P_9_B_87_1_32_comp1,R_9_B_87_1_32,TCDB,TCDB.9_B_87_1_32_comp1
G_8_A_109_1_6_comp1,P_8_A_109_1_6_comp1,R_8_A_109_1_6,TCDB,TCDB.8_A_109_1_6_comp1
G_1_A_17_5_21_comp1,P_1_A_17_5_21_comp1,R_1_A_17_5_21,TCDB,TCDB.1_A_17_5_21_comp1
G_3_A_1_211_6_comp1,P_3_A_1_211_6_comp1,R_3_A_1_211_6,TCDB,TCDB.3_A_1_211_6_comp1
G_2_A_60_1_20_comp1,P_2_A_60_1_20_comp1,R_2_A_60_1_20,TCDB,TCDB.2_A_60_1_20_comp1
G_8_A_92_1_16_comp1,P_8_A_92_1_16_comp1,R_8_A_92_1_16,TCDB,TCDB.8_A_92_1_16_comp1
G_9_B_278_1_4_comp1,P_9_B_278_1_4_comp1+9_B_278_1_4_comp2+9_B_278_1_4_comp3+9_B_278_1_4_comp4+9_B_278_1_4_comp5,R_9_B_278_1_4,TCDB,TCDB.9_B_278_1_4_comp1
G_9_B_278_1_4_comp2,P_9_B_278_1_4_comp1+9_B_278_1_4_comp2+9_B_278_1_4_comp3+9_B_278_1_4_comp4+9_B_278_1_4_comp5,R_9_B_278_1_4,TCDB,TCDB.9_B_278_1_4_comp2
G_9_B_278_1_4_comp3,P_9_B_278_1_4_comp1+9_B_278_1_4_comp2+9_B_278_1_4_comp3+9_B_278_1_4_comp4+9_B_278_1_4_comp5,R_9_B_278_1_4,TCDB,TCDB.9_B_278_1_4_comp3
G_9_B_278_1_4_comp4,P_9_B_278_1_4_comp1+9_B_278_1_4_comp2+9_B_278_1_4_comp3+9_B_278_1_4_comp4+9_B_278_1_4_comp5,R_9_B_278_1_4,TCDB,TCDB.9_B_278_1_4_comp4
G_9_B_278_1_4_comp5,P_9_B_278_1_4_comp1+9_B_278_1_4_comp2+9_B_278_1_4_comp3+9_B_278_1_4_comp4+9_B_278_1_4_comp5,R_9_B_278_1_4,TCDB,TCDB.9_B_278_1_4_comp5
G_8_A_24_1_13_comp1,P_8_A_24_1_13_comp1,R_8_A_24_1_13,TCDB,TCDB.8_A_24_1_13_comp1
G_1_R_1_1_1_comp1,P_1_R_1_1_1_comp1+1_R_1_1_1_comp2+1_R_1_1_1_comp3+1_R_1_1_1_comp4+1_R_1_1_1_comp5+1_R_1_1_1_comp6+1_R_1_1_1_comp7+1_R_1_1_1_comp8+1_R_1_1_1_comp9+1_R_1_1_1_comp10,R_1_R_1_1_1,TCDB,TCDB.1_R_1_1_1_comp1
G_1_R_1_1_1_comp2,P_1_R_1_1_1_comp1+1_R_1_1_1_comp2+1_R_1_1_1_comp3+1_R_1_1_1_comp4+1_R_1_1_1_comp5+1_R_1_1_1_comp6+1_R_1_1_1_comp7+1_R_1_1_1_comp8+1_R_1_1_1_comp9+1_R_1_1_1_comp10,R_1_R_1_1_1,TCDB,TCDB.1_R_1_1_1_comp2
G_1_R_1_1_1_comp3,P_1_R_1_1_1_comp1+1_R_1_1_1_comp2+1_R_1_1_1_comp3+1_R_1_1_1_comp4+1_R_1_1_1_comp5+1_R_1_1_1_comp6+1_R_1_1_1_comp7+1_R_1_1_1_comp8+1_R_1_1_1_comp9+1_R_1_1_1_comp10,R_1_R_1_1_1,TCDB,TCDB.1_R_1_1_1_comp3
G_1_R_1_1_1_comp4,P_1_R_1_1_1_comp1+1_R_1_1_1_comp2+1_R_1_1_1_comp3+1_R_1_1_1_comp4+1_R_1_1_1_comp5+1_R_1_1_1_comp6+1_R_1_1_1_comp7+1_R_1_1_1_comp8+1_R_1_1_1_comp9+1_R_1_1_1_comp10,R_1_R_1_1_1,TCDB,TCDB.1_R_1_1_1_comp4
G_1_R_1_1_1_comp5,P_1_R_1_1_1_comp1+1_R_1_1_1_comp2+1_R_1_1_1_comp3+1_R_1_1_1_comp4+1_R_1_1_1_comp5+1_R_1_1_1_comp6+1_R_1_1_1_comp7+1_R_1_1_1_comp8+1_R_1_1_1_comp9+1_R_1_1_1_comp10,R_1_R_1_1_1,TCDB,TCDB.1_R_1_1_1_comp5
G_1_R_1_1_1_comp6,P_1_R_1_1_1_comp1+1_R_1_1_1_comp2+1_R_1_1_1_comp3+1_R_1_1_1_comp4+1_R_1_1_1_comp5+1_R_1_1_1_comp6+1_R_1_1_1_comp7+1_R_1_1_1_comp8+1_R_1_1_1_comp9+1_R_1_1_1_comp10,R_1_R_1_1_1,TCDB,TCDB.1_R_1_1_1_comp6
G_1_R_1_1_1_comp7,P_1_R_1_1_1_comp1+1_R_1_1_1_comp2+1_R_1_1_1_comp3+1_R_1_1_1_comp4+1_R_1_1_1_comp5+1_R_1_1_1_comp6+1_R_1_1_1_comp7+1_R_1_1_1_comp8+1_R_1_1_1_comp9+1_R_1_1_1_comp10,R_1_R_1_1_1,TCDB,TCDB.1_R_1_1_1_comp7
G_1_R_1_1_1_comp8,P_1_R_1_1_1_comp1+1_R_1_1_1_comp2+1_R_1_1_1_comp3+1_R_1_1_1_comp4+1_R_1_1_1_comp5+1_R_1_1_1_comp6+1_R_1_1_1_comp7+1_R_1_1_1_comp8+1_R_1_1_1_comp9+1_R_1_1_1_comp10,R_1_R_1_1_1,TCDB,TCDB.1_R_1_1_1_comp8
G_1_R_1_1_1_comp9,P_1_R_1_1_1_comp1+1_R_1_1_1_comp2+1_R_1_1_1_comp3+1_R_1_1_1_comp4+1_R_1_1_1_comp5+1_R_1_1_1_comp6+1_R_1_1_1_comp7+1_R_1_1_1_comp8+1_R_1_1_1_comp9+1_R_1_1_1_comp10,R_1_R_1_1_1,TCDB,TCDB.1_R_1_1_1_comp9
G_1_R_1_1_1_comp10,P_1_R_1_1_1_comp1+1_R_1_1_1_comp2+1_R_1_1_1_comp3+1_R_1_1_1_comp4+1_R_1_1_1_comp5+1_R_1_1_1_comp6+1_R_1_1_1_comp7+1_R_1_1_1_comp8+1_R_1_1_1_comp9+1_R_1_1_1_comp10,R_1_R_1_1_1,TCDB,TCDB.1_R_1_1_1_comp10
G_8_A_34_3_1_comp1,P_8_A_34_3_1_comp1,R_8_A_34_3_1,TCDB,TCDB.8_A_34_3_1_comp1
G_1_A_9_5_2_comp1,P_1_A_9_5_2_comp1+1_A_9_5_2_comp2+1_A_9_5_2_comp3,R_1_A_9_5_2,TCDB,TCDB.1_A_9_5_2_comp1
G_1_A_9_5_2_comp2,P_1_A_9_5_2_comp1+1_A_9_5_2_comp2+1_A_9_5_2_comp3,R_1_A_9_5_2,TCDB,TCDB.1_A_9_5_2_comp2
G_1_A_9_5_2_comp3,P_1_A_9_5_2_comp1+1_A_9_5_2_comp2+1_A_9_5_2_comp3,R_1_A_9_5_2,TCDB,TCDB.1_A_9_5_2_comp3
G_1_A_1_11_5_comp1,P_1_A_1_11_5_comp1,R_1_A_1_11_5,TCDB,TCDB.1_A_1_11_5_comp1
G_8_A_160_1_4_comp1,P_8_A_160_1_4_comp1,R_8_A_160_1_4,TCDB,TCDB.8_A_160_1_4_comp1
G_2_A_97_1_1_comp1,P_2_A_97_1_1_comp1,R_2_A_97_1_1,TCDB,TCDB.2_A_97_1_1_comp1
G_9_B_207_1_1_comp1,P_9_B_207_1_1_comp1,R_9_B_207_1_1,TCDB,TCDB.9_B_207_1_1_comp1
G_8_A_216_1_1_comp1,P_8_A_216_1_1_comp1,R_8_A_216_1_1,TCDB,TCDB.8_A_216_1_1_comp1
G_3_A_1_208_10_comp1,P_3_A_1_208_10_comp1,R_3_A_1_208_10,TCDB,TCDB.3_A_1_208_10_comp1
G_2_A_29_24_1_comp1,P_2_A_29_24_1_comp1,R_2_A_29_24_1,TCDB,TCDB.2_A_29_24_1_comp1
G_1_A_1_20_10_comp1,P_1_A_1_20_10_comp1,R_1_A_1_20_10,TCDB,TCDB.1_A_1_20_10_comp1
G_1_A_9_2_5_comp1,P_1_A_9_2_5_comp1,R_1_A_9_2_5,TCDB,TCDB.1_A_9_2_5_comp1
G_1_A_1_8_2_comp1,P_1_A_1_8_2_comp1,R_1_A_1_8_2,TCDB,TCDB.1_A_1_8_2_comp1
G_9_B_17_1_1_comp1,P_9_B_17_1_1_comp1,R_9_B_17_1_1,TCDB,TCDB.9_B_17_1_1_comp1
G_3_A_1_201_2_comp1,P_3_A_1_201_2_comp1,R_3_A_1_201_2,TCDB,TCDB.3_A_1_201_2_comp1
G_8_A_61_1_2_comp1,P_8_A_61_1_2_comp1,R_8_A_61_1_2,TCDB,TCDB.8_A_61_1_2_comp1
G_8_A_163_1_1_comp1,P_8_A_163_1_1_comp1+8_A_163_1_1_comp2+8_A_163_1_1_comp3,R_8_A_163_1_1,TCDB,TCDB.8_A_163_1_1_comp1
G_8_A_163_1_1_comp2,P_8_A_163_1_1_comp1+8_A_163_1_1_comp2+8_A_163_1_1_comp3,R_8_A_163_1_1,TCDB,TCDB.8_A_163_1_1_comp2
G_8_A_163_1_1_comp3,P_8_A_163_1_1_comp1+8_A_163_1_1_comp2+8_A_163_1_1_comp3,R_8_A_163_1_1,TCDB,TCDB.8_A_163_1_1_comp3
G_2_A_58_1_4_comp1,P_2_A_58_1_4_comp1,R_2_A_58_1_4,TCDB,TCDB.2_A_58_1_4_comp1
G_1_H_1_1_2_comp1,P_1_H_1_1_2_comp1,R_1_H_1_1_2,TCDB,TCDB.1_H_1_1_2_comp1
G_3_A_1_211_14_comp1,P_3_A_1_211_14_comp1,R_3_A_1_211_14,TCDB,TCDB.3_A_1_211_14_comp1
G_1_H_1_1_19_comp1,P_1_H_1_1_19_comp1,R_1_H_1_1_19,TCDB,TCDB.1_H_1_1_19_comp1
G_9_A_14_6_9_comp1,P_9_A_14_6_9_comp1,R_9_A_14_6_9,TCDB,TCDB.9_A_14_6_9_comp1
G_2_A_1_1_59_comp1,P_2_A_1_1_59_comp1,R_2_A_1_1_59,TCDB,TCDB.2_A_1_1_59_comp1
G_2_A_105_1_2_comp1,P_2_A_105_1_2_comp1+2_A_105_1_2_comp2,R_2_A_105_1_2,TCDB,TCDB.2_A_105_1_2_comp1
G_2_A_105_1_2_comp2,P_2_A_105_1_2_comp1+2_A_105_1_2_comp2,R_2_A_105_1_2,TCDB,TCDB.2_A_105_1_2_comp2
G_9_A_14_1_20_comp1,P_9_A_14_1_20_comp1,R_9_A_14_1_20,TCDB,TCDB.9_A_14_1_20_comp1
G_9_B_64_1_3_comp1,P_9_B_64_1_3_comp1,R_9_B_64_1_3,TCDB,TCDB.9_B_64_1_3_comp1
G_9_B_199_1_1_comp1,P_9_B_199_1_1_comp1,R_9_B_199_1_1,TCDB,TCDB.9_B_199_1_1_comp1
G_1_H_1_1_14_comp1,P_1_H_1_1_14_comp1,R_1_H_1_1_14,TCDB,TCDB.1_H_1_1_14_comp1
G_1_A_12_1_7_comp1,P_1_A_12_1_7_comp1,R_1_A_12_1_7,TCDB,TCDB.1_A_12_1_7_comp1
G_2_A_29_24_3_comp1,P_2_A_29_24_3_comp1,R_2_A_29_24_3,TCDB,TCDB.2_A_29_24_3_comp1
G_8_A_40_1_17_comp1,P_8_A_40_1_17_comp1,R_8_A_40_1_17,TCDB,TCDB.8_A_40_1_17_comp1
G_8_A_40_1_20_comp1,P_8_A_40_1_20_comp1,R_8_A_40_1_20,TCDB,TCDB.8_A_40_1_20_comp1
G_2_A_1_13_9_comp1,P_2_A_1_13_9_comp1,R_2_A_1_13_9,TCDB,TCDB.2_A_1_13_9_comp1
G_9_B_87_1_25_comp1,P_9_B_87_1_25_comp1,R_9_B_87_1_25,TCDB,TCDB.9_B_87_1_25_comp1
G_8_A_125_1_1_comp1,P_8_A_125_1_1_comp1,R_8_A_125_1_1,TCDB,TCDB.8_A_125_1_1_comp1
G_1_B_8_2_5_comp1,P_1_B_8_2_5_comp1,R_1_B_8_2_5,TCDB,TCDB.1_B_8_2_5_comp1
G_9_B_19_1_1_comp1,P_9_B_19_1_1_comp1,R_9_B_19_1_1,TCDB,TCDB.9_B_19_1_1_comp1
G_2_A_1_66_8_comp1,P_2_A_1_66_8_comp1,R_2_A_1_66_8,TCDB,TCDB.2_A_1_66_8_comp1
G_2_A_123_1_17_comp1,P_2_A_123_1_17_comp1,R_2_A_123_1_17,TCDB,TCDB.2_A_123_1_17_comp1
G_9_B_187_1_1_comp1,P_9_B_187_1_1_comp1,R_9_B_187_1_1,TCDB,TCDB.9_B_187_1_1_comp1
G_1_A_1_5_22_comp1,P_1_A_1_5_22_comp1,R_1_A_1_5_22,TCDB,TCDB.1_A_1_5_22_comp1
G_9_A_14_14_2_comp1,P_9_A_14_14_2_comp1,R_9_A_14_14_2,TCDB,TCDB.9_A_14_14_2_comp1
G_9_B_442_1_10_comp1,P_9_B_442_1_10_comp1,R_9_B_442_1_10,TCDB,TCDB.9_B_442_1_10_comp1
G_3_A_1_211_28_comp1,P_3_A_1_211_28_comp1,R_3_A_1_211_28,TCDB,TCDB.3_A_1_211_28_comp1
G_2_A_1_1_24_comp1,P_2_A_1_1_24_comp1,R_2_A_1_1_24,TCDB,TCDB.2_A_1_1_24_comp1
G_3_D_1_6_1_comp1,P_3_D_1_6_1_comp1+3_D_1_6_1_comp2+3_D_1_6_1_comp3+3_D_1_6_1_comp4+3_D_1_6_1_comp5+3_D_1_6_1_comp6+3_D_1_6_1_comp7+3_D_1_6_1_comp8+3_D_1_6_1_comp9+3_D_1_6_1_comp10+3_D_1_6_1_comp11+3_D_1_6_1_comp12+3_D_1_6_1_comp13+3_D_1_6_1_comp14+3_D_1_6_1_comp15+3_D_1_6_1_comp16+3_D_1_6_1_comp17+3_D_1_6_1_comp18+3_D_1_6_1_comp19+3_D_1_6_1_comp20+3_D_1_6_1_comp21+3_D_1_6_1_comp22+3_D_1_6_1_comp23+3_D_1_6_1_comp24+3_D_1_6_1_comp25+3_D_1_6_1_comp26+3_D_1_6_1_comp27+3_D_1_6_1_comp28+3_D_1_6_1_comp29+3_D_1_6_1_comp30+3_D_1_6_1_comp31+3_D_1_6_1_comp32+3_D_1_6_1_comp33+3_D_1_6_1_comp34+3_D_1_6_1_comp35+3_D_1_6_1_comp36+3_D_1_6_1_comp37+3_D_1_6_1_comp38+3_D_1_6_1_comp39+3_D_1_6_1_comp40+3_D_1_6_1_comp41+3_D_1_6_1_comp42+3_D_1_6_1_comp43+3_D_1_6_1_comp44+3_D_1_6_1_comp45,R_3_D_1_6_1,TCDB,TCDB.3_D_1_6_1_comp1
G_3_D_1_6_1_comp2,P_3_D_1_6_1_comp1+3_D_1_6_1_comp2+3_D_1_6_1_comp3+3_D_1_6_1_comp4+3_D_1_6_1_comp5+3_D_1_6_1_comp6+3_D_1_6_1_comp7+3_D_1_6_1_comp8+3_D_1_6_1_comp9+3_D_1_6_1_comp10+3_D_1_6_1_comp11+3_D_1_6_1_comp12+3_D_1_6_1_comp13+3_D_1_6_1_comp14+3_D_1_6_1_comp15+3_D_1_6_1_comp16+3_D_1_6_1_comp17+3_D_1_6_1_comp18+3_D_1_6_1_comp19+3_D_1_6_1_comp20+3_D_1_6_1_comp21+3_D_1_6_1_comp22+3_D_1_6_1_comp23+3_D_1_6_1_comp24+3_D_1_6_1_comp25+3_D_1_6_1_comp26+3_D_1_6_1_comp27+3_D_1_6_1_comp28+3_D_1_6_1_comp29+3_D_1_6_1_comp30+3_D_1_6_1_comp31+3_D_1_6_1_comp32+3_D_1_6_1_comp33+3_D_1_6_1_comp34+3_D_1_6_1_comp35+3_D_1_6_1_comp36+3_D_1_6_1_comp37+3_D_1_6_1_comp38+3_D_1_6_1_comp39+3_D_1_6_1_comp40+3_D_1_6_1_comp41+3_D_1_6_1_comp42+3_D_1_6_1_comp43+3_D_1_6_1_comp44+3_D_1_6_1_comp45,R_3_D_1_6_1,TCDB,TCDB.3_D_1_6_1_comp2
G_3_D_1_6_1_comp3,P_3_D_1_6_1_comp1+3_D_1_6_1_comp2+3_D_1_6_1_comp3+3_D_1_6_1_comp4+3_D_1_6_1_comp5+3_D_1_6_1_comp6+3_D_1_6_1_comp7+3_D_1_6_1_comp8+3_D_1_6_1_comp9+3_D_1_6_1_comp10+3_D_1_6_1_comp11+3_D_1_6_1_comp12+3_D_1_6_1_comp13+3_D_1_6_1_comp14+3_D_1_6_1_comp15+3_D_1_6_1_comp16+3_D_1_6_1_comp17+3_D_1_6_1_comp18+3_D_1_6_1_comp19+3_D_1_6_1_comp20+3_D_1_6_1_comp21+3_D_1_6_1_comp22+3_D_1_6_1_comp23+3_D_1_6_1_comp24+3_D_1_6_1_comp25+3_D_1_6_1_comp26+3_D_1_6_1_comp27+3_D_1_6_1_comp28+3_D_1_6_1_comp29+3_D_1_6_1_comp30+3_D_1_6_1_comp31+3_D_1_6_1_comp32+3_D_1_6_1_comp33+3_D_1_6_1_comp34+3_D_1_6_1_comp35+3_D_1_6_1_comp36+3_D_1_6_1_comp37+3_D_1_6_1_comp38+3_D_1_6_1_comp39+3_D_1_6_1_comp40+3_D_1_6_1_comp41+3_D_1_6_1_comp42+3_D_1_6_1_comp43+3_D_1_6_1_comp44+3_D_1_6_1_comp45,R_3_D_1_6_1,TCDB,TCDB.3_D_1_6_1_comp3
G_3_D_1_6_1_comp4,P_3_D_1_6_1_comp1+3_D_1_6_1_comp2+3_D_1_6_1_comp3+3_D_1_6_1_comp4+3_D_1_6_1_comp5+3_D_1_6_1_comp6+3_D_1_6_1_comp7+3_D_1_6_1_comp8+3_D_1_6_1_comp9+3_D_1_6_1_comp10+3_D_1_6_1_comp11+3_D_1_6_1_comp12+3_D_1_6_1_comp13+3_D_1_6_1_comp14+3_D_1_6_1_comp15+3_D_1_6_1_comp16+3_D_1_6_1_comp17+3_D_1_6_1_comp18+3_D_1_6_1_comp19+3_D_1_6_1_comp20+3_D_1_6_1_comp21+3_D_1_6_1_comp22+3_D_1_6_1_comp23+3_D_1_6_1_comp24+3_D_1_6_1_comp25+3_D_1_6_1_comp26+3_D_1_6_1_comp27+3_D_1_6_1_comp28+3_D_1_6_1_comp29+3_D_1_6_1_comp30+3_D_1_6_1_comp31+3_D_1_6_1_comp32+3_D_1_6_1_comp33+3_D_1_6_1_comp34+3_D_1_6_1_comp35+3_D_1_6_1_comp36+3_D_1_6_1_comp37+3_D_1_6_1_comp38+3_D_1_6_1_comp39+3_D_1_6_1_comp40+3_D_1_6_1_comp41+3_D_1_6_1_comp42+3_D_1_6_1_comp43+3_D_1_6_1_comp44+3_D_1_6_1_comp45,R_3_D_1_6_1,TCDB,TCDB.3_D_1_6_1_comp4
G_3_D_1_6_1_comp5,P_3_D_1_6_1_comp1+3_D_1_6_1_comp2+3_D_1_6_1_comp3+3_D_1_6_1_comp4+3_D_1_6_1_comp5+3_D_1_6_1_comp6+3_D_1_6_1_comp7+3_D_1_6_1_comp8+3_D_1_6_1_comp9+3_D_1_6_1_comp10+3_D_1_6_1_comp11+3_D_1_6_1_comp12+3_D_1_6_1_comp13+3_D_1_6_1_comp14+3_D_1_6_1_comp15+3_D_1_6_1_comp16+3_D_1_6_1_comp17+3_D_1_6_1_comp18+3_D_1_6_1_comp19+3_D_1_6_1_comp20+3_D_1_6_1_comp21+3_D_1_6_1_comp22+3_D_1_6_1_comp23+3_D_1_6_1_comp24+3_D_1_6_1_comp25+3_D_1_6_1_comp26+3_D_1_6_1_comp27+3_D_1_6_1_comp28+3_D_1_6_1_comp29+3_D_1_6_1_comp30+3_D_1_6_1_comp31+3_D_1_6_1_comp32+3_D_1_6_1_comp33+3_D_1_6_1_comp34+3_D_1_6_1_comp35+3_D_1_6_1_comp36+3_D_1_6_1_comp37+3_D_1_6_1_comp38+3_D_1_6_1_comp39+3_D_1_6_1_comp40+3_D_1_6_1_comp41+3_D_1_6_1_comp42+3_D_1_6_1_comp43+3_D_1_6_1_comp44+3_D_1_6_1_comp45,R_3_D_1_6_1,TCDB,TCDB.3_D_1_6_1_comp5
G_3_D_1_6_1_comp6,P_3_D_1_6_1_comp1+3_D_1_6_1_comp2+3_D_1_6_1_comp3+3_D_1_6_1_comp4+3_D_1_6_1_comp5+3_D_1_6_1_comp6+3_D_1_6_1_comp7+3_D_1_6_1_comp8+3_D_1_6_1_comp9+3_D_1_6_1_comp10+3_D_1_6_1_comp11+3_D_1_6_1_comp12+3_D_1_6_1_comp13+3_D_1_6_1_comp14+3_D_1_6_1_comp15+3_D_1_6_1_comp16+3_D_1_6_1_comp17+3_D_1_6_1_comp18+3_D_1_6_1_comp19+3_D_1_6_1_comp20+3_D_1_6_1_comp21+3_D_1_6_1_comp22+3_D_1_6_1_comp23+3_D_1_6_1_comp24+3_D_1_6_1_comp25+3_D_1_6_1_comp26+3_D_1_6_1_comp27+3_D_1_6_1_comp28+3_D_1_6_1_comp29+3_D_1_6_1_comp30+3_D_1_6_1_comp31+3_D_1_6_1_comp32+3_D_1_6_1_comp33+3_D_1_6_1_comp34+3_D_1_6_1_comp35+3_D_1_6_1_comp36+3_D_1_6_1_comp37+3_D_1_6_1_comp38+3_D_1_6_1_comp39+3_D_1_6_1_comp40+3_D_1_6_1_comp41+3_D_1_6_1_comp42+3_D_1_6_1_comp43+3_D_1_6_1_comp44+3_D_1_6_1_comp45,R_3_D_1_6_1,TCDB,TCDB.3_D_1_6_1_comp6
G_3_D_1_6_1_comp7,P_3_D_1_6_1_comp1+3_D_1_6_1_comp2+3_D_1_6_1_comp3+3_D_1_6_1_comp4+3_D_1_6_1_comp5+3_D_1_6_1_comp6+3_D_1_6_1_comp7+3_D_1_6_1_comp8+3_D_1_6_1_comp9+3_D_1_6_1_comp10+3_D_1_6_1_comp11+3_D_1_6_1_comp12+3_D_1_6_1_comp13+3_D_1_6_1_comp14+3_D_1_6_1_comp15+3_D_1_6_1_comp16+3_D_1_6_1_comp17+3_D_1_6_1_comp18+3_D_1_6_1_comp19+3_D_1_6_1_comp20+3_D_1_6_1_comp21+3_D_1_6_1_comp22+3_D_1_6_1_comp23+3_D_1_6_1_comp24+3_D_1_6_1_comp25+3_D_1_6_1_comp26+3_D_1_6_1_comp27+3_D_1_6_1_comp28+3_D_1_6_1_comp29+3_D_1_6_1_comp30+3_D_1_6_1_comp31+3_D_1_6_1_comp32+3_D_1_6_1_comp33+3_D_1_6_1_comp34+3_D_1_6_1_comp35+3_D_1_6_1_comp36+3_D_1_6_1_comp37+3_D_1_6_1_comp38+3_D_1_6_1_comp39+3_D_1_6_1_comp40+3_D_1_6_1_comp41+3_D_1_6_1_comp42+3_D_1_6_1_comp43+3_D_1_6_1_comp44+3_D_1_6_1_comp45,R_3_D_1_6_1,TCDB,TCDB.3_D_1_6_1_comp7
G_3_D_1_6_1_comp8,P_3_D_1_6_1_comp1+3_D_1_6_1_comp2+3_D_1_6_1_comp3+3_D_1_6_1_comp4+3_D_1_6_1_comp5+3_D_1_6_1_comp6+3_D_1_6_1_comp7+3_D_1_6_1_comp8+3_D_1_6_1_comp9+3_D_1_6_1_comp10+3_D_1_6_1_comp11+3_D_1_6_1_comp12+3_D_1_6_1_comp13+3_D_1_6_1_comp14+3_D_1_6_1_comp15+3_D_1_6_1_comp16+3_D_1_6_1_comp17+3_D_1_6_1_comp18+3_D_1_6_1_comp19+3_D_1_6_1_comp20+3_D_1_6_1_comp21+3_D_1_6_1_comp22+3_D_1_6_1_comp23+3_D_1_6_1_comp24+3_D_1_6_1_comp25+3_D_1_6_1_comp26+3_D_1_6_1_comp27+3_D_1_6_1_comp28+3_D_1_6_1_comp29+3_D_1_6_1_comp30+3_D_1_6_1_comp31+3_D_1_6_1_comp32+3_D_1_6_1_comp33+3_D_1_6_1_comp34+3_D_1_6_1_comp35+3_D_1_6_1_comp36+3_D_1_6_1_comp37+3_D_1_6_1_comp38+3_D_1_6_1_comp39+3_D_1_6_1_comp40+3_D_1_6_1_comp41+3_D_1_6_1_comp42+3_D_1_6_1_comp43+3_D_1_6_1_comp44+3_D_1_6_1_comp45,R_3_D_1_6_1,TCDB,TCDB.3_D_1_6_1_comp8
G_3_D_1_6_1_comp9,P_3_D_1_6_1_comp1+3_D_1_6_1_comp2+3_D_1_6_1_comp3+3_D_1_6_1_comp4+3_D_1_6_1_comp5+3_D_1_6_1_comp6+3_D_1_6_1_comp7+3_D_1_6_1_comp8+3_D_1_6_1_comp9+3_D_1_6_1_comp10+3_D_1_6_1_comp11+3_D_1_6_1_comp12+3_D_1_6_1_comp13+3_D_1_6_1_comp14+3_D_1_6_1_comp15+3_D_1_6_1_comp16+3_D_1_6_1_comp17+3_D_1_6_1_comp18+3_D_1_6_1_comp19+3_D_1_6_1_comp20+3_D_1_6_1_comp21+3_D_1_6_1_comp22+3_D_1_6_1_comp23+3_D_1_6_1_comp24+3_D_1_6_1_comp25+3_D_1_6_1_comp26+3_D_1_6_1_comp27+3_D_1_6_1_comp28+3_D_1_6_1_comp29+3_D_1_6_1_comp30+3_D_1_6_1_comp31+3_D_1_6_1_comp32+3_D_1_6_1_comp33+3_D_1_6_1_comp34+3_D_1_6_1_comp35+3_D_1_6_1_comp36+3_D_1_6_1_comp37+3_D_1_6_1_comp38+3_D_1_6_1_comp39+3_D_1_6_1_comp40+3_D_1_6_1_comp41+3_D_1_6_1_comp42+3_D_1_6_1_comp43+3_D_1_6_1_comp44+3_D_1_6_1_comp45,R_3_D_1_6_1,TCDB,TCDB.3_D_1_6_1_comp9
G_3_D_1_6_1_comp10,P_3_D_1_6_1_comp1+3_D_1_6_1_comp2+3_D_1_6_1_comp3+3_D_1_6_1_comp4+3_D_1_6_1_comp5+3_D_1_6_1_comp6+3_D_1_6_1_comp7+3_D_1_6_1_comp8+3_D_1_6_1_comp9+3_D_1_6_1_comp10+3_D_1_6_1_comp11+3_D_1_6_1_comp12+3_D_1_6_1_comp13+3_D_1_6_1_comp14+3_D_1_6_1_comp15+3_D_1_6_1_comp16+3_D_1_6_1_comp17+3_D_1_6_1_comp18+3_D_1_6_1_comp19+3_D_1_6_1_comp20+3_D_1_6_1_comp21+3_D_1_6_1_comp22+3_D_1_6_1_comp23+3_D_1_6_1_comp24+3_D_1_6_1_comp25+3_D_1_6_1_comp26+3_D_1_6_1_comp27+3_D_1_6_1_comp28+3_D_1_6_1_comp29+3_D_1_6_1_comp30+3_D_1_6_1_comp31+3_D_1_6_1_comp32+3_D_1_6_1_comp33+3_D_1_6_1_comp34+3_D_1_6_1_comp35+3_D_1_6_1_comp36+3_D_1_6_1_comp37+3_D_1_6_1_comp38+3_D_1_6_1_comp39+3_D_1_6_1_comp40+3_D_1_6_1_comp41+3_D_1_6_1_comp42+3_D_1_6_1_comp43+3_D_1_6_1_comp44+3_D_1_6_1_comp45,R_3_D_1_6_1,TCDB,TCDB.3_D_1_6_1_comp10
G_3_D_1_6_1_comp11,P_3_D_1_6_1_comp1+3_D_1_6_1_comp2+3_D_1_6_1_comp3+3_D_1_6_1_comp4+3_D_1_6_1_comp5+3_D_1_6_1_comp6+3_D_1_6_1_comp7+3_D_1_6_1_comp8+3_D_1_6_1_comp9+3_D_1_6_1_comp10+3_D_1_6_1_comp11+3_D_1_6_1_comp12+3_D_1_6_1_comp13+3_D_1_6_1_comp14+3_D_1_6_1_comp15+3_D_1_6_1_comp16+3_D_1_6_1_comp17+3_D_1_6_1_comp18+3_D_1_6_1_comp19+3_D_1_6_1_comp20+3_D_1_6_1_comp21+3_D_1_6_1_comp22+3_D_1_6_1_comp23+3_D_1_6_1_comp24+3_D_1_6_1_comp25+3_D_1_6_1_comp26+3_D_1_6_1_comp27+3_D_1_6_1_comp28+3_D_1_6_1_comp29+3_D_1_6_1_comp30+3_D_1_6_1_comp31+3_D_1_6_1_comp32+3_D_1_6_1_comp33+3_D_1_6_1_comp34+3_D_1_6_1_comp35+3_D_1_6_1_comp36+3_D_1_6_1_comp37+3_D_1_6_1_comp38+3_D_1_6_1_comp39+3_D_1_6_1_comp40+3_D_1_6_1_comp41+3_D_1_6_1_comp42+3_D_1_6_1_comp43+3_D_1_6_1_comp44+3_D_1_6_1_comp45,R_3_D_1_6_1,TCDB,TCDB.3_D_1_6_1_comp11
G_3_D_1_6_1_comp12,P_3_D_1_6_1_comp1+3_D_1_6_1_comp2+3_D_1_6_1_comp3+3_D_1_6_1_comp4+3_D_1_6_1_comp5+3_D_1_6_1_comp6+3_D_1_6_1_comp7+3_D_1_6_1_comp8+3_D_1_6_1_comp9+3_D_1_6_1_comp10+3_D_1_6_1_comp11+3_D_1_6_1_comp12+3_D_1_6_1_comp13+3_D_1_6_1_comp14+3_D_1_6_1_comp15+3_D_1_6_1_comp16+3_D_1_6_1_comp17+3_D_1_6_1_comp18+3_D_1_6_1_comp19+3_D_1_6_1_comp20+3_D_1_6_1_comp21+3_D_1_6_1_comp22+3_D_1_6_1_comp23+3_D_1_6_1_comp24+3_D_1_6_1_comp25+3_D_1_6_1_comp26+3_D_1_6_1_comp27+3_D_1_6_1_comp28+3_D_1_6_1_comp29+3_D_1_6_1_comp30+3_D_1_6_1_comp31+3_D_1_6_1_comp32+3_D_1_6_1_comp33+3_D_1_6_1_comp34+3_D_1_6_1_comp35+3_D_1_6_1_comp36+3_D_1_6_1_comp37+3_D_1_6_1_comp38+3_D_1_6_1_comp39+3_D_1_6_1_comp40+3_D_1_6_1_comp41+3_D_1_6_1_comp42+3_D_1_6_1_comp43+3_D_1_6_1_comp44+3_D_1_6_1_comp45,R_3_D_1_6_1,TCDB,TCDB.3_D_1_6_1_comp12
G_3_D_1_6_1_comp13,P_3_D_1_6_1_comp1+3_D_1_6_1_comp2+3_D_1_6_1_comp3+3_D_1_6_1_comp4+3_D_1_6_1_comp5+3_D_1_6_1_comp6+3_D_1_6_1_comp7+3_D_1_6_1_comp8+3_D_1_6_1_comp9+3_D_1_6_1_comp10+3_D_1_6_1_comp11+3_D_1_6_1_comp12+3_D_1_6_1_comp13+3_D_1_6_1_comp14+3_D_1_6_1_comp15+3_D_1_6_1_comp16+3_D_1_6_1_comp17+3_D_1_6_1_comp18+3_D_1_6_1_comp19+3_D_1_6_1_comp20+3_D_1_6_1_comp21+3_D_1_6_1_comp22+3_D_1_6_1_comp23+3_D_1_6_1_comp24+3_D_1_6_1_comp25+3_D_1_6_1_comp26+3_D_1_6_1_comp27+3_D_1_6_1_comp28+3_D_1_6_1_comp29+3_D_1_6_1_comp30+3_D_1_6_1_comp31+3_D_1_6_1_comp32+3_D_1_6_1_comp33+3_D_1_6_1_comp34+3_D_1_6_1_comp35+3_D_1_6_1_comp36+3_D_1_6_1_comp37+3_D_1_6_1_comp38+3_D_1_6_1_comp39+3_D_1_6_1_comp40+3_D_1_6_1_comp41+3_D_1_6_1_comp42+3_D_1_6_1_comp43+3_D_1_6_1_comp44+3_D_1_6_1_comp45,R_3_D_1_6_1,TCDB,TCDB.3_D_1_6_1_comp13
G_3_D_1_6_1_comp14,P_3_D_1_6_1_comp1+3_D_1_6_1_comp2+3_D_1_6_1_comp3+3_D_1_6_1_comp4+3_D_1_6_1_comp5+3_D_1_6_1_comp6+3_D_1_6_1_comp7+3_D_1_6_1_comp8+3_D_1_6_1_comp9+3_D_1_6_1_comp10+3_D_1_6_1_comp11+3_D_1_6_1_comp12+3_D_1_6_1_comp13+3_D_1_6_1_comp14+3_D_1_6_1_comp15+3_D_1_6_1_comp16+3_D_1_6_1_comp17+3_D_1_6_1_comp18+3_D_1_6_1_comp19+3_D_1_6_1_comp20+3_D_1_6_1_comp21+3_D_1_6_1_comp22+3_D_1_6_1_comp23+3_D_1_6_1_comp24+3_D_1_6_1_comp25+3_D_1_6_1_comp26+3_D_1_6_1_comp27+3_D_1_6_1_comp28+3_D_1_6_1_comp29+3_D_1_6_1_comp30+3_D_1_6_1_comp31+3_D_1_6_1_comp32+3_D_1_6_1_comp33+3_D_1_6_1_comp34+3_D_1_6_1_comp35+3_D_1_6_1_comp36+3_D_1_6_1_comp37+3_D_1_6_1_comp38+3_D_1_6_1_comp39+3_D_1_6_1_comp40+3_D_1_6_1_comp41+3_D_1_6_1_comp42+3_D_1_6_1_comp43+3_D_1_6_1_comp44+3_D_1_6_1_comp45,R_3_D_1_6_1,TCDB,TCDB.3_D_1_6_1_comp14
G_3_D_1_6_1_comp15,P_3_D_1_6_1_comp1+3_D_1_6_1_comp2+3_D_1_6_1_comp3+3_D_1_6_1_comp4+3_D_1_6_1_comp5+3_D_1_6_1_comp6+3_D_1_6_1_comp7+3_D_1_6_1_comp8+3_D_1_6_1_comp9+3_D_1_6_1_comp10+3_D_1_6_1_comp11+3_D_1_6_1_comp12+3_D_1_6_1_comp13+3_D_1_6_1_comp14+3_D_1_6_1_comp15+3_D_1_6_1_comp16+3_D_1_6_1_comp17+3_D_1_6_1_comp18+3_D_1_6_1_comp19+3_D_1_6_1_comp20+3_D_1_6_1_comp21+3_D_1_6_1_comp22+3_D_1_6_1_comp23+3_D_1_6_1_comp24+3_D_1_6_1_comp25+3_D_1_6_1_comp26+3_D_1_6_1_comp27+3_D_1_6_1_comp28+3_D_1_6_1_comp29+3_D_1_6_1_comp30+3_D_1_6_1_comp31+3_D_1_6_1_comp32+3_D_1_6_1_comp33+3_D_1_6_1_comp34+3_D_1_6_1_comp35+3_D_1_6_1_comp36+3_D_1_6_1_comp37+3_D_1_6_1_comp38+3_D_1_6_1_comp39+3_D_1_6_1_comp40+3_D_1_6_1_comp41+3_D_1_6_1_comp42+3_D_1_6_1_comp43+3_D_1_6_1_comp44+3_D_1_6_1_comp45,R_3_D_1_6_1,TCDB,TCDB.3_D_1_6_1_comp15
G_3_D_1_6_1_comp16,P_3_D_1_6_1_comp1+3_D_1_6_1_comp2+3_D_1_6_1_comp3+3_D_1_6_1_comp4+3_D_1_6_1_comp5+3_D_1_6_1_comp6+3_D_1_6_1_comp7+3_D_1_6_1_comp8+3_D_1_6_1_comp9+3_D_1_6_1_comp10+3_D_1_6_1_comp11+3_D_1_6_1_comp12+3_D_1_6_1_comp13+3_D_1_6_1_comp14+3_D_1_6_1_comp15+3_D_1_6_1_comp16+3_D_1_6_1_comp17+3_D_1_6_1_comp18+3_D_1_6_1_comp19+3_D_1_6_1_comp20+3_D_1_6_1_comp21+3_D_1_6_1_comp22+3_D_1_6_1_comp23+3_D_1_6_1_comp24+3_D_1_6_1_comp25+3_D_1_6_1_comp26+3_D_1_6_1_comp27+3_D_1_6_1_comp28+3_D_1_6_1_comp29+3_D_1_6_1_comp30+3_D_1_6_1_comp31+3_D_1_6_1_comp32+3_D_1_6_1_comp33+3_D_1_6_1_comp34+3_D_1_6_1_comp35+3_D_1_6_1_comp36+3_D_1_6_1_comp37+3_D_1_6_1_comp38+3_D_1_6_1_comp39+3_D_1_6_1_comp40+3_D_1_6_1_comp41+3_D_1_6_1_comp42+3_D_1_6_1_comp43+3_D_1_6_1_comp44+3_D_1_6_1_comp45,R_3_D_1_6_1,TCDB,TCDB.3_D_1_6_1_comp16
G_3_D_1_6_1_comp17,P_3_D_1_6_1_comp1+3_D_1_6_1_comp2+3_D_1_6_1_comp3+3_D_1_6_1_comp4+3_D_1_6_1_comp5+3_D_1_6_1_comp6+3_D_1_6_1_comp7+3_D_1_6_1_comp8+3_D_1_6_1_comp9+3_D_1_6_1_comp10+3_D_1_6_1_comp11+3_D_1_6_1_comp12+3_D_1_6_1_comp13+3_D_1_6_1_comp14+3_D_1_6_1_comp15+3_D_1_6_1_comp16+3_D_1_6_1_comp17+3_D_1_6_1_comp18+3_D_1_6_1_comp19+3_D_1_6_1_comp20+3_D_1_6_1_comp21+3_D_1_6_1_comp22+3_D_1_6_1_comp23+3_D_1_6_1_comp24+3_D_1_6_1_comp25+3_D_1_6_1_comp26+3_D_1_6_1_comp27+3_D_1_6_1_comp28+3_D_1_6_1_comp29+3_D_1_6_1_comp30+3_D_1_6_1_comp31+3_D_1_6_1_comp32+3_D_1_6_1_comp33+3_D_1_6_1_comp34+3_D_1_6_1_comp35+3_D_1_6_1_comp36+3_D_1_6_1_comp37+3_D_1_6_1_comp38+3_D_1_6_1_comp39+3_D_1_6_1_comp40+3_D_1_6_1_comp41+3_D_1_6_1_comp42+3_D_1_6_1_comp43+3_D_1_6_1_comp44+3_D_1_6_1_comp45,R_3_D_1_6_1,TCDB,TCDB.3_D_1_6_1_comp17
G_3_D_1_6_1_comp18,P_3_D_1_6_1_comp1+3_D_1_6_1_comp2+3_D_1_6_1_comp3+3_D_1_6_1_comp4+3_D_1_6_1_comp5+3_D_1_6_1_comp6+3_D_1_6_1_comp7+3_D_1_6_1_comp8+3_D_1_6_1_comp9+3_D_1_6_1_comp10+3_D_1_6_1_comp11+3_D_1_6_1_comp12+3_D_1_6_1_comp13+3_D_1_6_1_comp14+3_D_1_6_1_comp15+3_D_1_6_1_comp16+3_D_1_6_1_comp17+3_D_1_6_1_comp18+3_D_1_6_1_comp19+3_D_1_6_1_comp20+3_D_1_6_1_comp21+3_D_1_6_1_comp22+3_D_1_6_1_comp23+3_D_1_6_1_comp24+3_D_1_6_1_comp25+3_D_1_6_1_comp26+3_D_1_6_1_comp27+3_D_1_6_1_comp28+3_D_1_6_1_comp29+3_D_1_6_1_comp30+3_D_1_6_1_comp31+3_D_1_6_1_comp32+3_D_1_6_1_comp33+3_D_1_6_1_comp34+3_D_1_6_1_comp35+3_D_1_6_1_comp36+3_D_1_6_1_comp37+3_D_1_6_1_comp38+3_D_1_6_1_comp39+3_D_1_6_1_comp40+3_D_1_6_1_comp41+3_D_1_6_1_comp42+3_D_1_6_1_comp43+3_D_1_6_1_comp44+3_D_1_6_1_comp45,R_3_D_1_6_1,TCDB,TCDB.3_D_1_6_1_comp18
G_3_D_1_6_1_comp19,P_3_D_1_6_1_comp1+3_D_1_6_1_comp2+3_D_1_6_1_comp3+3_D_1_6_1_comp4+3_D_1_6_1_comp5+3_D_1_6_1_comp6+3_D_1_6_1_comp7+3_D_1_6_1_comp8+3_D_1_6_1_comp9+3_D_1_6_1_comp10+3_D_1_6_1_comp11+3_D_1_6_1_comp12+3_D_1_6_1_comp13+3_D_1_6_1_comp14+3_D_1_6_1_comp15+3_D_1_6_1_comp16+3_D_1_6_1_comp17+3_D_1_6_1_comp18+3_D_1_6_1_comp19+3_D_1_6_1_comp20+3_D_1_6_1_comp21+3_D_1_6_1_comp22+3_D_1_6_1_comp23+3_D_1_6_1_comp24+3_D_1_6_1_comp25+3_D_1_6_1_comp26+3_D_1_6_1_comp27+3_D_1_6_1_comp28+3_D_1_6_1_comp29+3_D_1_6_1_comp30+3_D_1_6_1_comp31+3_D_1_6_1_comp32+3_D_1_6_1_comp33+3_D_1_6_1_comp34+3_D_1_6_1_comp35+3_D_1_6_1_comp36+3_D_1_6_1_comp37+3_D_1_6_1_comp38+3_D_1_6_1_comp39+3_D_1_6_1_comp40+3_D_1_6_1_comp41+3_D_1_6_1_comp42+3_D_1_6_1_comp43+3_D_1_6_1_comp44+3_D_1_6_1_comp45,R_3_D_1_6_1,TCDB,TCDB.3_D_1_6_1_comp19
G_3_D_1_6_1_comp20,P_3_D_1_6_1_comp1+3_D_1_6_1_comp2+3_D_1_6_1_comp3+3_D_1_6_1_comp4+3_D_1_6_1_comp5+3_D_1_6_1_comp6+3_D_1_6_1_comp7+3_D_1_6_1_comp8+3_D_1_6_1_comp9+3_D_1_6_1_comp10+3_D_1_6_1_comp11+3_D_1_6_1_comp12+3_D_1_6_1_comp13+3_D_1_6_1_comp14+3_D_1_6_1_comp15+3_D_1_6_1_comp16+3_D_1_6_1_comp17+3_D_1_6_1_comp18+3_D_1_6_1_comp19+3_D_1_6_1_comp20+3_D_1_6_1_comp21+3_D_1_6_1_comp22+3_D_1_6_1_comp23+3_D_1_6_1_comp24+3_D_1_6_1_comp25+3_D_1_6_1_comp26+3_D_1_6_1_comp27+3_D_1_6_1_comp28+3_D_1_6_1_comp29+3_D_1_6_1_comp30+3_D_1_6_1_comp31+3_D_1_6_1_comp32+3_D_1_6_1_comp33+3_D_1_6_1_comp34+3_D_1_6_1_comp35+3_D_1_6_1_comp36+3_D_1_6_1_comp37+3_D_1_6_1_comp38+3_D_1_6_1_comp39+3_D_1_6_1_comp40+3_D_1_6_1_comp41+3_D_1_6_1_comp42+3_D_1_6_1_comp43+3_D_1_6_1_comp44+3_D_1_6_1_comp45,R_3_D_1_6_1,TCDB,TCDB.3_D_1_6_1_comp20
G_3_D_1_6_1_comp21,P_3_D_1_6_1_comp1+3_D_1_6_1_comp2+3_D_1_6_1_comp3+3_D_1_6_1_comp4+3_D_1_6_1_comp5+3_D_1_6_1_comp6+3_D_1_6_1_comp7+3_D_1_6_1_comp8+3_D_1_6_1_comp9+3_D_1_6_1_comp10+3_D_1_6_1_comp11+3_D_1_6_1_comp12+3_D_1_6_1_comp13+3_D_1_6_1_comp14+3_D_1_6_1_comp15+3_D_1_6_1_comp16+3_D_1_6_1_comp17+3_D_1_6_1_comp18+3_D_1_6_1_comp19+3_D_1_6_1_comp20+3_D_1_6_1_comp21+3_D_1_6_1_comp22+3_D_1_6_1_comp23+3_D_1_6_1_comp24+3_D_1_6_1_comp25+3_D_1_6_1_comp26+3_D_1_6_1_comp27+3_D_1_6_1_comp28+3_D_1_6_1_comp29+3_D_1_6_1_comp30+3_D_1_6_1_comp31+3_D_1_6_1_comp32+3_D_1_6_1_comp33+3_D_1_6_1_comp34+3_D_1_6_1_comp35+3_D_1_6_1_comp36+3_D_1_6_1_comp37+3_D_1_6_1_comp38+3_D_1_6_1_comp39+3_D_1_6_1_comp40+3_D_1_6_1_comp41+3_D_1_6_1_comp42+3_D_1_6_1_comp43+3_D_1_6_1_comp44+3_D_1_6_1_comp45,R_3_D_1_6_1,TCDB,TCDB.3_D_1_6_1_comp21
G_3_D_1_6_1_comp22,P_3_D_1_6_1_comp1+3_D_1_6_1_comp2+3_D_1_6_1_comp3+3_D_1_6_1_comp4+3_D_1_6_1_comp5+3_D_1_6_1_comp6+3_D_1_6_1_comp7+3_D_1_6_1_comp8+3_D_1_6_1_comp9+3_D_1_6_1_comp10+3_D_1_6_1_comp11+3_D_1_6_1_comp12+3_D_1_6_1_comp13+3_D_1_6_1_comp14+3_D_1_6_1_comp15+3_D_1_6_1_comp16+3_D_1_6_1_comp17+3_D_1_6_1_comp18+3_D_1_6_1_comp19+3_D_1_6_1_comp20+3_D_1_6_1_comp21+3_D_1_6_1_comp22+3_D_1_6_1_comp23+3_D_1_6_1_comp24+3_D_1_6_1_comp25+3_D_1_6_1_comp26+3_D_1_6_1_comp27+3_D_1_6_1_comp28+3_D_1_6_1_comp29+3_D_1_6_1_comp30+3_D_1_6_1_comp31+3_D_1_6_1_comp32+3_D_1_6_1_comp33+3_D_1_6_1_comp34+3_D_1_6_1_comp35+3_D_1_6_1_comp36+3_D_1_6_1_comp37+3_D_1_6_1_comp38+3_D_1_6_1_comp39+3_D_1_6_1_comp40+3_D_1_6_1_comp41+3_D_1_6_1_comp42+3_D_1_6_1_comp43+3_D_1_6_1_comp44+3_D_1_6_1_comp45,R_3_D_1_6_1,TCDB,TCDB.3_D_1_6_1_comp22
G_3_D_1_6_1_comp23,P_3_D_1_6_1_comp1+3_D_1_6_1_comp2+3_D_1_6_1_comp3+3_D_1_6_1_comp4+3_D_1_6_1_comp5+3_D_1_6_1_comp6+3_D_1_6_1_comp7+3_D_1_6_1_comp8+3_D_1_6_1_comp9+3_D_1_6_1_comp10+3_D_1_6_1_comp11+3_D_1_6_1_comp12+3_D_1_6_1_comp13+3_D_1_6_1_comp14+3_D_1_6_1_comp15+3_D_1_6_1_comp16+3_D_1_6_1_comp17+3_D_1_6_1_comp18+3_D_1_6_1_comp19+3_D_1_6_1_comp20+3_D_1_6_1_comp21+3_D_1_6_1_comp22+3_D_1_6_1_comp23+3_D_1_6_1_comp24+3_D_1_6_1_comp25+3_D_1_6_1_comp26+3_D_1_6_1_comp27+3_D_1_6_1_comp28+3_D_1_6_1_comp29+3_D_1_6_1_comp30+3_D_1_6_1_comp31+3_D_1_6_1_comp32+3_D_1_6_1_comp33+3_D_1_6_1_comp34+3_D_1_6_1_comp35+3_D_1_6_1_comp36+3_D_1_6_1_comp37+3_D_1_6_1_comp38+3_D_1_6_1_comp39+3_D_1_6_1_comp40+3_D_1_6_1_comp41+3_D_1_6_1_comp42+3_D_1_6_1_comp43+3_D_1_6_1_comp44+3_D_1_6_1_comp45,R_3_D_1_6_1,TCDB,TCDB.3_D_1_6_1_comp23
G_3_D_1_6_1_comp24,P_3_D_1_6_1_comp1+3_D_1_6_1_comp2+3_D_1_6_1_comp3+3_D_1_6_1_comp4+3_D_1_6_1_comp5+3_D_1_6_1_comp6+3_D_1_6_1_comp7+3_D_1_6_1_comp8+3_D_1_6_1_comp9+3_D_1_6_1_comp10+3_D_1_6_1_comp11+3_D_1_6_1_comp12+3_D_1_6_1_comp13+3_D_1_6_1_comp14+3_D_1_6_1_comp15+3_D_1_6_1_comp16+3_D_1_6_1_comp17+3_D_1_6_1_comp18+3_D_1_6_1_comp19+3_D_1_6_1_comp20+3_D_1_6_1_comp21+3_D_1_6_1_comp22+3_D_1_6_1_comp23+3_D_1_6_1_comp24+3_D_1_6_1_comp25+3_D_1_6_1_comp26+3_D_1_6_1_comp27+3_D_1_6_1_comp28+3_D_1_6_1_comp29+3_D_1_6_1_comp30+3_D_1_6_1_comp31+3_D_1_6_1_comp32+3_D_1_6_1_comp33+3_D_1_6_1_comp34+3_D_1_6_1_comp35+3_D_1_6_1_comp36+3_D_1_6_1_comp37+3_D_1_6_1_comp38+3_D_1_6_1_comp39+3_D_1_6_1_comp40+3_D_1_6_1_comp41+3_D_1_6_1_comp42+3_D_1_6_1_comp43+3_D_1_6_1_comp44+3_D_1_6_1_comp45,R_3_D_1_6_1,TCDB,TCDB.3_D_1_6_1_comp24
G_3_D_1_6_1_comp25,P_3_D_1_6_1_comp1+3_D_1_6_1_comp2+3_D_1_6_1_comp3+3_D_1_6_1_comp4+3_D_1_6_1_comp5+3_D_1_6_1_comp6+3_D_1_6_1_comp7+3_D_1_6_1_comp8+3_D_1_6_1_comp9+3_D_1_6_1_comp10+3_D_1_6_1_comp11+3_D_1_6_1_comp12+3_D_1_6_1_comp13+3_D_1_6_1_comp14+3_D_1_6_1_comp15+3_D_1_6_1_comp16+3_D_1_6_1_comp17+3_D_1_6_1_comp18+3_D_1_6_1_comp19+3_D_1_6_1_comp20+3_D_1_6_1_comp21+3_D_1_6_1_comp22+3_D_1_6_1_comp23+3_D_1_6_1_comp24+3_D_1_6_1_comp25+3_D_1_6_1_comp26+3_D_1_6_1_comp27+3_D_1_6_1_comp28+3_D_1_6_1_comp29+3_D_1_6_1_comp30+3_D_1_6_1_comp31+3_D_1_6_1_comp32+3_D_1_6_1_comp33+3_D_1_6_1_comp34+3_D_1_6_1_comp35+3_D_1_6_1_comp36+3_D_1_6_1_comp37+3_D_1_6_1_comp38+3_D_1_6_1_comp39+3_D_1_6_1_comp40+3_D_1_6_1_comp41+3_D_1_6_1_comp42+3_D_1_6_1_comp43+3_D_1_6_1_comp44+3_D_1_6_1_comp45,R_3_D_1_6_1,TCDB,TCDB.3_D_1_6_1_comp25
G_3_D_1_6_1_comp26,P_3_D_1_6_1_comp1+3_D_1_6_1_comp2+3_D_1_6_1_comp3+3_D_1_6_1_comp4+3_D_1_6_1_comp5+3_D_1_6_1_comp6+3_D_1_6_1_comp7+3_D_1_6_1_comp8+3_D_1_6_1_comp9+3_D_1_6_1_comp10+3_D_1_6_1_comp11+3_D_1_6_1_comp12+3_D_1_6_1_comp13+3_D_1_6_1_comp14+3_D_1_6_1_comp15+3_D_1_6_1_comp16+3_D_1_6_1_comp17+3_D_1_6_1_comp18+3_D_1_6_1_comp19+3_D_1_6_1_comp20+3_D_1_6_1_comp21+3_D_1_6_1_comp22+3_D_1_6_1_comp23+3_D_1_6_1_comp24+3_D_1_6_1_comp25+3_D_1_6_1_comp26+3_D_1_6_1_comp27+3_D_1_6_1_comp28+3_D_1_6_1_comp29+3_D_1_6_1_comp30+3_D_1_6_1_comp31+3_D_1_6_1_comp32+3_D_1_6_1_comp33+3_D_1_6_1_comp34+3_D_1_6_1_comp35+3_D_1_6_1_comp36+3_D_1_6_1_comp37+3_D_1_6_1_comp38+3_D_1_6_1_comp39+3_D_1_6_1_comp40+3_D_1_6_1_comp41+3_D_1_6_1_comp42+3_D_1_6_1_comp43+3_D_1_6_1_comp44+3_D_1_6_1_comp45,R_3_D_1_6_1,TCDB,TCDB.3_D_1_6_1_comp26
G_3_D_1_6_1_comp27,P_3_D_1_6_1_comp1+3_D_1_6_1_comp2+3_D_1_6_1_comp3+3_D_1_6_1_comp4+3_D_1_6_1_comp5+3_D_1_6_1_comp6+3_D_1_6_1_comp7+3_D_1_6_1_comp8+3_D_1_6_1_comp9+3_D_1_6_1_comp10+3_D_1_6_1_comp11+3_D_1_6_1_comp12+3_D_1_6_1_comp13+3_D_1_6_1_comp14+3_D_1_6_1_comp15+3_D_1_6_1_comp16+3_D_1_6_1_comp17+3_D_1_6_1_comp18+3_D_1_6_1_comp19+3_D_1_6_1_comp20+3_D_1_6_1_comp21+3_D_1_6_1_comp22+3_D_1_6_1_comp23+3_D_1_6_1_comp24+3_D_1_6_1_comp25+3_D_1_6_1_comp26+3_D_1_6_1_comp27+3_D_1_6_1_comp28+3_D_1_6_1_comp29+3_D_1_6_1_comp30+3_D_1_6_1_comp31+3_D_1_6_1_comp32+3_D_1_6_1_comp33+3_D_1_6_1_comp34+3_D_1_6_1_comp35+3_D_1_6_1_comp36+3_D_1_6_1_comp37+3_D_1_6_1_comp38+3_D_1_6_1_comp39+3_D_1_6_1_comp40+3_D_1_6_1_comp41+3_D_1_6_1_comp42+3_D_1_6_1_comp43+3_D_1_6_1_comp44+3_D_1_6_1_comp45,R_3_D_1_6_1,TCDB,TCDB.3_D_1_6_1_comp27
G_3_D_1_6_1_comp28,P_3_D_1_6_1_comp1+3_D_1_6_1_comp2+3_D_1_6_1_comp3+3_D_1_6_1_comp4+3_D_1_6_1_comp5+3_D_1_6_1_comp6+3_D_1_6_1_comp7+3_D_1_6_1_comp8+3_D_1_6_1_comp9+3_D_1_6_1_comp10+3_D_1_6_1_comp11+3_D_1_6_1_comp12+3_D_1_6_1_comp13+3_D_1_6_1_comp14+3_D_1_6_1_comp15+3_D_1_6_1_comp16+3_D_1_6_1_comp17+3_D_1_6_1_comp18+3_D_1_6_1_comp19+3_D_1_6_1_comp20+3_D_1_6_1_comp21+3_D_1_6_1_comp22+3_D_1_6_1_comp23+3_D_1_6_1_comp24+3_D_1_6_1_comp25+3_D_1_6_1_comp26+3_D_1_6_1_comp27+3_D_1_6_1_comp28+3_D_1_6_1_comp29+3_D_1_6_1_comp30+3_D_1_6_1_comp31+3_D_1_6_1_comp32+3_D_1_6_1_comp33+3_D_1_6_1_comp34+3_D_1_6_1_comp35+3_D_1_6_1_comp36+3_D_1_6_1_comp37+3_D_1_6_1_comp38+3_D_1_6_1_comp39+3_D_1_6_1_comp40+3_D_1_6_1_comp41+3_D_1_6_1_comp42+3_D_1_6_1_comp43+3_D_1_6_1_comp44+3_D_1_6_1_comp45,R_3_D_1_6_1,TCDB,TCDB.3_D_1_6_1_comp28
G_3_D_1_6_1_comp29,P_3_D_1_6_1_comp1+3_D_1_6_1_comp2+3_D_1_6_1_comp3+3_D_1_6_1_comp4+3_D_1_6_1_comp5+3_D_1_6_1_comp6+3_D_1_6_1_comp7+3_D_1_6_1_comp8+3_D_1_6_1_comp9+3_D_1_6_1_comp10+3_D_1_6_1_comp11+3_D_1_6_1_comp12+3_D_1_6_1_comp13+3_D_1_6_1_comp14+3_D_1_6_1_comp15+3_D_1_6_1_comp16+3_D_1_6_1_comp17+3_D_1_6_1_comp18+3_D_1_6_1_comp19+3_D_1_6_1_comp20+3_D_1_6_1_comp21+3_D_1_6_1_comp22+3_D_1_6_1_comp23+3_D_1_6_1_comp24+3_D_1_6_1_comp25+3_D_1_6_1_comp26+3_D_1_6_1_comp27+3_D_1_6_1_comp28+3_D_1_6_1_comp29+3_D_1_6_1_comp30+3_D_1_6_1_comp31+3_D_1_6_1_comp32+3_D_1_6_1_comp33+3_D_1_6_1_comp34+3_D_1_6_1_comp35+3_D_1_6_1_comp36+3_D_1_6_1_comp37+3_D_1_6_1_comp38+3_D_1_6_1_comp39+3_D_1_6_1_comp40+3_D_1_6_1_comp41+3_D_1_6_1_comp42+3_D_1_6_1_comp43+3_D_1_6_1_comp44+3_D_1_6_1_comp45,R_3_D_1_6_1,TCDB,TCDB.3_D_1_6_1_comp29
G_3_D_1_6_1_comp30,P_3_D_1_6_1_comp1+3_D_1_6_1_comp2+3_D_1_6_1_comp3+3_D_1_6_1_comp4+3_D_1_6_1_comp5+3_D_1_6_1_comp6+3_D_1_6_1_comp7+3_D_1_6_1_comp8+3_D_1_6_1_comp9+3_D_1_6_1_comp10+3_D_1_6_1_comp11+3_D_1_6_1_comp12+3_D_1_6_1_comp13+3_D_1_6_1_comp14+3_D_1_6_1_comp15+3_D_1_6_1_comp16+3_D_1_6_1_comp17+3_D_1_6_1_comp18+3_D_1_6_1_comp19+3_D_1_6_1_comp20+3_D_1_6_1_comp21+3_D_1_6_1_comp22+3_D_1_6_1_comp23+3_D_1_6_1_comp24+3_D_1_6_1_comp25+3_D_1_6_1_comp26+3_D_1_6_1_comp27+3_D_1_6_1_comp28+3_D_1_6_1_comp29+3_D_1_6_1_comp30+3_D_1_6_1_comp31+3_D_1_6_1_comp32+3_D_1_6_1_comp33+3_D_1_6_1_comp34+3_D_1_6_1_comp35+3_D_1_6_1_comp36+3_D_1_6_1_comp37+3_D_1_6_1_comp38+3_D_1_6_1_comp39+3_D_1_6_1_comp40+3_D_1_6_1_comp41+3_D_1_6_1_comp42+3_D_1_6_1_comp43+3_D_1_6_1_comp44+3_D_1_6_1_comp45,R_3_D_1_6_1,TCDB,TCDB.3_D_1_6_1_comp30
G_3_D_1_6_1_comp31,P_3_D_1_6_1_comp1+3_D_1_6_1_comp2+3_D_1_6_1_comp3+3_D_1_6_1_comp4+3_D_1_6_1_comp5+3_D_1_6_1_comp6+3_D_1_6_1_comp7+3_D_1_6_1_comp8+3_D_1_6_1_comp9+3_D_1_6_1_comp10+3_D_1_6_1_comp11+3_D_1_6_1_comp12+3_D_1_6_1_comp13+3_D_1_6_1_comp14+3_D_1_6_1_comp15+3_D_1_6_1_comp16+3_D_1_6_1_comp17+3_D_1_6_1_comp18+3_D_1_6_1_comp19+3_D_1_6_1_comp20+3_D_1_6_1_comp21+3_D_1_6_1_comp22+3_D_1_6_1_comp23+3_D_1_6_1_comp24+3_D_1_6_1_comp25+3_D_1_6_1_comp26+3_D_1_6_1_comp27+3_D_1_6_1_comp28+3_D_1_6_1_comp29+3_D_1_6_1_comp30+3_D_1_6_1_comp31+3_D_1_6_1_comp32+3_D_1_6_1_comp33+3_D_1_6_1_comp34+3_D_1_6_1_comp35+3_D_1_6_1_comp36+3_D_1_6_1_comp37+3_D_1_6_1_comp38+3_D_1_6_1_comp39+3_D_1_6_1_comp40+3_D_1_6_1_comp41+3_D_1_6_1_comp42+3_D_1_6_1_comp43+3_D_1_6_1_comp44+3_D_1_6_1_comp45,R_3_D_1_6_1,TCDB,TCDB.3_D_1_6_1_comp31
G_3_D_1_6_1_comp32,P_3_D_1_6_1_comp1+3_D_1_6_1_comp2+3_D_1_6_1_comp3+3_D_1_6_1_comp4+3_D_1_6_1_comp5+3_D_1_6_1_comp6+3_D_1_6_1_comp7+3_D_1_6_1_comp8+3_D_1_6_1_comp9+3_D_1_6_1_comp10+3_D_1_6_1_comp11+3_D_1_6_1_comp12+3_D_1_6_1_comp13+3_D_1_6_1_comp14+3_D_1_6_1_comp15+3_D_1_6_1_comp16+3_D_1_6_1_comp17+3_D_1_6_1_comp18+3_D_1_6_1_comp19+3_D_1_6_1_comp20+3_D_1_6_1_comp21+3_D_1_6_1_comp22+3_D_1_6_1_comp23+3_D_1_6_1_comp24+3_D_1_6_1_comp25+3_D_1_6_1_comp26+3_D_1_6_1_comp27+3_D_1_6_1_comp28+3_D_1_6_1_comp29+3_D_1_6_1_comp30+3_D_1_6_1_comp31+3_D_1_6_1_comp32+3_D_1_6_1_comp33+3_D_1_6_1_comp34+3_D_1_6_1_comp35+3_D_1_6_1_comp36+3_D_1_6_1_comp37+3_D_1_6_1_comp38+3_D_1_6_1_comp39+3_D_1_6_1_comp40+3_D_1_6_1_comp41+3_D_1_6_1_comp42+3_D_1_6_1_comp43+3_D_1_6_1_comp44+3_D_1_6_1_comp45,R_3_D_1_6_1,TCDB,TCDB.3_D_1_6_1_comp32
G_3_D_1_6_1_comp33,P_3_D_1_6_1_comp1+3_D_1_6_1_comp2+3_D_1_6_1_comp3+3_D_1_6_1_comp4+3_D_1_6_1_comp5+3_D_1_6_1_comp6+3_D_1_6_1_comp7+3_D_1_6_1_comp8+3_D_1_6_1_comp9+3_D_1_6_1_comp10+3_D_1_6_1_comp11+3_D_1_6_1_comp12+3_D_1_6_1_comp13+3_D_1_6_1_comp14+3_D_1_6_1_comp15+3_D_1_6_1_comp16+3_D_1_6_1_comp17+3_D_1_6_1_comp18+3_D_1_6_1_comp19+3_D_1_6_1_comp20+3_D_1_6_1_comp21+3_D_1_6_1_comp22+3_D_1_6_1_comp23+3_D_1_6_1_comp24+3_D_1_6_1_comp25+3_D_1_6_1_comp26+3_D_1_6_1_comp27+3_D_1_6_1_comp28+3_D_1_6_1_comp29+3_D_1_6_1_comp30+3_D_1_6_1_comp31+3_D_1_6_1_comp32+3_D_1_6_1_comp33+3_D_1_6_1_comp34+3_D_1_6_1_comp35+3_D_1_6_1_comp36+3_D_1_6_1_comp37+3_D_1_6_1_comp38+3_D_1_6_1_comp39+3_D_1_6_1_comp40+3_D_1_6_1_comp41+3_D_1_6_1_comp42+3_D_1_6_1_comp43+3_D_1_6_1_comp44+3_D_1_6_1_comp45,R_3_D_1_6_1,TCDB,TCDB.3_D_1_6_1_comp33
G_3_D_1_6_1_comp34,P_3_D_1_6_1_comp1+3_D_1_6_1_comp2+3_D_1_6_1_comp3+3_D_1_6_1_comp4+3_D_1_6_1_comp5+3_D_1_6_1_comp6+3_D_1_6_1_comp7+3_D_1_6_1_comp8+3_D_1_6_1_comp9+3_D_1_6_1_comp10+3_D_1_6_1_comp11+3_D_1_6_1_comp12+3_D_1_6_1_comp13+3_D_1_6_1_comp14+3_D_1_6_1_comp15+3_D_1_6_1_comp16+3_D_1_6_1_comp17+3_D_1_6_1_comp18+3_D_1_6_1_comp19+3_D_1_6_1_comp20+3_D_1_6_1_comp21+3_D_1_6_1_comp22+3_D_1_6_1_comp23+3_D_1_6_1_comp24+3_D_1_6_1_comp25+3_D_1_6_1_comp26+3_D_1_6_1_comp27+3_D_1_6_1_comp28+3_D_1_6_1_comp29+3_D_1_6_1_comp30+3_D_1_6_1_comp31+3_D_1_6_1_comp32+3_D_1_6_1_comp33+3_D_1_6_1_comp34+3_D_1_6_1_comp35+3_D_1_6_1_comp36+3_D_1_6_1_comp37+3_D_1_6_1_comp38+3_D_1_6_1_comp39+3_D_1_6_1_comp40+3_D_1_6_1_comp41+3_D_1_6_1_comp42+3_D_1_6_1_comp43+3_D_1_6_1_comp44+3_D_1_6_1_comp45,R_3_D_1_6_1,TCDB,TCDB.3_D_1_6_1_comp34
G_3_D_1_6_1_comp35,P_3_D_1_6_1_comp1+3_D_1_6_1_comp2+3_D_1_6_1_comp3+3_D_1_6_1_comp4+3_D_1_6_1_comp5+3_D_1_6_1_comp6+3_D_1_6_1_comp7+3_D_1_6_1_comp8+3_D_1_6_1_comp9+3_D_1_6_1_comp10+3_D_1_6_1_comp11+3_D_1_6_1_comp12+3_D_1_6_1_comp13+3_D_1_6_1_comp14+3_D_1_6_1_comp15+3_D_1_6_1_comp16+3_D_1_6_1_comp17+3_D_1_6_1_comp18+3_D_1_6_1_comp19+3_D_1_6_1_comp20+3_D_1_6_1_comp21+3_D_1_6_1_comp22+3_D_1_6_1_comp23+3_D_1_6_1_comp24+3_D_1_6_1_comp25+3_D_1_6_1_comp26+3_D_1_6_1_comp27+3_D_1_6_1_comp28+3_D_1_6_1_comp29+3_D_1_6_1_comp30+3_D_1_6_1_comp31+3_D_1_6_1_comp32+3_D_1_6_1_comp33+3_D_1_6_1_comp34+3_D_1_6_1_comp35+3_D_1_6_1_comp36+3_D_1_6_1_comp37+3_D_1_6_1_comp38+3_D_1_6_1_comp39+3_D_1_6_1_comp40+3_D_1_6_1_comp41+3_D_1_6_1_comp42+3_D_1_6_1_comp43+3_D_1_6_1_comp44+3_D_1_6_1_comp45,R_3_D_1_6_1,TCDB,TCDB.3_D_1_6_1_comp35
G_3_D_1_6_1_comp36,P_3_D_1_6_1_comp1+3_D_1_6_1_comp2+3_D_1_6_1_comp3+3_D_1_6_1_comp4+3_D_1_6_1_comp5+3_D_1_6_1_comp6+3_D_1_6_1_comp7+3_D_1_6_1_comp8+3_D_1_6_1_comp9+3_D_1_6_1_comp10+3_D_1_6_1_comp11+3_D_1_6_1_comp12+3_D_1_6_1_comp13+3_D_1_6_1_comp14+3_D_1_6_1_comp15+3_D_1_6_1_comp16+3_D_1_6_1_comp17+3_D_1_6_1_comp18+3_D_1_6_1_comp19+3_D_1_6_1_comp20+3_D_1_6_1_comp21+3_D_1_6_1_comp22+3_D_1_6_1_comp23+3_D_1_6_1_comp24+3_D_1_6_1_comp25+3_D_1_6_1_comp26+3_D_1_6_1_comp27+3_D_1_6_1_comp28+3_D_1_6_1_comp29+3_D_1_6_1_comp30+3_D_1_6_1_comp31+3_D_1_6_1_comp32+3_D_1_6_1_comp33+3_D_1_6_1_comp34+3_D_1_6_1_comp35+3_D_1_6_1_comp36+3_D_1_6_1_comp37+3_D_1_6_1_comp38+3_D_1_6_1_comp39+3_D_1_6_1_comp40+3_D_1_6_1_comp41+3_D_1_6_1_comp42+3_D_1_6_1_comp43+3_D_1_6_1_comp44+3_D_1_6_1_comp45,R_3_D_1_6_1,TCDB,TCDB.3_D_1_6_1_comp36
G_3_D_1_6_1_comp37,P_3_D_1_6_1_comp1+3_D_1_6_1_comp2+3_D_1_6_1_comp3+3_D_1_6_1_comp4+3_D_1_6_1_comp5+3_D_1_6_1_comp6+3_D_1_6_1_comp7+3_D_1_6_1_comp8+3_D_1_6_1_comp9+3_D_1_6_1_comp10+3_D_1_6_1_comp11+3_D_1_6_1_comp12+3_D_1_6_1_comp13+3_D_1_6_1_comp14+3_D_1_6_1_comp15+3_D_1_6_1_comp16+3_D_1_6_1_comp17+3_D_1_6_1_comp18+3_D_1_6_1_comp19+3_D_1_6_1_comp20+3_D_1_6_1_comp21+3_D_1_6_1_comp22+3_D_1_6_1_comp23+3_D_1_6_1_comp24+3_D_1_6_1_comp25+3_D_1_6_1_comp26+3_D_1_6_1_comp27+3_D_1_6_1_comp28+3_D_1_6_1_comp29+3_D_1_6_1_comp30+3_D_1_6_1_comp31+3_D_1_6_1_comp32+3_D_1_6_1_comp33+3_D_1_6_1_comp34+3_D_1_6_1_comp35+3_D_1_6_1_comp36+3_D_1_6_1_comp37+3_D_1_6_1_comp38+3_D_1_6_1_comp39+3_D_1_6_1_comp40+3_D_1_6_1_comp41+3_D_1_6_1_comp42+3_D_1_6_1_comp43+3_D_1_6_1_comp44+3_D_1_6_1_comp45,R_3_D_1_6_1,TCDB,TCDB.3_D_1_6_1_comp37
G_3_D_1_6_1_comp38,P_3_D_1_6_1_comp1+3_D_1_6_1_comp2+3_D_1_6_1_comp3+3_D_1_6_1_comp4+3_D_1_6_1_comp5+3_D_1_6_1_comp6+3_D_1_6_1_comp7+3_D_1_6_1_comp8+3_D_1_6_1_comp9+3_D_1_6_1_comp10+3_D_1_6_1_comp11+3_D_1_6_1_comp12+3_D_1_6_1_comp13+3_D_1_6_1_comp14+3_D_1_6_1_comp15+3_D_1_6_1_comp16+3_D_1_6_1_comp17+3_D_1_6_1_comp18+3_D_1_6_1_comp19+3_D_1_6_1_comp20+3_D_1_6_1_comp21+3_D_1_6_1_comp22+3_D_1_6_1_comp23+3_D_1_6_1_comp24+3_D_1_6_1_comp25+3_D_1_6_1_comp26+3_D_1_6_1_comp27+3_D_1_6_1_comp28+3_D_1_6_1_comp29+3_D_1_6_1_comp30+3_D_1_6_1_comp31+3_D_1_6_1_comp32+3_D_1_6_1_comp33+3_D_1_6_1_comp34+3_D_1_6_1_comp35+3_D_1_6_1_comp36+3_D_1_6_1_comp37+3_D_1_6_1_comp38+3_D_1_6_1_comp39+3_D_1_6_1_comp40+3_D_1_6_1_comp41+3_D_1_6_1_comp42+3_D_1_6_1_comp43+3_D_1_6_1_comp44+3_D_1_6_1_comp45,R_3_D_1_6_1,TCDB,TCDB.3_D_1_6_1_comp38
G_3_D_1_6_1_comp39,P_3_D_1_6_1_comp1+3_D_1_6_1_comp2+3_D_1_6_1_comp3+3_D_1_6_1_comp4+3_D_1_6_1_comp5+3_D_1_6_1_comp6+3_D_1_6_1_comp7+3_D_1_6_1_comp8+3_D_1_6_1_comp9+3_D_1_6_1_comp10+3_D_1_6_1_comp11+3_D_1_6_1_comp12+3_D_1_6_1_comp13+3_D_1_6_1_comp14+3_D_1_6_1_comp15+3_D_1_6_1_comp16+3_D_1_6_1_comp17+3_D_1_6_1_comp18+3_D_1_6_1_comp19+3_D_1_6_1_comp20+3_D_1_6_1_comp21+3_D_1_6_1_comp22+3_D_1_6_1_comp23+3_D_1_6_1_comp24+3_D_1_6_1_comp25+3_D_1_6_1_comp26+3_D_1_6_1_comp27+3_D_1_6_1_comp28+3_D_1_6_1_comp29+3_D_1_6_1_comp30+3_D_1_6_1_comp31+3_D_1_6_1_comp32+3_D_1_6_1_comp33+3_D_1_6_1_comp34+3_D_1_6_1_comp35+3_D_1_6_1_comp36+3_D_1_6_1_comp37+3_D_1_6_1_comp38+3_D_1_6_1_comp39+3_D_1_6_1_comp40+3_D_1_6_1_comp41+3_D_1_6_1_comp42+3_D_1_6_1_comp43+3_D_1_6_1_comp44+3_D_1_6_1_comp45,R_3_D_1_6_1,TCDB,TCDB.3_D_1_6_1_comp39
G_3_D_1_6_1_comp40,P_3_D_1_6_1_comp1+3_D_1_6_1_comp2+3_D_1_6_1_comp3+3_D_1_6_1_comp4+3_D_1_6_1_comp5+3_D_1_6_1_comp6+3_D_1_6_1_comp7+3_D_1_6_1_comp8+3_D_1_6_1_comp9+3_D_1_6_1_comp10+3_D_1_6_1_comp11+3_D_1_6_1_comp12+3_D_1_6_1_comp13+3_D_1_6_1_comp14+3_D_1_6_1_comp15+3_D_1_6_1_comp16+3_D_1_6_1_comp17+3_D_1_6_1_comp18+3_D_1_6_1_comp19+3_D_1_6_1_comp20+3_D_1_6_1_comp21+3_D_1_6_1_comp22+3_D_1_6_1_comp23+3_D_1_6_1_comp24+3_D_1_6_1_comp25+3_D_1_6_1_comp26+3_D_1_6_1_comp27+3_D_1_6_1_comp28+3_D_1_6_1_comp29+3_D_1_6_1_comp30+3_D_1_6_1_comp31+3_D_1_6_1_comp32+3_D_1_6_1_comp33+3_D_1_6_1_comp34+3_D_1_6_1_comp35+3_D_1_6_1_comp36+3_D_1_6_1_comp37+3_D_1_6_1_comp38+3_D_1_6_1_comp39+3_D_1_6_1_comp40+3_D_1_6_1_comp41+3_D_1_6_1_comp42+3_D_1_6_1_comp43+3_D_1_6_1_comp44+3_D_1_6_1_comp45,R_3_D_1_6_1,TCDB,TCDB.3_D_1_6_1_comp40
G_3_D_1_6_1_comp41,P_3_D_1_6_1_comp1+3_D_1_6_1_comp2+3_D_1_6_1_comp3+3_D_1_6_1_comp4+3_D_1_6_1_comp5+3_D_1_6_1_comp6+3_D_1_6_1_comp7+3_D_1_6_1_comp8+3_D_1_6_1_comp9+3_D_1_6_1_comp10+3_D_1_6_1_comp11+3_D_1_6_1_comp12+3_D_1_6_1_comp13+3_D_1_6_1_comp14+3_D_1_6_1_comp15+3_D_1_6_1_comp16+3_D_1_6_1_comp17+3_D_1_6_1_comp18+3_D_1_6_1_comp19+3_D_1_6_1_comp20+3_D_1_6_1_comp21+3_D_1_6_1_comp22+3_D_1_6_1_comp23+3_D_1_6_1_comp24+3_D_1_6_1_comp25+3_D_1_6_1_comp26+3_D_1_6_1_comp27+3_D_1_6_1_comp28+3_D_1_6_1_comp29+3_D_1_6_1_comp30+3_D_1_6_1_comp31+3_D_1_6_1_comp32+3_D_1_6_1_comp33+3_D_1_6_1_comp34+3_D_1_6_1_comp35+3_D_1_6_1_comp36+3_D_1_6_1_comp37+3_D_1_6_1_comp38+3_D_1_6_1_comp39+3_D_1_6_1_comp40+3_D_1_6_1_comp41+3_D_1_6_1_comp42+3_D_1_6_1_comp43+3_D_1_6_1_comp44+3_D_1_6_1_comp45,R_3_D_1_6_1,TCDB,TCDB.3_D_1_6_1_comp41
G_3_D_1_6_1_comp42,P_3_D_1_6_1_comp1+3_D_1_6_1_comp2+3_D_1_6_1_comp3+3_D_1_6_1_comp4+3_D_1_6_1_comp5+3_D_1_6_1_comp6+3_D_1_6_1_comp7+3_D_1_6_1_comp8+3_D_1_6_1_comp9+3_D_1_6_1_comp10+3_D_1_6_1_comp11+3_D_1_6_1_comp12+3_D_1_6_1_comp13+3_D_1_6_1_comp14+3_D_1_6_1_comp15+3_D_1_6_1_comp16+3_D_1_6_1_comp17+3_D_1_6_1_comp18+3_D_1_6_1_comp19+3_D_1_6_1_comp20+3_D_1_6_1_comp21+3_D_1_6_1_comp22+3_D_1_6_1_comp23+3_D_1_6_1_comp24+3_D_1_6_1_comp25+3_D_1_6_1_comp26+3_D_1_6_1_comp27+3_D_1_6_1_comp28+3_D_1_6_1_comp29+3_D_1_6_1_comp30+3_D_1_6_1_comp31+3_D_1_6_1_comp32+3_D_1_6_1_comp33+3_D_1_6_1_comp34+3_D_1_6_1_comp35+3_D_1_6_1_comp36+3_D_1_6_1_comp37+3_D_1_6_1_comp38+3_D_1_6_1_comp39+3_D_1_6_1_comp40+3_D_1_6_1_comp41+3_D_1_6_1_comp42+3_D_1_6_1_comp43+3_D_1_6_1_comp44+3_D_1_6_1_comp45,R_3_D_1_6_1,TCDB,TCDB.3_D_1_6_1_comp42
G_3_D_1_6_1_comp43,P_3_D_1_6_1_comp1+3_D_1_6_1_comp2+3_D_1_6_1_comp3+3_D_1_6_1_comp4+3_D_1_6_1_comp5+3_D_1_6_1_comp6+3_D_1_6_1_comp7+3_D_1_6_1_comp8+3_D_1_6_1_comp9+3_D_1_6_1_comp10+3_D_1_6_1_comp11+3_D_1_6_1_comp12+3_D_1_6_1_comp13+3_D_1_6_1_comp14+3_D_1_6_1_comp15+3_D_1_6_1_comp16+3_D_1_6_1_comp17+3_D_1_6_1_comp18+3_D_1_6_1_comp19+3_D_1_6_1_comp20+3_D_1_6_1_comp21+3_D_1_6_1_comp22+3_D_1_6_1_comp23+3_D_1_6_1_comp24+3_D_1_6_1_comp25+3_D_1_6_1_comp26+3_D_1_6_1_comp27+3_D_1_6_1_comp28+3_D_1_6_1_comp29+3_D_1_6_1_comp30+3_D_1_6_1_comp31+3_D_1_6_1_comp32+3_D_1_6_1_comp33+3_D_1_6_1_comp34+3_D_1_6_1_comp35+3_D_1_6_1_comp36+3_D_1_6_1_comp37+3_D_1_6_1_comp38+3_D_1_6_1_comp39+3_D_1_6_1_comp40+3_D_1_6_1_comp41+3_D_1_6_1_comp42+3_D_1_6_1_comp43+3_D_1_6_1_comp44+3_D_1_6_1_comp45,R_3_D_1_6_1,TCDB,TCDB.3_D_1_6_1_comp43
G_3_D_1_6_1_comp44,P_3_D_1_6_1_comp1+3_D_1_6_1_comp2+3_D_1_6_1_comp3+3_D_1_6_1_comp4+3_D_1_6_1_comp5+3_D_1_6_1_comp6+3_D_1_6_1_comp7+3_D_1_6_1_comp8+3_D_1_6_1_comp9+3_D_1_6_1_comp10+3_D_1_6_1_comp11+3_D_1_6_1_comp12+3_D_1_6_1_comp13+3_D_1_6_1_comp14+3_D_1_6_1_comp15+3_D_1_6_1_comp16+3_D_1_6_1_comp17+3_D_1_6_1_comp18+3_D_1_6_1_comp19+3_D_1_6_1_comp20+3_D_1_6_1_comp21+3_D_1_6_1_comp22+3_D_1_6_1_comp23+3_D_1_6_1_comp24+3_D_1_6_1_comp25+3_D_1_6_1_comp26+3_D_1_6_1_comp27+3_D_1_6_1_comp28+3_D_1_6_1_comp29+3_D_1_6_1_comp30+3_D_1_6_1_comp31+3_D_1_6_1_comp32+3_D_1_6_1_comp33+3_D_1_6_1_comp34+3_D_1_6_1_comp35+3_D_1_6_1_comp36+3_D_1_6_1_comp37+3_D_1_6_1_comp38+3_D_1_6_1_comp39+3_D_1_6_1_comp40+3_D_1_6_1_comp41+3_D_1_6_1_comp42+3_D_1_6_1_comp43+3_D_1_6_1_comp44+3_D_1_6_1_comp45,R_3_D_1_6_1,TCDB,TCDB.3_D_1_6_1_comp44
G_3_D_1_6_1_comp45,P_3_D_1_6_1_comp1+3_D_1_6_1_comp2+3_D_1_6_1_comp3+3_D_1_6_1_comp4+3_D_1_6_1_comp5+3_D_1_6_1_comp6+3_D_1_6_1_comp7+3_D_1_6_1_comp8+3_D_1_6_1_comp9+3_D_1_6_1_comp10+3_D_1_6_1_comp11+3_D_1_6_1_comp12+3_D_1_6_1_comp13+3_D_1_6_1_comp14+3_D_1_6_1_comp15+3_D_1_6_1_comp16+3_D_1_6_1_comp17+3_D_1_6_1_comp18+3_D_1_6_1_comp19+3_D_1_6_1_comp20+3_D_1_6_1_comp21+3_D_1_6_1_comp22+3_D_1_6_1_comp23+3_D_1_6_1_comp24+3_D_1_6_1_comp25+3_D_1_6_1_comp26+3_D_1_6_1_comp27+3_D_1_6_1_comp28+3_D_1_6_1_comp29+3_D_1_6_1_comp30+3_D_1_6_1_comp31+3_D_1_6_1_comp32+3_D_1_6_1_comp33+3_D_1_6_1_comp34+3_D_1_6_1_comp35+3_D_1_6_1_comp36+3_D_1_6_1_comp37+3_D_1_6_1_comp38+3_D_1_6_1_comp39+3_D_1_6_1_comp40+3_D_1_6_1_comp41+3_D_1_6_1_comp42+3_D_1_6_1_comp43+3_D_1_6_1_comp44+3_D_1_6_1_comp45,R_3_D_1_6_1,TCDB,TCDB.3_D_1_6_1_comp45
G_8_A_87_1_2_comp1,P_8_A_87_1_2_comp1,R_8_A_87_1_2,TCDB,TCDB.8_A_87_1_2_comp1
G_2_A_102_5_2_comp1,P_2_A_102_5_2_comp1,R_2_A_102_5_2,TCDB,TCDB.2_A_102_5_2_comp1
G_9_B_343_1_3_comp1,P_9_B_343_1_3_comp1,R_9_B_343_1_3,TCDB,TCDB.9_B_343_1_3_comp1
G_9_B_57_1_5_comp1,P_9_B_57_1_5_comp1,R_9_B_57_1_5,TCDB,TCDB.9_B_57_1_5_comp1
G_8_A_216_1_3_comp1,P_8_A_216_1_3_comp1,R_8_A_216_1_3,TCDB,TCDB.8_A_216_1_3_comp1
G_2_A_7_4_8_comp1,P_2_A_7_4_8_comp1,R_2_A_7_4_8,TCDB,TCDB.2_A_7_4_8_comp1
G_2_A_7_4_10_comp1,P_2_A_7_4_10_comp1,R_2_A_7_4_10,TCDB,TCDB.2_A_7_4_10_comp1
G_1_N_5_1_5_comp1,P_1_N_5_1_5_comp1,R_1_N_5_1_5,TCDB,TCDB.1_N_5_1_5_comp1
G_2_A_7_4_4_comp1,P_2_A_7_4_4_comp1,R_2_A_7_4_4,TCDB,TCDB.2_A_7_4_4_comp1
G_9_B_368_1_3_comp1,P_9_B_368_1_3_comp1,R_9_B_368_1_3,TCDB,TCDB.9_B_368_1_3_comp1
G_1_A_87_2_12_comp1,P_1_A_87_2_12_comp1,R_1_A_87_2_12,TCDB,TCDB.1_A_87_2_12_comp1
G_2_A_94_1_4_comp1,P_2_A_94_1_4_comp1,R_2_A_94_1_4,TCDB,TCDB.2_A_94_1_4_comp1
G_9_B_381_1_6_comp1,P_9_B_381_1_6_comp1,R_9_B_381_1_6,TCDB,TCDB.9_B_381_1_6_comp1
G_2_A_1_1_135_comp1,P_2_A_1_1_135_comp1,R_2_A_1_1_135,TCDB,TCDB.2_A_1_1_135_comp1
G_2_A_1_1_136_comp1,P_2_A_1_1_136_comp1,R_2_A_1_1_136,TCDB,TCDB.2_A_1_1_136_comp1
G_2_A_1_1_134_comp1,P_2_A_1_1_134_comp1,R_2_A_1_1_134,TCDB,TCDB.2_A_1_1_134_comp1
G_1_B_89_2_1_comp1,P_1_B_89_2_1_comp1,R_1_B_89_2_1,TCDB,TCDB.1_B_89_2_1_comp1
G_2_A_7_25_11_comp1,P_2_A_7_25_11_comp1,R_2_A_7_25_11,TCDB,TCDB.2_A_7_25_11_comp1
G_9_B_210_1_6_comp1,P_9_B_210_1_6_comp1,R_9_B_210_1_6,TCDB,TCDB.9_B_210_1_6_comp1
G_9_B_316_1_3_comp1,P_9_B_316_1_3_comp1,R_9_B_316_1_3,TCDB,TCDB.9_B_316_1_3_comp1
G_9_B_311_1_3_comp1,P_9_B_311_1_3_comp1,R_9_B_311_1_3,TCDB,TCDB.9_B_311_1_3_comp1
G_1_E_19_1_17_comp1,P_1_E_19_1_17_comp1,R_1_E_19_1_17,TCDB,TCDB.1_E_19_1_17_comp1
G_1_A_50_6_3_comp1,P_1_A_50_6_3_comp1,R_1_A_50_6_3,TCDB,TCDB.1_A_50_6_3_comp1
G_1_B_89_2_3_comp1,P_1_B_89_2_3_comp1,R_1_B_89_2_3,TCDB,TCDB.1_B_89_2_3_comp1
G_9_B_304_1_7_comp1,P_9_B_304_1_7_comp1,R_9_B_304_1_7,TCDB,TCDB.9_B_304_1_7_comp1
G_9_B_347_2_4_comp1,P_9_B_347_2_4_comp1,R_9_B_347_2_4,TCDB,TCDB.9_B_347_2_4_comp1
G_8_A_178_1_3_comp1,P_8_A_178_1_3_comp1,R_8_A_178_1_3,TCDB,TCDB.8_A_178_1_3_comp1
G_9_B_442_1_11_comp1,P_9_B_442_1_11_comp1,R_9_B_442_1_11,TCDB,TCDB.9_B_442_1_11_comp1
G_9_B_315_1_6_comp1,P_9_B_315_1_6_comp1,R_9_B_315_1_6,TCDB,TCDB.9_B_315_1_6_comp1
G_9_B_320_2_2_comp1,P_9_B_320_2_2_comp1,R_9_B_320_2_2,TCDB,TCDB.9_B_320_2_2_comp1
G_8_B_34_1_5_comp1,P_8_B_34_1_5_comp1,R_8_B_34_1_5,TCDB,TCDB.8_B_34_1_5_comp1
G_8_A_133_1_10_comp1,P_8_A_133_1_10_comp1,R_8_A_133_1_10,TCDB,TCDB.8_A_133_1_10_comp1
G_9_B_3_1_2_comp1,P_9_B_3_1_2_comp1,R_9_B_3_1_2,TCDB,TCDB.9_B_3_1_2_comp1
G_2_A_50_4_9_comp1,P_2_A_50_4_9_comp1,R_2_A_50_4_9,TCDB,TCDB.2_A_50_4_9_comp1
G_1_E_2_1_12_comp1,P_1_E_2_1_12_comp1,R_1_E_2_1_12,TCDB,TCDB.1_E_2_1_12_comp1
G_9_B_142_5_5_comp1,P_9_B_142_5_5_comp1,R_9_B_142_5_5,TCDB,TCDB.9_B_142_5_5_comp1
G_9_B_36_8_3_comp1,P_9_B_36_8_3_comp1,R_9_B_36_8_3,TCDB,TCDB.9_B_36_8_3_comp1
G_9_B_393_2_1_comp1,P_9_B_393_2_1_comp1,R_9_B_393_2_1,TCDB,TCDB.9_B_393_2_1_comp1
G_9_B_236_1_7_comp1,P_9_B_236_1_7_comp1,R_9_B_236_1_7,TCDB,TCDB.9_B_236_1_7_comp1
G_9_B_397_1_5_comp1,P_9_B_397_1_5_comp1,R_9_B_397_1_5,TCDB,TCDB.9_B_397_1_5_comp1
G_2_A_7_44_6_comp1,P_2_A_7_44_6_comp1,R_2_A_7_44_6,TCDB,TCDB.2_A_7_44_6_comp1
G_9_B_142_2_18_comp1,P_9_B_142_2_18_comp1,R_9_B_142_2_18,TCDB,TCDB.9_B_142_2_18_comp1
G_9_B_36_10_1_comp1,P_9_B_36_10_1_comp1,R_9_B_36_10_1,TCDB,TCDB.9_B_36_10_1_comp1
G_9_B_252_1_5_comp1,P_9_B_252_1_5_comp1,R_9_B_252_1_5,TCDB,TCDB.9_B_252_1_5_comp1
G_9_B_306_3_2_comp1,P_9_B_306_3_2_comp1,R_9_B_306_3_2,TCDB,TCDB.9_B_306_3_2_comp1
G_9_B_36_4_5_comp1,P_9_B_36_4_5_comp1,R_9_B_36_4_5,TCDB,TCDB.9_B_36_4_5_comp1
G_9_B_252_3_2_comp1,P_9_B_252_3_2_comp1,R_9_B_252_3_2,TCDB,TCDB.9_B_252_3_2_comp1
G_5_B_1_2_5_comp1,P_5_B_1_2_5_comp1,R_5_B_1_2_5,TCDB,TCDB.5_B_1_2_5_comp1
G_9_B_142_16_4_comp1,P_9_B_142_16_4_comp1,R_9_B_142_16_4,TCDB,TCDB.9_B_142_16_4_comp1
G_9_B_264_1_8_comp1,P_9_B_264_1_8_comp1,R_9_B_264_1_8,TCDB,TCDB.9_B_264_1_8_comp1
G_3_A_1_105_22_comp1,P_3_A_1_105_22_comp1+3_A_1_105_22_comp2,R_3_A_1_105_22,TCDB,TCDB.3_A_1_105_22_comp1
G_3_A_1_105_22_comp2,P_3_A_1_105_22_comp1+3_A_1_105_22_comp2,R_3_A_1_105_22,TCDB,TCDB.3_A_1_105_22_comp2
G_9_B_251_1_4_comp1,P_9_B_251_1_4_comp1,R_9_B_251_1_4,TCDB,TCDB.9_B_251_1_4_comp1
G_9_B_260_1_2_comp1,P_9_B_260_1_2_comp1,R_9_B_260_1_2,TCDB,TCDB.9_B_260_1_2_comp1
G_9_B_236_1_5_comp1,P_9_B_236_1_5_comp1,R_9_B_236_1_5,TCDB,TCDB.9_B_236_1_5_comp1
G_9_B_242_1_3_comp1,P_9_B_242_1_3_comp1,R_9_B_242_1_3,TCDB,TCDB.9_B_242_1_3_comp1
G_9_B_240_1_10_comp1,P_9_B_240_1_10_comp1,R_9_B_240_1_10,TCDB,TCDB.9_B_240_1_10_comp1
G_9_B_252_1_3_comp1,P_9_B_252_1_3_comp1,R_9_B_252_1_3,TCDB,TCDB.9_B_252_1_3_comp1
G_1_W_3_1_3_comp1,P_1_W_3_1_3_comp1,R_1_W_3_1_3,TCDB,TCDB.1_W_3_1_3_comp1
G_5_A_1_1_3_comp1,P_5_A_1_1_3_comp1,R_5_A_1_1_3,TCDB,TCDB.5_A_1_1_3_comp1
G_2_A_133_1_9_comp1,P_2_A_133_1_9_comp1,R_2_A_133_1_9,TCDB,TCDB.2_A_133_1_9_comp1
G_9_B_310_1_3_comp1,P_9_B_310_1_3_comp1,R_9_B_310_1_3,TCDB,TCDB.9_B_310_1_3_comp1
G_1_B_93_1_14_comp1,P_1_B_93_1_14_comp1,R_1_B_93_1_14,TCDB,TCDB.1_B_93_1_14_comp1
G_5_B_1_2_7_comp1,P_5_B_1_2_7_comp1,R_5_B_1_2_7,TCDB,TCDB.5_B_1_2_7_comp1
G_5_A_1_2_12_comp1,P_5_A_1_2_12_comp1,R_5_A_1_2_12,TCDB,TCDB.5_A_1_2_12_comp1
G_9_B_236_1_6_comp1,P_9_B_236_1_6_comp1,R_9_B_236_1_6,TCDB,TCDB.9_B_236_1_6_comp1
G_9_B_36_8_5_comp1,P_9_B_36_8_5_comp1,R_9_B_36_8_5,TCDB,TCDB.9_B_36_8_5_comp1
G_9_B_238_1_2_comp1,P_9_B_238_1_2_comp1,R_9_B_238_1_2,TCDB,TCDB.9_B_238_1_2_comp1
G_9_B_142_9_11_comp1,P_9_B_142_9_11_comp1,R_9_B_142_9_11,TCDB,TCDB.9_B_142_9_11_comp1
G_9_B_400_1_5_comp1,P_9_B_400_1_5_comp1,R_9_B_400_1_5,TCDB,TCDB.9_B_400_1_5_comp1
G_2_A_64_6_2_comp1,P_2_A_64_6_2_comp1+2_A_64_6_2_comp2,R_2_A_64_6_2,TCDB,TCDB.2_A_64_6_2_comp1
G_2_A_64_6_2_comp2,P_2_A_64_6_2_comp1+2_A_64_6_2_comp2,R_2_A_64_6_2,TCDB,TCDB.2_A_64_6_2_comp2
G_9_B_262_1_1_comp1,P_9_B_262_1_1_comp1,R_9_B_262_1_1,TCDB,TCDB.9_B_262_1_1_comp1
G_9_B_97_8_3_comp1,P_9_B_97_8_3_comp1,R_9_B_97_8_3,TCDB,TCDB.9_B_97_8_3_comp1
G_1_A_112_2_6_comp1,P_1_A_112_2_6_comp1,R_1_A_112_2_6,TCDB,TCDB.1_A_112_2_6_comp1
G_5_B_1_2_6_comp1,P_5_B_1_2_6_comp1,R_5_B_1_2_6,TCDB,TCDB.5_B_1_2_6_comp1
G_2_A_9_5_3_comp1,P_2_A_9_5_3_comp1,R_2_A_9_5_3,TCDB,TCDB.2_A_9_5_3_comp1
G_9_B_272_1_2_comp1,P_9_B_272_1_2_comp1,R_9_B_272_1_2,TCDB,TCDB.9_B_272_1_2_comp1
G_9_B_142_4_11_comp1,P_9_B_142_4_11_comp1,R_9_B_142_4_11,TCDB,TCDB.9_B_142_4_11_comp1
G_9_B_240_1_9_comp1,P_9_B_240_1_9_comp1,R_9_B_240_1_9,TCDB,TCDB.9_B_240_1_9_comp1
G_9_B_142_11_10_comp1,P_9_B_142_11_10_comp1,R_9_B_142_11_10,TCDB,TCDB.9_B_142_11_10_comp1
G_2_A_7_44_9_comp1,P_2_A_7_44_9_comp1,R_2_A_7_44_9,TCDB,TCDB.2_A_7_44_9_comp1
G_9_B_142_5_2_comp1,P_9_B_142_5_2_comp1,R_9_B_142_5_2,TCDB,TCDB.9_B_142_5_2_comp1
G_9_B_306_1_8_comp1,P_9_B_306_1_8_comp1,R_9_B_306_1_8,TCDB,TCDB.9_B_306_1_8_comp1
G_9_B_285_2_1_comp1,P_9_B_285_2_1_comp1,R_9_B_285_2_1,TCDB,TCDB.9_B_285_2_1_comp1
G_9_B_210_1_3_comp1,P_9_B_210_1_3_comp1,R_9_B_210_1_3,TCDB,TCDB.9_B_210_1_3_comp1
G_9_B_386_1_5_comp1,P_9_B_386_1_5_comp1,R_9_B_386_1_5,TCDB,TCDB.9_B_386_1_5_comp1
G_9_B_131_1_6_comp1,P_9_B_131_1_6_comp1,R_9_B_131_1_6,TCDB,TCDB.9_B_131_1_6_comp1
G_1_W_7_2_7_comp1,P_1_W_7_2_7_comp1,R_1_W_7_2_7,TCDB,TCDB.1_W_7_2_7_comp1
G_9_B_131_1_5_comp1,P_9_B_131_1_5_comp1,R_9_B_131_1_5,TCDB,TCDB.9_B_131_1_5_comp1
G_9_B_118_1_4_comp1,P_9_B_118_1_4_comp1,R_9_B_118_1_4,TCDB,TCDB.9_B_118_1_4_comp1
G_1_B_84_1_7_comp1,P_1_B_84_1_7_comp1,R_1_B_84_1_7,TCDB,TCDB.1_B_84_1_7_comp1
G_9_B_344_2_5_comp1,P_9_B_344_2_5_comp1,R_9_B_344_2_5,TCDB,TCDB.9_B_344_2_5_comp1
G_1_B_33_4_7_comp1,P_1_B_33_4_7_comp1,R_1_B_33_4_7,TCDB,TCDB.1_B_33_4_7_comp1
G_9_B_259_1_5_comp1,P_9_B_259_1_5_comp1,R_9_B_259_1_5,TCDB,TCDB.9_B_259_1_5_comp1
G_9_B_251_1_5_comp1,P_9_B_251_1_5_comp1,R_9_B_251_1_5,TCDB,TCDB.9_B_251_1_5_comp1
G_9_B_272_1_1_comp1,P_9_B_272_1_1_comp1,R_9_B_272_1_1,TCDB,TCDB.9_B_272_1_1_comp1
G_9_B_252_2_2_comp1,P_9_B_252_2_2_comp1,R_9_B_252_2_2,TCDB,TCDB.9_B_252_2_2_comp1
G_9_B_255_1_4_comp1,P_9_B_255_1_4_comp1,R_9_B_255_1_4,TCDB,TCDB.9_B_255_1_4_comp1
G_9_B_272_1_5_comp1,P_9_B_272_1_5_comp1,R_9_B_272_1_5,TCDB,TCDB.9_B_272_1_5_comp1
G_2_A_9_3_8_comp1,P_2_A_9_3_8_comp1,R_2_A_9_3_8,TCDB,TCDB.2_A_9_3_8_comp1
G_9_B_255_1_2_comp1,P_9_B_255_1_2_comp1,R_9_B_255_1_2,TCDB,TCDB.9_B_255_1_2_comp1
G_9_B_251_1_3_comp1,P_9_B_251_1_3_comp1,R_9_B_251_1_3,TCDB,TCDB.9_B_251_1_3_comp1
G_9_B_251_1_2_comp1,P_9_B_251_1_2_comp1,R_9_B_251_1_2,TCDB,TCDB.9_B_251_1_2_comp1
G_9_B_219_1_6_comp1,P_9_B_219_1_6_comp1,R_9_B_219_1_6,TCDB,TCDB.9_B_219_1_6_comp1
G_3_A_29_1_3_comp1,P_3_A_29_1_3_comp1,R_3_A_29_1_3,TCDB,TCDB.3_A_29_1_3_comp1
G_9_B_272_1_6_comp1,P_9_B_272_1_6_comp1,R_9_B_272_1_6,TCDB,TCDB.9_B_272_1_6_comp1
G_2_A_89_1_6_comp1,P_2_A_89_1_6_comp1,R_2_A_89_1_6,TCDB,TCDB.2_A_89_1_6_comp1
G_9_B_252_1_4_comp1,P_9_B_252_1_4_comp1,R_9_B_252_1_4,TCDB,TCDB.9_B_252_1_4_comp1
G_9_B_259_2_2_comp1,P_9_B_259_2_2_comp1,R_9_B_259_2_2,TCDB,TCDB.9_B_259_2_2_comp1
G_9_B_251_2_1_comp1,P_9_B_251_2_1_comp1,R_9_B_251_2_1,TCDB,TCDB.9_B_251_2_1_comp1
G_4_D_2_1_9_comp1,P_4_D_2_1_9_comp1,R_4_D_2_1_9,TCDB,TCDB.4_D_2_1_9_comp1
G_5_B_1_2_4_comp1,P_5_B_1_2_4_comp1,R_5_B_1_2_4,TCDB,TCDB.5_B_1_2_4_comp1
G_9_B_154_1_10_comp1,P_9_B_154_1_10_comp1,R_9_B_154_1_10,TCDB,TCDB.9_B_154_1_10_comp1
G_9_B_210_2_1_comp1,P_9_B_210_2_1_comp1,R_9_B_210_2_1,TCDB,TCDB.9_B_210_2_1_comp1
G_9_A_34_1_8_comp1,P_9_A_34_1_8_comp1,R_9_A_34_1_8,TCDB,TCDB.9_A_34_1_8_comp1
G_1_B_90_1_2_comp1,P_1_B_90_1_2_comp1,R_1_B_90_1_2,TCDB,TCDB.1_B_90_1_2_comp1
G_1_B_91_1_2_comp1,P_1_B_91_1_2_comp1,R_1_B_91_1_2,TCDB,TCDB.1_B_91_1_2_comp1
G_1_A_75_1_24_comp1,P_1_A_75_1_24_comp1,R_1_A_75_1_24,TCDB,TCDB.1_A_75_1_24_comp1
G_9_B_215_1_4_comp1,P_9_B_215_1_4_comp1,R_9_B_215_1_4,TCDB,TCDB.9_B_215_1_4_comp1
G_9_B_382_1_2_comp1,P_9_B_382_1_2_comp1,R_9_B_382_1_2,TCDB,TCDB.9_B_382_1_2_comp1
G_9_B_257_1_1_comp1,P_9_B_257_1_1_comp1,R_9_B_257_1_1,TCDB,TCDB.9_B_257_1_1_comp1
G_2_A_9_5_2_comp1,P_2_A_9_5_2_comp1,R_2_A_9_5_2,TCDB,TCDB.2_A_9_5_2_comp1
G_4_F_1_3_5_comp1,P_4_F_1_3_5_comp1,R_4_F_1_3_5,TCDB,TCDB.4_F_1_3_5_comp1
G_2_A_9_3_9_comp1,P_2_A_9_3_9_comp1,R_2_A_9_3_9,TCDB,TCDB.2_A_9_3_9_comp1
G_9_B_210_1_5_comp1,P_9_B_210_1_5_comp1,R_9_B_210_1_5,TCDB,TCDB.9_B_210_1_5_comp1
G_9_B_291_1_3_comp1,P_9_B_291_1_3_comp1,R_9_B_291_1_3,TCDB,TCDB.9_B_291_1_3_comp1
G_1_W_7_5_3_comp1,P_1_W_7_5_3_comp1,R_1_W_7_5_3,TCDB,TCDB.1_W_7_5_3_comp1
G_9_B_310_1_2_comp1,P_9_B_310_1_2_comp1,R_9_B_310_1_2,TCDB,TCDB.9_B_310_1_2_comp1
G_2_A_119_3_8_comp1,P_2_A_119_3_8_comp1,R_2_A_119_3_8,TCDB,TCDB.2_A_119_3_8_comp1
G_9_B_142_6_4_comp1,P_9_B_142_6_4_comp1,R_9_B_142_6_4,TCDB,TCDB.9_B_142_6_4_comp1
G_9_A_22_5_2_comp1,P_9_A_22_5_2_comp1,R_9_A_22_5_2,TCDB,TCDB.9_A_22_5_2_comp1
G_1_B_20_3_7_comp1,P_1_B_20_3_7_comp1,R_1_B_20_3_7,TCDB,TCDB.1_B_20_3_7_comp1
G_9_B_306_1_9_comp1,P_9_B_306_1_9_comp1,R_9_B_306_1_9,TCDB,TCDB.9_B_306_1_9_comp1
G_9_B_407_1_4_comp1,P_9_B_407_1_4_comp1,R_9_B_407_1_4,TCDB,TCDB.9_B_407_1_4_comp1
G_9_B_265_1_5_comp1,P_9_B_265_1_5_comp1,R_9_B_265_1_5,TCDB,TCDB.9_B_265_1_5_comp1
G_2_A_9_5_1_comp1,P_2_A_9_5_1_comp1,R_2_A_9_5_1,TCDB,TCDB.2_A_9_5_1_comp1
G_9_B_65_1_8_comp1,P_9_B_65_1_8_comp1,R_9_B_65_1_8,TCDB,TCDB.9_B_65_1_8_comp1
G_9_B_142_15_3_comp1,P_9_B_142_15_3_comp1,R_9_B_142_15_3,TCDB,TCDB.9_B_142_15_3_comp1
G_1_V_1_1_3_comp1,P_1_V_1_1_3_comp1+1_V_1_1_3_comp2+1_V_1_1_3_comp3,R_1_V_1_1_3,TCDB,TCDB.1_V_1_1_3_comp1
G_1_V_1_1_3_comp2,P_1_V_1_1_3_comp1+1_V_1_1_3_comp2+1_V_1_1_3_comp3,R_1_V_1_1_3,TCDB,TCDB.1_V_1_1_3_comp2
G_1_V_1_1_3_comp3,P_1_V_1_1_3_comp1+1_V_1_1_3_comp2+1_V_1_1_3_comp3,R_1_V_1_1_3,TCDB,TCDB.1_V_1_1_3_comp3
G_9_B_242_1_5_comp1,P_9_B_242_1_5_comp1,R_9_B_242_1_5,TCDB,TCDB.9_B_242_1_5_comp1
G_9_B_128_2_2_comp1,P_9_B_128_2_2_comp1,R_9_B_128_2_2,TCDB,TCDB.9_B_128_2_2_comp1
G_9_B_36_11_1_comp1,P_9_B_36_11_1_comp1,R_9_B_36_11_1,TCDB,TCDB.9_B_36_11_1_comp1
G_1_C_104_1_4_comp1,P_1_C_104_1_4_comp1,R_1_C_104_1_4,TCDB,TCDB.1_C_104_1_4_comp1
G_9_B_402_1_2_comp1,P_9_B_402_1_2_comp1,R_9_B_402_1_2,TCDB,TCDB.9_B_402_1_2_comp1
G_9_B_285_2_5_comp1,P_9_B_285_2_5_comp1,R_9_B_285_2_5,TCDB,TCDB.9_B_285_2_5_comp1
G_1_E_63_1_8_comp1,P_1_E_63_1_8_comp1,R_1_E_63_1_8,TCDB,TCDB.1_E_63_1_8_comp1
G_9_B_353_1_10_comp1,P_9_B_353_1_10_comp1,R_9_B_353_1_10,TCDB,TCDB.9_B_353_1_10_comp1
G_8_A_128_5_4_comp1,P_8_A_128_5_4_comp1,R_8_A_128_5_4,TCDB,TCDB.8_A_128_5_4_comp1
G_2_A_29_32_1_comp1,P_2_A_29_32_1_comp1,R_2_A_29_32_1,TCDB,TCDB.2_A_29_32_1_comp1
G_1_A_126_1_10_comp1,P_1_A_126_1_10_comp1,R_1_A_126_1_10,TCDB,TCDB.1_A_126_1_10_comp1
G_9_B_440_1_6_comp1,P_9_B_440_1_6_comp1,R_9_B_440_1_6,TCDB,TCDB.9_B_440_1_6_comp1
G_8_A_205_1_6_comp1,P_8_A_205_1_6_comp1,R_8_A_205_1_6,TCDB,TCDB.8_A_205_1_6_comp1
G_9_B_366_1_6_comp1,P_9_B_366_1_6_comp1,R_9_B_366_1_6,TCDB,TCDB.9_B_366_1_6_comp1
G_1_A_7_2_9_comp1,P_1_A_7_2_9_comp1,R_1_A_7_2_9,TCDB,TCDB.1_A_7_2_9_comp1
G_9_B_417_1_7_comp1,P_9_B_417_1_7_comp1,R_9_B_417_1_7,TCDB,TCDB.9_B_417_1_7_comp1
G_9_B_297_2_3_comp1,P_9_B_297_2_3_comp1,R_9_B_297_2_3,TCDB,TCDB.9_B_297_2_3_comp1
G_9_B_295_1_1_comp1,P_9_B_295_1_1_comp1,R_9_B_295_1_1,TCDB,TCDB.9_B_295_1_1_comp1
G_9_B_320_1_5_comp1,P_9_B_320_1_5_comp1,R_9_B_320_1_5,TCDB,TCDB.9_B_320_1_5_comp1
G_9_B_29_2_16_comp1,P_9_B_29_2_16_comp1,R_9_B_29_2_16,TCDB,TCDB.9_B_29_2_16_comp1
G_9_B_295_1_4_comp1,P_9_B_295_1_4_comp1,R_9_B_295_1_4,TCDB,TCDB.9_B_295_1_4_comp1
G_9_B_320_1_4_comp1,P_9_B_320_1_4_comp1,R_9_B_320_1_4,TCDB,TCDB.9_B_320_1_4_comp1
G_9_B_348_1_1_comp1,P_9_B_348_1_1_comp1,R_9_B_348_1_1,TCDB,TCDB.9_B_348_1_1_comp1
G_9_B_294_1_5_comp1,P_9_B_294_1_5_comp1,R_9_B_294_1_5,TCDB,TCDB.9_B_294_1_5_comp1
G_2_A_1_89_1_comp1,P_2_A_1_89_1_comp1,R_2_A_1_89_1,TCDB,TCDB.2_A_1_89_1_comp1
G_9_B_346_1_1_comp1,P_9_B_346_1_1_comp1,R_9_B_346_1_1,TCDB,TCDB.9_B_346_1_1_comp1
G_9_B_344_1_1_comp1,P_9_B_344_1_1_comp1,R_9_B_344_1_1,TCDB,TCDB.9_B_344_1_1_comp1
G_9_B_320_1_6_comp1,P_9_B_320_1_6_comp1,R_9_B_320_1_6,TCDB,TCDB.9_B_320_1_6_comp1
G_2_A_1_89_2_comp1,P_2_A_1_89_2_comp1,R_2_A_1_89_2,TCDB,TCDB.2_A_1_89_2_comp1
G_9_B_349_2_1_comp1,P_9_B_349_2_1_comp1,R_9_B_349_2_1,TCDB,TCDB.9_B_349_2_1_comp1
G_3_A_1_122_24_comp1,P_3_A_1_122_24_comp1+3_A_1_122_24_comp2,R_3_A_1_122_24,TCDB,TCDB.3_A_1_122_24_comp1
G_3_A_1_122_24_comp2,P_3_A_1_122_24_comp1+3_A_1_122_24_comp2,R_3_A_1_122_24,TCDB,TCDB.3_A_1_122_24_comp2
G_4_D_1_1_15_comp1,P_4_D_1_1_15_comp1,R_4_D_1_1_15,TCDB,TCDB.4_D_1_1_15_comp1
G_3_D_9_1_2_comp1,P_3_D_9_1_2_comp1+3_D_9_1_2_comp2+3_D_9_1_2_comp3+3_D_9_1_2_comp4+3_D_9_1_2_comp5+3_D_9_1_2_comp6+3_D_9_1_2_comp7+3_D_9_1_2_comp8+3_D_9_1_2_comp9+3_D_9_1_2_comp10+3_D_9_1_2_comp11,R_3_D_9_1_2,TCDB,TCDB.3_D_9_1_2_comp1
G_3_D_9_1_2_comp2,P_3_D_9_1_2_comp1+3_D_9_1_2_comp2+3_D_9_1_2_comp3+3_D_9_1_2_comp4+3_D_9_1_2_comp5+3_D_9_1_2_comp6+3_D_9_1_2_comp7+3_D_9_1_2_comp8+3_D_9_1_2_comp9+3_D_9_1_2_comp10+3_D_9_1_2_comp11,R_3_D_9_1_2,TCDB,TCDB.3_D_9_1_2_comp2
G_3_D_9_1_2_comp3,P_3_D_9_1_2_comp1+3_D_9_1_2_comp2+3_D_9_1_2_comp3+3_D_9_1_2_comp4+3_D_9_1_2_comp5+3_D_9_1_2_comp6+3_D_9_1_2_comp7+3_D_9_1_2_comp8+3_D_9_1_2_comp9+3_D_9_1_2_comp10+3_D_9_1_2_comp11,R_3_D_9_1_2,TCDB,TCDB.3_D_9_1_2_comp3
G_3_D_9_1_2_comp4,P_3_D_9_1_2_comp1+3_D_9_1_2_comp2+3_D_9_1_2_comp3+3_D_9_1_2_comp4+3_D_9_1_2_comp5+3_D_9_1_2_comp6+3_D_9_1_2_comp7+3_D_9_1_2_comp8+3_D_9_1_2_comp9+3_D_9_1_2_comp10+3_D_9_1_2_comp11,R_3_D_9_1_2,TCDB,TCDB.3_D_9_1_2_comp4
G_3_D_9_1_2_comp5,P_3_D_9_1_2_comp1+3_D_9_1_2_comp2+3_D_9_1_2_comp3+3_D_9_1_2_comp4+3_D_9_1_2_comp5+3_D_9_1_2_comp6+3_D_9_1_2_comp7+3_D_9_1_2_comp8+3_D_9_1_2_comp9+3_D_9_1_2_comp10+3_D_9_1_2_comp11,R_3_D_9_1_2,TCDB,TCDB.3_D_9_1_2_comp5
G_3_D_9_1_2_comp6,P_3_D_9_1_2_comp1+3_D_9_1_2_comp2+3_D_9_1_2_comp3+3_D_9_1_2_comp4+3_D_9_1_2_comp5+3_D_9_1_2_comp6+3_D_9_1_2_comp7+3_D_9_1_2_comp8+3_D_9_1_2_comp9+3_D_9_1_2_comp10+3_D_9_1_2_comp11,R_3_D_9_1_2,TCDB,TCDB.3_D_9_1_2_comp6
G_3_D_9_1_2_comp7,P_3_D_9_1_2_comp1+3_D_9_1_2_comp2+3_D_9_1_2_comp3+3_D_9_1_2_comp4+3_D_9_1_2_comp5+3_D_9_1_2_comp6+3_D_9_1_2_comp7+3_D_9_1_2_comp8+3_D_9_1_2_comp9+3_D_9_1_2_comp10+3_D_9_1_2_comp11,R_3_D_9_1_2,TCDB,TCDB.3_D_9_1_2_comp7
G_3_D_9_1_2_comp8,P_3_D_9_1_2_comp1+3_D_9_1_2_comp2+3_D_9_1_2_comp3+3_D_9_1_2_comp4+3_D_9_1_2_comp5+3_D_9_1_2_comp6+3_D_9_1_2_comp7+3_D_9_1_2_comp8+3_D_9_1_2_comp9+3_D_9_1_2_comp10+3_D_9_1_2_comp11,R_3_D_9_1_2,TCDB,TCDB.3_D_9_1_2_comp8
G_3_D_9_1_2_comp9,P_3_D_9_1_2_comp1+3_D_9_1_2_comp2+3_D_9_1_2_comp3+3_D_9_1_2_comp4+3_D_9_1_2_comp5+3_D_9_1_2_comp6+3_D_9_1_2_comp7+3_D_9_1_2_comp8+3_D_9_1_2_comp9+3_D_9_1_2_comp10+3_D_9_1_2_comp11,R_3_D_9_1_2,TCDB,TCDB.3_D_9_1_2_comp9
G_3_D_9_1_2_comp10,P_3_D_9_1_2_comp1+3_D_9_1_2_comp2+3_D_9_1_2_comp3+3_D_9_1_2_comp4+3_D_9_1_2_comp5+3_D_9_1_2_comp6+3_D_9_1_2_comp7+3_D_9_1_2_comp8+3_D_9_1_2_comp9+3_D_9_1_2_comp10+3_D_9_1_2_comp11,R_3_D_9_1_2,TCDB,TCDB.3_D_9_1_2_comp10
G_3_D_9_1_2_comp11,P_3_D_9_1_2_comp1+3_D_9_1_2_comp2+3_D_9_1_2_comp3+3_D_9_1_2_comp4+3_D_9_1_2_comp5+3_D_9_1_2_comp6+3_D_9_1_2_comp7+3_D_9_1_2_comp8+3_D_9_1_2_comp9+3_D_9_1_2_comp10+3_D_9_1_2_comp11,R_3_D_9_1_2,TCDB,TCDB.3_D_9_1_2_comp11
G_9_B_289_1_3_comp1,P_9_B_289_1_3_comp1,R_9_B_289_1_3,TCDB,TCDB.9_B_289_1_3_comp1
G_9_B_303_1_4_comp1,P_9_B_303_1_4_comp1,R_9_B_303_1_4,TCDB,TCDB.9_B_303_1_4_comp1
G_2_A_89_1_12_comp1,P_2_A_89_1_12_comp1,R_2_A_89_1_12,TCDB,TCDB.2_A_89_1_12_comp1
G_9_B_402_1_3_comp1,P_9_B_402_1_3_comp1,R_9_B_402_1_3,TCDB,TCDB.9_B_402_1_3_comp1
G_3_A_1_207_5_comp1,P_3_A_1_207_5_comp1+3_A_1_207_5_comp2,R_3_A_1_207_5,TCDB,TCDB.3_A_1_207_5_comp1
G_3_A_1_207_5_comp2,P_3_A_1_207_5_comp1+3_A_1_207_5_comp2,R_3_A_1_207_5,TCDB,TCDB.3_A_1_207_5_comp2
G_9_B_343_1_2_comp1,P_9_B_343_1_2_comp1,R_9_B_343_1_2,TCDB,TCDB.9_B_343_1_2_comp1
G_9_A_8_1_17_comp1,P_9_A_8_1_17_comp1+9_A_8_1_17_comp2,R_9_A_8_1_17,TCDB,TCDB.9_A_8_1_17_comp1
G_9_A_8_1_17_comp2,P_9_A_8_1_17_comp1+9_A_8_1_17_comp2,R_9_A_8_1_17,TCDB,TCDB.9_A_8_1_17_comp2
G_3_A_1_19_6_comp1,P_3_A_1_19_6_comp1+3_A_1_19_6_comp2+3_A_1_19_6_comp3+3_A_1_19_6_comp4,R_3_A_1_19_6,TCDB,TCDB.3_A_1_19_6_comp1
G_3_A_1_19_6_comp2,P_3_A_1_19_6_comp1+3_A_1_19_6_comp2+3_A_1_19_6_comp3+3_A_1_19_6_comp4,R_3_A_1_19_6,TCDB,TCDB.3_A_1_19_6_comp2
G_3_A_1_19_6_comp3,P_3_A_1_19_6_comp1+3_A_1_19_6_comp2+3_A_1_19_6_comp3+3_A_1_19_6_comp4,R_3_A_1_19_6,TCDB,TCDB.3_A_1_19_6_comp3
G_3_A_1_19_6_comp4,P_3_A_1_19_6_comp1+3_A_1_19_6_comp2+3_A_1_19_6_comp3+3_A_1_19_6_comp4,R_3_A_1_19_6,TCDB,TCDB.3_A_1_19_6_comp4
G_3_A_1_1_54_comp1,P_3_A_1_1_54_comp1+3_A_1_1_54_comp2+3_A_1_1_54_comp3+3_A_1_1_54_comp4,R_3_A_1_1_54,TCDB,TCDB.3_A_1_1_54_comp1
G_3_A_1_1_54_comp2,P_3_A_1_1_54_comp1+3_A_1_1_54_comp2+3_A_1_1_54_comp3+3_A_1_1_54_comp4,R_3_A_1_1_54,TCDB,TCDB.3_A_1_1_54_comp2
G_3_A_1_1_54_comp3,P_3_A_1_1_54_comp1+3_A_1_1_54_comp2+3_A_1_1_54_comp3+3_A_1_1_54_comp4,R_3_A_1_1_54,TCDB,TCDB.3_A_1_1_54_comp3
G_3_A_1_1_54_comp4,P_3_A_1_1_54_comp1+3_A_1_1_54_comp2+3_A_1_1_54_comp3+3_A_1_1_54_comp4,R_3_A_1_1_54,TCDB,TCDB.3_A_1_1_54_comp4
G_3_A_1_122_31_comp1,P_3_A_1_122_31_comp1+3_A_1_122_31_comp2+3_A_1_122_31_comp3,R_3_A_1_122_31,TCDB,TCDB.3_A_1_122_31_comp1
G_3_A_1_122_31_comp2,P_3_A_1_122_31_comp1+3_A_1_122_31_comp2+3_A_1_122_31_comp3,R_3_A_1_122_31,TCDB,TCDB.3_A_1_122_31_comp2
G_3_A_1_122_31_comp3,P_3_A_1_122_31_comp1+3_A_1_122_31_comp2+3_A_1_122_31_comp3,R_3_A_1_122_31,TCDB,TCDB.3_A_1_122_31_comp3
G_9_B_293_1_2_comp1,P_9_B_293_1_2_comp1,R_9_B_293_1_2,TCDB,TCDB.9_B_293_1_2_comp1
G_1_A_141_1_5_comp1,P_1_A_141_1_5_comp1,R_1_A_141_1_5,TCDB,TCDB.1_A_141_1_5_comp1
G_3_A_1_5_46_comp1,P_3_A_1_5_46_comp1+3_A_1_5_46_comp2+3_A_1_5_46_comp3+3_A_1_5_46_comp4+3_A_1_5_46_comp5+3_A_1_5_46_comp6,R_3_A_1_5_46,TCDB,TCDB.3_A_1_5_46_comp1
G_3_A_1_5_46_comp2,P_3_A_1_5_46_comp1+3_A_1_5_46_comp2+3_A_1_5_46_comp3+3_A_1_5_46_comp4+3_A_1_5_46_comp5+3_A_1_5_46_comp6,R_3_A_1_5_46,TCDB,TCDB.3_A_1_5_46_comp2
G_3_A_1_5_46_comp3,P_3_A_1_5_46_comp1+3_A_1_5_46_comp2+3_A_1_5_46_comp3+3_A_1_5_46_comp4+3_A_1_5_46_comp5+3_A_1_5_46_comp6,R_3_A_1_5_46,TCDB,TCDB.3_A_1_5_46_comp3
G_3_A_1_5_46_comp4,P_3_A_1_5_46_comp1+3_A_1_5_46_comp2+3_A_1_5_46_comp3+3_A_1_5_46_comp4+3_A_1_5_46_comp5+3_A_1_5_46_comp6,R_3_A_1_5_46,TCDB,TCDB.3_A_1_5_46_comp4
G_3_A_1_5_46_comp5,P_3_A_1_5_46_comp1+3_A_1_5_46_comp2+3_A_1_5_46_comp3+3_A_1_5_46_comp4+3_A_1_5_46_comp5+3_A_1_5_46_comp6,R_3_A_1_5_46,TCDB,TCDB.3_A_1_5_46_comp5
G_3_A_1_5_46_comp6,P_3_A_1_5_46_comp1+3_A_1_5_46_comp2+3_A_1_5_46_comp3+3_A_1_5_46_comp4+3_A_1_5_46_comp5+3_A_1_5_46_comp6,R_3_A_1_5_46,TCDB,TCDB.3_A_1_5_46_comp6
G_3_A_1_122_26_comp1,P_3_A_1_122_26_comp1+3_A_1_122_26_comp2,R_3_A_1_122_26,TCDB,TCDB.3_A_1_122_26_comp1
G_3_A_1_122_26_comp2,P_3_A_1_122_26_comp1+3_A_1_122_26_comp2,R_3_A_1_122_26,TCDB,TCDB.3_A_1_122_26_comp2
G_3_A_1_157_2_comp1,P_3_A_1_157_2_comp1+3_A_1_157_2_comp2+3_A_1_157_2_comp3+3_A_1_157_2_comp4,R_3_A_1_157_2,TCDB,TCDB.3_A_1_157_2_comp1
G_3_A_1_157_2_comp2,P_3_A_1_157_2_comp1+3_A_1_157_2_comp2+3_A_1_157_2_comp3+3_A_1_157_2_comp4,R_3_A_1_157_2,TCDB,TCDB.3_A_1_157_2_comp2
G_3_A_1_157_2_comp3,P_3_A_1_157_2_comp1+3_A_1_157_2_comp2+3_A_1_157_2_comp3+3_A_1_157_2_comp4,R_3_A_1_157_2,TCDB,TCDB.3_A_1_157_2_comp3
G_3_A_1_157_2_comp4,P_3_A_1_157_2_comp1+3_A_1_157_2_comp2+3_A_1_157_2_comp3+3_A_1_157_2_comp4,R_3_A_1_157_2,TCDB,TCDB.3_A_1_157_2_comp4
G_9_B_142_4_15_comp1,P_9_B_142_4_15_comp1,R_9_B_142_4_15,TCDB,TCDB.9_B_142_4_15_comp1
G_9_B_142_4_16_comp1,P_9_B_142_4_16_comp1,R_9_B_142_4_16,TCDB,TCDB.9_B_142_4_16_comp1
G_9_B_2_1_27_comp1,P_9_B_2_1_27_comp1,R_9_B_2_1_27,TCDB,TCDB.9_B_2_1_27_comp1
G_2_A_129_2_2_comp1,P_2_A_129_2_2_comp1,R_2_A_129_2_2,TCDB,TCDB.2_A_129_2_2_comp1
G_9_B_337_1_1_comp1,P_9_B_337_1_1_comp1,R_9_B_337_1_1,TCDB,TCDB.9_B_337_1_1_comp1
G_3_A_1_2_30_comp1,P_3_A_1_2_30_comp1+3_A_1_2_30_comp2+3_A_1_2_30_comp3,R_3_A_1_2_30,TCDB,TCDB.3_A_1_2_30_comp1
G_3_A_1_2_30_comp2,P_3_A_1_2_30_comp1+3_A_1_2_30_comp2+3_A_1_2_30_comp3,R_3_A_1_2_30,TCDB,TCDB.3_A_1_2_30_comp2
G_3_A_1_2_30_comp3,P_3_A_1_2_30_comp1+3_A_1_2_30_comp2+3_A_1_2_30_comp3,R_3_A_1_2_30,TCDB,TCDB.3_A_1_2_30_comp3
G_3_A_1_4_13_comp1,P_3_A_1_4_13_comp1+3_A_1_4_13_comp2+3_A_1_4_13_comp3+3_A_1_4_13_comp4+3_A_1_4_13_comp5,R_3_A_1_4_13,TCDB,TCDB.3_A_1_4_13_comp1
G_3_A_1_4_13_comp2,P_3_A_1_4_13_comp1+3_A_1_4_13_comp2+3_A_1_4_13_comp3+3_A_1_4_13_comp4+3_A_1_4_13_comp5,R_3_A_1_4_13,TCDB,TCDB.3_A_1_4_13_comp2
G_3_A_1_4_13_comp3,P_3_A_1_4_13_comp1+3_A_1_4_13_comp2+3_A_1_4_13_comp3+3_A_1_4_13_comp4+3_A_1_4_13_comp5,R_3_A_1_4_13,TCDB,TCDB.3_A_1_4_13_comp3
G_3_A_1_4_13_comp4,P_3_A_1_4_13_comp1+3_A_1_4_13_comp2+3_A_1_4_13_comp3+3_A_1_4_13_comp4+3_A_1_4_13_comp5,R_3_A_1_4_13,TCDB,TCDB.3_A_1_4_13_comp4
G_3_A_1_4_13_comp5,P_3_A_1_4_13_comp1+3_A_1_4_13_comp2+3_A_1_4_13_comp3+3_A_1_4_13_comp4+3_A_1_4_13_comp5,R_3_A_1_4_13,TCDB,TCDB.3_A_1_4_13_comp5
G_3_A_1_3_30_comp1,P_3_A_1_3_30_comp1+3_A_1_3_30_comp2+3_A_1_3_30_comp3,R_3_A_1_3_30,TCDB,TCDB.3_A_1_3_30_comp1
G_3_A_1_3_30_comp2,P_3_A_1_3_30_comp1+3_A_1_3_30_comp2+3_A_1_3_30_comp3,R_3_A_1_3_30,TCDB,TCDB.3_A_1_3_30_comp2
G_3_A_1_3_30_comp3,P_3_A_1_3_30_comp1+3_A_1_3_30_comp2+3_A_1_3_30_comp3,R_3_A_1_3_30,TCDB,TCDB.3_A_1_3_30_comp3
G_3_A_5_9_3_comp1,P_3_A_5_9_3_comp1,R_3_A_5_9_3,TCDB,TCDB.3_A_5_9_3_comp1
G_3_A_1_125_6_comp1,P_3_A_1_125_6_comp1+3_A_1_125_6_comp2+3_A_1_125_6_comp3,R_3_A_1_125_6,TCDB,TCDB.3_A_1_125_6_comp1
G_3_A_1_125_6_comp2,P_3_A_1_125_6_comp1+3_A_1_125_6_comp2+3_A_1_125_6_comp3,R_3_A_1_125_6,TCDB,TCDB.3_A_1_125_6_comp2
G_3_A_1_125_6_comp3,P_3_A_1_125_6_comp1+3_A_1_125_6_comp2+3_A_1_125_6_comp3,R_3_A_1_125_6,TCDB,TCDB.3_A_1_125_6_comp3
G_3_A_1_146_3_comp1,P_3_A_1_146_3_comp1+3_A_1_146_3_comp2+3_A_1_146_3_comp3+3_A_1_146_3_comp4,R_3_A_1_146_3,TCDB,TCDB.3_A_1_146_3_comp1
G_3_A_1_146_3_comp2,P_3_A_1_146_3_comp1+3_A_1_146_3_comp2+3_A_1_146_3_comp3+3_A_1_146_3_comp4,R_3_A_1_146_3,TCDB,TCDB.3_A_1_146_3_comp2
G_3_A_1_146_3_comp3,P_3_A_1_146_3_comp1+3_A_1_146_3_comp2+3_A_1_146_3_comp3+3_A_1_146_3_comp4,R_3_A_1_146_3,TCDB,TCDB.3_A_1_146_3_comp3
G_3_A_1_146_3_comp4,P_3_A_1_146_3_comp1+3_A_1_146_3_comp2+3_A_1_146_3_comp3+3_A_1_146_3_comp4,R_3_A_1_146_3,TCDB,TCDB.3_A_1_146_3_comp4
G_9_B_115_1_7_comp1,P_9_B_115_1_7_comp1,R_9_B_115_1_7,TCDB,TCDB.9_B_115_1_7_comp1
G_9_B_298_1_3_comp1,P_9_B_298_1_3_comp1,R_9_B_298_1_3,TCDB,TCDB.9_B_298_1_3_comp1
G_3_A_1_134_13_comp1,P_3_A_1_134_13_comp1+3_A_1_134_13_comp2+3_A_1_134_13_comp3,R_3_A_1_134_13,TCDB,TCDB.3_A_1_134_13_comp1
G_3_A_1_134_13_comp2,P_3_A_1_134_13_comp1+3_A_1_134_13_comp2+3_A_1_134_13_comp3,R_3_A_1_134_13,TCDB,TCDB.3_A_1_134_13_comp2
G_3_A_1_134_13_comp3,P_3_A_1_134_13_comp1+3_A_1_134_13_comp2+3_A_1_134_13_comp3,R_3_A_1_134_13,TCDB,TCDB.3_A_1_134_13_comp3
G_3_A_1_134_14_comp1,P_3_A_1_134_14_comp1+3_A_1_134_14_comp2,R_3_A_1_134_14,TCDB,TCDB.3_A_1_134_14_comp1
G_3_A_1_134_14_comp2,P_3_A_1_134_14_comp1+3_A_1_134_14_comp2,R_3_A_1_134_14,TCDB,TCDB.3_A_1_134_14_comp2
G_3_A_1_157_1_comp1,P_3_A_1_157_1_comp1+3_A_1_157_1_comp2+3_A_1_157_1_comp3+3_A_1_157_1_comp4,R_3_A_1_157_1,TCDB,TCDB.3_A_1_157_1_comp1
G_3_A_1_157_1_comp2,P_3_A_1_157_1_comp1+3_A_1_157_1_comp2+3_A_1_157_1_comp3+3_A_1_157_1_comp4,R_3_A_1_157_1,TCDB,TCDB.3_A_1_157_1_comp2
G_3_A_1_157_1_comp3,P_3_A_1_157_1_comp1+3_A_1_157_1_comp2+3_A_1_157_1_comp3+3_A_1_157_1_comp4,R_3_A_1_157_1,TCDB,TCDB.3_A_1_157_1_comp3
G_3_A_1_157_1_comp4,P_3_A_1_157_1_comp1+3_A_1_157_1_comp2+3_A_1_157_1_comp3+3_A_1_157_1_comp4,R_3_A_1_157_1,TCDB,TCDB.3_A_1_157_1_comp4
G_3_A_1_157_3_comp1,P_3_A_1_157_3_comp1+3_A_1_157_3_comp2,R_3_A_1_157_3,TCDB,TCDB.3_A_1_157_3_comp1
G_3_A_1_157_3_comp2,P_3_A_1_157_3_comp1+3_A_1_157_3_comp2,R_3_A_1_157_3,TCDB,TCDB.3_A_1_157_3_comp2
G_2_A_2_3_13_comp1,P_2_A_2_3_13_comp1,R_2_A_2_3_13,TCDB,TCDB.2_A_2_3_13_comp1
G_9_B_2_1_26_comp1,P_9_B_2_1_26_comp1,R_9_B_2_1_26,TCDB,TCDB.9_B_2_1_26_comp1
G_9_B_349_1_1_comp1,P_9_B_349_1_1_comp1,R_9_B_349_1_1,TCDB,TCDB.9_B_349_1_1_comp1
G_9_B_349_1_3_comp1,P_9_B_349_1_3_comp1,R_9_B_349_1_3,TCDB,TCDB.9_B_349_1_3_comp1
G_8_A_21_2_5_comp1,P_8_A_21_2_5_comp1+8_A_21_2_5_comp2,R_8_A_21_2_5,TCDB,TCDB.8_A_21_2_5_comp1
G_8_A_21_2_5_comp2,P_8_A_21_2_5_comp1+8_A_21_2_5_comp2,R_8_A_21_2_5,TCDB,TCDB.8_A_21_2_5_comp2
G_9_B_115_1_8_comp1,P_9_B_115_1_8_comp1,R_9_B_115_1_8,TCDB,TCDB.9_B_115_1_8_comp1
G_9_B_169_5_3_comp1,P_9_B_169_5_3_comp1,R_9_B_169_5_3,TCDB,TCDB.9_B_169_5_3_comp1
G_9_B_115_1_9_comp1,P_9_B_115_1_9_comp1,R_9_B_115_1_9,TCDB,TCDB.9_B_115_1_9_comp1
G_8_A_59_1_3_comp1,P_8_A_59_1_3_comp1,R_8_A_59_1_3,TCDB,TCDB.8_A_59_1_3_comp1
G_3_D_7_1_5_comp1,P_3_D_7_1_5_comp1+3_D_7_1_5_comp2+3_D_7_1_5_comp3+3_D_7_1_5_comp4+3_D_7_1_5_comp5+3_D_7_1_5_comp6,R_3_D_7_1_5,TCDB,TCDB.3_D_7_1_5_comp1
G_3_D_7_1_5_comp2,P_3_D_7_1_5_comp1+3_D_7_1_5_comp2+3_D_7_1_5_comp3+3_D_7_1_5_comp4+3_D_7_1_5_comp5+3_D_7_1_5_comp6,R_3_D_7_1_5,TCDB,TCDB.3_D_7_1_5_comp2
G_3_D_7_1_5_comp3,P_3_D_7_1_5_comp1+3_D_7_1_5_comp2+3_D_7_1_5_comp3+3_D_7_1_5_comp4+3_D_7_1_5_comp5+3_D_7_1_5_comp6,R_3_D_7_1_5,TCDB,TCDB.3_D_7_1_5_comp3
G_3_D_7_1_5_comp4,P_3_D_7_1_5_comp1+3_D_7_1_5_comp2+3_D_7_1_5_comp3+3_D_7_1_5_comp4+3_D_7_1_5_comp5+3_D_7_1_5_comp6,R_3_D_7_1_5,TCDB,TCDB.3_D_7_1_5_comp4
G_3_D_7_1_5_comp5,P_3_D_7_1_5_comp1+3_D_7_1_5_comp2+3_D_7_1_5_comp3+3_D_7_1_5_comp4+3_D_7_1_5_comp5+3_D_7_1_5_comp6,R_3_D_7_1_5,TCDB,TCDB.3_D_7_1_5_comp5
G_3_D_7_1_5_comp6,P_3_D_7_1_5_comp1+3_D_7_1_5_comp2+3_D_7_1_5_comp3+3_D_7_1_5_comp4+3_D_7_1_5_comp5+3_D_7_1_5_comp6,R_3_D_7_1_5,TCDB,TCDB.3_D_7_1_5_comp6
G_2_A_89_1_11_comp1,P_2_A_89_1_11_comp1,R_2_A_89_1_11,TCDB,TCDB.2_A_89_1_11_comp1
G_9_B_154_1_7_comp1,P_9_B_154_1_7_comp1,R_9_B_154_1_7,TCDB,TCDB.9_B_154_1_7_comp1
G_9_B_131_1_4_comp1,P_9_B_131_1_4_comp1,R_9_B_131_1_4,TCDB,TCDB.9_B_131_1_4_comp1
G_2_A_1_31_7_comp1,P_2_A_1_31_7_comp1,R_2_A_1_31_7,TCDB,TCDB.2_A_1_31_7_comp1
G_9_B_320_1_1_comp1,P_9_B_320_1_1_comp1,R_9_B_320_1_1,TCDB,TCDB.9_B_320_1_1_comp1
G_9_B_303_1_3_comp1,P_9_B_303_1_3_comp1,R_9_B_303_1_3,TCDB,TCDB.9_B_303_1_3_comp1
G_1_B_6_11_2_comp1,P_1_B_6_11_2_comp1,R_1_B_6_11_2,TCDB,TCDB.1_B_6_11_2_comp1
G_1_A_75_1_16_comp1,P_1_A_75_1_16_comp1,R_1_A_75_1_16,TCDB,TCDB.1_A_75_1_16_comp1
G_8_A_188_1_10_comp1,P_8_A_188_1_10_comp1,R_8_A_188_1_10,TCDB,TCDB.8_A_188_1_10_comp1
G_8_A_40_3_3_comp1,P_8_A_40_3_3_comp1,R_8_A_40_3_3,TCDB,TCDB.8_A_40_3_3_comp1
G_9_B_244_1_8_comp1,P_9_B_244_1_8_comp1,R_9_B_244_1_8,TCDB,TCDB.9_B_244_1_8_comp1
G_9_A_72_1_2_comp1,P_9_A_72_1_2_comp1,R_9_A_72_1_2,TCDB,TCDB.9_A_72_1_2_comp1
G_9_B_204_1_3_comp1,P_9_B_204_1_3_comp1,R_9_B_204_1_3,TCDB,TCDB.9_B_204_1_3_comp1
G_8_A_115_1_3_comp1,P_8_A_115_1_3_comp1,R_8_A_115_1_3,TCDB,TCDB.8_A_115_1_3_comp1
G_9_B_361_4_3_comp1,P_9_B_361_4_3_comp1,R_9_B_361_4_3,TCDB,TCDB.9_B_361_4_3_comp1
G_9_B_347_5_6_comp1,P_9_B_347_5_6_comp1,R_9_B_347_5_6,TCDB,TCDB.9_B_347_5_6_comp1
G_9_B_136_3_3_comp1,P_9_B_136_3_3_comp1,R_9_B_136_3_3,TCDB,TCDB.9_B_136_3_3_comp1
G_9_B_331_1_5_comp1,P_9_B_331_1_5_comp1,R_9_B_331_1_5,TCDB,TCDB.9_B_331_1_5_comp1
G_2_A_89_1_7_comp1,P_2_A_89_1_7_comp1,R_2_A_89_1_7,TCDB,TCDB.2_A_89_1_7_comp1
G_9_B_344_2_1_comp1,P_9_B_344_2_1_comp1,R_9_B_344_2_1,TCDB,TCDB.9_B_344_2_1_comp1
G_9_B_33_1_6_comp1,P_9_B_33_1_6_comp1,R_9_B_33_1_6,TCDB,TCDB.9_B_33_1_6_comp1
G_9_B_405_2_3_comp1,P_9_B_405_2_3_comp1,R_9_B_405_2_3,TCDB,TCDB.9_B_405_2_3_comp1
G_2_A_129_1_9_comp1,P_2_A_129_1_9_comp1,R_2_A_129_1_9,TCDB,TCDB.2_A_129_1_9_comp1
G_8_A_111_1_6_comp1,P_8_A_111_1_6_comp1,R_8_A_111_1_6,TCDB,TCDB.8_A_111_1_6_comp1
G_8_A_115_2_1_comp1,P_8_A_115_2_1_comp1,R_8_A_115_2_1,TCDB,TCDB.8_A_115_2_1_comp1
G_1_C_10_2_2_comp1,P_1_C_10_2_2_comp1,R_1_C_10_2_2,TCDB,TCDB.1_C_10_2_2_comp1
G_9_B_366_1_3_comp1,P_9_B_366_1_3_comp1,R_9_B_366_1_3,TCDB,TCDB.9_B_366_1_3_comp1
G_3_A_1_210_13_comp1,P_3_A_1_210_13_comp1,R_3_A_1_210_13,TCDB,TCDB.3_A_1_210_13_comp1
G_8_A_141_1_4_comp1,P_8_A_141_1_4_comp1,R_8_A_141_1_4,TCDB,TCDB.8_A_141_1_4_comp1
G_9_B_169_3_2_comp1,P_9_B_169_3_2_comp1,R_9_B_169_3_2,TCDB,TCDB.9_B_169_3_2_comp1
G_1_A_113_5_4_comp1,P_1_A_113_5_4_comp1,R_1_A_113_5_4,TCDB,TCDB.1_A_113_5_4_comp1
G_9_B_306_1_1_comp1,P_9_B_306_1_1_comp1,R_9_B_306_1_1,TCDB,TCDB.9_B_306_1_1_comp1
G_9_B_36_6_4_comp1,P_9_B_36_6_4_comp1,R_9_B_36_6_4,TCDB,TCDB.9_B_36_6_4_comp1
G_8_A_120_1_3_comp1,P_8_A_120_1_3_comp1,R_8_A_120_1_3,TCDB,TCDB.8_A_120_1_3_comp1
G_9_B_36_14_4_comp1,P_9_B_36_14_4_comp1,R_9_B_36_14_4,TCDB,TCDB.9_B_36_14_4_comp1
G_3_A_1_207_11_comp1,P_3_A_1_207_11_comp1,R_3_A_1_207_11,TCDB,TCDB.3_A_1_207_11_comp1
G_9_B_77_1_5_comp1,P_9_B_77_1_5_comp1,R_9_B_77_1_5,TCDB,TCDB.9_B_77_1_5_comp1
G_2_A_121_2_9_comp1,P_2_A_121_2_9_comp1,R_2_A_121_2_9,TCDB,TCDB.2_A_121_2_9_comp1
G_8_A_134_1_6_comp1,P_8_A_134_1_6_comp1,R_8_A_134_1_6,TCDB,TCDB.8_A_134_1_6_comp1
G_1_A_7_2_7_comp1,P_1_A_7_2_7_comp1,R_1_A_7_2_7,TCDB,TCDB.1_A_7_2_7_comp1
G_9_B_313_1_9_comp1,P_9_B_313_1_9_comp1,R_9_B_313_1_9,TCDB,TCDB.9_B_313_1_9_comp1
G_8_A_128_3_6_comp1,P_8_A_128_3_6_comp1,R_8_A_128_3_6,TCDB,TCDB.8_A_128_3_6_comp1
G_9_B_311_1_32_comp1,P_9_B_311_1_32_comp1,R_9_B_311_1_32,TCDB,TCDB.9_B_311_1_32_comp1
G_9_B_313_1_1_comp1,P_9_B_313_1_1_comp1,R_9_B_313_1_1,TCDB,TCDB.9_B_313_1_1_comp1
G_9_B_367_1_3_comp1,P_9_B_367_1_3_comp1,R_9_B_367_1_3,TCDB,TCDB.9_B_367_1_3_comp1
G_9_B_286_1_5_comp1,P_9_B_286_1_5_comp1,R_9_B_286_1_5,TCDB,TCDB.9_B_286_1_5_comp1
G_9_B_219_3_4_comp1,P_9_B_219_3_4_comp1,R_9_B_219_3_4,TCDB,TCDB.9_B_219_3_4_comp1
G_8_A_178_1_5_comp1,P_8_A_178_1_5_comp1,R_8_A_178_1_5,TCDB,TCDB.8_A_178_1_5_comp1
G_8_A_1_3_6_comp1,P_8_A_1_3_6_comp1,R_8_A_1_3_6,TCDB,TCDB.8_A_1_3_6_comp1
G_8_A_85_1_7_comp1,P_8_A_85_1_7_comp1,R_8_A_85_1_7,TCDB,TCDB.8_A_85_1_7_comp1
G_2_A_135_1_3_comp1,P_2_A_135_1_3_comp1,R_2_A_135_1_3,TCDB,TCDB.2_A_135_1_3_comp1
G_9_B_431_1_3_comp1,P_9_B_431_1_3_comp1,R_9_B_431_1_3,TCDB,TCDB.9_B_431_1_3_comp1
G_9_B_117_3_3_comp1,P_9_B_117_3_3_comp1,R_9_B_117_3_3,TCDB,TCDB.9_B_117_3_3_comp1
G_8_A_188_1_6_comp1,P_8_A_188_1_6_comp1,R_8_A_188_1_6,TCDB,TCDB.8_A_188_1_6_comp1
G_1_H_3_2_3_comp1,P_1_H_3_2_3_comp1,R_1_H_3_2_3,TCDB,TCDB.1_H_3_2_3_comp1
G_1_E_43_2_9_comp1,P_1_E_43_2_9_comp1,R_1_E_43_2_9,TCDB,TCDB.1_E_43_2_9_comp1
G_8_A_115_4_1_comp1,P_8_A_115_4_1_comp1,R_8_A_115_4_1,TCDB,TCDB.8_A_115_4_1_comp1
G_5_B_1_3_3_comp1,P_5_B_1_3_3_comp1,R_5_B_1_3_3,TCDB,TCDB.5_B_1_3_3_comp1
G_8_A_153_1_3_comp1,P_8_A_153_1_3_comp1,R_8_A_153_1_3,TCDB,TCDB.8_A_153_1_3_comp1
G_8_A_112_3_2_comp1,P_8_A_112_3_2_comp1,R_8_A_112_3_2,TCDB,TCDB.8_A_112_3_2_comp1
G_9_B_115_4_2_comp1,P_9_B_115_4_2_comp1,R_9_B_115_4_2,TCDB,TCDB.9_B_115_4_2_comp1
G_2_A_1_3_79_comp1,P_2_A_1_3_79_comp1,R_2_A_1_3_79,TCDB,TCDB.2_A_1_3_79_comp1
G_8_A_142_1_5_comp1,P_8_A_142_1_5_comp1+8_A_142_1_5_comp2,R_8_A_142_1_5,TCDB,TCDB.8_A_142_1_5_comp1
G_8_A_142_1_5_comp2,P_8_A_142_1_5_comp1+8_A_142_1_5_comp2,R_8_A_142_1_5,TCDB,TCDB.8_A_142_1_5_comp2
G_1_A_113_3_8_comp1,P_1_A_113_3_8_comp1,R_1_A_113_3_8,TCDB,TCDB.1_A_113_3_8_comp1
G_8_A_23_2_5_comp1,P_8_A_23_2_5_comp1,R_8_A_23_2_5,TCDB,TCDB.8_A_23_2_5_comp1
G_2_A_57_3_3_comp1,P_2_A_57_3_3_comp1,R_2_A_57_3_3,TCDB,TCDB.2_A_57_3_3_comp1
G_9_B_288_1_2_comp1,P_9_B_288_1_2_comp1,R_9_B_288_1_2,TCDB,TCDB.9_B_288_1_2_comp1
G_9_B_333_1_1_comp1,P_9_B_333_1_1_comp1,R_9_B_333_1_1,TCDB,TCDB.9_B_333_1_1_comp1
G_1_W_2_1_4_comp1,P_1_W_2_1_4_comp1,R_1_W_2_1_4,TCDB,TCDB.1_W_2_1_4_comp1
G_8_A_162_1_8_comp1,P_8_A_162_1_8_comp1,R_8_A_162_1_8,TCDB,TCDB.8_A_162_1_8_comp1
G_1_E_11_3_10_comp1,P_1_E_11_3_10_comp1,R_1_E_11_3_10,TCDB,TCDB.1_E_11_3_10_comp1
G_8_A_111_1_5_comp1,P_8_A_111_1_5_comp1,R_8_A_111_1_5,TCDB,TCDB.8_A_111_1_5_comp1
G_3_D_4_6_1_comp1,P_3_D_4_6_1_comp1+3_D_4_6_1_comp2+3_D_4_6_1_comp3,R_3_D_4_6_1,TCDB,TCDB.3_D_4_6_1_comp1
G_3_D_4_6_1_comp2,P_3_D_4_6_1_comp1+3_D_4_6_1_comp2+3_D_4_6_1_comp3,R_3_D_4_6_1,TCDB,TCDB.3_D_4_6_1_comp2
G_3_D_4_6_1_comp3,P_3_D_4_6_1_comp1+3_D_4_6_1_comp2+3_D_4_6_1_comp3,R_3_D_4_6_1,TCDB,TCDB.3_D_4_6_1_comp3
G_3_D_3_2_1_comp1,P_3_D_3_2_1_comp1+3_D_3_2_1_comp2+3_D_3_2_1_comp3,R_3_D_3_2_1,TCDB,TCDB.3_D_3_2_1_comp1
G_3_D_3_2_1_comp2,P_3_D_3_2_1_comp1+3_D_3_2_1_comp2+3_D_3_2_1_comp3,R_3_D_3_2_1,TCDB,TCDB.3_D_3_2_1_comp2
G_3_D_3_2_1_comp3,P_3_D_3_2_1_comp1+3_D_3_2_1_comp2+3_D_3_2_1_comp3,R_3_D_3_2_1,TCDB,TCDB.3_D_3_2_1_comp3
G_3_D_3_3_1_comp1,P_3_D_3_3_1_comp1+3_D_3_3_1_comp2+3_D_3_3_1_comp3,R_3_D_3_3_1,TCDB,TCDB.3_D_3_3_1_comp1
G_3_D_3_3_1_comp2,P_3_D_3_3_1_comp1+3_D_3_3_1_comp2+3_D_3_3_1_comp3,R_3_D_3_3_1,TCDB,TCDB.3_D_3_3_1_comp2
G_3_D_3_3_1_comp3,P_3_D_3_3_1_comp1+3_D_3_3_1_comp2+3_D_3_3_1_comp3,R_3_D_3_3_1,TCDB,TCDB.3_D_3_3_1_comp3
G_3_D_4_11_1_comp1,P_3_D_4_11_1_comp1+3_D_4_11_1_comp2+3_D_4_11_1_comp3+3_D_4_11_1_comp4+3_D_4_11_1_comp5+3_D_4_11_1_comp6+3_D_4_11_1_comp7+3_D_4_11_1_comp8+3_D_4_11_1_comp9+3_D_4_11_1_comp10+3_D_4_11_1_comp11+3_D_4_11_1_comp12+3_D_4_11_1_comp13+3_D_4_11_1_comp14+3_D_4_11_1_comp15+3_D_4_11_1_comp16+3_D_4_11_1_comp17,R_3_D_4_11_1,TCDB,TCDB.3_D_4_11_1_comp1
G_3_D_4_11_1_comp2,P_3_D_4_11_1_comp1+3_D_4_11_1_comp2+3_D_4_11_1_comp3+3_D_4_11_1_comp4+3_D_4_11_1_comp5+3_D_4_11_1_comp6+3_D_4_11_1_comp7+3_D_4_11_1_comp8+3_D_4_11_1_comp9+3_D_4_11_1_comp10+3_D_4_11_1_comp11+3_D_4_11_1_comp12+3_D_4_11_1_comp13+3_D_4_11_1_comp14+3_D_4_11_1_comp15+3_D_4_11_1_comp16+3_D_4_11_1_comp17,R_3_D_4_11_1,TCDB,TCDB.3_D_4_11_1_comp2
G_3_D_4_11_1_comp3,P_3_D_4_11_1_comp1+3_D_4_11_1_comp2+3_D_4_11_1_comp3+3_D_4_11_1_comp4+3_D_4_11_1_comp5+3_D_4_11_1_comp6+3_D_4_11_1_comp7+3_D_4_11_1_comp8+3_D_4_11_1_comp9+3_D_4_11_1_comp10+3_D_4_11_1_comp11+3_D_4_11_1_comp12+3_D_4_11_1_comp13+3_D_4_11_1_comp14+3_D_4_11_1_comp15+3_D_4_11_1_comp16+3_D_4_11_1_comp17,R_3_D_4_11_1,TCDB,TCDB.3_D_4_11_1_comp3
G_3_D_4_11_1_comp4,P_3_D_4_11_1_comp1+3_D_4_11_1_comp2+3_D_4_11_1_comp3+3_D_4_11_1_comp4+3_D_4_11_1_comp5+3_D_4_11_1_comp6+3_D_4_11_1_comp7+3_D_4_11_1_comp8+3_D_4_11_1_comp9+3_D_4_11_1_comp10+3_D_4_11_1_comp11+3_D_4_11_1_comp12+3_D_4_11_1_comp13+3_D_4_11_1_comp14+3_D_4_11_1_comp15+3_D_4_11_1_comp16+3_D_4_11_1_comp17,R_3_D_4_11_1,TCDB,TCDB.3_D_4_11_1_comp4
G_3_D_4_11_1_comp5,P_3_D_4_11_1_comp1+3_D_4_11_1_comp2+3_D_4_11_1_comp3+3_D_4_11_1_comp4+3_D_4_11_1_comp5+3_D_4_11_1_comp6+3_D_4_11_1_comp7+3_D_4_11_1_comp8+3_D_4_11_1_comp9+3_D_4_11_1_comp10+3_D_4_11_1_comp11+3_D_4_11_1_comp12+3_D_4_11_1_comp13+3_D_4_11_1_comp14+3_D_4_11_1_comp15+3_D_4_11_1_comp16+3_D_4_11_1_comp17,R_3_D_4_11_1,TCDB,TCDB.3_D_4_11_1_comp5
G_3_D_4_11_1_comp6,P_3_D_4_11_1_comp1+3_D_4_11_1_comp2+3_D_4_11_1_comp3+3_D_4_11_1_comp4+3_D_4_11_1_comp5+3_D_4_11_1_comp6+3_D_4_11_1_comp7+3_D_4_11_1_comp8+3_D_4_11_1_comp9+3_D_4_11_1_comp10+3_D_4_11_1_comp11+3_D_4_11_1_comp12+3_D_4_11_1_comp13+3_D_4_11_1_comp14+3_D_4_11_1_comp15+3_D_4_11_1_comp16+3_D_4_11_1_comp17,R_3_D_4_11_1,TCDB,TCDB.3_D_4_11_1_comp6
G_3_D_4_11_1_comp7,P_3_D_4_11_1_comp1+3_D_4_11_1_comp2+3_D_4_11_1_comp3+3_D_4_11_1_comp4+3_D_4_11_1_comp5+3_D_4_11_1_comp6+3_D_4_11_1_comp7+3_D_4_11_1_comp8+3_D_4_11_1_comp9+3_D_4_11_1_comp10+3_D_4_11_1_comp11+3_D_4_11_1_comp12+3_D_4_11_1_comp13+3_D_4_11_1_comp14+3_D_4_11_1_comp15+3_D_4_11_1_comp16+3_D_4_11_1_comp17,R_3_D_4_11_1,TCDB,TCDB.3_D_4_11_1_comp7
G_3_D_4_11_1_comp8,P_3_D_4_11_1_comp1+3_D_4_11_1_comp2+3_D_4_11_1_comp3+3_D_4_11_1_comp4+3_D_4_11_1_comp5+3_D_4_11_1_comp6+3_D_4_11_1_comp7+3_D_4_11_1_comp8+3_D_4_11_1_comp9+3_D_4_11_1_comp10+3_D_4_11_1_comp11+3_D_4_11_1_comp12+3_D_4_11_1_comp13+3_D_4_11_1_comp14+3_D_4_11_1_comp15+3_D_4_11_1_comp16+3_D_4_11_1_comp17,R_3_D_4_11_1,TCDB,TCDB.3_D_4_11_1_comp8
G_3_D_4_11_1_comp9,P_3_D_4_11_1_comp1+3_D_4_11_1_comp2+3_D_4_11_1_comp3+3_D_4_11_1_comp4+3_D_4_11_1_comp5+3_D_4_11_1_comp6+3_D_4_11_1_comp7+3_D_4_11_1_comp8+3_D_4_11_1_comp9+3_D_4_11_1_comp10+3_D_4_11_1_comp11+3_D_4_11_1_comp12+3_D_4_11_1_comp13+3_D_4_11_1_comp14+3_D_4_11_1_comp15+3_D_4_11_1_comp16+3_D_4_11_1_comp17,R_3_D_4_11_1,TCDB,TCDB.3_D_4_11_1_comp9
G_3_D_4_11_1_comp10,P_3_D_4_11_1_comp1+3_D_4_11_1_comp2+3_D_4_11_1_comp3+3_D_4_11_1_comp4+3_D_4_11_1_comp5+3_D_4_11_1_comp6+3_D_4_11_1_comp7+3_D_4_11_1_comp8+3_D_4_11_1_comp9+3_D_4_11_1_comp10+3_D_4_11_1_comp11+3_D_4_11_1_comp12+3_D_4_11_1_comp13+3_D_4_11_1_comp14+3_D_4_11_1_comp15+3_D_4_11_1_comp16+3_D_4_11_1_comp17,R_3_D_4_11_1,TCDB,TCDB.3_D_4_11_1_comp10
G_3_D_4_11_1_comp11,P_3_D_4_11_1_comp1+3_D_4_11_1_comp2+3_D_4_11_1_comp3+3_D_4_11_1_comp4+3_D_4_11_1_comp5+3_D_4_11_1_comp6+3_D_4_11_1_comp7+3_D_4_11_1_comp8+3_D_4_11_1_comp9+3_D_4_11_1_comp10+3_D_4_11_1_comp11+3_D_4_11_1_comp12+3_D_4_11_1_comp13+3_D_4_11_1_comp14+3_D_4_11_1_comp15+3_D_4_11_1_comp16+3_D_4_11_1_comp17,R_3_D_4_11_1,TCDB,TCDB.3_D_4_11_1_comp11
G_3_D_4_11_1_comp12,P_3_D_4_11_1_comp1+3_D_4_11_1_comp2+3_D_4_11_1_comp3+3_D_4_11_1_comp4+3_D_4_11_1_comp5+3_D_4_11_1_comp6+3_D_4_11_1_comp7+3_D_4_11_1_comp8+3_D_4_11_1_comp9+3_D_4_11_1_comp10+3_D_4_11_1_comp11+3_D_4_11_1_comp12+3_D_4_11_1_comp13+3_D_4_11_1_comp14+3_D_4_11_1_comp15+3_D_4_11_1_comp16+3_D_4_11_1_comp17,R_3_D_4_11_1,TCDB,TCDB.3_D_4_11_1_comp12
G_3_D_4_11_1_comp13,P_3_D_4_11_1_comp1+3_D_4_11_1_comp2+3_D_4_11_1_comp3+3_D_4_11_1_comp4+3_D_4_11_1_comp5+3_D_4_11_1_comp6+3_D_4_11_1_comp7+3_D_4_11_1_comp8+3_D_4_11_1_comp9+3_D_4_11_1_comp10+3_D_4_11_1_comp11+3_D_4_11_1_comp12+3_D_4_11_1_comp13+3_D_4_11_1_comp14+3_D_4_11_1_comp15+3_D_4_11_1_comp16+3_D_4_11_1_comp17,R_3_D_4_11_1,TCDB,TCDB.3_D_4_11_1_comp13
G_3_D_4_11_1_comp14,P_3_D_4_11_1_comp1+3_D_4_11_1_comp2+3_D_4_11_1_comp3+3_D_4_11_1_comp4+3_D_4_11_1_comp5+3_D_4_11_1_comp6+3_D_4_11_1_comp7+3_D_4_11_1_comp8+3_D_4_11_1_comp9+3_D_4_11_1_comp10+3_D_4_11_1_comp11+3_D_4_11_1_comp12+3_D_4_11_1_comp13+3_D_4_11_1_comp14+3_D_4_11_1_comp15+3_D_4_11_1_comp16+3_D_4_11_1_comp17,R_3_D_4_11_1,TCDB,TCDB.3_D_4_11_1_comp14
G_3_D_4_11_1_comp15,P_3_D_4_11_1_comp1+3_D_4_11_1_comp2+3_D_4_11_1_comp3+3_D_4_11_1_comp4+3_D_4_11_1_comp5+3_D_4_11_1_comp6+3_D_4_11_1_comp7+3_D_4_11_1_comp8+3_D_4_11_1_comp9+3_D_4_11_1_comp10+3_D_4_11_1_comp11+3_D_4_11_1_comp12+3_D_4_11_1_comp13+3_D_4_11_1_comp14+3_D_4_11_1_comp15+3_D_4_11_1_comp16+3_D_4_11_1_comp17,R_3_D_4_11_1,TCDB,TCDB.3_D_4_11_1_comp15
G_3_D_4_11_1_comp16,P_3_D_4_11_1_comp1+3_D_4_11_1_comp2+3_D_4_11_1_comp3+3_D_4_11_1_comp4+3_D_4_11_1_comp5+3_D_4_11_1_comp6+3_D_4_11_1_comp7+3_D_4_11_1_comp8+3_D_4_11_1_comp9+3_D_4_11_1_comp10+3_D_4_11_1_comp11+3_D_4_11_1_comp12+3_D_4_11_1_comp13+3_D_4_11_1_comp14+3_D_4_11_1_comp15+3_D_4_11_1_comp16+3_D_4_11_1_comp17,R_3_D_4_11_1,TCDB,TCDB.3_D_4_11_1_comp16
G_3_D_4_11_1_comp17,P_3_D_4_11_1_comp1+3_D_4_11_1_comp2+3_D_4_11_1_comp3+3_D_4_11_1_comp4+3_D_4_11_1_comp5+3_D_4_11_1_comp6+3_D_4_11_1_comp7+3_D_4_11_1_comp8+3_D_4_11_1_comp9+3_D_4_11_1_comp10+3_D_4_11_1_comp11+3_D_4_11_1_comp12+3_D_4_11_1_comp13+3_D_4_11_1_comp14+3_D_4_11_1_comp15+3_D_4_11_1_comp16+3_D_4_11_1_comp17,R_3_D_4_11_1,TCDB,TCDB.3_D_4_11_1_comp17
G_3_D_4_7_1_comp1,P_3_D_4_7_1_comp1+3_D_4_7_1_comp2+3_D_4_7_1_comp3,R_3_D_4_7_1,TCDB,TCDB.3_D_4_7_1_comp1
G_3_D_4_7_1_comp2,P_3_D_4_7_1_comp1+3_D_4_7_1_comp2+3_D_4_7_1_comp3,R_3_D_4_7_1,TCDB,TCDB.3_D_4_7_1_comp2
G_3_D_4_7_1_comp3,P_3_D_4_7_1_comp1+3_D_4_7_1_comp2+3_D_4_7_1_comp3,R_3_D_4_7_1,TCDB,TCDB.3_D_4_7_1_comp3
G_3_D_4_8_1_comp1,P_3_D_4_8_1_comp1+3_D_4_8_1_comp2+3_D_4_8_1_comp3+3_D_4_8_1_comp4+3_D_4_8_1_comp5+3_D_4_8_1_comp6+3_D_4_8_1_comp7+3_D_4_8_1_comp8+3_D_4_8_1_comp9+3_D_4_8_1_comp10+3_D_4_8_1_comp11+3_D_4_8_1_comp12+3_D_4_8_1_comp13+3_D_4_8_1_comp14,R_3_D_4_8_1,TCDB,TCDB.3_D_4_8_1_comp1
G_3_D_4_8_1_comp2,P_3_D_4_8_1_comp1+3_D_4_8_1_comp2+3_D_4_8_1_comp3+3_D_4_8_1_comp4+3_D_4_8_1_comp5+3_D_4_8_1_comp6+3_D_4_8_1_comp7+3_D_4_8_1_comp8+3_D_4_8_1_comp9+3_D_4_8_1_comp10+3_D_4_8_1_comp11+3_D_4_8_1_comp12+3_D_4_8_1_comp13+3_D_4_8_1_comp14,R_3_D_4_8_1,TCDB,TCDB.3_D_4_8_1_comp2
G_3_D_4_8_1_comp3,P_3_D_4_8_1_comp1+3_D_4_8_1_comp2+3_D_4_8_1_comp3+3_D_4_8_1_comp4+3_D_4_8_1_comp5+3_D_4_8_1_comp6+3_D_4_8_1_comp7+3_D_4_8_1_comp8+3_D_4_8_1_comp9+3_D_4_8_1_comp10+3_D_4_8_1_comp11+3_D_4_8_1_comp12+3_D_4_8_1_comp13+3_D_4_8_1_comp14,R_3_D_4_8_1,TCDB,TCDB.3_D_4_8_1_comp3
G_3_D_4_8_1_comp4,P_3_D_4_8_1_comp1+3_D_4_8_1_comp2+3_D_4_8_1_comp3+3_D_4_8_1_comp4+3_D_4_8_1_comp5+3_D_4_8_1_comp6+3_D_4_8_1_comp7+3_D_4_8_1_comp8+3_D_4_8_1_comp9+3_D_4_8_1_comp10+3_D_4_8_1_comp11+3_D_4_8_1_comp12+3_D_4_8_1_comp13+3_D_4_8_1_comp14,R_3_D_4_8_1,TCDB,TCDB.3_D_4_8_1_comp4
G_3_D_4_8_1_comp5,P_3_D_4_8_1_comp1+3_D_4_8_1_comp2+3_D_4_8_1_comp3+3_D_4_8_1_comp4+3_D_4_8_1_comp5+3_D_4_8_1_comp6+3_D_4_8_1_comp7+3_D_4_8_1_comp8+3_D_4_8_1_comp9+3_D_4_8_1_comp10+3_D_4_8_1_comp11+3_D_4_8_1_comp12+3_D_4_8_1_comp13+3_D_4_8_1_comp14,R_3_D_4_8_1,TCDB,TCDB.3_D_4_8_1_comp5
G_3_D_4_8_1_comp6,P_3_D_4_8_1_comp1+3_D_4_8_1_comp2+3_D_4_8_1_comp3+3_D_4_8_1_comp4+3_D_4_8_1_comp5+3_D_4_8_1_comp6+3_D_4_8_1_comp7+3_D_4_8_1_comp8+3_D_4_8_1_comp9+3_D_4_8_1_comp10+3_D_4_8_1_comp11+3_D_4_8_1_comp12+3_D_4_8_1_comp13+3_D_4_8_1_comp14,R_3_D_4_8_1,TCDB,TCDB.3_D_4_8_1_comp6
G_3_D_4_8_1_comp7,P_3_D_4_8_1_comp1+3_D_4_8_1_comp2+3_D_4_8_1_comp3+3_D_4_8_1_comp4+3_D_4_8_1_comp5+3_D_4_8_1_comp6+3_D_4_8_1_comp7+3_D_4_8_1_comp8+3_D_4_8_1_comp9+3_D_4_8_1_comp10+3_D_4_8_1_comp11+3_D_4_8_1_comp12+3_D_4_8_1_comp13+3_D_4_8_1_comp14,R_3_D_4_8_1,TCDB,TCDB.3_D_4_8_1_comp7
G_3_D_4_8_1_comp8,P_3_D_4_8_1_comp1+3_D_4_8_1_comp2+3_D_4_8_1_comp3+3_D_4_8_1_comp4+3_D_4_8_1_comp5+3_D_4_8_1_comp6+3_D_4_8_1_comp7+3_D_4_8_1_comp8+3_D_4_8_1_comp9+3_D_4_8_1_comp10+3_D_4_8_1_comp11+3_D_4_8_1_comp12+3_D_4_8_1_comp13+3_D_4_8_1_comp14,R_3_D_4_8_1,TCDB,TCDB.3_D_4_8_1_comp8
G_3_D_4_8_1_comp9,P_3_D_4_8_1_comp1+3_D_4_8_1_comp2+3_D_4_8_1_comp3+3_D_4_8_1_comp4+3_D_4_8_1_comp5+3_D_4_8_1_comp6+3_D_4_8_1_comp7+3_D_4_8_1_comp8+3_D_4_8_1_comp9+3_D_4_8_1_comp10+3_D_4_8_1_comp11+3_D_4_8_1_comp12+3_D_4_8_1_comp13+3_D_4_8_1_comp14,R_3_D_4_8_1,TCDB,TCDB.3_D_4_8_1_comp9
G_3_D_4_8_1_comp10,P_3_D_4_8_1_comp1+3_D_4_8_1_comp2+3_D_4_8_1_comp3+3_D_4_8_1_comp4+3_D_4_8_1_comp5+3_D_4_8_1_comp6+3_D_4_8_1_comp7+3_D_4_8_1_comp8+3_D_4_8_1_comp9+3_D_4_8_1_comp10+3_D_4_8_1_comp11+3_D_4_8_1_comp12+3_D_4_8_1_comp13+3_D_4_8_1_comp14,R_3_D_4_8_1,TCDB,TCDB.3_D_4_8_1_comp10
G_3_D_4_8_1_comp11,P_3_D_4_8_1_comp1+3_D_4_8_1_comp2+3_D_4_8_1_comp3+3_D_4_8_1_comp4+3_D_4_8_1_comp5+3_D_4_8_1_comp6+3_D_4_8_1_comp7+3_D_4_8_1_comp8+3_D_4_8_1_comp9+3_D_4_8_1_comp10+3_D_4_8_1_comp11+3_D_4_8_1_comp12+3_D_4_8_1_comp13+3_D_4_8_1_comp14,R_3_D_4_8_1,TCDB,TCDB.3_D_4_8_1_comp11
G_3_D_4_8_1_comp12,P_3_D_4_8_1_comp1+3_D_4_8_1_comp2+3_D_4_8_1_comp3+3_D_4_8_1_comp4+3_D_4_8_1_comp5+3_D_4_8_1_comp6+3_D_4_8_1_comp7+3_D_4_8_1_comp8+3_D_4_8_1_comp9+3_D_4_8_1_comp10+3_D_4_8_1_comp11+3_D_4_8_1_comp12+3_D_4_8_1_comp13+3_D_4_8_1_comp14,R_3_D_4_8_1,TCDB,TCDB.3_D_4_8_1_comp12
G_3_D_4_8_1_comp13,P_3_D_4_8_1_comp1+3_D_4_8_1_comp2+3_D_4_8_1_comp3+3_D_4_8_1_comp4+3_D_4_8_1_comp5+3_D_4_8_1_comp6+3_D_4_8_1_comp7+3_D_4_8_1_comp8+3_D_4_8_1_comp9+3_D_4_8_1_comp10+3_D_4_8_1_comp11+3_D_4_8_1_comp12+3_D_4_8_1_comp13+3_D_4_8_1_comp14,R_3_D_4_8_1,TCDB,TCDB.3_D_4_8_1_comp13
G_3_D_4_8_1_comp14,P_3_D_4_8_1_comp1+3_D_4_8_1_comp2+3_D_4_8_1_comp3+3_D_4_8_1_comp4+3_D_4_8_1_comp5+3_D_4_8_1_comp6+3_D_4_8_1_comp7+3_D_4_8_1_comp8+3_D_4_8_1_comp9+3_D_4_8_1_comp10+3_D_4_8_1_comp11+3_D_4_8_1_comp12+3_D_4_8_1_comp13+3_D_4_8_1_comp14,R_3_D_4_8_1,TCDB,TCDB.3_D_4_8_1_comp14
G_8_A_105_1_2_comp1,P_8_A_105_1_2_comp1,R_8_A_105_1_2,TCDB,TCDB.8_A_105_1_2_comp1
G_9_A_70_1_1_comp1,P_9_A_70_1_1_comp1,R_9_A_70_1_1,TCDB,TCDB.9_A_70_1_1_comp1
G_8_A_23_1_46_comp1,P_8_A_23_1_46_comp1,R_8_A_23_1_46,TCDB,TCDB.8_A_23_1_46_comp1
G_4_A_2_1_2_comp1,P_4_A_2_1_2_comp1,R_4_A_2_1_2,TCDB,TCDB.4_A_2_1_2_comp1
G_1_C_7_1_1_comp1,P_1_C_7_1_1_comp1,R_1_C_7_1_1,TCDB,TCDB.1_C_7_1_1_comp1
G_1_M_1_1_1_comp1,P_1_M_1_1_1_comp1+1_M_1_1_1_comp2,R_1_M_1_1_1,TCDB,TCDB.1_M_1_1_1_comp1
G_1_M_1_1_1_comp2,P_1_M_1_1_1_comp1+1_M_1_1_1_comp2,R_1_M_1_1_1,TCDB,TCDB.1_M_1_1_1_comp2
G_8_A_131_1_15_comp1,P_8_A_131_1_15_comp1,R_8_A_131_1_15,TCDB,TCDB.8_A_131_1_15_comp1
G_8_A_131_1_5_comp1,P_8_A_131_1_5_comp1,R_8_A_131_1_5,TCDB,TCDB.8_A_131_1_5_comp1
G_9_B_391_1_3_comp1,P_9_B_391_1_3_comp1,R_9_B_391_1_3,TCDB,TCDB.9_B_391_1_3_comp1
G_3_A_2_1_3_comp1,P_3_A_2_1_3_comp1+3_A_2_1_3_comp2+3_A_2_1_3_comp3+3_A_2_1_3_comp4+3_A_2_1_3_comp5+3_A_2_1_3_comp6+3_A_2_1_3_comp7+3_A_2_1_3_comp8+3_A_2_1_3_comp9+3_A_2_1_3_comp10+3_A_2_1_3_comp11+3_A_2_1_3_comp12,R_3_A_2_1_3,TCDB,TCDB.3_A_2_1_3_comp1
G_3_A_2_1_3_comp2,P_3_A_2_1_3_comp1+3_A_2_1_3_comp2+3_A_2_1_3_comp3+3_A_2_1_3_comp4+3_A_2_1_3_comp5+3_A_2_1_3_comp6+3_A_2_1_3_comp7+3_A_2_1_3_comp8+3_A_2_1_3_comp9+3_A_2_1_3_comp10+3_A_2_1_3_comp11+3_A_2_1_3_comp12,R_3_A_2_1_3,TCDB,TCDB.3_A_2_1_3_comp2
G_3_A_2_1_3_comp3,P_3_A_2_1_3_comp1+3_A_2_1_3_comp2+3_A_2_1_3_comp3+3_A_2_1_3_comp4+3_A_2_1_3_comp5+3_A_2_1_3_comp6+3_A_2_1_3_comp7+3_A_2_1_3_comp8+3_A_2_1_3_comp9+3_A_2_1_3_comp10+3_A_2_1_3_comp11+3_A_2_1_3_comp12,R_3_A_2_1_3,TCDB,TCDB.3_A_2_1_3_comp3
G_3_A_2_1_3_comp4,P_3_A_2_1_3_comp1+3_A_2_1_3_comp2+3_A_2_1_3_comp3+3_A_2_1_3_comp4+3_A_2_1_3_comp5+3_A_2_1_3_comp6+3_A_2_1_3_comp7+3_A_2_1_3_comp8+3_A_2_1_3_comp9+3_A_2_1_3_comp10+3_A_2_1_3_comp11+3_A_2_1_3_comp12,R_3_A_2_1_3,TCDB,TCDB.3_A_2_1_3_comp4
G_3_A_2_1_3_comp5,P_3_A_2_1_3_comp1+3_A_2_1_3_comp2+3_A_2_1_3_comp3+3_A_2_1_3_comp4+3_A_2_1_3_comp5+3_A_2_1_3_comp6+3_A_2_1_3_comp7+3_A_2_1_3_comp8+3_A_2_1_3_comp9+3_A_2_1_3_comp10+3_A_2_1_3_comp11+3_A_2_1_3_comp12,R_3_A_2_1_3,TCDB,TCDB.3_A_2_1_3_comp5
G_3_A_2_1_3_comp6,P_3_A_2_1_3_comp1+3_A_2_1_3_comp2+3_A_2_1_3_comp3+3_A_2_1_3_comp4+3_A_2_1_3_comp5+3_A_2_1_3_comp6+3_A_2_1_3_comp7+3_A_2_1_3_comp8+3_A_2_1_3_comp9+3_A_2_1_3_comp10+3_A_2_1_3_comp11+3_A_2_1_3_comp12,R_3_A_2_1_3,TCDB,TCDB.3_A_2_1_3_comp6
G_3_A_2_1_3_comp7,P_3_A_2_1_3_comp1+3_A_2_1_3_comp2+3_A_2_1_3_comp3+3_A_2_1_3_comp4+3_A_2_1_3_comp5+3_A_2_1_3_comp6+3_A_2_1_3_comp7+3_A_2_1_3_comp8+3_A_2_1_3_comp9+3_A_2_1_3_comp10+3_A_2_1_3_comp11+3_A_2_1_3_comp12,R_3_A_2_1_3,TCDB,TCDB.3_A_2_1_3_comp7
G_3_A_2_1_3_comp8,P_3_A_2_1_3_comp1+3_A_2_1_3_comp2+3_A_2_1_3_comp3+3_A_2_1_3_comp4+3_A_2_1_3_comp5+3_A_2_1_3_comp6+3_A_2_1_3_comp7+3_A_2_1_3_comp8+3_A_2_1_3_comp9+3_A_2_1_3_comp10+3_A_2_1_3_comp11+3_A_2_1_3_comp12,R_3_A_2_1_3,TCDB,TCDB.3_A_2_1_3_comp8
G_3_A_2_1_3_comp9,P_3_A_2_1_3_comp1+3_A_2_1_3_comp2+3_A_2_1_3_comp3+3_A_2_1_3_comp4+3_A_2_1_3_comp5+3_A_2_1_3_comp6+3_A_2_1_3_comp7+3_A_2_1_3_comp8+3_A_2_1_3_comp9+3_A_2_1_3_comp10+3_A_2_1_3_comp11+3_A_2_1_3_comp12,R_3_A_2_1_3,TCDB,TCDB.3_A_2_1_3_comp9
G_3_A_2_1_3_comp10,P_3_A_2_1_3_comp1+3_A_2_1_3_comp2+3_A_2_1_3_comp3+3_A_2_1_3_comp4+3_A_2_1_3_comp5+3_A_2_1_3_comp6+3_A_2_1_3_comp7+3_A_2_1_3_comp8+3_A_2_1_3_comp9+3_A_2_1_3_comp10+3_A_2_1_3_comp11+3_A_2_1_3_comp12,R_3_A_2_1_3,TCDB,TCDB.3_A_2_1_3_comp10
G_3_A_2_1_3_comp11,P_3_A_2_1_3_comp1+3_A_2_1_3_comp2+3_A_2_1_3_comp3+3_A_2_1_3_comp4+3_A_2_1_3_comp5+3_A_2_1_3_comp6+3_A_2_1_3_comp7+3_A_2_1_3_comp8+3_A_2_1_3_comp9+3_A_2_1_3_comp10+3_A_2_1_3_comp11+3_A_2_1_3_comp12,R_3_A_2_1_3,TCDB,TCDB.3_A_2_1_3_comp11
G_3_A_2_1_3_comp12,P_3_A_2_1_3_comp1+3_A_2_1_3_comp2+3_A_2_1_3_comp3+3_A_2_1_3_comp4+3_A_2_1_3_comp5+3_A_2_1_3_comp6+3_A_2_1_3_comp7+3_A_2_1_3_comp8+3_A_2_1_3_comp9+3_A_2_1_3_comp10+3_A_2_1_3_comp11+3_A_2_1_3_comp12,R_3_A_2_1_3,TCDB,TCDB.3_A_2_1_3_comp12
G_3_A_2_1_14_comp1,P_3_A_2_1_14_comp1+3_A_2_1_14_comp2+3_A_2_1_14_comp3+3_A_2_1_14_comp4+3_A_2_1_14_comp5+3_A_2_1_14_comp6+3_A_2_1_14_comp7+3_A_2_1_14_comp8,R_3_A_2_1_14,TCDB,TCDB.3_A_2_1_14_comp1
G_3_A_2_1_14_comp2,P_3_A_2_1_14_comp1+3_A_2_1_14_comp2+3_A_2_1_14_comp3+3_A_2_1_14_comp4+3_A_2_1_14_comp5+3_A_2_1_14_comp6+3_A_2_1_14_comp7+3_A_2_1_14_comp8,R_3_A_2_1_14,TCDB,TCDB.3_A_2_1_14_comp2
G_3_A_2_1_14_comp3,P_3_A_2_1_14_comp1+3_A_2_1_14_comp2+3_A_2_1_14_comp3+3_A_2_1_14_comp4+3_A_2_1_14_comp5+3_A_2_1_14_comp6+3_A_2_1_14_comp7+3_A_2_1_14_comp8,R_3_A_2_1_14,TCDB,TCDB.3_A_2_1_14_comp3
G_3_A_2_1_14_comp4,P_3_A_2_1_14_comp1+3_A_2_1_14_comp2+3_A_2_1_14_comp3+3_A_2_1_14_comp4+3_A_2_1_14_comp5+3_A_2_1_14_comp6+3_A_2_1_14_comp7+3_A_2_1_14_comp8,R_3_A_2_1_14,TCDB,TCDB.3_A_2_1_14_comp4
G_3_A_2_1_14_comp5,P_3_A_2_1_14_comp1+3_A_2_1_14_comp2+3_A_2_1_14_comp3+3_A_2_1_14_comp4+3_A_2_1_14_comp5+3_A_2_1_14_comp6+3_A_2_1_14_comp7+3_A_2_1_14_comp8,R_3_A_2_1_14,TCDB,TCDB.3_A_2_1_14_comp5
G_3_A_2_1_14_comp6,P_3_A_2_1_14_comp1+3_A_2_1_14_comp2+3_A_2_1_14_comp3+3_A_2_1_14_comp4+3_A_2_1_14_comp5+3_A_2_1_14_comp6+3_A_2_1_14_comp7+3_A_2_1_14_comp8,R_3_A_2_1_14,TCDB,TCDB.3_A_2_1_14_comp6
G_3_A_2_1_14_comp7,P_3_A_2_1_14_comp1+3_A_2_1_14_comp2+3_A_2_1_14_comp3+3_A_2_1_14_comp4+3_A_2_1_14_comp5+3_A_2_1_14_comp6+3_A_2_1_14_comp7+3_A_2_1_14_comp8,R_3_A_2_1_14,TCDB,TCDB.3_A_2_1_14_comp7
G_3_A_2_1_14_comp8,P_3_A_2_1_14_comp1+3_A_2_1_14_comp2+3_A_2_1_14_comp3+3_A_2_1_14_comp4+3_A_2_1_14_comp5+3_A_2_1_14_comp6+3_A_2_1_14_comp7+3_A_2_1_14_comp8,R_3_A_2_1_14,TCDB,TCDB.3_A_2_1_14_comp8
G_8_A_77_3_1_comp1,P_8_A_77_3_1_comp1,R_8_A_77_3_1,TCDB,TCDB.8_A_77_3_1_comp1
G_8_A_92_1_15_comp1,P_8_A_92_1_15_comp1+8_A_92_1_15_comp2+8_A_92_1_15_comp3+8_A_92_1_15_comp4,R_8_A_92_1_15,TCDB,TCDB.8_A_92_1_15_comp1
G_8_A_92_1_15_comp2,P_8_A_92_1_15_comp1+8_A_92_1_15_comp2+8_A_92_1_15_comp3+8_A_92_1_15_comp4,R_8_A_92_1_15,TCDB,TCDB.8_A_92_1_15_comp2
G_8_A_92_1_15_comp3,P_8_A_92_1_15_comp1+8_A_92_1_15_comp2+8_A_92_1_15_comp3+8_A_92_1_15_comp4,R_8_A_92_1_15,TCDB,TCDB.8_A_92_1_15_comp3
G_8_A_92_1_15_comp4,P_8_A_92_1_15_comp1+8_A_92_1_15_comp2+8_A_92_1_15_comp3+8_A_92_1_15_comp4,R_8_A_92_1_15,TCDB,TCDB.8_A_92_1_15_comp4
G_9_B_87_1_42_comp1,P_9_B_87_1_42_comp1,R_9_B_87_1_42,TCDB,TCDB.9_B_87_1_42_comp1
G_1_C_89_1_2_comp1,P_1_C_89_1_2_comp1,R_1_C_89_1_2,TCDB,TCDB.1_C_89_1_2_comp1
G_1_C_89_1_1_comp1,P_1_C_89_1_1_comp1,R_1_C_89_1_1,TCDB,TCDB.1_C_89_1_1_comp1
G_1_C_19_1_2_comp1,P_1_C_19_1_2_comp1,R_1_C_19_1_2,TCDB,TCDB.1_C_19_1_2_comp1
G_1_C_74_1_7_comp1,P_1_C_74_1_7_comp1,R_1_C_74_1_7,TCDB,TCDB.1_C_74_1_7_comp1
G_8_B_1_1_7_comp1,P_8_B_1_1_7_comp1,R_8_B_1_1_7,TCDB,TCDB.8_B_1_1_7_comp1
G_1_C_18_1_1_comp1,P_1_C_18_1_1_comp1,R_1_C_18_1_1,TCDB,TCDB.1_C_18_1_1_comp1
G_1_C_18_1_2_comp1,P_1_C_18_1_2_comp1,R_1_C_18_1_2,TCDB,TCDB.1_C_18_1_2_comp1
G_1_C_17_1_1_comp1,P_1_C_17_1_1_comp1,R_1_C_17_1_1,TCDB,TCDB.1_C_17_1_1_comp1
G_1_C_32_1_6_comp1,P_1_C_32_1_6_comp1,R_1_C_32_1_6,TCDB,TCDB.1_C_32_1_6_comp1
G_1_C_32_1_2_comp1,P_1_C_32_1_2_comp1,R_1_C_32_1_2,TCDB,TCDB.1_C_32_1_2_comp1
G_1_C_32_1_5_comp1,P_1_C_32_1_5_comp1,R_1_C_32_1_5,TCDB,TCDB.1_C_32_1_5_comp1
G_1_C_32_2_1_comp1,P_1_C_32_2_1_comp1,R_1_C_32_2_1,TCDB,TCDB.1_C_32_2_1_comp1
G_1_C_32_3_1_comp1,P_1_C_32_3_1_comp1,R_1_C_32_3_1,TCDB,TCDB.1_C_32_3_1_comp1
G_8_B_28_1_3_comp1,P_8_B_28_1_3_comp1,R_8_B_28_1_3,TCDB,TCDB.8_B_28_1_3_comp1
G_8_B_17_1_3_comp1,P_8_B_17_1_3_comp1,R_8_B_17_1_3,TCDB,TCDB.8_B_17_1_3_comp1
G_1_C_44_1_1_comp1,P_1_C_44_1_1_comp1,R_1_C_44_1_1,TCDB,TCDB.1_C_44_1_1_comp1
G_1_C_6_1_1_comp1,P_1_C_6_1_1_comp1,R_1_C_6_1_1,TCDB,TCDB.1_C_6_1_1_comp1
G_1_C_59_1_1_comp1,P_1_C_59_1_1_comp1,R_1_C_59_1_1,TCDB,TCDB.1_C_59_1_1_comp1
G_1_A_109_1_1_comp1,P_1_A_109_1_1_comp1,R_1_A_109_1_1,TCDB,TCDB.1_A_109_1_1_comp1
G_1_A_109_1_2_comp1,P_1_A_109_1_2_comp1,R_1_A_109_1_2,TCDB,TCDB.1_A_109_1_2_comp1
G_8_A_23_2_1_comp1,P_8_A_23_2_1_comp1,R_8_A_23_2_1,TCDB,TCDB.8_A_23_2_1_comp1
G_8_A_218_1_7_comp1,P_8_A_218_1_7_comp1,R_8_A_218_1_7,TCDB,TCDB.8_A_218_1_7_comp1
G_9_A_75_1_3_comp1,P_9_A_75_1_3_comp1+9_A_75_1_3_comp2+9_A_75_1_3_comp3+9_A_75_1_3_comp4,R_9_A_75_1_3,TCDB,TCDB.9_A_75_1_3_comp1
G_9_A_75_1_3_comp2,P_9_A_75_1_3_comp1+9_A_75_1_3_comp2+9_A_75_1_3_comp3+9_A_75_1_3_comp4,R_9_A_75_1_3,TCDB,TCDB.9_A_75_1_3_comp2
G_9_A_75_1_3_comp3,P_9_A_75_1_3_comp1+9_A_75_1_3_comp2+9_A_75_1_3_comp3+9_A_75_1_3_comp4,R_9_A_75_1_3,TCDB,TCDB.9_A_75_1_3_comp3
G_9_A_75_1_3_comp4,P_9_A_75_1_3_comp1+9_A_75_1_3_comp2+9_A_75_1_3_comp3+9_A_75_1_3_comp4,R_9_A_75_1_3,TCDB,TCDB.9_A_75_1_3_comp4
G_9_A_75_1_1_comp1,P_9_A_75_1_1_comp1+9_A_75_1_1_comp2+9_A_75_1_1_comp3,R_9_A_75_1_1,TCDB,TCDB.9_A_75_1_1_comp1
G_9_A_75_1_1_comp2,P_9_A_75_1_1_comp1+9_A_75_1_1_comp2+9_A_75_1_1_comp3,R_9_A_75_1_1,TCDB,TCDB.9_A_75_1_1_comp2
G_9_A_75_1_1_comp3,P_9_A_75_1_1_comp1+9_A_75_1_1_comp2+9_A_75_1_1_comp3,R_9_A_75_1_1,TCDB,TCDB.9_A_75_1_1_comp3
G_1_A_107_1_3_comp1,P_1_A_107_1_3_comp1,R_1_A_107_1_3,TCDB,TCDB.1_A_107_1_3_comp1
G_8_A_172_1_2_comp1,P_8_A_172_1_2_comp1,R_8_A_172_1_2,TCDB,TCDB.8_A_172_1_2_comp1
G_8_A_172_1_1_comp1,P_8_A_172_1_1_comp1,R_8_A_172_1_1,TCDB,TCDB.8_A_172_1_1_comp1
G_9_B_445_2_1_comp1,P_9_B_445_2_1_comp1,R_9_B_445_2_1,TCDB,TCDB.9_B_445_2_1_comp1
G_9_B_445_1_1_comp1,P_9_B_445_1_1_comp1,R_9_B_445_1_1,TCDB,TCDB.9_B_445_1_1_comp1
G_9_A_14_1_17_comp1,P_9_A_14_1_17_comp1,R_9_A_14_1_17,TCDB,TCDB.9_A_14_1_17_comp1
G_1_A_9_1_1_comp1,P_1_A_9_1_1_comp1+1_A_9_1_1_comp2+1_A_9_1_1_comp3+1_A_9_1_1_comp4+1_A_9_1_1_comp5,R_1_A_9_1_1,TCDB,TCDB.1_A_9_1_1_comp1
G_1_A_9_1_1_comp2,P_1_A_9_1_1_comp1+1_A_9_1_1_comp2+1_A_9_1_1_comp3+1_A_9_1_1_comp4+1_A_9_1_1_comp5,R_1_A_9_1_1,TCDB,TCDB.1_A_9_1_1_comp2
G_1_A_9_1_1_comp3,P_1_A_9_1_1_comp1+1_A_9_1_1_comp2+1_A_9_1_1_comp3+1_A_9_1_1_comp4+1_A_9_1_1_comp5,R_1_A_9_1_1,TCDB,TCDB.1_A_9_1_1_comp3
G_1_A_9_1_1_comp4,P_1_A_9_1_1_comp1+1_A_9_1_1_comp2+1_A_9_1_1_comp3+1_A_9_1_1_comp4+1_A_9_1_1_comp5,R_1_A_9_1_1,TCDB,TCDB.1_A_9_1_1_comp4
G_1_A_9_1_1_comp5,P_1_A_9_1_1_comp1+1_A_9_1_1_comp2+1_A_9_1_1_comp3+1_A_9_1_1_comp4+1_A_9_1_1_comp5,R_1_A_9_1_1,TCDB,TCDB.1_A_9_1_1_comp5
G_1_A_9_1_9_comp1,P_1_A_9_1_9_comp1+1_A_9_1_9_comp2+1_A_9_1_9_comp3+1_A_9_1_9_comp4,R_1_A_9_1_9,TCDB,TCDB.1_A_9_1_9_comp1
G_1_A_9_1_9_comp2,P_1_A_9_1_9_comp1+1_A_9_1_9_comp2+1_A_9_1_9_comp3+1_A_9_1_9_comp4,R_1_A_9_1_9,TCDB,TCDB.1_A_9_1_9_comp2
G_1_A_9_1_9_comp3,P_1_A_9_1_9_comp1+1_A_9_1_9_comp2+1_A_9_1_9_comp3+1_A_9_1_9_comp4,R_1_A_9_1_9,TCDB,TCDB.1_A_9_1_9_comp3
G_1_A_9_1_9_comp4,P_1_A_9_1_9_comp1+1_A_9_1_9_comp2+1_A_9_1_9_comp3+1_A_9_1_9_comp4,R_1_A_9_1_9,TCDB,TCDB.1_A_9_1_9_comp4
G_1_A_1_10_19_comp1,P_1_A_1_10_19_comp1,R_1_A_1_10_19,TCDB,TCDB.1_A_1_10_19_comp1
G_8_A_168_1_1_comp1,P_8_A_168_1_1_comp1,R_8_A_168_1_1,TCDB,TCDB.8_A_168_1_1_comp1
G_2_A_31_1_1_comp1,P_2_A_31_1_1_comp1,R_2_A_31_1_1,TCDB,TCDB.2_A_31_1_1_comp1
G_1_C_92_1_2_comp1,P_1_C_92_1_2_comp1,R_1_C_92_1_2,TCDB,TCDB.1_C_92_1_2_comp1
G_8_A_180_1_1_comp1,P_8_A_180_1_1_comp1,R_8_A_180_1_1,TCDB,TCDB.8_A_180_1_1_comp1
G_9_B_35_1_1_comp1,P_9_B_35_1_1_comp1,R_9_B_35_1_1,TCDB,TCDB.9_B_35_1_1_comp1
G_9_B_229_1_1_comp1,P_9_B_229_1_1_comp1,R_9_B_229_1_1,TCDB,TCDB.9_B_229_1_1_comp1
G_2_B_93_1_1_comp1,P_2_B_93_1_1_comp1,R_2_B_93_1_1,TCDB,TCDB.2_B_93_1_1_comp1
G_1_C_79_1_2_comp1,P_1_C_79_1_2_comp1,R_1_C_79_1_2,TCDB,TCDB.1_C_79_1_2_comp1
G_3_A_1_3_1_comp1,P_3_A_1_3_1_comp1+3_A_1_3_1_comp2+3_A_1_3_1_comp3+3_A_1_3_1_comp4,R_3_A_1_3_1,TCDB,TCDB.3_A_1_3_1_comp1
G_3_A_1_3_1_comp2,P_3_A_1_3_1_comp1+3_A_1_3_1_comp2+3_A_1_3_1_comp3+3_A_1_3_1_comp4,R_3_A_1_3_1,TCDB,TCDB.3_A_1_3_1_comp2
G_3_A_1_3_1_comp3,P_3_A_1_3_1_comp1+3_A_1_3_1_comp2+3_A_1_3_1_comp3+3_A_1_3_1_comp4,R_3_A_1_3_1,TCDB,TCDB.3_A_1_3_1_comp3
G_3_A_1_3_1_comp4,P_3_A_1_3_1_comp1+3_A_1_3_1_comp2+3_A_1_3_1_comp3+3_A_1_3_1_comp4,R_3_A_1_3_1,TCDB,TCDB.3_A_1_3_1_comp4
G_3_A_1_1_1_comp1,P_3_A_1_1_1_comp1+3_A_1_1_1_comp2+3_A_1_1_1_comp3+3_A_1_1_1_comp4,R_3_A_1_1_1,TCDB,TCDB.3_A_1_1_1_comp1
G_3_A_1_1_1_comp2,P_3_A_1_1_1_comp1+3_A_1_1_1_comp2+3_A_1_1_1_comp3+3_A_1_1_1_comp4,R_3_A_1_1_1,TCDB,TCDB.3_A_1_1_1_comp2
G_3_A_1_1_1_comp3,P_3_A_1_1_1_comp1+3_A_1_1_1_comp2+3_A_1_1_1_comp3+3_A_1_1_1_comp4,R_3_A_1_1_1,TCDB,TCDB.3_A_1_1_1_comp3
G_3_A_1_1_1_comp4,P_3_A_1_1_1_comp1+3_A_1_1_1_comp2+3_A_1_1_1_comp3+3_A_1_1_1_comp4,R_3_A_1_1_1,TCDB,TCDB.3_A_1_1_1_comp4
G_2_A_1_5_1_comp1,P_2_A_1_5_1_comp1,R_2_A_1_5_1,TCDB,TCDB.2_A_1_5_1_comp1
G_3_A_1_2_2_comp1,P_3_A_1_2_2_comp1+3_A_1_2_2_comp2+3_A_1_2_2_comp3,R_3_A_1_2_2,TCDB,TCDB.3_A_1_2_2_comp1
G_3_A_1_2_2_comp2,P_3_A_1_2_2_comp1+3_A_1_2_2_comp2+3_A_1_2_2_comp3,R_3_A_1_2_2,TCDB,TCDB.3_A_1_2_2_comp2
G_3_A_1_2_2_comp3,P_3_A_1_2_2_comp1+3_A_1_2_2_comp2+3_A_1_2_2_comp3,R_3_A_1_2_2,TCDB,TCDB.3_A_1_2_2_comp3
G_3_A_1_2_1_comp1,P_3_A_1_2_1_comp1+3_A_1_2_1_comp2+3_A_1_2_1_comp3,R_3_A_1_2_1,TCDB,TCDB.3_A_1_2_1_comp1
G_3_A_1_2_1_comp2,P_3_A_1_2_1_comp1+3_A_1_2_1_comp2+3_A_1_2_1_comp3,R_3_A_1_2_1,TCDB,TCDB.3_A_1_2_1_comp2
G_3_A_1_2_1_comp3,P_3_A_1_2_1_comp1+3_A_1_2_1_comp2+3_A_1_2_1_comp3,R_3_A_1_2_1,TCDB,TCDB.3_A_1_2_1_comp3
G_2_C_1_1_1_comp1,P_2_C_1_1_1_comp1,R_2_C_1_1_1,TCDB,TCDB.2_C_1_1_1_comp1
G_1_B_17_1_1_comp1,P_1_B_17_1_1_comp1,R_1_B_17_1_1,TCDB,TCDB.1_B_17_1_1_comp1
G_1_B_1_1_1_comp1,P_1_B_1_1_1_comp1,R_1_B_1_1_1,TCDB,TCDB.1_B_1_1_1_comp1
G_1_B_1_1_2_comp1,P_1_B_1_1_2_comp1,R_1_B_1_1_2,TCDB,TCDB.1_B_1_1_2_comp1
G_1_B_3_1_1_comp1,P_1_B_3_1_1_comp1,R_1_B_3_1_1,TCDB,TCDB.1_B_3_1_1_comp1
G_3_E_1_1_1_comp1,P_3_E_1_1_1_comp1,R_3_E_1_1_1,TCDB,TCDB.3_E_1_1_1_comp1
G_1_C_1_2_2_comp1,P_1_C_1_2_2_comp1,R_1_C_1_2_2,TCDB,TCDB.1_C_1_2_2_comp1
G_2_A_1_2_68_comp1,P_2_A_1_2_68_comp1,R_2_A_1_2_68,TCDB,TCDB.2_A_1_2_68_comp1
G_2_A_1_2_102_comp1,P_2_A_1_2_102_comp1,R_2_A_1_2_102,TCDB,TCDB.2_A_1_2_102_comp1
G_2_A_1_2_4_comp1,P_2_A_1_2_4_comp1,R_2_A_1_2_4,TCDB,TCDB.2_A_1_2_4_comp1
G_2_A_1_3_6_comp1,P_2_A_1_3_6_comp1,R_2_A_1_3_6,TCDB,TCDB.2_A_1_3_6_comp1
G_8_B_24_4_1_comp1,P_8_B_24_4_1_comp1,R_8_B_24_4_1,TCDB,TCDB.8_B_24_4_1_comp1
G_1_A_96_1_1_comp1,P_1_A_96_1_1_comp1,R_1_A_96_1_1,TCDB,TCDB.1_A_96_1_1_comp1
G_1_A_83_1_1_comp1,P_1_A_83_1_1_comp1,R_1_A_83_1_1,TCDB,TCDB.1_A_83_1_1_comp1
G_1_A_86_1_1_comp1,P_1_A_86_1_1_comp1,R_1_A_86_1_1,TCDB,TCDB.1_A_86_1_1_comp1
G_8_A_72_1_1_comp1,P_8_A_72_1_1_comp1,R_8_A_72_1_1,TCDB,TCDB.8_A_72_1_1_comp1
G_1_G_21_1_1_comp1,P_1_G_21_1_1_comp1,R_1_G_21_1_1,TCDB,TCDB.1_G_21_1_1_comp1
G_9_B_387_1_1_comp1,P_9_B_387_1_1_comp1,R_9_B_387_1_1,TCDB,TCDB.9_B_387_1_1_comp1
G_1_A_85_1_8_comp1,P_1_A_85_1_8_comp1,R_1_A_85_1_8,TCDB,TCDB.1_A_85_1_8_comp1
G_1_A_85_1_4_comp1,P_1_A_85_1_4_comp1,R_1_A_85_1_4,TCDB,TCDB.1_A_85_1_4_comp1
G_1_G_4_1_1_comp1,P_1_G_4_1_1_comp1,R_1_G_4_1_1,TCDB,TCDB.1_G_4_1_1_comp1
G_1_G_12_1_1_comp1,P_1_G_12_1_1_comp1,R_1_G_12_1_1,TCDB,TCDB.1_G_12_1_1_comp1
G_1_G_2_1_3_comp1,P_1_G_2_1_3_comp1,R_1_G_2_1_3,TCDB,TCDB.1_G_2_1_3_comp1
G_1_A_58_1_1_comp1,P_1_A_58_1_1_comp1,R_1_A_58_1_1,TCDB,TCDB.1_A_58_1_1_comp1
G_9_A_73_2_1_comp1,P_9_A_73_2_1_comp1,R_9_A_73_2_1,TCDB,TCDB.9_A_73_2_1_comp1
G_8_A_23_1_47_comp1,P_8_A_23_1_47_comp1,R_8_A_23_1_47,TCDB,TCDB.8_A_23_1_47_comp1
G_1_C_129_1_1_comp1,P_1_C_129_1_1_comp1,R_1_C_129_1_1,TCDB,TCDB.1_C_129_1_1_comp1
G_1_K_3_1_1_comp1,P_1_K_3_1_1_comp1,R_1_K_3_1_1,TCDB,TCDB.1_K_3_1_1_comp1
G_1_K_3_1_2_comp1,P_1_K_3_1_2_comp1,R_1_K_3_1_2,TCDB,TCDB.1_K_3_1_2_comp1
G_3_A_13_1_1_comp1,P_3_A_13_1_1_comp1,R_3_A_13_1_1,TCDB,TCDB.3_A_13_1_1_comp1
G_1_B_53_1_3_comp1,P_1_B_53_1_3_comp1,R_1_B_53_1_3,TCDB,TCDB.1_B_53_1_3_comp1
G_1_B_22_5_1_comp1,P_1_B_22_5_1_comp1,R_1_B_22_5_1,TCDB,TCDB.1_B_22_5_1_comp1
G_9_B_80_1_1_comp1,P_9_B_80_1_1_comp1+9_B_80_1_1_comp2,R_9_B_80_1_1,TCDB,TCDB.9_B_80_1_1_comp1
G_9_B_80_1_1_comp2,P_9_B_80_1_1_comp1+9_B_80_1_1_comp2,R_9_B_80_1_1,TCDB,TCDB.9_B_80_1_1_comp2
G_1_E_2_1_1_comp1,P_1_E_2_1_1_comp1,R_1_E_2_1_1,TCDB,TCDB.1_E_2_1_1_comp1
G_1_W_5_1_1_comp1,P_1_W_5_1_1_comp1,R_1_W_5_1_1,TCDB,TCDB.1_W_5_1_1_comp1
G_3_A_17_1_1_comp1,P_3_A_17_1_1_comp1+3_A_17_1_1_comp2+3_A_17_1_1_comp3+3_A_17_1_1_comp4,R_3_A_17_1_1,TCDB,TCDB.3_A_17_1_1_comp1
G_3_A_17_1_1_comp2,P_3_A_17_1_1_comp1+3_A_17_1_1_comp2+3_A_17_1_1_comp3+3_A_17_1_1_comp4,R_3_A_17_1_1,TCDB,TCDB.3_A_17_1_1_comp2
G_3_A_17_1_1_comp3,P_3_A_17_1_1_comp1+3_A_17_1_1_comp2+3_A_17_1_1_comp3+3_A_17_1_1_comp4,R_3_A_17_1_1,TCDB,TCDB.3_A_17_1_1_comp3
G_3_A_17_1_1_comp4,P_3_A_17_1_1_comp1+3_A_17_1_1_comp2+3_A_17_1_1_comp3+3_A_17_1_1_comp4,R_3_A_17_1_1,TCDB,TCDB.3_A_17_1_1_comp4
G_1_W_10_1_1_comp1,P_1_W_10_1_1_comp1,R_1_W_10_1_1,TCDB,TCDB.1_W_10_1_1_comp1
G_1_M_1_2_3_comp1,P_1_M_1_2_3_comp1+1_M_1_2_3_comp2,R_1_M_1_2_3,TCDB,TCDB.1_M_1_2_3_comp1
G_1_M_1_2_3_comp2,P_1_M_1_2_3_comp1+1_M_1_2_3_comp2,R_1_M_1_2_3,TCDB,TCDB.1_M_1_2_3_comp2
G_1_E_6_1_1_comp1,P_1_E_6_1_1_comp1,R_1_E_6_1_1,TCDB,TCDB.1_E_6_1_1_comp1
G_2_A_37_1_1_comp1,P_2_A_37_1_1_comp1+2_A_37_1_1_comp2,R_2_A_37_1_1,TCDB,TCDB.2_A_37_1_1_comp1
G_2_A_37_1_1_comp2,P_2_A_37_1_1_comp1+2_A_37_1_1_comp2,R_2_A_37_1_1,TCDB,TCDB.2_A_37_1_1_comp2
G_3_A_3_7_1_comp1,P_3_A_3_7_1_comp1+3_A_3_7_1_comp2+3_A_3_7_1_comp3+3_A_3_7_1_comp4,R_3_A_3_7_1,TCDB,TCDB.3_A_3_7_1_comp1
G_3_A_3_7_1_comp2,P_3_A_3_7_1_comp1+3_A_3_7_1_comp2+3_A_3_7_1_comp3+3_A_3_7_1_comp4,R_3_A_3_7_1,TCDB,TCDB.3_A_3_7_1_comp2
G_3_A_3_7_1_comp3,P_3_A_3_7_1_comp1+3_A_3_7_1_comp2+3_A_3_7_1_comp3+3_A_3_7_1_comp4,R_3_A_3_7_1,TCDB,TCDB.3_A_3_7_1_comp3
G_3_A_3_7_1_comp4,P_3_A_3_7_1_comp1+3_A_3_7_1_comp2+3_A_3_7_1_comp3+3_A_3_7_1_comp4,R_3_A_3_7_1,TCDB,TCDB.3_A_3_7_1_comp4
G_9_A_14_1_1_comp1,P_9_A_14_1_1_comp1,R_9_A_14_1_1,TCDB,TCDB.9_A_14_1_1_comp1
G_8_B_14_2_5_comp1,P_8_B_14_2_5_comp1,R_8_B_14_2_5,TCDB,TCDB.8_B_14_2_5_comp1
G_2_A_6_6_5_comp1,P_2_A_6_6_5_comp1,R_2_A_6_6_5,TCDB,TCDB.2_A_6_6_5_comp1
G_1_C_91_1_1_comp1,P_1_C_91_1_1_comp1,R_1_C_91_1_1,TCDB,TCDB.1_C_91_1_1_comp1
G_1_A_31_1_3_comp1,P_1_A_31_1_3_comp1,R_1_A_31_1_3,TCDB,TCDB.1_A_31_1_3_comp1
G_1_C_48_1_2_comp1,P_1_C_48_1_2_comp1,R_1_C_48_1_2,TCDB,TCDB.1_C_48_1_2_comp1
G_3_A_3_2_43_comp1,P_3_A_3_2_43_comp1,R_3_A_3_2_43,TCDB,TCDB.3_A_3_2_43_comp1
G_1_C_32_1_4_comp1,P_1_C_32_1_4_comp1,R_1_C_32_1_4,TCDB,TCDB.1_C_32_1_4_comp1
G_8_A_81_1_4_comp1,P_8_A_81_1_4_comp1,R_8_A_81_1_4,TCDB,TCDB.8_A_81_1_4_comp1
G_3_A_1_5_1_comp1,P_3_A_1_5_1_comp1+3_A_1_5_1_comp2+3_A_1_5_1_comp3+3_A_1_5_1_comp4+3_A_1_5_1_comp5+3_A_1_5_1_comp6,R_3_A_1_5_1,TCDB,TCDB.3_A_1_5_1_comp1
G_3_A_1_5_1_comp2,P_3_A_1_5_1_comp1+3_A_1_5_1_comp2+3_A_1_5_1_comp3+3_A_1_5_1_comp4+3_A_1_5_1_comp5+3_A_1_5_1_comp6,R_3_A_1_5_1,TCDB,TCDB.3_A_1_5_1_comp2
G_3_A_1_5_1_comp3,P_3_A_1_5_1_comp1+3_A_1_5_1_comp2+3_A_1_5_1_comp3+3_A_1_5_1_comp4+3_A_1_5_1_comp5+3_A_1_5_1_comp6,R_3_A_1_5_1,TCDB,TCDB.3_A_1_5_1_comp3
G_3_A_1_5_1_comp4,P_3_A_1_5_1_comp1+3_A_1_5_1_comp2+3_A_1_5_1_comp3+3_A_1_5_1_comp4+3_A_1_5_1_comp5+3_A_1_5_1_comp6,R_3_A_1_5_1,TCDB,TCDB.3_A_1_5_1_comp4
G_3_A_1_5_1_comp5,P_3_A_1_5_1_comp1+3_A_1_5_1_comp2+3_A_1_5_1_comp3+3_A_1_5_1_comp4+3_A_1_5_1_comp5+3_A_1_5_1_comp6,R_3_A_1_5_1,TCDB,TCDB.3_A_1_5_1_comp5
G_3_A_1_5_1_comp6,P_3_A_1_5_1_comp1+3_A_1_5_1_comp2+3_A_1_5_1_comp3+3_A_1_5_1_comp4+3_A_1_5_1_comp5+3_A_1_5_1_comp6,R_3_A_1_5_1,TCDB,TCDB.3_A_1_5_1_comp6
G_9_B_212_1_1_comp1,P_9_B_212_1_1_comp1,R_9_B_212_1_1,TCDB,TCDB.9_B_212_1_1_comp1
G_1_W_6_1_1_comp1,P_1_W_6_1_1_comp1,R_1_W_6_1_1,TCDB,TCDB.1_W_6_1_1_comp1
G_1_C_121_1_2_comp1,P_1_C_121_1_2_comp1,R_1_C_121_1_2,TCDB,TCDB.1_C_121_1_2_comp1
G_8_A_23_1_13_comp1,P_8_A_23_1_13_comp1,R_8_A_23_1_13,TCDB,TCDB.8_A_23_1_13_comp1
G_1_C_1_4_1_comp1,P_1_C_1_4_1_comp1+1_C_1_4_1_comp2,R_1_C_1_4_1,TCDB,TCDB.1_C_1_4_1_comp1
G_1_C_1_4_1_comp2,P_1_C_1_4_1_comp1+1_C_1_4_1_comp2,R_1_C_1_4_1,TCDB,TCDB.1_C_1_4_1_comp2
G_1_C_1_1_2_comp1,P_1_C_1_1_2_comp1,R_1_C_1_1_2,TCDB,TCDB.1_C_1_1_2_comp1
G_1_C_1_3_1_comp1,P_1_C_1_3_1_comp1,R_1_C_1_3_1,TCDB,TCDB.1_C_1_3_1_comp1
G_1_A_94_1_1_comp1,P_1_A_94_1_1_comp1,R_1_A_94_1_1,TCDB,TCDB.1_A_94_1_1_comp1
G_1_G_16_1_3_comp1,P_1_G_16_1_3_comp1,R_1_G_16_1_3,TCDB,TCDB.1_G_16_1_3_comp1
G_8_A_23_1_39_comp1,P_8_A_23_1_39_comp1+8_A_23_1_39_comp2,R_8_A_23_1_39,TCDB,TCDB.8_A_23_1_39_comp1
G_8_A_23_1_39_comp2,P_8_A_23_1_39_comp1+8_A_23_1_39_comp2,R_8_A_23_1_39,TCDB,TCDB.8_A_23_1_39_comp2
G_1_C_110_1_1_comp1,P_1_C_110_1_1_comp1,R_1_C_110_1_1,TCDB,TCDB.1_C_110_1_1_comp1
G_2_A_29_1_3_comp1,P_2_A_29_1_3_comp1,R_2_A_29_1_3,TCDB,TCDB.2_A_29_1_3_comp1
G_3_A_15_2_1_comp1,P_3_A_15_2_1_comp1+3_A_15_2_1_comp2+3_A_15_2_1_comp3+3_A_15_2_1_comp4+3_A_15_2_1_comp5+3_A_15_2_1_comp6+3_A_15_2_1_comp7+3_A_15_2_1_comp8+3_A_15_2_1_comp9,R_3_A_15_2_1,TCDB,TCDB.3_A_15_2_1_comp1
G_3_A_15_2_1_comp2,P_3_A_15_2_1_comp1+3_A_15_2_1_comp2+3_A_15_2_1_comp3+3_A_15_2_1_comp4+3_A_15_2_1_comp5+3_A_15_2_1_comp6+3_A_15_2_1_comp7+3_A_15_2_1_comp8+3_A_15_2_1_comp9,R_3_A_15_2_1,TCDB,TCDB.3_A_15_2_1_comp2
G_3_A_15_2_1_comp3,P_3_A_15_2_1_comp1+3_A_15_2_1_comp2+3_A_15_2_1_comp3+3_A_15_2_1_comp4+3_A_15_2_1_comp5+3_A_15_2_1_comp6+3_A_15_2_1_comp7+3_A_15_2_1_comp8+3_A_15_2_1_comp9,R_3_A_15_2_1,TCDB,TCDB.3_A_15_2_1_comp3
G_3_A_15_2_1_comp4,P_3_A_15_2_1_comp1+3_A_15_2_1_comp2+3_A_15_2_1_comp3+3_A_15_2_1_comp4+3_A_15_2_1_comp5+3_A_15_2_1_comp6+3_A_15_2_1_comp7+3_A_15_2_1_comp8+3_A_15_2_1_comp9,R_3_A_15_2_1,TCDB,TCDB.3_A_15_2_1_comp4
G_3_A_15_2_1_comp5,P_3_A_15_2_1_comp1+3_A_15_2_1_comp2+3_A_15_2_1_comp3+3_A_15_2_1_comp4+3_A_15_2_1_comp5+3_A_15_2_1_comp6+3_A_15_2_1_comp7+3_A_15_2_1_comp8+3_A_15_2_1_comp9,R_3_A_15_2_1,TCDB,TCDB.3_A_15_2_1_comp5
G_3_A_15_2_1_comp6,P_3_A_15_2_1_comp1+3_A_15_2_1_comp2+3_A_15_2_1_comp3+3_A_15_2_1_comp4+3_A_15_2_1_comp5+3_A_15_2_1_comp6+3_A_15_2_1_comp7+3_A_15_2_1_comp8+3_A_15_2_1_comp9,R_3_A_15_2_1,TCDB,TCDB.3_A_15_2_1_comp6
G_3_A_15_2_1_comp7,P_3_A_15_2_1_comp1+3_A_15_2_1_comp2+3_A_15_2_1_comp3+3_A_15_2_1_comp4+3_A_15_2_1_comp5+3_A_15_2_1_comp6+3_A_15_2_1_comp7+3_A_15_2_1_comp8+3_A_15_2_1_comp9,R_3_A_15_2_1,TCDB,TCDB.3_A_15_2_1_comp7
G_3_A_15_2_1_comp8,P_3_A_15_2_1_comp1+3_A_15_2_1_comp2+3_A_15_2_1_comp3+3_A_15_2_1_comp4+3_A_15_2_1_comp5+3_A_15_2_1_comp6+3_A_15_2_1_comp7+3_A_15_2_1_comp8+3_A_15_2_1_comp9,R_3_A_15_2_1,TCDB,TCDB.3_A_15_2_1_comp8
G_3_A_15_2_1_comp9,P_3_A_15_2_1_comp1+3_A_15_2_1_comp2+3_A_15_2_1_comp3+3_A_15_2_1_comp4+3_A_15_2_1_comp5+3_A_15_2_1_comp6+3_A_15_2_1_comp7+3_A_15_2_1_comp8+3_A_15_2_1_comp9,R_3_A_15_2_1,TCDB,TCDB.3_A_15_2_1_comp9
G_3_A_1_4_1_comp1,P_3_A_1_4_1_comp1+3_A_1_4_1_comp2+3_A_1_4_1_comp3+3_A_1_4_1_comp4+3_A_1_4_1_comp5+3_A_1_4_1_comp6,R_3_A_1_4_1,TCDB,TCDB.3_A_1_4_1_comp1
G_3_A_1_4_1_comp2,P_3_A_1_4_1_comp1+3_A_1_4_1_comp2+3_A_1_4_1_comp3+3_A_1_4_1_comp4+3_A_1_4_1_comp5+3_A_1_4_1_comp6,R_3_A_1_4_1,TCDB,TCDB.3_A_1_4_1_comp2
G_3_A_1_4_1_comp3,P_3_A_1_4_1_comp1+3_A_1_4_1_comp2+3_A_1_4_1_comp3+3_A_1_4_1_comp4+3_A_1_4_1_comp5+3_A_1_4_1_comp6,R_3_A_1_4_1,TCDB,TCDB.3_A_1_4_1_comp3
G_3_A_1_4_1_comp4,P_3_A_1_4_1_comp1+3_A_1_4_1_comp2+3_A_1_4_1_comp3+3_A_1_4_1_comp4+3_A_1_4_1_comp5+3_A_1_4_1_comp6,R_3_A_1_4_1,TCDB,TCDB.3_A_1_4_1_comp4
G_3_A_1_4_1_comp5,P_3_A_1_4_1_comp1+3_A_1_4_1_comp2+3_A_1_4_1_comp3+3_A_1_4_1_comp4+3_A_1_4_1_comp5+3_A_1_4_1_comp6,R_3_A_1_4_1,TCDB,TCDB.3_A_1_4_1_comp5
G_3_A_1_4_1_comp6,P_3_A_1_4_1_comp1+3_A_1_4_1_comp2+3_A_1_4_1_comp3+3_A_1_4_1_comp4+3_A_1_4_1_comp5+3_A_1_4_1_comp6,R_3_A_1_4_1,TCDB,TCDB.3_A_1_4_1_comp6
G_2_A_3_10_4_comp1,P_2_A_3_10_4_comp1,R_2_A_3_10_4,TCDB,TCDB.2_A_3_10_4_comp1
G_5_B_1_1_1_comp1,P_5_B_1_1_1_comp1+5_B_1_1_1_comp2,R_5_B_1_1_1,TCDB,TCDB.5_B_1_1_1_comp1
G_5_B_1_1_1_comp2,P_5_B_1_1_1_comp1+5_B_1_1_1_comp2,R_5_B_1_1_1,TCDB,TCDB.5_B_1_1_1_comp2
G_1_B_8_1_1_comp1,P_1_B_8_1_1_comp1,R_1_B_8_1_1,TCDB,TCDB.1_B_8_1_1_comp1
G_9_B_142_3_17_comp1,P_9_B_142_3_17_comp1+9_B_142_3_17_comp2+9_B_142_3_17_comp3+9_B_142_3_17_comp4+9_B_142_3_17_comp5+9_B_142_3_17_comp6+9_B_142_3_17_comp7+9_B_142_3_17_comp8+9_B_142_3_17_comp9+9_B_142_3_17_comp10+9_B_142_3_17_comp11,R_9_B_142_3_17,TCDB,TCDB.9_B_142_3_17_comp1
G_9_B_142_3_17_comp2,P_9_B_142_3_17_comp1+9_B_142_3_17_comp2+9_B_142_3_17_comp3+9_B_142_3_17_comp4+9_B_142_3_17_comp5+9_B_142_3_17_comp6+9_B_142_3_17_comp7+9_B_142_3_17_comp8+9_B_142_3_17_comp9+9_B_142_3_17_comp10+9_B_142_3_17_comp11,R_9_B_142_3_17,TCDB,TCDB.9_B_142_3_17_comp2
G_9_B_142_3_17_comp3,P_9_B_142_3_17_comp1+9_B_142_3_17_comp2+9_B_142_3_17_comp3+9_B_142_3_17_comp4+9_B_142_3_17_comp5+9_B_142_3_17_comp6+9_B_142_3_17_comp7+9_B_142_3_17_comp8+9_B_142_3_17_comp9+9_B_142_3_17_comp10+9_B_142_3_17_comp11,R_9_B_142_3_17,TCDB,TCDB.9_B_142_3_17_comp3
G_9_B_142_3_17_comp4,P_9_B_142_3_17_comp1+9_B_142_3_17_comp2+9_B_142_3_17_comp3+9_B_142_3_17_comp4+9_B_142_3_17_comp5+9_B_142_3_17_comp6+9_B_142_3_17_comp7+9_B_142_3_17_comp8+9_B_142_3_17_comp9+9_B_142_3_17_comp10+9_B_142_3_17_comp11,R_9_B_142_3_17,TCDB,TCDB.9_B_142_3_17_comp4
G_9_B_142_3_17_comp5,P_9_B_142_3_17_comp1+9_B_142_3_17_comp2+9_B_142_3_17_comp3+9_B_142_3_17_comp4+9_B_142_3_17_comp5+9_B_142_3_17_comp6+9_B_142_3_17_comp7+9_B_142_3_17_comp8+9_B_142_3_17_comp9+9_B_142_3_17_comp10+9_B_142_3_17_comp11,R_9_B_142_3_17,TCDB,TCDB.9_B_142_3_17_comp5
G_9_B_142_3_17_comp6,P_9_B_142_3_17_comp1+9_B_142_3_17_comp2+9_B_142_3_17_comp3+9_B_142_3_17_comp4+9_B_142_3_17_comp5+9_B_142_3_17_comp6+9_B_142_3_17_comp7+9_B_142_3_17_comp8+9_B_142_3_17_comp9+9_B_142_3_17_comp10+9_B_142_3_17_comp11,R_9_B_142_3_17,TCDB,TCDB.9_B_142_3_17_comp6
G_9_B_142_3_17_comp7,P_9_B_142_3_17_comp1+9_B_142_3_17_comp2+9_B_142_3_17_comp3+9_B_142_3_17_comp4+9_B_142_3_17_comp5+9_B_142_3_17_comp6+9_B_142_3_17_comp7+9_B_142_3_17_comp8+9_B_142_3_17_comp9+9_B_142_3_17_comp10+9_B_142_3_17_comp11,R_9_B_142_3_17,TCDB,TCDB.9_B_142_3_17_comp7
G_9_B_142_3_17_comp8,P_9_B_142_3_17_comp1+9_B_142_3_17_comp2+9_B_142_3_17_comp3+9_B_142_3_17_comp4+9_B_142_3_17_comp5+9_B_142_3_17_comp6+9_B_142_3_17_comp7+9_B_142_3_17_comp8+9_B_142_3_17_comp9+9_B_142_3_17_comp10+9_B_142_3_17_comp11,R_9_B_142_3_17,TCDB,TCDB.9_B_142_3_17_comp8
G_9_B_142_3_17_comp9,P_9_B_142_3_17_comp1+9_B_142_3_17_comp2+9_B_142_3_17_comp3+9_B_142_3_17_comp4+9_B_142_3_17_comp5+9_B_142_3_17_comp6+9_B_142_3_17_comp7+9_B_142_3_17_comp8+9_B_142_3_17_comp9+9_B_142_3_17_comp10+9_B_142_3_17_comp11,R_9_B_142_3_17,TCDB,TCDB.9_B_142_3_17_comp9
G_9_B_142_3_17_comp10,P_9_B_142_3_17_comp1+9_B_142_3_17_comp2+9_B_142_3_17_comp3+9_B_142_3_17_comp4+9_B_142_3_17_comp5+9_B_142_3_17_comp6+9_B_142_3_17_comp7+9_B_142_3_17_comp8+9_B_142_3_17_comp9+9_B_142_3_17_comp10+9_B_142_3_17_comp11,R_9_B_142_3_17,TCDB,TCDB.9_B_142_3_17_comp10
G_9_B_142_3_17_comp11,P_9_B_142_3_17_comp1+9_B_142_3_17_comp2+9_B_142_3_17_comp3+9_B_142_3_17_comp4+9_B_142_3_17_comp5+9_B_142_3_17_comp6+9_B_142_3_17_comp7+9_B_142_3_17_comp8+9_B_142_3_17_comp9+9_B_142_3_17_comp10+9_B_142_3_17_comp11,R_9_B_142_3_17,TCDB,TCDB.9_B_142_3_17_comp11
G_1_A_68_1_1_comp1,P_1_A_68_1_1_comp1,R_1_A_68_1_1,TCDB,TCDB.1_A_68_1_1_comp1
G_1_G_2_1_2_comp1,P_1_G_2_1_2_comp1,R_1_G_2_1_2,TCDB,TCDB.1_G_2_1_2_comp1
G_2_A_31_1_2_comp1,P_2_A_31_1_2_comp1,R_2_A_31_1_2,TCDB,TCDB.2_A_31_1_2_comp1
G_1_C_8_1_2_comp1,P_1_C_8_1_2_comp1,R_1_C_8_1_2,TCDB,TCDB.1_C_8_1_2_comp1
G_1_C_72_1_1_comp1,P_1_C_72_1_1_comp1+1_C_72_1_1_comp2+1_C_72_1_1_comp3+1_C_72_1_1_comp4+1_C_72_1_1_comp5,R_1_C_72_1_1,TCDB,TCDB.1_C_72_1_1_comp1
G_1_C_72_1_1_comp2,P_1_C_72_1_1_comp1+1_C_72_1_1_comp2+1_C_72_1_1_comp3+1_C_72_1_1_comp4+1_C_72_1_1_comp5,R_1_C_72_1_1,TCDB,TCDB.1_C_72_1_1_comp2
G_1_C_72_1_1_comp3,P_1_C_72_1_1_comp1+1_C_72_1_1_comp2+1_C_72_1_1_comp3+1_C_72_1_1_comp4+1_C_72_1_1_comp5,R_1_C_72_1_1,TCDB,TCDB.1_C_72_1_1_comp3
G_1_C_72_1_1_comp4,P_1_C_72_1_1_comp1+1_C_72_1_1_comp2+1_C_72_1_1_comp3+1_C_72_1_1_comp4+1_C_72_1_1_comp5,R_1_C_72_1_1,TCDB,TCDB.1_C_72_1_1_comp4
G_1_C_72_1_1_comp5,P_1_C_72_1_1_comp1+1_C_72_1_1_comp2+1_C_72_1_1_comp3+1_C_72_1_1_comp4+1_C_72_1_1_comp5,R_1_C_72_1_1,TCDB,TCDB.1_C_72_1_1_comp5
G_3_E_2_2_1_comp1,P_3_E_2_2_1_comp1+3_E_2_2_1_comp2+3_E_2_2_1_comp3+3_E_2_2_1_comp4+3_E_2_2_1_comp5+3_E_2_2_1_comp6+3_E_2_2_1_comp7+3_E_2_2_1_comp8+3_E_2_2_1_comp9+3_E_2_2_1_comp10,R_3_E_2_2_1,TCDB,TCDB.3_E_2_2_1_comp1
G_3_E_2_2_1_comp2,P_3_E_2_2_1_comp1+3_E_2_2_1_comp2+3_E_2_2_1_comp3+3_E_2_2_1_comp4+3_E_2_2_1_comp5+3_E_2_2_1_comp6+3_E_2_2_1_comp7+3_E_2_2_1_comp8+3_E_2_2_1_comp9+3_E_2_2_1_comp10,R_3_E_2_2_1,TCDB,TCDB.3_E_2_2_1_comp2
G_3_E_2_2_1_comp3,P_3_E_2_2_1_comp1+3_E_2_2_1_comp2+3_E_2_2_1_comp3+3_E_2_2_1_comp4+3_E_2_2_1_comp5+3_E_2_2_1_comp6+3_E_2_2_1_comp7+3_E_2_2_1_comp8+3_E_2_2_1_comp9+3_E_2_2_1_comp10,R_3_E_2_2_1,TCDB,TCDB.3_E_2_2_1_comp3
G_3_E_2_2_1_comp4,P_3_E_2_2_1_comp1+3_E_2_2_1_comp2+3_E_2_2_1_comp3+3_E_2_2_1_comp4+3_E_2_2_1_comp5+3_E_2_2_1_comp6+3_E_2_2_1_comp7+3_E_2_2_1_comp8+3_E_2_2_1_comp9+3_E_2_2_1_comp10,R_3_E_2_2_1,TCDB,TCDB.3_E_2_2_1_comp4
G_3_E_2_2_1_comp5,P_3_E_2_2_1_comp1+3_E_2_2_1_comp2+3_E_2_2_1_comp3+3_E_2_2_1_comp4+3_E_2_2_1_comp5+3_E_2_2_1_comp6+3_E_2_2_1_comp7+3_E_2_2_1_comp8+3_E_2_2_1_comp9+3_E_2_2_1_comp10,R_3_E_2_2_1,TCDB,TCDB.3_E_2_2_1_comp5
G_3_E_2_2_1_comp6,P_3_E_2_2_1_comp1+3_E_2_2_1_comp2+3_E_2_2_1_comp3+3_E_2_2_1_comp4+3_E_2_2_1_comp5+3_E_2_2_1_comp6+3_E_2_2_1_comp7+3_E_2_2_1_comp8+3_E_2_2_1_comp9+3_E_2_2_1_comp10,R_3_E_2_2_1,TCDB,TCDB.3_E_2_2_1_comp6
G_3_E_2_2_1_comp7,P_3_E_2_2_1_comp1+3_E_2_2_1_comp2+3_E_2_2_1_comp3+3_E_2_2_1_comp4+3_E_2_2_1_comp5+3_E_2_2_1_comp6+3_E_2_2_1_comp7+3_E_2_2_1_comp8+3_E_2_2_1_comp9+3_E_2_2_1_comp10,R_3_E_2_2_1,TCDB,TCDB.3_E_2_2_1_comp7
G_3_E_2_2_1_comp8,P_3_E_2_2_1_comp1+3_E_2_2_1_comp2+3_E_2_2_1_comp3+3_E_2_2_1_comp4+3_E_2_2_1_comp5+3_E_2_2_1_comp6+3_E_2_2_1_comp7+3_E_2_2_1_comp8+3_E_2_2_1_comp9+3_E_2_2_1_comp10,R_3_E_2_2_1,TCDB,TCDB.3_E_2_2_1_comp8
G_3_E_2_2_1_comp9,P_3_E_2_2_1_comp1+3_E_2_2_1_comp2+3_E_2_2_1_comp3+3_E_2_2_1_comp4+3_E_2_2_1_comp5+3_E_2_2_1_comp6+3_E_2_2_1_comp7+3_E_2_2_1_comp8+3_E_2_2_1_comp9+3_E_2_2_1_comp10,R_3_E_2_2_1,TCDB,TCDB.3_E_2_2_1_comp9
G_3_E_2_2_1_comp10,P_3_E_2_2_1_comp1+3_E_2_2_1_comp2+3_E_2_2_1_comp3+3_E_2_2_1_comp4+3_E_2_2_1_comp5+3_E_2_2_1_comp6+3_E_2_2_1_comp7+3_E_2_2_1_comp8+3_E_2_2_1_comp9+3_E_2_2_1_comp10,R_3_E_2_2_1,TCDB,TCDB.3_E_2_2_1_comp10
G_3_A_3_1_1_comp1,P_3_A_3_1_1_comp1+3_A_3_1_1_comp2+3_A_3_1_1_comp3+3_A_3_1_1_comp4+3_A_3_1_1_comp5+3_A_3_1_1_comp6,R_3_A_3_1_1,TCDB,TCDB.3_A_3_1_1_comp1
G_3_A_3_1_1_comp2,P_3_A_3_1_1_comp1+3_A_3_1_1_comp2+3_A_3_1_1_comp3+3_A_3_1_1_comp4+3_A_3_1_1_comp5+3_A_3_1_1_comp6,R_3_A_3_1_1,TCDB,TCDB.3_A_3_1_1_comp2
G_3_A_3_1_1_comp3,P_3_A_3_1_1_comp1+3_A_3_1_1_comp2+3_A_3_1_1_comp3+3_A_3_1_1_comp4+3_A_3_1_1_comp5+3_A_3_1_1_comp6,R_3_A_3_1_1,TCDB,TCDB.3_A_3_1_1_comp3
G_3_A_3_1_1_comp4,P_3_A_3_1_1_comp1+3_A_3_1_1_comp2+3_A_3_1_1_comp3+3_A_3_1_1_comp4+3_A_3_1_1_comp5+3_A_3_1_1_comp6,R_3_A_3_1_1,TCDB,TCDB.3_A_3_1_1_comp4
G_3_A_3_1_1_comp5,P_3_A_3_1_1_comp1+3_A_3_1_1_comp2+3_A_3_1_1_comp3+3_A_3_1_1_comp4+3_A_3_1_1_comp5+3_A_3_1_1_comp6,R_3_A_3_1_1,TCDB,TCDB.3_A_3_1_1_comp5
G_3_A_3_1_1_comp6,P_3_A_3_1_1_comp1+3_A_3_1_1_comp2+3_A_3_1_1_comp3+3_A_3_1_1_comp4+3_A_3_1_1_comp5+3_A_3_1_1_comp6,R_3_A_3_1_1,TCDB,TCDB.3_A_3_1_1_comp6
G_3_A_3_3_6_comp1,P_3_A_3_3_6_comp1,R_3_A_3_3_6,TCDB,TCDB.3_A_3_3_6_comp1
G_1_A_139_1_1_comp1,P_1_A_139_1_1_comp1,R_1_A_139_1_1,TCDB,TCDB.1_A_139_1_1_comp1
G_1_C_50_1_2_comp1,P_1_C_50_1_2_comp1,R_1_C_50_1_2,TCDB,TCDB.1_C_50_1_2_comp1
G_2_A_29_1_1_comp1,P_2_A_29_1_1_comp1,R_2_A_29_1_1,TCDB,TCDB.2_A_29_1_1_comp1
G_1_C_16_1_2_comp1,P_1_C_16_1_2_comp1,R_1_C_16_1_2,TCDB,TCDB.1_C_16_1_2_comp1
G_4_A_1_2_9_comp1,P_4_A_1_2_9_comp1,R_4_A_1_2_9,TCDB,TCDB.4_A_1_2_9_comp1
G_2_A_39_3_2_comp1,P_2_A_39_3_2_comp1,R_2_A_39_3_2,TCDB,TCDB.2_A_39_3_2_comp1
G_3_A_7_1_1_comp1,P_3_A_7_1_1_comp1+3_A_7_1_1_comp2+3_A_7_1_1_comp3+3_A_7_1_1_comp4+3_A_7_1_1_comp5+3_A_7_1_1_comp6+3_A_7_1_1_comp7+3_A_7_1_1_comp8+3_A_7_1_1_comp9+3_A_7_1_1_comp10+3_A_7_1_1_comp11+3_A_7_1_1_comp12,R_3_A_7_1_1,TCDB,TCDB.3_A_7_1_1_comp1
G_3_A_7_1_1_comp2,P_3_A_7_1_1_comp1+3_A_7_1_1_comp2+3_A_7_1_1_comp3+3_A_7_1_1_comp4+3_A_7_1_1_comp5+3_A_7_1_1_comp6+3_A_7_1_1_comp7+3_A_7_1_1_comp8+3_A_7_1_1_comp9+3_A_7_1_1_comp10+3_A_7_1_1_comp11+3_A_7_1_1_comp12,R_3_A_7_1_1,TCDB,TCDB.3_A_7_1_1_comp2
G_3_A_7_1_1_comp3,P_3_A_7_1_1_comp1+3_A_7_1_1_comp2+3_A_7_1_1_comp3+3_A_7_1_1_comp4+3_A_7_1_1_comp5+3_A_7_1_1_comp6+3_A_7_1_1_comp7+3_A_7_1_1_comp8+3_A_7_1_1_comp9+3_A_7_1_1_comp10+3_A_7_1_1_comp11+3_A_7_1_1_comp12,R_3_A_7_1_1,TCDB,TCDB.3_A_7_1_1_comp3
G_3_A_7_1_1_comp4,P_3_A_7_1_1_comp1+3_A_7_1_1_comp2+3_A_7_1_1_comp3+3_A_7_1_1_comp4+3_A_7_1_1_comp5+3_A_7_1_1_comp6+3_A_7_1_1_comp7+3_A_7_1_1_comp8+3_A_7_1_1_comp9+3_A_7_1_1_comp10+3_A_7_1_1_comp11+3_A_7_1_1_comp12,R_3_A_7_1_1,TCDB,TCDB.3_A_7_1_1_comp4
G_3_A_7_1_1_comp5,P_3_A_7_1_1_comp1+3_A_7_1_1_comp2+3_A_7_1_1_comp3+3_A_7_1_1_comp4+3_A_7_1_1_comp5+3_A_7_1_1_comp6+3_A_7_1_1_comp7+3_A_7_1_1_comp8+3_A_7_1_1_comp9+3_A_7_1_1_comp10+3_A_7_1_1_comp11+3_A_7_1_1_comp12,R_3_A_7_1_1,TCDB,TCDB.3_A_7_1_1_comp5
G_3_A_7_1_1_comp6,P_3_A_7_1_1_comp1+3_A_7_1_1_comp2+3_A_7_1_1_comp3+3_A_7_1_1_comp4+3_A_7_1_1_comp5+3_A_7_1_1_comp6+3_A_7_1_1_comp7+3_A_7_1_1_comp8+3_A_7_1_1_comp9+3_A_7_1_1_comp10+3_A_7_1_1_comp11+3_A_7_1_1_comp12,R_3_A_7_1_1,TCDB,TCDB.3_A_7_1_1_comp6
G_3_A_7_1_1_comp7,P_3_A_7_1_1_comp1+3_A_7_1_1_comp2+3_A_7_1_1_comp3+3_A_7_1_1_comp4+3_A_7_1_1_comp5+3_A_7_1_1_comp6+3_A_7_1_1_comp7+3_A_7_1_1_comp8+3_A_7_1_1_comp9+3_A_7_1_1_comp10+3_A_7_1_1_comp11+3_A_7_1_1_comp12,R_3_A_7_1_1,TCDB,TCDB.3_A_7_1_1_comp7
G_3_A_7_1_1_comp8,P_3_A_7_1_1_comp1+3_A_7_1_1_comp2+3_A_7_1_1_comp3+3_A_7_1_1_comp4+3_A_7_1_1_comp5+3_A_7_1_1_comp6+3_A_7_1_1_comp7+3_A_7_1_1_comp8+3_A_7_1_1_comp9+3_A_7_1_1_comp10+3_A_7_1_1_comp11+3_A_7_1_1_comp12,R_3_A_7_1_1,TCDB,TCDB.3_A_7_1_1_comp8
G_3_A_7_1_1_comp9,P_3_A_7_1_1_comp1+3_A_7_1_1_comp2+3_A_7_1_1_comp3+3_A_7_1_1_comp4+3_A_7_1_1_comp5+3_A_7_1_1_comp6+3_A_7_1_1_comp7+3_A_7_1_1_comp8+3_A_7_1_1_comp9+3_A_7_1_1_comp10+3_A_7_1_1_comp11+3_A_7_1_1_comp12,R_3_A_7_1_1,TCDB,TCDB.3_A_7_1_1_comp9
G_3_A_7_1_1_comp10,P_3_A_7_1_1_comp1+3_A_7_1_1_comp2+3_A_7_1_1_comp3+3_A_7_1_1_comp4+3_A_7_1_1_comp5+3_A_7_1_1_comp6+3_A_7_1_1_comp7+3_A_7_1_1_comp8+3_A_7_1_1_comp9+3_A_7_1_1_comp10+3_A_7_1_1_comp11+3_A_7_1_1_comp12,R_3_A_7_1_1,TCDB,TCDB.3_A_7_1_1_comp10
G_3_A_7_1_1_comp11,P_3_A_7_1_1_comp1+3_A_7_1_1_comp2+3_A_7_1_1_comp3+3_A_7_1_1_comp4+3_A_7_1_1_comp5+3_A_7_1_1_comp6+3_A_7_1_1_comp7+3_A_7_1_1_comp8+3_A_7_1_1_comp9+3_A_7_1_1_comp10+3_A_7_1_1_comp11+3_A_7_1_1_comp12,R_3_A_7_1_1,TCDB,TCDB.3_A_7_1_1_comp11
G_3_A_7_1_1_comp12,P_3_A_7_1_1_comp1+3_A_7_1_1_comp2+3_A_7_1_1_comp3+3_A_7_1_1_comp4+3_A_7_1_1_comp5+3_A_7_1_1_comp6+3_A_7_1_1_comp7+3_A_7_1_1_comp8+3_A_7_1_1_comp9+3_A_7_1_1_comp10+3_A_7_1_1_comp11+3_A_7_1_1_comp12,R_3_A_7_1_1,TCDB,TCDB.3_A_7_1_1_comp12
G_8_A_23_4_1_comp1,P_8_A_23_4_1_comp1,R_8_A_23_4_1,TCDB,TCDB.8_A_23_4_1_comp1
G_3_D_3_1_1_comp1,P_3_D_3_1_1_comp1+3_D_3_1_1_comp2+3_D_3_1_1_comp3,R_3_D_3_1_1,TCDB,TCDB.3_D_3_1_1_comp1
G_3_D_3_1_1_comp2,P_3_D_3_1_1_comp1+3_D_3_1_1_comp2+3_D_3_1_1_comp3,R_3_D_3_1_1,TCDB,TCDB.3_D_3_1_1_comp2
G_3_D_3_1_1_comp3,P_3_D_3_1_1_comp1+3_D_3_1_1_comp2+3_D_3_1_1_comp3,R_3_D_3_1_1,TCDB,TCDB.3_D_3_1_1_comp3
G_3_A_3_5_2_comp1,P_3_A_3_5_2_comp1,R_3_A_3_5_2,TCDB,TCDB.3_A_3_5_2_comp1
G_1_B_1_5_1_comp1,P_1_B_1_5_1_comp1,R_1_B_1_5_1,TCDB,TCDB.1_B_1_5_1_comp1
G_1_C_111_1_17_comp1,P_1_C_111_1_17_comp1,R_1_C_111_1_17,TCDB,TCDB.1_C_111_1_17_comp1
G_1_C_2_1_2_comp1,P_1_C_2_1_2_comp1,R_1_C_2_1_2,TCDB,TCDB.1_C_2_1_2_comp1
G_3_A_1_116_1_comp1,P_3_A_1_116_1_comp1+3_A_1_116_1_comp2,R_3_A_1_116_1,TCDB,TCDB.3_A_1_116_1_comp1
G_3_A_1_116_1_comp2,P_3_A_1_116_1_comp1+3_A_1_116_1_comp2,R_3_A_1_116_1,TCDB,TCDB.3_A_1_116_1_comp2
G_9_B_87_1_8_comp1,P_9_B_87_1_8_comp1,R_9_B_87_1_8,TCDB,TCDB.9_B_87_1_8_comp1
G_1_B_5_1_1_comp1,P_1_B_5_1_1_comp1,R_1_B_5_1_1,TCDB,TCDB.1_B_5_1_1_comp1
G_4_A_4_1_1_comp1,P_4_A_4_1_1_comp1+4_A_4_1_1_comp2+4_A_4_1_1_comp3,R_4_A_4_1_1,TCDB,TCDB.4_A_4_1_1_comp1
G_4_A_4_1_1_comp2,P_4_A_4_1_1_comp1+4_A_4_1_1_comp2+4_A_4_1_1_comp3,R_4_A_4_1_1,TCDB,TCDB.4_A_4_1_1_comp2
G_4_A_4_1_1_comp3,P_4_A_4_1_1_comp1+4_A_4_1_1_comp2+4_A_4_1_1_comp3,R_4_A_4_1_1,TCDB,TCDB.4_A_4_1_1_comp3
G_8_A_104_1_4_comp1,P_8_A_104_1_4_comp1,R_8_A_104_1_4,TCDB,TCDB.8_A_104_1_4_comp1
G_1_C_1_3_2_comp1,P_1_C_1_3_2_comp1,R_1_C_1_3_2,TCDB,TCDB.1_C_1_3_2_comp1
G_1_A_73_1_1_comp1,P_1_A_73_1_1_comp1,R_1_A_73_1_1,TCDB,TCDB.1_A_73_1_1_comp1
G_1_B_14_1_22_comp1,P_1_B_14_1_22_comp1,R_1_B_14_1_22,TCDB,TCDB.1_B_14_1_22_comp1
G_1_A_40_1_1_comp1,P_1_A_40_1_1_comp1,R_1_A_40_1_1,TCDB,TCDB.1_A_40_1_1_comp1
G_8_A_131_1_12_comp1,P_8_A_131_1_12_comp1,R_8_A_131_1_12,TCDB,TCDB.8_A_131_1_12_comp1
G_1_B_14_3_1_comp1,P_1_B_14_3_1_comp1,R_1_B_14_3_1,TCDB,TCDB.1_B_14_3_1_comp1
G_9_B_50_1_3_comp1,P_9_B_50_1_3_comp1,R_9_B_50_1_3,TCDB,TCDB.9_B_50_1_3_comp1
G_1_C_92_1_1_comp1,P_1_C_92_1_1_comp1,R_1_C_92_1_1,TCDB,TCDB.1_C_92_1_1_comp1
G_9_B_208_1_5_comp1,P_9_B_208_1_5_comp1,R_9_B_208_1_5,TCDB,TCDB.9_B_208_1_5_comp1
G_1_G_10_1_1_comp1,P_1_G_10_1_1_comp1+1_G_10_1_1_comp2+1_G_10_1_1_comp3+1_G_10_1_1_comp4,R_1_G_10_1_1,TCDB,TCDB.1_G_10_1_1_comp1
G_1_G_10_1_1_comp2,P_1_G_10_1_1_comp1+1_G_10_1_1_comp2+1_G_10_1_1_comp3+1_G_10_1_1_comp4,R_1_G_10_1_1,TCDB,TCDB.1_G_10_1_1_comp2
G_1_G_10_1_1_comp3,P_1_G_10_1_1_comp1+1_G_10_1_1_comp2+1_G_10_1_1_comp3+1_G_10_1_1_comp4,R_1_G_10_1_1,TCDB,TCDB.1_G_10_1_1_comp3
G_1_G_10_1_1_comp4,P_1_G_10_1_1_comp1+1_G_10_1_1_comp2+1_G_10_1_1_comp3+1_G_10_1_1_comp4,R_1_G_10_1_1,TCDB,TCDB.1_G_10_1_1_comp4
G_1_A_1_29_1_comp1,P_1_A_1_29_1_comp1,R_1_A_1_29_1,TCDB,TCDB.1_A_1_29_1_comp1
G_3_A_1_13_1_comp1,P_3_A_1_13_1_comp1+3_A_1_13_1_comp2+3_A_1_13_1_comp3,R_3_A_1_13_1,TCDB,TCDB.3_A_1_13_1_comp1
G_3_A_1_13_1_comp2,P_3_A_1_13_1_comp1+3_A_1_13_1_comp2+3_A_1_13_1_comp3,R_3_A_1_13_1,TCDB,TCDB.3_A_1_13_1_comp2
G_3_A_1_13_1_comp3,P_3_A_1_13_1_comp1+3_A_1_13_1_comp2+3_A_1_13_1_comp3,R_3_A_1_13_1,TCDB,TCDB.3_A_1_13_1_comp3
G_9_B_133_1_1_comp1,P_9_B_133_1_1_comp1,R_9_B_133_1_1,TCDB,TCDB.9_B_133_1_1_comp1
G_1_A_8_8_2_comp1,P_1_A_8_8_2_comp1,R_1_A_8_8_2,TCDB,TCDB.1_A_8_8_2_comp1
G_8_A_23_1_25_comp1,P_8_A_23_1_25_comp1,R_8_A_23_1_25,TCDB,TCDB.8_A_23_1_25_comp1
G_1_I_1_1_1_comp1,P_1_I_1_1_1_comp1+1_I_1_1_1_comp2+1_I_1_1_1_comp3+1_I_1_1_1_comp4+1_I_1_1_1_comp5+1_I_1_1_1_comp6+1_I_1_1_1_comp7+1_I_1_1_1_comp8+1_I_1_1_1_comp9+1_I_1_1_1_comp10+1_I_1_1_1_comp11+1_I_1_1_1_comp12+1_I_1_1_1_comp13+1_I_1_1_1_comp14+1_I_1_1_1_comp15+1_I_1_1_1_comp16+1_I_1_1_1_comp17+1_I_1_1_1_comp18+1_I_1_1_1_comp19+1_I_1_1_1_comp20+1_I_1_1_1_comp21+1_I_1_1_1_comp22+1_I_1_1_1_comp23+1_I_1_1_1_comp24+1_I_1_1_1_comp25+1_I_1_1_1_comp26+1_I_1_1_1_comp27+1_I_1_1_1_comp28+1_I_1_1_1_comp29+1_I_1_1_1_comp30+1_I_1_1_1_comp31+1_I_1_1_1_comp32+1_I_1_1_1_comp33+1_I_1_1_1_comp34+1_I_1_1_1_comp35,R_1_I_1_1_1,TCDB,TCDB.1_I_1_1_1_comp1
G_1_I_1_1_1_comp2,P_1_I_1_1_1_comp1+1_I_1_1_1_comp2+1_I_1_1_1_comp3+1_I_1_1_1_comp4+1_I_1_1_1_comp5+1_I_1_1_1_comp6+1_I_1_1_1_comp7+1_I_1_1_1_comp8+1_I_1_1_1_comp9+1_I_1_1_1_comp10+1_I_1_1_1_comp11+1_I_1_1_1_comp12+1_I_1_1_1_comp13+1_I_1_1_1_comp14+1_I_1_1_1_comp15+1_I_1_1_1_comp16+1_I_1_1_1_comp17+1_I_1_1_1_comp18+1_I_1_1_1_comp19+1_I_1_1_1_comp20+1_I_1_1_1_comp21+1_I_1_1_1_comp22+1_I_1_1_1_comp23+1_I_1_1_1_comp24+1_I_1_1_1_comp25+1_I_1_1_1_comp26+1_I_1_1_1_comp27+1_I_1_1_1_comp28+1_I_1_1_1_comp29+1_I_1_1_1_comp30+1_I_1_1_1_comp31+1_I_1_1_1_comp32+1_I_1_1_1_comp33+1_I_1_1_1_comp34+1_I_1_1_1_comp35,R_1_I_1_1_1,TCDB,TCDB.1_I_1_1_1_comp2
G_1_I_1_1_1_comp3,P_1_I_1_1_1_comp1+1_I_1_1_1_comp2+1_I_1_1_1_comp3+1_I_1_1_1_comp4+1_I_1_1_1_comp5+1_I_1_1_1_comp6+1_I_1_1_1_comp7+1_I_1_1_1_comp8+1_I_1_1_1_comp9+1_I_1_1_1_comp10+1_I_1_1_1_comp11+1_I_1_1_1_comp12+1_I_1_1_1_comp13+1_I_1_1_1_comp14+1_I_1_1_1_comp15+1_I_1_1_1_comp16+1_I_1_1_1_comp17+1_I_1_1_1_comp18+1_I_1_1_1_comp19+1_I_1_1_1_comp20+1_I_1_1_1_comp21+1_I_1_1_1_comp22+1_I_1_1_1_comp23+1_I_1_1_1_comp24+1_I_1_1_1_comp25+1_I_1_1_1_comp26+1_I_1_1_1_comp27+1_I_1_1_1_comp28+1_I_1_1_1_comp29+1_I_1_1_1_comp30+1_I_1_1_1_comp31+1_I_1_1_1_comp32+1_I_1_1_1_comp33+1_I_1_1_1_comp34+1_I_1_1_1_comp35,R_1_I_1_1_1,TCDB,TCDB.1_I_1_1_1_comp3
G_1_I_1_1_1_comp4,P_1_I_1_1_1_comp1+1_I_1_1_1_comp2+1_I_1_1_1_comp3+1_I_1_1_1_comp4+1_I_1_1_1_comp5+1_I_1_1_1_comp6+1_I_1_1_1_comp7+1_I_1_1_1_comp8+1_I_1_1_1_comp9+1_I_1_1_1_comp10+1_I_1_1_1_comp11+1_I_1_1_1_comp12+1_I_1_1_1_comp13+1_I_1_1_1_comp14+1_I_1_1_1_comp15+1_I_1_1_1_comp16+1_I_1_1_1_comp17+1_I_1_1_1_comp18+1_I_1_1_1_comp19+1_I_1_1_1_comp20+1_I_1_1_1_comp21+1_I_1_1_1_comp22+1_I_1_1_1_comp23+1_I_1_1_1_comp24+1_I_1_1_1_comp25+1_I_1_1_1_comp26+1_I_1_1_1_comp27+1_I_1_1_1_comp28+1_I_1_1_1_comp29+1_I_1_1_1_comp30+1_I_1_1_1_comp31+1_I_1_1_1_comp32+1_I_1_1_1_comp33+1_I_1_1_1_comp34+1_I_1_1_1_comp35,R_1_I_1_1_1,TCDB,TCDB.1_I_1_1_1_comp4
G_1_I_1_1_1_comp5,P_1_I_1_1_1_comp1+1_I_1_1_1_comp2+1_I_1_1_1_comp3+1_I_1_1_1_comp4+1_I_1_1_1_comp5+1_I_1_1_1_comp6+1_I_1_1_1_comp7+1_I_1_1_1_comp8+1_I_1_1_1_comp9+1_I_1_1_1_comp10+1_I_1_1_1_comp11+1_I_1_1_1_comp12+1_I_1_1_1_comp13+1_I_1_1_1_comp14+1_I_1_1_1_comp15+1_I_1_1_1_comp16+1_I_1_1_1_comp17+1_I_1_1_1_comp18+1_I_1_1_1_comp19+1_I_1_1_1_comp20+1_I_1_1_1_comp21+1_I_1_1_1_comp22+1_I_1_1_1_comp23+1_I_1_1_1_comp24+1_I_1_1_1_comp25+1_I_1_1_1_comp26+1_I_1_1_1_comp27+1_I_1_1_1_comp28+1_I_1_1_1_comp29+1_I_1_1_1_comp30+1_I_1_1_1_comp31+1_I_1_1_1_comp32+1_I_1_1_1_comp33+1_I_1_1_1_comp34+1_I_1_1_1_comp35,R_1_I_1_1_1,TCDB,TCDB.1_I_1_1_1_comp5
G_1_I_1_1_1_comp6,P_1_I_1_1_1_comp1+1_I_1_1_1_comp2+1_I_1_1_1_comp3+1_I_1_1_1_comp4+1_I_1_1_1_comp5+1_I_1_1_1_comp6+1_I_1_1_1_comp7+1_I_1_1_1_comp8+1_I_1_1_1_comp9+1_I_1_1_1_comp10+1_I_1_1_1_comp11+1_I_1_1_1_comp12+1_I_1_1_1_comp13+1_I_1_1_1_comp14+1_I_1_1_1_comp15+1_I_1_1_1_comp16+1_I_1_1_1_comp17+1_I_1_1_1_comp18+1_I_1_1_1_comp19+1_I_1_1_1_comp20+1_I_1_1_1_comp21+1_I_1_1_1_comp22+1_I_1_1_1_comp23+1_I_1_1_1_comp24+1_I_1_1_1_comp25+1_I_1_1_1_comp26+1_I_1_1_1_comp27+1_I_1_1_1_comp28+1_I_1_1_1_comp29+1_I_1_1_1_comp30+1_I_1_1_1_comp31+1_I_1_1_1_comp32+1_I_1_1_1_comp33+1_I_1_1_1_comp34+1_I_1_1_1_comp35,R_1_I_1_1_1,TCDB,TCDB.1_I_1_1_1_comp6
G_1_I_1_1_1_comp7,P_1_I_1_1_1_comp1+1_I_1_1_1_comp2+1_I_1_1_1_comp3+1_I_1_1_1_comp4+1_I_1_1_1_comp5+1_I_1_1_1_comp6+1_I_1_1_1_comp7+1_I_1_1_1_comp8+1_I_1_1_1_comp9+1_I_1_1_1_comp10+1_I_1_1_1_comp11+1_I_1_1_1_comp12+1_I_1_1_1_comp13+1_I_1_1_1_comp14+1_I_1_1_1_comp15+1_I_1_1_1_comp16+1_I_1_1_1_comp17+1_I_1_1_1_comp18+1_I_1_1_1_comp19+1_I_1_1_1_comp20+1_I_1_1_1_comp21+1_I_1_1_1_comp22+1_I_1_1_1_comp23+1_I_1_1_1_comp24+1_I_1_1_1_comp25+1_I_1_1_1_comp26+1_I_1_1_1_comp27+1_I_1_1_1_comp28+1_I_1_1_1_comp29+1_I_1_1_1_comp30+1_I_1_1_1_comp31+1_I_1_1_1_comp32+1_I_1_1_1_comp33+1_I_1_1_1_comp34+1_I_1_1_1_comp35,R_1_I_1_1_1,TCDB,TCDB.1_I_1_1_1_comp7
G_1_I_1_1_1_comp8,P_1_I_1_1_1_comp1+1_I_1_1_1_comp2+1_I_1_1_1_comp3+1_I_1_1_1_comp4+1_I_1_1_1_comp5+1_I_1_1_1_comp6+1_I_1_1_1_comp7+1_I_1_1_1_comp8+1_I_1_1_1_comp9+1_I_1_1_1_comp10+1_I_1_1_1_comp11+1_I_1_1_1_comp12+1_I_1_1_1_comp13+1_I_1_1_1_comp14+1_I_1_1_1_comp15+1_I_1_1_1_comp16+1_I_1_1_1_comp17+1_I_1_1_1_comp18+1_I_1_1_1_comp19+1_I_1_1_1_comp20+1_I_1_1_1_comp21+1_I_1_1_1_comp22+1_I_1_1_1_comp23+1_I_1_1_1_comp24+1_I_1_1_1_comp25+1_I_1_1_1_comp26+1_I_1_1_1_comp27+1_I_1_1_1_comp28+1_I_1_1_1_comp29+1_I_1_1_1_comp30+1_I_1_1_1_comp31+1_I_1_1_1_comp32+1_I_1_1_1_comp33+1_I_1_1_1_comp34+1_I_1_1_1_comp35,R_1_I_1_1_1,TCDB,TCDB.1_I_1_1_1_comp8
G_1_I_1_1_1_comp9,P_1_I_1_1_1_comp1+1_I_1_1_1_comp2+1_I_1_1_1_comp3+1_I_1_1_1_comp4+1_I_1_1_1_comp5+1_I_1_1_1_comp6+1_I_1_1_1_comp7+1_I_1_1_1_comp8+1_I_1_1_1_comp9+1_I_1_1_1_comp10+1_I_1_1_1_comp11+1_I_1_1_1_comp12+1_I_1_1_1_comp13+1_I_1_1_1_comp14+1_I_1_1_1_comp15+1_I_1_1_1_comp16+1_I_1_1_1_comp17+1_I_1_1_1_comp18+1_I_1_1_1_comp19+1_I_1_1_1_comp20+1_I_1_1_1_comp21+1_I_1_1_1_comp22+1_I_1_1_1_comp23+1_I_1_1_1_comp24+1_I_1_1_1_comp25+1_I_1_1_1_comp26+1_I_1_1_1_comp27+1_I_1_1_1_comp28+1_I_1_1_1_comp29+1_I_1_1_1_comp30+1_I_1_1_1_comp31+1_I_1_1_1_comp32+1_I_1_1_1_comp33+1_I_1_1_1_comp34+1_I_1_1_1_comp35,R_1_I_1_1_1,TCDB,TCDB.1_I_1_1_1_comp9
G_1_I_1_1_1_comp10,P_1_I_1_1_1_comp1+1_I_1_1_1_comp2+1_I_1_1_1_comp3+1_I_1_1_1_comp4+1_I_1_1_1_comp5+1_I_1_1_1_comp6+1_I_1_1_1_comp7+1_I_1_1_1_comp8+1_I_1_1_1_comp9+1_I_1_1_1_comp10+1_I_1_1_1_comp11+1_I_1_1_1_comp12+1_I_1_1_1_comp13+1_I_1_1_1_comp14+1_I_1_1_1_comp15+1_I_1_1_1_comp16+1_I_1_1_1_comp17+1_I_1_1_1_comp18+1_I_1_1_1_comp19+1_I_1_1_1_comp20+1_I_1_1_1_comp21+1_I_1_1_1_comp22+1_I_1_1_1_comp23+1_I_1_1_1_comp24+1_I_1_1_1_comp25+1_I_1_1_1_comp26+1_I_1_1_1_comp27+1_I_1_1_1_comp28+1_I_1_1_1_comp29+1_I_1_1_1_comp30+1_I_1_1_1_comp31+1_I_1_1_1_comp32+1_I_1_1_1_comp33+1_I_1_1_1_comp34+1_I_1_1_1_comp35,R_1_I_1_1_1,TCDB,TCDB.1_I_1_1_1_comp10
G_1_I_1_1_1_comp11,P_1_I_1_1_1_comp1+1_I_1_1_1_comp2+1_I_1_1_1_comp3+1_I_1_1_1_comp4+1_I_1_1_1_comp5+1_I_1_1_1_comp6+1_I_1_1_1_comp7+1_I_1_1_1_comp8+1_I_1_1_1_comp9+1_I_1_1_1_comp10+1_I_1_1_1_comp11+1_I_1_1_1_comp12+1_I_1_1_1_comp13+1_I_1_1_1_comp14+1_I_1_1_1_comp15+1_I_1_1_1_comp16+1_I_1_1_1_comp17+1_I_1_1_1_comp18+1_I_1_1_1_comp19+1_I_1_1_1_comp20+1_I_1_1_1_comp21+1_I_1_1_1_comp22+1_I_1_1_1_comp23+1_I_1_1_1_comp24+1_I_1_1_1_comp25+1_I_1_1_1_comp26+1_I_1_1_1_comp27+1_I_1_1_1_comp28+1_I_1_1_1_comp29+1_I_1_1_1_comp30+1_I_1_1_1_comp31+1_I_1_1_1_comp32+1_I_1_1_1_comp33+1_I_1_1_1_comp34+1_I_1_1_1_comp35,R_1_I_1_1_1,TCDB,TCDB.1_I_1_1_1_comp11
G_1_I_1_1_1_comp12,P_1_I_1_1_1_comp1+1_I_1_1_1_comp2+1_I_1_1_1_comp3+1_I_1_1_1_comp4+1_I_1_1_1_comp5+1_I_1_1_1_comp6+1_I_1_1_1_comp7+1_I_1_1_1_comp8+1_I_1_1_1_comp9+1_I_1_1_1_comp10+1_I_1_1_1_comp11+1_I_1_1_1_comp12+1_I_1_1_1_comp13+1_I_1_1_1_comp14+1_I_1_1_1_comp15+1_I_1_1_1_comp16+1_I_1_1_1_comp17+1_I_1_1_1_comp18+1_I_1_1_1_comp19+1_I_1_1_1_comp20+1_I_1_1_1_comp21+1_I_1_1_1_comp22+1_I_1_1_1_comp23+1_I_1_1_1_comp24+1_I_1_1_1_comp25+1_I_1_1_1_comp26+1_I_1_1_1_comp27+1_I_1_1_1_comp28+1_I_1_1_1_comp29+1_I_1_1_1_comp30+1_I_1_1_1_comp31+1_I_1_1_1_comp32+1_I_1_1_1_comp33+1_I_1_1_1_comp34+1_I_1_1_1_comp35,R_1_I_1_1_1,TCDB,TCDB.1_I_1_1_1_comp12
G_1_I_1_1_1_comp13,P_1_I_1_1_1_comp1+1_I_1_1_1_comp2+1_I_1_1_1_comp3+1_I_1_1_1_comp4+1_I_1_1_1_comp5+1_I_1_1_1_comp6+1_I_1_1_1_comp7+1_I_1_1_1_comp8+1_I_1_1_1_comp9+1_I_1_1_1_comp10+1_I_1_1_1_comp11+1_I_1_1_1_comp12+1_I_1_1_1_comp13+1_I_1_1_1_comp14+1_I_1_1_1_comp15+1_I_1_1_1_comp16+1_I_1_1_1_comp17+1_I_1_1_1_comp18+1_I_1_1_1_comp19+1_I_1_1_1_comp20+1_I_1_1_1_comp21+1_I_1_1_1_comp22+1_I_1_1_1_comp23+1_I_1_1_1_comp24+1_I_1_1_1_comp25+1_I_1_1_1_comp26+1_I_1_1_1_comp27+1_I_1_1_1_comp28+1_I_1_1_1_comp29+1_I_1_1_1_comp30+1_I_1_1_1_comp31+1_I_1_1_1_comp32+1_I_1_1_1_comp33+1_I_1_1_1_comp34+1_I_1_1_1_comp35,R_1_I_1_1_1,TCDB,TCDB.1_I_1_1_1_comp13
G_1_I_1_1_1_comp14,P_1_I_1_1_1_comp1+1_I_1_1_1_comp2+1_I_1_1_1_comp3+1_I_1_1_1_comp4+1_I_1_1_1_comp5+1_I_1_1_1_comp6+1_I_1_1_1_comp7+1_I_1_1_1_comp8+1_I_1_1_1_comp9+1_I_1_1_1_comp10+1_I_1_1_1_comp11+1_I_1_1_1_comp12+1_I_1_1_1_comp13+1_I_1_1_1_comp14+1_I_1_1_1_comp15+1_I_1_1_1_comp16+1_I_1_1_1_comp17+1_I_1_1_1_comp18+1_I_1_1_1_comp19+1_I_1_1_1_comp20+1_I_1_1_1_comp21+1_I_1_1_1_comp22+1_I_1_1_1_comp23+1_I_1_1_1_comp24+1_I_1_1_1_comp25+1_I_1_1_1_comp26+1_I_1_1_1_comp27+1_I_1_1_1_comp28+1_I_1_1_1_comp29+1_I_1_1_1_comp30+1_I_1_1_1_comp31+1_I_1_1_1_comp32+1_I_1_1_1_comp33+1_I_1_1_1_comp34+1_I_1_1_1_comp35,R_1_I_1_1_1,TCDB,TCDB.1_I_1_1_1_comp14
G_1_I_1_1_1_comp15,P_1_I_1_1_1_comp1+1_I_1_1_1_comp2+1_I_1_1_1_comp3+1_I_1_1_1_comp4+1_I_1_1_1_comp5+1_I_1_1_1_comp6+1_I_1_1_1_comp7+1_I_1_1_1_comp8+1_I_1_1_1_comp9+1_I_1_1_1_comp10+1_I_1_1_1_comp11+1_I_1_1_1_comp12+1_I_1_1_1_comp13+1_I_1_1_1_comp14+1_I_1_1_1_comp15+1_I_1_1_1_comp16+1_I_1_1_1_comp17+1_I_1_1_1_comp18+1_I_1_1_1_comp19+1_I_1_1_1_comp20+1_I_1_1_1_comp21+1_I_1_1_1_comp22+1_I_1_1_1_comp23+1_I_1_1_1_comp24+1_I_1_1_1_comp25+1_I_1_1_1_comp26+1_I_1_1_1_comp27+1_I_1_1_1_comp28+1_I_1_1_1_comp29+1_I_1_1_1_comp30+1_I_1_1_1_comp31+1_I_1_1_1_comp32+1_I_1_1_1_comp33+1_I_1_1_1_comp34+1_I_1_1_1_comp35,R_1_I_1_1_1,TCDB,TCDB.1_I_1_1_1_comp15
G_1_I_1_1_1_comp16,P_1_I_1_1_1_comp1+1_I_1_1_1_comp2+1_I_1_1_1_comp3+1_I_1_1_1_comp4+1_I_1_1_1_comp5+1_I_1_1_1_comp6+1_I_1_1_1_comp7+1_I_1_1_1_comp8+1_I_1_1_1_comp9+1_I_1_1_1_comp10+1_I_1_1_1_comp11+1_I_1_1_1_comp12+1_I_1_1_1_comp13+1_I_1_1_1_comp14+1_I_1_1_1_comp15+1_I_1_1_1_comp16+1_I_1_1_1_comp17+1_I_1_1_1_comp18+1_I_1_1_1_comp19+1_I_1_1_1_comp20+1_I_1_1_1_comp21+1_I_1_1_1_comp22+1_I_1_1_1_comp23+1_I_1_1_1_comp24+1_I_1_1_1_comp25+1_I_1_1_1_comp26+1_I_1_1_1_comp27+1_I_1_1_1_comp28+1_I_1_1_1_comp29+1_I_1_1_1_comp30+1_I_1_1_1_comp31+1_I_1_1_1_comp32+1_I_1_1_1_comp33+1_I_1_1_1_comp34+1_I_1_1_1_comp35,R_1_I_1_1_1,TCDB,TCDB.1_I_1_1_1_comp16
G_1_I_1_1_1_comp17,P_1_I_1_1_1_comp1+1_I_1_1_1_comp2+1_I_1_1_1_comp3+1_I_1_1_1_comp4+1_I_1_1_1_comp5+1_I_1_1_1_comp6+1_I_1_1_1_comp7+1_I_1_1_1_comp8+1_I_1_1_1_comp9+1_I_1_1_1_comp10+1_I_1_1_1_comp11+1_I_1_1_1_comp12+1_I_1_1_1_comp13+1_I_1_1_1_comp14+1_I_1_1_1_comp15+1_I_1_1_1_comp16+1_I_1_1_1_comp17+1_I_1_1_1_comp18+1_I_1_1_1_comp19+1_I_1_1_1_comp20+1_I_1_1_1_comp21+1_I_1_1_1_comp22+1_I_1_1_1_comp23+1_I_1_1_1_comp24+1_I_1_1_1_comp25+1_I_1_1_1_comp26+1_I_1_1_1_comp27+1_I_1_1_1_comp28+1_I_1_1_1_comp29+1_I_1_1_1_comp30+1_I_1_1_1_comp31+1_I_1_1_1_comp32+1_I_1_1_1_comp33+1_I_1_1_1_comp34+1_I_1_1_1_comp35,R_1_I_1_1_1,TCDB,TCDB.1_I_1_1_1_comp17
G_1_I_1_1_1_comp18,P_1_I_1_1_1_comp1+1_I_1_1_1_comp2+1_I_1_1_1_comp3+1_I_1_1_1_comp4+1_I_1_1_1_comp5+1_I_1_1_1_comp6+1_I_1_1_1_comp7+1_I_1_1_1_comp8+1_I_1_1_1_comp9+1_I_1_1_1_comp10+1_I_1_1_1_comp11+1_I_1_1_1_comp12+1_I_1_1_1_comp13+1_I_1_1_1_comp14+1_I_1_1_1_comp15+1_I_1_1_1_comp16+1_I_1_1_1_comp17+1_I_1_1_1_comp18+1_I_1_1_1_comp19+1_I_1_1_1_comp20+1_I_1_1_1_comp21+1_I_1_1_1_comp22+1_I_1_1_1_comp23+1_I_1_1_1_comp24+1_I_1_1_1_comp25+1_I_1_1_1_comp26+1_I_1_1_1_comp27+1_I_1_1_1_comp28+1_I_1_1_1_comp29+1_I_1_1_1_comp30+1_I_1_1_1_comp31+1_I_1_1_1_comp32+1_I_1_1_1_comp33+1_I_1_1_1_comp34+1_I_1_1_1_comp35,R_1_I_1_1_1,TCDB,TCDB.1_I_1_1_1_comp18
G_1_I_1_1_1_comp19,P_1_I_1_1_1_comp1+1_I_1_1_1_comp2+1_I_1_1_1_comp3+1_I_1_1_1_comp4+1_I_1_1_1_comp5+1_I_1_1_1_comp6+1_I_1_1_1_comp7+1_I_1_1_1_comp8+1_I_1_1_1_comp9+1_I_1_1_1_comp10+1_I_1_1_1_comp11+1_I_1_1_1_comp12+1_I_1_1_1_comp13+1_I_1_1_1_comp14+1_I_1_1_1_comp15+1_I_1_1_1_comp16+1_I_1_1_1_comp17+1_I_1_1_1_comp18+1_I_1_1_1_comp19+1_I_1_1_1_comp20+1_I_1_1_1_comp21+1_I_1_1_1_comp22+1_I_1_1_1_comp23+1_I_1_1_1_comp24+1_I_1_1_1_comp25+1_I_1_1_1_comp26+1_I_1_1_1_comp27+1_I_1_1_1_comp28+1_I_1_1_1_comp29+1_I_1_1_1_comp30+1_I_1_1_1_comp31+1_I_1_1_1_comp32+1_I_1_1_1_comp33+1_I_1_1_1_comp34+1_I_1_1_1_comp35,R_1_I_1_1_1,TCDB,TCDB.1_I_1_1_1_comp19
G_1_I_1_1_1_comp20,P_1_I_1_1_1_comp1+1_I_1_1_1_comp2+1_I_1_1_1_comp3+1_I_1_1_1_comp4+1_I_1_1_1_comp5+1_I_1_1_1_comp6+1_I_1_1_1_comp7+1_I_1_1_1_comp8+1_I_1_1_1_comp9+1_I_1_1_1_comp10+1_I_1_1_1_comp11+1_I_1_1_1_comp12+1_I_1_1_1_comp13+1_I_1_1_1_comp14+1_I_1_1_1_comp15+1_I_1_1_1_comp16+1_I_1_1_1_comp17+1_I_1_1_1_comp18+1_I_1_1_1_comp19+1_I_1_1_1_comp20+1_I_1_1_1_comp21+1_I_1_1_1_comp22+1_I_1_1_1_comp23+1_I_1_1_1_comp24+1_I_1_1_1_comp25+1_I_1_1_1_comp26+1_I_1_1_1_comp27+1_I_1_1_1_comp28+1_I_1_1_1_comp29+1_I_1_1_1_comp30+1_I_1_1_1_comp31+1_I_1_1_1_comp32+1_I_1_1_1_comp33+1_I_1_1_1_comp34+1_I_1_1_1_comp35,R_1_I_1_1_1,TCDB,TCDB.1_I_1_1_1_comp20
G_1_I_1_1_1_comp21,P_1_I_1_1_1_comp1+1_I_1_1_1_comp2+1_I_1_1_1_comp3+1_I_1_1_1_comp4+1_I_1_1_1_comp5+1_I_1_1_1_comp6+1_I_1_1_1_comp7+1_I_1_1_1_comp8+1_I_1_1_1_comp9+1_I_1_1_1_comp10+1_I_1_1_1_comp11+1_I_1_1_1_comp12+1_I_1_1_1_comp13+1_I_1_1_1_comp14+1_I_1_1_1_comp15+1_I_1_1_1_comp16+1_I_1_1_1_comp17+1_I_1_1_1_comp18+1_I_1_1_1_comp19+1_I_1_1_1_comp20+1_I_1_1_1_comp21+1_I_1_1_1_comp22+1_I_1_1_1_comp23+1_I_1_1_1_comp24+1_I_1_1_1_comp25+1_I_1_1_1_comp26+1_I_1_1_1_comp27+1_I_1_1_1_comp28+1_I_1_1_1_comp29+1_I_1_1_1_comp30+1_I_1_1_1_comp31+1_I_1_1_1_comp32+1_I_1_1_1_comp33+1_I_1_1_1_comp34+1_I_1_1_1_comp35,R_1_I_1_1_1,TCDB,TCDB.1_I_1_1_1_comp21
G_1_I_1_1_1_comp22,P_1_I_1_1_1_comp1+1_I_1_1_1_comp2+1_I_1_1_1_comp3+1_I_1_1_1_comp4+1_I_1_1_1_comp5+1_I_1_1_1_comp6+1_I_1_1_1_comp7+1_I_1_1_1_comp8+1_I_1_1_1_comp9+1_I_1_1_1_comp10+1_I_1_1_1_comp11+1_I_1_1_1_comp12+1_I_1_1_1_comp13+1_I_1_1_1_comp14+1_I_1_1_1_comp15+1_I_1_1_1_comp16+1_I_1_1_1_comp17+1_I_1_1_1_comp18+1_I_1_1_1_comp19+1_I_1_1_1_comp20+1_I_1_1_1_comp21+1_I_1_1_1_comp22+1_I_1_1_1_comp23+1_I_1_1_1_comp24+1_I_1_1_1_comp25+1_I_1_1_1_comp26+1_I_1_1_1_comp27+1_I_1_1_1_comp28+1_I_1_1_1_comp29+1_I_1_1_1_comp30+1_I_1_1_1_comp31+1_I_1_1_1_comp32+1_I_1_1_1_comp33+1_I_1_1_1_comp34+1_I_1_1_1_comp35,R_1_I_1_1_1,TCDB,TCDB.1_I_1_1_1_comp22
G_1_I_1_1_1_comp23,P_1_I_1_1_1_comp1+1_I_1_1_1_comp2+1_I_1_1_1_comp3+1_I_1_1_1_comp4+1_I_1_1_1_comp5+1_I_1_1_1_comp6+1_I_1_1_1_comp7+1_I_1_1_1_comp8+1_I_1_1_1_comp9+1_I_1_1_1_comp10+1_I_1_1_1_comp11+1_I_1_1_1_comp12+1_I_1_1_1_comp13+1_I_1_1_1_comp14+1_I_1_1_1_comp15+1_I_1_1_1_comp16+1_I_1_1_1_comp17+1_I_1_1_1_comp18+1_I_1_1_1_comp19+1_I_1_1_1_comp20+1_I_1_1_1_comp21+1_I_1_1_1_comp22+1_I_1_1_1_comp23+1_I_1_1_1_comp24+1_I_1_1_1_comp25+1_I_1_1_1_comp26+1_I_1_1_1_comp27+1_I_1_1_1_comp28+1_I_1_1_1_comp29+1_I_1_1_1_comp30+1_I_1_1_1_comp31+1_I_1_1_1_comp32+1_I_1_1_1_comp33+1_I_1_1_1_comp34+1_I_1_1_1_comp35,R_1_I_1_1_1,TCDB,TCDB.1_I_1_1_1_comp23
G_1_I_1_1_1_comp24,P_1_I_1_1_1_comp1+1_I_1_1_1_comp2+1_I_1_1_1_comp3+1_I_1_1_1_comp4+1_I_1_1_1_comp5+1_I_1_1_1_comp6+1_I_1_1_1_comp7+1_I_1_1_1_comp8+1_I_1_1_1_comp9+1_I_1_1_1_comp10+1_I_1_1_1_comp11+1_I_1_1_1_comp12+1_I_1_1_1_comp13+1_I_1_1_1_comp14+1_I_1_1_1_comp15+1_I_1_1_1_comp16+1_I_1_1_1_comp17+1_I_1_1_1_comp18+1_I_1_1_1_comp19+1_I_1_1_1_comp20+1_I_1_1_1_comp21+1_I_1_1_1_comp22+1_I_1_1_1_comp23+1_I_1_1_1_comp24+1_I_1_1_1_comp25+1_I_1_1_1_comp26+1_I_1_1_1_comp27+1_I_1_1_1_comp28+1_I_1_1_1_comp29+1_I_1_1_1_comp30+1_I_1_1_1_comp31+1_I_1_1_1_comp32+1_I_1_1_1_comp33+1_I_1_1_1_comp34+1_I_1_1_1_comp35,R_1_I_1_1_1,TCDB,TCDB.1_I_1_1_1_comp24
G_1_I_1_1_1_comp25,P_1_I_1_1_1_comp1+1_I_1_1_1_comp2+1_I_1_1_1_comp3+1_I_1_1_1_comp4+1_I_1_1_1_comp5+1_I_1_1_1_comp6+1_I_1_1_1_comp7+1_I_1_1_1_comp8+1_I_1_1_1_comp9+1_I_1_1_1_comp10+1_I_1_1_1_comp11+1_I_1_1_1_comp12+1_I_1_1_1_comp13+1_I_1_1_1_comp14+1_I_1_1_1_comp15+1_I_1_1_1_comp16+1_I_1_1_1_comp17+1_I_1_1_1_comp18+1_I_1_1_1_comp19+1_I_1_1_1_comp20+1_I_1_1_1_comp21+1_I_1_1_1_comp22+1_I_1_1_1_comp23+1_I_1_1_1_comp24+1_I_1_1_1_comp25+1_I_1_1_1_comp26+1_I_1_1_1_comp27+1_I_1_1_1_comp28+1_I_1_1_1_comp29+1_I_1_1_1_comp30+1_I_1_1_1_comp31+1_I_1_1_1_comp32+1_I_1_1_1_comp33+1_I_1_1_1_comp34+1_I_1_1_1_comp35,R_1_I_1_1_1,TCDB,TCDB.1_I_1_1_1_comp25
G_1_I_1_1_1_comp26,P_1_I_1_1_1_comp1+1_I_1_1_1_comp2+1_I_1_1_1_comp3+1_I_1_1_1_comp4+1_I_1_1_1_comp5+1_I_1_1_1_comp6+1_I_1_1_1_comp7+1_I_1_1_1_comp8+1_I_1_1_1_comp9+1_I_1_1_1_comp10+1_I_1_1_1_comp11+1_I_1_1_1_comp12+1_I_1_1_1_comp13+1_I_1_1_1_comp14+1_I_1_1_1_comp15+1_I_1_1_1_comp16+1_I_1_1_1_comp17+1_I_1_1_1_comp18+1_I_1_1_1_comp19+1_I_1_1_1_comp20+1_I_1_1_1_comp21+1_I_1_1_1_comp22+1_I_1_1_1_comp23+1_I_1_1_1_comp24+1_I_1_1_1_comp25+1_I_1_1_1_comp26+1_I_1_1_1_comp27+1_I_1_1_1_comp28+1_I_1_1_1_comp29+1_I_1_1_1_comp30+1_I_1_1_1_comp31+1_I_1_1_1_comp32+1_I_1_1_1_comp33+1_I_1_1_1_comp34+1_I_1_1_1_comp35,R_1_I_1_1_1,TCDB,TCDB.1_I_1_1_1_comp26
G_1_I_1_1_1_comp27,P_1_I_1_1_1_comp1+1_I_1_1_1_comp2+1_I_1_1_1_comp3+1_I_1_1_1_comp4+1_I_1_1_1_comp5+1_I_1_1_1_comp6+1_I_1_1_1_comp7+1_I_1_1_1_comp8+1_I_1_1_1_comp9+1_I_1_1_1_comp10+1_I_1_1_1_comp11+1_I_1_1_1_comp12+1_I_1_1_1_comp13+1_I_1_1_1_comp14+1_I_1_1_1_comp15+1_I_1_1_1_comp16+1_I_1_1_1_comp17+1_I_1_1_1_comp18+1_I_1_1_1_comp19+1_I_1_1_1_comp20+1_I_1_1_1_comp21+1_I_1_1_1_comp22+1_I_1_1_1_comp23+1_I_1_1_1_comp24+1_I_1_1_1_comp25+1_I_1_1_1_comp26+1_I_1_1_1_comp27+1_I_1_1_1_comp28+1_I_1_1_1_comp29+1_I_1_1_1_comp30+1_I_1_1_1_comp31+1_I_1_1_1_comp32+1_I_1_1_1_comp33+1_I_1_1_1_comp34+1_I_1_1_1_comp35,R_1_I_1_1_1,TCDB,TCDB.1_I_1_1_1_comp27
G_1_I_1_1_1_comp28,P_1_I_1_1_1_comp1+1_I_1_1_1_comp2+1_I_1_1_1_comp3+1_I_1_1_1_comp4+1_I_1_1_1_comp5+1_I_1_1_1_comp6+1_I_1_1_1_comp7+1_I_1_1_1_comp8+1_I_1_1_1_comp9+1_I_1_1_1_comp10+1_I_1_1_1_comp11+1_I_1_1_1_comp12+1_I_1_1_1_comp13+1_I_1_1_1_comp14+1_I_1_1_1_comp15+1_I_1_1_1_comp16+1_I_1_1_1_comp17+1_I_1_1_1_comp18+1_I_1_1_1_comp19+1_I_1_1_1_comp20+1_I_1_1_1_comp21+1_I_1_1_1_comp22+1_I_1_1_1_comp23+1_I_1_1_1_comp24+1_I_1_1_1_comp25+1_I_1_1_1_comp26+1_I_1_1_1_comp27+1_I_1_1_1_comp28+1_I_1_1_1_comp29+1_I_1_1_1_comp30+1_I_1_1_1_comp31+1_I_1_1_1_comp32+1_I_1_1_1_comp33+1_I_1_1_1_comp34+1_I_1_1_1_comp35,R_1_I_1_1_1,TCDB,TCDB.1_I_1_1_1_comp28
G_1_I_1_1_1_comp29,P_1_I_1_1_1_comp1+1_I_1_1_1_comp2+1_I_1_1_1_comp3+1_I_1_1_1_comp4+1_I_1_1_1_comp5+1_I_1_1_1_comp6+1_I_1_1_1_comp7+1_I_1_1_1_comp8+1_I_1_1_1_comp9+1_I_1_1_1_comp10+1_I_1_1_1_comp11+1_I_1_1_1_comp12+1_I_1_1_1_comp13+1_I_1_1_1_comp14+1_I_1_1_1_comp15+1_I_1_1_1_comp16+1_I_1_1_1_comp17+1_I_1_1_1_comp18+1_I_1_1_1_comp19+1_I_1_1_1_comp20+1_I_1_1_1_comp21+1_I_1_1_1_comp22+1_I_1_1_1_comp23+1_I_1_1_1_comp24+1_I_1_1_1_comp25+1_I_1_1_1_comp26+1_I_1_1_1_comp27+1_I_1_1_1_comp28+1_I_1_1_1_comp29+1_I_1_1_1_comp30+1_I_1_1_1_comp31+1_I_1_1_1_comp32+1_I_1_1_1_comp33+1_I_1_1_1_comp34+1_I_1_1_1_comp35,R_1_I_1_1_1,TCDB,TCDB.1_I_1_1_1_comp29
G_1_I_1_1_1_comp30,P_1_I_1_1_1_comp1+1_I_1_1_1_comp2+1_I_1_1_1_comp3+1_I_1_1_1_comp4+1_I_1_1_1_comp5+1_I_1_1_1_comp6+1_I_1_1_1_comp7+1_I_1_1_1_comp8+1_I_1_1_1_comp9+1_I_1_1_1_comp10+1_I_1_1_1_comp11+1_I_1_1_1_comp12+1_I_1_1_1_comp13+1_I_1_1_1_comp14+1_I_1_1_1_comp15+1_I_1_1_1_comp16+1_I_1_1_1_comp17+1_I_1_1_1_comp18+1_I_1_1_1_comp19+1_I_1_1_1_comp20+1_I_1_1_1_comp21+1_I_1_1_1_comp22+1_I_1_1_1_comp23+1_I_1_1_1_comp24+1_I_1_1_1_comp25+1_I_1_1_1_comp26+1_I_1_1_1_comp27+1_I_1_1_1_comp28+1_I_1_1_1_comp29+1_I_1_1_1_comp30+1_I_1_1_1_comp31+1_I_1_1_1_comp32+1_I_1_1_1_comp33+1_I_1_1_1_comp34+1_I_1_1_1_comp35,R_1_I_1_1_1,TCDB,TCDB.1_I_1_1_1_comp30
G_1_I_1_1_1_comp31,P_1_I_1_1_1_comp1+1_I_1_1_1_comp2+1_I_1_1_1_comp3+1_I_1_1_1_comp4+1_I_1_1_1_comp5+1_I_1_1_1_comp6+1_I_1_1_1_comp7+1_I_1_1_1_comp8+1_I_1_1_1_comp9+1_I_1_1_1_comp10+1_I_1_1_1_comp11+1_I_1_1_1_comp12+1_I_1_1_1_comp13+1_I_1_1_1_comp14+1_I_1_1_1_comp15+1_I_1_1_1_comp16+1_I_1_1_1_comp17+1_I_1_1_1_comp18+1_I_1_1_1_comp19+1_I_1_1_1_comp20+1_I_1_1_1_comp21+1_I_1_1_1_comp22+1_I_1_1_1_comp23+1_I_1_1_1_comp24+1_I_1_1_1_comp25+1_I_1_1_1_comp26+1_I_1_1_1_comp27+1_I_1_1_1_comp28+1_I_1_1_1_comp29+1_I_1_1_1_comp30+1_I_1_1_1_comp31+1_I_1_1_1_comp32+1_I_1_1_1_comp33+1_I_1_1_1_comp34+1_I_1_1_1_comp35,R_1_I_1_1_1,TCDB,TCDB.1_I_1_1_1_comp31
G_1_I_1_1_1_comp32,P_1_I_1_1_1_comp1+1_I_1_1_1_comp2+1_I_1_1_1_comp3+1_I_1_1_1_comp4+1_I_1_1_1_comp5+1_I_1_1_1_comp6+1_I_1_1_1_comp7+1_I_1_1_1_comp8+1_I_1_1_1_comp9+1_I_1_1_1_comp10+1_I_1_1_1_comp11+1_I_1_1_1_comp12+1_I_1_1_1_comp13+1_I_1_1_1_comp14+1_I_1_1_1_comp15+1_I_1_1_1_comp16+1_I_1_1_1_comp17+1_I_1_1_1_comp18+1_I_1_1_1_comp19+1_I_1_1_1_comp20+1_I_1_1_1_comp21+1_I_1_1_1_comp22+1_I_1_1_1_comp23+1_I_1_1_1_comp24+1_I_1_1_1_comp25+1_I_1_1_1_comp26+1_I_1_1_1_comp27+1_I_1_1_1_comp28+1_I_1_1_1_comp29+1_I_1_1_1_comp30+1_I_1_1_1_comp31+1_I_1_1_1_comp32+1_I_1_1_1_comp33+1_I_1_1_1_comp34+1_I_1_1_1_comp35,R_1_I_1_1_1,TCDB,TCDB.1_I_1_1_1_comp32
G_1_I_1_1_1_comp33,P_1_I_1_1_1_comp1+1_I_1_1_1_comp2+1_I_1_1_1_comp3+1_I_1_1_1_comp4+1_I_1_1_1_comp5+1_I_1_1_1_comp6+1_I_1_1_1_comp7+1_I_1_1_1_comp8+1_I_1_1_1_comp9+1_I_1_1_1_comp10+1_I_1_1_1_comp11+1_I_1_1_1_comp12+1_I_1_1_1_comp13+1_I_1_1_1_comp14+1_I_1_1_1_comp15+1_I_1_1_1_comp16+1_I_1_1_1_comp17+1_I_1_1_1_comp18+1_I_1_1_1_comp19+1_I_1_1_1_comp20+1_I_1_1_1_comp21+1_I_1_1_1_comp22+1_I_1_1_1_comp23+1_I_1_1_1_comp24+1_I_1_1_1_comp25+1_I_1_1_1_comp26+1_I_1_1_1_comp27+1_I_1_1_1_comp28+1_I_1_1_1_comp29+1_I_1_1_1_comp30+1_I_1_1_1_comp31+1_I_1_1_1_comp32+1_I_1_1_1_comp33+1_I_1_1_1_comp34+1_I_1_1_1_comp35,R_1_I_1_1_1,TCDB,TCDB.1_I_1_1_1_comp33
G_1_I_1_1_1_comp34,P_1_I_1_1_1_comp1+1_I_1_1_1_comp2+1_I_1_1_1_comp3+1_I_1_1_1_comp4+1_I_1_1_1_comp5+1_I_1_1_1_comp6+1_I_1_1_1_comp7+1_I_1_1_1_comp8+1_I_1_1_1_comp9+1_I_1_1_1_comp10+1_I_1_1_1_comp11+1_I_1_1_1_comp12+1_I_1_1_1_comp13+1_I_1_1_1_comp14+1_I_1_1_1_comp15+1_I_1_1_1_comp16+1_I_1_1_1_comp17+1_I_1_1_1_comp18+1_I_1_1_1_comp19+1_I_1_1_1_comp20+1_I_1_1_1_comp21+1_I_1_1_1_comp22+1_I_1_1_1_comp23+1_I_1_1_1_comp24+1_I_1_1_1_comp25+1_I_1_1_1_comp26+1_I_1_1_1_comp27+1_I_1_1_1_comp28+1_I_1_1_1_comp29+1_I_1_1_1_comp30+1_I_1_1_1_comp31+1_I_1_1_1_comp32+1_I_1_1_1_comp33+1_I_1_1_1_comp34+1_I_1_1_1_comp35,R_1_I_1_1_1,TCDB,TCDB.1_I_1_1_1_comp34
G_1_I_1_1_1_comp35,P_1_I_1_1_1_comp1+1_I_1_1_1_comp2+1_I_1_1_1_comp3+1_I_1_1_1_comp4+1_I_1_1_1_comp5+1_I_1_1_1_comp6+1_I_1_1_1_comp7+1_I_1_1_1_comp8+1_I_1_1_1_comp9+1_I_1_1_1_comp10+1_I_1_1_1_comp11+1_I_1_1_1_comp12+1_I_1_1_1_comp13+1_I_1_1_1_comp14+1_I_1_1_1_comp15+1_I_1_1_1_comp16+1_I_1_1_1_comp17+1_I_1_1_1_comp18+1_I_1_1_1_comp19+1_I_1_1_1_comp20+1_I_1_1_1_comp21+1_I_1_1_1_comp22+1_I_1_1_1_comp23+1_I_1_1_1_comp24+1_I_1_1_1_comp25+1_I_1_1_1_comp26+1_I_1_1_1_comp27+1_I_1_1_1_comp28+1_I_1_1_1_comp29+1_I_1_1_1_comp30+1_I_1_1_1_comp31+1_I_1_1_1_comp32+1_I_1_1_1_comp33+1_I_1_1_1_comp34+1_I_1_1_1_comp35,R_1_I_1_1_1,TCDB,TCDB.1_I_1_1_1_comp35
G_1_C_1_1_1_comp1,P_1_C_1_1_1_comp1,R_1_C_1_1_1,TCDB,TCDB.1_C_1_1_1_comp1
G_8_A_1_3_1_comp1,P_8_A_1_3_1_comp1,R_8_A_1_3_1,TCDB,TCDB.8_A_1_3_1_comp1
G_8_A_54_1_4_comp1,P_8_A_54_1_4_comp1,R_8_A_54_1_4,TCDB,TCDB.8_A_54_1_4_comp1
G_2_A_3_10_1_comp1,P_2_A_3_10_1_comp1,R_2_A_3_10_1,TCDB,TCDB.2_A_3_10_1_comp1
G_9_B_45_2_1_comp1,P_9_B_45_2_1_comp1,R_9_B_45_2_1,TCDB,TCDB.9_B_45_2_1_comp1
G_1_E_8_1_1_comp1,P_1_E_8_1_1_comp1,R_1_E_8_1_1,TCDB,TCDB.1_E_8_1_1_comp1
G_8_A_106_1_1_comp1,P_8_A_106_1_1_comp1,R_8_A_106_1_1,TCDB,TCDB.8_A_106_1_1_comp1
G_1_C_49_1_2_comp1,P_1_C_49_1_2_comp1,R_1_C_49_1_2,TCDB,TCDB.1_C_49_1_2_comp1
G_1_A_97_1_1_comp1,P_1_A_97_1_1_comp1,R_1_A_97_1_1,TCDB,TCDB.1_A_97_1_1_comp1
G_1_A_73_1_2_comp1,P_1_A_73_1_2_comp1,R_1_A_73_1_2,TCDB,TCDB.1_A_73_1_2_comp1
G_1_B_11_1_1_comp1,P_1_B_11_1_1_comp1,R_1_B_11_1_1,TCDB,TCDB.1_B_11_1_1_comp1
G_1_B_14_1_2_comp1,P_1_B_14_1_2_comp1,R_1_B_14_1_2,TCDB,TCDB.1_B_14_1_2_comp1
G_3_A_1_14_3_comp1,P_3_A_1_14_3_comp1+3_A_1_14_3_comp2+3_A_1_14_3_comp3,R_3_A_1_14_3,TCDB,TCDB.3_A_1_14_3_comp1
G_3_A_1_14_3_comp2,P_3_A_1_14_3_comp1+3_A_1_14_3_comp2+3_A_1_14_3_comp3,R_3_A_1_14_3,TCDB,TCDB.3_A_1_14_3_comp2
G_3_A_1_14_3_comp3,P_3_A_1_14_3_comp1+3_A_1_14_3_comp2+3_A_1_14_3_comp3,R_3_A_1_14_3,TCDB,TCDB.3_A_1_14_3_comp3
G_1_B_1_1_3_comp1,P_1_B_1_1_3_comp1,R_1_B_1_1_3,TCDB,TCDB.1_B_1_1_3_comp1
G_3_D_2_1_1_comp1,P_3_D_2_1_1_comp1+3_D_2_1_1_comp2,R_3_D_2_1_1,TCDB,TCDB.3_D_2_1_1_comp1
G_3_D_2_1_1_comp2,P_3_D_2_1_1_comp1+3_D_2_1_1_comp2,R_3_D_2_1_1,TCDB,TCDB.3_D_2_1_1_comp2
G_1_B_6_1_21_comp1,P_1_B_6_1_21_comp1,R_1_B_6_1_21,TCDB,TCDB.1_B_6_1_21_comp1
G_3_A_3_3_1_comp1,P_3_A_3_3_1_comp1,R_3_A_3_3_1,TCDB,TCDB.3_A_3_3_1_comp1
G_3_A_1_3_29_comp1,P_3_A_1_3_29_comp1+3_A_1_3_29_comp2+3_A_1_3_29_comp3+3_A_1_3_29_comp4+3_A_1_3_29_comp5,R_3_A_1_3_29,TCDB,TCDB.3_A_1_3_29_comp1
G_3_A_1_3_29_comp2,P_3_A_1_3_29_comp1+3_A_1_3_29_comp2+3_A_1_3_29_comp3+3_A_1_3_29_comp4+3_A_1_3_29_comp5,R_3_A_1_3_29,TCDB,TCDB.3_A_1_3_29_comp2
G_3_A_1_3_29_comp3,P_3_A_1_3_29_comp1+3_A_1_3_29_comp2+3_A_1_3_29_comp3+3_A_1_3_29_comp4+3_A_1_3_29_comp5,R_3_A_1_3_29,TCDB,TCDB.3_A_1_3_29_comp3
G_3_A_1_3_29_comp4,P_3_A_1_3_29_comp1+3_A_1_3_29_comp2+3_A_1_3_29_comp3+3_A_1_3_29_comp4+3_A_1_3_29_comp5,R_3_A_1_3_29,TCDB,TCDB.3_A_1_3_29_comp4
G_3_A_1_3_29_comp5,P_3_A_1_3_29_comp1+3_A_1_3_29_comp2+3_A_1_3_29_comp3+3_A_1_3_29_comp4+3_A_1_3_29_comp5,R_3_A_1_3_29,TCDB,TCDB.3_A_1_3_29_comp5
G_1_B_11_2_1_comp1,P_1_B_11_2_1_comp1,R_1_B_11_2_1,TCDB,TCDB.1_B_11_2_1_comp1
G_2_A_21_2_1_comp1,P_2_A_21_2_1_comp1,R_2_A_21_2_1,TCDB,TCDB.2_A_21_2_1_comp1
G_1_B_8_1_20_comp1,P_1_B_8_1_20_comp1,R_1_B_8_1_20,TCDB,TCDB.1_B_8_1_20_comp1
G_8_A_82_5_1_comp1,P_8_A_82_5_1_comp1,R_8_A_82_5_1,TCDB,TCDB.8_A_82_5_1_comp1
G_1_C_110_1_2_comp1,P_1_C_110_1_2_comp1,R_1_C_110_1_2,TCDB,TCDB.1_C_110_1_2_comp1
G_1_C_16_1_3_comp1,P_1_C_16_1_3_comp1,R_1_C_16_1_3,TCDB,TCDB.1_C_16_1_3_comp1
G_8_B_35_1_1_comp1,P_8_B_35_1_1_comp1,R_8_B_35_1_1,TCDB,TCDB.8_B_35_1_1_comp1
G_1_B_1_1_5_comp1,P_1_B_1_1_5_comp1,R_1_B_1_1_5,TCDB,TCDB.1_B_1_1_5_comp1
G_1_A_1_11_2_comp1,P_1_A_1_11_2_comp1,R_1_A_1_11_2,TCDB,TCDB.1_A_1_11_2_comp1
G_8_A_23_1_41_comp1,P_8_A_23_1_41_comp1,R_8_A_23_1_41,TCDB,TCDB.8_A_23_1_41_comp1
G_1_A_31_1_4_comp1,P_1_A_31_1_4_comp1,R_1_A_31_1_4,TCDB,TCDB.1_A_31_1_4_comp1
G_9_A_48_1_1_comp1,P_9_A_48_1_1_comp1+9_A_48_1_1_comp2+9_A_48_1_1_comp3+9_A_48_1_1_comp4+9_A_48_1_1_comp5+9_A_48_1_1_comp6,R_9_A_48_1_1,TCDB,TCDB.9_A_48_1_1_comp1
G_9_A_48_1_1_comp2,P_9_A_48_1_1_comp1+9_A_48_1_1_comp2+9_A_48_1_1_comp3+9_A_48_1_1_comp4+9_A_48_1_1_comp5+9_A_48_1_1_comp6,R_9_A_48_1_1,TCDB,TCDB.9_A_48_1_1_comp2
G_9_A_48_1_1_comp3,P_9_A_48_1_1_comp1+9_A_48_1_1_comp2+9_A_48_1_1_comp3+9_A_48_1_1_comp4+9_A_48_1_1_comp5+9_A_48_1_1_comp6,R_9_A_48_1_1,TCDB,TCDB.9_A_48_1_1_comp3
G_9_A_48_1_1_comp4,P_9_A_48_1_1_comp1+9_A_48_1_1_comp2+9_A_48_1_1_comp3+9_A_48_1_1_comp4+9_A_48_1_1_comp5+9_A_48_1_1_comp6,R_9_A_48_1_1,TCDB,TCDB.9_A_48_1_1_comp4
G_9_A_48_1_1_comp5,P_9_A_48_1_1_comp1+9_A_48_1_1_comp2+9_A_48_1_1_comp3+9_A_48_1_1_comp4+9_A_48_1_1_comp5+9_A_48_1_1_comp6,R_9_A_48_1_1,TCDB,TCDB.9_A_48_1_1_comp5
G_9_A_48_1_1_comp6,P_9_A_48_1_1_comp1+9_A_48_1_1_comp2+9_A_48_1_1_comp3+9_A_48_1_1_comp4+9_A_48_1_1_comp5+9_A_48_1_1_comp6,R_9_A_48_1_1,TCDB,TCDB.9_A_48_1_1_comp6
G_1_C_39_3_1_comp1,P_1_C_39_3_1_comp1,R_1_C_39_3_1,TCDB,TCDB.1_C_39_3_1_comp1
G_2_A_103_1_3_comp1,P_2_A_103_1_3_comp1,R_2_A_103_1_3,TCDB,TCDB.2_A_103_1_3_comp1
G_9_A_14_3_5_comp1,P_9_A_14_3_5_comp1,R_9_A_14_3_5,TCDB,TCDB.9_A_14_3_5_comp1
G_1_A_103_1_1_comp1,P_1_A_103_1_1_comp1,R_1_A_103_1_1,TCDB,TCDB.1_A_103_1_1_comp1
G_9_A_65_1_1_comp1,P_9_A_65_1_1_comp1,R_9_A_65_1_1,TCDB,TCDB.9_A_65_1_1_comp1
G_1_C_35_2_1_comp1,P_1_C_35_2_1_comp1,R_1_C_35_2_1,TCDB,TCDB.1_C_35_2_1_comp1
G_1_G_11_1_1_comp1,P_1_G_11_1_1_comp1+1_G_11_1_1_comp2+1_G_11_1_1_comp3+1_G_11_1_1_comp4+1_G_11_1_1_comp5+1_G_11_1_1_comp6+1_G_11_1_1_comp7+1_G_11_1_1_comp8+1_G_11_1_1_comp9+1_G_11_1_1_comp10+1_G_11_1_1_comp11+1_G_11_1_1_comp12,R_1_G_11_1_1,TCDB,TCDB.1_G_11_1_1_comp1
G_1_G_11_1_1_comp2,P_1_G_11_1_1_comp1+1_G_11_1_1_comp2+1_G_11_1_1_comp3+1_G_11_1_1_comp4+1_G_11_1_1_comp5+1_G_11_1_1_comp6+1_G_11_1_1_comp7+1_G_11_1_1_comp8+1_G_11_1_1_comp9+1_G_11_1_1_comp10+1_G_11_1_1_comp11+1_G_11_1_1_comp12,R_1_G_11_1_1,TCDB,TCDB.1_G_11_1_1_comp2
G_1_G_11_1_1_comp3,P_1_G_11_1_1_comp1+1_G_11_1_1_comp2+1_G_11_1_1_comp3+1_G_11_1_1_comp4+1_G_11_1_1_comp5+1_G_11_1_1_comp6+1_G_11_1_1_comp7+1_G_11_1_1_comp8+1_G_11_1_1_comp9+1_G_11_1_1_comp10+1_G_11_1_1_comp11+1_G_11_1_1_comp12,R_1_G_11_1_1,TCDB,TCDB.1_G_11_1_1_comp3
G_1_G_11_1_1_comp4,P_1_G_11_1_1_comp1+1_G_11_1_1_comp2+1_G_11_1_1_comp3+1_G_11_1_1_comp4+1_G_11_1_1_comp5+1_G_11_1_1_comp6+1_G_11_1_1_comp7+1_G_11_1_1_comp8+1_G_11_1_1_comp9+1_G_11_1_1_comp10+1_G_11_1_1_comp11+1_G_11_1_1_comp12,R_1_G_11_1_1,TCDB,TCDB.1_G_11_1_1_comp4
G_1_G_11_1_1_comp5,P_1_G_11_1_1_comp1+1_G_11_1_1_comp2+1_G_11_1_1_comp3+1_G_11_1_1_comp4+1_G_11_1_1_comp5+1_G_11_1_1_comp6+1_G_11_1_1_comp7+1_G_11_1_1_comp8+1_G_11_1_1_comp9+1_G_11_1_1_comp10+1_G_11_1_1_comp11+1_G_11_1_1_comp12,R_1_G_11_1_1,TCDB,TCDB.1_G_11_1_1_comp5
G_1_G_11_1_1_comp6,P_1_G_11_1_1_comp1+1_G_11_1_1_comp2+1_G_11_1_1_comp3+1_G_11_1_1_comp4+1_G_11_1_1_comp5+1_G_11_1_1_comp6+1_G_11_1_1_comp7+1_G_11_1_1_comp8+1_G_11_1_1_comp9+1_G_11_1_1_comp10+1_G_11_1_1_comp11+1_G_11_1_1_comp12,R_1_G_11_1_1,TCDB,TCDB.1_G_11_1_1_comp6
G_1_G_11_1_1_comp7,P_1_G_11_1_1_comp1+1_G_11_1_1_comp2+1_G_11_1_1_comp3+1_G_11_1_1_comp4+1_G_11_1_1_comp5+1_G_11_1_1_comp6+1_G_11_1_1_comp7+1_G_11_1_1_comp8+1_G_11_1_1_comp9+1_G_11_1_1_comp10+1_G_11_1_1_comp11+1_G_11_1_1_comp12,R_1_G_11_1_1,TCDB,TCDB.1_G_11_1_1_comp7
G_1_G_11_1_1_comp8,P_1_G_11_1_1_comp1+1_G_11_1_1_comp2+1_G_11_1_1_comp3+1_G_11_1_1_comp4+1_G_11_1_1_comp5+1_G_11_1_1_comp6+1_G_11_1_1_comp7+1_G_11_1_1_comp8+1_G_11_1_1_comp9+1_G_11_1_1_comp10+1_G_11_1_1_comp11+1_G_11_1_1_comp12,R_1_G_11_1_1,TCDB,TCDB.1_G_11_1_1_comp8
G_1_G_11_1_1_comp9,P_1_G_11_1_1_comp1+1_G_11_1_1_comp2+1_G_11_1_1_comp3+1_G_11_1_1_comp4+1_G_11_1_1_comp5+1_G_11_1_1_comp6+1_G_11_1_1_comp7+1_G_11_1_1_comp8+1_G_11_1_1_comp9+1_G_11_1_1_comp10+1_G_11_1_1_comp11+1_G_11_1_1_comp12,R_1_G_11_1_1,TCDB,TCDB.1_G_11_1_1_comp9
G_1_G_11_1_1_comp10,P_1_G_11_1_1_comp1+1_G_11_1_1_comp2+1_G_11_1_1_comp3+1_G_11_1_1_comp4+1_G_11_1_1_comp5+1_G_11_1_1_comp6+1_G_11_1_1_comp7+1_G_11_1_1_comp8+1_G_11_1_1_comp9+1_G_11_1_1_comp10+1_G_11_1_1_comp11+1_G_11_1_1_comp12,R_1_G_11_1_1,TCDB,TCDB.1_G_11_1_1_comp10
G_1_G_11_1_1_comp11,P_1_G_11_1_1_comp1+1_G_11_1_1_comp2+1_G_11_1_1_comp3+1_G_11_1_1_comp4+1_G_11_1_1_comp5+1_G_11_1_1_comp6+1_G_11_1_1_comp7+1_G_11_1_1_comp8+1_G_11_1_1_comp9+1_G_11_1_1_comp10+1_G_11_1_1_comp11+1_G_11_1_1_comp12,R_1_G_11_1_1,TCDB,TCDB.1_G_11_1_1_comp11
G_1_G_11_1_1_comp12,P_1_G_11_1_1_comp1+1_G_11_1_1_comp2+1_G_11_1_1_comp3+1_G_11_1_1_comp4+1_G_11_1_1_comp5+1_G_11_1_1_comp6+1_G_11_1_1_comp7+1_G_11_1_1_comp8+1_G_11_1_1_comp9+1_G_11_1_1_comp10+1_G_11_1_1_comp11+1_G_11_1_1_comp12,R_1_G_11_1_1,TCDB,TCDB.1_G_11_1_1_comp12
G_3_A_1_7_1_comp1,P_3_A_1_7_1_comp1+3_A_1_7_1_comp2+3_A_1_7_1_comp3+3_A_1_7_1_comp4,R_3_A_1_7_1,TCDB,TCDB.3_A_1_7_1_comp1
G_3_A_1_7_1_comp2,P_3_A_1_7_1_comp1+3_A_1_7_1_comp2+3_A_1_7_1_comp3+3_A_1_7_1_comp4,R_3_A_1_7_1,TCDB,TCDB.3_A_1_7_1_comp2
G_3_A_1_7_1_comp3,P_3_A_1_7_1_comp1+3_A_1_7_1_comp2+3_A_1_7_1_comp3+3_A_1_7_1_comp4,R_3_A_1_7_1,TCDB,TCDB.3_A_1_7_1_comp3
G_3_A_1_7_1_comp4,P_3_A_1_7_1_comp1+3_A_1_7_1_comp2+3_A_1_7_1_comp3+3_A_1_7_1_comp4,R_3_A_1_7_1,TCDB,TCDB.3_A_1_7_1_comp4
G_3_D_1_9_2_comp1,P_3_D_1_9_2_comp1+3_D_1_9_2_comp2+3_D_1_9_2_comp3+3_D_1_9_2_comp4+3_D_1_9_2_comp5+3_D_1_9_2_comp6+3_D_1_9_2_comp7,R_3_D_1_9_2,TCDB,TCDB.3_D_1_9_2_comp1
G_3_D_1_9_2_comp2,P_3_D_1_9_2_comp1+3_D_1_9_2_comp2+3_D_1_9_2_comp3+3_D_1_9_2_comp4+3_D_1_9_2_comp5+3_D_1_9_2_comp6+3_D_1_9_2_comp7,R_3_D_1_9_2,TCDB,TCDB.3_D_1_9_2_comp2
G_3_D_1_9_2_comp3,P_3_D_1_9_2_comp1+3_D_1_9_2_comp2+3_D_1_9_2_comp3+3_D_1_9_2_comp4+3_D_1_9_2_comp5+3_D_1_9_2_comp6+3_D_1_9_2_comp7,R_3_D_1_9_2,TCDB,TCDB.3_D_1_9_2_comp3
G_3_D_1_9_2_comp4,P_3_D_1_9_2_comp1+3_D_1_9_2_comp2+3_D_1_9_2_comp3+3_D_1_9_2_comp4+3_D_1_9_2_comp5+3_D_1_9_2_comp6+3_D_1_9_2_comp7,R_3_D_1_9_2,TCDB,TCDB.3_D_1_9_2_comp4
G_3_D_1_9_2_comp5,P_3_D_1_9_2_comp1+3_D_1_9_2_comp2+3_D_1_9_2_comp3+3_D_1_9_2_comp4+3_D_1_9_2_comp5+3_D_1_9_2_comp6+3_D_1_9_2_comp7,R_3_D_1_9_2,TCDB,TCDB.3_D_1_9_2_comp5
G_3_D_1_9_2_comp6,P_3_D_1_9_2_comp1+3_D_1_9_2_comp2+3_D_1_9_2_comp3+3_D_1_9_2_comp4+3_D_1_9_2_comp5+3_D_1_9_2_comp6+3_D_1_9_2_comp7,R_3_D_1_9_2,TCDB,TCDB.3_D_1_9_2_comp6
G_3_D_1_9_2_comp7,P_3_D_1_9_2_comp1+3_D_1_9_2_comp2+3_D_1_9_2_comp3+3_D_1_9_2_comp4+3_D_1_9_2_comp5+3_D_1_9_2_comp6+3_D_1_9_2_comp7,R_3_D_1_9_2,TCDB,TCDB.3_D_1_9_2_comp7
G_8_A_128_1_10_comp1,P_8_A_128_1_10_comp1,R_8_A_128_1_10,TCDB,TCDB.8_A_128_1_10_comp1
G_2_A_46_1_1_comp1,P_2_A_46_1_1_comp1,R_2_A_46_1_1,TCDB,TCDB.2_A_46_1_1_comp1
G_1_C_38_1_17_comp1,P_1_C_38_1_17_comp1,R_1_C_38_1_17,TCDB,TCDB.1_C_38_1_17_comp1
G_1_A_134_1_1_comp1,P_1_A_134_1_1_comp1,R_1_A_134_1_1,TCDB,TCDB.1_A_134_1_1_comp1
G_2_A_3_9_1_comp1,P_2_A_3_9_1_comp1,R_2_A_3_9_1,TCDB,TCDB.2_A_3_9_1_comp1
G_2_A_1_1_9_comp1,P_2_A_1_1_9_comp1,R_2_A_1_1_9,TCDB,TCDB.2_A_1_1_9_comp1
G_8_A_23_1_44_comp1,P_8_A_23_1_44_comp1,R_8_A_23_1_44,TCDB,TCDB.8_A_23_1_44_comp1
G_1_G_14_1_1_comp1,P_1_G_14_1_1_comp1,R_1_G_14_1_1,TCDB,TCDB.1_G_14_1_1_comp1
G_4_D_1_1_17_comp1,P_4_D_1_1_17_comp1,R_4_D_1_1_17,TCDB,TCDB.4_D_1_1_17_comp1
G_1_A_24_1_2_comp1,P_1_A_24_1_2_comp1,R_1_A_24_1_2,TCDB,TCDB.1_A_24_1_2_comp1
G_1_A_24_1_3_comp1,P_1_A_24_1_3_comp1+1_A_24_1_3_comp2,R_1_A_24_1_3,TCDB,TCDB.1_A_24_1_3_comp1
G_1_A_24_1_3_comp2,P_1_A_24_1_3_comp1+1_A_24_1_3_comp2,R_1_A_24_1_3,TCDB,TCDB.1_A_24_1_3_comp2
G_1_A_24_1_1_comp1,P_1_A_24_1_1_comp1,R_1_A_24_1_1,TCDB,TCDB.1_A_24_1_1_comp1
G_1_C_1_3_3_comp1,P_1_C_1_3_3_comp1,R_1_C_1_3_3,TCDB,TCDB.1_C_1_3_3_comp1
G_9_A_14_1_2_comp1,P_9_A_14_1_2_comp1,R_9_A_14_1_2,TCDB,TCDB.9_A_14_1_2_comp1
G_1_A_1_10_1_comp1,P_1_A_1_10_1_comp1,R_1_A_1_10_1,TCDB,TCDB.1_A_1_10_1_comp1
G_1_A_33_1_3_comp1,P_1_A_33_1_3_comp1,R_1_A_33_1_3,TCDB,TCDB.1_A_33_1_3_comp1
G_1_A_31_1_2_comp1,P_1_A_31_1_2_comp1,R_1_A_31_1_2,TCDB,TCDB.1_A_31_1_2_comp1
G_1_C_20_1_6_comp1,P_1_C_20_1_6_comp1,R_1_C_20_1_6,TCDB,TCDB.1_C_20_1_6_comp1
G_9_B_87_4_1_comp1,P_9_B_87_4_1_comp1,R_9_B_87_4_1,TCDB,TCDB.9_B_87_4_1_comp1
G_3_A_1_201_1_comp1,P_3_A_1_201_1_comp1,R_3_A_1_201_1,TCDB,TCDB.3_A_1_201_1_comp1
G_2_A_1_4_3_comp1,P_2_A_1_4_3_comp1,R_2_A_1_4_3,TCDB,TCDB.2_A_1_4_3_comp1
G_8_A_9_2_2_comp1,P_8_A_9_2_2_comp1,R_8_A_9_2_2,TCDB,TCDB.8_A_9_2_2_comp1
G_2_A_3_8_18_comp1,P_2_A_3_8_18_comp1+2_A_3_8_18_comp2,R_2_A_3_8_18,TCDB,TCDB.2_A_3_8_18_comp1
G_2_A_3_8_18_comp2,P_2_A_3_8_18_comp1+2_A_3_8_18_comp2,R_2_A_3_8_18,TCDB,TCDB.2_A_3_8_18_comp2
G_9_B_130_1_4_comp1,P_9_B_130_1_4_comp1,R_9_B_130_1_4,TCDB,TCDB.9_B_130_1_4_comp1
G_1_C_17_1_5_comp1,P_1_C_17_1_5_comp1,R_1_C_17_1_5,TCDB,TCDB.1_C_17_1_5_comp1
G_1_A_77_3_21_comp1,P_1_A_77_3_21_comp1,R_1_A_77_3_21,TCDB,TCDB.1_A_77_3_21_comp1
G_4_A_1_2_1_comp1,P_4_A_1_2_1_comp1,R_4_A_1_2_1,TCDB,TCDB.4_A_1_2_1_comp1
G_1_G_4_1_2_comp1,P_1_G_4_1_2_comp1,R_1_G_4_1_2,TCDB,TCDB.1_G_4_1_2_comp1
G_1_A_1_2_6_comp1,P_1_A_1_2_6_comp1,R_1_A_1_2_6,TCDB,TCDB.1_A_1_2_6_comp1
G_9_B_160_1_16_comp1,P_9_B_160_1_16_comp1,R_9_B_160_1_16,TCDB,TCDB.9_B_160_1_16_comp1
G_2_A_8_1_5_comp1,P_2_A_8_1_5_comp1,R_2_A_8_1_5,TCDB,TCDB.2_A_8_1_5_comp1
G_8_A_43_1_17_comp1,P_8_A_43_1_17_comp1,R_8_A_43_1_17,TCDB,TCDB.8_A_43_1_17_comp1
G_8_A_128_1_11_comp1,P_8_A_128_1_11_comp1,R_8_A_128_1_11,TCDB,TCDB.8_A_128_1_11_comp1
G_8_A_23_1_45_comp1,P_8_A_23_1_45_comp1,R_8_A_23_1_45,TCDB,TCDB.8_A_23_1_45_comp1
G_9_A_14_3_11_comp1,P_9_A_14_3_11_comp1,R_9_A_14_3_11,TCDB,TCDB.9_A_14_3_11_comp1
G_1_C_50_1_1_comp1,P_1_C_50_1_1_comp1,R_1_C_50_1_1,TCDB,TCDB.1_C_50_1_1_comp1
G_8_A_23_2_6_comp1,P_8_A_23_2_6_comp1,R_8_A_23_2_6,TCDB,TCDB.8_A_23_2_6_comp1
G_1_G_20_1_1_comp1,P_1_G_20_1_1_comp1,R_1_G_20_1_1,TCDB,TCDB.1_G_20_1_1_comp1
G_3_A_4_1_1_comp1,P_3_A_4_1_1_comp1+3_A_4_1_1_comp2,R_3_A_4_1_1,TCDB,TCDB.3_A_4_1_1_comp1
G_3_A_4_1_1_comp2,P_3_A_4_1_1_comp1+3_A_4_1_1_comp2,R_3_A_4_1_1,TCDB,TCDB.3_A_4_1_1_comp2
G_3_A_1_109_1_comp1,P_3_A_1_109_1_comp1,R_3_A_1_109_1,TCDB,TCDB.3_A_1_109_1_comp1
G_4_A_1_2_2_comp1,P_4_A_1_2_2_comp1,R_4_A_1_2_2,TCDB,TCDB.4_A_1_2_2_comp1
G_3_D_1_6_4_comp1,P_3_D_1_6_4_comp1+3_D_1_6_4_comp2+3_D_1_6_4_comp3+3_D_1_6_4_comp4+3_D_1_6_4_comp5+3_D_1_6_4_comp6+3_D_1_6_4_comp7+3_D_1_6_4_comp8+3_D_1_6_4_comp9+3_D_1_6_4_comp10+3_D_1_6_4_comp11+3_D_1_6_4_comp12+3_D_1_6_4_comp13+3_D_1_6_4_comp14+3_D_1_6_4_comp15+3_D_1_6_4_comp16+3_D_1_6_4_comp17+3_D_1_6_4_comp18+3_D_1_6_4_comp19+3_D_1_6_4_comp20+3_D_1_6_4_comp21+3_D_1_6_4_comp22+3_D_1_6_4_comp23+3_D_1_6_4_comp24+3_D_1_6_4_comp25+3_D_1_6_4_comp26+3_D_1_6_4_comp27+3_D_1_6_4_comp28+3_D_1_6_4_comp29+3_D_1_6_4_comp30+3_D_1_6_4_comp31+3_D_1_6_4_comp32+3_D_1_6_4_comp33,R_3_D_1_6_4,TCDB,TCDB.3_D_1_6_4_comp1
G_3_D_1_6_4_comp2,P_3_D_1_6_4_comp1+3_D_1_6_4_comp2+3_D_1_6_4_comp3+3_D_1_6_4_comp4+3_D_1_6_4_comp5+3_D_1_6_4_comp6+3_D_1_6_4_comp7+3_D_1_6_4_comp8+3_D_1_6_4_comp9+3_D_1_6_4_comp10+3_D_1_6_4_comp11+3_D_1_6_4_comp12+3_D_1_6_4_comp13+3_D_1_6_4_comp14+3_D_1_6_4_comp15+3_D_1_6_4_comp16+3_D_1_6_4_comp17+3_D_1_6_4_comp18+3_D_1_6_4_comp19+3_D_1_6_4_comp20+3_D_1_6_4_comp21+3_D_1_6_4_comp22+3_D_1_6_4_comp23+3_D_1_6_4_comp24+3_D_1_6_4_comp25+3_D_1_6_4_comp26+3_D_1_6_4_comp27+3_D_1_6_4_comp28+3_D_1_6_4_comp29+3_D_1_6_4_comp30+3_D_1_6_4_comp31+3_D_1_6_4_comp32+3_D_1_6_4_comp33,R_3_D_1_6_4,TCDB,TCDB.3_D_1_6_4_comp2
G_3_D_1_6_4_comp3,P_3_D_1_6_4_comp1+3_D_1_6_4_comp2+3_D_1_6_4_comp3+3_D_1_6_4_comp4+3_D_1_6_4_comp5+3_D_1_6_4_comp6+3_D_1_6_4_comp7+3_D_1_6_4_comp8+3_D_1_6_4_comp9+3_D_1_6_4_comp10+3_D_1_6_4_comp11+3_D_1_6_4_comp12+3_D_1_6_4_comp13+3_D_1_6_4_comp14+3_D_1_6_4_comp15+3_D_1_6_4_comp16+3_D_1_6_4_comp17+3_D_1_6_4_comp18+3_D_1_6_4_comp19+3_D_1_6_4_comp20+3_D_1_6_4_comp21+3_D_1_6_4_comp22+3_D_1_6_4_comp23+3_D_1_6_4_comp24+3_D_1_6_4_comp25+3_D_1_6_4_comp26+3_D_1_6_4_comp27+3_D_1_6_4_comp28+3_D_1_6_4_comp29+3_D_1_6_4_comp30+3_D_1_6_4_comp31+3_D_1_6_4_comp32+3_D_1_6_4_comp33,R_3_D_1_6_4,TCDB,TCDB.3_D_1_6_4_comp3
G_3_D_1_6_4_comp4,P_3_D_1_6_4_comp1+3_D_1_6_4_comp2+3_D_1_6_4_comp3+3_D_1_6_4_comp4+3_D_1_6_4_comp5+3_D_1_6_4_comp6+3_D_1_6_4_comp7+3_D_1_6_4_comp8+3_D_1_6_4_comp9+3_D_1_6_4_comp10+3_D_1_6_4_comp11+3_D_1_6_4_comp12+3_D_1_6_4_comp13+3_D_1_6_4_comp14+3_D_1_6_4_comp15+3_D_1_6_4_comp16+3_D_1_6_4_comp17+3_D_1_6_4_comp18+3_D_1_6_4_comp19+3_D_1_6_4_comp20+3_D_1_6_4_comp21+3_D_1_6_4_comp22+3_D_1_6_4_comp23+3_D_1_6_4_comp24+3_D_1_6_4_comp25+3_D_1_6_4_comp26+3_D_1_6_4_comp27+3_D_1_6_4_comp28+3_D_1_6_4_comp29+3_D_1_6_4_comp30+3_D_1_6_4_comp31+3_D_1_6_4_comp32+3_D_1_6_4_comp33,R_3_D_1_6_4,TCDB,TCDB.3_D_1_6_4_comp4
G_3_D_1_6_4_comp5,P_3_D_1_6_4_comp1+3_D_1_6_4_comp2+3_D_1_6_4_comp3+3_D_1_6_4_comp4+3_D_1_6_4_comp5+3_D_1_6_4_comp6+3_D_1_6_4_comp7+3_D_1_6_4_comp8+3_D_1_6_4_comp9+3_D_1_6_4_comp10+3_D_1_6_4_comp11+3_D_1_6_4_comp12+3_D_1_6_4_comp13+3_D_1_6_4_comp14+3_D_1_6_4_comp15+3_D_1_6_4_comp16+3_D_1_6_4_comp17+3_D_1_6_4_comp18+3_D_1_6_4_comp19+3_D_1_6_4_comp20+3_D_1_6_4_comp21+3_D_1_6_4_comp22+3_D_1_6_4_comp23+3_D_1_6_4_comp24+3_D_1_6_4_comp25+3_D_1_6_4_comp26+3_D_1_6_4_comp27+3_D_1_6_4_comp28+3_D_1_6_4_comp29+3_D_1_6_4_comp30+3_D_1_6_4_comp31+3_D_1_6_4_comp32+3_D_1_6_4_comp33,R_3_D_1_6_4,TCDB,TCDB.3_D_1_6_4_comp5
G_3_D_1_6_4_comp6,P_3_D_1_6_4_comp1+3_D_1_6_4_comp2+3_D_1_6_4_comp3+3_D_1_6_4_comp4+3_D_1_6_4_comp5+3_D_1_6_4_comp6+3_D_1_6_4_comp7+3_D_1_6_4_comp8+3_D_1_6_4_comp9+3_D_1_6_4_comp10+3_D_1_6_4_comp11+3_D_1_6_4_comp12+3_D_1_6_4_comp13+3_D_1_6_4_comp14+3_D_1_6_4_comp15+3_D_1_6_4_comp16+3_D_1_6_4_comp17+3_D_1_6_4_comp18+3_D_1_6_4_comp19+3_D_1_6_4_comp20+3_D_1_6_4_comp21+3_D_1_6_4_comp22+3_D_1_6_4_comp23+3_D_1_6_4_comp24+3_D_1_6_4_comp25+3_D_1_6_4_comp26+3_D_1_6_4_comp27+3_D_1_6_4_comp28+3_D_1_6_4_comp29+3_D_1_6_4_comp30+3_D_1_6_4_comp31+3_D_1_6_4_comp32+3_D_1_6_4_comp33,R_3_D_1_6_4,TCDB,TCDB.3_D_1_6_4_comp6
G_3_D_1_6_4_comp7,P_3_D_1_6_4_comp1+3_D_1_6_4_comp2+3_D_1_6_4_comp3+3_D_1_6_4_comp4+3_D_1_6_4_comp5+3_D_1_6_4_comp6+3_D_1_6_4_comp7+3_D_1_6_4_comp8+3_D_1_6_4_comp9+3_D_1_6_4_comp10+3_D_1_6_4_comp11+3_D_1_6_4_comp12+3_D_1_6_4_comp13+3_D_1_6_4_comp14+3_D_1_6_4_comp15+3_D_1_6_4_comp16+3_D_1_6_4_comp17+3_D_1_6_4_comp18+3_D_1_6_4_comp19+3_D_1_6_4_comp20+3_D_1_6_4_comp21+3_D_1_6_4_comp22+3_D_1_6_4_comp23+3_D_1_6_4_comp24+3_D_1_6_4_comp25+3_D_1_6_4_comp26+3_D_1_6_4_comp27+3_D_1_6_4_comp28+3_D_1_6_4_comp29+3_D_1_6_4_comp30+3_D_1_6_4_comp31+3_D_1_6_4_comp32+3_D_1_6_4_comp33,R_3_D_1_6_4,TCDB,TCDB.3_D_1_6_4_comp7
G_3_D_1_6_4_comp8,P_3_D_1_6_4_comp1+3_D_1_6_4_comp2+3_D_1_6_4_comp3+3_D_1_6_4_comp4+3_D_1_6_4_comp5+3_D_1_6_4_comp6+3_D_1_6_4_comp7+3_D_1_6_4_comp8+3_D_1_6_4_comp9+3_D_1_6_4_comp10+3_D_1_6_4_comp11+3_D_1_6_4_comp12+3_D_1_6_4_comp13+3_D_1_6_4_comp14+3_D_1_6_4_comp15+3_D_1_6_4_comp16+3_D_1_6_4_comp17+3_D_1_6_4_comp18+3_D_1_6_4_comp19+3_D_1_6_4_comp20+3_D_1_6_4_comp21+3_D_1_6_4_comp22+3_D_1_6_4_comp23+3_D_1_6_4_comp24+3_D_1_6_4_comp25+3_D_1_6_4_comp26+3_D_1_6_4_comp27+3_D_1_6_4_comp28+3_D_1_6_4_comp29+3_D_1_6_4_comp30+3_D_1_6_4_comp31+3_D_1_6_4_comp32+3_D_1_6_4_comp33,R_3_D_1_6_4,TCDB,TCDB.3_D_1_6_4_comp8
G_3_D_1_6_4_comp9,P_3_D_1_6_4_comp1+3_D_1_6_4_comp2+3_D_1_6_4_comp3+3_D_1_6_4_comp4+3_D_1_6_4_comp5+3_D_1_6_4_comp6+3_D_1_6_4_comp7+3_D_1_6_4_comp8+3_D_1_6_4_comp9+3_D_1_6_4_comp10+3_D_1_6_4_comp11+3_D_1_6_4_comp12+3_D_1_6_4_comp13+3_D_1_6_4_comp14+3_D_1_6_4_comp15+3_D_1_6_4_comp16+3_D_1_6_4_comp17+3_D_1_6_4_comp18+3_D_1_6_4_comp19+3_D_1_6_4_comp20+3_D_1_6_4_comp21+3_D_1_6_4_comp22+3_D_1_6_4_comp23+3_D_1_6_4_comp24+3_D_1_6_4_comp25+3_D_1_6_4_comp26+3_D_1_6_4_comp27+3_D_1_6_4_comp28+3_D_1_6_4_comp29+3_D_1_6_4_comp30+3_D_1_6_4_comp31+3_D_1_6_4_comp32+3_D_1_6_4_comp33,R_3_D_1_6_4,TCDB,TCDB.3_D_1_6_4_comp9
G_3_D_1_6_4_comp10,P_3_D_1_6_4_comp1+3_D_1_6_4_comp2+3_D_1_6_4_comp3+3_D_1_6_4_comp4+3_D_1_6_4_comp5+3_D_1_6_4_comp6+3_D_1_6_4_comp7+3_D_1_6_4_comp8+3_D_1_6_4_comp9+3_D_1_6_4_comp10+3_D_1_6_4_comp11+3_D_1_6_4_comp12+3_D_1_6_4_comp13+3_D_1_6_4_comp14+3_D_1_6_4_comp15+3_D_1_6_4_comp16+3_D_1_6_4_comp17+3_D_1_6_4_comp18+3_D_1_6_4_comp19+3_D_1_6_4_comp20+3_D_1_6_4_comp21+3_D_1_6_4_comp22+3_D_1_6_4_comp23+3_D_1_6_4_comp24+3_D_1_6_4_comp25+3_D_1_6_4_comp26+3_D_1_6_4_comp27+3_D_1_6_4_comp28+3_D_1_6_4_comp29+3_D_1_6_4_comp30+3_D_1_6_4_comp31+3_D_1_6_4_comp32+3_D_1_6_4_comp33,R_3_D_1_6_4,TCDB,TCDB.3_D_1_6_4_comp10
G_3_D_1_6_4_comp11,P_3_D_1_6_4_comp1+3_D_1_6_4_comp2+3_D_1_6_4_comp3+3_D_1_6_4_comp4+3_D_1_6_4_comp5+3_D_1_6_4_comp6+3_D_1_6_4_comp7+3_D_1_6_4_comp8+3_D_1_6_4_comp9+3_D_1_6_4_comp10+3_D_1_6_4_comp11+3_D_1_6_4_comp12+3_D_1_6_4_comp13+3_D_1_6_4_comp14+3_D_1_6_4_comp15+3_D_1_6_4_comp16+3_D_1_6_4_comp17+3_D_1_6_4_comp18+3_D_1_6_4_comp19+3_D_1_6_4_comp20+3_D_1_6_4_comp21+3_D_1_6_4_comp22+3_D_1_6_4_comp23+3_D_1_6_4_comp24+3_D_1_6_4_comp25+3_D_1_6_4_comp26+3_D_1_6_4_comp27+3_D_1_6_4_comp28+3_D_1_6_4_comp29+3_D_1_6_4_comp30+3_D_1_6_4_comp31+3_D_1_6_4_comp32+3_D_1_6_4_comp33,R_3_D_1_6_4,TCDB,TCDB.3_D_1_6_4_comp11
G_3_D_1_6_4_comp12,P_3_D_1_6_4_comp1+3_D_1_6_4_comp2+3_D_1_6_4_comp3+3_D_1_6_4_comp4+3_D_1_6_4_comp5+3_D_1_6_4_comp6+3_D_1_6_4_comp7+3_D_1_6_4_comp8+3_D_1_6_4_comp9+3_D_1_6_4_comp10+3_D_1_6_4_comp11+3_D_1_6_4_comp12+3_D_1_6_4_comp13+3_D_1_6_4_comp14+3_D_1_6_4_comp15+3_D_1_6_4_comp16+3_D_1_6_4_comp17+3_D_1_6_4_comp18+3_D_1_6_4_comp19+3_D_1_6_4_comp20+3_D_1_6_4_comp21+3_D_1_6_4_comp22+3_D_1_6_4_comp23+3_D_1_6_4_comp24+3_D_1_6_4_comp25+3_D_1_6_4_comp26+3_D_1_6_4_comp27+3_D_1_6_4_comp28+3_D_1_6_4_comp29+3_D_1_6_4_comp30+3_D_1_6_4_comp31+3_D_1_6_4_comp32+3_D_1_6_4_comp33,R_3_D_1_6_4,TCDB,TCDB.3_D_1_6_4_comp12
G_3_D_1_6_4_comp13,P_3_D_1_6_4_comp1+3_D_1_6_4_comp2+3_D_1_6_4_comp3+3_D_1_6_4_comp4+3_D_1_6_4_comp5+3_D_1_6_4_comp6+3_D_1_6_4_comp7+3_D_1_6_4_comp8+3_D_1_6_4_comp9+3_D_1_6_4_comp10+3_D_1_6_4_comp11+3_D_1_6_4_comp12+3_D_1_6_4_comp13+3_D_1_6_4_comp14+3_D_1_6_4_comp15+3_D_1_6_4_comp16+3_D_1_6_4_comp17+3_D_1_6_4_comp18+3_D_1_6_4_comp19+3_D_1_6_4_comp20+3_D_1_6_4_comp21+3_D_1_6_4_comp22+3_D_1_6_4_comp23+3_D_1_6_4_comp24+3_D_1_6_4_comp25+3_D_1_6_4_comp26+3_D_1_6_4_comp27+3_D_1_6_4_comp28+3_D_1_6_4_comp29+3_D_1_6_4_comp30+3_D_1_6_4_comp31+3_D_1_6_4_comp32+3_D_1_6_4_comp33,R_3_D_1_6_4,TCDB,TCDB.3_D_1_6_4_comp13
G_3_D_1_6_4_comp14,P_3_D_1_6_4_comp1+3_D_1_6_4_comp2+3_D_1_6_4_comp3+3_D_1_6_4_comp4+3_D_1_6_4_comp5+3_D_1_6_4_comp6+3_D_1_6_4_comp7+3_D_1_6_4_comp8+3_D_1_6_4_comp9+3_D_1_6_4_comp10+3_D_1_6_4_comp11+3_D_1_6_4_comp12+3_D_1_6_4_comp13+3_D_1_6_4_comp14+3_D_1_6_4_comp15+3_D_1_6_4_comp16+3_D_1_6_4_comp17+3_D_1_6_4_comp18+3_D_1_6_4_comp19+3_D_1_6_4_comp20+3_D_1_6_4_comp21+3_D_1_6_4_comp22+3_D_1_6_4_comp23+3_D_1_6_4_comp24+3_D_1_6_4_comp25+3_D_1_6_4_comp26+3_D_1_6_4_comp27+3_D_1_6_4_comp28+3_D_1_6_4_comp29+3_D_1_6_4_comp30+3_D_1_6_4_comp31+3_D_1_6_4_comp32+3_D_1_6_4_comp33,R_3_D_1_6_4,TCDB,TCDB.3_D_1_6_4_comp14
G_3_D_1_6_4_comp15,P_3_D_1_6_4_comp1+3_D_1_6_4_comp2+3_D_1_6_4_comp3+3_D_1_6_4_comp4+3_D_1_6_4_comp5+3_D_1_6_4_comp6+3_D_1_6_4_comp7+3_D_1_6_4_comp8+3_D_1_6_4_comp9+3_D_1_6_4_comp10+3_D_1_6_4_comp11+3_D_1_6_4_comp12+3_D_1_6_4_comp13+3_D_1_6_4_comp14+3_D_1_6_4_comp15+3_D_1_6_4_comp16+3_D_1_6_4_comp17+3_D_1_6_4_comp18+3_D_1_6_4_comp19+3_D_1_6_4_comp20+3_D_1_6_4_comp21+3_D_1_6_4_comp22+3_D_1_6_4_comp23+3_D_1_6_4_comp24+3_D_1_6_4_comp25+3_D_1_6_4_comp26+3_D_1_6_4_comp27+3_D_1_6_4_comp28+3_D_1_6_4_comp29+3_D_1_6_4_comp30+3_D_1_6_4_comp31+3_D_1_6_4_comp32+3_D_1_6_4_comp33,R_3_D_1_6_4,TCDB,TCDB.3_D_1_6_4_comp15
G_3_D_1_6_4_comp16,P_3_D_1_6_4_comp1+3_D_1_6_4_comp2+3_D_1_6_4_comp3+3_D_1_6_4_comp4+3_D_1_6_4_comp5+3_D_1_6_4_comp6+3_D_1_6_4_comp7+3_D_1_6_4_comp8+3_D_1_6_4_comp9+3_D_1_6_4_comp10+3_D_1_6_4_comp11+3_D_1_6_4_comp12+3_D_1_6_4_comp13+3_D_1_6_4_comp14+3_D_1_6_4_comp15+3_D_1_6_4_comp16+3_D_1_6_4_comp17+3_D_1_6_4_comp18+3_D_1_6_4_comp19+3_D_1_6_4_comp20+3_D_1_6_4_comp21+3_D_1_6_4_comp22+3_D_1_6_4_comp23+3_D_1_6_4_comp24+3_D_1_6_4_comp25+3_D_1_6_4_comp26+3_D_1_6_4_comp27+3_D_1_6_4_comp28+3_D_1_6_4_comp29+3_D_1_6_4_comp30+3_D_1_6_4_comp31+3_D_1_6_4_comp32+3_D_1_6_4_comp33,R_3_D_1_6_4,TCDB,TCDB.3_D_1_6_4_comp16
G_3_D_1_6_4_comp17,P_3_D_1_6_4_comp1+3_D_1_6_4_comp2+3_D_1_6_4_comp3+3_D_1_6_4_comp4+3_D_1_6_4_comp5+3_D_1_6_4_comp6+3_D_1_6_4_comp7+3_D_1_6_4_comp8+3_D_1_6_4_comp9+3_D_1_6_4_comp10+3_D_1_6_4_comp11+3_D_1_6_4_comp12+3_D_1_6_4_comp13+3_D_1_6_4_comp14+3_D_1_6_4_comp15+3_D_1_6_4_comp16+3_D_1_6_4_comp17+3_D_1_6_4_comp18+3_D_1_6_4_comp19+3_D_1_6_4_comp20+3_D_1_6_4_comp21+3_D_1_6_4_comp22+3_D_1_6_4_comp23+3_D_1_6_4_comp24+3_D_1_6_4_comp25+3_D_1_6_4_comp26+3_D_1_6_4_comp27+3_D_1_6_4_comp28+3_D_1_6_4_comp29+3_D_1_6_4_comp30+3_D_1_6_4_comp31+3_D_1_6_4_comp32+3_D_1_6_4_comp33,R_3_D_1_6_4,TCDB,TCDB.3_D_1_6_4_comp17
G_3_D_1_6_4_comp18,P_3_D_1_6_4_comp1+3_D_1_6_4_comp2+3_D_1_6_4_comp3+3_D_1_6_4_comp4+3_D_1_6_4_comp5+3_D_1_6_4_comp6+3_D_1_6_4_comp7+3_D_1_6_4_comp8+3_D_1_6_4_comp9+3_D_1_6_4_comp10+3_D_1_6_4_comp11+3_D_1_6_4_comp12+3_D_1_6_4_comp13+3_D_1_6_4_comp14+3_D_1_6_4_comp15+3_D_1_6_4_comp16+3_D_1_6_4_comp17+3_D_1_6_4_comp18+3_D_1_6_4_comp19+3_D_1_6_4_comp20+3_D_1_6_4_comp21+3_D_1_6_4_comp22+3_D_1_6_4_comp23+3_D_1_6_4_comp24+3_D_1_6_4_comp25+3_D_1_6_4_comp26+3_D_1_6_4_comp27+3_D_1_6_4_comp28+3_D_1_6_4_comp29+3_D_1_6_4_comp30+3_D_1_6_4_comp31+3_D_1_6_4_comp32+3_D_1_6_4_comp33,R_3_D_1_6_4,TCDB,TCDB.3_D_1_6_4_comp18
G_3_D_1_6_4_comp19,P_3_D_1_6_4_comp1+3_D_1_6_4_comp2+3_D_1_6_4_comp3+3_D_1_6_4_comp4+3_D_1_6_4_comp5+3_D_1_6_4_comp6+3_D_1_6_4_comp7+3_D_1_6_4_comp8+3_D_1_6_4_comp9+3_D_1_6_4_comp10+3_D_1_6_4_comp11+3_D_1_6_4_comp12+3_D_1_6_4_comp13+3_D_1_6_4_comp14+3_D_1_6_4_comp15+3_D_1_6_4_comp16+3_D_1_6_4_comp17+3_D_1_6_4_comp18+3_D_1_6_4_comp19+3_D_1_6_4_comp20+3_D_1_6_4_comp21+3_D_1_6_4_comp22+3_D_1_6_4_comp23+3_D_1_6_4_comp24+3_D_1_6_4_comp25+3_D_1_6_4_comp26+3_D_1_6_4_comp27+3_D_1_6_4_comp28+3_D_1_6_4_comp29+3_D_1_6_4_comp30+3_D_1_6_4_comp31+3_D_1_6_4_comp32+3_D_1_6_4_comp33,R_3_D_1_6_4,TCDB,TCDB.3_D_1_6_4_comp19
G_3_D_1_6_4_comp20,P_3_D_1_6_4_comp1+3_D_1_6_4_comp2+3_D_1_6_4_comp3+3_D_1_6_4_comp4+3_D_1_6_4_comp5+3_D_1_6_4_comp6+3_D_1_6_4_comp7+3_D_1_6_4_comp8+3_D_1_6_4_comp9+3_D_1_6_4_comp10+3_D_1_6_4_comp11+3_D_1_6_4_comp12+3_D_1_6_4_comp13+3_D_1_6_4_comp14+3_D_1_6_4_comp15+3_D_1_6_4_comp16+3_D_1_6_4_comp17+3_D_1_6_4_comp18+3_D_1_6_4_comp19+3_D_1_6_4_comp20+3_D_1_6_4_comp21+3_D_1_6_4_comp22+3_D_1_6_4_comp23+3_D_1_6_4_comp24+3_D_1_6_4_comp25+3_D_1_6_4_comp26+3_D_1_6_4_comp27+3_D_1_6_4_comp28+3_D_1_6_4_comp29+3_D_1_6_4_comp30+3_D_1_6_4_comp31+3_D_1_6_4_comp32+3_D_1_6_4_comp33,R_3_D_1_6_4,TCDB,TCDB.3_D_1_6_4_comp20
G_3_D_1_6_4_comp21,P_3_D_1_6_4_comp1+3_D_1_6_4_comp2+3_D_1_6_4_comp3+3_D_1_6_4_comp4+3_D_1_6_4_comp5+3_D_1_6_4_comp6+3_D_1_6_4_comp7+3_D_1_6_4_comp8+3_D_1_6_4_comp9+3_D_1_6_4_comp10+3_D_1_6_4_comp11+3_D_1_6_4_comp12+3_D_1_6_4_comp13+3_D_1_6_4_comp14+3_D_1_6_4_comp15+3_D_1_6_4_comp16+3_D_1_6_4_comp17+3_D_1_6_4_comp18+3_D_1_6_4_comp19+3_D_1_6_4_comp20+3_D_1_6_4_comp21+3_D_1_6_4_comp22+3_D_1_6_4_comp23+3_D_1_6_4_comp24+3_D_1_6_4_comp25+3_D_1_6_4_comp26+3_D_1_6_4_comp27+3_D_1_6_4_comp28+3_D_1_6_4_comp29+3_D_1_6_4_comp30+3_D_1_6_4_comp31+3_D_1_6_4_comp32+3_D_1_6_4_comp33,R_3_D_1_6_4,TCDB,TCDB.3_D_1_6_4_comp21
G_3_D_1_6_4_comp22,P_3_D_1_6_4_comp1+3_D_1_6_4_comp2+3_D_1_6_4_comp3+3_D_1_6_4_comp4+3_D_1_6_4_comp5+3_D_1_6_4_comp6+3_D_1_6_4_comp7+3_D_1_6_4_comp8+3_D_1_6_4_comp9+3_D_1_6_4_comp10+3_D_1_6_4_comp11+3_D_1_6_4_comp12+3_D_1_6_4_comp13+3_D_1_6_4_comp14+3_D_1_6_4_comp15+3_D_1_6_4_comp16+3_D_1_6_4_comp17+3_D_1_6_4_comp18+3_D_1_6_4_comp19+3_D_1_6_4_comp20+3_D_1_6_4_comp21+3_D_1_6_4_comp22+3_D_1_6_4_comp23+3_D_1_6_4_comp24+3_D_1_6_4_comp25+3_D_1_6_4_comp26+3_D_1_6_4_comp27+3_D_1_6_4_comp28+3_D_1_6_4_comp29+3_D_1_6_4_comp30+3_D_1_6_4_comp31+3_D_1_6_4_comp32+3_D_1_6_4_comp33,R_3_D_1_6_4,TCDB,TCDB.3_D_1_6_4_comp22
G_3_D_1_6_4_comp23,P_3_D_1_6_4_comp1+3_D_1_6_4_comp2+3_D_1_6_4_comp3+3_D_1_6_4_comp4+3_D_1_6_4_comp5+3_D_1_6_4_comp6+3_D_1_6_4_comp7+3_D_1_6_4_comp8+3_D_1_6_4_comp9+3_D_1_6_4_comp10+3_D_1_6_4_comp11+3_D_1_6_4_comp12+3_D_1_6_4_comp13+3_D_1_6_4_comp14+3_D_1_6_4_comp15+3_D_1_6_4_comp16+3_D_1_6_4_comp17+3_D_1_6_4_comp18+3_D_1_6_4_comp19+3_D_1_6_4_comp20+3_D_1_6_4_comp21+3_D_1_6_4_comp22+3_D_1_6_4_comp23+3_D_1_6_4_comp24+3_D_1_6_4_comp25+3_D_1_6_4_comp26+3_D_1_6_4_comp27+3_D_1_6_4_comp28+3_D_1_6_4_comp29+3_D_1_6_4_comp30+3_D_1_6_4_comp31+3_D_1_6_4_comp32+3_D_1_6_4_comp33,R_3_D_1_6_4,TCDB,TCDB.3_D_1_6_4_comp23
G_3_D_1_6_4_comp24,P_3_D_1_6_4_comp1+3_D_1_6_4_comp2+3_D_1_6_4_comp3+3_D_1_6_4_comp4+3_D_1_6_4_comp5+3_D_1_6_4_comp6+3_D_1_6_4_comp7+3_D_1_6_4_comp8+3_D_1_6_4_comp9+3_D_1_6_4_comp10+3_D_1_6_4_comp11+3_D_1_6_4_comp12+3_D_1_6_4_comp13+3_D_1_6_4_comp14+3_D_1_6_4_comp15+3_D_1_6_4_comp16+3_D_1_6_4_comp17+3_D_1_6_4_comp18+3_D_1_6_4_comp19+3_D_1_6_4_comp20+3_D_1_6_4_comp21+3_D_1_6_4_comp22+3_D_1_6_4_comp23+3_D_1_6_4_comp24+3_D_1_6_4_comp25+3_D_1_6_4_comp26+3_D_1_6_4_comp27+3_D_1_6_4_comp28+3_D_1_6_4_comp29+3_D_1_6_4_comp30+3_D_1_6_4_comp31+3_D_1_6_4_comp32+3_D_1_6_4_comp33,R_3_D_1_6_4,TCDB,TCDB.3_D_1_6_4_comp24
G_3_D_1_6_4_comp25,P_3_D_1_6_4_comp1+3_D_1_6_4_comp2+3_D_1_6_4_comp3+3_D_1_6_4_comp4+3_D_1_6_4_comp5+3_D_1_6_4_comp6+3_D_1_6_4_comp7+3_D_1_6_4_comp8+3_D_1_6_4_comp9+3_D_1_6_4_comp10+3_D_1_6_4_comp11+3_D_1_6_4_comp12+3_D_1_6_4_comp13+3_D_1_6_4_comp14+3_D_1_6_4_comp15+3_D_1_6_4_comp16+3_D_1_6_4_comp17+3_D_1_6_4_comp18+3_D_1_6_4_comp19+3_D_1_6_4_comp20+3_D_1_6_4_comp21+3_D_1_6_4_comp22+3_D_1_6_4_comp23+3_D_1_6_4_comp24+3_D_1_6_4_comp25+3_D_1_6_4_comp26+3_D_1_6_4_comp27+3_D_1_6_4_comp28+3_D_1_6_4_comp29+3_D_1_6_4_comp30+3_D_1_6_4_comp31+3_D_1_6_4_comp32+3_D_1_6_4_comp33,R_3_D_1_6_4,TCDB,TCDB.3_D_1_6_4_comp25
G_3_D_1_6_4_comp26,P_3_D_1_6_4_comp1+3_D_1_6_4_comp2+3_D_1_6_4_comp3+3_D_1_6_4_comp4+3_D_1_6_4_comp5+3_D_1_6_4_comp6+3_D_1_6_4_comp7+3_D_1_6_4_comp8+3_D_1_6_4_comp9+3_D_1_6_4_comp10+3_D_1_6_4_comp11+3_D_1_6_4_comp12+3_D_1_6_4_comp13+3_D_1_6_4_comp14+3_D_1_6_4_comp15+3_D_1_6_4_comp16+3_D_1_6_4_comp17+3_D_1_6_4_comp18+3_D_1_6_4_comp19+3_D_1_6_4_comp20+3_D_1_6_4_comp21+3_D_1_6_4_comp22+3_D_1_6_4_comp23+3_D_1_6_4_comp24+3_D_1_6_4_comp25+3_D_1_6_4_comp26+3_D_1_6_4_comp27+3_D_1_6_4_comp28+3_D_1_6_4_comp29+3_D_1_6_4_comp30+3_D_1_6_4_comp31+3_D_1_6_4_comp32+3_D_1_6_4_comp33,R_3_D_1_6_4,TCDB,TCDB.3_D_1_6_4_comp26
G_3_D_1_6_4_comp27,P_3_D_1_6_4_comp1+3_D_1_6_4_comp2+3_D_1_6_4_comp3+3_D_1_6_4_comp4+3_D_1_6_4_comp5+3_D_1_6_4_comp6+3_D_1_6_4_comp7+3_D_1_6_4_comp8+3_D_1_6_4_comp9+3_D_1_6_4_comp10+3_D_1_6_4_comp11+3_D_1_6_4_comp12+3_D_1_6_4_comp13+3_D_1_6_4_comp14+3_D_1_6_4_comp15+3_D_1_6_4_comp16+3_D_1_6_4_comp17+3_D_1_6_4_comp18+3_D_1_6_4_comp19+3_D_1_6_4_comp20+3_D_1_6_4_comp21+3_D_1_6_4_comp22+3_D_1_6_4_comp23+3_D_1_6_4_comp24+3_D_1_6_4_comp25+3_D_1_6_4_comp26+3_D_1_6_4_comp27+3_D_1_6_4_comp28+3_D_1_6_4_comp29+3_D_1_6_4_comp30+3_D_1_6_4_comp31+3_D_1_6_4_comp32+3_D_1_6_4_comp33,R_3_D_1_6_4,TCDB,TCDB.3_D_1_6_4_comp27
G_3_D_1_6_4_comp28,P_3_D_1_6_4_comp1+3_D_1_6_4_comp2+3_D_1_6_4_comp3+3_D_1_6_4_comp4+3_D_1_6_4_comp5+3_D_1_6_4_comp6+3_D_1_6_4_comp7+3_D_1_6_4_comp8+3_D_1_6_4_comp9+3_D_1_6_4_comp10+3_D_1_6_4_comp11+3_D_1_6_4_comp12+3_D_1_6_4_comp13+3_D_1_6_4_comp14+3_D_1_6_4_comp15+3_D_1_6_4_comp16+3_D_1_6_4_comp17+3_D_1_6_4_comp18+3_D_1_6_4_comp19+3_D_1_6_4_comp20+3_D_1_6_4_comp21+3_D_1_6_4_comp22+3_D_1_6_4_comp23+3_D_1_6_4_comp24+3_D_1_6_4_comp25+3_D_1_6_4_comp26+3_D_1_6_4_comp27+3_D_1_6_4_comp28+3_D_1_6_4_comp29+3_D_1_6_4_comp30+3_D_1_6_4_comp31+3_D_1_6_4_comp32+3_D_1_6_4_comp33,R_3_D_1_6_4,TCDB,TCDB.3_D_1_6_4_comp28
G_3_D_1_6_4_comp29,P_3_D_1_6_4_comp1+3_D_1_6_4_comp2+3_D_1_6_4_comp3+3_D_1_6_4_comp4+3_D_1_6_4_comp5+3_D_1_6_4_comp6+3_D_1_6_4_comp7+3_D_1_6_4_comp8+3_D_1_6_4_comp9+3_D_1_6_4_comp10+3_D_1_6_4_comp11+3_D_1_6_4_comp12+3_D_1_6_4_comp13+3_D_1_6_4_comp14+3_D_1_6_4_comp15+3_D_1_6_4_comp16+3_D_1_6_4_comp17+3_D_1_6_4_comp18+3_D_1_6_4_comp19+3_D_1_6_4_comp20+3_D_1_6_4_comp21+3_D_1_6_4_comp22+3_D_1_6_4_comp23+3_D_1_6_4_comp24+3_D_1_6_4_comp25+3_D_1_6_4_comp26+3_D_1_6_4_comp27+3_D_1_6_4_comp28+3_D_1_6_4_comp29+3_D_1_6_4_comp30+3_D_1_6_4_comp31+3_D_1_6_4_comp32+3_D_1_6_4_comp33,R_3_D_1_6_4,TCDB,TCDB.3_D_1_6_4_comp29
G_3_D_1_6_4_comp30,P_3_D_1_6_4_comp1+3_D_1_6_4_comp2+3_D_1_6_4_comp3+3_D_1_6_4_comp4+3_D_1_6_4_comp5+3_D_1_6_4_comp6+3_D_1_6_4_comp7+3_D_1_6_4_comp8+3_D_1_6_4_comp9+3_D_1_6_4_comp10+3_D_1_6_4_comp11+3_D_1_6_4_comp12+3_D_1_6_4_comp13+3_D_1_6_4_comp14+3_D_1_6_4_comp15+3_D_1_6_4_comp16+3_D_1_6_4_comp17+3_D_1_6_4_comp18+3_D_1_6_4_comp19+3_D_1_6_4_comp20+3_D_1_6_4_comp21+3_D_1_6_4_comp22+3_D_1_6_4_comp23+3_D_1_6_4_comp24+3_D_1_6_4_comp25+3_D_1_6_4_comp26+3_D_1_6_4_comp27+3_D_1_6_4_comp28+3_D_1_6_4_comp29+3_D_1_6_4_comp30+3_D_1_6_4_comp31+3_D_1_6_4_comp32+3_D_1_6_4_comp33,R_3_D_1_6_4,TCDB,TCDB.3_D_1_6_4_comp30
G_3_D_1_6_4_comp31,P_3_D_1_6_4_comp1+3_D_1_6_4_comp2+3_D_1_6_4_comp3+3_D_1_6_4_comp4+3_D_1_6_4_comp5+3_D_1_6_4_comp6+3_D_1_6_4_comp7+3_D_1_6_4_comp8+3_D_1_6_4_comp9+3_D_1_6_4_comp10+3_D_1_6_4_comp11+3_D_1_6_4_comp12+3_D_1_6_4_comp13+3_D_1_6_4_comp14+3_D_1_6_4_comp15+3_D_1_6_4_comp16+3_D_1_6_4_comp17+3_D_1_6_4_comp18+3_D_1_6_4_comp19+3_D_1_6_4_comp20+3_D_1_6_4_comp21+3_D_1_6_4_comp22+3_D_1_6_4_comp23+3_D_1_6_4_comp24+3_D_1_6_4_comp25+3_D_1_6_4_comp26+3_D_1_6_4_comp27+3_D_1_6_4_comp28+3_D_1_6_4_comp29+3_D_1_6_4_comp30+3_D_1_6_4_comp31+3_D_1_6_4_comp32+3_D_1_6_4_comp33,R_3_D_1_6_4,TCDB,TCDB.3_D_1_6_4_comp31
G_3_D_1_6_4_comp32,P_3_D_1_6_4_comp1+3_D_1_6_4_comp2+3_D_1_6_4_comp3+3_D_1_6_4_comp4+3_D_1_6_4_comp5+3_D_1_6_4_comp6+3_D_1_6_4_comp7+3_D_1_6_4_comp8+3_D_1_6_4_comp9+3_D_1_6_4_comp10+3_D_1_6_4_comp11+3_D_1_6_4_comp12+3_D_1_6_4_comp13+3_D_1_6_4_comp14+3_D_1_6_4_comp15+3_D_1_6_4_comp16+3_D_1_6_4_comp17+3_D_1_6_4_comp18+3_D_1_6_4_comp19+3_D_1_6_4_comp20+3_D_1_6_4_comp21+3_D_1_6_4_comp22+3_D_1_6_4_comp23+3_D_1_6_4_comp24+3_D_1_6_4_comp25+3_D_1_6_4_comp26+3_D_1_6_4_comp27+3_D_1_6_4_comp28+3_D_1_6_4_comp29+3_D_1_6_4_comp30+3_D_1_6_4_comp31+3_D_1_6_4_comp32+3_D_1_6_4_comp33,R_3_D_1_6_4,TCDB,TCDB.3_D_1_6_4_comp32
G_3_D_1_6_4_comp33,P_3_D_1_6_4_comp1+3_D_1_6_4_comp2+3_D_1_6_4_comp3+3_D_1_6_4_comp4+3_D_1_6_4_comp5+3_D_1_6_4_comp6+3_D_1_6_4_comp7+3_D_1_6_4_comp8+3_D_1_6_4_comp9+3_D_1_6_4_comp10+3_D_1_6_4_comp11+3_D_1_6_4_comp12+3_D_1_6_4_comp13+3_D_1_6_4_comp14+3_D_1_6_4_comp15+3_D_1_6_4_comp16+3_D_1_6_4_comp17+3_D_1_6_4_comp18+3_D_1_6_4_comp19+3_D_1_6_4_comp20+3_D_1_6_4_comp21+3_D_1_6_4_comp22+3_D_1_6_4_comp23+3_D_1_6_4_comp24+3_D_1_6_4_comp25+3_D_1_6_4_comp26+3_D_1_6_4_comp27+3_D_1_6_4_comp28+3_D_1_6_4_comp29+3_D_1_6_4_comp30+3_D_1_6_4_comp31+3_D_1_6_4_comp32+3_D_1_6_4_comp33,R_3_D_1_6_4,TCDB,TCDB.3_D_1_6_4_comp33
G_1_A_31_1_7_comp1,P_1_A_31_1_7_comp1,R_1_A_31_1_7,TCDB,TCDB.1_A_31_1_7_comp1
G_8_A_7_1_1_comp1,P_8_A_7_1_1_comp1,R_8_A_7_1_1,TCDB,TCDB.8_A_7_1_1_comp1
G_9_A_14_3_14_comp1,P_9_A_14_3_14_comp1,R_9_A_14_3_14,TCDB,TCDB.9_A_14_3_14_comp1
G_9_A_14_3_16_comp1,P_9_A_14_3_16_comp1,R_9_A_14_3_16,TCDB,TCDB.9_A_14_3_16_comp1
G_1_C_44_1_2_comp1,P_1_C_44_1_2_comp1,R_1_C_44_1_2,TCDB,TCDB.1_C_44_1_2_comp1
G_8_A_40_1_19_comp1,P_8_A_40_1_19_comp1,R_8_A_40_1_19,TCDB,TCDB.8_A_40_1_19_comp1
G_1_E_9_1_1_comp1,P_1_E_9_1_1_comp1,R_1_E_9_1_1,TCDB,TCDB.1_E_9_1_1_comp1
G_1_A_8_12_1_comp1,P_1_A_8_12_1_comp1,R_1_A_8_12_1,TCDB,TCDB.1_A_8_12_1_comp1
G_1_A_108_1_1_comp1,P_1_A_108_1_1_comp1,R_1_A_108_1_1,TCDB,TCDB.1_A_108_1_1_comp1
G_2_A_28_1_8_comp1,P_2_A_28_1_8_comp1,R_2_A_28_1_8,TCDB,TCDB.2_A_28_1_8_comp1
G_5_A_3_1_1_comp1,P_5_A_3_1_1_comp1+5_A_3_1_1_comp2+5_A_3_1_1_comp3,R_5_A_3_1_1,TCDB,TCDB.5_A_3_1_1_comp1
G_5_A_3_1_1_comp2,P_5_A_3_1_1_comp1+5_A_3_1_1_comp2+5_A_3_1_1_comp3,R_5_A_3_1_1,TCDB,TCDB.5_A_3_1_1_comp2
G_5_A_3_1_1_comp3,P_5_A_3_1_1_comp1+5_A_3_1_1_comp2+5_A_3_1_1_comp3,R_5_A_3_1_1,TCDB,TCDB.5_A_3_1_1_comp3
G_1_C_4_1_1_comp1,P_1_C_4_1_1_comp1,R_1_C_4_1_1,TCDB,TCDB.1_C_4_1_1_comp1
G_9_B_50_1_1_comp1,P_9_B_50_1_1_comp1,R_9_B_50_1_1,TCDB,TCDB.9_B_50_1_1_comp1
G_8_B_24_1_2_comp1,P_8_B_24_1_2_comp1,R_8_B_24_1_2,TCDB,TCDB.8_B_24_1_2_comp1
G_3_E_2_2_2_comp1,P_3_E_2_2_2_comp1+3_E_2_2_2_comp2+3_E_2_2_2_comp3+3_E_2_2_2_comp4+3_E_2_2_2_comp5,R_3_E_2_2_2,TCDB,TCDB.3_E_2_2_2_comp1
G_3_E_2_2_2_comp2,P_3_E_2_2_2_comp1+3_E_2_2_2_comp2+3_E_2_2_2_comp3+3_E_2_2_2_comp4+3_E_2_2_2_comp5,R_3_E_2_2_2,TCDB,TCDB.3_E_2_2_2_comp2
G_3_E_2_2_2_comp3,P_3_E_2_2_2_comp1+3_E_2_2_2_comp2+3_E_2_2_2_comp3+3_E_2_2_2_comp4+3_E_2_2_2_comp5,R_3_E_2_2_2,TCDB,TCDB.3_E_2_2_2_comp3
G_3_E_2_2_2_comp4,P_3_E_2_2_2_comp1+3_E_2_2_2_comp2+3_E_2_2_2_comp3+3_E_2_2_2_comp4+3_E_2_2_2_comp5,R_3_E_2_2_2,TCDB,TCDB.3_E_2_2_2_comp4
G_3_E_2_2_2_comp5,P_3_E_2_2_2_comp1+3_E_2_2_2_comp2+3_E_2_2_2_comp3+3_E_2_2_2_comp4+3_E_2_2_2_comp5,R_3_E_2_2_2,TCDB,TCDB.3_E_2_2_2_comp5
G_4_A_1_1_2_comp1,P_4_A_1_1_2_comp1,R_4_A_1_1_2,TCDB,TCDB.4_A_1_1_2_comp1
G_8_A_23_1_36_comp1,P_8_A_23_1_36_comp1,R_8_A_23_1_36,TCDB,TCDB.8_A_23_1_36_comp1
G_1_A_30_1_1_comp1,P_1_A_30_1_1_comp1+1_A_30_1_1_comp2,R_1_A_30_1_1,TCDB,TCDB.1_A_30_1_1_comp1
G_1_A_30_1_1_comp2,P_1_A_30_1_1_comp1+1_A_30_1_1_comp2,R_1_A_30_1_1,TCDB,TCDB.1_A_30_1_1_comp2
G_1_C_4_4_2_comp1,P_1_C_4_4_2_comp1,R_1_C_4_4_2,TCDB,TCDB.1_C_4_4_2_comp1
G_9_B_104_1_1_comp1,P_9_B_104_1_1_comp1,R_9_B_104_1_1,TCDB,TCDB.9_B_104_1_1_comp1
G_1_K_1_1_1_comp1,P_1_K_1_1_1_comp1+1_K_1_1_1_comp2+1_K_1_1_1_comp3+1_K_1_1_1_comp4+1_K_1_1_1_comp5+1_K_1_1_1_comp6+1_K_1_1_1_comp7+1_K_1_1_1_comp8+1_K_1_1_1_comp9+1_K_1_1_1_comp10+1_K_1_1_1_comp11+1_K_1_1_1_comp12+1_K_1_1_1_comp13+1_K_1_1_1_comp14+1_K_1_1_1_comp15+1_K_1_1_1_comp16+1_K_1_1_1_comp17+1_K_1_1_1_comp18+1_K_1_1_1_comp19+1_K_1_1_1_comp20,R_1_K_1_1_1,TCDB,TCDB.1_K_1_1_1_comp1
G_1_K_1_1_1_comp2,P_1_K_1_1_1_comp1+1_K_1_1_1_comp2+1_K_1_1_1_comp3+1_K_1_1_1_comp4+1_K_1_1_1_comp5+1_K_1_1_1_comp6+1_K_1_1_1_comp7+1_K_1_1_1_comp8+1_K_1_1_1_comp9+1_K_1_1_1_comp10+1_K_1_1_1_comp11+1_K_1_1_1_comp12+1_K_1_1_1_comp13+1_K_1_1_1_comp14+1_K_1_1_1_comp15+1_K_1_1_1_comp16+1_K_1_1_1_comp17+1_K_1_1_1_comp18+1_K_1_1_1_comp19+1_K_1_1_1_comp20,R_1_K_1_1_1,TCDB,TCDB.1_K_1_1_1_comp2
G_1_K_1_1_1_comp3,P_1_K_1_1_1_comp1+1_K_1_1_1_comp2+1_K_1_1_1_comp3+1_K_1_1_1_comp4+1_K_1_1_1_comp5+1_K_1_1_1_comp6+1_K_1_1_1_comp7+1_K_1_1_1_comp8+1_K_1_1_1_comp9+1_K_1_1_1_comp10+1_K_1_1_1_comp11+1_K_1_1_1_comp12+1_K_1_1_1_comp13+1_K_1_1_1_comp14+1_K_1_1_1_comp15+1_K_1_1_1_comp16+1_K_1_1_1_comp17+1_K_1_1_1_comp18+1_K_1_1_1_comp19+1_K_1_1_1_comp20,R_1_K_1_1_1,TCDB,TCDB.1_K_1_1_1_comp3
G_1_K_1_1_1_comp4,P_1_K_1_1_1_comp1+1_K_1_1_1_comp2+1_K_1_1_1_comp3+1_K_1_1_1_comp4+1_K_1_1_1_comp5+1_K_1_1_1_comp6+1_K_1_1_1_comp7+1_K_1_1_1_comp8+1_K_1_1_1_comp9+1_K_1_1_1_comp10+1_K_1_1_1_comp11+1_K_1_1_1_comp12+1_K_1_1_1_comp13+1_K_1_1_1_comp14+1_K_1_1_1_comp15+1_K_1_1_1_comp16+1_K_1_1_1_comp17+1_K_1_1_1_comp18+1_K_1_1_1_comp19+1_K_1_1_1_comp20,R_1_K_1_1_1,TCDB,TCDB.1_K_1_1_1_comp4
G_1_K_1_1_1_comp5,P_1_K_1_1_1_comp1+1_K_1_1_1_comp2+1_K_1_1_1_comp3+1_K_1_1_1_comp4+1_K_1_1_1_comp5+1_K_1_1_1_comp6+1_K_1_1_1_comp7+1_K_1_1_1_comp8+1_K_1_1_1_comp9+1_K_1_1_1_comp10+1_K_1_1_1_comp11+1_K_1_1_1_comp12+1_K_1_1_1_comp13+1_K_1_1_1_comp14+1_K_1_1_1_comp15+1_K_1_1_1_comp16+1_K_1_1_1_comp17+1_K_1_1_1_comp18+1_K_1_1_1_comp19+1_K_1_1_1_comp20,R_1_K_1_1_1,TCDB,TCDB.1_K_1_1_1_comp5
G_1_K_1_1_1_comp6,P_1_K_1_1_1_comp1+1_K_1_1_1_comp2+1_K_1_1_1_comp3+1_K_1_1_1_comp4+1_K_1_1_1_comp5+1_K_1_1_1_comp6+1_K_1_1_1_comp7+1_K_1_1_1_comp8+1_K_1_1_1_comp9+1_K_1_1_1_comp10+1_K_1_1_1_comp11+1_K_1_1_1_comp12+1_K_1_1_1_comp13+1_K_1_1_1_comp14+1_K_1_1_1_comp15+1_K_1_1_1_comp16+1_K_1_1_1_comp17+1_K_1_1_1_comp18+1_K_1_1_1_comp19+1_K_1_1_1_comp20,R_1_K_1_1_1,TCDB,TCDB.1_K_1_1_1_comp6
G_1_K_1_1_1_comp7,P_1_K_1_1_1_comp1+1_K_1_1_1_comp2+1_K_1_1_1_comp3+1_K_1_1_1_comp4+1_K_1_1_1_comp5+1_K_1_1_1_comp6+1_K_1_1_1_comp7+1_K_1_1_1_comp8+1_K_1_1_1_comp9+1_K_1_1_1_comp10+1_K_1_1_1_comp11+1_K_1_1_1_comp12+1_K_1_1_1_comp13+1_K_1_1_1_comp14+1_K_1_1_1_comp15+1_K_1_1_1_comp16+1_K_1_1_1_comp17+1_K_1_1_1_comp18+1_K_1_1_1_comp19+1_K_1_1_1_comp20,R_1_K_1_1_1,TCDB,TCDB.1_K_1_1_1_comp7
G_1_K_1_1_1_comp8,P_1_K_1_1_1_comp1+1_K_1_1_1_comp2+1_K_1_1_1_comp3+1_K_1_1_1_comp4+1_K_1_1_1_comp5+1_K_1_1_1_comp6+1_K_1_1_1_comp7+1_K_1_1_1_comp8+1_K_1_1_1_comp9+1_K_1_1_1_comp10+1_K_1_1_1_comp11+1_K_1_1_1_comp12+1_K_1_1_1_comp13+1_K_1_1_1_comp14+1_K_1_1_1_comp15+1_K_1_1_1_comp16+1_K_1_1_1_comp17+1_K_1_1_1_comp18+1_K_1_1_1_comp19+1_K_1_1_1_comp20,R_1_K_1_1_1,TCDB,TCDB.1_K_1_1_1_comp8
G_1_K_1_1_1_comp9,P_1_K_1_1_1_comp1+1_K_1_1_1_comp2+1_K_1_1_1_comp3+1_K_1_1_1_comp4+1_K_1_1_1_comp5+1_K_1_1_1_comp6+1_K_1_1_1_comp7+1_K_1_1_1_comp8+1_K_1_1_1_comp9+1_K_1_1_1_comp10+1_K_1_1_1_comp11+1_K_1_1_1_comp12+1_K_1_1_1_comp13+1_K_1_1_1_comp14+1_K_1_1_1_comp15+1_K_1_1_1_comp16+1_K_1_1_1_comp17+1_K_1_1_1_comp18+1_K_1_1_1_comp19+1_K_1_1_1_comp20,R_1_K_1_1_1,TCDB,TCDB.1_K_1_1_1_comp9
G_1_K_1_1_1_comp10,P_1_K_1_1_1_comp1+1_K_1_1_1_comp2+1_K_1_1_1_comp3+1_K_1_1_1_comp4+1_K_1_1_1_comp5+1_K_1_1_1_comp6+1_K_1_1_1_comp7+1_K_1_1_1_comp8+1_K_1_1_1_comp9+1_K_1_1_1_comp10+1_K_1_1_1_comp11+1_K_1_1_1_comp12+1_K_1_1_1_comp13+1_K_1_1_1_comp14+1_K_1_1_1_comp15+1_K_1_1_1_comp16+1_K_1_1_1_comp17+1_K_1_1_1_comp18+1_K_1_1_1_comp19+1_K_1_1_1_comp20,R_1_K_1_1_1,TCDB,TCDB.1_K_1_1_1_comp10
G_1_K_1_1_1_comp11,P_1_K_1_1_1_comp1+1_K_1_1_1_comp2+1_K_1_1_1_comp3+1_K_1_1_1_comp4+1_K_1_1_1_comp5+1_K_1_1_1_comp6+1_K_1_1_1_comp7+1_K_1_1_1_comp8+1_K_1_1_1_comp9+1_K_1_1_1_comp10+1_K_1_1_1_comp11+1_K_1_1_1_comp12+1_K_1_1_1_comp13+1_K_1_1_1_comp14+1_K_1_1_1_comp15+1_K_1_1_1_comp16+1_K_1_1_1_comp17+1_K_1_1_1_comp18+1_K_1_1_1_comp19+1_K_1_1_1_comp20,R_1_K_1_1_1,TCDB,TCDB.1_K_1_1_1_comp11
G_1_K_1_1_1_comp12,P_1_K_1_1_1_comp1+1_K_1_1_1_comp2+1_K_1_1_1_comp3+1_K_1_1_1_comp4+1_K_1_1_1_comp5+1_K_1_1_1_comp6+1_K_1_1_1_comp7+1_K_1_1_1_comp8+1_K_1_1_1_comp9+1_K_1_1_1_comp10+1_K_1_1_1_comp11+1_K_1_1_1_comp12+1_K_1_1_1_comp13+1_K_1_1_1_comp14+1_K_1_1_1_comp15+1_K_1_1_1_comp16+1_K_1_1_1_comp17+1_K_1_1_1_comp18+1_K_1_1_1_comp19+1_K_1_1_1_comp20,R_1_K_1_1_1,TCDB,TCDB.1_K_1_1_1_comp12
G_1_K_1_1_1_comp13,P_1_K_1_1_1_comp1+1_K_1_1_1_comp2+1_K_1_1_1_comp3+1_K_1_1_1_comp4+1_K_1_1_1_comp5+1_K_1_1_1_comp6+1_K_1_1_1_comp7+1_K_1_1_1_comp8+1_K_1_1_1_comp9+1_K_1_1_1_comp10+1_K_1_1_1_comp11+1_K_1_1_1_comp12+1_K_1_1_1_comp13+1_K_1_1_1_comp14+1_K_1_1_1_comp15+1_K_1_1_1_comp16+1_K_1_1_1_comp17+1_K_1_1_1_comp18+1_K_1_1_1_comp19+1_K_1_1_1_comp20,R_1_K_1_1_1,TCDB,TCDB.1_K_1_1_1_comp13
G_1_K_1_1_1_comp14,P_1_K_1_1_1_comp1+1_K_1_1_1_comp2+1_K_1_1_1_comp3+1_K_1_1_1_comp4+1_K_1_1_1_comp5+1_K_1_1_1_comp6+1_K_1_1_1_comp7+1_K_1_1_1_comp8+1_K_1_1_1_comp9+1_K_1_1_1_comp10+1_K_1_1_1_comp11+1_K_1_1_1_comp12+1_K_1_1_1_comp13+1_K_1_1_1_comp14+1_K_1_1_1_comp15+1_K_1_1_1_comp16+1_K_1_1_1_comp17+1_K_1_1_1_comp18+1_K_1_1_1_comp19+1_K_1_1_1_comp20,R_1_K_1_1_1,TCDB,TCDB.1_K_1_1_1_comp14
G_1_K_1_1_1_comp15,P_1_K_1_1_1_comp1+1_K_1_1_1_comp2+1_K_1_1_1_comp3+1_K_1_1_1_comp4+1_K_1_1_1_comp5+1_K_1_1_1_comp6+1_K_1_1_1_comp7+1_K_1_1_1_comp8+1_K_1_1_1_comp9+1_K_1_1_1_comp10+1_K_1_1_1_comp11+1_K_1_1_1_comp12+1_K_1_1_1_comp13+1_K_1_1_1_comp14+1_K_1_1_1_comp15+1_K_1_1_1_comp16+1_K_1_1_1_comp17+1_K_1_1_1_comp18+1_K_1_1_1_comp19+1_K_1_1_1_comp20,R_1_K_1_1_1,TCDB,TCDB.1_K_1_1_1_comp15
G_1_K_1_1_1_comp16,P_1_K_1_1_1_comp1+1_K_1_1_1_comp2+1_K_1_1_1_comp3+1_K_1_1_1_comp4+1_K_1_1_1_comp5+1_K_1_1_1_comp6+1_K_1_1_1_comp7+1_K_1_1_1_comp8+1_K_1_1_1_comp9+1_K_1_1_1_comp10+1_K_1_1_1_comp11+1_K_1_1_1_comp12+1_K_1_1_1_comp13+1_K_1_1_1_comp14+1_K_1_1_1_comp15+1_K_1_1_1_comp16+1_K_1_1_1_comp17+1_K_1_1_1_comp18+1_K_1_1_1_comp19+1_K_1_1_1_comp20,R_1_K_1_1_1,TCDB,TCDB.1_K_1_1_1_comp16
G_1_K_1_1_1_comp17,P_1_K_1_1_1_comp1+1_K_1_1_1_comp2+1_K_1_1_1_comp3+1_K_1_1_1_comp4+1_K_1_1_1_comp5+1_K_1_1_1_comp6+1_K_1_1_1_comp7+1_K_1_1_1_comp8+1_K_1_1_1_comp9+1_K_1_1_1_comp10+1_K_1_1_1_comp11+1_K_1_1_1_comp12+1_K_1_1_1_comp13+1_K_1_1_1_comp14+1_K_1_1_1_comp15+1_K_1_1_1_comp16+1_K_1_1_1_comp17+1_K_1_1_1_comp18+1_K_1_1_1_comp19+1_K_1_1_1_comp20,R_1_K_1_1_1,TCDB,TCDB.1_K_1_1_1_comp17
G_1_K_1_1_1_comp18,P_1_K_1_1_1_comp1+1_K_1_1_1_comp2+1_K_1_1_1_comp3+1_K_1_1_1_comp4+1_K_1_1_1_comp5+1_K_1_1_1_comp6+1_K_1_1_1_comp7+1_K_1_1_1_comp8+1_K_1_1_1_comp9+1_K_1_1_1_comp10+1_K_1_1_1_comp11+1_K_1_1_1_comp12+1_K_1_1_1_comp13+1_K_1_1_1_comp14+1_K_1_1_1_comp15+1_K_1_1_1_comp16+1_K_1_1_1_comp17+1_K_1_1_1_comp18+1_K_1_1_1_comp19+1_K_1_1_1_comp20,R_1_K_1_1_1,TCDB,TCDB.1_K_1_1_1_comp18
G_1_K_1_1_1_comp19,P_1_K_1_1_1_comp1+1_K_1_1_1_comp2+1_K_1_1_1_comp3+1_K_1_1_1_comp4+1_K_1_1_1_comp5+1_K_1_1_1_comp6+1_K_1_1_1_comp7+1_K_1_1_1_comp8+1_K_1_1_1_comp9+1_K_1_1_1_comp10+1_K_1_1_1_comp11+1_K_1_1_1_comp12+1_K_1_1_1_comp13+1_K_1_1_1_comp14+1_K_1_1_1_comp15+1_K_1_1_1_comp16+1_K_1_1_1_comp17+1_K_1_1_1_comp18+1_K_1_1_1_comp19+1_K_1_1_1_comp20,R_1_K_1_1_1,TCDB,TCDB.1_K_1_1_1_comp19
G_1_K_1_1_1_comp20,P_1_K_1_1_1_comp1+1_K_1_1_1_comp2+1_K_1_1_1_comp3+1_K_1_1_1_comp4+1_K_1_1_1_comp5+1_K_1_1_1_comp6+1_K_1_1_1_comp7+1_K_1_1_1_comp8+1_K_1_1_1_comp9+1_K_1_1_1_comp10+1_K_1_1_1_comp11+1_K_1_1_1_comp12+1_K_1_1_1_comp13+1_K_1_1_1_comp14+1_K_1_1_1_comp15+1_K_1_1_1_comp16+1_K_1_1_1_comp17+1_K_1_1_1_comp18+1_K_1_1_1_comp19+1_K_1_1_1_comp20,R_1_K_1_1_1,TCDB,TCDB.1_K_1_1_1_comp20
G_8_A_74_1_6_comp1,P_8_A_74_1_6_comp1,R_8_A_74_1_6,TCDB,TCDB.8_A_74_1_6_comp1
G_1_B_12_5_1_comp1,P_1_B_12_5_1_comp1,R_1_B_12_5_1,TCDB,TCDB.1_B_12_5_1_comp1
G_8_A_137_1_1_comp1,P_8_A_137_1_1_comp1+8_A_137_1_1_comp2+8_A_137_1_1_comp3,R_8_A_137_1_1,TCDB,TCDB.8_A_137_1_1_comp1
G_8_A_137_1_1_comp2,P_8_A_137_1_1_comp1+8_A_137_1_1_comp2+8_A_137_1_1_comp3,R_8_A_137_1_1,TCDB,TCDB.8_A_137_1_1_comp2
G_8_A_137_1_1_comp3,P_8_A_137_1_1_comp1+8_A_137_1_1_comp2+8_A_137_1_1_comp3,R_8_A_137_1_1,TCDB,TCDB.8_A_137_1_1_comp3
G_8_A_137_1_2_comp1,P_8_A_137_1_2_comp1+8_A_137_1_2_comp2,R_8_A_137_1_2,TCDB,TCDB.8_A_137_1_2_comp1
G_8_A_137_1_2_comp2,P_8_A_137_1_2_comp1+8_A_137_1_2_comp2,R_8_A_137_1_2,TCDB,TCDB.8_A_137_1_2_comp2
G_1_C_14_1_1_comp1,P_1_C_14_1_1_comp1,R_1_C_14_1_1,TCDB,TCDB.1_C_14_1_1_comp1
G_1_G_20_1_4_comp1,P_1_G_20_1_4_comp1,R_1_G_20_1_4,TCDB,TCDB.1_G_20_1_4_comp1
G_1_C_3_1_1_comp1,P_1_C_3_1_1_comp1,R_1_C_3_1_1,TCDB,TCDB.1_C_3_1_1_comp1
G_8_A_23_1_37_comp1,P_8_A_23_1_37_comp1,R_8_A_23_1_37,TCDB,TCDB.8_A_23_1_37_comp1
G_8_A_237_1_1_comp1,P_8_A_237_1_1_comp1,R_8_A_237_1_1,TCDB,TCDB.8_A_237_1_1_comp1
G_1_B_12_3_1_comp1,P_1_B_12_3_1_comp1,R_1_B_12_3_1,TCDB,TCDB.1_B_12_3_1_comp1
G_3_A_1_8_1_comp1,P_3_A_1_8_1_comp1+3_A_1_8_1_comp2+3_A_1_8_1_comp3,R_3_A_1_8_1,TCDB,TCDB.3_A_1_8_1_comp1
G_3_A_1_8_1_comp2,P_3_A_1_8_1_comp1+3_A_1_8_1_comp2+3_A_1_8_1_comp3,R_3_A_1_8_1,TCDB,TCDB.3_A_1_8_1_comp2
G_3_A_1_8_1_comp3,P_3_A_1_8_1_comp1+3_A_1_8_1_comp2+3_A_1_8_1_comp3,R_3_A_1_8_1,TCDB,TCDB.3_A_1_8_1_comp3
G_2_A_1_4_4_comp1,P_2_A_1_4_4_comp1,R_2_A_1_4_4,TCDB,TCDB.2_A_1_4_4_comp1
G_9_B_355_2_1_comp1,P_9_B_355_2_1_comp1,R_9_B_355_2_1,TCDB,TCDB.9_B_355_2_1_comp1
G_1_A_9_1_24_comp1,P_1_A_9_1_24_comp1,R_1_A_9_1_24,TCDB,TCDB.1_A_9_1_24_comp1
G_1_E_2_1_2_comp1,P_1_E_2_1_2_comp1,R_1_E_2_1_2,TCDB,TCDB.1_E_2_1_2_comp1
G_1_C_11_1_3_comp1,P_1_C_11_1_3_comp1,R_1_C_11_1_3,TCDB,TCDB.1_C_11_1_3_comp1
G_1_G_8_1_1_comp1,P_1_G_8_1_1_comp1,R_1_G_8_1_1,TCDB,TCDB.1_G_8_1_1_comp1
G_1_C_3_4_2_comp1,P_1_C_3_4_2_comp1+1_C_3_4_2_comp2,R_1_C_3_4_2,TCDB,TCDB.1_C_3_4_2_comp1
G_1_C_3_4_2_comp2,P_1_C_3_4_2_comp1+1_C_3_4_2_comp2,R_1_C_3_4_2,TCDB,TCDB.1_C_3_4_2_comp2
G_4_A_3_1_1_comp1,P_4_A_3_1_1_comp1+4_A_3_1_1_comp2,R_4_A_3_1_1,TCDB,TCDB.4_A_3_1_1_comp1
G_4_A_3_1_1_comp2,P_4_A_3_1_1_comp1+4_A_3_1_1_comp2,R_4_A_3_1_1,TCDB,TCDB.4_A_3_1_1_comp2
G_2_A_1_2_10_comp1,P_2_A_1_2_10_comp1,R_2_A_1_2_10,TCDB,TCDB.2_A_1_2_10_comp1
G_2_A_1_3_4_comp1,P_2_A_1_3_4_comp1,R_2_A_1_3_4,TCDB,TCDB.2_A_1_3_4_comp1
G_3_A_6_1_3_comp1,P_3_A_6_1_3_comp1+3_A_6_1_3_comp2+3_A_6_1_3_comp3+3_A_6_1_3_comp4+3_A_6_1_3_comp5+3_A_6_1_3_comp6+3_A_6_1_3_comp7+3_A_6_1_3_comp8+3_A_6_1_3_comp9+3_A_6_1_3_comp10+3_A_6_1_3_comp11+3_A_6_1_3_comp12,R_3_A_6_1_3,TCDB,TCDB.3_A_6_1_3_comp1
G_3_A_6_1_3_comp2,P_3_A_6_1_3_comp1+3_A_6_1_3_comp2+3_A_6_1_3_comp3+3_A_6_1_3_comp4+3_A_6_1_3_comp5+3_A_6_1_3_comp6+3_A_6_1_3_comp7+3_A_6_1_3_comp8+3_A_6_1_3_comp9+3_A_6_1_3_comp10+3_A_6_1_3_comp11+3_A_6_1_3_comp12,R_3_A_6_1_3,TCDB,TCDB.3_A_6_1_3_comp2
G_3_A_6_1_3_comp3,P_3_A_6_1_3_comp1+3_A_6_1_3_comp2+3_A_6_1_3_comp3+3_A_6_1_3_comp4+3_A_6_1_3_comp5+3_A_6_1_3_comp6+3_A_6_1_3_comp7+3_A_6_1_3_comp8+3_A_6_1_3_comp9+3_A_6_1_3_comp10+3_A_6_1_3_comp11+3_A_6_1_3_comp12,R_3_A_6_1_3,TCDB,TCDB.3_A_6_1_3_comp3
G_3_A_6_1_3_comp4,P_3_A_6_1_3_comp1+3_A_6_1_3_comp2+3_A_6_1_3_comp3+3_A_6_1_3_comp4+3_A_6_1_3_comp5+3_A_6_1_3_comp6+3_A_6_1_3_comp7+3_A_6_1_3_comp8+3_A_6_1_3_comp9+3_A_6_1_3_comp10+3_A_6_1_3_comp11+3_A_6_1_3_comp12,R_3_A_6_1_3,TCDB,TCDB.3_A_6_1_3_comp4
G_3_A_6_1_3_comp5,P_3_A_6_1_3_comp1+3_A_6_1_3_comp2+3_A_6_1_3_comp3+3_A_6_1_3_comp4+3_A_6_1_3_comp5+3_A_6_1_3_comp6+3_A_6_1_3_comp7+3_A_6_1_3_comp8+3_A_6_1_3_comp9+3_A_6_1_3_comp10+3_A_6_1_3_comp11+3_A_6_1_3_comp12,R_3_A_6_1_3,TCDB,TCDB.3_A_6_1_3_comp5
G_3_A_6_1_3_comp6,P_3_A_6_1_3_comp1+3_A_6_1_3_comp2+3_A_6_1_3_comp3+3_A_6_1_3_comp4+3_A_6_1_3_comp5+3_A_6_1_3_comp6+3_A_6_1_3_comp7+3_A_6_1_3_comp8+3_A_6_1_3_comp9+3_A_6_1_3_comp10+3_A_6_1_3_comp11+3_A_6_1_3_comp12,R_3_A_6_1_3,TCDB,TCDB.3_A_6_1_3_comp6
G_3_A_6_1_3_comp7,P_3_A_6_1_3_comp1+3_A_6_1_3_comp2+3_A_6_1_3_comp3+3_A_6_1_3_comp4+3_A_6_1_3_comp5+3_A_6_1_3_comp6+3_A_6_1_3_comp7+3_A_6_1_3_comp8+3_A_6_1_3_comp9+3_A_6_1_3_comp10+3_A_6_1_3_comp11+3_A_6_1_3_comp12,R_3_A_6_1_3,TCDB,TCDB.3_A_6_1_3_comp7
G_3_A_6_1_3_comp8,P_3_A_6_1_3_comp1+3_A_6_1_3_comp2+3_A_6_1_3_comp3+3_A_6_1_3_comp4+3_A_6_1_3_comp5+3_A_6_1_3_comp6+3_A_6_1_3_comp7+3_A_6_1_3_comp8+3_A_6_1_3_comp9+3_A_6_1_3_comp10+3_A_6_1_3_comp11+3_A_6_1_3_comp12,R_3_A_6_1_3,TCDB,TCDB.3_A_6_1_3_comp8
G_3_A_6_1_3_comp9,P_3_A_6_1_3_comp1+3_A_6_1_3_comp2+3_A_6_1_3_comp3+3_A_6_1_3_comp4+3_A_6_1_3_comp5+3_A_6_1_3_comp6+3_A_6_1_3_comp7+3_A_6_1_3_comp8+3_A_6_1_3_comp9+3_A_6_1_3_comp10+3_A_6_1_3_comp11+3_A_6_1_3_comp12,R_3_A_6_1_3,TCDB,TCDB.3_A_6_1_3_comp9
G_3_A_6_1_3_comp10,P_3_A_6_1_3_comp1+3_A_6_1_3_comp2+3_A_6_1_3_comp3+3_A_6_1_3_comp4+3_A_6_1_3_comp5+3_A_6_1_3_comp6+3_A_6_1_3_comp7+3_A_6_1_3_comp8+3_A_6_1_3_comp9+3_A_6_1_3_comp10+3_A_6_1_3_comp11+3_A_6_1_3_comp12,R_3_A_6_1_3,TCDB,TCDB.3_A_6_1_3_comp10
G_3_A_6_1_3_comp11,P_3_A_6_1_3_comp1+3_A_6_1_3_comp2+3_A_6_1_3_comp3+3_A_6_1_3_comp4+3_A_6_1_3_comp5+3_A_6_1_3_comp6+3_A_6_1_3_comp7+3_A_6_1_3_comp8+3_A_6_1_3_comp9+3_A_6_1_3_comp10+3_A_6_1_3_comp11+3_A_6_1_3_comp12,R_3_A_6_1_3,TCDB,TCDB.3_A_6_1_3_comp11
G_3_A_6_1_3_comp12,P_3_A_6_1_3_comp1+3_A_6_1_3_comp2+3_A_6_1_3_comp3+3_A_6_1_3_comp4+3_A_6_1_3_comp5+3_A_6_1_3_comp6+3_A_6_1_3_comp7+3_A_6_1_3_comp8+3_A_6_1_3_comp9+3_A_6_1_3_comp10+3_A_6_1_3_comp11+3_A_6_1_3_comp12,R_3_A_6_1_3,TCDB,TCDB.3_A_6_1_3_comp12
G_3_A_6_1_2_comp1,P_3_A_6_1_2_comp1+3_A_6_1_2_comp2+3_A_6_1_2_comp3+3_A_6_1_2_comp4+3_A_6_1_2_comp5+3_A_6_1_2_comp6+3_A_6_1_2_comp7+3_A_6_1_2_comp8+3_A_6_1_2_comp9,R_3_A_6_1_2,TCDB,TCDB.3_A_6_1_2_comp1
G_3_A_6_1_2_comp2,P_3_A_6_1_2_comp1+3_A_6_1_2_comp2+3_A_6_1_2_comp3+3_A_6_1_2_comp4+3_A_6_1_2_comp5+3_A_6_1_2_comp6+3_A_6_1_2_comp7+3_A_6_1_2_comp8+3_A_6_1_2_comp9,R_3_A_6_1_2,TCDB,TCDB.3_A_6_1_2_comp2
G_3_A_6_1_2_comp3,P_3_A_6_1_2_comp1+3_A_6_1_2_comp2+3_A_6_1_2_comp3+3_A_6_1_2_comp4+3_A_6_1_2_comp5+3_A_6_1_2_comp6+3_A_6_1_2_comp7+3_A_6_1_2_comp8+3_A_6_1_2_comp9,R_3_A_6_1_2,TCDB,TCDB.3_A_6_1_2_comp3
G_3_A_6_1_2_comp4,P_3_A_6_1_2_comp1+3_A_6_1_2_comp2+3_A_6_1_2_comp3+3_A_6_1_2_comp4+3_A_6_1_2_comp5+3_A_6_1_2_comp6+3_A_6_1_2_comp7+3_A_6_1_2_comp8+3_A_6_1_2_comp9,R_3_A_6_1_2,TCDB,TCDB.3_A_6_1_2_comp4
G_3_A_6_1_2_comp5,P_3_A_6_1_2_comp1+3_A_6_1_2_comp2+3_A_6_1_2_comp3+3_A_6_1_2_comp4+3_A_6_1_2_comp5+3_A_6_1_2_comp6+3_A_6_1_2_comp7+3_A_6_1_2_comp8+3_A_6_1_2_comp9,R_3_A_6_1_2,TCDB,TCDB.3_A_6_1_2_comp5
G_3_A_6_1_2_comp6,P_3_A_6_1_2_comp1+3_A_6_1_2_comp2+3_A_6_1_2_comp3+3_A_6_1_2_comp4+3_A_6_1_2_comp5+3_A_6_1_2_comp6+3_A_6_1_2_comp7+3_A_6_1_2_comp8+3_A_6_1_2_comp9,R_3_A_6_1_2,TCDB,TCDB.3_A_6_1_2_comp6
G_3_A_6_1_2_comp7,P_3_A_6_1_2_comp1+3_A_6_1_2_comp2+3_A_6_1_2_comp3+3_A_6_1_2_comp4+3_A_6_1_2_comp5+3_A_6_1_2_comp6+3_A_6_1_2_comp7+3_A_6_1_2_comp8+3_A_6_1_2_comp9,R_3_A_6_1_2,TCDB,TCDB.3_A_6_1_2_comp7
G_3_A_6_1_2_comp8,P_3_A_6_1_2_comp1+3_A_6_1_2_comp2+3_A_6_1_2_comp3+3_A_6_1_2_comp4+3_A_6_1_2_comp5+3_A_6_1_2_comp6+3_A_6_1_2_comp7+3_A_6_1_2_comp8+3_A_6_1_2_comp9,R_3_A_6_1_2,TCDB,TCDB.3_A_6_1_2_comp8
G_3_A_6_1_2_comp9,P_3_A_6_1_2_comp1+3_A_6_1_2_comp2+3_A_6_1_2_comp3+3_A_6_1_2_comp4+3_A_6_1_2_comp5+3_A_6_1_2_comp6+3_A_6_1_2_comp7+3_A_6_1_2_comp8+3_A_6_1_2_comp9,R_3_A_6_1_2,TCDB,TCDB.3_A_6_1_2_comp9
G_1_S_1_1_1_comp1,P_1_S_1_1_1_comp1,R_1_S_1_1_1,TCDB,TCDB.1_S_1_1_1_comp1
G_5_A_3_5_1_comp1,P_5_A_3_5_1_comp1+5_A_3_5_1_comp2+5_A_3_5_1_comp3,R_5_A_3_5_1,TCDB,TCDB.5_A_3_5_1_comp1
G_5_A_3_5_1_comp2,P_5_A_3_5_1_comp1+5_A_3_5_1_comp2+5_A_3_5_1_comp3,R_5_A_3_5_1,TCDB,TCDB.5_A_3_5_1_comp2
G_5_A_3_5_1_comp3,P_5_A_3_5_1_comp1+5_A_3_5_1_comp2+5_A_3_5_1_comp3,R_5_A_3_5_1,TCDB,TCDB.5_A_3_5_1_comp3
G_3_A_6_2_1_comp1,P_3_A_6_2_1_comp1+3_A_6_2_1_comp2+3_A_6_2_1_comp3+3_A_6_2_1_comp4+3_A_6_2_1_comp5+3_A_6_2_1_comp6+3_A_6_2_1_comp7+3_A_6_2_1_comp8+3_A_6_2_1_comp9+3_A_6_2_1_comp10,R_3_A_6_2_1,TCDB,TCDB.3_A_6_2_1_comp1
G_3_A_6_2_1_comp2,P_3_A_6_2_1_comp1+3_A_6_2_1_comp2+3_A_6_2_1_comp3+3_A_6_2_1_comp4+3_A_6_2_1_comp5+3_A_6_2_1_comp6+3_A_6_2_1_comp7+3_A_6_2_1_comp8+3_A_6_2_1_comp9+3_A_6_2_1_comp10,R_3_A_6_2_1,TCDB,TCDB.3_A_6_2_1_comp2
G_3_A_6_2_1_comp3,P_3_A_6_2_1_comp1+3_A_6_2_1_comp2+3_A_6_2_1_comp3+3_A_6_2_1_comp4+3_A_6_2_1_comp5+3_A_6_2_1_comp6+3_A_6_2_1_comp7+3_A_6_2_1_comp8+3_A_6_2_1_comp9+3_A_6_2_1_comp10,R_3_A_6_2_1,TCDB,TCDB.3_A_6_2_1_comp3
G_3_A_6_2_1_comp4,P_3_A_6_2_1_comp1+3_A_6_2_1_comp2+3_A_6_2_1_comp3+3_A_6_2_1_comp4+3_A_6_2_1_comp5+3_A_6_2_1_comp6+3_A_6_2_1_comp7+3_A_6_2_1_comp8+3_A_6_2_1_comp9+3_A_6_2_1_comp10,R_3_A_6_2_1,TCDB,TCDB.3_A_6_2_1_comp4
G_3_A_6_2_1_comp5,P_3_A_6_2_1_comp1+3_A_6_2_1_comp2+3_A_6_2_1_comp3+3_A_6_2_1_comp4+3_A_6_2_1_comp5+3_A_6_2_1_comp6+3_A_6_2_1_comp7+3_A_6_2_1_comp8+3_A_6_2_1_comp9+3_A_6_2_1_comp10,R_3_A_6_2_1,TCDB,TCDB.3_A_6_2_1_comp5
G_3_A_6_2_1_comp6,P_3_A_6_2_1_comp1+3_A_6_2_1_comp2+3_A_6_2_1_comp3+3_A_6_2_1_comp4+3_A_6_2_1_comp5+3_A_6_2_1_comp6+3_A_6_2_1_comp7+3_A_6_2_1_comp8+3_A_6_2_1_comp9+3_A_6_2_1_comp10,R_3_A_6_2_1,TCDB,TCDB.3_A_6_2_1_comp6
G_3_A_6_2_1_comp7,P_3_A_6_2_1_comp1+3_A_6_2_1_comp2+3_A_6_2_1_comp3+3_A_6_2_1_comp4+3_A_6_2_1_comp5+3_A_6_2_1_comp6+3_A_6_2_1_comp7+3_A_6_2_1_comp8+3_A_6_2_1_comp9+3_A_6_2_1_comp10,R_3_A_6_2_1,TCDB,TCDB.3_A_6_2_1_comp7
G_3_A_6_2_1_comp8,P_3_A_6_2_1_comp1+3_A_6_2_1_comp2+3_A_6_2_1_comp3+3_A_6_2_1_comp4+3_A_6_2_1_comp5+3_A_6_2_1_comp6+3_A_6_2_1_comp7+3_A_6_2_1_comp8+3_A_6_2_1_comp9+3_A_6_2_1_comp10,R_3_A_6_2_1,TCDB,TCDB.3_A_6_2_1_comp8
G_3_A_6_2_1_comp9,P_3_A_6_2_1_comp1+3_A_6_2_1_comp2+3_A_6_2_1_comp3+3_A_6_2_1_comp4+3_A_6_2_1_comp5+3_A_6_2_1_comp6+3_A_6_2_1_comp7+3_A_6_2_1_comp8+3_A_6_2_1_comp9+3_A_6_2_1_comp10,R_3_A_6_2_1,TCDB,TCDB.3_A_6_2_1_comp9
G_3_A_6_2_1_comp10,P_3_A_6_2_1_comp1+3_A_6_2_1_comp2+3_A_6_2_1_comp3+3_A_6_2_1_comp4+3_A_6_2_1_comp5+3_A_6_2_1_comp6+3_A_6_2_1_comp7+3_A_6_2_1_comp8+3_A_6_2_1_comp9+3_A_6_2_1_comp10,R_3_A_6_2_1,TCDB,TCDB.3_A_6_2_1_comp10
G_9_B_128_3_1_comp1,P_9_B_128_3_1_comp1,R_9_B_128_3_1,TCDB,TCDB.9_B_128_3_1_comp1
G_2_A_1_6_7_comp1,P_2_A_1_6_7_comp1,R_2_A_1_6_7,TCDB,TCDB.2_A_1_6_7_comp1
G_3_A_1_5_5_comp1,P_3_A_1_5_5_comp1+3_A_1_5_5_comp2+3_A_1_5_5_comp3+3_A_1_5_5_comp4+3_A_1_5_5_comp5,R_3_A_1_5_5,TCDB,TCDB.3_A_1_5_5_comp1
G_3_A_1_5_5_comp2,P_3_A_1_5_5_comp1+3_A_1_5_5_comp2+3_A_1_5_5_comp3+3_A_1_5_5_comp4+3_A_1_5_5_comp5,R_3_A_1_5_5,TCDB,TCDB.3_A_1_5_5_comp2
G_3_A_1_5_5_comp3,P_3_A_1_5_5_comp1+3_A_1_5_5_comp2+3_A_1_5_5_comp3+3_A_1_5_5_comp4+3_A_1_5_5_comp5,R_3_A_1_5_5,TCDB,TCDB.3_A_1_5_5_comp3
G_3_A_1_5_5_comp4,P_3_A_1_5_5_comp1+3_A_1_5_5_comp2+3_A_1_5_5_comp3+3_A_1_5_5_comp4+3_A_1_5_5_comp5,R_3_A_1_5_5,TCDB,TCDB.3_A_1_5_5_comp4
G_3_A_1_5_5_comp5,P_3_A_1_5_5_comp1+3_A_1_5_5_comp2+3_A_1_5_5_comp3+3_A_1_5_5_comp4+3_A_1_5_5_comp5,R_3_A_1_5_5,TCDB,TCDB.3_A_1_5_5_comp5
G_1_C_126_1_2_comp1,P_1_C_126_1_2_comp1,R_1_C_126_1_2,TCDB,TCDB.1_C_126_1_2_comp1
G_1_A_35_1_2_comp1,P_1_A_35_1_2_comp1,R_1_A_35_1_2,TCDB,TCDB.1_A_35_1_2_comp1
G_3_A_1_3_5_comp1,P_3_A_1_3_5_comp1+3_A_1_3_5_comp2+3_A_1_3_5_comp3+3_A_1_3_5_comp4,R_3_A_1_3_5,TCDB,TCDB.3_A_1_3_5_comp1
G_3_A_1_3_5_comp2,P_3_A_1_3_5_comp1+3_A_1_3_5_comp2+3_A_1_3_5_comp3+3_A_1_3_5_comp4,R_3_A_1_3_5,TCDB,TCDB.3_A_1_3_5_comp2
G_3_A_1_3_5_comp3,P_3_A_1_3_5_comp1+3_A_1_3_5_comp2+3_A_1_3_5_comp3+3_A_1_3_5_comp4,R_3_A_1_3_5,TCDB,TCDB.3_A_1_3_5_comp3
G_3_A_1_3_5_comp4,P_3_A_1_3_5_comp1+3_A_1_3_5_comp2+3_A_1_3_5_comp3+3_A_1_3_5_comp4,R_3_A_1_3_5,TCDB,TCDB.3_A_1_3_5_comp4
G_3_A_1_5_10_comp1,P_3_A_1_5_10_comp1+3_A_1_5_10_comp2+3_A_1_5_10_comp3+3_A_1_5_10_comp4+3_A_1_5_10_comp5,R_3_A_1_5_10,TCDB,TCDB.3_A_1_5_10_comp1
G_3_A_1_5_10_comp2,P_3_A_1_5_10_comp1+3_A_1_5_10_comp2+3_A_1_5_10_comp3+3_A_1_5_10_comp4+3_A_1_5_10_comp5,R_3_A_1_5_10,TCDB,TCDB.3_A_1_5_10_comp2
G_3_A_1_5_10_comp3,P_3_A_1_5_10_comp1+3_A_1_5_10_comp2+3_A_1_5_10_comp3+3_A_1_5_10_comp4+3_A_1_5_10_comp5,R_3_A_1_5_10,TCDB,TCDB.3_A_1_5_10_comp3
G_3_A_1_5_10_comp4,P_3_A_1_5_10_comp1+3_A_1_5_10_comp2+3_A_1_5_10_comp3+3_A_1_5_10_comp4+3_A_1_5_10_comp5,R_3_A_1_5_10,TCDB,TCDB.3_A_1_5_10_comp4
G_3_A_1_5_10_comp5,P_3_A_1_5_10_comp1+3_A_1_5_10_comp2+3_A_1_5_10_comp3+3_A_1_5_10_comp4+3_A_1_5_10_comp5,R_3_A_1_5_10,TCDB,TCDB.3_A_1_5_10_comp5
G_1_C_24_1_8_comp1,P_1_C_24_1_8_comp1,R_1_C_24_1_8,TCDB,TCDB.1_C_24_1_8_comp1
G_1_C_22_1_1_comp1,P_1_C_22_1_1_comp1,R_1_C_22_1_1,TCDB,TCDB.1_C_22_1_1_comp1
G_1_A_1_1_1_comp1,P_1_A_1_1_1_comp1,R_1_A_1_1_1,TCDB,TCDB.1_A_1_1_1_comp1
G_1_C_2_1_1_comp1,P_1_C_2_1_1_comp1,R_1_C_2_1_1,TCDB,TCDB.1_C_2_1_1_comp1
G_1_C_2_1_3_comp1,P_1_C_2_1_3_comp1,R_1_C_2_1_3,TCDB,TCDB.1_C_2_1_3_comp1
G_1_C_2_1_7_comp1,P_1_C_2_1_7_comp1,R_1_C_2_1_7,TCDB,TCDB.1_C_2_1_7_comp1
G_1_C_71_1_1_comp1,P_1_C_71_1_1_comp1,R_1_C_71_1_1,TCDB,TCDB.1_C_71_1_1_comp1
G_3_D_3_5_6_comp1,P_3_D_3_5_6_comp1+3_D_3_5_6_comp2+3_D_3_5_6_comp3+3_D_3_5_6_comp4+3_D_3_5_6_comp5+3_D_3_5_6_comp6+3_D_3_5_6_comp7+3_D_3_5_6_comp8+3_D_3_5_6_comp9+3_D_3_5_6_comp10+3_D_3_5_6_comp11+3_D_3_5_6_comp12,R_3_D_3_5_6,TCDB,TCDB.3_D_3_5_6_comp1
G_3_D_3_5_6_comp2,P_3_D_3_5_6_comp1+3_D_3_5_6_comp2+3_D_3_5_6_comp3+3_D_3_5_6_comp4+3_D_3_5_6_comp5+3_D_3_5_6_comp6+3_D_3_5_6_comp7+3_D_3_5_6_comp8+3_D_3_5_6_comp9+3_D_3_5_6_comp10+3_D_3_5_6_comp11+3_D_3_5_6_comp12,R_3_D_3_5_6,TCDB,TCDB.3_D_3_5_6_comp2
G_3_D_3_5_6_comp3,P_3_D_3_5_6_comp1+3_D_3_5_6_comp2+3_D_3_5_6_comp3+3_D_3_5_6_comp4+3_D_3_5_6_comp5+3_D_3_5_6_comp6+3_D_3_5_6_comp7+3_D_3_5_6_comp8+3_D_3_5_6_comp9+3_D_3_5_6_comp10+3_D_3_5_6_comp11+3_D_3_5_6_comp12,R_3_D_3_5_6,TCDB,TCDB.3_D_3_5_6_comp3
G_3_D_3_5_6_comp4,P_3_D_3_5_6_comp1+3_D_3_5_6_comp2+3_D_3_5_6_comp3+3_D_3_5_6_comp4+3_D_3_5_6_comp5+3_D_3_5_6_comp6+3_D_3_5_6_comp7+3_D_3_5_6_comp8+3_D_3_5_6_comp9+3_D_3_5_6_comp10+3_D_3_5_6_comp11+3_D_3_5_6_comp12,R_3_D_3_5_6,TCDB,TCDB.3_D_3_5_6_comp4
G_3_D_3_5_6_comp5,P_3_D_3_5_6_comp1+3_D_3_5_6_comp2+3_D_3_5_6_comp3+3_D_3_5_6_comp4+3_D_3_5_6_comp5+3_D_3_5_6_comp6+3_D_3_5_6_comp7+3_D_3_5_6_comp8+3_D_3_5_6_comp9+3_D_3_5_6_comp10+3_D_3_5_6_comp11+3_D_3_5_6_comp12,R_3_D_3_5_6,TCDB,TCDB.3_D_3_5_6_comp5
G_3_D_3_5_6_comp6,P_3_D_3_5_6_comp1+3_D_3_5_6_comp2+3_D_3_5_6_comp3+3_D_3_5_6_comp4+3_D_3_5_6_comp5+3_D_3_5_6_comp6+3_D_3_5_6_comp7+3_D_3_5_6_comp8+3_D_3_5_6_comp9+3_D_3_5_6_comp10+3_D_3_5_6_comp11+3_D_3_5_6_comp12,R_3_D_3_5_6,TCDB,TCDB.3_D_3_5_6_comp6
G_3_D_3_5_6_comp7,P_3_D_3_5_6_comp1+3_D_3_5_6_comp2+3_D_3_5_6_comp3+3_D_3_5_6_comp4+3_D_3_5_6_comp5+3_D_3_5_6_comp6+3_D_3_5_6_comp7+3_D_3_5_6_comp8+3_D_3_5_6_comp9+3_D_3_5_6_comp10+3_D_3_5_6_comp11+3_D_3_5_6_comp12,R_3_D_3_5_6,TCDB,TCDB.3_D_3_5_6_comp7
G_3_D_3_5_6_comp8,P_3_D_3_5_6_comp1+3_D_3_5_6_comp2+3_D_3_5_6_comp3+3_D_3_5_6_comp4+3_D_3_5_6_comp5+3_D_3_5_6_comp6+3_D_3_5_6_comp7+3_D_3_5_6_comp8+3_D_3_5_6_comp9+3_D_3_5_6_comp10+3_D_3_5_6_comp11+3_D_3_5_6_comp12,R_3_D_3_5_6,TCDB,TCDB.3_D_3_5_6_comp8
G_3_D_3_5_6_comp9,P_3_D_3_5_6_comp1+3_D_3_5_6_comp2+3_D_3_5_6_comp3+3_D_3_5_6_comp4+3_D_3_5_6_comp5+3_D_3_5_6_comp6+3_D_3_5_6_comp7+3_D_3_5_6_comp8+3_D_3_5_6_comp9+3_D_3_5_6_comp10+3_D_3_5_6_comp11+3_D_3_5_6_comp12,R_3_D_3_5_6,TCDB,TCDB.3_D_3_5_6_comp9
G_3_D_3_5_6_comp10,P_3_D_3_5_6_comp1+3_D_3_5_6_comp2+3_D_3_5_6_comp3+3_D_3_5_6_comp4+3_D_3_5_6_comp5+3_D_3_5_6_comp6+3_D_3_5_6_comp7+3_D_3_5_6_comp8+3_D_3_5_6_comp9+3_D_3_5_6_comp10+3_D_3_5_6_comp11+3_D_3_5_6_comp12,R_3_D_3_5_6,TCDB,TCDB.3_D_3_5_6_comp10
G_3_D_3_5_6_comp11,P_3_D_3_5_6_comp1+3_D_3_5_6_comp2+3_D_3_5_6_comp3+3_D_3_5_6_comp4+3_D_3_5_6_comp5+3_D_3_5_6_comp6+3_D_3_5_6_comp7+3_D_3_5_6_comp8+3_D_3_5_6_comp9+3_D_3_5_6_comp10+3_D_3_5_6_comp11+3_D_3_5_6_comp12,R_3_D_3_5_6,TCDB,TCDB.3_D_3_5_6_comp11
G_3_D_3_5_6_comp12,P_3_D_3_5_6_comp1+3_D_3_5_6_comp2+3_D_3_5_6_comp3+3_D_3_5_6_comp4+3_D_3_5_6_comp5+3_D_3_5_6_comp6+3_D_3_5_6_comp7+3_D_3_5_6_comp8+3_D_3_5_6_comp9+3_D_3_5_6_comp10+3_D_3_5_6_comp11+3_D_3_5_6_comp12,R_3_D_3_5_6,TCDB,TCDB.3_D_3_5_6_comp12
G_3_A_1_112_3_comp1,P_3_A_1_112_3_comp1+3_A_1_112_3_comp2,R_3_A_1_112_3,TCDB,TCDB.3_A_1_112_3_comp1
G_3_A_1_112_3_comp2,P_3_A_1_112_3_comp1+3_A_1_112_3_comp2,R_3_A_1_112_3,TCDB,TCDB.3_A_1_112_3_comp2
G_1_B_4_2_15_comp1,P_1_B_4_2_15_comp1,R_1_B_4_2_15,TCDB,TCDB.1_B_4_2_15_comp1
G_1_C_55_1_1_comp1,P_1_C_55_1_1_comp1,R_1_C_55_1_1,TCDB,TCDB.1_C_55_1_1_comp1
G_3_A_1_15_14_comp1,P_3_A_1_15_14_comp1+3_A_1_15_14_comp2+3_A_1_15_14_comp3,R_3_A_1_15_14,TCDB,TCDB.3_A_1_15_14_comp1
G_3_A_1_15_14_comp2,P_3_A_1_15_14_comp1+3_A_1_15_14_comp2+3_A_1_15_14_comp3,R_3_A_1_15_14,TCDB,TCDB.3_A_1_15_14_comp2
G_3_A_1_15_14_comp3,P_3_A_1_15_14_comp1+3_A_1_15_14_comp2+3_A_1_15_14_comp3,R_3_A_1_15_14,TCDB,TCDB.3_A_1_15_14_comp3
G_3_A_1_15_6_comp1,P_3_A_1_15_6_comp1+3_A_1_15_6_comp2+3_A_1_15_6_comp3,R_3_A_1_15_6,TCDB,TCDB.3_A_1_15_6_comp1
G_3_A_1_15_6_comp2,P_3_A_1_15_6_comp1+3_A_1_15_6_comp2+3_A_1_15_6_comp3,R_3_A_1_15_6,TCDB,TCDB.3_A_1_15_6_comp2
G_3_A_1_15_6_comp3,P_3_A_1_15_6_comp1+3_A_1_15_6_comp2+3_A_1_15_6_comp3,R_3_A_1_15_6,TCDB,TCDB.3_A_1_15_6_comp3
G_3_A_5_4_1_comp1,P_3_A_5_4_1_comp1+3_A_5_4_1_comp2+3_A_5_4_1_comp3+3_A_5_4_1_comp4+3_A_5_4_1_comp5+3_A_5_4_1_comp6+3_A_5_4_1_comp7,R_3_A_5_4_1,TCDB,TCDB.3_A_5_4_1_comp1
G_3_A_5_4_1_comp2,P_3_A_5_4_1_comp1+3_A_5_4_1_comp2+3_A_5_4_1_comp3+3_A_5_4_1_comp4+3_A_5_4_1_comp5+3_A_5_4_1_comp6+3_A_5_4_1_comp7,R_3_A_5_4_1,TCDB,TCDB.3_A_5_4_1_comp2
G_3_A_5_4_1_comp3,P_3_A_5_4_1_comp1+3_A_5_4_1_comp2+3_A_5_4_1_comp3+3_A_5_4_1_comp4+3_A_5_4_1_comp5+3_A_5_4_1_comp6+3_A_5_4_1_comp7,R_3_A_5_4_1,TCDB,TCDB.3_A_5_4_1_comp3
G_3_A_5_4_1_comp4,P_3_A_5_4_1_comp1+3_A_5_4_1_comp2+3_A_5_4_1_comp3+3_A_5_4_1_comp4+3_A_5_4_1_comp5+3_A_5_4_1_comp6+3_A_5_4_1_comp7,R_3_A_5_4_1,TCDB,TCDB.3_A_5_4_1_comp4
G_3_A_5_4_1_comp5,P_3_A_5_4_1_comp1+3_A_5_4_1_comp2+3_A_5_4_1_comp3+3_A_5_4_1_comp4+3_A_5_4_1_comp5+3_A_5_4_1_comp6+3_A_5_4_1_comp7,R_3_A_5_4_1,TCDB,TCDB.3_A_5_4_1_comp5
G_3_A_5_4_1_comp6,P_3_A_5_4_1_comp1+3_A_5_4_1_comp2+3_A_5_4_1_comp3+3_A_5_4_1_comp4+3_A_5_4_1_comp5+3_A_5_4_1_comp6+3_A_5_4_1_comp7,R_3_A_5_4_1,TCDB,TCDB.3_A_5_4_1_comp6
G_3_A_5_4_1_comp7,P_3_A_5_4_1_comp1+3_A_5_4_1_comp2+3_A_5_4_1_comp3+3_A_5_4_1_comp4+3_A_5_4_1_comp5+3_A_5_4_1_comp6+3_A_5_4_1_comp7,R_3_A_5_4_1,TCDB,TCDB.3_A_5_4_1_comp7
G_2_A_1_2_34_comp1,P_2_A_1_2_34_comp1,R_2_A_1_2_34,TCDB,TCDB.2_A_1_2_34_comp1
G_5_A_2_1_2_comp1,P_5_A_2_1_2_comp1+5_A_2_1_2_comp2,R_5_A_2_1_2,TCDB,TCDB.5_A_2_1_2_comp1
G_5_A_2_1_2_comp2,P_5_A_2_1_2_comp1+5_A_2_1_2_comp2,R_5_A_2_1_2,TCDB,TCDB.5_A_2_1_2_comp2
G_3_A_1_6_3_comp1,P_3_A_1_6_3_comp1+3_A_1_6_3_comp2+3_A_1_6_3_comp3+3_A_1_6_3_comp4,R_3_A_1_6_3,TCDB,TCDB.3_A_1_6_3_comp1
G_3_A_1_6_3_comp2,P_3_A_1_6_3_comp1+3_A_1_6_3_comp2+3_A_1_6_3_comp3+3_A_1_6_3_comp4,R_3_A_1_6_3,TCDB,TCDB.3_A_1_6_3_comp2
G_3_A_1_6_3_comp3,P_3_A_1_6_3_comp1+3_A_1_6_3_comp2+3_A_1_6_3_comp3+3_A_1_6_3_comp4,R_3_A_1_6_3,TCDB,TCDB.3_A_1_6_3_comp3
G_3_A_1_6_3_comp4,P_3_A_1_6_3_comp1+3_A_1_6_3_comp2+3_A_1_6_3_comp3+3_A_1_6_3_comp4,R_3_A_1_6_3,TCDB,TCDB.3_A_1_6_3_comp4
G_1_C_95_1_1_comp1,P_1_C_95_1_1_comp1,R_1_C_95_1_1,TCDB,TCDB.1_C_95_1_1_comp1
G_2_A_1_21_14_comp1,P_2_A_1_21_14_comp1,R_2_A_1_21_14,TCDB,TCDB.2_A_1_21_14_comp1
G_9_B_138_1_1_comp1,P_9_B_138_1_1_comp1,R_9_B_138_1_1,TCDB,TCDB.9_B_138_1_1_comp1
G_1_A_22_1_2_comp1,P_1_A_22_1_2_comp1,R_1_A_22_1_2,TCDB,TCDB.1_A_22_1_2_comp1
G_3_A_5_2_2_comp1,P_3_A_5_2_2_comp1+3_A_5_2_2_comp2+3_A_5_2_2_comp3+3_A_5_2_2_comp4+3_A_5_2_2_comp5+3_A_5_2_2_comp6+3_A_5_2_2_comp7+3_A_5_2_2_comp8+3_A_5_2_2_comp9+3_A_5_2_2_comp10,R_3_A_5_2_2,TCDB,TCDB.3_A_5_2_2_comp1
G_3_A_5_2_2_comp2,P_3_A_5_2_2_comp1+3_A_5_2_2_comp2+3_A_5_2_2_comp3+3_A_5_2_2_comp4+3_A_5_2_2_comp5+3_A_5_2_2_comp6+3_A_5_2_2_comp7+3_A_5_2_2_comp8+3_A_5_2_2_comp9+3_A_5_2_2_comp10,R_3_A_5_2_2,TCDB,TCDB.3_A_5_2_2_comp2
G_3_A_5_2_2_comp3,P_3_A_5_2_2_comp1+3_A_5_2_2_comp2+3_A_5_2_2_comp3+3_A_5_2_2_comp4+3_A_5_2_2_comp5+3_A_5_2_2_comp6+3_A_5_2_2_comp7+3_A_5_2_2_comp8+3_A_5_2_2_comp9+3_A_5_2_2_comp10,R_3_A_5_2_2,TCDB,TCDB.3_A_5_2_2_comp3
G_3_A_5_2_2_comp4,P_3_A_5_2_2_comp1+3_A_5_2_2_comp2+3_A_5_2_2_comp3+3_A_5_2_2_comp4+3_A_5_2_2_comp5+3_A_5_2_2_comp6+3_A_5_2_2_comp7+3_A_5_2_2_comp8+3_A_5_2_2_comp9+3_A_5_2_2_comp10,R_3_A_5_2_2,TCDB,TCDB.3_A_5_2_2_comp4
G_3_A_5_2_2_comp5,P_3_A_5_2_2_comp1+3_A_5_2_2_comp2+3_A_5_2_2_comp3+3_A_5_2_2_comp4+3_A_5_2_2_comp5+3_A_5_2_2_comp6+3_A_5_2_2_comp7+3_A_5_2_2_comp8+3_A_5_2_2_comp9+3_A_5_2_2_comp10,R_3_A_5_2_2,TCDB,TCDB.3_A_5_2_2_comp5
G_3_A_5_2_2_comp6,P_3_A_5_2_2_comp1+3_A_5_2_2_comp2+3_A_5_2_2_comp3+3_A_5_2_2_comp4+3_A_5_2_2_comp5+3_A_5_2_2_comp6+3_A_5_2_2_comp7+3_A_5_2_2_comp8+3_A_5_2_2_comp9+3_A_5_2_2_comp10,R_3_A_5_2_2,TCDB,TCDB.3_A_5_2_2_comp6
G_3_A_5_2_2_comp7,P_3_A_5_2_2_comp1+3_A_5_2_2_comp2+3_A_5_2_2_comp3+3_A_5_2_2_comp4+3_A_5_2_2_comp5+3_A_5_2_2_comp6+3_A_5_2_2_comp7+3_A_5_2_2_comp8+3_A_5_2_2_comp9+3_A_5_2_2_comp10,R_3_A_5_2_2,TCDB,TCDB.3_A_5_2_2_comp7
G_3_A_5_2_2_comp8,P_3_A_5_2_2_comp1+3_A_5_2_2_comp2+3_A_5_2_2_comp3+3_A_5_2_2_comp4+3_A_5_2_2_comp5+3_A_5_2_2_comp6+3_A_5_2_2_comp7+3_A_5_2_2_comp8+3_A_5_2_2_comp9+3_A_5_2_2_comp10,R_3_A_5_2_2,TCDB,TCDB.3_A_5_2_2_comp8
G_3_A_5_2_2_comp9,P_3_A_5_2_2_comp1+3_A_5_2_2_comp2+3_A_5_2_2_comp3+3_A_5_2_2_comp4+3_A_5_2_2_comp5+3_A_5_2_2_comp6+3_A_5_2_2_comp7+3_A_5_2_2_comp8+3_A_5_2_2_comp9+3_A_5_2_2_comp10,R_3_A_5_2_2,TCDB,TCDB.3_A_5_2_2_comp9
G_3_A_5_2_2_comp10,P_3_A_5_2_2_comp1+3_A_5_2_2_comp2+3_A_5_2_2_comp3+3_A_5_2_2_comp4+3_A_5_2_2_comp5+3_A_5_2_2_comp6+3_A_5_2_2_comp7+3_A_5_2_2_comp8+3_A_5_2_2_comp9+3_A_5_2_2_comp10,R_3_A_5_2_2,TCDB,TCDB.3_A_5_2_2_comp10
G_2_A_45_2_2_comp1,P_2_A_45_2_2_comp1,R_2_A_45_2_2,TCDB,TCDB.2_A_45_2_2_comp1
G_3_A_2_1_1_comp1,P_3_A_2_1_1_comp1+3_A_2_1_1_comp2+3_A_2_1_1_comp3+3_A_2_1_1_comp4+3_A_2_1_1_comp5+3_A_2_1_1_comp6+3_A_2_1_1_comp7+3_A_2_1_1_comp8,R_3_A_2_1_1,TCDB,TCDB.3_A_2_1_1_comp1
G_3_A_2_1_1_comp2,P_3_A_2_1_1_comp1+3_A_2_1_1_comp2+3_A_2_1_1_comp3+3_A_2_1_1_comp4+3_A_2_1_1_comp5+3_A_2_1_1_comp6+3_A_2_1_1_comp7+3_A_2_1_1_comp8,R_3_A_2_1_1,TCDB,TCDB.3_A_2_1_1_comp2
G_3_A_2_1_1_comp3,P_3_A_2_1_1_comp1+3_A_2_1_1_comp2+3_A_2_1_1_comp3+3_A_2_1_1_comp4+3_A_2_1_1_comp5+3_A_2_1_1_comp6+3_A_2_1_1_comp7+3_A_2_1_1_comp8,R_3_A_2_1_1,TCDB,TCDB.3_A_2_1_1_comp3
G_3_A_2_1_1_comp4,P_3_A_2_1_1_comp1+3_A_2_1_1_comp2+3_A_2_1_1_comp3+3_A_2_1_1_comp4+3_A_2_1_1_comp5+3_A_2_1_1_comp6+3_A_2_1_1_comp7+3_A_2_1_1_comp8,R_3_A_2_1_1,TCDB,TCDB.3_A_2_1_1_comp4
G_3_A_2_1_1_comp5,P_3_A_2_1_1_comp1+3_A_2_1_1_comp2+3_A_2_1_1_comp3+3_A_2_1_1_comp4+3_A_2_1_1_comp5+3_A_2_1_1_comp6+3_A_2_1_1_comp7+3_A_2_1_1_comp8,R_3_A_2_1_1,TCDB,TCDB.3_A_2_1_1_comp5
G_3_A_2_1_1_comp6,P_3_A_2_1_1_comp1+3_A_2_1_1_comp2+3_A_2_1_1_comp3+3_A_2_1_1_comp4+3_A_2_1_1_comp5+3_A_2_1_1_comp6+3_A_2_1_1_comp7+3_A_2_1_1_comp8,R_3_A_2_1_1,TCDB,TCDB.3_A_2_1_1_comp6
G_3_A_2_1_1_comp7,P_3_A_2_1_1_comp1+3_A_2_1_1_comp2+3_A_2_1_1_comp3+3_A_2_1_1_comp4+3_A_2_1_1_comp5+3_A_2_1_1_comp6+3_A_2_1_1_comp7+3_A_2_1_1_comp8,R_3_A_2_1_1,TCDB,TCDB.3_A_2_1_1_comp7
G_3_A_2_1_1_comp8,P_3_A_2_1_1_comp1+3_A_2_1_1_comp2+3_A_2_1_1_comp3+3_A_2_1_1_comp4+3_A_2_1_1_comp5+3_A_2_1_1_comp6+3_A_2_1_1_comp7+3_A_2_1_1_comp8,R_3_A_2_1_1,TCDB,TCDB.3_A_2_1_1_comp8
G_2_A_121_1_1_comp1,P_2_A_121_1_1_comp1,R_2_A_121_1_1,TCDB,TCDB.2_A_121_1_1_comp1
G_5_A_2_1_1_comp1,P_5_A_2_1_1_comp1,R_5_A_2_1_1,TCDB,TCDB.5_A_2_1_1_comp1
G_9_B_146_1_6_comp1,P_9_B_146_1_6_comp1,R_9_B_146_1_6,TCDB,TCDB.9_B_146_1_6_comp1
G_1_A_33_1_2_comp1,P_1_A_33_1_2_comp1,R_1_A_33_1_2,TCDB,TCDB.1_A_33_1_2_comp1
G_3_D_7_2_5_comp1,P_3_D_7_2_5_comp1+3_D_7_2_5_comp2+3_D_7_2_5_comp3+3_D_7_2_5_comp4+3_D_7_2_5_comp5+3_D_7_2_5_comp6+3_D_7_2_5_comp7,R_3_D_7_2_5,TCDB,TCDB.3_D_7_2_5_comp1
G_3_D_7_2_5_comp2,P_3_D_7_2_5_comp1+3_D_7_2_5_comp2+3_D_7_2_5_comp3+3_D_7_2_5_comp4+3_D_7_2_5_comp5+3_D_7_2_5_comp6+3_D_7_2_5_comp7,R_3_D_7_2_5,TCDB,TCDB.3_D_7_2_5_comp2
G_3_D_7_2_5_comp3,P_3_D_7_2_5_comp1+3_D_7_2_5_comp2+3_D_7_2_5_comp3+3_D_7_2_5_comp4+3_D_7_2_5_comp5+3_D_7_2_5_comp6+3_D_7_2_5_comp7,R_3_D_7_2_5,TCDB,TCDB.3_D_7_2_5_comp3
G_3_D_7_2_5_comp4,P_3_D_7_2_5_comp1+3_D_7_2_5_comp2+3_D_7_2_5_comp3+3_D_7_2_5_comp4+3_D_7_2_5_comp5+3_D_7_2_5_comp6+3_D_7_2_5_comp7,R_3_D_7_2_5,TCDB,TCDB.3_D_7_2_5_comp4
G_3_D_7_2_5_comp5,P_3_D_7_2_5_comp1+3_D_7_2_5_comp2+3_D_7_2_5_comp3+3_D_7_2_5_comp4+3_D_7_2_5_comp5+3_D_7_2_5_comp6+3_D_7_2_5_comp7,R_3_D_7_2_5,TCDB,TCDB.3_D_7_2_5_comp5
G_3_D_7_2_5_comp6,P_3_D_7_2_5_comp1+3_D_7_2_5_comp2+3_D_7_2_5_comp3+3_D_7_2_5_comp4+3_D_7_2_5_comp5+3_D_7_2_5_comp6+3_D_7_2_5_comp7,R_3_D_7_2_5,TCDB,TCDB.3_D_7_2_5_comp6
G_3_D_7_2_5_comp7,P_3_D_7_2_5_comp1+3_D_7_2_5_comp2+3_D_7_2_5_comp3+3_D_7_2_5_comp4+3_D_7_2_5_comp5+3_D_7_2_5_comp6+3_D_7_2_5_comp7,R_3_D_7_2_5,TCDB,TCDB.3_D_7_2_5_comp7
G_9_B_357_1_1_comp1,P_9_B_357_1_1_comp1+9_B_357_1_1_comp2,R_9_B_357_1_1,TCDB,TCDB.9_B_357_1_1_comp1
G_9_B_357_1_1_comp2,P_9_B_357_1_1_comp1+9_B_357_1_1_comp2,R_9_B_357_1_1,TCDB,TCDB.9_B_357_1_1_comp2
G_2_A_10_1_2_comp1,P_2_A_10_1_2_comp1,R_2_A_10_1_2,TCDB,TCDB.2_A_10_1_2_comp1
G_1_A_22_1_1_comp1,P_1_A_22_1_1_comp1,R_1_A_22_1_1,TCDB,TCDB.1_A_22_1_1_comp1
G_2_A_37_1_2_comp1,P_2_A_37_1_2_comp1+2_A_37_1_2_comp2,R_2_A_37_1_2,TCDB,TCDB.2_A_37_1_2_comp1
G_2_A_37_1_2_comp2,P_2_A_37_1_2_comp1+2_A_37_1_2_comp2,R_2_A_37_1_2,TCDB,TCDB.2_A_37_1_2_comp2
G_3_D_6_1_4_comp1,P_3_D_6_1_4_comp1+3_D_6_1_4_comp2+3_D_6_1_4_comp3+3_D_6_1_4_comp4+3_D_6_1_4_comp5+3_D_6_1_4_comp6,R_3_D_6_1_4,TCDB,TCDB.3_D_6_1_4_comp1
G_3_D_6_1_4_comp2,P_3_D_6_1_4_comp1+3_D_6_1_4_comp2+3_D_6_1_4_comp3+3_D_6_1_4_comp4+3_D_6_1_4_comp5+3_D_6_1_4_comp6,R_3_D_6_1_4,TCDB,TCDB.3_D_6_1_4_comp2
G_3_D_6_1_4_comp3,P_3_D_6_1_4_comp1+3_D_6_1_4_comp2+3_D_6_1_4_comp3+3_D_6_1_4_comp4+3_D_6_1_4_comp5+3_D_6_1_4_comp6,R_3_D_6_1_4,TCDB,TCDB.3_D_6_1_4_comp3
G_3_D_6_1_4_comp4,P_3_D_6_1_4_comp1+3_D_6_1_4_comp2+3_D_6_1_4_comp3+3_D_6_1_4_comp4+3_D_6_1_4_comp5+3_D_6_1_4_comp6,R_3_D_6_1_4,TCDB,TCDB.3_D_6_1_4_comp4
G_3_D_6_1_4_comp5,P_3_D_6_1_4_comp1+3_D_6_1_4_comp2+3_D_6_1_4_comp3+3_D_6_1_4_comp4+3_D_6_1_4_comp5+3_D_6_1_4_comp6,R_3_D_6_1_4,TCDB,TCDB.3_D_6_1_4_comp5
G_3_D_6_1_4_comp6,P_3_D_6_1_4_comp1+3_D_6_1_4_comp2+3_D_6_1_4_comp3+3_D_6_1_4_comp4+3_D_6_1_4_comp5+3_D_6_1_4_comp6,R_3_D_6_1_4,TCDB,TCDB.3_D_6_1_4_comp6
G_2_A_55_3_1_comp1,P_2_A_55_3_1_comp1,R_2_A_55_3_1,TCDB,TCDB.2_A_55_3_1_comp1
G_2_A_23_1_7_comp1,P_2_A_23_1_7_comp1,R_2_A_23_1_7,TCDB,TCDB.2_A_23_1_7_comp1
G_2_A_64_1_1_comp1,P_2_A_64_1_1_comp1+2_A_64_1_1_comp2+2_A_64_1_1_comp3+2_A_64_1_1_comp4,R_2_A_64_1_1,TCDB,TCDB.2_A_64_1_1_comp1
G_2_A_64_1_1_comp2,P_2_A_64_1_1_comp1+2_A_64_1_1_comp2+2_A_64_1_1_comp3+2_A_64_1_1_comp4,R_2_A_64_1_1,TCDB,TCDB.2_A_64_1_1_comp2
G_2_A_64_1_1_comp3,P_2_A_64_1_1_comp1+2_A_64_1_1_comp2+2_A_64_1_1_comp3+2_A_64_1_1_comp4,R_2_A_64_1_1,TCDB,TCDB.2_A_64_1_1_comp3
G_2_A_64_1_1_comp4,P_2_A_64_1_1_comp1+2_A_64_1_1_comp2+2_A_64_1_1_comp3+2_A_64_1_1_comp4,R_2_A_64_1_1,TCDB,TCDB.2_A_64_1_1_comp4
G_2_A_5_5_1_comp1,P_2_A_5_5_1_comp1,R_2_A_5_5_1,TCDB,TCDB.2_A_5_5_1_comp1
G_9_B_126_2_1_comp1,P_9_B_126_2_1_comp1,R_9_B_126_2_1,TCDB,TCDB.9_B_126_2_1_comp1
G_9_B_4_1_1_comp1,P_9_B_4_1_1_comp1,R_9_B_4_1_1,TCDB,TCDB.9_B_4_1_1_comp1
G_1_B_33_1_3_comp1,P_1_B_33_1_3_comp1+1_B_33_1_3_comp2+1_B_33_1_3_comp3+1_B_33_1_3_comp4+1_B_33_1_3_comp5,R_1_B_33_1_3,TCDB,TCDB.1_B_33_1_3_comp1
G_1_B_33_1_3_comp2,P_1_B_33_1_3_comp1+1_B_33_1_3_comp2+1_B_33_1_3_comp3+1_B_33_1_3_comp4+1_B_33_1_3_comp5,R_1_B_33_1_3,TCDB,TCDB.1_B_33_1_3_comp2
G_1_B_33_1_3_comp3,P_1_B_33_1_3_comp1+1_B_33_1_3_comp2+1_B_33_1_3_comp3+1_B_33_1_3_comp4+1_B_33_1_3_comp5,R_1_B_33_1_3,TCDB,TCDB.1_B_33_1_3_comp3
G_1_B_33_1_3_comp4,P_1_B_33_1_3_comp1+1_B_33_1_3_comp2+1_B_33_1_3_comp3+1_B_33_1_3_comp4+1_B_33_1_3_comp5,R_1_B_33_1_3,TCDB,TCDB.1_B_33_1_3_comp4
G_1_B_33_1_3_comp5,P_1_B_33_1_3_comp1+1_B_33_1_3_comp2+1_B_33_1_3_comp3+1_B_33_1_3_comp4+1_B_33_1_3_comp5,R_1_B_33_1_3,TCDB,TCDB.1_B_33_1_3_comp5
G_1_B_93_1_2_comp1,P_1_B_93_1_2_comp1,R_1_B_93_1_2,TCDB,TCDB.1_B_93_1_2_comp1
G_1_B_6_1_1_comp1,P_1_B_6_1_1_comp1,R_1_B_6_1_1,TCDB,TCDB.1_B_6_1_1_comp1
G_1_B_39_1_6_comp1,P_1_B_39_1_6_comp1,R_1_B_39_1_6,TCDB,TCDB.1_B_39_1_6_comp1
G_1_B_6_2_1_comp1,P_1_B_6_2_1_comp1,R_1_B_6_2_1,TCDB,TCDB.1_B_6_2_1_comp1
G_1_B_10_1_1_comp1,P_1_B_10_1_1_comp1,R_1_B_10_1_1,TCDB,TCDB.1_B_10_1_1_comp1
G_1_B_18_3_1_comp1,P_1_B_18_3_1_comp1,R_1_B_18_3_1,TCDB,TCDB.1_B_18_3_1_comp1
G_1_B_18_3_8_comp1,P_1_B_18_3_8_comp1,R_1_B_18_3_8,TCDB,TCDB.1_B_18_3_8_comp1
G_3_D_11_1_1_comp1,P_3_D_11_1_1_comp1+3_D_11_1_1_comp2+3_D_11_1_1_comp3+3_D_11_1_1_comp4+3_D_11_1_1_comp5+3_D_11_1_1_comp6+3_D_11_1_1_comp7,R_3_D_11_1_1,TCDB,TCDB.3_D_11_1_1_comp1
G_3_D_11_1_1_comp2,P_3_D_11_1_1_comp1+3_D_11_1_1_comp2+3_D_11_1_1_comp3+3_D_11_1_1_comp4+3_D_11_1_1_comp5+3_D_11_1_1_comp6+3_D_11_1_1_comp7,R_3_D_11_1_1,TCDB,TCDB.3_D_11_1_1_comp2
G_3_D_11_1_1_comp3,P_3_D_11_1_1_comp1+3_D_11_1_1_comp2+3_D_11_1_1_comp3+3_D_11_1_1_comp4+3_D_11_1_1_comp5+3_D_11_1_1_comp6+3_D_11_1_1_comp7,R_3_D_11_1_1,TCDB,TCDB.3_D_11_1_1_comp3
G_3_D_11_1_1_comp4,P_3_D_11_1_1_comp1+3_D_11_1_1_comp2+3_D_11_1_1_comp3+3_D_11_1_1_comp4+3_D_11_1_1_comp5+3_D_11_1_1_comp6+3_D_11_1_1_comp7,R_3_D_11_1_1,TCDB,TCDB.3_D_11_1_1_comp4
G_3_D_11_1_1_comp5,P_3_D_11_1_1_comp1+3_D_11_1_1_comp2+3_D_11_1_1_comp3+3_D_11_1_1_comp4+3_D_11_1_1_comp5+3_D_11_1_1_comp6+3_D_11_1_1_comp7,R_3_D_11_1_1,TCDB,TCDB.3_D_11_1_1_comp5
G_3_D_11_1_1_comp6,P_3_D_11_1_1_comp1+3_D_11_1_1_comp2+3_D_11_1_1_comp3+3_D_11_1_1_comp4+3_D_11_1_1_comp5+3_D_11_1_1_comp6+3_D_11_1_1_comp7,R_3_D_11_1_1,TCDB,TCDB.3_D_11_1_1_comp6
G_3_D_11_1_1_comp7,P_3_D_11_1_1_comp1+3_D_11_1_1_comp2+3_D_11_1_1_comp3+3_D_11_1_1_comp4+3_D_11_1_1_comp5+3_D_11_1_1_comp6+3_D_11_1_1_comp7,R_3_D_11_1_1,TCDB,TCDB.3_D_11_1_1_comp7
G_3_A_1_140_1_comp1,P_3_A_1_140_1_comp1+3_A_1_140_1_comp2,R_3_A_1_140_1,TCDB,TCDB.3_A_1_140_1_comp1
G_3_A_1_140_1_comp2,P_3_A_1_140_1_comp1+3_A_1_140_1_comp2,R_3_A_1_140_1,TCDB,TCDB.3_A_1_140_1_comp2
G_8_A_5_1_5_comp1,P_8_A_5_1_5_comp1,R_8_A_5_1_5,TCDB,TCDB.8_A_5_1_5_comp1
G_3_A_1_122_15_comp1,P_3_A_1_122_15_comp1+3_A_1_122_15_comp2,R_3_A_1_122_15,TCDB,TCDB.3_A_1_122_15_comp1
G_3_A_1_122_15_comp2,P_3_A_1_122_15_comp1+3_A_1_122_15_comp2,R_3_A_1_122_15,TCDB,TCDB.3_A_1_122_15_comp2
G_1_B_42_1_2_comp1,P_1_B_42_1_2_comp1+1_B_42_1_2_comp2+1_B_42_1_2_comp3+1_B_42_1_2_comp4+1_B_42_1_2_comp5+1_B_42_1_2_comp6+1_B_42_1_2_comp7,R_1_B_42_1_2,TCDB,TCDB.1_B_42_1_2_comp1
G_1_B_42_1_2_comp2,P_1_B_42_1_2_comp1+1_B_42_1_2_comp2+1_B_42_1_2_comp3+1_B_42_1_2_comp4+1_B_42_1_2_comp5+1_B_42_1_2_comp6+1_B_42_1_2_comp7,R_1_B_42_1_2,TCDB,TCDB.1_B_42_1_2_comp2
G_1_B_42_1_2_comp3,P_1_B_42_1_2_comp1+1_B_42_1_2_comp2+1_B_42_1_2_comp3+1_B_42_1_2_comp4+1_B_42_1_2_comp5+1_B_42_1_2_comp6+1_B_42_1_2_comp7,R_1_B_42_1_2,TCDB,TCDB.1_B_42_1_2_comp3
G_1_B_42_1_2_comp4,P_1_B_42_1_2_comp1+1_B_42_1_2_comp2+1_B_42_1_2_comp3+1_B_42_1_2_comp4+1_B_42_1_2_comp5+1_B_42_1_2_comp6+1_B_42_1_2_comp7,R_1_B_42_1_2,TCDB,TCDB.1_B_42_1_2_comp4
G_1_B_42_1_2_comp5,P_1_B_42_1_2_comp1+1_B_42_1_2_comp2+1_B_42_1_2_comp3+1_B_42_1_2_comp4+1_B_42_1_2_comp5+1_B_42_1_2_comp6+1_B_42_1_2_comp7,R_1_B_42_1_2,TCDB,TCDB.1_B_42_1_2_comp5
G_1_B_42_1_2_comp6,P_1_B_42_1_2_comp1+1_B_42_1_2_comp2+1_B_42_1_2_comp3+1_B_42_1_2_comp4+1_B_42_1_2_comp5+1_B_42_1_2_comp6+1_B_42_1_2_comp7,R_1_B_42_1_2,TCDB,TCDB.1_B_42_1_2_comp6
G_1_B_42_1_2_comp7,P_1_B_42_1_2_comp1+1_B_42_1_2_comp2+1_B_42_1_2_comp3+1_B_42_1_2_comp4+1_B_42_1_2_comp5+1_B_42_1_2_comp6+1_B_42_1_2_comp7,R_1_B_42_1_2,TCDB,TCDB.1_B_42_1_2_comp7
G_3_A_1_15_5_comp1,P_3_A_1_15_5_comp1+3_A_1_15_5_comp2+3_A_1_15_5_comp3,R_3_A_1_15_5,TCDB,TCDB.3_A_1_15_5_comp1
G_3_A_1_15_5_comp2,P_3_A_1_15_5_comp1+3_A_1_15_5_comp2+3_A_1_15_5_comp3,R_3_A_1_15_5,TCDB,TCDB.3_A_1_15_5_comp2
G_3_A_1_15_5_comp3,P_3_A_1_15_5_comp1+3_A_1_15_5_comp2+3_A_1_15_5_comp3,R_3_A_1_15_5,TCDB,TCDB.3_A_1_15_5_comp3
G_9_B_157_1_3_comp1,P_9_B_157_1_3_comp1+9_B_157_1_3_comp2+9_B_157_1_3_comp3,R_9_B_157_1_3,TCDB,TCDB.9_B_157_1_3_comp1
G_9_B_157_1_3_comp2,P_9_B_157_1_3_comp1+9_B_157_1_3_comp2+9_B_157_1_3_comp3,R_9_B_157_1_3,TCDB,TCDB.9_B_157_1_3_comp2
G_9_B_157_1_3_comp3,P_9_B_157_1_3_comp1+9_B_157_1_3_comp2+9_B_157_1_3_comp3,R_9_B_157_1_3,TCDB,TCDB.9_B_157_1_3_comp3
G_8_A_8_1_1_comp1,P_8_A_8_1_1_comp1,R_8_A_8_1_1,TCDB,TCDB.8_A_8_1_1_comp1
G_2_A_3_1_14_comp1,P_2_A_3_1_14_comp1,R_2_A_3_1_14,TCDB,TCDB.2_A_3_1_14_comp1
G_2_A_69_3_5_comp1,P_2_A_69_3_5_comp1,R_2_A_69_3_5,TCDB,TCDB.2_A_69_3_5_comp1
G_8_A_21_2_2_comp1,P_8_A_21_2_2_comp1,R_8_A_21_2_2,TCDB,TCDB.8_A_21_2_2_comp1
G_9_B_27_2_1_comp1,P_9_B_27_2_1_comp1,R_9_B_27_2_1,TCDB,TCDB.9_B_27_2_1_comp1
G_9_B_27_2_2_comp1,P_9_B_27_2_2_comp1,R_9_B_27_2_2,TCDB,TCDB.9_B_27_2_2_comp1
G_2_A_7_3_6_comp1,P_2_A_7_3_6_comp1,R_2_A_7_3_6,TCDB,TCDB.2_A_7_3_6_comp1
G_2_A_7_3_22_comp1,P_2_A_7_3_22_comp1,R_2_A_7_3_22,TCDB,TCDB.2_A_7_3_22_comp1
G_2_A_1_14_7_comp1,P_2_A_1_14_7_comp1,R_2_A_1_14_7,TCDB,TCDB.2_A_1_14_7_comp1
G_2_A_1_14_2_comp1,P_2_A_1_14_2_comp1,R_2_A_1_14_2,TCDB,TCDB.2_A_1_14_2_comp1
G_2_A_39_1_1_comp1,P_2_A_39_1_1_comp1,R_2_A_39_1_1,TCDB,TCDB.2_A_39_1_1_comp1
G_8_A_2_1_3_comp1,P_8_A_2_1_3_comp1,R_8_A_2_1_3,TCDB,TCDB.8_A_2_1_3_comp1
G_2_A_66_2_3_comp1,P_2_A_66_2_3_comp1,R_2_A_66_2_3,TCDB,TCDB.2_A_66_2_3_comp1
G_1_A_14_2_2_comp1,P_1_A_14_2_2_comp1,R_1_A_14_2_2,TCDB,TCDB.1_A_14_2_2_comp1
G_1_A_14_2_1_comp1,P_1_A_14_2_1_comp1,R_1_A_14_2_1,TCDB,TCDB.1_A_14_2_1_comp1
G_2_A_42_1_2_comp1,P_2_A_42_1_2_comp1,R_2_A_42_1_2,TCDB,TCDB.2_A_42_1_2_comp1
G_2_A_42_1_1_comp1,P_2_A_42_1_1_comp1,R_2_A_42_1_1,TCDB,TCDB.2_A_42_1_1_comp1
G_2_A_42_2_1_comp1,P_2_A_42_2_1_comp1,R_2_A_42_2_1,TCDB,TCDB.2_A_42_2_1_comp1
G_2_A_42_2_2_comp1,P_2_A_42_2_2_comp1,R_2_A_42_2_2,TCDB,TCDB.2_A_42_2_2_comp1
G_2_A_3_1_7_comp1,P_2_A_3_1_7_comp1,R_2_A_3_1_7,TCDB,TCDB.2_A_3_1_7_comp1
G_2_A_3_1_23_comp1,P_2_A_3_1_23_comp1,R_2_A_3_1_23,TCDB,TCDB.2_A_3_1_23_comp1
G_2_A_3_2_8_comp1,P_2_A_3_2_8_comp1,R_2_A_3_2_8,TCDB,TCDB.2_A_3_2_8_comp1
G_2_A_3_2_2_comp1,P_2_A_3_2_2_comp1,R_2_A_3_2_2,TCDB,TCDB.2_A_3_2_2_comp1
G_2_A_3_2_1_comp1,P_2_A_3_2_1_comp1,R_2_A_3_2_1,TCDB,TCDB.2_A_3_2_1_comp1
G_3_A_1_3_3_comp1,P_3_A_1_3_3_comp1+3_A_1_3_3_comp2+3_A_1_3_3_comp3+3_A_1_3_3_comp4+3_A_1_3_3_comp5,R_3_A_1_3_3,TCDB,TCDB.3_A_1_3_3_comp1
G_3_A_1_3_3_comp2,P_3_A_1_3_3_comp1+3_A_1_3_3_comp2+3_A_1_3_3_comp3+3_A_1_3_3_comp4+3_A_1_3_3_comp5,R_3_A_1_3_3,TCDB,TCDB.3_A_1_3_3_comp2
G_3_A_1_3_3_comp3,P_3_A_1_3_3_comp1+3_A_1_3_3_comp2+3_A_1_3_3_comp3+3_A_1_3_3_comp4+3_A_1_3_3_comp5,R_3_A_1_3_3,TCDB,TCDB.3_A_1_3_3_comp3
G_3_A_1_3_3_comp4,P_3_A_1_3_3_comp1+3_A_1_3_3_comp2+3_A_1_3_3_comp3+3_A_1_3_3_comp4+3_A_1_3_3_comp5,R_3_A_1_3_3,TCDB,TCDB.3_A_1_3_3_comp4
G_3_A_1_3_3_comp5,P_3_A_1_3_3_comp1+3_A_1_3_3_comp2+3_A_1_3_3_comp3+3_A_1_3_3_comp4+3_A_1_3_3_comp5,R_3_A_1_3_3,TCDB,TCDB.3_A_1_3_3_comp5
G_3_A_1_3_4_comp1,P_3_A_1_3_4_comp1+3_A_1_3_4_comp2+3_A_1_3_4_comp3+3_A_1_3_4_comp4,R_3_A_1_3_4,TCDB,TCDB.3_A_1_3_4_comp1
G_3_A_1_3_4_comp2,P_3_A_1_3_4_comp1+3_A_1_3_4_comp2+3_A_1_3_4_comp3+3_A_1_3_4_comp4,R_3_A_1_3_4,TCDB,TCDB.3_A_1_3_4_comp2
G_3_A_1_3_4_comp3,P_3_A_1_3_4_comp1+3_A_1_3_4_comp2+3_A_1_3_4_comp3+3_A_1_3_4_comp4,R_3_A_1_3_4,TCDB,TCDB.3_A_1_3_4_comp3
G_3_A_1_3_4_comp4,P_3_A_1_3_4_comp1+3_A_1_3_4_comp2+3_A_1_3_4_comp3+3_A_1_3_4_comp4,R_3_A_1_3_4,TCDB,TCDB.3_A_1_3_4_comp4
G_3_A_1_106_13_comp1,P_3_A_1_106_13_comp1+3_A_1_106_13_comp2,R_3_A_1_106_13,TCDB,TCDB.3_A_1_106_13_comp1
G_3_A_1_106_13_comp2,P_3_A_1_106_13_comp1+3_A_1_106_13_comp2,R_3_A_1_106_13,TCDB,TCDB.3_A_1_106_13_comp2
G_3_A_1_2_3_comp1,P_3_A_1_2_3_comp1+3_A_1_2_3_comp2+3_A_1_2_3_comp3,R_3_A_1_2_3,TCDB,TCDB.3_A_1_2_3_comp1
G_3_A_1_2_3_comp2,P_3_A_1_2_3_comp1+3_A_1_2_3_comp2+3_A_1_2_3_comp3,R_3_A_1_2_3,TCDB,TCDB.3_A_1_2_3_comp2
G_3_A_1_2_3_comp3,P_3_A_1_2_3_comp1+3_A_1_2_3_comp2+3_A_1_2_3_comp3,R_3_A_1_2_3,TCDB,TCDB.3_A_1_2_3_comp3
G_3_A_1_5_42_comp1,P_3_A_1_5_42_comp1+3_A_1_5_42_comp2+3_A_1_5_42_comp3+3_A_1_5_42_comp4+3_A_1_5_42_comp5,R_3_A_1_5_42,TCDB,TCDB.3_A_1_5_42_comp1
G_3_A_1_5_42_comp2,P_3_A_1_5_42_comp1+3_A_1_5_42_comp2+3_A_1_5_42_comp3+3_A_1_5_42_comp4+3_A_1_5_42_comp5,R_3_A_1_5_42,TCDB,TCDB.3_A_1_5_42_comp2
G_3_A_1_5_42_comp3,P_3_A_1_5_42_comp1+3_A_1_5_42_comp2+3_A_1_5_42_comp3+3_A_1_5_42_comp4+3_A_1_5_42_comp5,R_3_A_1_5_42,TCDB,TCDB.3_A_1_5_42_comp3
G_3_A_1_5_42_comp4,P_3_A_1_5_42_comp1+3_A_1_5_42_comp2+3_A_1_5_42_comp3+3_A_1_5_42_comp4+3_A_1_5_42_comp5,R_3_A_1_5_42,TCDB,TCDB.3_A_1_5_42_comp4
G_3_A_1_5_42_comp5,P_3_A_1_5_42_comp1+3_A_1_5_42_comp2+3_A_1_5_42_comp3+3_A_1_5_42_comp4+3_A_1_5_42_comp5,R_3_A_1_5_42,TCDB,TCDB.3_A_1_5_42_comp5
G_3_A_29_1_5_comp1,P_3_A_29_1_5_comp1,R_3_A_29_1_5,TCDB,TCDB.3_A_29_1_5_comp1
G_5_A_3_3_1_comp1,P_5_A_3_3_1_comp1+5_A_3_3_1_comp2+5_A_3_3_1_comp3+5_A_3_3_1_comp4,R_5_A_3_3_1,TCDB,TCDB.5_A_3_3_1_comp1
G_5_A_3_3_1_comp2,P_5_A_3_3_1_comp1+5_A_3_3_1_comp2+5_A_3_3_1_comp3+5_A_3_3_1_comp4,R_5_A_3_3_1,TCDB,TCDB.5_A_3_3_1_comp2
G_5_A_3_3_1_comp3,P_5_A_3_3_1_comp1+5_A_3_3_1_comp2+5_A_3_3_1_comp3+5_A_3_3_1_comp4,R_5_A_3_3_1,TCDB,TCDB.5_A_3_3_1_comp3
G_5_A_3_3_1_comp4,P_5_A_3_3_1_comp1+5_A_3_3_1_comp2+5_A_3_3_1_comp3+5_A_3_3_1_comp4,R_5_A_3_3_1,TCDB,TCDB.5_A_3_3_1_comp4
G_5_A_3_2_1_comp1,P_5_A_3_2_1_comp1+5_A_3_2_1_comp2+5_A_3_2_1_comp3,R_5_A_3_2_1,TCDB,TCDB.5_A_3_2_1_comp1
G_5_A_3_2_1_comp2,P_5_A_3_2_1_comp1+5_A_3_2_1_comp2+5_A_3_2_1_comp3,R_5_A_3_2_1,TCDB,TCDB.5_A_3_2_1_comp2
G_5_A_3_2_1_comp3,P_5_A_3_2_1_comp1+5_A_3_2_1_comp2+5_A_3_2_1_comp3,R_5_A_3_2_1,TCDB,TCDB.5_A_3_2_1_comp3
G_5_A_3_5_3_comp1,P_5_A_3_5_3_comp1+5_A_3_5_3_comp2+5_A_3_5_3_comp3+5_A_3_5_3_comp4,R_5_A_3_5_3,TCDB,TCDB.5_A_3_5_3_comp1
G_5_A_3_5_3_comp2,P_5_A_3_5_3_comp1+5_A_3_5_3_comp2+5_A_3_5_3_comp3+5_A_3_5_3_comp4,R_5_A_3_5_3,TCDB,TCDB.5_A_3_5_3_comp2
G_5_A_3_5_3_comp3,P_5_A_3_5_3_comp1+5_A_3_5_3_comp2+5_A_3_5_3_comp3+5_A_3_5_3_comp4,R_5_A_3_5_3,TCDB,TCDB.5_A_3_5_3_comp3
G_5_A_3_5_3_comp4,P_5_A_3_5_3_comp1+5_A_3_5_3_comp2+5_A_3_5_3_comp3+5_A_3_5_3_comp4,R_5_A_3_5_3,TCDB,TCDB.5_A_3_5_3_comp4
G_9_B_34_1_2_comp1,P_9_B_34_1_2_comp1,R_9_B_34_1_2,TCDB,TCDB.9_B_34_1_2_comp1
G_9_B_381_1_1_comp1,P_9_B_381_1_1_comp1,R_9_B_381_1_1,TCDB,TCDB.9_B_381_1_1_comp1
G_9_B_382_1_1_comp1,P_9_B_382_1_1_comp1,R_9_B_382_1_1,TCDB,TCDB.9_B_382_1_1_comp1
G_3_A_5_1_1_comp1,P_3_A_5_1_1_comp1+3_A_5_1_1_comp2+3_A_5_1_1_comp3+3_A_5_1_1_comp4+3_A_5_1_1_comp5+3_A_5_1_1_comp6+3_A_5_1_1_comp7+3_A_5_1_1_comp8+3_A_5_1_1_comp9+3_A_5_1_1_comp10,R_3_A_5_1_1,TCDB,TCDB.3_A_5_1_1_comp1
G_3_A_5_1_1_comp2,P_3_A_5_1_1_comp1+3_A_5_1_1_comp2+3_A_5_1_1_comp3+3_A_5_1_1_comp4+3_A_5_1_1_comp5+3_A_5_1_1_comp6+3_A_5_1_1_comp7+3_A_5_1_1_comp8+3_A_5_1_1_comp9+3_A_5_1_1_comp10,R_3_A_5_1_1,TCDB,TCDB.3_A_5_1_1_comp2
G_3_A_5_1_1_comp3,P_3_A_5_1_1_comp1+3_A_5_1_1_comp2+3_A_5_1_1_comp3+3_A_5_1_1_comp4+3_A_5_1_1_comp5+3_A_5_1_1_comp6+3_A_5_1_1_comp7+3_A_5_1_1_comp8+3_A_5_1_1_comp9+3_A_5_1_1_comp10,R_3_A_5_1_1,TCDB,TCDB.3_A_5_1_1_comp3
G_3_A_5_1_1_comp4,P_3_A_5_1_1_comp1+3_A_5_1_1_comp2+3_A_5_1_1_comp3+3_A_5_1_1_comp4+3_A_5_1_1_comp5+3_A_5_1_1_comp6+3_A_5_1_1_comp7+3_A_5_1_1_comp8+3_A_5_1_1_comp9+3_A_5_1_1_comp10,R_3_A_5_1_1,TCDB,TCDB.3_A_5_1_1_comp4
G_3_A_5_1_1_comp5,P_3_A_5_1_1_comp1+3_A_5_1_1_comp2+3_A_5_1_1_comp3+3_A_5_1_1_comp4+3_A_5_1_1_comp5+3_A_5_1_1_comp6+3_A_5_1_1_comp7+3_A_5_1_1_comp8+3_A_5_1_1_comp9+3_A_5_1_1_comp10,R_3_A_5_1_1,TCDB,TCDB.3_A_5_1_1_comp5
G_3_A_5_1_1_comp6,P_3_A_5_1_1_comp1+3_A_5_1_1_comp2+3_A_5_1_1_comp3+3_A_5_1_1_comp4+3_A_5_1_1_comp5+3_A_5_1_1_comp6+3_A_5_1_1_comp7+3_A_5_1_1_comp8+3_A_5_1_1_comp9+3_A_5_1_1_comp10,R_3_A_5_1_1,TCDB,TCDB.3_A_5_1_1_comp6
G_3_A_5_1_1_comp7,P_3_A_5_1_1_comp1+3_A_5_1_1_comp2+3_A_5_1_1_comp3+3_A_5_1_1_comp4+3_A_5_1_1_comp5+3_A_5_1_1_comp6+3_A_5_1_1_comp7+3_A_5_1_1_comp8+3_A_5_1_1_comp9+3_A_5_1_1_comp10,R_3_A_5_1_1,TCDB,TCDB.3_A_5_1_1_comp7
G_3_A_5_1_1_comp8,P_3_A_5_1_1_comp1+3_A_5_1_1_comp2+3_A_5_1_1_comp3+3_A_5_1_1_comp4+3_A_5_1_1_comp5+3_A_5_1_1_comp6+3_A_5_1_1_comp7+3_A_5_1_1_comp8+3_A_5_1_1_comp9+3_A_5_1_1_comp10,R_3_A_5_1_1,TCDB,TCDB.3_A_5_1_1_comp8
G_3_A_5_1_1_comp9,P_3_A_5_1_1_comp1+3_A_5_1_1_comp2+3_A_5_1_1_comp3+3_A_5_1_1_comp4+3_A_5_1_1_comp5+3_A_5_1_1_comp6+3_A_5_1_1_comp7+3_A_5_1_1_comp8+3_A_5_1_1_comp9+3_A_5_1_1_comp10,R_3_A_5_1_1,TCDB,TCDB.3_A_5_1_1_comp9
G_3_A_5_1_1_comp10,P_3_A_5_1_1_comp1+3_A_5_1_1_comp2+3_A_5_1_1_comp3+3_A_5_1_1_comp4+3_A_5_1_1_comp5+3_A_5_1_1_comp6+3_A_5_1_1_comp7+3_A_5_1_1_comp8+3_A_5_1_1_comp9+3_A_5_1_1_comp10,R_3_A_5_1_1,TCDB,TCDB.3_A_5_1_1_comp10
G_2_A_114_1_1_comp1,P_2_A_114_1_1_comp1+2_A_114_1_1_comp2,R_2_A_114_1_1,TCDB,TCDB.2_A_114_1_1_comp1
G_2_A_114_1_1_comp2,P_2_A_114_1_1_comp1+2_A_114_1_1_comp2,R_2_A_114_1_1,TCDB,TCDB.2_A_114_1_1_comp2
G_1_A_23_4_5_comp1,P_1_A_23_4_5_comp1,R_1_A_23_4_5,TCDB,TCDB.1_A_23_4_5_comp1
G_8_A_79_1_1_comp1,P_8_A_79_1_1_comp1,R_8_A_79_1_1,TCDB,TCDB.8_A_79_1_1_comp1
G_9_B_15_1_1_comp1,P_9_B_15_1_1_comp1,R_9_B_15_1_1,TCDB,TCDB.9_B_15_1_1_comp1
G_8_A_50_1_1_comp1,P_8_A_50_1_1_comp1,R_8_A_50_1_1,TCDB,TCDB.8_A_50_1_1_comp1
G_2_A_6_2_2_comp1,P_2_A_6_2_2_comp1+2_A_6_2_2_comp2,R_2_A_6_2_2,TCDB,TCDB.2_A_6_2_2_comp1
G_2_A_6_2_2_comp2,P_2_A_6_2_2_comp1+2_A_6_2_2_comp2,R_2_A_6_2_2,TCDB,TCDB.2_A_6_2_2_comp2
G_9_B_55_1_1_comp1,P_9_B_55_1_1_comp1,R_9_B_55_1_1,TCDB,TCDB.9_B_55_1_1_comp1
G_2_A_108_2_3_comp1,P_2_A_108_2_3_comp1+2_A_108_2_3_comp2+2_A_108_2_3_comp3,R_2_A_108_2_3,TCDB,TCDB.2_A_108_2_3_comp1
G_2_A_108_2_3_comp2,P_2_A_108_2_3_comp1+2_A_108_2_3_comp2+2_A_108_2_3_comp3,R_2_A_108_2_3,TCDB,TCDB.2_A_108_2_3_comp2
G_2_A_108_2_3_comp3,P_2_A_108_2_3_comp1+2_A_108_2_3_comp2+2_A_108_2_3_comp3,R_2_A_108_2_3,TCDB,TCDB.2_A_108_2_3_comp3
G_2_A_15_1_4_comp1,P_2_A_15_1_4_comp1,R_2_A_15_1_4,TCDB,TCDB.2_A_15_1_4_comp1
G_1_S_1_1_2_comp1,P_1_S_1_1_2_comp1,R_1_S_1_1_2,TCDB,TCDB.1_S_1_1_2_comp1
G_2_A_103_1_1_comp1,P_2_A_103_1_1_comp1,R_2_A_103_1_1,TCDB,TCDB.2_A_103_1_1_comp1
G_2_A_103_1_2_comp1,P_2_A_103_1_2_comp1,R_2_A_103_1_2,TCDB,TCDB.2_A_103_1_2_comp1
G_1_A_35_1_1_comp1,P_1_A_35_1_1_comp1,R_1_A_35_1_1,TCDB,TCDB.1_A_35_1_1_comp1
G_3_D_4_5_1_comp1,P_3_D_4_5_1_comp1+3_D_4_5_1_comp2+3_D_4_5_1_comp3+3_D_4_5_1_comp4,R_3_D_4_5_1,TCDB,TCDB.3_D_4_5_1_comp1
G_3_D_4_5_1_comp2,P_3_D_4_5_1_comp1+3_D_4_5_1_comp2+3_D_4_5_1_comp3+3_D_4_5_1_comp4,R_3_D_4_5_1,TCDB,TCDB.3_D_4_5_1_comp2
G_3_D_4_5_1_comp3,P_3_D_4_5_1_comp1+3_D_4_5_1_comp2+3_D_4_5_1_comp3+3_D_4_5_1_comp4,R_3_D_4_5_1,TCDB,TCDB.3_D_4_5_1_comp3
G_3_D_4_5_1_comp4,P_3_D_4_5_1_comp1+3_D_4_5_1_comp2+3_D_4_5_1_comp3+3_D_4_5_1_comp4,R_3_D_4_5_1,TCDB,TCDB.3_D_4_5_1_comp4
G_3_A_1_107_3_comp1,P_3_A_1_107_3_comp1+3_A_1_107_3_comp2+3_A_1_107_3_comp3,R_3_A_1_107_3,TCDB,TCDB.3_A_1_107_3_comp1
G_3_A_1_107_3_comp2,P_3_A_1_107_3_comp1+3_A_1_107_3_comp2+3_A_1_107_3_comp3,R_3_A_1_107_3,TCDB,TCDB.3_A_1_107_3_comp2
G_3_A_1_107_3_comp3,P_3_A_1_107_3_comp1+3_A_1_107_3_comp2+3_A_1_107_3_comp3,R_3_A_1_107_3,TCDB,TCDB.3_A_1_107_3_comp3
G_9_B_14_2_3_comp1,P_9_B_14_2_3_comp1,R_9_B_14_2_3,TCDB,TCDB.9_B_14_2_3_comp1
G_2_A_13_1_1_comp1,P_2_A_13_1_1_comp1,R_2_A_13_1_1,TCDB,TCDB.2_A_13_1_1_comp1
G_2_A_13_1_2_comp1,P_2_A_13_1_2_comp1,R_2_A_13_1_2,TCDB,TCDB.2_A_13_1_2_comp1
G_2_A_61_1_1_comp1,P_2_A_61_1_1_comp1,R_2_A_61_1_1,TCDB,TCDB.2_A_61_1_1_comp1
G_9_B_27_2_3_comp1,P_9_B_27_2_3_comp1,R_9_B_27_2_3,TCDB,TCDB.9_B_27_2_3_comp1
G_2_A_7_3_26_comp1,P_2_A_7_3_26_comp1,R_2_A_7_3_26,TCDB,TCDB.2_A_7_3_26_comp1
G_1_A_30_2_1_comp1,P_1_A_30_2_1_comp1+1_A_30_2_1_comp2,R_1_A_30_2_1,TCDB,TCDB.1_A_30_2_1_comp1
G_1_A_30_2_1_comp2,P_1_A_30_2_1_comp1+1_A_30_2_1_comp2,R_1_A_30_2_1,TCDB,TCDB.1_A_30_2_1_comp2
G_1_A_30_2_2_comp1,P_1_A_30_2_2_comp1+1_A_30_2_2_comp2,R_1_A_30_2_2,TCDB,TCDB.1_A_30_2_2_comp1
G_1_A_30_2_2_comp2,P_1_A_30_2_2_comp1+1_A_30_2_2_comp2,R_1_A_30_2_2,TCDB,TCDB.1_A_30_2_2_comp2
G_1_A_16_1_1_comp1,P_1_A_16_1_1_comp1,R_1_A_16_1_1,TCDB,TCDB.1_A_16_1_1_comp1
G_1_A_16_3_1_comp1,P_1_A_16_3_1_comp1,R_1_A_16_3_1,TCDB,TCDB.1_A_16_3_1_comp1
G_9_B_146_1_7_comp1,P_9_B_146_1_7_comp1,R_9_B_146_1_7,TCDB,TCDB.9_B_146_1_7_comp1
G_2_A_8_1_3_comp1,P_2_A_8_1_3_comp1,R_2_A_8_1_3,TCDB,TCDB.2_A_8_1_3_comp1
G_2_A_8_1_8_comp1,P_2_A_8_1_8_comp1,R_2_A_8_1_8,TCDB,TCDB.2_A_8_1_8_comp1
G_2_A_96_1_1_comp1,P_2_A_96_1_1_comp1,R_2_A_96_1_1,TCDB,TCDB.2_A_96_1_1_comp1
G_1_A_12_3_1_comp1,P_1_A_12_3_1_comp1,R_1_A_12_3_1,TCDB,TCDB.1_A_12_3_1_comp1
G_1_E_53_1_1_comp1,P_1_E_53_1_1_comp1,R_1_E_53_1_1,TCDB,TCDB.1_E_53_1_1_comp1
G_9_B_72_1_2_comp1,P_9_B_72_1_2_comp1,R_9_B_72_1_2,TCDB,TCDB.9_B_72_1_2_comp1
G_9_A_69_1_2_comp1,P_9_A_69_1_2_comp1+9_A_69_1_2_comp2,R_9_A_69_1_2,TCDB,TCDB.9_A_69_1_2_comp1
G_9_A_69_1_2_comp2,P_9_A_69_1_2_comp1+9_A_69_1_2_comp2,R_9_A_69_1_2,TCDB,TCDB.9_A_69_1_2_comp2
G_2_A_127_1_2_comp1,P_2_A_127_1_2_comp1,R_2_A_127_1_2,TCDB,TCDB.2_A_127_1_2_comp1
G_2_A_102_3_1_comp1,P_2_A_102_3_1_comp1,R_2_A_102_3_1,TCDB,TCDB.2_A_102_3_1_comp1
G_2_A_26_1_10_comp1,P_2_A_26_1_10_comp1,R_2_A_26_1_10,TCDB,TCDB.2_A_26_1_10_comp1
G_9_B_186_1_5_comp1,P_9_B_186_1_5_comp1,R_9_B_186_1_5,TCDB,TCDB.9_B_186_1_5_comp1
G_9_B_13_1_1_comp1,P_9_B_13_1_1_comp1,R_9_B_13_1_1,TCDB,TCDB.9_B_13_1_1_comp1
G_3_A_1_125_1_comp1,P_3_A_1_125_1_comp1+3_A_1_125_1_comp2+3_A_1_125_1_comp3,R_3_A_1_125_1,TCDB,TCDB.3_A_1_125_1_comp1
G_3_A_1_125_1_comp2,P_3_A_1_125_1_comp1+3_A_1_125_1_comp2+3_A_1_125_1_comp3,R_3_A_1_125_1,TCDB,TCDB.3_A_1_125_1_comp2
G_3_A_1_125_1_comp3,P_3_A_1_125_1_comp1+3_A_1_125_1_comp2+3_A_1_125_1_comp3,R_3_A_1_125_1,TCDB,TCDB.3_A_1_125_1_comp3
G_2_A_79_2_1_comp1,P_2_A_79_2_1_comp1+2_A_79_2_1_comp2,R_2_A_79_2_1,TCDB,TCDB.2_A_79_2_1_comp1
G_2_A_79_2_1_comp2,P_2_A_79_2_1_comp1+2_A_79_2_1_comp2,R_2_A_79_2_1,TCDB,TCDB.2_A_79_2_1_comp2
G_1_B_33_2_4_comp1,P_1_B_33_2_4_comp1,R_1_B_33_2_4,TCDB,TCDB.1_B_33_2_4_comp1
G_9_B_44_1_1_comp1,P_9_B_44_1_1_comp1+9_B_44_1_1_comp2,R_9_B_44_1_1,TCDB,TCDB.9_B_44_1_1_comp1
G_9_B_44_1_1_comp2,P_9_B_44_1_1_comp1+9_B_44_1_1_comp2,R_9_B_44_1_1,TCDB,TCDB.9_B_44_1_1_comp2
G_9_B_32_1_2_comp1,P_9_B_32_1_2_comp1,R_9_B_32_1_2,TCDB,TCDB.9_B_32_1_2_comp1
G_2_A_1_2_26_comp1,P_2_A_1_2_26_comp1,R_2_A_1_2_26,TCDB,TCDB.2_A_1_2_26_comp1
G_9_B_51_1_1_comp1,P_9_B_51_1_1_comp1,R_9_B_51_1_1,TCDB,TCDB.9_B_51_1_1_comp1
G_9_B_371_1_8_comp1,P_9_B_371_1_8_comp1,R_9_B_371_1_8,TCDB,TCDB.9_B_371_1_8_comp1
G_2_A_7_3_61_comp1,P_2_A_7_3_61_comp1,R_2_A_7_3_61,TCDB,TCDB.2_A_7_3_61_comp1
G_3_A_1_27_3_comp1,P_3_A_1_27_3_comp1+3_A_1_27_3_comp2+3_A_1_27_3_comp3+3_A_1_27_3_comp4+3_A_1_27_3_comp5+3_A_1_27_3_comp6,R_3_A_1_27_3,TCDB,TCDB.3_A_1_27_3_comp1
G_3_A_1_27_3_comp2,P_3_A_1_27_3_comp1+3_A_1_27_3_comp2+3_A_1_27_3_comp3+3_A_1_27_3_comp4+3_A_1_27_3_comp5+3_A_1_27_3_comp6,R_3_A_1_27_3,TCDB,TCDB.3_A_1_27_3_comp2
G_3_A_1_27_3_comp3,P_3_A_1_27_3_comp1+3_A_1_27_3_comp2+3_A_1_27_3_comp3+3_A_1_27_3_comp4+3_A_1_27_3_comp5+3_A_1_27_3_comp6,R_3_A_1_27_3,TCDB,TCDB.3_A_1_27_3_comp3
G_3_A_1_27_3_comp4,P_3_A_1_27_3_comp1+3_A_1_27_3_comp2+3_A_1_27_3_comp3+3_A_1_27_3_comp4+3_A_1_27_3_comp5+3_A_1_27_3_comp6,R_3_A_1_27_3,TCDB,TCDB.3_A_1_27_3_comp4
G_3_A_1_27_3_comp5,P_3_A_1_27_3_comp1+3_A_1_27_3_comp2+3_A_1_27_3_comp3+3_A_1_27_3_comp4+3_A_1_27_3_comp5+3_A_1_27_3_comp6,R_3_A_1_27_3,TCDB,TCDB.3_A_1_27_3_comp5
G_3_A_1_27_3_comp6,P_3_A_1_27_3_comp1+3_A_1_27_3_comp2+3_A_1_27_3_comp3+3_A_1_27_3_comp4+3_A_1_27_3_comp5+3_A_1_27_3_comp6,R_3_A_1_27_3,TCDB,TCDB.3_A_1_27_3_comp6
G_8_A_1_6_1_comp1,P_8_A_1_6_1_comp1,R_8_A_1_6_1,TCDB,TCDB.8_A_1_6_1_comp1
G_9_B_125_1_1_comp1,P_9_B_125_1_1_comp1,R_9_B_125_1_1,TCDB,TCDB.9_B_125_1_1_comp1
G_2_A_1_25_2_comp1,P_2_A_1_25_2_comp1,R_2_A_1_25_2,TCDB,TCDB.2_A_1_25_2_comp1
G_2_A_1_1_2_comp1,P_2_A_1_1_2_comp1,R_2_A_1_1_2,TCDB,TCDB.2_A_1_1_2_comp1
G_9_B_12_2_1_comp1,P_9_B_12_2_1_comp1,R_9_B_12_2_1,TCDB,TCDB.9_B_12_2_1_comp1
G_1_A_112_2_11_comp1,P_1_A_112_2_11_comp1,R_1_A_112_2_11,TCDB,TCDB.1_A_112_2_11_comp1
G_2_A_47_3_2_comp1,P_2_A_47_3_2_comp1,R_2_A_47_3_2,TCDB,TCDB.2_A_47_3_2_comp1
G_1_B_48_1_1_comp1,P_1_B_48_1_1_comp1+1_B_48_1_1_comp2+1_B_48_1_1_comp3,R_1_B_48_1_1,TCDB,TCDB.1_B_48_1_1_comp1
G_1_B_48_1_1_comp2,P_1_B_48_1_1_comp1+1_B_48_1_1_comp2+1_B_48_1_1_comp3,R_1_B_48_1_1,TCDB,TCDB.1_B_48_1_1_comp2
G_1_B_48_1_1_comp3,P_1_B_48_1_1_comp1+1_B_48_1_1_comp2+1_B_48_1_1_comp3,R_1_B_48_1_1,TCDB,TCDB.1_B_48_1_1_comp3
G_3_A_1_6_1_comp1,P_3_A_1_6_1_comp1+3_A_1_6_1_comp2+3_A_1_6_1_comp3+3_A_1_6_1_comp4+3_A_1_6_1_comp5,R_3_A_1_6_1,TCDB,TCDB.3_A_1_6_1_comp1
G_3_A_1_6_1_comp2,P_3_A_1_6_1_comp1+3_A_1_6_1_comp2+3_A_1_6_1_comp3+3_A_1_6_1_comp4+3_A_1_6_1_comp5,R_3_A_1_6_1,TCDB,TCDB.3_A_1_6_1_comp2
G_3_A_1_6_1_comp3,P_3_A_1_6_1_comp1+3_A_1_6_1_comp2+3_A_1_6_1_comp3+3_A_1_6_1_comp4+3_A_1_6_1_comp5,R_3_A_1_6_1,TCDB,TCDB.3_A_1_6_1_comp3
G_3_A_1_6_1_comp4,P_3_A_1_6_1_comp1+3_A_1_6_1_comp2+3_A_1_6_1_comp3+3_A_1_6_1_comp4+3_A_1_6_1_comp5,R_3_A_1_6_1,TCDB,TCDB.3_A_1_6_1_comp4
G_3_A_1_6_1_comp5,P_3_A_1_6_1_comp1+3_A_1_6_1_comp2+3_A_1_6_1_comp3+3_A_1_6_1_comp4+3_A_1_6_1_comp5,R_3_A_1_6_1,TCDB,TCDB.3_A_1_6_1_comp5
G_1_A_23_4_3_comp1,P_1_A_23_4_3_comp1,R_1_A_23_4_3,TCDB,TCDB.1_A_23_4_3_comp1
G_9_B_149_2_3_comp1,P_9_B_149_2_3_comp1,R_9_B_149_2_3,TCDB,TCDB.9_B_149_2_3_comp1
G_2_A_1_3_2_comp1,P_2_A_1_3_2_comp1,R_2_A_1_3_2,TCDB,TCDB.2_A_1_3_2_comp1
G_9_A_8_1_1_comp1,P_9_A_8_1_1_comp1+9_A_8_1_1_comp2,R_9_A_8_1_1,TCDB,TCDB.9_A_8_1_1_comp1
G_9_A_8_1_1_comp2,P_9_A_8_1_1_comp1+9_A_8_1_1_comp2,R_9_A_8_1_1,TCDB,TCDB.9_A_8_1_1_comp2
G_3_A_1_3_10_comp1,P_3_A_1_3_10_comp1+3_A_1_3_10_comp2+3_A_1_3_10_comp3,R_3_A_1_3_10,TCDB,TCDB.3_A_1_3_10_comp1
G_3_A_1_3_10_comp2,P_3_A_1_3_10_comp1+3_A_1_3_10_comp2+3_A_1_3_10_comp3,R_3_A_1_3_10,TCDB,TCDB.3_A_1_3_10_comp2
G_3_A_1_3_10_comp3,P_3_A_1_3_10_comp1+3_A_1_3_10_comp2+3_A_1_3_10_comp3,R_3_A_1_3_10,TCDB,TCDB.3_A_1_3_10_comp3
G_2_A_1_1_1_comp1,P_2_A_1_1_1_comp1,R_2_A_1_1_1,TCDB,TCDB.2_A_1_1_1_comp1
G_3_A_1_3_2_comp1,P_3_A_1_3_2_comp1+3_A_1_3_2_comp2+3_A_1_3_2_comp3,R_3_A_1_3_2,TCDB,TCDB.3_A_1_3_2_comp1
G_3_A_1_3_2_comp2,P_3_A_1_3_2_comp1+3_A_1_3_2_comp2+3_A_1_3_2_comp3,R_3_A_1_3_2,TCDB,TCDB.3_A_1_3_2_comp2
G_3_A_1_3_2_comp3,P_3_A_1_3_2_comp1+3_A_1_3_2_comp2+3_A_1_3_2_comp3,R_3_A_1_3_2,TCDB,TCDB.3_A_1_3_2_comp3
G_1_A_8_1_1_comp1,P_1_A_8_1_1_comp1,R_1_A_8_1_1,TCDB,TCDB.1_A_8_1_1_comp1
G_2_A_27_1_1_comp1,P_2_A_27_1_1_comp1,R_2_A_27_1_1,TCDB,TCDB.2_A_27_1_1_comp1
G_9_B_36_1_1_comp1,P_9_B_36_1_1_comp1,R_9_B_36_1_1,TCDB,TCDB.9_B_36_1_1_comp1
G_3_D_1_9_1_comp1,P_3_D_1_9_1_comp1+3_D_1_9_1_comp2+3_D_1_9_1_comp3+3_D_1_9_1_comp4+3_D_1_9_1_comp5+3_D_1_9_1_comp6+3_D_1_9_1_comp7+3_D_1_9_1_comp8+3_D_1_9_1_comp9,R_3_D_1_9_1,TCDB,TCDB.3_D_1_9_1_comp1
G_3_D_1_9_1_comp2,P_3_D_1_9_1_comp1+3_D_1_9_1_comp2+3_D_1_9_1_comp3+3_D_1_9_1_comp4+3_D_1_9_1_comp5+3_D_1_9_1_comp6+3_D_1_9_1_comp7+3_D_1_9_1_comp8+3_D_1_9_1_comp9,R_3_D_1_9_1,TCDB,TCDB.3_D_1_9_1_comp2
G_3_D_1_9_1_comp3,P_3_D_1_9_1_comp1+3_D_1_9_1_comp2+3_D_1_9_1_comp3+3_D_1_9_1_comp4+3_D_1_9_1_comp5+3_D_1_9_1_comp6+3_D_1_9_1_comp7+3_D_1_9_1_comp8+3_D_1_9_1_comp9,R_3_D_1_9_1,TCDB,TCDB.3_D_1_9_1_comp3
G_3_D_1_9_1_comp4,P_3_D_1_9_1_comp1+3_D_1_9_1_comp2+3_D_1_9_1_comp3+3_D_1_9_1_comp4+3_D_1_9_1_comp5+3_D_1_9_1_comp6+3_D_1_9_1_comp7+3_D_1_9_1_comp8+3_D_1_9_1_comp9,R_3_D_1_9_1,TCDB,TCDB.3_D_1_9_1_comp4
G_3_D_1_9_1_comp5,P_3_D_1_9_1_comp1+3_D_1_9_1_comp2+3_D_1_9_1_comp3+3_D_1_9_1_comp4+3_D_1_9_1_comp5+3_D_1_9_1_comp6+3_D_1_9_1_comp7+3_D_1_9_1_comp8+3_D_1_9_1_comp9,R_3_D_1_9_1,TCDB,TCDB.3_D_1_9_1_comp5
G_3_D_1_9_1_comp6,P_3_D_1_9_1_comp1+3_D_1_9_1_comp2+3_D_1_9_1_comp3+3_D_1_9_1_comp4+3_D_1_9_1_comp5+3_D_1_9_1_comp6+3_D_1_9_1_comp7+3_D_1_9_1_comp8+3_D_1_9_1_comp9,R_3_D_1_9_1,TCDB,TCDB.3_D_1_9_1_comp6
G_3_D_1_9_1_comp7,P_3_D_1_9_1_comp1+3_D_1_9_1_comp2+3_D_1_9_1_comp3+3_D_1_9_1_comp4+3_D_1_9_1_comp5+3_D_1_9_1_comp6+3_D_1_9_1_comp7+3_D_1_9_1_comp8+3_D_1_9_1_comp9,R_3_D_1_9_1,TCDB,TCDB.3_D_1_9_1_comp7
G_3_D_1_9_1_comp8,P_3_D_1_9_1_comp1+3_D_1_9_1_comp2+3_D_1_9_1_comp3+3_D_1_9_1_comp4+3_D_1_9_1_comp5+3_D_1_9_1_comp6+3_D_1_9_1_comp7+3_D_1_9_1_comp8+3_D_1_9_1_comp9,R_3_D_1_9_1,TCDB,TCDB.3_D_1_9_1_comp8
G_3_D_1_9_1_comp9,P_3_D_1_9_1_comp1+3_D_1_9_1_comp2+3_D_1_9_1_comp3+3_D_1_9_1_comp4+3_D_1_9_1_comp5+3_D_1_9_1_comp6+3_D_1_9_1_comp7+3_D_1_9_1_comp8+3_D_1_9_1_comp9,R_3_D_1_9_1,TCDB,TCDB.3_D_1_9_1_comp9
G_2_A_1_6_2_comp1,P_2_A_1_6_2_comp1,R_2_A_1_6_2,TCDB,TCDB.2_A_1_6_2_comp1
G_2_A_95_1_1_comp1,P_2_A_95_1_1_comp1,R_2_A_95_1_1,TCDB,TCDB.2_A_95_1_1_comp1
G_2_A_1_2_19_comp1,P_2_A_1_2_19_comp1,R_2_A_1_2_19,TCDB,TCDB.2_A_1_2_19_comp1
G_2_A_66_4_3_comp1,P_2_A_66_4_3_comp1,R_2_A_66_4_3,TCDB,TCDB.2_A_66_4_3_comp1
G_5_A_3_1_2_comp1,P_5_A_3_1_2_comp1+5_A_3_1_2_comp2+5_A_3_1_2_comp3,R_5_A_3_1_2,TCDB,TCDB.5_A_3_1_2_comp1
G_5_A_3_1_2_comp2,P_5_A_3_1_2_comp1+5_A_3_1_2_comp2+5_A_3_1_2_comp3,R_5_A_3_1_2,TCDB,TCDB.5_A_3_1_2_comp2
G_5_A_3_1_2_comp3,P_5_A_3_1_2_comp1+5_A_3_1_2_comp2+5_A_3_1_2_comp3,R_5_A_3_1_2,TCDB,TCDB.5_A_3_1_2_comp3
G_2_A_58_2_1_comp1,P_2_A_58_2_1_comp1,R_2_A_58_2_1,TCDB,TCDB.2_A_58_2_1_comp1
G_2_A_40_7_5_comp1,P_2_A_40_7_5_comp1,R_2_A_40_7_5,TCDB,TCDB.2_A_40_7_5_comp1
G_9_B_136_1_1_comp1,P_9_B_136_1_1_comp1,R_9_B_136_1_1,TCDB,TCDB.9_B_136_1_1_comp1
G_2_A_34_1_1_comp1,P_2_A_34_1_1_comp1,R_2_A_34_1_1,TCDB,TCDB.2_A_34_1_1_comp1
G_3_A_1_5_3_comp1,P_3_A_1_5_3_comp1+3_A_1_5_3_comp2+3_A_1_5_3_comp3+3_A_1_5_3_comp4+3_A_1_5_3_comp5,R_3_A_1_5_3,TCDB,TCDB.3_A_1_5_3_comp1
G_3_A_1_5_3_comp2,P_3_A_1_5_3_comp1+3_A_1_5_3_comp2+3_A_1_5_3_comp3+3_A_1_5_3_comp4+3_A_1_5_3_comp5,R_3_A_1_5_3,TCDB,TCDB.3_A_1_5_3_comp2
G_3_A_1_5_3_comp3,P_3_A_1_5_3_comp1+3_A_1_5_3_comp2+3_A_1_5_3_comp3+3_A_1_5_3_comp4+3_A_1_5_3_comp5,R_3_A_1_5_3,TCDB,TCDB.3_A_1_5_3_comp3
G_3_A_1_5_3_comp4,P_3_A_1_5_3_comp1+3_A_1_5_3_comp2+3_A_1_5_3_comp3+3_A_1_5_3_comp4+3_A_1_5_3_comp5,R_3_A_1_5_3,TCDB,TCDB.3_A_1_5_3_comp4
G_3_A_1_5_3_comp5,P_3_A_1_5_3_comp1+3_A_1_5_3_comp2+3_A_1_5_3_comp3+3_A_1_5_3_comp4+3_A_1_5_3_comp5,R_3_A_1_5_3,TCDB,TCDB.3_A_1_5_3_comp5
G_3_D_1_1_1_comp1,P_3_D_1_1_1_comp1+3_D_1_1_1_comp2+3_D_1_1_1_comp3+3_D_1_1_1_comp4+3_D_1_1_1_comp5+3_D_1_1_1_comp6+3_D_1_1_1_comp7+3_D_1_1_1_comp8+3_D_1_1_1_comp9+3_D_1_1_1_comp10+3_D_1_1_1_comp11+3_D_1_1_1_comp12+3_D_1_1_1_comp13,R_3_D_1_1_1,TCDB,TCDB.3_D_1_1_1_comp1
G_3_D_1_1_1_comp2,P_3_D_1_1_1_comp1+3_D_1_1_1_comp2+3_D_1_1_1_comp3+3_D_1_1_1_comp4+3_D_1_1_1_comp5+3_D_1_1_1_comp6+3_D_1_1_1_comp7+3_D_1_1_1_comp8+3_D_1_1_1_comp9+3_D_1_1_1_comp10+3_D_1_1_1_comp11+3_D_1_1_1_comp12+3_D_1_1_1_comp13,R_3_D_1_1_1,TCDB,TCDB.3_D_1_1_1_comp2
G_3_D_1_1_1_comp3,P_3_D_1_1_1_comp1+3_D_1_1_1_comp2+3_D_1_1_1_comp3+3_D_1_1_1_comp4+3_D_1_1_1_comp5+3_D_1_1_1_comp6+3_D_1_1_1_comp7+3_D_1_1_1_comp8+3_D_1_1_1_comp9+3_D_1_1_1_comp10+3_D_1_1_1_comp11+3_D_1_1_1_comp12+3_D_1_1_1_comp13,R_3_D_1_1_1,TCDB,TCDB.3_D_1_1_1_comp3
G_3_D_1_1_1_comp4,P_3_D_1_1_1_comp1+3_D_1_1_1_comp2+3_D_1_1_1_comp3+3_D_1_1_1_comp4+3_D_1_1_1_comp5+3_D_1_1_1_comp6+3_D_1_1_1_comp7+3_D_1_1_1_comp8+3_D_1_1_1_comp9+3_D_1_1_1_comp10+3_D_1_1_1_comp11+3_D_1_1_1_comp12+3_D_1_1_1_comp13,R_3_D_1_1_1,TCDB,TCDB.3_D_1_1_1_comp4
G_3_D_1_1_1_comp5,P_3_D_1_1_1_comp1+3_D_1_1_1_comp2+3_D_1_1_1_comp3+3_D_1_1_1_comp4+3_D_1_1_1_comp5+3_D_1_1_1_comp6+3_D_1_1_1_comp7+3_D_1_1_1_comp8+3_D_1_1_1_comp9+3_D_1_1_1_comp10+3_D_1_1_1_comp11+3_D_1_1_1_comp12+3_D_1_1_1_comp13,R_3_D_1_1_1,TCDB,TCDB.3_D_1_1_1_comp5
G_3_D_1_1_1_comp6,P_3_D_1_1_1_comp1+3_D_1_1_1_comp2+3_D_1_1_1_comp3+3_D_1_1_1_comp4+3_D_1_1_1_comp5+3_D_1_1_1_comp6+3_D_1_1_1_comp7+3_D_1_1_1_comp8+3_D_1_1_1_comp9+3_D_1_1_1_comp10+3_D_1_1_1_comp11+3_D_1_1_1_comp12+3_D_1_1_1_comp13,R_3_D_1_1_1,TCDB,TCDB.3_D_1_1_1_comp6
G_3_D_1_1_1_comp7,P_3_D_1_1_1_comp1+3_D_1_1_1_comp2+3_D_1_1_1_comp3+3_D_1_1_1_comp4+3_D_1_1_1_comp5+3_D_1_1_1_comp6+3_D_1_1_1_comp7+3_D_1_1_1_comp8+3_D_1_1_1_comp9+3_D_1_1_1_comp10+3_D_1_1_1_comp11+3_D_1_1_1_comp12+3_D_1_1_1_comp13,R_3_D_1_1_1,TCDB,TCDB.3_D_1_1_1_comp7
G_3_D_1_1_1_comp8,P_3_D_1_1_1_comp1+3_D_1_1_1_comp2+3_D_1_1_1_comp3+3_D_1_1_1_comp4+3_D_1_1_1_comp5+3_D_1_1_1_comp6+3_D_1_1_1_comp7+3_D_1_1_1_comp8+3_D_1_1_1_comp9+3_D_1_1_1_comp10+3_D_1_1_1_comp11+3_D_1_1_1_comp12+3_D_1_1_1_comp13,R_3_D_1_1_1,TCDB,TCDB.3_D_1_1_1_comp8
G_3_D_1_1_1_comp9,P_3_D_1_1_1_comp1+3_D_1_1_1_comp2+3_D_1_1_1_comp3+3_D_1_1_1_comp4+3_D_1_1_1_comp5+3_D_1_1_1_comp6+3_D_1_1_1_comp7+3_D_1_1_1_comp8+3_D_1_1_1_comp9+3_D_1_1_1_comp10+3_D_1_1_1_comp11+3_D_1_1_1_comp12+3_D_1_1_1_comp13,R_3_D_1_1_1,TCDB,TCDB.3_D_1_1_1_comp9
G_3_D_1_1_1_comp10,P_3_D_1_1_1_comp1+3_D_1_1_1_comp2+3_D_1_1_1_comp3+3_D_1_1_1_comp4+3_D_1_1_1_comp5+3_D_1_1_1_comp6+3_D_1_1_1_comp7+3_D_1_1_1_comp8+3_D_1_1_1_comp9+3_D_1_1_1_comp10+3_D_1_1_1_comp11+3_D_1_1_1_comp12+3_D_1_1_1_comp13,R_3_D_1_1_1,TCDB,TCDB.3_D_1_1_1_comp10
G_3_D_1_1_1_comp11,P_3_D_1_1_1_comp1+3_D_1_1_1_comp2+3_D_1_1_1_comp3+3_D_1_1_1_comp4+3_D_1_1_1_comp5+3_D_1_1_1_comp6+3_D_1_1_1_comp7+3_D_1_1_1_comp8+3_D_1_1_1_comp9+3_D_1_1_1_comp10+3_D_1_1_1_comp11+3_D_1_1_1_comp12+3_D_1_1_1_comp13,R_3_D_1_1_1,TCDB,TCDB.3_D_1_1_1_comp11
G_3_D_1_1_1_comp12,P_3_D_1_1_1_comp1+3_D_1_1_1_comp2+3_D_1_1_1_comp3+3_D_1_1_1_comp4+3_D_1_1_1_comp5+3_D_1_1_1_comp6+3_D_1_1_1_comp7+3_D_1_1_1_comp8+3_D_1_1_1_comp9+3_D_1_1_1_comp10+3_D_1_1_1_comp11+3_D_1_1_1_comp12+3_D_1_1_1_comp13,R_3_D_1_1_1,TCDB,TCDB.3_D_1_1_1_comp12
G_3_D_1_1_1_comp13,P_3_D_1_1_1_comp1+3_D_1_1_1_comp2+3_D_1_1_1_comp3+3_D_1_1_1_comp4+3_D_1_1_1_comp5+3_D_1_1_1_comp6+3_D_1_1_1_comp7+3_D_1_1_1_comp8+3_D_1_1_1_comp9+3_D_1_1_1_comp10+3_D_1_1_1_comp11+3_D_1_1_1_comp12+3_D_1_1_1_comp13,R_3_D_1_1_1,TCDB,TCDB.3_D_1_1_1_comp13
G_2_A_41_1_1_comp1,P_2_A_41_1_1_comp1,R_2_A_41_1_1,TCDB,TCDB.2_A_41_1_1_comp1
G_2_A_1_10_1_comp1,P_2_A_1_10_1_comp1,R_2_A_1_10_1,TCDB,TCDB.2_A_1_10_1_comp1
G_3_A_1_5_41_comp1,P_3_A_1_5_41_comp1+3_A_1_5_41_comp2+3_A_1_5_41_comp3+3_A_1_5_41_comp4+3_A_1_5_41_comp5+3_A_1_5_41_comp6+3_A_1_5_41_comp7,R_3_A_1_5_41,TCDB,TCDB.3_A_1_5_41_comp1
G_3_A_1_5_41_comp2,P_3_A_1_5_41_comp1+3_A_1_5_41_comp2+3_A_1_5_41_comp3+3_A_1_5_41_comp4+3_A_1_5_41_comp5+3_A_1_5_41_comp6+3_A_1_5_41_comp7,R_3_A_1_5_41,TCDB,TCDB.3_A_1_5_41_comp2
G_3_A_1_5_41_comp3,P_3_A_1_5_41_comp1+3_A_1_5_41_comp2+3_A_1_5_41_comp3+3_A_1_5_41_comp4+3_A_1_5_41_comp5+3_A_1_5_41_comp6+3_A_1_5_41_comp7,R_3_A_1_5_41,TCDB,TCDB.3_A_1_5_41_comp3
G_3_A_1_5_41_comp4,P_3_A_1_5_41_comp1+3_A_1_5_41_comp2+3_A_1_5_41_comp3+3_A_1_5_41_comp4+3_A_1_5_41_comp5+3_A_1_5_41_comp6+3_A_1_5_41_comp7,R_3_A_1_5_41,TCDB,TCDB.3_A_1_5_41_comp4
G_3_A_1_5_41_comp5,P_3_A_1_5_41_comp1+3_A_1_5_41_comp2+3_A_1_5_41_comp3+3_A_1_5_41_comp4+3_A_1_5_41_comp5+3_A_1_5_41_comp6+3_A_1_5_41_comp7,R_3_A_1_5_41,TCDB,TCDB.3_A_1_5_41_comp5
G_3_A_1_5_41_comp6,P_3_A_1_5_41_comp1+3_A_1_5_41_comp2+3_A_1_5_41_comp3+3_A_1_5_41_comp4+3_A_1_5_41_comp5+3_A_1_5_41_comp6+3_A_1_5_41_comp7,R_3_A_1_5_41,TCDB,TCDB.3_A_1_5_41_comp6
G_3_A_1_5_41_comp7,P_3_A_1_5_41_comp1+3_A_1_5_41_comp2+3_A_1_5_41_comp3+3_A_1_5_41_comp4+3_A_1_5_41_comp5+3_A_1_5_41_comp6+3_A_1_5_41_comp7,R_3_A_1_5_41,TCDB,TCDB.3_A_1_5_41_comp7
G_8_A_213_1_2_comp1,P_8_A_213_1_2_comp1,R_8_A_213_1_2,TCDB,TCDB.8_A_213_1_2_comp1
G_2_A_86_1_1_comp1,P_2_A_86_1_1_comp1,R_2_A_86_1_1,TCDB,TCDB.2_A_86_1_1_comp1
G_2_A_20_1_1_comp1,P_2_A_20_1_1_comp1,R_2_A_20_1_1,TCDB,TCDB.2_A_20_1_1_comp1
G_3_A_1_11_1_comp1,P_3_A_1_11_1_comp1+3_A_1_11_1_comp2+3_A_1_11_1_comp3+3_A_1_11_1_comp4,R_3_A_1_11_1,TCDB,TCDB.3_A_1_11_1_comp1
G_3_A_1_11_1_comp2,P_3_A_1_11_1_comp1+3_A_1_11_1_comp2+3_A_1_11_1_comp3+3_A_1_11_1_comp4,R_3_A_1_11_1,TCDB,TCDB.3_A_1_11_1_comp2
G_3_A_1_11_1_comp3,P_3_A_1_11_1_comp1+3_A_1_11_1_comp2+3_A_1_11_1_comp3+3_A_1_11_1_comp4,R_3_A_1_11_1,TCDB,TCDB.3_A_1_11_1_comp3
G_3_A_1_11_1_comp4,P_3_A_1_11_1_comp1+3_A_1_11_1_comp2+3_A_1_11_1_comp3+3_A_1_11_1_comp4,R_3_A_1_11_1,TCDB,TCDB.3_A_1_11_1_comp4
G_3_A_1_11_2_comp1,P_3_A_1_11_2_comp1+3_A_1_11_2_comp2+3_A_1_11_2_comp3+3_A_1_11_2_comp4,R_3_A_1_11_2,TCDB,TCDB.3_A_1_11_2_comp1
G_3_A_1_11_2_comp2,P_3_A_1_11_2_comp1+3_A_1_11_2_comp2+3_A_1_11_2_comp3+3_A_1_11_2_comp4,R_3_A_1_11_2,TCDB,TCDB.3_A_1_11_2_comp2
G_3_A_1_11_2_comp3,P_3_A_1_11_2_comp1+3_A_1_11_2_comp2+3_A_1_11_2_comp3+3_A_1_11_2_comp4,R_3_A_1_11_2,TCDB,TCDB.3_A_1_11_2_comp3
G_3_A_1_11_2_comp4,P_3_A_1_11_2_comp1+3_A_1_11_2_comp2+3_A_1_11_2_comp3+3_A_1_11_2_comp4,R_3_A_1_11_2,TCDB,TCDB.3_A_1_11_2_comp4
G_3_A_1_12_1_comp1,P_3_A_1_12_1_comp1+3_A_1_12_1_comp2+3_A_1_12_1_comp3,R_3_A_1_12_1,TCDB,TCDB.3_A_1_12_1_comp1
G_3_A_1_12_1_comp2,P_3_A_1_12_1_comp1+3_A_1_12_1_comp2+3_A_1_12_1_comp3,R_3_A_1_12_1,TCDB,TCDB.3_A_1_12_1_comp2
G_3_A_1_12_1_comp3,P_3_A_1_12_1_comp1+3_A_1_12_1_comp2+3_A_1_12_1_comp3,R_3_A_1_12_1,TCDB,TCDB.3_A_1_12_1_comp3
G_3_A_1_105_17_comp1,P_3_A_1_105_17_comp1+3_A_1_105_17_comp2,R_3_A_1_105_17,TCDB,TCDB.3_A_1_105_17_comp1
G_3_A_1_105_17_comp2,P_3_A_1_105_17_comp1+3_A_1_105_17_comp2,R_3_A_1_105_17,TCDB,TCDB.3_A_1_105_17_comp2
G_2_A_53_3_11_comp1,P_2_A_53_3_11_comp1,R_2_A_53_3_11,TCDB,TCDB.2_A_53_3_11_comp1
G_3_A_1_1_46_comp1,P_3_A_1_1_46_comp1+3_A_1_1_46_comp2+3_A_1_1_46_comp3+3_A_1_1_46_comp4,R_3_A_1_1_46,TCDB,TCDB.3_A_1_1_46_comp1
G_3_A_1_1_46_comp2,P_3_A_1_1_46_comp1+3_A_1_1_46_comp2+3_A_1_1_46_comp3+3_A_1_1_46_comp4,R_3_A_1_1_46,TCDB,TCDB.3_A_1_1_46_comp2
G_3_A_1_1_46_comp3,P_3_A_1_1_46_comp1+3_A_1_1_46_comp2+3_A_1_1_46_comp3+3_A_1_1_46_comp4,R_3_A_1_1_46,TCDB,TCDB.3_A_1_1_46_comp3
G_3_A_1_1_46_comp4,P_3_A_1_1_46_comp1+3_A_1_1_46_comp2+3_A_1_1_46_comp3+3_A_1_1_46_comp4,R_3_A_1_1_46,TCDB,TCDB.3_A_1_1_46_comp4
G_3_A_1_11_9_comp1,P_3_A_1_11_9_comp1+3_A_1_11_9_comp2+3_A_1_11_9_comp3+3_A_1_11_9_comp4,R_3_A_1_11_9,TCDB,TCDB.3_A_1_11_9_comp1
G_3_A_1_11_9_comp2,P_3_A_1_11_9_comp1+3_A_1_11_9_comp2+3_A_1_11_9_comp3+3_A_1_11_9_comp4,R_3_A_1_11_9,TCDB,TCDB.3_A_1_11_9_comp2
G_3_A_1_11_9_comp3,P_3_A_1_11_9_comp1+3_A_1_11_9_comp2+3_A_1_11_9_comp3+3_A_1_11_9_comp4,R_3_A_1_11_9,TCDB,TCDB.3_A_1_11_9_comp3
G_3_A_1_11_9_comp4,P_3_A_1_11_9_comp1+3_A_1_11_9_comp2+3_A_1_11_9_comp3+3_A_1_11_9_comp4,R_3_A_1_11_9,TCDB,TCDB.3_A_1_11_9_comp4
G_3_A_1_2_8_comp1,P_3_A_1_2_8_comp1+3_A_1_2_8_comp2+3_A_1_2_8_comp3+3_A_1_2_8_comp4,R_3_A_1_2_8,TCDB,TCDB.3_A_1_2_8_comp1
G_3_A_1_2_8_comp2,P_3_A_1_2_8_comp1+3_A_1_2_8_comp2+3_A_1_2_8_comp3+3_A_1_2_8_comp4,R_3_A_1_2_8,TCDB,TCDB.3_A_1_2_8_comp2
G_3_A_1_2_8_comp3,P_3_A_1_2_8_comp1+3_A_1_2_8_comp2+3_A_1_2_8_comp3+3_A_1_2_8_comp4,R_3_A_1_2_8,TCDB,TCDB.3_A_1_2_8_comp3
G_3_A_1_2_8_comp4,P_3_A_1_2_8_comp1+3_A_1_2_8_comp2+3_A_1_2_8_comp3+3_A_1_2_8_comp4,R_3_A_1_2_8,TCDB,TCDB.3_A_1_2_8_comp4
G_2_A_86_1_4_comp1,P_2_A_86_1_4_comp1,R_2_A_86_1_4,TCDB,TCDB.2_A_86_1_4_comp1
G_3_A_1_5_21_comp1,P_3_A_1_5_21_comp1+3_A_1_5_21_comp2+3_A_1_5_21_comp3+3_A_1_5_21_comp4,R_3_A_1_5_21,TCDB,TCDB.3_A_1_5_21_comp1
G_3_A_1_5_21_comp2,P_3_A_1_5_21_comp1+3_A_1_5_21_comp2+3_A_1_5_21_comp3+3_A_1_5_21_comp4,R_3_A_1_5_21,TCDB,TCDB.3_A_1_5_21_comp2
G_3_A_1_5_21_comp3,P_3_A_1_5_21_comp1+3_A_1_5_21_comp2+3_A_1_5_21_comp3+3_A_1_5_21_comp4,R_3_A_1_5_21,TCDB,TCDB.3_A_1_5_21_comp3
G_3_A_1_5_21_comp4,P_3_A_1_5_21_comp1+3_A_1_5_21_comp2+3_A_1_5_21_comp3+3_A_1_5_21_comp4,R_3_A_1_5_21,TCDB,TCDB.3_A_1_5_21_comp4
G_2_A_47_4_8_comp1,P_2_A_47_4_8_comp1,R_2_A_47_4_8,TCDB,TCDB.2_A_47_4_8_comp1
G_9_B_20_1_4_comp1,P_9_B_20_1_4_comp1,R_9_B_20_1_4,TCDB,TCDB.9_B_20_1_4_comp1
G_9_B_114_1_1_comp1,P_9_B_114_1_1_comp1,R_9_B_114_1_1,TCDB,TCDB.9_B_114_1_1_comp1
G_9_A_18_1_1_comp1,P_9_A_18_1_1_comp1,R_9_A_18_1_1,TCDB,TCDB.9_A_18_1_1_comp1
G_2_A_38_1_1_comp1,P_2_A_38_1_1_comp1+2_A_38_1_1_comp2,R_2_A_38_1_1,TCDB,TCDB.2_A_38_1_1_comp1
G_2_A_38_1_1_comp2,P_2_A_38_1_1_comp1+2_A_38_1_1_comp2,R_2_A_38_1_1,TCDB,TCDB.2_A_38_1_1_comp2
G_2_A_76_1_1_comp1,P_2_A_76_1_1_comp1,R_2_A_76_1_1,TCDB,TCDB.2_A_76_1_1_comp1
G_2_A_76_1_2_comp1,P_2_A_76_1_2_comp1,R_2_A_76_1_2,TCDB,TCDB.2_A_76_1_2_comp1
G_3_A_1_1_3_comp1,P_3_A_1_1_3_comp1+3_A_1_1_3_comp2+3_A_1_1_3_comp3+3_A_1_1_3_comp4,R_3_A_1_1_3,TCDB,TCDB.3_A_1_1_3_comp1
G_3_A_1_1_3_comp2,P_3_A_1_1_3_comp1+3_A_1_1_3_comp2+3_A_1_1_3_comp3+3_A_1_1_3_comp4,R_3_A_1_1_3,TCDB,TCDB.3_A_1_1_3_comp2
G_3_A_1_1_3_comp3,P_3_A_1_1_3_comp1+3_A_1_1_3_comp2+3_A_1_1_3_comp3+3_A_1_1_3_comp4,R_3_A_1_1_3,TCDB,TCDB.3_A_1_1_3_comp3
G_3_A_1_1_3_comp4,P_3_A_1_1_3_comp1+3_A_1_1_3_comp2+3_A_1_1_3_comp3+3_A_1_1_3_comp4,R_3_A_1_1_3,TCDB,TCDB.3_A_1_1_3_comp4
G_2_A_6_4_1_comp1,P_2_A_6_4_1_comp1+2_A_6_4_1_comp2,R_2_A_6_4_1,TCDB,TCDB.2_A_6_4_1_comp1
G_2_A_6_4_1_comp2,P_2_A_6_4_1_comp1+2_A_6_4_1_comp2,R_2_A_6_4_1,TCDB,TCDB.2_A_6_4_1_comp2
G_2_A_1_4_1_comp1,P_2_A_1_4_1_comp1,R_2_A_1_4_1,TCDB,TCDB.2_A_1_4_1_comp1
G_2_A_23_1_13_comp1,P_2_A_23_1_13_comp1,R_2_A_23_1_13,TCDB,TCDB.2_A_23_1_13_comp1
G_2_A_1_1_3_comp1,P_2_A_1_1_3_comp1,R_2_A_1_1_3,TCDB,TCDB.2_A_1_1_3_comp1
G_3_A_1_2_4_comp1,P_3_A_1_2_4_comp1+3_A_1_2_4_comp2+3_A_1_2_4_comp3,R_3_A_1_2_4,TCDB,TCDB.3_A_1_2_4_comp1
G_3_A_1_2_4_comp2,P_3_A_1_2_4_comp1+3_A_1_2_4_comp2+3_A_1_2_4_comp3,R_3_A_1_2_4,TCDB,TCDB.3_A_1_2_4_comp2
G_3_A_1_2_4_comp3,P_3_A_1_2_4_comp1+3_A_1_2_4_comp2+3_A_1_2_4_comp3,R_3_A_1_2_4,TCDB,TCDB.3_A_1_2_4_comp3
G_2_A_86_1_2_comp1,P_2_A_86_1_2_comp1,R_2_A_86_1_2,TCDB,TCDB.2_A_86_1_2_comp1
G_1_A_62_2_3_comp1,P_1_A_62_2_3_comp1,R_1_A_62_2_3,TCDB,TCDB.1_A_62_2_3_comp1
G_2_A_40_1_1_comp1,P_2_A_40_1_1_comp1,R_2_A_40_1_1,TCDB,TCDB.2_A_40_1_1_comp1
G_2_A_40_4_2_comp1,P_2_A_40_4_2_comp1,R_2_A_40_4_2,TCDB,TCDB.2_A_40_4_2_comp1
G_4_D_1_1_4_comp1,P_4_D_1_1_4_comp1,R_4_D_1_1_4,TCDB,TCDB.4_D_1_1_4_comp1
G_1_C_12_1_4_comp1,P_1_C_12_1_4_comp1,R_1_C_12_1_4,TCDB,TCDB.1_C_12_1_4_comp1
G_2_A_1_76_1_comp1,P_2_A_1_76_1_comp1,R_2_A_1_76_1,TCDB,TCDB.2_A_1_76_1_comp1
G_2_A_1_6_4_comp1,P_2_A_1_6_4_comp1,R_2_A_1_6_4,TCDB,TCDB.2_A_1_6_4_comp1
G_1_A_23_2_1_comp1,P_1_A_23_2_1_comp1,R_1_A_23_2_1,TCDB,TCDB.1_A_23_2_1_comp1
G_2_A_69_1_9_comp1,P_2_A_69_1_9_comp1,R_2_A_69_1_9,TCDB,TCDB.2_A_69_1_9_comp1
G_3_E_2_1_1_comp1,P_3_E_2_1_1_comp1+3_E_2_1_1_comp2+3_E_2_1_1_comp3+3_E_2_1_1_comp4+3_E_2_1_1_comp5,R_3_E_2_1_1,TCDB,TCDB.3_E_2_1_1_comp1
G_3_E_2_1_1_comp2,P_3_E_2_1_1_comp1+3_E_2_1_1_comp2+3_E_2_1_1_comp3+3_E_2_1_1_comp4+3_E_2_1_1_comp5,R_3_E_2_1_1,TCDB,TCDB.3_E_2_1_1_comp2
G_3_E_2_1_1_comp3,P_3_E_2_1_1_comp1+3_E_2_1_1_comp2+3_E_2_1_1_comp3+3_E_2_1_1_comp4+3_E_2_1_1_comp5,R_3_E_2_1_1,TCDB,TCDB.3_E_2_1_1_comp3
G_3_E_2_1_1_comp4,P_3_E_2_1_1_comp1+3_E_2_1_1_comp2+3_E_2_1_1_comp3+3_E_2_1_1_comp4+3_E_2_1_1_comp5,R_3_E_2_1_1,TCDB,TCDB.3_E_2_1_1_comp4
G_3_E_2_1_1_comp5,P_3_E_2_1_1_comp1+3_E_2_1_1_comp2+3_E_2_1_1_comp3+3_E_2_1_1_comp4+3_E_2_1_1_comp5,R_3_E_2_1_1,TCDB,TCDB.3_E_2_1_1_comp5
G_2_A_1_7_2_comp1,P_2_A_1_7_2_comp1,R_2_A_1_7_2,TCDB,TCDB.2_A_1_7_2_comp1
G_8_B_8_1_4_comp1,P_8_B_8_1_4_comp1,R_8_B_8_1_4,TCDB,TCDB.8_B_8_1_4_comp1
G_3_D_2_2_1_comp1,P_3_D_2_2_1_comp1+3_D_2_2_1_comp2+3_D_2_2_1_comp3,R_3_D_2_2_1,TCDB,TCDB.3_D_2_2_1_comp1
G_3_D_2_2_1_comp2,P_3_D_2_2_1_comp1+3_D_2_2_1_comp2+3_D_2_2_1_comp3,R_3_D_2_2_1,TCDB,TCDB.3_D_2_2_1_comp2
G_3_D_2_2_1_comp3,P_3_D_2_2_1_comp1+3_D_2_2_1_comp2+3_D_2_2_1_comp3,R_3_D_2_2_1,TCDB,TCDB.3_D_2_2_1_comp3
G_8_B_8_1_8_comp1,P_8_B_8_1_8_comp1,R_8_B_8_1_8,TCDB,TCDB.8_B_8_1_8_comp1
G_8_B_28_1_4_comp1,P_8_B_28_1_4_comp1,R_8_B_28_1_4,TCDB,TCDB.8_B_28_1_4_comp1
G_1_C_118_1_1_comp1,P_1_C_118_1_1_comp1,R_1_C_118_1_1,TCDB,TCDB.1_C_118_1_1_comp1
G_1_C_118_1_2_comp1,P_1_C_118_1_2_comp1,R_1_C_118_1_2,TCDB,TCDB.1_C_118_1_2_comp1
G_9_A_39_1_3_comp1,P_9_A_39_1_3_comp1,R_9_A_39_1_3,TCDB,TCDB.9_A_39_1_3_comp1
G_9_A_39_1_2_comp1,P_9_A_39_1_2_comp1+9_A_39_1_2_comp2+9_A_39_1_2_comp3+9_A_39_1_2_comp4,R_9_A_39_1_2,TCDB,TCDB.9_A_39_1_2_comp1
G_9_A_39_1_2_comp2,P_9_A_39_1_2_comp1+9_A_39_1_2_comp2+9_A_39_1_2_comp3+9_A_39_1_2_comp4,R_9_A_39_1_2,TCDB,TCDB.9_A_39_1_2_comp2
G_9_A_39_1_2_comp3,P_9_A_39_1_2_comp1+9_A_39_1_2_comp2+9_A_39_1_2_comp3+9_A_39_1_2_comp4,R_9_A_39_1_2,TCDB,TCDB.9_A_39_1_2_comp3
G_9_A_39_1_2_comp4,P_9_A_39_1_2_comp1+9_A_39_1_2_comp2+9_A_39_1_2_comp3+9_A_39_1_2_comp4,R_9_A_39_1_2,TCDB,TCDB.9_A_39_1_2_comp4
G_1_C_122_1_1_comp1,P_1_C_122_1_1_comp1,R_1_C_122_1_1,TCDB,TCDB.1_C_122_1_1_comp1
G_8_B_32_2_4_comp1,P_8_B_32_2_4_comp1,R_8_B_32_2_4,TCDB,TCDB.8_B_32_2_4_comp1
G_8_B_6_1_8_comp1,P_8_B_6_1_8_comp1,R_8_B_6_1_8,TCDB,TCDB.8_B_6_1_8_comp1
G_8_B_5_3_1_comp1,P_8_B_5_3_1_comp1,R_8_B_5_3_1,TCDB,TCDB.8_B_5_3_1_comp1
G_8_B_5_3_2_comp1,P_8_B_5_3_2_comp1,R_8_B_5_3_2,TCDB,TCDB.8_B_5_3_2_comp1
G_8_B_5_3_5_comp1,P_8_B_5_3_5_comp1,R_8_B_5_3_5,TCDB,TCDB.8_B_5_3_5_comp1
G_8_B_32_2_5_comp1,P_8_B_32_2_5_comp1,R_8_B_32_2_5,TCDB,TCDB.8_B_32_2_5_comp1
G_1_C_12_1_1_comp1,P_1_C_12_1_1_comp1,R_1_C_12_1_1,TCDB,TCDB.1_C_12_1_1_comp1
G_1_C_12_1_5_comp1,P_1_C_12_1_5_comp1,R_1_C_12_1_5,TCDB,TCDB.1_C_12_1_5_comp1
G_1_B_14_8_7_comp1,P_1_B_14_8_7_comp1,R_1_B_14_8_7,TCDB,TCDB.1_B_14_8_7_comp1
G_1_A_65_1_1_comp1,P_1_A_65_1_1_comp1,R_1_A_65_1_1,TCDB,TCDB.1_A_65_1_1_comp1
G_2_A_17_1_1_comp1,P_2_A_17_1_1_comp1,R_2_A_17_1_1,TCDB,TCDB.2_A_17_1_1_comp1
G_1_B_40_1_1_comp1,P_1_B_40_1_1_comp1,R_1_B_40_1_1,TCDB,TCDB.1_B_40_1_1_comp1
G_1_G_5_1_1_comp1,P_1_G_5_1_1_comp1,R_1_G_5_1_1,TCDB,TCDB.1_G_5_1_1_comp1
G_3_A_1_7_2_comp1,P_3_A_1_7_2_comp1+3_A_1_7_2_comp2+3_A_1_7_2_comp3+3_A_1_7_2_comp4,R_3_A_1_7_2,TCDB,TCDB.3_A_1_7_2_comp1
G_3_A_1_7_2_comp2,P_3_A_1_7_2_comp1+3_A_1_7_2_comp2+3_A_1_7_2_comp3+3_A_1_7_2_comp4,R_3_A_1_7_2,TCDB,TCDB.3_A_1_7_2_comp2
G_3_A_1_7_2_comp3,P_3_A_1_7_2_comp1+3_A_1_7_2_comp2+3_A_1_7_2_comp3+3_A_1_7_2_comp4,R_3_A_1_7_2,TCDB,TCDB.3_A_1_7_2_comp3
G_3_A_1_7_2_comp4,P_3_A_1_7_2_comp1+3_A_1_7_2_comp2+3_A_1_7_2_comp3+3_A_1_7_2_comp4,R_3_A_1_7_2,TCDB,TCDB.3_A_1_7_2_comp4
G_1_A_49_1_2_comp1,P_1_A_49_1_2_comp1,R_1_A_49_1_2,TCDB,TCDB.1_A_49_1_2_comp1
G_8_B_16_1_5_comp1,P_8_B_16_1_5_comp1,R_8_B_16_1_5,TCDB,TCDB.8_B_16_1_5_comp1
G_8_B_4_3_1_comp1,P_8_B_4_3_1_comp1,R_8_B_4_3_1,TCDB,TCDB.8_B_4_3_1_comp1
G_3_A_15_2_2_comp1,P_3_A_15_2_2_comp1,R_3_A_15_2_2,TCDB,TCDB.3_A_15_2_2_comp1
G_1_B_1_1_15_comp1,P_1_B_1_1_15_comp1,R_1_B_1_1_15,TCDB,TCDB.1_B_1_1_15_comp1
G_1_A_116_1_1_comp1,P_1_A_116_1_1_comp1,R_1_A_116_1_1,TCDB,TCDB.1_A_116_1_1_comp1
G_1_A_9_9_1_comp1,P_1_A_9_9_1_comp1,R_1_A_9_9_1,TCDB,TCDB.1_A_9_9_1_comp1
G_2_A_7_28_4_comp1,P_2_A_7_28_4_comp1,R_2_A_7_28_4,TCDB,TCDB.2_A_7_28_4_comp1
G_2_A_7_28_6_comp1,P_2_A_7_28_6_comp1,R_2_A_7_28_6,TCDB,TCDB.2_A_7_28_6_comp1
G_8_B_15_1_1_comp1,P_8_B_15_1_1_comp1,R_8_B_15_1_1,TCDB,TCDB.8_B_15_1_1_comp1
G_8_A_64_1_1_comp1,P_8_A_64_1_1_comp1,R_8_A_64_1_1,TCDB,TCDB.8_A_64_1_1_comp1
G_8_A_94_1_2_comp1,P_8_A_94_1_2_comp1,R_8_A_94_1_2,TCDB,TCDB.8_A_94_1_2_comp1
G_8_B_44_1_3_comp1,P_8_B_44_1_3_comp1,R_8_B_44_1_3,TCDB,TCDB.8_B_44_1_3_comp1
G_1_C_17_2_2_comp1,P_1_C_17_2_2_comp1,R_1_C_17_2_2,TCDB,TCDB.1_C_17_2_2_comp1
G_8_B_36_1_2_comp1,P_8_B_36_1_2_comp1,R_8_B_36_1_2,TCDB,TCDB.8_B_36_1_2_comp1
G_8_B_32_1_8_comp1,P_8_B_32_1_8_comp1,R_8_B_32_1_8,TCDB,TCDB.8_B_32_1_8_comp1
G_1_C_32_2_2_comp1,P_1_C_32_2_2_comp1,R_1_C_32_2_2,TCDB,TCDB.1_C_32_2_2_comp1
G_8_B_32_2_3_comp1,P_8_B_32_2_3_comp1,R_8_B_32_2_3,TCDB,TCDB.8_B_32_2_3_comp1
G_8_B_40_1_1_comp1,P_8_B_40_1_1_comp1,R_8_B_40_1_1,TCDB,TCDB.8_B_40_1_1_comp1
G_1_A_8_6_2_comp1,P_1_A_8_6_2_comp1,R_1_A_8_6_2,TCDB,TCDB.1_A_8_6_2_comp1
G_8_B_16_3_1_comp1,P_8_B_16_3_1_comp1,R_8_B_16_3_1,TCDB,TCDB.8_B_16_3_1_comp1
G_2_A_2_3_1_comp1,P_2_A_2_3_1_comp1,R_2_A_2_3_1,TCDB,TCDB.2_A_2_3_1_comp1
G_8_B_3_1_5_comp1,P_8_B_3_1_5_comp1,R_8_B_3_1_5,TCDB,TCDB.8_B_3_1_5_comp1
G_8_B_17_1_5_comp1,P_8_B_17_1_5_comp1,R_8_B_17_1_5,TCDB,TCDB.8_B_17_1_5_comp1
G_2_A_7_9_7_comp1,P_2_A_7_9_7_comp1,R_2_A_7_9_7,TCDB,TCDB.2_A_7_9_7_comp1
G_2_A_7_13_6_comp1,P_2_A_7_13_6_comp1,R_2_A_7_13_6,TCDB,TCDB.2_A_7_13_6_comp1
G_2_A_7_13_7_comp1,P_2_A_7_13_7_comp1,R_2_A_7_13_7,TCDB,TCDB.2_A_7_13_7_comp1
G_3_A_3_6_20_comp1,P_3_A_3_6_20_comp1,R_3_A_3_6_20,TCDB,TCDB.3_A_3_6_20_comp1
G_1_A_87_3_2_comp1,P_1_A_87_3_2_comp1,R_1_A_87_3_2,TCDB,TCDB.1_A_87_3_2_comp1
G_8_B_4_1_11_comp1,P_8_B_4_1_11_comp1,R_8_B_4_1_11,TCDB,TCDB.8_B_4_1_11_comp1
G_8_B_32_2_2_comp1,P_8_B_32_2_2_comp1,R_8_B_32_2_2,TCDB,TCDB.8_B_32_2_2_comp1
G_8_B_38_1_1_comp1,P_8_B_38_1_1_comp1,R_8_B_38_1_1,TCDB,TCDB.8_B_38_1_1_comp1
G_1_A_87_2_16_comp1,P_1_A_87_2_16_comp1,R_1_A_87_2_16,TCDB,TCDB.1_A_87_2_16_comp1
G_1_A_113_5_1_comp1,P_1_A_113_5_1_comp1,R_1_A_113_5_1,TCDB,TCDB.1_A_113_5_1_comp1
G_8_B_20_1_1_comp1,P_8_B_20_1_1_comp1,R_8_B_20_1_1,TCDB,TCDB.8_B_20_1_1_comp1
G_8_B_2_1_2_comp1,P_8_B_2_1_2_comp1,R_8_B_2_1_2,TCDB,TCDB.8_B_2_1_2_comp1
G_8_B_2_1_4_comp1,P_8_B_2_1_4_comp1,R_8_B_2_1_4,TCDB,TCDB.8_B_2_1_4_comp1
G_8_A_43_1_12_comp1,P_8_A_43_1_12_comp1,R_8_A_43_1_12,TCDB,TCDB.8_A_43_1_12_comp1
G_1_M_1_3_1_comp1,P_1_M_1_3_1_comp1+1_M_1_3_1_comp2,R_1_M_1_3_1,TCDB,TCDB.1_M_1_3_1_comp1
G_1_M_1_3_1_comp2,P_1_M_1_3_1_comp1+1_M_1_3_1_comp2,R_1_M_1_3_1,TCDB,TCDB.1_M_1_3_1_comp2
G_2_A_105_1_13_comp1,P_2_A_105_1_13_comp1,R_2_A_105_1_13,TCDB,TCDB.2_A_105_1_13_comp1
G_8_B_23_1_1_comp1,P_8_B_23_1_1_comp1,R_8_B_23_1_1,TCDB,TCDB.8_B_23_1_1_comp1
G_8_B_23_1_2_comp1,P_8_B_23_1_2_comp1,R_8_B_23_1_2,TCDB,TCDB.8_B_23_1_2_comp1
G_8_B_8_1_6_comp1,P_8_B_8_1_6_comp1,R_8_B_8_1_6,TCDB,TCDB.8_B_8_1_6_comp1
G_8_B_26_1_4_comp1,P_8_B_26_1_4_comp1,R_8_B_26_1_4,TCDB,TCDB.8_B_26_1_4_comp1
G_8_B_8_1_7_comp1,P_8_B_8_1_7_comp1,R_8_B_8_1_7,TCDB,TCDB.8_B_8_1_7_comp1
G_8_B_1_4_1_comp1,P_8_B_1_4_1_comp1,R_8_B_1_4_1,TCDB,TCDB.8_B_1_4_1_comp1
G_8_B_16_3_3_comp1,P_8_B_16_3_3_comp1,R_8_B_16_3_3,TCDB,TCDB.8_B_16_3_3_comp1
G_1_B_20_1_10_comp1,P_1_B_20_1_10_comp1,R_1_B_20_1_10,TCDB,TCDB.1_B_20_1_10_comp1
G_8_A_135_2_2_comp1,P_8_A_135_2_2_comp1,R_8_A_135_2_2,TCDB,TCDB.8_A_135_2_2_comp1
G_1_A_50_3_1_comp1,P_1_A_50_3_1_comp1,R_1_A_50_3_1,TCDB,TCDB.1_A_50_3_1_comp1
G_2_A_123_2_16_comp1,P_2_A_123_2_16_comp1,R_2_A_123_2_16,TCDB,TCDB.2_A_123_2_16_comp1
G_8_B_37_1_2_comp1,P_8_B_37_1_2_comp1,R_8_B_37_1_2,TCDB,TCDB.8_B_37_1_2_comp1
G_8_B_16_4_3_comp1,P_8_B_16_4_3_comp1,R_8_B_16_4_3,TCDB,TCDB.8_B_16_4_3_comp1
G_1_A_50_4_1_comp1,P_1_A_50_4_1_comp1,R_1_A_50_4_1,TCDB,TCDB.1_A_50_4_1_comp1
G_1_A_50_4_6_comp1,P_1_A_50_4_6_comp1,R_1_A_50_4_6,TCDB,TCDB.1_A_50_4_6_comp1
G_8_B_41_1_2_comp1,P_8_B_41_1_2_comp1,R_8_B_41_1_2,TCDB,TCDB.8_B_41_1_2_comp1
G_8_B_44_1_2_comp1,P_8_B_44_1_2_comp1,R_8_B_44_1_2,TCDB,TCDB.8_B_44_1_2_comp1
G_1_C_38_1_18_comp1,P_1_C_38_1_18_comp1,R_1_C_38_1_18,TCDB,TCDB.1_C_38_1_18_comp1
G_1_A_57_1_5_comp1,P_1_A_57_1_5_comp1,R_1_A_57_1_5,TCDB,TCDB.1_A_57_1_5_comp1
G_1_A_65_1_7_comp1,P_1_A_65_1_7_comp1,R_1_A_65_1_7,TCDB,TCDB.1_A_65_1_7_comp1
G_1_A_117_1_2_comp1,P_1_A_117_1_2_comp1,R_1_A_117_1_2,TCDB,TCDB.1_A_117_1_2_comp1
G_1_C_137_1_1_comp1,P_1_C_137_1_1_comp1,R_1_C_137_1_1,TCDB,TCDB.1_C_137_1_1_comp1
G_9_B_87_1_11_comp1,P_9_B_87_1_11_comp1,R_9_B_87_1_11,TCDB,TCDB.9_B_87_1_11_comp1
G_9_B_87_1_28_comp1,P_9_B_87_1_28_comp1,R_9_B_87_1_28,TCDB,TCDB.9_B_87_1_28_comp1
G_3_A_1_204_1_comp1,P_3_A_1_204_1_comp1,R_3_A_1_204_1,TCDB,TCDB.3_A_1_204_1_comp1
G_3_A_1_6_12_comp1,P_3_A_1_6_12_comp1+3_A_1_6_12_comp2,R_3_A_1_6_12,TCDB,TCDB.3_A_1_6_12_comp1
G_3_A_1_6_12_comp2,P_3_A_1_6_12_comp1+3_A_1_6_12_comp2,R_3_A_1_6_12,TCDB,TCDB.3_A_1_6_12_comp2
G_1_W_4_1_1_comp1,P_1_W_4_1_1_comp1,R_1_W_4_1_1,TCDB,TCDB.1_W_4_1_1_comp1
G_3_A_5_3_1_comp1,P_3_A_5_3_1_comp1+3_A_5_3_1_comp2+3_A_5_3_1_comp3+3_A_5_3_1_comp4+3_A_5_3_1_comp5+3_A_5_3_1_comp6,R_3_A_5_3_1,TCDB,TCDB.3_A_5_3_1_comp1
G_3_A_5_3_1_comp2,P_3_A_5_3_1_comp1+3_A_5_3_1_comp2+3_A_5_3_1_comp3+3_A_5_3_1_comp4+3_A_5_3_1_comp5+3_A_5_3_1_comp6,R_3_A_5_3_1,TCDB,TCDB.3_A_5_3_1_comp2
G_3_A_5_3_1_comp3,P_3_A_5_3_1_comp1+3_A_5_3_1_comp2+3_A_5_3_1_comp3+3_A_5_3_1_comp4+3_A_5_3_1_comp5+3_A_5_3_1_comp6,R_3_A_5_3_1,TCDB,TCDB.3_A_5_3_1_comp3
G_3_A_5_3_1_comp4,P_3_A_5_3_1_comp1+3_A_5_3_1_comp2+3_A_5_3_1_comp3+3_A_5_3_1_comp4+3_A_5_3_1_comp5+3_A_5_3_1_comp6,R_3_A_5_3_1,TCDB,TCDB.3_A_5_3_1_comp4
G_3_A_5_3_1_comp5,P_3_A_5_3_1_comp1+3_A_5_3_1_comp2+3_A_5_3_1_comp3+3_A_5_3_1_comp4+3_A_5_3_1_comp5+3_A_5_3_1_comp6,R_3_A_5_3_1,TCDB,TCDB.3_A_5_3_1_comp5
G_3_A_5_3_1_comp6,P_3_A_5_3_1_comp1+3_A_5_3_1_comp2+3_A_5_3_1_comp3+3_A_5_3_1_comp4+3_A_5_3_1_comp5+3_A_5_3_1_comp6,R_3_A_5_3_1,TCDB,TCDB.3_A_5_3_1_comp6
G_1_B_2_1_1_comp1,P_1_B_2_1_1_comp1,R_1_B_2_1_1,TCDB,TCDB.1_B_2_1_1_comp1
G_1_B_9_1_1_comp1,P_1_B_9_1_1_comp1,R_1_B_9_1_1,TCDB,TCDB.1_B_9_1_1_comp1
G_1_A_21_1_10_comp1,P_1_A_21_1_10_comp1,R_1_A_21_1_10,TCDB,TCDB.1_A_21_1_10_comp1
G_1_C_4_7_1_comp1,P_1_C_4_7_1_comp1+1_C_4_7_1_comp2,R_1_C_4_7_1,TCDB,TCDB.1_C_4_7_1_comp1
G_1_C_4_7_1_comp2,P_1_C_4_7_1_comp1+1_C_4_7_1_comp2,R_1_C_4_7_1,TCDB,TCDB.1_C_4_7_1_comp2
G_2_A_29_5_1_comp1,P_2_A_29_5_1_comp1,R_2_A_29_5_1,TCDB,TCDB.2_A_29_5_1_comp1
G_3_A_16_1_6_comp1,P_3_A_16_1_6_comp1+3_A_16_1_6_comp2+3_A_16_1_6_comp3+3_A_16_1_6_comp4+3_A_16_1_6_comp5,R_3_A_16_1_6,TCDB,TCDB.3_A_16_1_6_comp1
G_3_A_16_1_6_comp2,P_3_A_16_1_6_comp1+3_A_16_1_6_comp2+3_A_16_1_6_comp3+3_A_16_1_6_comp4+3_A_16_1_6_comp5,R_3_A_16_1_6,TCDB,TCDB.3_A_16_1_6_comp2
G_3_A_16_1_6_comp3,P_3_A_16_1_6_comp1+3_A_16_1_6_comp2+3_A_16_1_6_comp3+3_A_16_1_6_comp4+3_A_16_1_6_comp5,R_3_A_16_1_6,TCDB,TCDB.3_A_16_1_6_comp3
G_3_A_16_1_6_comp4,P_3_A_16_1_6_comp1+3_A_16_1_6_comp2+3_A_16_1_6_comp3+3_A_16_1_6_comp4+3_A_16_1_6_comp5,R_3_A_16_1_6,TCDB,TCDB.3_A_16_1_6_comp4
G_3_A_16_1_6_comp5,P_3_A_16_1_6_comp1+3_A_16_1_6_comp2+3_A_16_1_6_comp3+3_A_16_1_6_comp4+3_A_16_1_6_comp5,R_3_A_16_1_6,TCDB,TCDB.3_A_16_1_6_comp5
G_1_C_8_1_1_comp1,P_1_C_8_1_1_comp1,R_1_C_8_1_1,TCDB,TCDB.1_C_8_1_1_comp1
G_2_A_3_8_5_comp1,P_2_A_3_8_5_comp1+2_A_3_8_5_comp2,R_2_A_3_8_5,TCDB,TCDB.2_A_3_8_5_comp1
G_2_A_3_8_5_comp2,P_2_A_3_8_5_comp1+2_A_3_8_5_comp2,R_2_A_3_8_5,TCDB,TCDB.2_A_3_8_5_comp2
G_2_A_29_3_1_comp1,P_2_A_29_3_1_comp1,R_2_A_29_3_1,TCDB,TCDB.2_A_29_3_1_comp1
G_2_A_1_1_17_comp1,P_2_A_1_1_17_comp1,R_2_A_1_1_17,TCDB,TCDB.2_A_1_1_17_comp1
G_1_C_47_1_2_comp1,P_1_C_47_1_2_comp1,R_1_C_47_1_2,TCDB,TCDB.1_C_47_1_2_comp1
G_5_B_2_1_1_comp1,P_5_B_2_1_1_comp1,R_5_B_2_1_1,TCDB,TCDB.5_B_2_1_1_comp1
G_2_A_1_8_1_comp1,P_2_A_1_8_1_comp1,R_2_A_1_8_1,TCDB,TCDB.2_A_1_8_1_comp1
G_1_C_20_1_5_comp1,P_1_C_20_1_5_comp1,R_1_C_20_1_5,TCDB,TCDB.1_C_20_1_5_comp1
G_1_C_16_1_1_comp1,P_1_C_16_1_1_comp1,R_1_C_16_1_1,TCDB,TCDB.1_C_16_1_1_comp1
G_1_A_33_1_5_comp1,P_1_A_33_1_5_comp1,R_1_A_33_1_5,TCDB,TCDB.1_A_33_1_5_comp1
G_3_D_2_3_1_comp1,P_3_D_2_3_1_comp1,R_3_D_2_3_1,TCDB,TCDB.3_D_2_3_1_comp1
G_8_B_6_1_2_comp1,P_8_B_6_1_2_comp1,R_8_B_6_1_2,TCDB,TCDB.8_B_6_1_2_comp1
G_8_A_1_3_2_comp1,P_8_A_1_3_2_comp1,R_8_A_1_3_2,TCDB,TCDB.8_A_1_3_2_comp1
G_1_B_17_2_3_comp1,P_1_B_17_2_3_comp1,R_1_B_17_2_3,TCDB,TCDB.1_B_17_2_3_comp1
G_2_A_1_1_28_comp1,P_2_A_1_1_28_comp1,R_2_A_1_1_28,TCDB,TCDB.2_A_1_1_28_comp1
G_2_A_1_1_29_comp1,P_2_A_1_1_29_comp1,R_2_A_1_1_29,TCDB,TCDB.2_A_1_1_29_comp1
G_2_A_1_1_91_comp1,P_2_A_1_1_91_comp1,R_2_A_1_1_91,TCDB,TCDB.2_A_1_1_91_comp1
G_8_A_25_1_2_comp1,P_8_A_25_1_2_comp1,R_8_A_25_1_2,TCDB,TCDB.8_A_25_1_2_comp1
G_1_E_10_1_1_comp1,P_1_E_10_1_1_comp1,R_1_E_10_1_1,TCDB,TCDB.1_E_10_1_1_comp1
G_9_A_16_1_1_comp1,P_9_A_16_1_1_comp1,R_9_A_16_1_1,TCDB,TCDB.9_A_16_1_1_comp1
G_8_A_23_1_7_comp1,P_8_A_23_1_7_comp1,R_8_A_23_1_7,TCDB,TCDB.8_A_23_1_7_comp1
G_1_C_73_1_1_comp1,P_1_C_73_1_1_comp1,R_1_C_73_1_1,TCDB,TCDB.1_C_73_1_1_comp1
G_1_B_14_1_11_comp1,P_1_B_14_1_11_comp1,R_1_B_14_1_11,TCDB,TCDB.1_B_14_1_11_comp1
G_9_B_208_1_1_comp1,P_9_B_208_1_1_comp1,R_9_B_208_1_1,TCDB,TCDB.9_B_208_1_1_comp1
G_1_C_19_1_3_comp1,P_1_C_19_1_3_comp1,R_1_C_19_1_3,TCDB,TCDB.1_C_19_1_3_comp1
G_8_B_11_1_3_comp1,P_8_B_11_1_3_comp1,R_8_B_11_1_3,TCDB,TCDB.8_B_11_1_3_comp1
G_8_A_66_1_2_comp1,P_8_A_66_1_2_comp1,R_8_A_66_1_2,TCDB,TCDB.8_A_66_1_2_comp1
G_2_A_1_7_1_comp1,P_2_A_1_7_1_comp1,R_2_A_1_7_1,TCDB,TCDB.2_A_1_7_1_comp1
G_1_C_40_1_8_comp1,P_1_C_40_1_8_comp1,R_1_C_40_1_8,TCDB,TCDB.1_C_40_1_8_comp1
G_2_A_1_1_7_comp1,P_2_A_1_1_7_comp1,R_2_A_1_1_7,TCDB,TCDB.2_A_1_1_7_comp1
G_2_A_75_1_2_comp1,P_2_A_75_1_2_comp1,R_2_A_75_1_2,TCDB,TCDB.2_A_75_1_2_comp1
G_8_B_9_1_5_comp1,P_8_B_9_1_5_comp1,R_8_B_9_1_5,TCDB,TCDB.8_B_9_1_5_comp1
G_9_B_247_1_2_comp1,P_9_B_247_1_2_comp1,R_9_B_247_1_2,TCDB,TCDB.9_B_247_1_2_comp1
G_3_A_3_3_2_comp1,P_3_A_3_3_2_comp1,R_3_A_3_3_2,TCDB,TCDB.3_A_3_3_2_comp1
G_1_C_121_1_1_comp1,P_1_C_121_1_1_comp1,R_1_C_121_1_1,TCDB,TCDB.1_C_121_1_1_comp1
G_1_A_37_1_1_comp1,P_1_A_37_1_1_comp1,R_1_A_37_1_1,TCDB,TCDB.1_A_37_1_1_comp1
G_1_B_54_1_2_comp1,P_1_B_54_1_2_comp1,R_1_B_54_1_2,TCDB,TCDB.1_B_54_1_2_comp1
G_2_A_8_1_1_comp1,P_2_A_8_1_1_comp1,R_2_A_8_1_1,TCDB,TCDB.2_A_8_1_1_comp1
G_2_A_29_4_1_comp1,P_2_A_29_4_1_comp1,R_2_A_29_4_1,TCDB,TCDB.2_A_29_4_1_comp1
G_2_A_29_1_2_comp1,P_2_A_29_1_2_comp1,R_2_A_29_1_2,TCDB,TCDB.2_A_29_1_2_comp1
G_2_A_29_1_10_comp1,P_2_A_29_1_10_comp1,R_2_A_29_1_10,TCDB,TCDB.2_A_29_1_10_comp1
G_9_B_62_1_2_comp1,P_9_B_62_1_2_comp1,R_9_B_62_1_2,TCDB,TCDB.9_B_62_1_2_comp1
G_1_A_60_1_1_comp1,P_1_A_60_1_1_comp1,R_1_A_60_1_1,TCDB,TCDB.1_A_60_1_1_comp1
G_3_A_1_204_18_comp1,P_3_A_1_204_18_comp1,R_3_A_1_204_18,TCDB,TCDB.3_A_1_204_18_comp1
G_1_A_42_1_1_comp1,P_1_A_42_1_1_comp1,R_1_A_42_1_1,TCDB,TCDB.1_A_42_1_1_comp1
G_9_A_14_3_2_comp1,P_9_A_14_3_2_comp1,R_9_A_14_3_2,TCDB,TCDB.9_A_14_3_2_comp1
G_2_A_1_4_2_comp1,P_2_A_1_4_2_comp1,R_2_A_1_4_2,TCDB,TCDB.2_A_1_4_2_comp1
G_2_A_38_2_1_comp1,P_2_A_38_2_1_comp1,R_2_A_38_2_1,TCDB,TCDB.2_A_38_2_1_comp1
G_9_B_450_1_1_comp1,P_9_B_450_1_1_comp1,R_9_B_450_1_1,TCDB,TCDB.9_B_450_1_1_comp1
G_8_A_204_1_1_comp1,P_8_A_204_1_1_comp1,R_8_A_204_1_1,TCDB,TCDB.8_A_204_1_1_comp1
G_3_A_1_206_1_comp1,P_3_A_1_206_1_comp1,R_3_A_1_206_1,TCDB,TCDB.3_A_1_206_1_comp1
G_1_A_61_1_2_comp1,P_1_A_61_1_2_comp1,R_1_A_61_1_2,TCDB,TCDB.1_A_61_1_2_comp1
G_1_A_61_1_1_comp1,P_1_A_61_1_1_comp1,R_1_A_61_1_1,TCDB,TCDB.1_A_61_1_1_comp1
G_8_A_23_1_12_comp1,P_8_A_23_1_12_comp1,R_8_A_23_1_12,TCDB,TCDB.8_A_23_1_12_comp1
G_3_D_4_4_1_comp1,P_3_D_4_4_1_comp1+3_D_4_4_1_comp2+3_D_4_4_1_comp3+3_D_4_4_1_comp4+3_D_4_4_1_comp5,R_3_D_4_4_1,TCDB,TCDB.3_D_4_4_1_comp1
G_3_D_4_4_1_comp2,P_3_D_4_4_1_comp1+3_D_4_4_1_comp2+3_D_4_4_1_comp3+3_D_4_4_1_comp4+3_D_4_4_1_comp5,R_3_D_4_4_1,TCDB,TCDB.3_D_4_4_1_comp2
G_3_D_4_4_1_comp3,P_3_D_4_4_1_comp1+3_D_4_4_1_comp2+3_D_4_4_1_comp3+3_D_4_4_1_comp4+3_D_4_4_1_comp5,R_3_D_4_4_1,TCDB,TCDB.3_D_4_4_1_comp3
G_3_D_4_4_1_comp4,P_3_D_4_4_1_comp1+3_D_4_4_1_comp2+3_D_4_4_1_comp3+3_D_4_4_1_comp4+3_D_4_4_1_comp5,R_3_D_4_4_1,TCDB,TCDB.3_D_4_4_1_comp4
G_3_D_4_4_1_comp5,P_3_D_4_4_1_comp1+3_D_4_4_1_comp2+3_D_4_4_1_comp3+3_D_4_4_1_comp4+3_D_4_4_1_comp5,R_3_D_4_4_1,TCDB,TCDB.3_D_4_4_1_comp5
G_1_B_14_1_20_comp1,P_1_B_14_1_20_comp1,R_1_B_14_1_20,TCDB,TCDB.1_B_14_1_20_comp1
G_1_C_20_1_1_comp1,P_1_C_20_1_1_comp1,R_1_C_20_1_1,TCDB,TCDB.1_C_20_1_1_comp1
G_2_A_1_3_1_comp1,P_2_A_1_3_1_comp1,R_2_A_1_3_1,TCDB,TCDB.2_A_1_3_1_comp1
G_1_C_12_1_7_comp1,P_1_C_12_1_7_comp1,R_1_C_12_1_7,TCDB,TCDB.1_C_12_1_7_comp1
G_8_A_58_1_1_comp1,P_8_A_58_1_1_comp1,R_8_A_58_1_1,TCDB,TCDB.8_A_58_1_1_comp1
G_2_A_1_1_6_comp1,P_2_A_1_1_6_comp1,R_2_A_1_1_6,TCDB,TCDB.2_A_1_1_6_comp1
G_9_B_387_2_1_comp1,P_9_B_387_2_1_comp1,R_9_B_387_2_1,TCDB,TCDB.9_B_387_2_1_comp1
G_1_W_8_1_1_comp1,P_1_W_8_1_1_comp1,R_1_W_8_1_1,TCDB,TCDB.1_W_8_1_1_comp1
G_1_C_42_1_1_comp1,P_1_C_42_1_1_comp1,R_1_C_42_1_1,TCDB,TCDB.1_C_42_1_1_comp1
G_9_A_16_1_2_comp1,P_9_A_16_1_2_comp1,R_9_A_16_1_2,TCDB,TCDB.9_A_16_1_2_comp1
G_8_B_6_2_1_comp1,P_8_B_6_2_1_comp1,R_8_B_6_2_1,TCDB,TCDB.8_B_6_2_1_comp1
G_1_B_17_2_2_comp1,P_1_B_17_2_2_comp1,R_1_B_17_2_2,TCDB,TCDB.1_B_17_2_2_comp1
G_2_A_6_1_2_comp1,P_2_A_6_1_2_comp1+2_A_6_1_2_comp2,R_2_A_6_1_2,TCDB,TCDB.2_A_6_1_2_comp1
G_2_A_6_1_2_comp2,P_2_A_6_1_2_comp1+2_A_6_1_2_comp2,R_2_A_6_1_2,TCDB,TCDB.2_A_6_1_2_comp2
G_2_A_4_1_1_comp1,P_2_A_4_1_1_comp1,R_2_A_4_1_1,TCDB,TCDB.2_A_4_1_1_comp1
G_3_A_1_201_4_comp1,P_3_A_1_201_4_comp1,R_3_A_1_201_4,TCDB,TCDB.3_A_1_201_4_comp1
G_3_A_1_202_1_comp1,P_3_A_1_202_1_comp1,R_3_A_1_202_1,TCDB,TCDB.3_A_1_202_1_comp1
G_3_A_3_2_3_comp1,P_3_A_3_2_3_comp1,R_3_A_3_2_3,TCDB,TCDB.3_A_3_2_3_comp1
G_3_A_3_9_1_comp1,P_3_A_3_9_1_comp1,R_3_A_3_9_1,TCDB,TCDB.3_A_3_9_1_comp1
G_8_A_23_1_49_comp1,P_8_A_23_1_49_comp1,R_8_A_23_1_49,TCDB,TCDB.8_A_23_1_49_comp1
G_1_C_39_3_3_comp1,P_1_C_39_3_3_comp1,R_1_C_39_3_3,TCDB,TCDB.1_C_39_3_3_comp1
G_1_C_16_1_4_comp1,P_1_C_16_1_4_comp1,R_1_C_16_1_4,TCDB,TCDB.1_C_16_1_4_comp1
G_8_A_132_2_1_comp1,P_8_A_132_2_1_comp1,R_8_A_132_2_1,TCDB,TCDB.8_A_132_2_1_comp1
G_2_A_33_1_1_comp1,P_2_A_33_1_1_comp1,R_2_A_33_1_1,TCDB,TCDB.2_A_33_1_1_comp1
G_9_A_14_5_1_comp1,P_9_A_14_5_1_comp1,R_9_A_14_5_1,TCDB,TCDB.9_A_14_5_1_comp1
G_1_B_6_1_2_comp1,P_1_B_6_1_2_comp1,R_1_B_6_1_2,TCDB,TCDB.1_B_6_1_2_comp1
G_2_A_21_3_1_comp1,P_2_A_21_3_1_comp1,R_2_A_21_3_1,TCDB,TCDB.2_A_21_3_1_comp1
G_1_E_53_1_11_comp1,P_1_E_53_1_11_comp1,R_1_E_53_1_11,TCDB,TCDB.1_E_53_1_11_comp1
G_4_D_1_1_16_comp1,P_4_D_1_1_16_comp1,R_4_D_1_1_16,TCDB,TCDB.4_D_1_1_16_comp1
G_2_A_7_18_1_comp1,P_2_A_7_18_1_comp1,R_2_A_7_18_1,TCDB,TCDB.2_A_7_18_1_comp1
G_1_C_34_1_1_comp1,P_1_C_34_1_1_comp1,R_1_C_34_1_1,TCDB,TCDB.1_C_34_1_1_comp1
G_1_C_34_2_1_comp1,P_1_C_34_2_1_comp1,R_1_C_34_2_1,TCDB,TCDB.1_C_34_2_1_comp1
G_1_C_39_2_8_comp1,P_1_C_39_2_8_comp1,R_1_C_39_2_8,TCDB,TCDB.1_C_39_2_8_comp1
G_1_B_12_2_1_comp1,P_1_B_12_2_1_comp1,R_1_B_12_2_1,TCDB,TCDB.1_B_12_2_1_comp1
G_2_A_51_1_3_comp1,P_2_A_51_1_3_comp1,R_2_A_51_1_3,TCDB,TCDB.2_A_51_1_3_comp1
G_2_A_7_1_1_comp1,P_2_A_7_1_1_comp1,R_2_A_7_1_1,TCDB,TCDB.2_A_7_1_1_comp1
G_1_G_3_1_7_comp1,P_1_G_3_1_7_comp1,R_1_G_3_1_7,TCDB,TCDB.1_G_3_1_7_comp1
G_1_G_3_1_1_comp1,P_1_G_3_1_1_comp1,R_1_G_3_1_1,TCDB,TCDB.1_G_3_1_1_comp1
G_9_B_12_3_1_comp1,P_9_B_12_3_1_comp1,R_9_B_12_3_1,TCDB,TCDB.9_B_12_3_1_comp1
G_9_A_14_3_10_comp1,P_9_A_14_3_10_comp1,R_9_A_14_3_10,TCDB,TCDB.9_A_14_3_10_comp1
G_1_C_13_1_1_comp1,P_1_C_13_1_1_comp1,R_1_C_13_1_1,TCDB,TCDB.1_C_13_1_1_comp1
G_1_C_17_1_4_comp1,P_1_C_17_1_4_comp1,R_1_C_17_1_4,TCDB,TCDB.1_C_17_1_4_comp1
G_2_A_1_1_80_comp1,P_2_A_1_1_80_comp1,R_2_A_1_1_80,TCDB,TCDB.2_A_1_1_80_comp1
G_9_B_423_1_1_comp1,P_9_B_423_1_1_comp1,R_9_B_423_1_1,TCDB,TCDB.9_B_423_1_1_comp1
G_1_B_33_3_1_comp1,P_1_B_33_3_1_comp1+1_B_33_3_1_comp2+1_B_33_3_1_comp3+1_B_33_3_1_comp4+1_B_33_3_1_comp5+1_B_33_3_1_comp6,R_1_B_33_3_1,TCDB,TCDB.1_B_33_3_1_comp1
G_1_B_33_3_1_comp2,P_1_B_33_3_1_comp1+1_B_33_3_1_comp2+1_B_33_3_1_comp3+1_B_33_3_1_comp4+1_B_33_3_1_comp5+1_B_33_3_1_comp6,R_1_B_33_3_1,TCDB,TCDB.1_B_33_3_1_comp2
G_1_B_33_3_1_comp3,P_1_B_33_3_1_comp1+1_B_33_3_1_comp2+1_B_33_3_1_comp3+1_B_33_3_1_comp4+1_B_33_3_1_comp5+1_B_33_3_1_comp6,R_1_B_33_3_1,TCDB,TCDB.1_B_33_3_1_comp3
G_1_B_33_3_1_comp4,P_1_B_33_3_1_comp1+1_B_33_3_1_comp2+1_B_33_3_1_comp3+1_B_33_3_1_comp4+1_B_33_3_1_comp5+1_B_33_3_1_comp6,R_1_B_33_3_1,TCDB,TCDB.1_B_33_3_1_comp4
G_1_B_33_3_1_comp5,P_1_B_33_3_1_comp1+1_B_33_3_1_comp2+1_B_33_3_1_comp3+1_B_33_3_1_comp4+1_B_33_3_1_comp5+1_B_33_3_1_comp6,R_1_B_33_3_1,TCDB,TCDB.1_B_33_3_1_comp5
G_1_B_33_3_1_comp6,P_1_B_33_3_1_comp1+1_B_33_3_1_comp2+1_B_33_3_1_comp3+1_B_33_3_1_comp4+1_B_33_3_1_comp5+1_B_33_3_1_comp6,R_1_B_33_3_1,TCDB,TCDB.1_B_33_3_1_comp6
G_3_A_1_208_18_comp1,P_3_A_1_208_18_comp1,R_3_A_1_208_18,TCDB,TCDB.3_A_1_208_18_comp1
G_8_A_23_1_11_comp1,P_8_A_23_1_11_comp1,R_8_A_23_1_11,TCDB,TCDB.8_A_23_1_11_comp1
G_8_A_152_1_1_comp1,P_8_A_152_1_1_comp1,R_8_A_152_1_1,TCDB,TCDB.8_A_152_1_1_comp1
G_1_A_9_5_4_comp1,P_1_A_9_5_4_comp1+1_A_9_5_4_comp2+1_A_9_5_4_comp3,R_1_A_9_5_4,TCDB,TCDB.1_A_9_5_4_comp1
G_1_A_9_5_4_comp2,P_1_A_9_5_4_comp1+1_A_9_5_4_comp2+1_A_9_5_4_comp3,R_1_A_9_5_4,TCDB,TCDB.1_A_9_5_4_comp2
G_1_A_9_5_4_comp3,P_1_A_9_5_4_comp1+1_A_9_5_4_comp2+1_A_9_5_4_comp3,R_1_A_9_5_4,TCDB,TCDB.1_A_9_5_4_comp3
G_3_A_1_14_1_comp1,P_3_A_1_14_1_comp1+3_A_1_14_1_comp2+3_A_1_14_1_comp3+3_A_1_14_1_comp4,R_3_A_1_14_1,TCDB,TCDB.3_A_1_14_1_comp1
G_3_A_1_14_1_comp2,P_3_A_1_14_1_comp1+3_A_1_14_1_comp2+3_A_1_14_1_comp3+3_A_1_14_1_comp4,R_3_A_1_14_1,TCDB,TCDB.3_A_1_14_1_comp2
G_3_A_1_14_1_comp3,P_3_A_1_14_1_comp1+3_A_1_14_1_comp2+3_A_1_14_1_comp3+3_A_1_14_1_comp4,R_3_A_1_14_1,TCDB,TCDB.3_A_1_14_1_comp3
G_3_A_1_14_1_comp4,P_3_A_1_14_1_comp1+3_A_1_14_1_comp2+3_A_1_14_1_comp3+3_A_1_14_1_comp4,R_3_A_1_14_1,TCDB,TCDB.3_A_1_14_1_comp4
G_8_A_23_1_48_comp1,P_8_A_23_1_48_comp1,R_8_A_23_1_48,TCDB,TCDB.8_A_23_1_48_comp1
G_1_C_33_1_4_comp1,P_1_C_33_1_4_comp1,R_1_C_33_1_4,TCDB,TCDB.1_C_33_1_4_comp1
G_1_C_11_1_4_comp1,P_1_C_11_1_4_comp1,R_1_C_11_1_4,TCDB,TCDB.1_C_11_1_4_comp1
G_1_C_75_1_1_comp1,P_1_C_75_1_1_comp1,R_1_C_75_1_1,TCDB,TCDB.1_C_75_1_1_comp1
G_1_B_20_1_1_comp1,P_1_B_20_1_1_comp1,R_1_B_20_1_1,TCDB,TCDB.1_B_20_1_1_comp1
G_9_B_92_1_1_comp1,P_9_B_92_1_1_comp1,R_9_B_92_1_1,TCDB,TCDB.9_B_92_1_1_comp1
G_2_A_1_14_4_comp1,P_2_A_1_14_4_comp1,R_2_A_1_14_4,TCDB,TCDB.2_A_1_14_4_comp1
G_1_C_11_1_2_comp1,P_1_C_11_1_2_comp1,R_1_C_11_1_2,TCDB,TCDB.1_C_11_1_2_comp1
G_2_A_3_10_3_comp1,P_2_A_3_10_3_comp1,R_2_A_3_10_3,TCDB,TCDB.2_A_3_10_3_comp1
G_8_A_10_1_1_comp1,P_8_A_10_1_1_comp1,R_8_A_10_1_1,TCDB,TCDB.8_A_10_1_1_comp1
G_4_A_1_2_10_comp1,P_4_A_1_2_10_comp1,R_4_A_1_2_10,TCDB,TCDB.4_A_1_2_10_comp1
G_1_A_9_5_1_comp1,P_1_A_9_5_1_comp1,R_1_A_9_5_1,TCDB,TCDB.1_A_9_5_1_comp1
G_1_C_116_1_1_comp1,P_1_C_116_1_1_comp1,R_1_C_116_1_1,TCDB,TCDB.1_C_116_1_1_comp1
G_1_C_79_1_3_comp1,P_1_C_79_1_3_comp1,R_1_C_79_1_3,TCDB,TCDB.1_C_79_1_3_comp1
G_1_C_79_1_1_comp1,P_1_C_79_1_1_comp1,R_1_C_79_1_1,TCDB,TCDB.1_C_79_1_1_comp1
G_3_A_15_1_1_comp1,P_3_A_15_1_1_comp1+3_A_15_1_1_comp2+3_A_15_1_1_comp3+3_A_15_1_1_comp4+3_A_15_1_1_comp5+3_A_15_1_1_comp6+3_A_15_1_1_comp7+3_A_15_1_1_comp8+3_A_15_1_1_comp9+3_A_15_1_1_comp10+3_A_15_1_1_comp11+3_A_15_1_1_comp12,R_3_A_15_1_1,TCDB,TCDB.3_A_15_1_1_comp1
G_3_A_15_1_1_comp2,P_3_A_15_1_1_comp1+3_A_15_1_1_comp2+3_A_15_1_1_comp3+3_A_15_1_1_comp4+3_A_15_1_1_comp5+3_A_15_1_1_comp6+3_A_15_1_1_comp7+3_A_15_1_1_comp8+3_A_15_1_1_comp9+3_A_15_1_1_comp10+3_A_15_1_1_comp11+3_A_15_1_1_comp12,R_3_A_15_1_1,TCDB,TCDB.3_A_15_1_1_comp2
G_3_A_15_1_1_comp3,P_3_A_15_1_1_comp1+3_A_15_1_1_comp2+3_A_15_1_1_comp3+3_A_15_1_1_comp4+3_A_15_1_1_comp5+3_A_15_1_1_comp6+3_A_15_1_1_comp7+3_A_15_1_1_comp8+3_A_15_1_1_comp9+3_A_15_1_1_comp10+3_A_15_1_1_comp11+3_A_15_1_1_comp12,R_3_A_15_1_1,TCDB,TCDB.3_A_15_1_1_comp3
G_3_A_15_1_1_comp4,P_3_A_15_1_1_comp1+3_A_15_1_1_comp2+3_A_15_1_1_comp3+3_A_15_1_1_comp4+3_A_15_1_1_comp5+3_A_15_1_1_comp6+3_A_15_1_1_comp7+3_A_15_1_1_comp8+3_A_15_1_1_comp9+3_A_15_1_1_comp10+3_A_15_1_1_comp11+3_A_15_1_1_comp12,R_3_A_15_1_1,TCDB,TCDB.3_A_15_1_1_comp4
G_3_A_15_1_1_comp5,P_3_A_15_1_1_comp1+3_A_15_1_1_comp2+3_A_15_1_1_comp3+3_A_15_1_1_comp4+3_A_15_1_1_comp5+3_A_15_1_1_comp6+3_A_15_1_1_comp7+3_A_15_1_1_comp8+3_A_15_1_1_comp9+3_A_15_1_1_comp10+3_A_15_1_1_comp11+3_A_15_1_1_comp12,R_3_A_15_1_1,TCDB,TCDB.3_A_15_1_1_comp5
G_3_A_15_1_1_comp6,P_3_A_15_1_1_comp1+3_A_15_1_1_comp2+3_A_15_1_1_comp3+3_A_15_1_1_comp4+3_A_15_1_1_comp5+3_A_15_1_1_comp6+3_A_15_1_1_comp7+3_A_15_1_1_comp8+3_A_15_1_1_comp9+3_A_15_1_1_comp10+3_A_15_1_1_comp11+3_A_15_1_1_comp12,R_3_A_15_1_1,TCDB,TCDB.3_A_15_1_1_comp6
G_3_A_15_1_1_comp7,P_3_A_15_1_1_comp1+3_A_15_1_1_comp2+3_A_15_1_1_comp3+3_A_15_1_1_comp4+3_A_15_1_1_comp5+3_A_15_1_1_comp6+3_A_15_1_1_comp7+3_A_15_1_1_comp8+3_A_15_1_1_comp9+3_A_15_1_1_comp10+3_A_15_1_1_comp11+3_A_15_1_1_comp12,R_3_A_15_1_1,TCDB,TCDB.3_A_15_1_1_comp7
G_3_A_15_1_1_comp8,P_3_A_15_1_1_comp1+3_A_15_1_1_comp2+3_A_15_1_1_comp3+3_A_15_1_1_comp4+3_A_15_1_1_comp5+3_A_15_1_1_comp6+3_A_15_1_1_comp7+3_A_15_1_1_comp8+3_A_15_1_1_comp9+3_A_15_1_1_comp10+3_A_15_1_1_comp11+3_A_15_1_1_comp12,R_3_A_15_1_1,TCDB,TCDB.3_A_15_1_1_comp8
G_3_A_15_1_1_comp9,P_3_A_15_1_1_comp1+3_A_15_1_1_comp2+3_A_15_1_1_comp3+3_A_15_1_1_comp4+3_A_15_1_1_comp5+3_A_15_1_1_comp6+3_A_15_1_1_comp7+3_A_15_1_1_comp8+3_A_15_1_1_comp9+3_A_15_1_1_comp10+3_A_15_1_1_comp11+3_A_15_1_1_comp12,R_3_A_15_1_1,TCDB,TCDB.3_A_15_1_1_comp9
G_3_A_15_1_1_comp10,P_3_A_15_1_1_comp1+3_A_15_1_1_comp2+3_A_15_1_1_comp3+3_A_15_1_1_comp4+3_A_15_1_1_comp5+3_A_15_1_1_comp6+3_A_15_1_1_comp7+3_A_15_1_1_comp8+3_A_15_1_1_comp9+3_A_15_1_1_comp10+3_A_15_1_1_comp11+3_A_15_1_1_comp12,R_3_A_15_1_1,TCDB,TCDB.3_A_15_1_1_comp10
G_3_A_15_1_1_comp11,P_3_A_15_1_1_comp1+3_A_15_1_1_comp2+3_A_15_1_1_comp3+3_A_15_1_1_comp4+3_A_15_1_1_comp5+3_A_15_1_1_comp6+3_A_15_1_1_comp7+3_A_15_1_1_comp8+3_A_15_1_1_comp9+3_A_15_1_1_comp10+3_A_15_1_1_comp11+3_A_15_1_1_comp12,R_3_A_15_1_1,TCDB,TCDB.3_A_15_1_1_comp11
G_3_A_15_1_1_comp12,P_3_A_15_1_1_comp1+3_A_15_1_1_comp2+3_A_15_1_1_comp3+3_A_15_1_1_comp4+3_A_15_1_1_comp5+3_A_15_1_1_comp6+3_A_15_1_1_comp7+3_A_15_1_1_comp8+3_A_15_1_1_comp9+3_A_15_1_1_comp10+3_A_15_1_1_comp11+3_A_15_1_1_comp12,R_3_A_15_1_1,TCDB,TCDB.3_A_15_1_1_comp12
G_1_B_22_1_1_comp1,P_1_B_22_1_1_comp1,R_1_B_22_1_1,TCDB,TCDB.1_B_22_1_1_comp1
G_3_E_1_2_2_comp1,P_3_E_1_2_2_comp1,R_3_E_1_2_2,TCDB,TCDB.3_E_1_2_2_comp1
G_2_A_1_1_10_comp1,P_2_A_1_1_10_comp1,R_2_A_1_1_10,TCDB,TCDB.2_A_1_1_10_comp1
G_2_A_1_1_14_comp1,P_2_A_1_1_14_comp1,R_2_A_1_1_14,TCDB,TCDB.2_A_1_1_14_comp1
G_2_A_10_1_1_comp1,P_2_A_10_1_1_comp1,R_2_A_10_1_1,TCDB,TCDB.2_A_10_1_1_comp1
G_2_A_20_2_1_comp1,P_2_A_20_2_1_comp1,R_2_A_20_2_1,TCDB,TCDB.2_A_20_2_1_comp1
G_2_A_1_1_32_comp1,P_2_A_1_1_32_comp1,R_2_A_1_1_32,TCDB,TCDB.2_A_1_1_32_comp1
G_1_B_23_1_25_comp1,P_1_B_23_1_25_comp1,R_1_B_23_1_25,TCDB,TCDB.1_B_23_1_25_comp1
G_8_A_66_1_9_comp1,P_8_A_66_1_9_comp1,R_8_A_66_1_9,TCDB,TCDB.8_A_66_1_9_comp1
G_8_B_6_1_3_comp1,P_8_B_6_1_3_comp1,R_8_B_6_1_3,TCDB,TCDB.8_B_6_1_3_comp1
G_2_A_3_1_3_comp1,P_2_A_3_1_3_comp1,R_2_A_3_1_3,TCDB,TCDB.2_A_3_1_3_comp1
G_8_A_85_1_6_comp1,P_8_A_85_1_6_comp1,R_8_A_85_1_6,TCDB,TCDB.8_A_85_1_6_comp1
G_9_B_87_1_31_comp1,P_9_B_87_1_31_comp1,R_9_B_87_1_31,TCDB,TCDB.9_B_87_1_31_comp1
G_3_E_1_2_1_comp1,P_3_E_1_2_1_comp1,R_3_E_1_2_1,TCDB,TCDB.3_E_1_2_1_comp1
G_3_A_2_2_3_comp1,P_3_A_2_2_3_comp1+3_A_2_2_3_comp2+3_A_2_2_3_comp3+3_A_2_2_3_comp4+3_A_2_2_3_comp5+3_A_2_2_3_comp6+3_A_2_2_3_comp7+3_A_2_2_3_comp8+3_A_2_2_3_comp9+3_A_2_2_3_comp10+3_A_2_2_3_comp11+3_A_2_2_3_comp12+3_A_2_2_3_comp13+3_A_2_2_3_comp14+3_A_2_2_3_comp15,R_3_A_2_2_3,TCDB,TCDB.3_A_2_2_3_comp1
G_3_A_2_2_3_comp2,P_3_A_2_2_3_comp1+3_A_2_2_3_comp2+3_A_2_2_3_comp3+3_A_2_2_3_comp4+3_A_2_2_3_comp5+3_A_2_2_3_comp6+3_A_2_2_3_comp7+3_A_2_2_3_comp8+3_A_2_2_3_comp9+3_A_2_2_3_comp10+3_A_2_2_3_comp11+3_A_2_2_3_comp12+3_A_2_2_3_comp13+3_A_2_2_3_comp14+3_A_2_2_3_comp15,R_3_A_2_2_3,TCDB,TCDB.3_A_2_2_3_comp2
G_3_A_2_2_3_comp3,P_3_A_2_2_3_comp1+3_A_2_2_3_comp2+3_A_2_2_3_comp3+3_A_2_2_3_comp4+3_A_2_2_3_comp5+3_A_2_2_3_comp6+3_A_2_2_3_comp7+3_A_2_2_3_comp8+3_A_2_2_3_comp9+3_A_2_2_3_comp10+3_A_2_2_3_comp11+3_A_2_2_3_comp12+3_A_2_2_3_comp13+3_A_2_2_3_comp14+3_A_2_2_3_comp15,R_3_A_2_2_3,TCDB,TCDB.3_A_2_2_3_comp3
G_3_A_2_2_3_comp4,P_3_A_2_2_3_comp1+3_A_2_2_3_comp2+3_A_2_2_3_comp3+3_A_2_2_3_comp4+3_A_2_2_3_comp5+3_A_2_2_3_comp6+3_A_2_2_3_comp7+3_A_2_2_3_comp8+3_A_2_2_3_comp9+3_A_2_2_3_comp10+3_A_2_2_3_comp11+3_A_2_2_3_comp12+3_A_2_2_3_comp13+3_A_2_2_3_comp14+3_A_2_2_3_comp15,R_3_A_2_2_3,TCDB,TCDB.3_A_2_2_3_comp4
G_3_A_2_2_3_comp5,P_3_A_2_2_3_comp1+3_A_2_2_3_comp2+3_A_2_2_3_comp3+3_A_2_2_3_comp4+3_A_2_2_3_comp5+3_A_2_2_3_comp6+3_A_2_2_3_comp7+3_A_2_2_3_comp8+3_A_2_2_3_comp9+3_A_2_2_3_comp10+3_A_2_2_3_comp11+3_A_2_2_3_comp12+3_A_2_2_3_comp13+3_A_2_2_3_comp14+3_A_2_2_3_comp15,R_3_A_2_2_3,TCDB,TCDB.3_A_2_2_3_comp5
G_3_A_2_2_3_comp6,P_3_A_2_2_3_comp1+3_A_2_2_3_comp2+3_A_2_2_3_comp3+3_A_2_2_3_comp4+3_A_2_2_3_comp5+3_A_2_2_3_comp6+3_A_2_2_3_comp7+3_A_2_2_3_comp8+3_A_2_2_3_comp9+3_A_2_2_3_comp10+3_A_2_2_3_comp11+3_A_2_2_3_comp12+3_A_2_2_3_comp13+3_A_2_2_3_comp14+3_A_2_2_3_comp15,R_3_A_2_2_3,TCDB,TCDB.3_A_2_2_3_comp6
G_3_A_2_2_3_comp7,P_3_A_2_2_3_comp1+3_A_2_2_3_comp2+3_A_2_2_3_comp3+3_A_2_2_3_comp4+3_A_2_2_3_comp5+3_A_2_2_3_comp6+3_A_2_2_3_comp7+3_A_2_2_3_comp8+3_A_2_2_3_comp9+3_A_2_2_3_comp10+3_A_2_2_3_comp11+3_A_2_2_3_comp12+3_A_2_2_3_comp13+3_A_2_2_3_comp14+3_A_2_2_3_comp15,R_3_A_2_2_3,TCDB,TCDB.3_A_2_2_3_comp7
G_3_A_2_2_3_comp8,P_3_A_2_2_3_comp1+3_A_2_2_3_comp2+3_A_2_2_3_comp3+3_A_2_2_3_comp4+3_A_2_2_3_comp5+3_A_2_2_3_comp6+3_A_2_2_3_comp7+3_A_2_2_3_comp8+3_A_2_2_3_comp9+3_A_2_2_3_comp10+3_A_2_2_3_comp11+3_A_2_2_3_comp12+3_A_2_2_3_comp13+3_A_2_2_3_comp14+3_A_2_2_3_comp15,R_3_A_2_2_3,TCDB,TCDB.3_A_2_2_3_comp8
G_3_A_2_2_3_comp9,P_3_A_2_2_3_comp1+3_A_2_2_3_comp2+3_A_2_2_3_comp3+3_A_2_2_3_comp4+3_A_2_2_3_comp5+3_A_2_2_3_comp6+3_A_2_2_3_comp7+3_A_2_2_3_comp8+3_A_2_2_3_comp9+3_A_2_2_3_comp10+3_A_2_2_3_comp11+3_A_2_2_3_comp12+3_A_2_2_3_comp13+3_A_2_2_3_comp14+3_A_2_2_3_comp15,R_3_A_2_2_3,TCDB,TCDB.3_A_2_2_3_comp9
G_3_A_2_2_3_comp10,P_3_A_2_2_3_comp1+3_A_2_2_3_comp2+3_A_2_2_3_comp3+3_A_2_2_3_comp4+3_A_2_2_3_comp5+3_A_2_2_3_comp6+3_A_2_2_3_comp7+3_A_2_2_3_comp8+3_A_2_2_3_comp9+3_A_2_2_3_comp10+3_A_2_2_3_comp11+3_A_2_2_3_comp12+3_A_2_2_3_comp13+3_A_2_2_3_comp14+3_A_2_2_3_comp15,R_3_A_2_2_3,TCDB,TCDB.3_A_2_2_3_comp10
G_3_A_2_2_3_comp11,P_3_A_2_2_3_comp1+3_A_2_2_3_comp2+3_A_2_2_3_comp3+3_A_2_2_3_comp4+3_A_2_2_3_comp5+3_A_2_2_3_comp6+3_A_2_2_3_comp7+3_A_2_2_3_comp8+3_A_2_2_3_comp9+3_A_2_2_3_comp10+3_A_2_2_3_comp11+3_A_2_2_3_comp12+3_A_2_2_3_comp13+3_A_2_2_3_comp14+3_A_2_2_3_comp15,R_3_A_2_2_3,TCDB,TCDB.3_A_2_2_3_comp11
G_3_A_2_2_3_comp12,P_3_A_2_2_3_comp1+3_A_2_2_3_comp2+3_A_2_2_3_comp3+3_A_2_2_3_comp4+3_A_2_2_3_comp5+3_A_2_2_3_comp6+3_A_2_2_3_comp7+3_A_2_2_3_comp8+3_A_2_2_3_comp9+3_A_2_2_3_comp10+3_A_2_2_3_comp11+3_A_2_2_3_comp12+3_A_2_2_3_comp13+3_A_2_2_3_comp14+3_A_2_2_3_comp15,R_3_A_2_2_3,TCDB,TCDB.3_A_2_2_3_comp12
G_3_A_2_2_3_comp13,P_3_A_2_2_3_comp1+3_A_2_2_3_comp2+3_A_2_2_3_comp3+3_A_2_2_3_comp4+3_A_2_2_3_comp5+3_A_2_2_3_comp6+3_A_2_2_3_comp7+3_A_2_2_3_comp8+3_A_2_2_3_comp9+3_A_2_2_3_comp10+3_A_2_2_3_comp11+3_A_2_2_3_comp12+3_A_2_2_3_comp13+3_A_2_2_3_comp14+3_A_2_2_3_comp15,R_3_A_2_2_3,TCDB,TCDB.3_A_2_2_3_comp13
G_3_A_2_2_3_comp14,P_3_A_2_2_3_comp1+3_A_2_2_3_comp2+3_A_2_2_3_comp3+3_A_2_2_3_comp4+3_A_2_2_3_comp5+3_A_2_2_3_comp6+3_A_2_2_3_comp7+3_A_2_2_3_comp8+3_A_2_2_3_comp9+3_A_2_2_3_comp10+3_A_2_2_3_comp11+3_A_2_2_3_comp12+3_A_2_2_3_comp13+3_A_2_2_3_comp14+3_A_2_2_3_comp15,R_3_A_2_2_3,TCDB,TCDB.3_A_2_2_3_comp14
G_3_A_2_2_3_comp15,P_3_A_2_2_3_comp1+3_A_2_2_3_comp2+3_A_2_2_3_comp3+3_A_2_2_3_comp4+3_A_2_2_3_comp5+3_A_2_2_3_comp6+3_A_2_2_3_comp7+3_A_2_2_3_comp8+3_A_2_2_3_comp9+3_A_2_2_3_comp10+3_A_2_2_3_comp11+3_A_2_2_3_comp12+3_A_2_2_3_comp13+3_A_2_2_3_comp14+3_A_2_2_3_comp15,R_3_A_2_2_3,TCDB,TCDB.3_A_2_2_3_comp15
G_2_A_94_1_7_comp1,P_2_A_94_1_7_comp1,R_2_A_94_1_7,TCDB,TCDB.2_A_94_1_7_comp1
G_1_E_19_3_1_comp1,P_1_E_19_3_1_comp1,R_1_E_19_3_1,TCDB,TCDB.1_E_19_3_1_comp1
G_1_C_57_1_2_comp1,P_1_C_57_1_2_comp1,R_1_C_57_1_2,TCDB,TCDB.1_C_57_1_2_comp1
G_8_A_28_1_2_comp1,P_8_A_28_1_2_comp1,R_8_A_28_1_2,TCDB,TCDB.8_A_28_1_2_comp1
G_1_A_32_1_1_comp1,P_1_A_32_1_1_comp1,R_1_A_32_1_1,TCDB,TCDB.1_A_32_1_1_comp1
G_8_A_23_1_66_comp1,P_8_A_23_1_66_comp1,R_8_A_23_1_66,TCDB,TCDB.8_A_23_1_66_comp1
G_2_A_21_1_1_comp1,P_2_A_21_1_1_comp1,R_2_A_21_1_1,TCDB,TCDB.2_A_21_1_1_comp1
G_2_A_29_12_3_comp1,P_2_A_29_12_3_comp1,R_2_A_29_12_3,TCDB,TCDB.2_A_29_12_3_comp1
G_9_A_73_3_1_comp1,P_9_A_73_3_1_comp1,R_9_A_73_3_1,TCDB,TCDB.9_A_73_3_1_comp1
G_1_A_1_2_10_comp1,P_1_A_1_2_10_comp1,R_1_A_1_2_10,TCDB,TCDB.1_A_1_2_10_comp1
G_1_C_11_1_7_comp1,P_1_C_11_1_7_comp1,R_1_C_11_1_7,TCDB,TCDB.1_C_11_1_7_comp1
G_1_B_20_1_2_comp1,P_1_B_20_1_2_comp1,R_1_B_20_1_2,TCDB,TCDB.1_B_20_1_2_comp1
G_8_A_152_2_8_comp1,P_8_A_152_2_8_comp1,R_8_A_152_2_8,TCDB,TCDB.8_A_152_2_8_comp1
G_9_A_14_1_21_comp1,P_9_A_14_1_21_comp1,R_9_A_14_1_21,TCDB,TCDB.9_A_14_1_21_comp1
G_2_A_1_6_1_comp1,P_2_A_1_6_1_comp1,R_2_A_1_6_1,TCDB,TCDB.2_A_1_6_1_comp1
G_2_A_1_5_2_comp1,P_2_A_1_5_2_comp1,R_2_A_1_5_2,TCDB,TCDB.2_A_1_5_2_comp1
G_8_A_87_3_1_comp1,P_8_A_87_3_1_comp1,R_8_A_87_3_1,TCDB,TCDB.8_A_87_3_1_comp1
G_8_A_23_1_4_comp1,P_8_A_23_1_4_comp1,R_8_A_23_1_4,TCDB,TCDB.8_A_23_1_4_comp1
G_3_A_3_2_7_comp1,P_3_A_3_2_7_comp1,R_3_A_3_2_7,TCDB,TCDB.3_A_3_2_7_comp1
G_9_B_39_1_4_comp1,P_9_B_39_1_4_comp1,R_9_B_39_1_4,TCDB,TCDB.9_B_39_1_4_comp1
G_3_A_1_9_1_comp1,P_3_A_1_9_1_comp1+3_A_1_9_1_comp2+3_A_1_9_1_comp3,R_3_A_1_9_1,TCDB,TCDB.3_A_1_9_1_comp1
G_3_A_1_9_1_comp2,P_3_A_1_9_1_comp1+3_A_1_9_1_comp2+3_A_1_9_1_comp3,R_3_A_1_9_1,TCDB,TCDB.3_A_1_9_1_comp2
G_3_A_1_9_1_comp3,P_3_A_1_9_1_comp1+3_A_1_9_1_comp2+3_A_1_9_1_comp3,R_3_A_1_9_1,TCDB,TCDB.3_A_1_9_1_comp3
G_9_B_410_2_5_comp1,P_9_B_410_2_5_comp1,R_9_B_410_2_5,TCDB,TCDB.9_B_410_2_5_comp1
G_1_B_14_1_1_comp1,P_1_B_14_1_1_comp1,R_1_B_14_1_1,TCDB,TCDB.1_B_14_1_1_comp1
G_8_A_152_1_11_comp1,P_8_A_152_1_11_comp1,R_8_A_152_1_11,TCDB,TCDB.8_A_152_1_11_comp1
G_2_A_39_2_1_comp1,P_2_A_39_2_1_comp1,R_2_A_39_2_1,TCDB,TCDB.2_A_39_2_1_comp1
G_8_A_132_1_1_comp1,P_8_A_132_1_1_comp1,R_8_A_132_1_1,TCDB,TCDB.8_A_132_1_1_comp1
G_1_C_40_1_1_comp1,P_1_C_40_1_1_comp1,R_1_C_40_1_1,TCDB,TCDB.1_C_40_1_1_comp1
G_1_C_32_1_3_comp1,P_1_C_32_1_3_comp1,R_1_C_32_1_3,TCDB,TCDB.1_C_32_1_3_comp1
G_2_A_43_1_3_comp1,P_2_A_43_1_3_comp1,R_2_A_43_1_3,TCDB,TCDB.2_A_43_1_3_comp1
G_1_A_24_1_16_comp1,P_1_A_24_1_16_comp1,R_1_A_24_1_16,TCDB,TCDB.1_A_24_1_16_comp1
G_1_B_14_1_4_comp1,P_1_B_14_1_4_comp1,R_1_B_14_1_4,TCDB,TCDB.1_B_14_1_4_comp1
G_4_A_3_2_1_comp1,P_4_A_3_2_1_comp1+4_A_3_2_1_comp2+4_A_3_2_1_comp3,R_4_A_3_2_1,TCDB,TCDB.4_A_3_2_1_comp1
G_4_A_3_2_1_comp2,P_4_A_3_2_1_comp1+4_A_3_2_1_comp2+4_A_3_2_1_comp3,R_4_A_3_2_1,TCDB,TCDB.4_A_3_2_1_comp2
G_4_A_3_2_1_comp3,P_4_A_3_2_1_comp1+4_A_3_2_1_comp2+4_A_3_2_1_comp3,R_4_A_3_2_1,TCDB,TCDB.4_A_3_2_1_comp3
G_3_D_10_1_3_comp1,P_3_D_10_1_3_comp1+3_D_10_1_3_comp2+3_D_10_1_3_comp3,R_3_D_10_1_3,TCDB,TCDB.3_D_10_1_3_comp1
G_3_D_10_1_3_comp2,P_3_D_10_1_3_comp1+3_D_10_1_3_comp2+3_D_10_1_3_comp3,R_3_D_10_1_3,TCDB,TCDB.3_D_10_1_3_comp2
G_3_D_10_1_3_comp3,P_3_D_10_1_3_comp1+3_D_10_1_3_comp2+3_D_10_1_3_comp3,R_3_D_10_1_3,TCDB,TCDB.3_D_10_1_3_comp3
G_1_C_57_3_1_comp1,P_1_C_57_3_1_comp1,R_1_C_57_3_1,TCDB,TCDB.1_C_57_3_1_comp1
G_1_G_15_1_1_comp1,P_1_G_15_1_1_comp1,R_1_G_15_1_1,TCDB,TCDB.1_G_15_1_1_comp1
G_9_B_451_1_1_comp1,P_9_B_451_1_1_comp1,R_9_B_451_1_1,TCDB,TCDB.9_B_451_1_1_comp1
G_2_A_51_1_1_comp1,P_2_A_51_1_1_comp1,R_2_A_51_1_1,TCDB,TCDB.2_A_51_1_1_comp1
G_2_A_1_17_1_comp1,P_2_A_1_17_1_comp1,R_2_A_1_17_1,TCDB,TCDB.2_A_1_17_1_comp1
G_1_A_85_1_6_comp1,P_1_A_85_1_6_comp1,R_1_A_85_1_6,TCDB,TCDB.1_A_85_1_6_comp1
G_9_B_423_1_2_comp1,P_9_B_423_1_2_comp1,R_9_B_423_1_2,TCDB,TCDB.9_B_423_1_2_comp1
G_1_A_1_2_29_comp1,P_1_A_1_2_29_comp1,R_1_A_1_2_29,TCDB,TCDB.1_A_1_2_29_comp1
G_1_A_71_2_1_comp1,P_1_A_71_2_1_comp1,R_1_A_71_2_1,TCDB,TCDB.1_A_71_2_1_comp1
G_8_A_128_1_13_comp1,P_8_A_128_1_13_comp1,R_8_A_128_1_13,TCDB,TCDB.8_A_128_1_13_comp1
G_1_C_49_1_1_comp1,P_1_C_49_1_1_comp1,R_1_C_49_1_1,TCDB,TCDB.1_C_49_1_1_comp1
G_1_A_9_1_6_comp1,P_1_A_9_1_6_comp1+1_A_9_1_6_comp2,R_1_A_9_1_6,TCDB,TCDB.1_A_9_1_6_comp1
G_1_A_9_1_6_comp2,P_1_A_9_1_6_comp1+1_A_9_1_6_comp2,R_1_A_9_1_6,TCDB,TCDB.1_A_9_1_6_comp2
G_9_B_9_1_14_comp1,P_9_B_9_1_14_comp1,R_9_B_9_1_14,TCDB,TCDB.9_B_9_1_14_comp1
G_1_A_1_2_1_comp1,P_1_A_1_2_1_comp1,R_1_A_1_2_1,TCDB,TCDB.1_A_1_2_1_comp1
G_1_A_1_2_3_comp1,P_1_A_1_2_3_comp1,R_1_A_1_2_3,TCDB,TCDB.1_A_1_2_3_comp1
G_1_A_1_2_2_comp1,P_1_A_1_2_2_comp1,R_1_A_1_2_2,TCDB,TCDB.1_A_1_2_2_comp1
G_8_B_24_3_1_comp1,P_8_B_24_3_1_comp1,R_8_B_24_3_1,TCDB,TCDB.8_B_24_3_1_comp1
G_1_C_36_3_1_comp1,P_1_C_36_3_1_comp1+1_C_36_3_1_comp2+1_C_36_3_1_comp3,R_1_C_36_3_1,TCDB,TCDB.1_C_36_3_1_comp1
G_1_C_36_3_1_comp2,P_1_C_36_3_1_comp1+1_C_36_3_1_comp2+1_C_36_3_1_comp3,R_1_C_36_3_1,TCDB,TCDB.1_C_36_3_1_comp2
G_1_C_36_3_1_comp3,P_1_C_36_3_1_comp1+1_C_36_3_1_comp2+1_C_36_3_1_comp3,R_1_C_36_3_1,TCDB,TCDB.1_C_36_3_1_comp3
G_8_A_92_1_2_comp1,P_8_A_92_1_2_comp1+8_A_92_1_2_comp2+8_A_92_1_2_comp3+8_A_92_1_2_comp4,R_8_A_92_1_2,TCDB,TCDB.8_A_92_1_2_comp1
G_8_A_92_1_2_comp2,P_8_A_92_1_2_comp1+8_A_92_1_2_comp2+8_A_92_1_2_comp3+8_A_92_1_2_comp4,R_8_A_92_1_2,TCDB,TCDB.8_A_92_1_2_comp2
G_8_A_92_1_2_comp3,P_8_A_92_1_2_comp1+8_A_92_1_2_comp2+8_A_92_1_2_comp3+8_A_92_1_2_comp4,R_8_A_92_1_2,TCDB,TCDB.8_A_92_1_2_comp3
G_8_A_92_1_2_comp4,P_8_A_92_1_2_comp1+8_A_92_1_2_comp2+8_A_92_1_2_comp3+8_A_92_1_2_comp4,R_8_A_92_1_2,TCDB,TCDB.8_A_92_1_2_comp4
G_1_A_8_2_1_comp1,P_1_A_8_2_1_comp1,R_1_A_8_2_1,TCDB,TCDB.1_A_8_2_1_comp1
G_1_C_57_1_1_comp1,P_1_C_57_1_1_comp1,R_1_C_57_1_1,TCDB,TCDB.1_C_57_1_1_comp1
G_2_A_29_1_9_comp1,P_2_A_29_1_9_comp1,R_2_A_29_1_9,TCDB,TCDB.2_A_29_1_9_comp1
G_2_A_29_1_7_comp1,P_2_A_29_1_7_comp1,R_2_A_29_1_7,TCDB,TCDB.2_A_29_1_7_comp1
G_2_A_3_2_3_comp1,P_2_A_3_2_3_comp1,R_2_A_3_2_3,TCDB,TCDB.2_A_3_2_3_comp1
G_1_C_47_1_3_comp1,P_1_C_47_1_3_comp1,R_1_C_47_1_3,TCDB,TCDB.1_C_47_1_3_comp1
G_1_B_8_6_1_comp1,P_1_B_8_6_1_comp1,R_1_B_8_6_1,TCDB,TCDB.1_B_8_6_1_comp1
G_9_A_58_1_1_comp1,P_9_A_58_1_1_comp1+9_A_58_1_1_comp2+9_A_58_1_1_comp3+9_A_58_1_1_comp4,R_9_A_58_1_1,TCDB,TCDB.9_A_58_1_1_comp1
G_9_A_58_1_1_comp2,P_9_A_58_1_1_comp1+9_A_58_1_1_comp2+9_A_58_1_1_comp3+9_A_58_1_1_comp4,R_9_A_58_1_1,TCDB,TCDB.9_A_58_1_1_comp2
G_9_A_58_1_1_comp3,P_9_A_58_1_1_comp1+9_A_58_1_1_comp2+9_A_58_1_1_comp3+9_A_58_1_1_comp4,R_9_A_58_1_1,TCDB,TCDB.9_A_58_1_1_comp3
G_9_A_58_1_1_comp4,P_9_A_58_1_1_comp1+9_A_58_1_1_comp2+9_A_58_1_1_comp3+9_A_58_1_1_comp4,R_9_A_58_1_1,TCDB,TCDB.9_A_58_1_1_comp4
G_1_C_40_1_2_comp1,P_1_C_40_1_2_comp1,R_1_C_40_1_2,TCDB,TCDB.1_C_40_1_2_comp1
G_2_A_6_6_2_comp1,P_2_A_6_6_2_comp1,R_2_A_6_6_2,TCDB,TCDB.2_A_6_6_2_comp1
G_8_B_4_1_7_comp1,P_8_B_4_1_7_comp1,R_8_B_4_1_7,TCDB,TCDB.8_B_4_1_7_comp1
G_9_A_14_16_5_comp1,P_9_A_14_16_5_comp1,R_9_A_14_16_5,TCDB,TCDB.9_A_14_16_5_comp1
G_1_A_11_4_3_comp1,P_1_A_11_4_3_comp1+1_A_11_4_3_comp2+1_A_11_4_3_comp3,R_1_A_11_4_3,TCDB,TCDB.1_A_11_4_3_comp1
G_1_A_11_4_3_comp2,P_1_A_11_4_3_comp1+1_A_11_4_3_comp2+1_A_11_4_3_comp3,R_1_A_11_4_3,TCDB,TCDB.1_A_11_4_3_comp2
G_1_A_11_4_3_comp3,P_1_A_11_4_3_comp1+1_A_11_4_3_comp2+1_A_11_4_3_comp3,R_1_A_11_4_3,TCDB,TCDB.1_A_11_4_3_comp3
G_2_A_3_3_2_comp1,P_2_A_3_3_2_comp1,R_2_A_3_3_2,TCDB,TCDB.2_A_3_3_2_comp1
G_1_F_1_1_2_comp1,P_1_F_1_1_2_comp1+1_F_1_1_2_comp2+1_F_1_1_2_comp3+1_F_1_1_2_comp4+1_F_1_1_2_comp5+1_F_1_1_2_comp6+1_F_1_1_2_comp7+1_F_1_1_2_comp8,R_1_F_1_1_2,TCDB,TCDB.1_F_1_1_2_comp1
G_1_F_1_1_2_comp2,P_1_F_1_1_2_comp1+1_F_1_1_2_comp2+1_F_1_1_2_comp3+1_F_1_1_2_comp4+1_F_1_1_2_comp5+1_F_1_1_2_comp6+1_F_1_1_2_comp7+1_F_1_1_2_comp8,R_1_F_1_1_2,TCDB,TCDB.1_F_1_1_2_comp2
G_1_F_1_1_2_comp3,P_1_F_1_1_2_comp1+1_F_1_1_2_comp2+1_F_1_1_2_comp3+1_F_1_1_2_comp4+1_F_1_1_2_comp5+1_F_1_1_2_comp6+1_F_1_1_2_comp7+1_F_1_1_2_comp8,R_1_F_1_1_2,TCDB,TCDB.1_F_1_1_2_comp3
G_1_F_1_1_2_comp4,P_1_F_1_1_2_comp1+1_F_1_1_2_comp2+1_F_1_1_2_comp3+1_F_1_1_2_comp4+1_F_1_1_2_comp5+1_F_1_1_2_comp6+1_F_1_1_2_comp7+1_F_1_1_2_comp8,R_1_F_1_1_2,TCDB,TCDB.1_F_1_1_2_comp4
G_1_F_1_1_2_comp5,P_1_F_1_1_2_comp1+1_F_1_1_2_comp2+1_F_1_1_2_comp3+1_F_1_1_2_comp4+1_F_1_1_2_comp5+1_F_1_1_2_comp6+1_F_1_1_2_comp7+1_F_1_1_2_comp8,R_1_F_1_1_2,TCDB,TCDB.1_F_1_1_2_comp5
G_1_F_1_1_2_comp6,P_1_F_1_1_2_comp1+1_F_1_1_2_comp2+1_F_1_1_2_comp3+1_F_1_1_2_comp4+1_F_1_1_2_comp5+1_F_1_1_2_comp6+1_F_1_1_2_comp7+1_F_1_1_2_comp8,R_1_F_1_1_2,TCDB,TCDB.1_F_1_1_2_comp6
G_1_F_1_1_2_comp7,P_1_F_1_1_2_comp1+1_F_1_1_2_comp2+1_F_1_1_2_comp3+1_F_1_1_2_comp4+1_F_1_1_2_comp5+1_F_1_1_2_comp6+1_F_1_1_2_comp7+1_F_1_1_2_comp8,R_1_F_1_1_2,TCDB,TCDB.1_F_1_1_2_comp7
G_1_F_1_1_2_comp8,P_1_F_1_1_2_comp1+1_F_1_1_2_comp2+1_F_1_1_2_comp3+1_F_1_1_2_comp4+1_F_1_1_2_comp5+1_F_1_1_2_comp6+1_F_1_1_2_comp7+1_F_1_1_2_comp8,R_1_F_1_1_2,TCDB,TCDB.1_F_1_1_2_comp8
G_3_A_1_108_1_comp1,P_3_A_1_108_1_comp1,R_3_A_1_108_1,TCDB,TCDB.3_A_1_108_1_comp1
G_3_A_1_109_2_comp1,P_3_A_1_109_2_comp1,R_3_A_1_109_2,TCDB,TCDB.3_A_1_109_2_comp1
G_5_A_3_3_2_comp1,P_5_A_3_3_2_comp1+5_A_3_3_2_comp2+5_A_3_3_2_comp3,R_5_A_3_3_2,TCDB,TCDB.5_A_3_3_2_comp1
G_5_A_3_3_2_comp2,P_5_A_3_3_2_comp1+5_A_3_3_2_comp2+5_A_3_3_2_comp3,R_5_A_3_3_2,TCDB,TCDB.5_A_3_3_2_comp2
G_5_A_3_3_2_comp3,P_5_A_3_3_2_comp1+5_A_3_3_2_comp2+5_A_3_3_2_comp3,R_5_A_3_3_2,TCDB,TCDB.5_A_3_3_2_comp3
G_8_A_1_3_4_comp1,P_8_A_1_3_4_comp1,R_8_A_1_3_4,TCDB,TCDB.8_A_1_3_4_comp1
G_9_A_35_1_2_comp1,P_9_A_35_1_2_comp1,R_9_A_35_1_2,TCDB,TCDB.9_A_35_1_2_comp1
G_1_B_13_1_1_comp1,P_1_B_13_1_1_comp1,R_1_B_13_1_1,TCDB,TCDB.1_B_13_1_1_comp1
G_2_A_26_1_1_comp1,P_2_A_26_1_1_comp1,R_2_A_26_1_1,TCDB,TCDB.2_A_26_1_1_comp1
G_2_A_3_10_2_comp1,P_2_A_3_10_2_comp1,R_2_A_3_10_2,TCDB,TCDB.2_A_3_10_2_comp1
G_9_B_367_1_4_comp1,P_9_B_367_1_4_comp1,R_9_B_367_1_4,TCDB,TCDB.9_B_367_1_4_comp1
G_8_A_152_1_12_comp1,P_8_A_152_1_12_comp1,R_8_A_152_1_12,TCDB,TCDB.8_A_152_1_12_comp1
G_1_C_14_1_3_comp1,P_1_C_14_1_3_comp1,R_1_C_14_1_3,TCDB,TCDB.1_C_14_1_3_comp1
G_1_A_126_1_5_comp1,P_1_A_126_1_5_comp1,R_1_A_126_1_5,TCDB,TCDB.1_A_126_1_5_comp1
G_1_A_4_1_1_comp1,P_1_A_4_1_1_comp1,R_1_A_4_1_1,TCDB,TCDB.1_A_4_1_1_comp1
G_8_A_40_1_18_comp1,P_8_A_40_1_18_comp1,R_8_A_40_1_18,TCDB,TCDB.8_A_40_1_18_comp1
G_3_A_3_3_9_comp1,P_3_A_3_3_9_comp1,R_3_A_3_3_9,TCDB,TCDB.3_A_3_3_9_comp1
G_1_A_10_1_1_comp1,P_1_A_10_1_1_comp1,R_1_A_10_1_1,TCDB,TCDB.1_A_10_1_1_comp1
G_1_A_10_1_2_comp1,P_1_A_10_1_2_comp1,R_1_A_10_1_2,TCDB,TCDB.1_A_10_1_2_comp1
G_1_A_42_1_3_comp1,P_1_A_42_1_3_comp1,R_1_A_42_1_3,TCDB,TCDB.1_A_42_1_3_comp1
G_2_A_12_1_1_comp1,P_2_A_12_1_1_comp1,R_2_A_12_1_1,TCDB,TCDB.2_A_12_1_1_comp1
G_1_C_20_1_3_comp1,P_1_C_20_1_3_comp1,R_1_C_20_1_3,TCDB,TCDB.1_C_20_1_3_comp1
G_2_A_36_1_13_comp1,P_2_A_36_1_13_comp1,R_2_A_36_1_13,TCDB,TCDB.2_A_36_1_13_comp1
G_4_A_1_1_3_comp1,P_4_A_1_1_3_comp1,R_4_A_1_1_3,TCDB,TCDB.4_A_1_1_3_comp1
G_8_B_17_1_1_comp1,P_8_B_17_1_1_comp1,R_8_B_17_1_1,TCDB,TCDB.8_B_17_1_1_comp1
G_1_F_2_1_1_comp1,P_1_F_2_1_1_comp1+1_F_2_1_1_comp2+1_F_2_1_1_comp3+1_F_2_1_1_comp4+1_F_2_1_1_comp5+1_F_2_1_1_comp6+1_F_2_1_1_comp7+1_F_2_1_1_comp8,R_1_F_2_1_1,TCDB,TCDB.1_F_2_1_1_comp1
G_1_F_2_1_1_comp2,P_1_F_2_1_1_comp1+1_F_2_1_1_comp2+1_F_2_1_1_comp3+1_F_2_1_1_comp4+1_F_2_1_1_comp5+1_F_2_1_1_comp6+1_F_2_1_1_comp7+1_F_2_1_1_comp8,R_1_F_2_1_1,TCDB,TCDB.1_F_2_1_1_comp2
G_1_F_2_1_1_comp3,P_1_F_2_1_1_comp1+1_F_2_1_1_comp2+1_F_2_1_1_comp3+1_F_2_1_1_comp4+1_F_2_1_1_comp5+1_F_2_1_1_comp6+1_F_2_1_1_comp7+1_F_2_1_1_comp8,R_1_F_2_1_1,TCDB,TCDB.1_F_2_1_1_comp3
G_1_F_2_1_1_comp4,P_1_F_2_1_1_comp1+1_F_2_1_1_comp2+1_F_2_1_1_comp3+1_F_2_1_1_comp4+1_F_2_1_1_comp5+1_F_2_1_1_comp6+1_F_2_1_1_comp7+1_F_2_1_1_comp8,R_1_F_2_1_1,TCDB,TCDB.1_F_2_1_1_comp4
G_1_F_2_1_1_comp5,P_1_F_2_1_1_comp1+1_F_2_1_1_comp2+1_F_2_1_1_comp3+1_F_2_1_1_comp4+1_F_2_1_1_comp5+1_F_2_1_1_comp6+1_F_2_1_1_comp7+1_F_2_1_1_comp8,R_1_F_2_1_1,TCDB,TCDB.1_F_2_1_1_comp5
G_1_F_2_1_1_comp6,P_1_F_2_1_1_comp1+1_F_2_1_1_comp2+1_F_2_1_1_comp3+1_F_2_1_1_comp4+1_F_2_1_1_comp5+1_F_2_1_1_comp6+1_F_2_1_1_comp7+1_F_2_1_1_comp8,R_1_F_2_1_1,TCDB,TCDB.1_F_2_1_1_comp6
G_1_F_2_1_1_comp7,P_1_F_2_1_1_comp1+1_F_2_1_1_comp2+1_F_2_1_1_comp3+1_F_2_1_1_comp4+1_F_2_1_1_comp5+1_F_2_1_1_comp6+1_F_2_1_1_comp7+1_F_2_1_1_comp8,R_1_F_2_1_1,TCDB,TCDB.1_F_2_1_1_comp7
G_1_F_2_1_1_comp8,P_1_F_2_1_1_comp1+1_F_2_1_1_comp2+1_F_2_1_1_comp3+1_F_2_1_1_comp4+1_F_2_1_1_comp5+1_F_2_1_1_comp6+1_F_2_1_1_comp7+1_F_2_1_1_comp8,R_1_F_2_1_1,TCDB,TCDB.1_F_2_1_1_comp8
G_2_A_3_4_1_comp1,P_2_A_3_4_1_comp1,R_2_A_3_4_1,TCDB,TCDB.2_A_3_4_1_comp1
G_8_B_1_1_4_comp1,P_8_B_1_1_4_comp1,R_8_B_1_1_4,TCDB,TCDB.8_B_1_1_4_comp1
G_3_A_3_2_25_comp1,P_3_A_3_2_25_comp1,R_3_A_3_2_25,TCDB,TCDB.3_A_3_2_25_comp1
G_3_A_3_6_1_comp1,P_3_A_3_6_1_comp1,R_3_A_3_6_1,TCDB,TCDB.3_A_3_6_1_comp1
G_5_A_3_4_3_comp1,P_5_A_3_4_3_comp1,R_5_A_3_4_3,TCDB,TCDB.5_A_3_4_3_comp1
G_2_A_4_2_2_comp1,P_2_A_4_2_2_comp1,R_2_A_4_2_2,TCDB,TCDB.2_A_4_2_2_comp1
G_8_A_32_1_4_comp1,P_8_A_32_1_4_comp1,R_8_A_32_1_4,TCDB,TCDB.8_A_32_1_4_comp1
G_1_C_45_1_3_comp1,P_1_C_45_1_3_comp1,R_1_C_45_1_3,TCDB,TCDB.1_C_45_1_3_comp1
G_4_A_1_1_9_comp1,P_4_A_1_1_9_comp1,R_4_A_1_1_9,TCDB,TCDB.4_A_1_1_9_comp1
G_9_B_104_2_1_comp1,P_9_B_104_2_1_comp1,R_9_B_104_2_1,TCDB,TCDB.9_B_104_2_1_comp1
G_8_A_2_1_1_comp1,P_8_A_2_1_1_comp1,R_8_A_2_1_1,TCDB,TCDB.8_A_2_1_1_comp1
G_8_A_85_1_2_comp1,P_8_A_85_1_2_comp1,R_8_A_85_1_2,TCDB,TCDB.8_A_85_1_2_comp1
G_1_A_77_3_4_comp1,P_1_A_77_3_4_comp1,R_1_A_77_3_4,TCDB,TCDB.1_A_77_3_4_comp1
G_9_B_247_1_1_comp1,P_9_B_247_1_1_comp1,R_9_B_247_1_1,TCDB,TCDB.9_B_247_1_1_comp1
G_3_A_3_1_2_comp1,P_3_A_3_1_2_comp1+3_A_3_1_2_comp2,R_3_A_3_1_2,TCDB,TCDB.3_A_3_1_2_comp1
G_3_A_3_1_2_comp2,P_3_A_3_1_2_comp1+3_A_3_1_2_comp2,R_3_A_3_1_2,TCDB,TCDB.3_A_3_1_2_comp2
G_3_A_3_3_7_comp1,P_3_A_3_3_7_comp1,R_3_A_3_3_7,TCDB,TCDB.3_A_3_3_7_comp1
G_8_A_54_1_6_comp1,P_8_A_54_1_6_comp1,R_8_A_54_1_6,TCDB,TCDB.8_A_54_1_6_comp1
G_8_A_128_7_1_comp1,P_8_A_128_7_1_comp1,R_8_A_128_7_1,TCDB,TCDB.8_A_128_7_1_comp1
G_4_A_2_1_1_comp1,P_4_A_2_1_1_comp1+4_A_2_1_1_comp2,R_4_A_2_1_1,TCDB,TCDB.4_A_2_1_1_comp1
G_4_A_2_1_1_comp2,P_4_A_2_1_1_comp1+4_A_2_1_1_comp2,R_4_A_2_1_1,TCDB,TCDB.4_A_2_1_1_comp2
G_1_A_64_2_2_comp1,P_1_A_64_2_2_comp1,R_1_A_64_2_2,TCDB,TCDB.1_A_64_2_2_comp1
G_3_A_1_4_8_comp1,P_3_A_1_4_8_comp1+3_A_1_4_8_comp2+3_A_1_4_8_comp3+3_A_1_4_8_comp4+3_A_1_4_8_comp5,R_3_A_1_4_8,TCDB,TCDB.3_A_1_4_8_comp1
G_3_A_1_4_8_comp2,P_3_A_1_4_8_comp1+3_A_1_4_8_comp2+3_A_1_4_8_comp3+3_A_1_4_8_comp4+3_A_1_4_8_comp5,R_3_A_1_4_8,TCDB,TCDB.3_A_1_4_8_comp2
G_3_A_1_4_8_comp3,P_3_A_1_4_8_comp1+3_A_1_4_8_comp2+3_A_1_4_8_comp3+3_A_1_4_8_comp4+3_A_1_4_8_comp5,R_3_A_1_4_8,TCDB,TCDB.3_A_1_4_8_comp3
G_3_A_1_4_8_comp4,P_3_A_1_4_8_comp1+3_A_1_4_8_comp2+3_A_1_4_8_comp3+3_A_1_4_8_comp4+3_A_1_4_8_comp5,R_3_A_1_4_8,TCDB,TCDB.3_A_1_4_8_comp4
G_3_A_1_4_8_comp5,P_3_A_1_4_8_comp1+3_A_1_4_8_comp2+3_A_1_4_8_comp3+3_A_1_4_8_comp4+3_A_1_4_8_comp5,R_3_A_1_4_8,TCDB,TCDB.3_A_1_4_8_comp5
G_1_C_2_2_2_comp1,P_1_C_2_2_2_comp1,R_1_C_2_2_2,TCDB,TCDB.1_C_2_2_2_comp1
G_1_C_2_2_1_comp1,P_1_C_2_2_1_comp1,R_1_C_2_2_1,TCDB,TCDB.1_C_2_2_1_comp1
G_8_A_66_1_4_comp1,P_8_A_66_1_4_comp1,R_8_A_66_1_4,TCDB,TCDB.8_A_66_1_4_comp1
G_2_A_23_1_1_comp1,P_2_A_23_1_1_comp1,R_2_A_23_1_1,TCDB,TCDB.2_A_23_1_1_comp1
G_3_A_1_10_1_comp1,P_3_A_1_10_1_comp1+3_A_1_10_1_comp2+3_A_1_10_1_comp3,R_3_A_1_10_1,TCDB,TCDB.3_A_1_10_1_comp1
G_3_A_1_10_1_comp2,P_3_A_1_10_1_comp1+3_A_1_10_1_comp2+3_A_1_10_1_comp3,R_3_A_1_10_1,TCDB,TCDB.3_A_1_10_1_comp2
G_3_A_1_10_1_comp3,P_3_A_1_10_1_comp1+3_A_1_10_1_comp2+3_A_1_10_1_comp3,R_3_A_1_10_1,TCDB,TCDB.3_A_1_10_1_comp3
G_1_B_1_1_4_comp1,P_1_B_1_1_4_comp1,R_1_B_1_1_4,TCDB,TCDB.1_B_1_1_4_comp1
G_3_A_1_201_3_comp1,P_3_A_1_201_3_comp1,R_3_A_1_201_3,TCDB,TCDB.3_A_1_201_3_comp1
G_3_A_1_208_6_comp1,P_3_A_1_208_6_comp1,R_3_A_1_208_6,TCDB,TCDB.3_A_1_208_6_comp1
G_9_A_14_2_1_comp1,P_9_A_14_2_1_comp1,R_9_A_14_2_1,TCDB,TCDB.9_A_14_2_1_comp1
G_3_A_12_1_1_comp1,P_3_A_12_1_1_comp1,R_3_A_12_1_1,TCDB,TCDB.3_A_12_1_1_comp1
G_2_A_1_26_1_comp1,P_2_A_1_26_1_comp1,R_2_A_1_26_1,TCDB,TCDB.2_A_1_26_1_comp1
G_9_A_14_2_2_comp1,P_9_A_14_2_2_comp1,R_9_A_14_2_2,TCDB,TCDB.9_A_14_2_2_comp1
G_9_A_63_1_1_comp1,P_9_A_63_1_1_comp1+9_A_63_1_1_comp2+9_A_63_1_1_comp3+9_A_63_1_1_comp4+9_A_63_1_1_comp5+9_A_63_1_1_comp6+9_A_63_1_1_comp7+9_A_63_1_1_comp8,R_9_A_63_1_1,TCDB,TCDB.9_A_63_1_1_comp1
G_9_A_63_1_1_comp2,P_9_A_63_1_1_comp1+9_A_63_1_1_comp2+9_A_63_1_1_comp3+9_A_63_1_1_comp4+9_A_63_1_1_comp5+9_A_63_1_1_comp6+9_A_63_1_1_comp7+9_A_63_1_1_comp8,R_9_A_63_1_1,TCDB,TCDB.9_A_63_1_1_comp2
G_9_A_63_1_1_comp3,P_9_A_63_1_1_comp1+9_A_63_1_1_comp2+9_A_63_1_1_comp3+9_A_63_1_1_comp4+9_A_63_1_1_comp5+9_A_63_1_1_comp6+9_A_63_1_1_comp7+9_A_63_1_1_comp8,R_9_A_63_1_1,TCDB,TCDB.9_A_63_1_1_comp3
G_9_A_63_1_1_comp4,P_9_A_63_1_1_comp1+9_A_63_1_1_comp2+9_A_63_1_1_comp3+9_A_63_1_1_comp4+9_A_63_1_1_comp5+9_A_63_1_1_comp6+9_A_63_1_1_comp7+9_A_63_1_1_comp8,R_9_A_63_1_1,TCDB,TCDB.9_A_63_1_1_comp4
G_9_A_63_1_1_comp5,P_9_A_63_1_1_comp1+9_A_63_1_1_comp2+9_A_63_1_1_comp3+9_A_63_1_1_comp4+9_A_63_1_1_comp5+9_A_63_1_1_comp6+9_A_63_1_1_comp7+9_A_63_1_1_comp8,R_9_A_63_1_1,TCDB,TCDB.9_A_63_1_1_comp5
G_9_A_63_1_1_comp6,P_9_A_63_1_1_comp1+9_A_63_1_1_comp2+9_A_63_1_1_comp3+9_A_63_1_1_comp4+9_A_63_1_1_comp5+9_A_63_1_1_comp6+9_A_63_1_1_comp7+9_A_63_1_1_comp8,R_9_A_63_1_1,TCDB,TCDB.9_A_63_1_1_comp6
G_9_A_63_1_1_comp7,P_9_A_63_1_1_comp1+9_A_63_1_1_comp2+9_A_63_1_1_comp3+9_A_63_1_1_comp4+9_A_63_1_1_comp5+9_A_63_1_1_comp6+9_A_63_1_1_comp7+9_A_63_1_1_comp8,R_9_A_63_1_1,TCDB,TCDB.9_A_63_1_1_comp7
G_9_A_63_1_1_comp8,P_9_A_63_1_1_comp1+9_A_63_1_1_comp2+9_A_63_1_1_comp3+9_A_63_1_1_comp4+9_A_63_1_1_comp5+9_A_63_1_1_comp6+9_A_63_1_1_comp7+9_A_63_1_1_comp8,R_9_A_63_1_1,TCDB,TCDB.9_A_63_1_1_comp8
G_2_A_24_3_1_comp1,P_2_A_24_3_1_comp1,R_2_A_24_3_1,TCDB,TCDB.2_A_24_3_1_comp1
G_3_A_10_1_8_comp1,P_3_A_10_1_8_comp1,R_3_A_10_1_8,TCDB,TCDB.3_A_10_1_8_comp1
G_1_B_11_3_2_comp1,P_1_B_11_3_2_comp1,R_1_B_11_3_2,TCDB,TCDB.1_B_11_3_2_comp1
G_1_C_32_1_7_comp1,P_1_C_32_1_7_comp1,R_1_C_32_1_7,TCDB,TCDB.1_C_32_1_7_comp1
G_9_A_14_13_26_comp1,P_9_A_14_13_26_comp1,R_9_A_14_13_26,TCDB,TCDB.9_A_14_13_26_comp1
G_1_A_3_1_2_comp1,P_1_A_3_1_2_comp1,R_1_A_3_1_2,TCDB,TCDB.1_A_3_1_2_comp1
G_1_A_15_1_1_comp1,P_1_A_15_1_1_comp1,R_1_A_15_1_1,TCDB,TCDB.1_A_15_1_1_comp1
G_1_C_20_1_2_comp1,P_1_C_20_1_2_comp1,R_1_C_20_1_2,TCDB,TCDB.1_C_20_1_2_comp1
G_3_A_2_1_2_comp1,P_3_A_2_1_2_comp1+3_A_2_1_2_comp2+3_A_2_1_2_comp3+3_A_2_1_2_comp4+3_A_2_1_2_comp5+3_A_2_1_2_comp6+3_A_2_1_2_comp7+3_A_2_1_2_comp8,R_3_A_2_1_2,TCDB,TCDB.3_A_2_1_2_comp1
G_3_A_2_1_2_comp2,P_3_A_2_1_2_comp1+3_A_2_1_2_comp2+3_A_2_1_2_comp3+3_A_2_1_2_comp4+3_A_2_1_2_comp5+3_A_2_1_2_comp6+3_A_2_1_2_comp7+3_A_2_1_2_comp8,R_3_A_2_1_2,TCDB,TCDB.3_A_2_1_2_comp2
G_3_A_2_1_2_comp3,P_3_A_2_1_2_comp1+3_A_2_1_2_comp2+3_A_2_1_2_comp3+3_A_2_1_2_comp4+3_A_2_1_2_comp5+3_A_2_1_2_comp6+3_A_2_1_2_comp7+3_A_2_1_2_comp8,R_3_A_2_1_2,TCDB,TCDB.3_A_2_1_2_comp3
G_3_A_2_1_2_comp4,P_3_A_2_1_2_comp1+3_A_2_1_2_comp2+3_A_2_1_2_comp3+3_A_2_1_2_comp4+3_A_2_1_2_comp5+3_A_2_1_2_comp6+3_A_2_1_2_comp7+3_A_2_1_2_comp8,R_3_A_2_1_2,TCDB,TCDB.3_A_2_1_2_comp4
G_3_A_2_1_2_comp5,P_3_A_2_1_2_comp1+3_A_2_1_2_comp2+3_A_2_1_2_comp3+3_A_2_1_2_comp4+3_A_2_1_2_comp5+3_A_2_1_2_comp6+3_A_2_1_2_comp7+3_A_2_1_2_comp8,R_3_A_2_1_2,TCDB,TCDB.3_A_2_1_2_comp5
G_3_A_2_1_2_comp6,P_3_A_2_1_2_comp1+3_A_2_1_2_comp2+3_A_2_1_2_comp3+3_A_2_1_2_comp4+3_A_2_1_2_comp5+3_A_2_1_2_comp6+3_A_2_1_2_comp7+3_A_2_1_2_comp8,R_3_A_2_1_2,TCDB,TCDB.3_A_2_1_2_comp6
G_3_A_2_1_2_comp7,P_3_A_2_1_2_comp1+3_A_2_1_2_comp2+3_A_2_1_2_comp3+3_A_2_1_2_comp4+3_A_2_1_2_comp5+3_A_2_1_2_comp6+3_A_2_1_2_comp7+3_A_2_1_2_comp8,R_3_A_2_1_2,TCDB,TCDB.3_A_2_1_2_comp7
G_3_A_2_1_2_comp8,P_3_A_2_1_2_comp1+3_A_2_1_2_comp2+3_A_2_1_2_comp3+3_A_2_1_2_comp4+3_A_2_1_2_comp5+3_A_2_1_2_comp6+3_A_2_1_2_comp7+3_A_2_1_2_comp8,R_3_A_2_1_2,TCDB,TCDB.3_A_2_1_2_comp8
G_2_A_1_1_4_comp1,P_2_A_1_1_4_comp1,R_2_A_1_1_4,TCDB,TCDB.2_A_1_1_4_comp1
G_8_A_40_1_9_comp1,P_8_A_40_1_9_comp1,R_8_A_40_1_9,TCDB,TCDB.8_A_40_1_9_comp1
G_1_A_1_2_4_comp1,P_1_A_1_2_4_comp1+1_A_1_2_4_comp2,R_1_A_1_2_4,TCDB,TCDB.1_A_1_2_4_comp1
G_1_A_1_2_4_comp2,P_1_A_1_2_4_comp1+1_A_1_2_4_comp2,R_1_A_1_2_4,TCDB,TCDB.1_A_1_2_4_comp2
G_9_B_20_1_1_comp1,P_9_B_20_1_1_comp1,R_9_B_20_1_1,TCDB,TCDB.9_B_20_1_1_comp1
G_1_A_8_2_2_comp1,P_1_A_8_2_2_comp1,R_1_A_8_2_2,TCDB,TCDB.1_A_8_2_2_comp1
G_2_A_1_8_5_comp1,P_2_A_1_8_5_comp1,R_2_A_1_8_5,TCDB,TCDB.2_A_1_8_5_comp1
G_3_A_3_9_2_comp1,P_3_A_3_9_2_comp1,R_3_A_3_9_2,TCDB,TCDB.3_A_3_9_2_comp1
G_2_A_7_9_4_comp1,P_2_A_7_9_4_comp1,R_2_A_7_9_4,TCDB,TCDB.2_A_7_9_4_comp1
G_1_B_18_2_4_comp1,P_1_B_18_2_4_comp1,R_1_B_18_2_4,TCDB,TCDB.1_B_18_2_4_comp1
G_2_A_29_2_1_comp1,P_2_A_29_2_1_comp1,R_2_A_29_2_1,TCDB,TCDB.2_A_29_2_1_comp1
G_1_B_3_1_2_comp1,P_1_B_3_1_2_comp1,R_1_B_3_1_2,TCDB,TCDB.1_B_3_1_2_comp1
G_3_A_12_2_1_comp1,P_3_A_12_2_1_comp1,R_3_A_12_2_1,TCDB,TCDB.3_A_12_2_1_comp1
G_8_A_23_1_9_comp1,P_8_A_23_1_9_comp1,R_8_A_23_1_9,TCDB,TCDB.8_A_23_1_9_comp1
G_1_A_1_2_31_comp1,P_1_A_1_2_31_comp1,R_1_A_1_2_31,TCDB,TCDB.1_A_1_2_31_comp1
G_1_A_31_1_1_comp1,P_1_A_31_1_1_comp1,R_1_A_31_1_1,TCDB,TCDB.1_A_31_1_1_comp1
G_1_A_77_3_1_comp1,P_1_A_77_3_1_comp1,R_1_A_77_3_1,TCDB,TCDB.1_A_77_3_1_comp1
G_3_A_1_112_12_comp1,P_3_A_1_112_12_comp1,R_3_A_1_112_12,TCDB,TCDB.3_A_1_112_12_comp1
G_1_C_31_1_1_comp1,P_1_C_31_1_1_comp1,R_1_C_31_1_1,TCDB,TCDB.1_C_31_1_1_comp1
G_8_A_82_1_2_comp1,P_8_A_82_1_2_comp1,R_8_A_82_1_2,TCDB,TCDB.8_A_82_1_2_comp1
G_1_C_40_1_3_comp1,P_1_C_40_1_3_comp1,R_1_C_40_1_3,TCDB,TCDB.1_C_40_1_3_comp1
G_2_A_1_1_13_comp1,P_2_A_1_1_13_comp1,R_2_A_1_1_13,TCDB,TCDB.2_A_1_1_13_comp1
G_1_C_35_3_2_comp1,P_1_C_35_3_2_comp1,R_1_C_35_3_2,TCDB,TCDB.1_C_35_3_2_comp1
G_1_A_10_1_5_comp1,P_1_A_10_1_5_comp1,R_1_A_10_1_5,TCDB,TCDB.1_A_10_1_5_comp1
G_1_A_72_4_2_comp1,P_1_A_72_4_2_comp1,R_1_A_72_4_2,TCDB,TCDB.1_A_72_4_2_comp1
G_1_A_33_1_1_comp1,P_1_A_33_1_1_comp1,R_1_A_33_1_1,TCDB,TCDB.1_A_33_1_1_comp1
G_1_A_85_1_7_comp1,P_1_A_85_1_7_comp1,R_1_A_85_1_7,TCDB,TCDB.1_A_85_1_7_comp1
G_2_A_1_3_16_comp1,P_2_A_1_3_16_comp1,R_2_A_1_3_16,TCDB,TCDB.2_A_1_3_16_comp1
G_1_G_9_2_3_comp1,P_1_G_9_2_3_comp1,R_1_G_9_2_3,TCDB,TCDB.1_G_9_2_3_comp1
G_9_B_75_4_1_comp1,P_9_B_75_4_1_comp1,R_9_B_75_4_1,TCDB,TCDB.9_B_75_4_1_comp1
G_2_A_42_1_3_comp1,P_2_A_42_1_3_comp1,R_2_A_42_1_3,TCDB,TCDB.2_A_42_1_3_comp1
G_3_A_1_121_1_comp1,P_3_A_1_121_1_comp1,R_3_A_1_121_1,TCDB,TCDB.3_A_1_121_1_comp1
G_8_A_54_1_2_comp1,P_8_A_54_1_2_comp1,R_8_A_54_1_2,TCDB,TCDB.8_A_54_1_2_comp1
G_8_A_81_1_1_comp1,P_8_A_81_1_1_comp1,R_8_A_81_1_1,TCDB,TCDB.8_A_81_1_1_comp1
G_1_A_137_1_1_comp1,P_1_A_137_1_1_comp1,R_1_A_137_1_1,TCDB,TCDB.1_A_137_1_1_comp1
G_1_G_7_1_1_comp1,P_1_G_7_1_1_comp1,R_1_G_7_1_1,TCDB,TCDB.1_G_7_1_1_comp1
G_2_A_1_41_2_comp1,P_2_A_1_41_2_comp1,R_2_A_1_41_2,TCDB,TCDB.2_A_1_41_2_comp1
G_2_A_29_5_2_comp1,P_2_A_29_5_2_comp1,R_2_A_29_5_2,TCDB,TCDB.2_A_29_5_2_comp1
G_2_A_52_1_1_comp1,P_2_A_52_1_1_comp1,R_2_A_52_1_1,TCDB,TCDB.2_A_52_1_1_comp1
G_1_C_12_1_2_comp1,P_1_C_12_1_2_comp1,R_1_C_12_1_2,TCDB,TCDB.1_C_12_1_2_comp1
G_1_C_46_1_1_comp1,P_1_C_46_1_1_comp1,R_1_C_46_1_1,TCDB,TCDB.1_C_46_1_1_comp1
G_2_A_1_1_111_comp1,P_2_A_1_1_111_comp1,R_2_A_1_1_111,TCDB,TCDB.2_A_1_1_111_comp1
G_2_A_1_1_60_comp1,P_2_A_1_1_60_comp1,R_2_A_1_1_60,TCDB,TCDB.2_A_1_1_60_comp1
G_3_A_1_110_11_comp1,P_3_A_1_110_11_comp1+3_A_1_110_11_comp2,R_3_A_1_110_11,TCDB,TCDB.3_A_1_110_11_comp1
G_3_A_1_110_11_comp2,P_3_A_1_110_11_comp1+3_A_1_110_11_comp2,R_3_A_1_110_11,TCDB,TCDB.3_A_1_110_11_comp2
G_1_B_17_1_2_comp1,P_1_B_17_1_2_comp1,R_1_B_17_1_2,TCDB,TCDB.1_B_17_1_2_comp1
G_2_A_53_1_2_comp1,P_2_A_53_1_2_comp1,R_2_A_53_1_2,TCDB,TCDB.2_A_53_1_2_comp1
G_1_C_63_1_1_comp1,P_1_C_63_1_1_comp1,R_1_C_63_1_1,TCDB,TCDB.1_C_63_1_1_comp1
G_3_A_3_2_1_comp1,P_3_A_3_2_1_comp1,R_3_A_3_2_1,TCDB,TCDB.3_A_3_2_1_comp1
G_2_A_29_4_3_comp1,P_2_A_29_4_3_comp1,R_2_A_29_4_3,TCDB,TCDB.2_A_29_4_3_comp1
G_1_B_8_2_1_comp1,P_1_B_8_2_1_comp1,R_1_B_8_2_1,TCDB,TCDB.1_B_8_2_1_comp1
G_1_A_8_8_3_comp1,P_1_A_8_8_3_comp1,R_1_A_8_8_3,TCDB,TCDB.1_A_8_8_3_comp1
G_3_A_1_109_8_comp1,P_3_A_1_109_8_comp1,R_3_A_1_109_8,TCDB,TCDB.3_A_1_109_8_comp1
G_1_C_23_1_1_comp1,P_1_C_23_1_1_comp1,R_1_C_23_1_1,TCDB,TCDB.1_C_23_1_1_comp1
G_2_A_38_1_6_comp1,P_2_A_38_1_6_comp1,R_2_A_38_1_6,TCDB,TCDB.2_A_38_1_6_comp1
G_9_B_174_1_2_comp1,P_9_B_174_1_2_comp1,R_9_B_174_1_2,TCDB,TCDB.9_B_174_1_2_comp1
G_3_A_1_129_1_comp1,P_3_A_1_129_1_comp1+3_A_1_129_1_comp2,R_3_A_1_129_1,TCDB,TCDB.3_A_1_129_1_comp1
G_3_A_1_129_1_comp2,P_3_A_1_129_1_comp1+3_A_1_129_1_comp2,R_3_A_1_129_1,TCDB,TCDB.3_A_1_129_1_comp2
G_9_B_1_1_6_comp1,P_9_B_1_1_6_comp1,R_9_B_1_1_6,TCDB,TCDB.9_B_1_1_6_comp1
G_2_A_7_1_3_comp1,P_2_A_7_1_3_comp1,R_2_A_7_1_3,TCDB,TCDB.2_A_7_1_3_comp1
G_1_A_8_5_1_comp1,P_1_A_8_5_1_comp1,R_1_A_8_5_1,TCDB,TCDB.1_A_8_5_1_comp1
G_1_C_48_1_1_comp1,P_1_C_48_1_1_comp1,R_1_C_48_1_1,TCDB,TCDB.1_C_48_1_1_comp1
G_2_A_1_2_14_comp1,P_2_A_1_2_14_comp1,R_2_A_1_2_14,TCDB,TCDB.2_A_1_2_14_comp1
G_2_A_2_2_1_comp1,P_2_A_2_2_1_comp1,R_2_A_2_2_1,TCDB,TCDB.2_A_2_2_1_comp1
G_8_A_40_1_3_comp1,P_8_A_40_1_3_comp1,R_8_A_40_1_3,TCDB,TCDB.8_A_40_1_3_comp1
G_9_A_14_1_5_comp1,P_9_A_14_1_5_comp1,R_9_A_14_1_5,TCDB,TCDB.9_A_14_1_5_comp1
G_1_A_8_10_11_comp1,P_1_A_8_10_11_comp1,R_1_A_8_10_11,TCDB,TCDB.1_A_8_10_11_comp1
G_2_A_22_1_2_comp1,P_2_A_22_1_2_comp1,R_2_A_22_1_2,TCDB,TCDB.2_A_22_1_2_comp1
G_3_A_20_1_5_comp1,P_3_A_20_1_5_comp1+3_A_20_1_5_comp2+3_A_20_1_5_comp3+3_A_20_1_5_comp4+3_A_20_1_5_comp5+3_A_20_1_5_comp6+3_A_20_1_5_comp7+3_A_20_1_5_comp8+3_A_20_1_5_comp9+3_A_20_1_5_comp10+3_A_20_1_5_comp11+3_A_20_1_5_comp12+3_A_20_1_5_comp13+3_A_20_1_5_comp14+3_A_20_1_5_comp15+3_A_20_1_5_comp16+3_A_20_1_5_comp17+3_A_20_1_5_comp18+3_A_20_1_5_comp19+3_A_20_1_5_comp20+3_A_20_1_5_comp21+3_A_20_1_5_comp22+3_A_20_1_5_comp23+3_A_20_1_5_comp24+3_A_20_1_5_comp25+3_A_20_1_5_comp26+3_A_20_1_5_comp27+3_A_20_1_5_comp28,R_3_A_20_1_5,TCDB,TCDB.3_A_20_1_5_comp1
G_3_A_20_1_5_comp2,P_3_A_20_1_5_comp1+3_A_20_1_5_comp2+3_A_20_1_5_comp3+3_A_20_1_5_comp4+3_A_20_1_5_comp5+3_A_20_1_5_comp6+3_A_20_1_5_comp7+3_A_20_1_5_comp8+3_A_20_1_5_comp9+3_A_20_1_5_comp10+3_A_20_1_5_comp11+3_A_20_1_5_comp12+3_A_20_1_5_comp13+3_A_20_1_5_comp14+3_A_20_1_5_comp15+3_A_20_1_5_comp16+3_A_20_1_5_comp17+3_A_20_1_5_comp18+3_A_20_1_5_comp19+3_A_20_1_5_comp20+3_A_20_1_5_comp21+3_A_20_1_5_comp22+3_A_20_1_5_comp23+3_A_20_1_5_comp24+3_A_20_1_5_comp25+3_A_20_1_5_comp26+3_A_20_1_5_comp27+3_A_20_1_5_comp28,R_3_A_20_1_5,TCDB,TCDB.3_A_20_1_5_comp2
G_3_A_20_1_5_comp3,P_3_A_20_1_5_comp1+3_A_20_1_5_comp2+3_A_20_1_5_comp3+3_A_20_1_5_comp4+3_A_20_1_5_comp5+3_A_20_1_5_comp6+3_A_20_1_5_comp7+3_A_20_1_5_comp8+3_A_20_1_5_comp9+3_A_20_1_5_comp10+3_A_20_1_5_comp11+3_A_20_1_5_comp12+3_A_20_1_5_comp13+3_A_20_1_5_comp14+3_A_20_1_5_comp15+3_A_20_1_5_comp16+3_A_20_1_5_comp17+3_A_20_1_5_comp18+3_A_20_1_5_comp19+3_A_20_1_5_comp20+3_A_20_1_5_comp21+3_A_20_1_5_comp22+3_A_20_1_5_comp23+3_A_20_1_5_comp24+3_A_20_1_5_comp25+3_A_20_1_5_comp26+3_A_20_1_5_comp27+3_A_20_1_5_comp28,R_3_A_20_1_5,TCDB,TCDB.3_A_20_1_5_comp3
G_3_A_20_1_5_comp4,P_3_A_20_1_5_comp1+3_A_20_1_5_comp2+3_A_20_1_5_comp3+3_A_20_1_5_comp4+3_A_20_1_5_comp5+3_A_20_1_5_comp6+3_A_20_1_5_comp7+3_A_20_1_5_comp8+3_A_20_1_5_comp9+3_A_20_1_5_comp10+3_A_20_1_5_comp11+3_A_20_1_5_comp12+3_A_20_1_5_comp13+3_A_20_1_5_comp14+3_A_20_1_5_comp15+3_A_20_1_5_comp16+3_A_20_1_5_comp17+3_A_20_1_5_comp18+3_A_20_1_5_comp19+3_A_20_1_5_comp20+3_A_20_1_5_comp21+3_A_20_1_5_comp22+3_A_20_1_5_comp23+3_A_20_1_5_comp24+3_A_20_1_5_comp25+3_A_20_1_5_comp26+3_A_20_1_5_comp27+3_A_20_1_5_comp28,R_3_A_20_1_5,TCDB,TCDB.3_A_20_1_5_comp4
G_3_A_20_1_5_comp5,P_3_A_20_1_5_comp1+3_A_20_1_5_comp2+3_A_20_1_5_comp3+3_A_20_1_5_comp4+3_A_20_1_5_comp5+3_A_20_1_5_comp6+3_A_20_1_5_comp7+3_A_20_1_5_comp8+3_A_20_1_5_comp9+3_A_20_1_5_comp10+3_A_20_1_5_comp11+3_A_20_1_5_comp12+3_A_20_1_5_comp13+3_A_20_1_5_comp14+3_A_20_1_5_comp15+3_A_20_1_5_comp16+3_A_20_1_5_comp17+3_A_20_1_5_comp18+3_A_20_1_5_comp19+3_A_20_1_5_comp20+3_A_20_1_5_comp21+3_A_20_1_5_comp22+3_A_20_1_5_comp23+3_A_20_1_5_comp24+3_A_20_1_5_comp25+3_A_20_1_5_comp26+3_A_20_1_5_comp27+3_A_20_1_5_comp28,R_3_A_20_1_5,TCDB,TCDB.3_A_20_1_5_comp5
G_3_A_20_1_5_comp6,P_3_A_20_1_5_comp1+3_A_20_1_5_comp2+3_A_20_1_5_comp3+3_A_20_1_5_comp4+3_A_20_1_5_comp5+3_A_20_1_5_comp6+3_A_20_1_5_comp7+3_A_20_1_5_comp8+3_A_20_1_5_comp9+3_A_20_1_5_comp10+3_A_20_1_5_comp11+3_A_20_1_5_comp12+3_A_20_1_5_comp13+3_A_20_1_5_comp14+3_A_20_1_5_comp15+3_A_20_1_5_comp16+3_A_20_1_5_comp17+3_A_20_1_5_comp18+3_A_20_1_5_comp19+3_A_20_1_5_comp20+3_A_20_1_5_comp21+3_A_20_1_5_comp22+3_A_20_1_5_comp23+3_A_20_1_5_comp24+3_A_20_1_5_comp25+3_A_20_1_5_comp26+3_A_20_1_5_comp27+3_A_20_1_5_comp28,R_3_A_20_1_5,TCDB,TCDB.3_A_20_1_5_comp6
G_3_A_20_1_5_comp7,P_3_A_20_1_5_comp1+3_A_20_1_5_comp2+3_A_20_1_5_comp3+3_A_20_1_5_comp4+3_A_20_1_5_comp5+3_A_20_1_5_comp6+3_A_20_1_5_comp7+3_A_20_1_5_comp8+3_A_20_1_5_comp9+3_A_20_1_5_comp10+3_A_20_1_5_comp11+3_A_20_1_5_comp12+3_A_20_1_5_comp13+3_A_20_1_5_comp14+3_A_20_1_5_comp15+3_A_20_1_5_comp16+3_A_20_1_5_comp17+3_A_20_1_5_comp18+3_A_20_1_5_comp19+3_A_20_1_5_comp20+3_A_20_1_5_comp21+3_A_20_1_5_comp22+3_A_20_1_5_comp23+3_A_20_1_5_comp24+3_A_20_1_5_comp25+3_A_20_1_5_comp26+3_A_20_1_5_comp27+3_A_20_1_5_comp28,R_3_A_20_1_5,TCDB,TCDB.3_A_20_1_5_comp7
G_3_A_20_1_5_comp8,P_3_A_20_1_5_comp1+3_A_20_1_5_comp2+3_A_20_1_5_comp3+3_A_20_1_5_comp4+3_A_20_1_5_comp5+3_A_20_1_5_comp6+3_A_20_1_5_comp7+3_A_20_1_5_comp8+3_A_20_1_5_comp9+3_A_20_1_5_comp10+3_A_20_1_5_comp11+3_A_20_1_5_comp12+3_A_20_1_5_comp13+3_A_20_1_5_comp14+3_A_20_1_5_comp15+3_A_20_1_5_comp16+3_A_20_1_5_comp17+3_A_20_1_5_comp18+3_A_20_1_5_comp19+3_A_20_1_5_comp20+3_A_20_1_5_comp21+3_A_20_1_5_comp22+3_A_20_1_5_comp23+3_A_20_1_5_comp24+3_A_20_1_5_comp25+3_A_20_1_5_comp26+3_A_20_1_5_comp27+3_A_20_1_5_comp28,R_3_A_20_1_5,TCDB,TCDB.3_A_20_1_5_comp8
G_3_A_20_1_5_comp9,P_3_A_20_1_5_comp1+3_A_20_1_5_comp2+3_A_20_1_5_comp3+3_A_20_1_5_comp4+3_A_20_1_5_comp5+3_A_20_1_5_comp6+3_A_20_1_5_comp7+3_A_20_1_5_comp8+3_A_20_1_5_comp9+3_A_20_1_5_comp10+3_A_20_1_5_comp11+3_A_20_1_5_comp12+3_A_20_1_5_comp13+3_A_20_1_5_comp14+3_A_20_1_5_comp15+3_A_20_1_5_comp16+3_A_20_1_5_comp17+3_A_20_1_5_comp18+3_A_20_1_5_comp19+3_A_20_1_5_comp20+3_A_20_1_5_comp21+3_A_20_1_5_comp22+3_A_20_1_5_comp23+3_A_20_1_5_comp24+3_A_20_1_5_comp25+3_A_20_1_5_comp26+3_A_20_1_5_comp27+3_A_20_1_5_comp28,R_3_A_20_1_5,TCDB,TCDB.3_A_20_1_5_comp9
G_3_A_20_1_5_comp10,P_3_A_20_1_5_comp1+3_A_20_1_5_comp2+3_A_20_1_5_comp3+3_A_20_1_5_comp4+3_A_20_1_5_comp5+3_A_20_1_5_comp6+3_A_20_1_5_comp7+3_A_20_1_5_comp8+3_A_20_1_5_comp9+3_A_20_1_5_comp10+3_A_20_1_5_comp11+3_A_20_1_5_comp12+3_A_20_1_5_comp13+3_A_20_1_5_comp14+3_A_20_1_5_comp15+3_A_20_1_5_comp16+3_A_20_1_5_comp17+3_A_20_1_5_comp18+3_A_20_1_5_comp19+3_A_20_1_5_comp20+3_A_20_1_5_comp21+3_A_20_1_5_comp22+3_A_20_1_5_comp23+3_A_20_1_5_comp24+3_A_20_1_5_comp25+3_A_20_1_5_comp26+3_A_20_1_5_comp27+3_A_20_1_5_comp28,R_3_A_20_1_5,TCDB,TCDB.3_A_20_1_5_comp10
G_3_A_20_1_5_comp11,P_3_A_20_1_5_comp1+3_A_20_1_5_comp2+3_A_20_1_5_comp3+3_A_20_1_5_comp4+3_A_20_1_5_comp5+3_A_20_1_5_comp6+3_A_20_1_5_comp7+3_A_20_1_5_comp8+3_A_20_1_5_comp9+3_A_20_1_5_comp10+3_A_20_1_5_comp11+3_A_20_1_5_comp12+3_A_20_1_5_comp13+3_A_20_1_5_comp14+3_A_20_1_5_comp15+3_A_20_1_5_comp16+3_A_20_1_5_comp17+3_A_20_1_5_comp18+3_A_20_1_5_comp19+3_A_20_1_5_comp20+3_A_20_1_5_comp21+3_A_20_1_5_comp22+3_A_20_1_5_comp23+3_A_20_1_5_comp24+3_A_20_1_5_comp25+3_A_20_1_5_comp26+3_A_20_1_5_comp27+3_A_20_1_5_comp28,R_3_A_20_1_5,TCDB,TCDB.3_A_20_1_5_comp11
G_3_A_20_1_5_comp12,P_3_A_20_1_5_comp1+3_A_20_1_5_comp2+3_A_20_1_5_comp3+3_A_20_1_5_comp4+3_A_20_1_5_comp5+3_A_20_1_5_comp6+3_A_20_1_5_comp7+3_A_20_1_5_comp8+3_A_20_1_5_comp9+3_A_20_1_5_comp10+3_A_20_1_5_comp11+3_A_20_1_5_comp12+3_A_20_1_5_comp13+3_A_20_1_5_comp14+3_A_20_1_5_comp15+3_A_20_1_5_comp16+3_A_20_1_5_comp17+3_A_20_1_5_comp18+3_A_20_1_5_comp19+3_A_20_1_5_comp20+3_A_20_1_5_comp21+3_A_20_1_5_comp22+3_A_20_1_5_comp23+3_A_20_1_5_comp24+3_A_20_1_5_comp25+3_A_20_1_5_comp26+3_A_20_1_5_comp27+3_A_20_1_5_comp28,R_3_A_20_1_5,TCDB,TCDB.3_A_20_1_5_comp12
G_3_A_20_1_5_comp13,P_3_A_20_1_5_comp1+3_A_20_1_5_comp2+3_A_20_1_5_comp3+3_A_20_1_5_comp4+3_A_20_1_5_comp5+3_A_20_1_5_comp6+3_A_20_1_5_comp7+3_A_20_1_5_comp8+3_A_20_1_5_comp9+3_A_20_1_5_comp10+3_A_20_1_5_comp11+3_A_20_1_5_comp12+3_A_20_1_5_comp13+3_A_20_1_5_comp14+3_A_20_1_5_comp15+3_A_20_1_5_comp16+3_A_20_1_5_comp17+3_A_20_1_5_comp18+3_A_20_1_5_comp19+3_A_20_1_5_comp20+3_A_20_1_5_comp21+3_A_20_1_5_comp22+3_A_20_1_5_comp23+3_A_20_1_5_comp24+3_A_20_1_5_comp25+3_A_20_1_5_comp26+3_A_20_1_5_comp27+3_A_20_1_5_comp28,R_3_A_20_1_5,TCDB,TCDB.3_A_20_1_5_comp13
G_3_A_20_1_5_comp14,P_3_A_20_1_5_comp1+3_A_20_1_5_comp2+3_A_20_1_5_comp3+3_A_20_1_5_comp4+3_A_20_1_5_comp5+3_A_20_1_5_comp6+3_A_20_1_5_comp7+3_A_20_1_5_comp8+3_A_20_1_5_comp9+3_A_20_1_5_comp10+3_A_20_1_5_comp11+3_A_20_1_5_comp12+3_A_20_1_5_comp13+3_A_20_1_5_comp14+3_A_20_1_5_comp15+3_A_20_1_5_comp16+3_A_20_1_5_comp17+3_A_20_1_5_comp18+3_A_20_1_5_comp19+3_A_20_1_5_comp20+3_A_20_1_5_comp21+3_A_20_1_5_comp22+3_A_20_1_5_comp23+3_A_20_1_5_comp24+3_A_20_1_5_comp25+3_A_20_1_5_comp26+3_A_20_1_5_comp27+3_A_20_1_5_comp28,R_3_A_20_1_5,TCDB,TCDB.3_A_20_1_5_comp14
G_3_A_20_1_5_comp15,P_3_A_20_1_5_comp1+3_A_20_1_5_comp2+3_A_20_1_5_comp3+3_A_20_1_5_comp4+3_A_20_1_5_comp5+3_A_20_1_5_comp6+3_A_20_1_5_comp7+3_A_20_1_5_comp8+3_A_20_1_5_comp9+3_A_20_1_5_comp10+3_A_20_1_5_comp11+3_A_20_1_5_comp12+3_A_20_1_5_comp13+3_A_20_1_5_comp14+3_A_20_1_5_comp15+3_A_20_1_5_comp16+3_A_20_1_5_comp17+3_A_20_1_5_comp18+3_A_20_1_5_comp19+3_A_20_1_5_comp20+3_A_20_1_5_comp21+3_A_20_1_5_comp22+3_A_20_1_5_comp23+3_A_20_1_5_comp24+3_A_20_1_5_comp25+3_A_20_1_5_comp26+3_A_20_1_5_comp27+3_A_20_1_5_comp28,R_3_A_20_1_5,TCDB,TCDB.3_A_20_1_5_comp15
G_3_A_20_1_5_comp16,P_3_A_20_1_5_comp1+3_A_20_1_5_comp2+3_A_20_1_5_comp3+3_A_20_1_5_comp4+3_A_20_1_5_comp5+3_A_20_1_5_comp6+3_A_20_1_5_comp7+3_A_20_1_5_comp8+3_A_20_1_5_comp9+3_A_20_1_5_comp10+3_A_20_1_5_comp11+3_A_20_1_5_comp12+3_A_20_1_5_comp13+3_A_20_1_5_comp14+3_A_20_1_5_comp15+3_A_20_1_5_comp16+3_A_20_1_5_comp17+3_A_20_1_5_comp18+3_A_20_1_5_comp19+3_A_20_1_5_comp20+3_A_20_1_5_comp21+3_A_20_1_5_comp22+3_A_20_1_5_comp23+3_A_20_1_5_comp24+3_A_20_1_5_comp25+3_A_20_1_5_comp26+3_A_20_1_5_comp27+3_A_20_1_5_comp28,R_3_A_20_1_5,TCDB,TCDB.3_A_20_1_5_comp16
G_3_A_20_1_5_comp17,P_3_A_20_1_5_comp1+3_A_20_1_5_comp2+3_A_20_1_5_comp3+3_A_20_1_5_comp4+3_A_20_1_5_comp5+3_A_20_1_5_comp6+3_A_20_1_5_comp7+3_A_20_1_5_comp8+3_A_20_1_5_comp9+3_A_20_1_5_comp10+3_A_20_1_5_comp11+3_A_20_1_5_comp12+3_A_20_1_5_comp13+3_A_20_1_5_comp14+3_A_20_1_5_comp15+3_A_20_1_5_comp16+3_A_20_1_5_comp17+3_A_20_1_5_comp18+3_A_20_1_5_comp19+3_A_20_1_5_comp20+3_A_20_1_5_comp21+3_A_20_1_5_comp22+3_A_20_1_5_comp23+3_A_20_1_5_comp24+3_A_20_1_5_comp25+3_A_20_1_5_comp26+3_A_20_1_5_comp27+3_A_20_1_5_comp28,R_3_A_20_1_5,TCDB,TCDB.3_A_20_1_5_comp17
G_3_A_20_1_5_comp18,P_3_A_20_1_5_comp1+3_A_20_1_5_comp2+3_A_20_1_5_comp3+3_A_20_1_5_comp4+3_A_20_1_5_comp5+3_A_20_1_5_comp6+3_A_20_1_5_comp7+3_A_20_1_5_comp8+3_A_20_1_5_comp9+3_A_20_1_5_comp10+3_A_20_1_5_comp11+3_A_20_1_5_comp12+3_A_20_1_5_comp13+3_A_20_1_5_comp14+3_A_20_1_5_comp15+3_A_20_1_5_comp16+3_A_20_1_5_comp17+3_A_20_1_5_comp18+3_A_20_1_5_comp19+3_A_20_1_5_comp20+3_A_20_1_5_comp21+3_A_20_1_5_comp22+3_A_20_1_5_comp23+3_A_20_1_5_comp24+3_A_20_1_5_comp25+3_A_20_1_5_comp26+3_A_20_1_5_comp27+3_A_20_1_5_comp28,R_3_A_20_1_5,TCDB,TCDB.3_A_20_1_5_comp18
G_3_A_20_1_5_comp19,P_3_A_20_1_5_comp1+3_A_20_1_5_comp2+3_A_20_1_5_comp3+3_A_20_1_5_comp4+3_A_20_1_5_comp5+3_A_20_1_5_comp6+3_A_20_1_5_comp7+3_A_20_1_5_comp8+3_A_20_1_5_comp9+3_A_20_1_5_comp10+3_A_20_1_5_comp11+3_A_20_1_5_comp12+3_A_20_1_5_comp13+3_A_20_1_5_comp14+3_A_20_1_5_comp15+3_A_20_1_5_comp16+3_A_20_1_5_comp17+3_A_20_1_5_comp18+3_A_20_1_5_comp19+3_A_20_1_5_comp20+3_A_20_1_5_comp21+3_A_20_1_5_comp22+3_A_20_1_5_comp23+3_A_20_1_5_comp24+3_A_20_1_5_comp25+3_A_20_1_5_comp26+3_A_20_1_5_comp27+3_A_20_1_5_comp28,R_3_A_20_1_5,TCDB,TCDB.3_A_20_1_5_comp19
G_3_A_20_1_5_comp20,P_3_A_20_1_5_comp1+3_A_20_1_5_comp2+3_A_20_1_5_comp3+3_A_20_1_5_comp4+3_A_20_1_5_comp5+3_A_20_1_5_comp6+3_A_20_1_5_comp7+3_A_20_1_5_comp8+3_A_20_1_5_comp9+3_A_20_1_5_comp10+3_A_20_1_5_comp11+3_A_20_1_5_comp12+3_A_20_1_5_comp13+3_A_20_1_5_comp14+3_A_20_1_5_comp15+3_A_20_1_5_comp16+3_A_20_1_5_comp17+3_A_20_1_5_comp18+3_A_20_1_5_comp19+3_A_20_1_5_comp20+3_A_20_1_5_comp21+3_A_20_1_5_comp22+3_A_20_1_5_comp23+3_A_20_1_5_comp24+3_A_20_1_5_comp25+3_A_20_1_5_comp26+3_A_20_1_5_comp27+3_A_20_1_5_comp28,R_3_A_20_1_5,TCDB,TCDB.3_A_20_1_5_comp20
G_3_A_20_1_5_comp21,P_3_A_20_1_5_comp1+3_A_20_1_5_comp2+3_A_20_1_5_comp3+3_A_20_1_5_comp4+3_A_20_1_5_comp5+3_A_20_1_5_comp6+3_A_20_1_5_comp7+3_A_20_1_5_comp8+3_A_20_1_5_comp9+3_A_20_1_5_comp10+3_A_20_1_5_comp11+3_A_20_1_5_comp12+3_A_20_1_5_comp13+3_A_20_1_5_comp14+3_A_20_1_5_comp15+3_A_20_1_5_comp16+3_A_20_1_5_comp17+3_A_20_1_5_comp18+3_A_20_1_5_comp19+3_A_20_1_5_comp20+3_A_20_1_5_comp21+3_A_20_1_5_comp22+3_A_20_1_5_comp23+3_A_20_1_5_comp24+3_A_20_1_5_comp25+3_A_20_1_5_comp26+3_A_20_1_5_comp27+3_A_20_1_5_comp28,R_3_A_20_1_5,TCDB,TCDB.3_A_20_1_5_comp21
G_3_A_20_1_5_comp22,P_3_A_20_1_5_comp1+3_A_20_1_5_comp2+3_A_20_1_5_comp3+3_A_20_1_5_comp4+3_A_20_1_5_comp5+3_A_20_1_5_comp6+3_A_20_1_5_comp7+3_A_20_1_5_comp8+3_A_20_1_5_comp9+3_A_20_1_5_comp10+3_A_20_1_5_comp11+3_A_20_1_5_comp12+3_A_20_1_5_comp13+3_A_20_1_5_comp14+3_A_20_1_5_comp15+3_A_20_1_5_comp16+3_A_20_1_5_comp17+3_A_20_1_5_comp18+3_A_20_1_5_comp19+3_A_20_1_5_comp20+3_A_20_1_5_comp21+3_A_20_1_5_comp22+3_A_20_1_5_comp23+3_A_20_1_5_comp24+3_A_20_1_5_comp25+3_A_20_1_5_comp26+3_A_20_1_5_comp27+3_A_20_1_5_comp28,R_3_A_20_1_5,TCDB,TCDB.3_A_20_1_5_comp22
G_3_A_20_1_5_comp23,P_3_A_20_1_5_comp1+3_A_20_1_5_comp2+3_A_20_1_5_comp3+3_A_20_1_5_comp4+3_A_20_1_5_comp5+3_A_20_1_5_comp6+3_A_20_1_5_comp7+3_A_20_1_5_comp8+3_A_20_1_5_comp9+3_A_20_1_5_comp10+3_A_20_1_5_comp11+3_A_20_1_5_comp12+3_A_20_1_5_comp13+3_A_20_1_5_comp14+3_A_20_1_5_comp15+3_A_20_1_5_comp16+3_A_20_1_5_comp17+3_A_20_1_5_comp18+3_A_20_1_5_comp19+3_A_20_1_5_comp20+3_A_20_1_5_comp21+3_A_20_1_5_comp22+3_A_20_1_5_comp23+3_A_20_1_5_comp24+3_A_20_1_5_comp25+3_A_20_1_5_comp26+3_A_20_1_5_comp27+3_A_20_1_5_comp28,R_3_A_20_1_5,TCDB,TCDB.3_A_20_1_5_comp23
G_3_A_20_1_5_comp24,P_3_A_20_1_5_comp1+3_A_20_1_5_comp2+3_A_20_1_5_comp3+3_A_20_1_5_comp4+3_A_20_1_5_comp5+3_A_20_1_5_comp6+3_A_20_1_5_comp7+3_A_20_1_5_comp8+3_A_20_1_5_comp9+3_A_20_1_5_comp10+3_A_20_1_5_comp11+3_A_20_1_5_comp12+3_A_20_1_5_comp13+3_A_20_1_5_comp14+3_A_20_1_5_comp15+3_A_20_1_5_comp16+3_A_20_1_5_comp17+3_A_20_1_5_comp18+3_A_20_1_5_comp19+3_A_20_1_5_comp20+3_A_20_1_5_comp21+3_A_20_1_5_comp22+3_A_20_1_5_comp23+3_A_20_1_5_comp24+3_A_20_1_5_comp25+3_A_20_1_5_comp26+3_A_20_1_5_comp27+3_A_20_1_5_comp28,R_3_A_20_1_5,TCDB,TCDB.3_A_20_1_5_comp24
G_3_A_20_1_5_comp25,P_3_A_20_1_5_comp1+3_A_20_1_5_comp2+3_A_20_1_5_comp3+3_A_20_1_5_comp4+3_A_20_1_5_comp5+3_A_20_1_5_comp6+3_A_20_1_5_comp7+3_A_20_1_5_comp8+3_A_20_1_5_comp9+3_A_20_1_5_comp10+3_A_20_1_5_comp11+3_A_20_1_5_comp12+3_A_20_1_5_comp13+3_A_20_1_5_comp14+3_A_20_1_5_comp15+3_A_20_1_5_comp16+3_A_20_1_5_comp17+3_A_20_1_5_comp18+3_A_20_1_5_comp19+3_A_20_1_5_comp20+3_A_20_1_5_comp21+3_A_20_1_5_comp22+3_A_20_1_5_comp23+3_A_20_1_5_comp24+3_A_20_1_5_comp25+3_A_20_1_5_comp26+3_A_20_1_5_comp27+3_A_20_1_5_comp28,R_3_A_20_1_5,TCDB,TCDB.3_A_20_1_5_comp25
G_3_A_20_1_5_comp26,P_3_A_20_1_5_comp1+3_A_20_1_5_comp2+3_A_20_1_5_comp3+3_A_20_1_5_comp4+3_A_20_1_5_comp5+3_A_20_1_5_comp6+3_A_20_1_5_comp7+3_A_20_1_5_comp8+3_A_20_1_5_comp9+3_A_20_1_5_comp10+3_A_20_1_5_comp11+3_A_20_1_5_comp12+3_A_20_1_5_comp13+3_A_20_1_5_comp14+3_A_20_1_5_comp15+3_A_20_1_5_comp16+3_A_20_1_5_comp17+3_A_20_1_5_comp18+3_A_20_1_5_comp19+3_A_20_1_5_comp20+3_A_20_1_5_comp21+3_A_20_1_5_comp22+3_A_20_1_5_comp23+3_A_20_1_5_comp24+3_A_20_1_5_comp25+3_A_20_1_5_comp26+3_A_20_1_5_comp27+3_A_20_1_5_comp28,R_3_A_20_1_5,TCDB,TCDB.3_A_20_1_5_comp26
G_3_A_20_1_5_comp27,P_3_A_20_1_5_comp1+3_A_20_1_5_comp2+3_A_20_1_5_comp3+3_A_20_1_5_comp4+3_A_20_1_5_comp5+3_A_20_1_5_comp6+3_A_20_1_5_comp7+3_A_20_1_5_comp8+3_A_20_1_5_comp9+3_A_20_1_5_comp10+3_A_20_1_5_comp11+3_A_20_1_5_comp12+3_A_20_1_5_comp13+3_A_20_1_5_comp14+3_A_20_1_5_comp15+3_A_20_1_5_comp16+3_A_20_1_5_comp17+3_A_20_1_5_comp18+3_A_20_1_5_comp19+3_A_20_1_5_comp20+3_A_20_1_5_comp21+3_A_20_1_5_comp22+3_A_20_1_5_comp23+3_A_20_1_5_comp24+3_A_20_1_5_comp25+3_A_20_1_5_comp26+3_A_20_1_5_comp27+3_A_20_1_5_comp28,R_3_A_20_1_5,TCDB,TCDB.3_A_20_1_5_comp27
G_3_A_20_1_5_comp28,P_3_A_20_1_5_comp1+3_A_20_1_5_comp2+3_A_20_1_5_comp3+3_A_20_1_5_comp4+3_A_20_1_5_comp5+3_A_20_1_5_comp6+3_A_20_1_5_comp7+3_A_20_1_5_comp8+3_A_20_1_5_comp9+3_A_20_1_5_comp10+3_A_20_1_5_comp11+3_A_20_1_5_comp12+3_A_20_1_5_comp13+3_A_20_1_5_comp14+3_A_20_1_5_comp15+3_A_20_1_5_comp16+3_A_20_1_5_comp17+3_A_20_1_5_comp18+3_A_20_1_5_comp19+3_A_20_1_5_comp20+3_A_20_1_5_comp21+3_A_20_1_5_comp22+3_A_20_1_5_comp23+3_A_20_1_5_comp24+3_A_20_1_5_comp25+3_A_20_1_5_comp26+3_A_20_1_5_comp27+3_A_20_1_5_comp28,R_3_A_20_1_5,TCDB,TCDB.3_A_20_1_5_comp28
G_1_B_6_1_11_comp1,P_1_B_6_1_11_comp1,R_1_B_6_1_11,TCDB,TCDB.1_B_6_1_11_comp1
G_1_C_26_1_1_comp1,P_1_C_26_1_1_comp1,R_1_C_26_1_1,TCDB,TCDB.1_C_26_1_1_comp1
G_1_A_9_5_5_comp1,P_1_A_9_5_5_comp1,R_1_A_9_5_5,TCDB,TCDB.1_A_9_5_5_comp1
G_2_A_1_38_1_comp1,P_2_A_1_38_1_comp1,R_2_A_1_38_1,TCDB,TCDB.2_A_1_38_1_comp1
G_1_B_17_3_2_comp1,P_1_B_17_3_2_comp1,R_1_B_17_3_2,TCDB,TCDB.1_B_17_3_2_comp1
G_1_B_17_3_1_comp1,P_1_B_17_3_1_comp1,R_1_B_17_3_1,TCDB,TCDB.1_B_17_3_1_comp1
G_2_A_6_2_7_comp1,P_2_A_6_2_7_comp1,R_2_A_6_2_7,TCDB,TCDB.2_A_6_2_7_comp1
G_2_A_6_2_1_comp1,P_2_A_6_2_1_comp1,R_2_A_6_2_1,TCDB,TCDB.2_A_6_2_1_comp1
G_2_A_3_1_1_comp1,P_2_A_3_1_1_comp1,R_2_A_3_1_1,TCDB,TCDB.2_A_3_1_1_comp1
G_4_A_1_2_3_comp1,P_4_A_1_2_3_comp1,R_4_A_1_2_3,TCDB,TCDB.4_A_1_2_3_comp1
G_1_C_52_1_37_comp1,P_1_C_52_1_37_comp1,R_1_C_52_1_37,TCDB,TCDB.1_C_52_1_37_comp1
G_1_B_1_6_1_comp1,P_1_B_1_6_1_comp1,R_1_B_1_6_1,TCDB,TCDB.1_B_1_6_1_comp1
G_1_C_85_2_1_comp1,P_1_C_85_2_1_comp1,R_1_C_85_2_1,TCDB,TCDB.1_C_85_2_1_comp1
G_9_B_191_1_5_comp1,P_9_B_191_1_5_comp1,R_9_B_191_1_5,TCDB,TCDB.9_B_191_1_5_comp1
G_8_A_152_1_9_comp1,P_8_A_152_1_9_comp1+8_A_152_1_9_comp2,R_8_A_152_1_9,TCDB,TCDB.8_A_152_1_9_comp1
G_8_A_152_1_9_comp2,P_8_A_152_1_9_comp1+8_A_152_1_9_comp2,R_8_A_152_1_9,TCDB,TCDB.8_A_152_1_9_comp2
G_1_C_115_1_1_comp1,P_1_C_115_1_1_comp1,R_1_C_115_1_1,TCDB,TCDB.1_C_115_1_1_comp1
G_4_B_1_1_1_comp1,P_4_B_1_1_1_comp1+4_B_1_1_1_comp2,R_4_B_1_1_1,TCDB,TCDB.4_B_1_1_1_comp1
G_4_B_1_1_1_comp2,P_4_B_1_1_1_comp1+4_B_1_1_1_comp2,R_4_B_1_1_1,TCDB,TCDB.4_B_1_1_1_comp2
G_3_A_1_101_1_comp1,P_3_A_1_101_1_comp1+3_A_1_101_1_comp2,R_3_A_1_101_1,TCDB,TCDB.3_A_1_101_1_comp1
G_3_A_1_101_1_comp2,P_3_A_1_101_1_comp1+3_A_1_101_1_comp2,R_3_A_1_101_1,TCDB,TCDB.3_A_1_101_1_comp2
G_1_A_6_2_1_comp1,P_1_A_6_2_1_comp1,R_1_A_6_2_1,TCDB,TCDB.1_A_6_2_1_comp1
G_8_A_28_1_6_comp1,P_8_A_28_1_6_comp1,R_8_A_28_1_6,TCDB,TCDB.8_A_28_1_6_comp1
G_2_A_23_2_1_comp1,P_2_A_23_2_1_comp1,R_2_A_23_2_1,TCDB,TCDB.2_A_23_2_1_comp1
G_2_A_23_1_2_comp1,P_2_A_23_1_2_comp1,R_2_A_23_1_2,TCDB,TCDB.2_A_23_1_2_comp1
G_3_A_5_6_1_comp1,P_3_A_5_6_1_comp1,R_3_A_5_6_1,TCDB,TCDB.3_A_5_6_1_comp1
G_9_B_324_4_1_comp1,P_9_B_324_4_1_comp1,R_9_B_324_4_1,TCDB,TCDB.9_B_324_4_1_comp1
G_9_A_14_13_44_comp1,P_9_A_14_13_44_comp1,R_9_A_14_13_44,TCDB,TCDB.9_A_14_13_44_comp1
G_8_A_85_1_1_comp1,P_8_A_85_1_1_comp1,R_8_A_85_1_1,TCDB,TCDB.8_A_85_1_1_comp1
G_9_A_14_13_3_comp1,P_9_A_14_13_3_comp1,R_9_A_14_13_3,TCDB,TCDB.9_A_14_13_3_comp1
G_9_A_14_13_37_comp1,P_9_A_14_13_37_comp1,R_9_A_14_13_37,TCDB,TCDB.9_A_14_13_37_comp1
G_1_A_9_5_11_comp1,P_1_A_9_5_11_comp1,R_1_A_9_5_11,TCDB,TCDB.1_A_9_5_11_comp1
G_1_B_14_1_14_comp1,P_1_B_14_1_14_comp1,R_1_B_14_1_14,TCDB,TCDB.1_B_14_1_14_comp1
G_2_A_26_1_2_comp1,P_2_A_26_1_2_comp1,R_2_A_26_1_2,TCDB,TCDB.2_A_26_1_2_comp1
G_8_A_17_2_4_comp1,P_8_A_17_2_4_comp1,R_8_A_17_2_4,TCDB,TCDB.8_A_17_2_4_comp1
G_1_G_18_1_2_comp1,P_1_G_18_1_2_comp1,R_1_G_18_1_2,TCDB,TCDB.1_G_18_1_2_comp1
G_2_A_6_3_1_comp1,P_2_A_6_3_1_comp1,R_2_A_6_3_1,TCDB,TCDB.2_A_6_3_1_comp1
G_1_C_33_1_6_comp1,P_1_C_33_1_6_comp1,R_1_C_33_1_6,TCDB,TCDB.1_C_33_1_6_comp1
G_3_A_1_120_2_comp1,P_3_A_1_120_2_comp1,R_3_A_1_120_2,TCDB,TCDB.3_A_1_120_2_comp1
G_2_A_1_9_1_comp1,P_2_A_1_9_1_comp1,R_2_A_1_9_1,TCDB,TCDB.2_A_1_9_1_comp1
G_8_A_34_2_1_comp1,P_8_A_34_2_1_comp1,R_8_A_34_2_1,TCDB,TCDB.8_A_34_2_1_comp1
G_2_A_1_9_7_comp1,P_2_A_1_9_7_comp1,R_2_A_1_9_7,TCDB,TCDB.2_A_1_9_7_comp1
G_2_A_47_2_1_comp1,P_2_A_47_2_1_comp1,R_2_A_47_2_1,TCDB,TCDB.2_A_47_2_1_comp1
G_3_A_1_204_9_comp1,P_3_A_1_204_9_comp1,R_3_A_1_204_9,TCDB,TCDB.3_A_1_204_9_comp1
G_2_A_3_10_7_comp1,P_2_A_3_10_7_comp1,R_2_A_3_10_7,TCDB,TCDB.2_A_3_10_7_comp1
G_2_A_16_1_1_comp1,P_2_A_16_1_1_comp1,R_2_A_16_1_1,TCDB,TCDB.2_A_16_1_1_comp1
G_1_W_3_1_1_comp1,P_1_W_3_1_1_comp1,R_1_W_3_1_1,TCDB,TCDB.1_W_3_1_1_comp1
G_8_A_192_1_6_comp1,P_8_A_192_1_6_comp1,R_8_A_192_1_6,TCDB,TCDB.8_A_192_1_6_comp1
G_2_A_3_1_4_comp1,P_2_A_3_1_4_comp1,R_2_A_3_1_4,TCDB,TCDB.2_A_3_1_4_comp1
G_9_B_82_1_1_comp1,P_9_B_82_1_1_comp1,R_9_B_82_1_1,TCDB,TCDB.9_B_82_1_1_comp1
G_2_A_1_24_1_comp1,P_2_A_1_24_1_comp1,R_2_A_1_24_1,TCDB,TCDB.2_A_1_24_1_comp1
G_9_A_15_1_1_comp1,P_9_A_15_1_1_comp1+9_A_15_1_1_comp2+9_A_15_1_1_comp3+9_A_15_1_1_comp4+9_A_15_1_1_comp5+9_A_15_1_1_comp6+9_A_15_1_1_comp7+9_A_15_1_1_comp8+9_A_15_1_1_comp9+9_A_15_1_1_comp10+9_A_15_1_1_comp11,R_9_A_15_1_1,TCDB,TCDB.9_A_15_1_1_comp1
G_9_A_15_1_1_comp2,P_9_A_15_1_1_comp1+9_A_15_1_1_comp2+9_A_15_1_1_comp3+9_A_15_1_1_comp4+9_A_15_1_1_comp5+9_A_15_1_1_comp6+9_A_15_1_1_comp7+9_A_15_1_1_comp8+9_A_15_1_1_comp9+9_A_15_1_1_comp10+9_A_15_1_1_comp11,R_9_A_15_1_1,TCDB,TCDB.9_A_15_1_1_comp2
G_9_A_15_1_1_comp3,P_9_A_15_1_1_comp1+9_A_15_1_1_comp2+9_A_15_1_1_comp3+9_A_15_1_1_comp4+9_A_15_1_1_comp5+9_A_15_1_1_comp6+9_A_15_1_1_comp7+9_A_15_1_1_comp8+9_A_15_1_1_comp9+9_A_15_1_1_comp10+9_A_15_1_1_comp11,R_9_A_15_1_1,TCDB,TCDB.9_A_15_1_1_comp3
G_9_A_15_1_1_comp4,P_9_A_15_1_1_comp1+9_A_15_1_1_comp2+9_A_15_1_1_comp3+9_A_15_1_1_comp4+9_A_15_1_1_comp5+9_A_15_1_1_comp6+9_A_15_1_1_comp7+9_A_15_1_1_comp8+9_A_15_1_1_comp9+9_A_15_1_1_comp10+9_A_15_1_1_comp11,R_9_A_15_1_1,TCDB,TCDB.9_A_15_1_1_comp4
G_9_A_15_1_1_comp5,P_9_A_15_1_1_comp1+9_A_15_1_1_comp2+9_A_15_1_1_comp3+9_A_15_1_1_comp4+9_A_15_1_1_comp5+9_A_15_1_1_comp6+9_A_15_1_1_comp7+9_A_15_1_1_comp8+9_A_15_1_1_comp9+9_A_15_1_1_comp10+9_A_15_1_1_comp11,R_9_A_15_1_1,TCDB,TCDB.9_A_15_1_1_comp5
G_9_A_15_1_1_comp6,P_9_A_15_1_1_comp1+9_A_15_1_1_comp2+9_A_15_1_1_comp3+9_A_15_1_1_comp4+9_A_15_1_1_comp5+9_A_15_1_1_comp6+9_A_15_1_1_comp7+9_A_15_1_1_comp8+9_A_15_1_1_comp9+9_A_15_1_1_comp10+9_A_15_1_1_comp11,R_9_A_15_1_1,TCDB,TCDB.9_A_15_1_1_comp6
G_9_A_15_1_1_comp7,P_9_A_15_1_1_comp1+9_A_15_1_1_comp2+9_A_15_1_1_comp3+9_A_15_1_1_comp4+9_A_15_1_1_comp5+9_A_15_1_1_comp6+9_A_15_1_1_comp7+9_A_15_1_1_comp8+9_A_15_1_1_comp9+9_A_15_1_1_comp10+9_A_15_1_1_comp11,R_9_A_15_1_1,TCDB,TCDB.9_A_15_1_1_comp7
G_9_A_15_1_1_comp8,P_9_A_15_1_1_comp1+9_A_15_1_1_comp2+9_A_15_1_1_comp3+9_A_15_1_1_comp4+9_A_15_1_1_comp5+9_A_15_1_1_comp6+9_A_15_1_1_comp7+9_A_15_1_1_comp8+9_A_15_1_1_comp9+9_A_15_1_1_comp10+9_A_15_1_1_comp11,R_9_A_15_1_1,TCDB,TCDB.9_A_15_1_1_comp8
G_9_A_15_1_1_comp9,P_9_A_15_1_1_comp1+9_A_15_1_1_comp2+9_A_15_1_1_comp3+9_A_15_1_1_comp4+9_A_15_1_1_comp5+9_A_15_1_1_comp6+9_A_15_1_1_comp7+9_A_15_1_1_comp8+9_A_15_1_1_comp9+9_A_15_1_1_comp10+9_A_15_1_1_comp11,R_9_A_15_1_1,TCDB,TCDB.9_A_15_1_1_comp9
G_9_A_15_1_1_comp10,P_9_A_15_1_1_comp1+9_A_15_1_1_comp2+9_A_15_1_1_comp3+9_A_15_1_1_comp4+9_A_15_1_1_comp5+9_A_15_1_1_comp6+9_A_15_1_1_comp7+9_A_15_1_1_comp8+9_A_15_1_1_comp9+9_A_15_1_1_comp10+9_A_15_1_1_comp11,R_9_A_15_1_1,TCDB,TCDB.9_A_15_1_1_comp10
G_9_A_15_1_1_comp11,P_9_A_15_1_1_comp1+9_A_15_1_1_comp2+9_A_15_1_1_comp3+9_A_15_1_1_comp4+9_A_15_1_1_comp5+9_A_15_1_1_comp6+9_A_15_1_1_comp7+9_A_15_1_1_comp8+9_A_15_1_1_comp9+9_A_15_1_1_comp10+9_A_15_1_1_comp11,R_9_A_15_1_1,TCDB,TCDB.9_A_15_1_1_comp11
G_3_A_31_1_1_comp1,P_3_A_31_1_1_comp1+3_A_31_1_1_comp2+3_A_31_1_1_comp3+3_A_31_1_1_comp4+3_A_31_1_1_comp5+3_A_31_1_1_comp6+3_A_31_1_1_comp7+3_A_31_1_1_comp8+3_A_31_1_1_comp9+3_A_31_1_1_comp10+3_A_31_1_1_comp11+3_A_31_1_1_comp12+3_A_31_1_1_comp13+3_A_31_1_1_comp14+3_A_31_1_1_comp15+3_A_31_1_1_comp16+3_A_31_1_1_comp17+3_A_31_1_1_comp18+3_A_31_1_1_comp19+3_A_31_1_1_comp20+3_A_31_1_1_comp21+3_A_31_1_1_comp22+3_A_31_1_1_comp23+3_A_31_1_1_comp24+3_A_31_1_1_comp25,R_3_A_31_1_1,TCDB,TCDB.3_A_31_1_1_comp1
G_3_A_31_1_1_comp2,P_3_A_31_1_1_comp1+3_A_31_1_1_comp2+3_A_31_1_1_comp3+3_A_31_1_1_comp4+3_A_31_1_1_comp5+3_A_31_1_1_comp6+3_A_31_1_1_comp7+3_A_31_1_1_comp8+3_A_31_1_1_comp9+3_A_31_1_1_comp10+3_A_31_1_1_comp11+3_A_31_1_1_comp12+3_A_31_1_1_comp13+3_A_31_1_1_comp14+3_A_31_1_1_comp15+3_A_31_1_1_comp16+3_A_31_1_1_comp17+3_A_31_1_1_comp18+3_A_31_1_1_comp19+3_A_31_1_1_comp20+3_A_31_1_1_comp21+3_A_31_1_1_comp22+3_A_31_1_1_comp23+3_A_31_1_1_comp24+3_A_31_1_1_comp25,R_3_A_31_1_1,TCDB,TCDB.3_A_31_1_1_comp2
G_3_A_31_1_1_comp3,P_3_A_31_1_1_comp1+3_A_31_1_1_comp2+3_A_31_1_1_comp3+3_A_31_1_1_comp4+3_A_31_1_1_comp5+3_A_31_1_1_comp6+3_A_31_1_1_comp7+3_A_31_1_1_comp8+3_A_31_1_1_comp9+3_A_31_1_1_comp10+3_A_31_1_1_comp11+3_A_31_1_1_comp12+3_A_31_1_1_comp13+3_A_31_1_1_comp14+3_A_31_1_1_comp15+3_A_31_1_1_comp16+3_A_31_1_1_comp17+3_A_31_1_1_comp18+3_A_31_1_1_comp19+3_A_31_1_1_comp20+3_A_31_1_1_comp21+3_A_31_1_1_comp22+3_A_31_1_1_comp23+3_A_31_1_1_comp24+3_A_31_1_1_comp25,R_3_A_31_1_1,TCDB,TCDB.3_A_31_1_1_comp3
G_3_A_31_1_1_comp4,P_3_A_31_1_1_comp1+3_A_31_1_1_comp2+3_A_31_1_1_comp3+3_A_31_1_1_comp4+3_A_31_1_1_comp5+3_A_31_1_1_comp6+3_A_31_1_1_comp7+3_A_31_1_1_comp8+3_A_31_1_1_comp9+3_A_31_1_1_comp10+3_A_31_1_1_comp11+3_A_31_1_1_comp12+3_A_31_1_1_comp13+3_A_31_1_1_comp14+3_A_31_1_1_comp15+3_A_31_1_1_comp16+3_A_31_1_1_comp17+3_A_31_1_1_comp18+3_A_31_1_1_comp19+3_A_31_1_1_comp20+3_A_31_1_1_comp21+3_A_31_1_1_comp22+3_A_31_1_1_comp23+3_A_31_1_1_comp24+3_A_31_1_1_comp25,R_3_A_31_1_1,TCDB,TCDB.3_A_31_1_1_comp4
G_3_A_31_1_1_comp5,P_3_A_31_1_1_comp1+3_A_31_1_1_comp2+3_A_31_1_1_comp3+3_A_31_1_1_comp4+3_A_31_1_1_comp5+3_A_31_1_1_comp6+3_A_31_1_1_comp7+3_A_31_1_1_comp8+3_A_31_1_1_comp9+3_A_31_1_1_comp10+3_A_31_1_1_comp11+3_A_31_1_1_comp12+3_A_31_1_1_comp13+3_A_31_1_1_comp14+3_A_31_1_1_comp15+3_A_31_1_1_comp16+3_A_31_1_1_comp17+3_A_31_1_1_comp18+3_A_31_1_1_comp19+3_A_31_1_1_comp20+3_A_31_1_1_comp21+3_A_31_1_1_comp22+3_A_31_1_1_comp23+3_A_31_1_1_comp24+3_A_31_1_1_comp25,R_3_A_31_1_1,TCDB,TCDB.3_A_31_1_1_comp5
G_3_A_31_1_1_comp6,P_3_A_31_1_1_comp1+3_A_31_1_1_comp2+3_A_31_1_1_comp3+3_A_31_1_1_comp4+3_A_31_1_1_comp5+3_A_31_1_1_comp6+3_A_31_1_1_comp7+3_A_31_1_1_comp8+3_A_31_1_1_comp9+3_A_31_1_1_comp10+3_A_31_1_1_comp11+3_A_31_1_1_comp12+3_A_31_1_1_comp13+3_A_31_1_1_comp14+3_A_31_1_1_comp15+3_A_31_1_1_comp16+3_A_31_1_1_comp17+3_A_31_1_1_comp18+3_A_31_1_1_comp19+3_A_31_1_1_comp20+3_A_31_1_1_comp21+3_A_31_1_1_comp22+3_A_31_1_1_comp23+3_A_31_1_1_comp24+3_A_31_1_1_comp25,R_3_A_31_1_1,TCDB,TCDB.3_A_31_1_1_comp6
G_3_A_31_1_1_comp7,P_3_A_31_1_1_comp1+3_A_31_1_1_comp2+3_A_31_1_1_comp3+3_A_31_1_1_comp4+3_A_31_1_1_comp5+3_A_31_1_1_comp6+3_A_31_1_1_comp7+3_A_31_1_1_comp8+3_A_31_1_1_comp9+3_A_31_1_1_comp10+3_A_31_1_1_comp11+3_A_31_1_1_comp12+3_A_31_1_1_comp13+3_A_31_1_1_comp14+3_A_31_1_1_comp15+3_A_31_1_1_comp16+3_A_31_1_1_comp17+3_A_31_1_1_comp18+3_A_31_1_1_comp19+3_A_31_1_1_comp20+3_A_31_1_1_comp21+3_A_31_1_1_comp22+3_A_31_1_1_comp23+3_A_31_1_1_comp24+3_A_31_1_1_comp25,R_3_A_31_1_1,TCDB,TCDB.3_A_31_1_1_comp7
G_3_A_31_1_1_comp8,P_3_A_31_1_1_comp1+3_A_31_1_1_comp2+3_A_31_1_1_comp3+3_A_31_1_1_comp4+3_A_31_1_1_comp5+3_A_31_1_1_comp6+3_A_31_1_1_comp7+3_A_31_1_1_comp8+3_A_31_1_1_comp9+3_A_31_1_1_comp10+3_A_31_1_1_comp11+3_A_31_1_1_comp12+3_A_31_1_1_comp13+3_A_31_1_1_comp14+3_A_31_1_1_comp15+3_A_31_1_1_comp16+3_A_31_1_1_comp17+3_A_31_1_1_comp18+3_A_31_1_1_comp19+3_A_31_1_1_comp20+3_A_31_1_1_comp21+3_A_31_1_1_comp22+3_A_31_1_1_comp23+3_A_31_1_1_comp24+3_A_31_1_1_comp25,R_3_A_31_1_1,TCDB,TCDB.3_A_31_1_1_comp8
G_3_A_31_1_1_comp9,P_3_A_31_1_1_comp1+3_A_31_1_1_comp2+3_A_31_1_1_comp3+3_A_31_1_1_comp4+3_A_31_1_1_comp5+3_A_31_1_1_comp6+3_A_31_1_1_comp7+3_A_31_1_1_comp8+3_A_31_1_1_comp9+3_A_31_1_1_comp10+3_A_31_1_1_comp11+3_A_31_1_1_comp12+3_A_31_1_1_comp13+3_A_31_1_1_comp14+3_A_31_1_1_comp15+3_A_31_1_1_comp16+3_A_31_1_1_comp17+3_A_31_1_1_comp18+3_A_31_1_1_comp19+3_A_31_1_1_comp20+3_A_31_1_1_comp21+3_A_31_1_1_comp22+3_A_31_1_1_comp23+3_A_31_1_1_comp24+3_A_31_1_1_comp25,R_3_A_31_1_1,TCDB,TCDB.3_A_31_1_1_comp9
G_3_A_31_1_1_comp10,P_3_A_31_1_1_comp1+3_A_31_1_1_comp2+3_A_31_1_1_comp3+3_A_31_1_1_comp4+3_A_31_1_1_comp5+3_A_31_1_1_comp6+3_A_31_1_1_comp7+3_A_31_1_1_comp8+3_A_31_1_1_comp9+3_A_31_1_1_comp10+3_A_31_1_1_comp11+3_A_31_1_1_comp12+3_A_31_1_1_comp13+3_A_31_1_1_comp14+3_A_31_1_1_comp15+3_A_31_1_1_comp16+3_A_31_1_1_comp17+3_A_31_1_1_comp18+3_A_31_1_1_comp19+3_A_31_1_1_comp20+3_A_31_1_1_comp21+3_A_31_1_1_comp22+3_A_31_1_1_comp23+3_A_31_1_1_comp24+3_A_31_1_1_comp25,R_3_A_31_1_1,TCDB,TCDB.3_A_31_1_1_comp10
G_3_A_31_1_1_comp11,P_3_A_31_1_1_comp1+3_A_31_1_1_comp2+3_A_31_1_1_comp3+3_A_31_1_1_comp4+3_A_31_1_1_comp5+3_A_31_1_1_comp6+3_A_31_1_1_comp7+3_A_31_1_1_comp8+3_A_31_1_1_comp9+3_A_31_1_1_comp10+3_A_31_1_1_comp11+3_A_31_1_1_comp12+3_A_31_1_1_comp13+3_A_31_1_1_comp14+3_A_31_1_1_comp15+3_A_31_1_1_comp16+3_A_31_1_1_comp17+3_A_31_1_1_comp18+3_A_31_1_1_comp19+3_A_31_1_1_comp20+3_A_31_1_1_comp21+3_A_31_1_1_comp22+3_A_31_1_1_comp23+3_A_31_1_1_comp24+3_A_31_1_1_comp25,R_3_A_31_1_1,TCDB,TCDB.3_A_31_1_1_comp11
G_3_A_31_1_1_comp12,P_3_A_31_1_1_comp1+3_A_31_1_1_comp2+3_A_31_1_1_comp3+3_A_31_1_1_comp4+3_A_31_1_1_comp5+3_A_31_1_1_comp6+3_A_31_1_1_comp7+3_A_31_1_1_comp8+3_A_31_1_1_comp9+3_A_31_1_1_comp10+3_A_31_1_1_comp11+3_A_31_1_1_comp12+3_A_31_1_1_comp13+3_A_31_1_1_comp14+3_A_31_1_1_comp15+3_A_31_1_1_comp16+3_A_31_1_1_comp17+3_A_31_1_1_comp18+3_A_31_1_1_comp19+3_A_31_1_1_comp20+3_A_31_1_1_comp21+3_A_31_1_1_comp22+3_A_31_1_1_comp23+3_A_31_1_1_comp24+3_A_31_1_1_comp25,R_3_A_31_1_1,TCDB,TCDB.3_A_31_1_1_comp12
G_3_A_31_1_1_comp13,P_3_A_31_1_1_comp1+3_A_31_1_1_comp2+3_A_31_1_1_comp3+3_A_31_1_1_comp4+3_A_31_1_1_comp5+3_A_31_1_1_comp6+3_A_31_1_1_comp7+3_A_31_1_1_comp8+3_A_31_1_1_comp9+3_A_31_1_1_comp10+3_A_31_1_1_comp11+3_A_31_1_1_comp12+3_A_31_1_1_comp13+3_A_31_1_1_comp14+3_A_31_1_1_comp15+3_A_31_1_1_comp16+3_A_31_1_1_comp17+3_A_31_1_1_comp18+3_A_31_1_1_comp19+3_A_31_1_1_comp20+3_A_31_1_1_comp21+3_A_31_1_1_comp22+3_A_31_1_1_comp23+3_A_31_1_1_comp24+3_A_31_1_1_comp25,R_3_A_31_1_1,TCDB,TCDB.3_A_31_1_1_comp13
G_3_A_31_1_1_comp14,P_3_A_31_1_1_comp1+3_A_31_1_1_comp2+3_A_31_1_1_comp3+3_A_31_1_1_comp4+3_A_31_1_1_comp5+3_A_31_1_1_comp6+3_A_31_1_1_comp7+3_A_31_1_1_comp8+3_A_31_1_1_comp9+3_A_31_1_1_comp10+3_A_31_1_1_comp11+3_A_31_1_1_comp12+3_A_31_1_1_comp13+3_A_31_1_1_comp14+3_A_31_1_1_comp15+3_A_31_1_1_comp16+3_A_31_1_1_comp17+3_A_31_1_1_comp18+3_A_31_1_1_comp19+3_A_31_1_1_comp20+3_A_31_1_1_comp21+3_A_31_1_1_comp22+3_A_31_1_1_comp23+3_A_31_1_1_comp24+3_A_31_1_1_comp25,R_3_A_31_1_1,TCDB,TCDB.3_A_31_1_1_comp14
G_3_A_31_1_1_comp15,P_3_A_31_1_1_comp1+3_A_31_1_1_comp2+3_A_31_1_1_comp3+3_A_31_1_1_comp4+3_A_31_1_1_comp5+3_A_31_1_1_comp6+3_A_31_1_1_comp7+3_A_31_1_1_comp8+3_A_31_1_1_comp9+3_A_31_1_1_comp10+3_A_31_1_1_comp11+3_A_31_1_1_comp12+3_A_31_1_1_comp13+3_A_31_1_1_comp14+3_A_31_1_1_comp15+3_A_31_1_1_comp16+3_A_31_1_1_comp17+3_A_31_1_1_comp18+3_A_31_1_1_comp19+3_A_31_1_1_comp20+3_A_31_1_1_comp21+3_A_31_1_1_comp22+3_A_31_1_1_comp23+3_A_31_1_1_comp24+3_A_31_1_1_comp25,R_3_A_31_1_1,TCDB,TCDB.3_A_31_1_1_comp15
G_3_A_31_1_1_comp16,P_3_A_31_1_1_comp1+3_A_31_1_1_comp2+3_A_31_1_1_comp3+3_A_31_1_1_comp4+3_A_31_1_1_comp5+3_A_31_1_1_comp6+3_A_31_1_1_comp7+3_A_31_1_1_comp8+3_A_31_1_1_comp9+3_A_31_1_1_comp10+3_A_31_1_1_comp11+3_A_31_1_1_comp12+3_A_31_1_1_comp13+3_A_31_1_1_comp14+3_A_31_1_1_comp15+3_A_31_1_1_comp16+3_A_31_1_1_comp17+3_A_31_1_1_comp18+3_A_31_1_1_comp19+3_A_31_1_1_comp20+3_A_31_1_1_comp21+3_A_31_1_1_comp22+3_A_31_1_1_comp23+3_A_31_1_1_comp24+3_A_31_1_1_comp25,R_3_A_31_1_1,TCDB,TCDB.3_A_31_1_1_comp16
G_3_A_31_1_1_comp17,P_3_A_31_1_1_comp1+3_A_31_1_1_comp2+3_A_31_1_1_comp3+3_A_31_1_1_comp4+3_A_31_1_1_comp5+3_A_31_1_1_comp6+3_A_31_1_1_comp7+3_A_31_1_1_comp8+3_A_31_1_1_comp9+3_A_31_1_1_comp10+3_A_31_1_1_comp11+3_A_31_1_1_comp12+3_A_31_1_1_comp13+3_A_31_1_1_comp14+3_A_31_1_1_comp15+3_A_31_1_1_comp16+3_A_31_1_1_comp17+3_A_31_1_1_comp18+3_A_31_1_1_comp19+3_A_31_1_1_comp20+3_A_31_1_1_comp21+3_A_31_1_1_comp22+3_A_31_1_1_comp23+3_A_31_1_1_comp24+3_A_31_1_1_comp25,R_3_A_31_1_1,TCDB,TCDB.3_A_31_1_1_comp17
G_3_A_31_1_1_comp18,P_3_A_31_1_1_comp1+3_A_31_1_1_comp2+3_A_31_1_1_comp3+3_A_31_1_1_comp4+3_A_31_1_1_comp5+3_A_31_1_1_comp6+3_A_31_1_1_comp7+3_A_31_1_1_comp8+3_A_31_1_1_comp9+3_A_31_1_1_comp10+3_A_31_1_1_comp11+3_A_31_1_1_comp12+3_A_31_1_1_comp13+3_A_31_1_1_comp14+3_A_31_1_1_comp15+3_A_31_1_1_comp16+3_A_31_1_1_comp17+3_A_31_1_1_comp18+3_A_31_1_1_comp19+3_A_31_1_1_comp20+3_A_31_1_1_comp21+3_A_31_1_1_comp22+3_A_31_1_1_comp23+3_A_31_1_1_comp24+3_A_31_1_1_comp25,R_3_A_31_1_1,TCDB,TCDB.3_A_31_1_1_comp18
G_3_A_31_1_1_comp19,P_3_A_31_1_1_comp1+3_A_31_1_1_comp2+3_A_31_1_1_comp3+3_A_31_1_1_comp4+3_A_31_1_1_comp5+3_A_31_1_1_comp6+3_A_31_1_1_comp7+3_A_31_1_1_comp8+3_A_31_1_1_comp9+3_A_31_1_1_comp10+3_A_31_1_1_comp11+3_A_31_1_1_comp12+3_A_31_1_1_comp13+3_A_31_1_1_comp14+3_A_31_1_1_comp15+3_A_31_1_1_comp16+3_A_31_1_1_comp17+3_A_31_1_1_comp18+3_A_31_1_1_comp19+3_A_31_1_1_comp20+3_A_31_1_1_comp21+3_A_31_1_1_comp22+3_A_31_1_1_comp23+3_A_31_1_1_comp24+3_A_31_1_1_comp25,R_3_A_31_1_1,TCDB,TCDB.3_A_31_1_1_comp19
G_3_A_31_1_1_comp20,P_3_A_31_1_1_comp1+3_A_31_1_1_comp2+3_A_31_1_1_comp3+3_A_31_1_1_comp4+3_A_31_1_1_comp5+3_A_31_1_1_comp6+3_A_31_1_1_comp7+3_A_31_1_1_comp8+3_A_31_1_1_comp9+3_A_31_1_1_comp10+3_A_31_1_1_comp11+3_A_31_1_1_comp12+3_A_31_1_1_comp13+3_A_31_1_1_comp14+3_A_31_1_1_comp15+3_A_31_1_1_comp16+3_A_31_1_1_comp17+3_A_31_1_1_comp18+3_A_31_1_1_comp19+3_A_31_1_1_comp20+3_A_31_1_1_comp21+3_A_31_1_1_comp22+3_A_31_1_1_comp23+3_A_31_1_1_comp24+3_A_31_1_1_comp25,R_3_A_31_1_1,TCDB,TCDB.3_A_31_1_1_comp20
G_3_A_31_1_1_comp21,P_3_A_31_1_1_comp1+3_A_31_1_1_comp2+3_A_31_1_1_comp3+3_A_31_1_1_comp4+3_A_31_1_1_comp5+3_A_31_1_1_comp6+3_A_31_1_1_comp7+3_A_31_1_1_comp8+3_A_31_1_1_comp9+3_A_31_1_1_comp10+3_A_31_1_1_comp11+3_A_31_1_1_comp12+3_A_31_1_1_comp13+3_A_31_1_1_comp14+3_A_31_1_1_comp15+3_A_31_1_1_comp16+3_A_31_1_1_comp17+3_A_31_1_1_comp18+3_A_31_1_1_comp19+3_A_31_1_1_comp20+3_A_31_1_1_comp21+3_A_31_1_1_comp22+3_A_31_1_1_comp23+3_A_31_1_1_comp24+3_A_31_1_1_comp25,R_3_A_31_1_1,TCDB,TCDB.3_A_31_1_1_comp21
G_3_A_31_1_1_comp22,P_3_A_31_1_1_comp1+3_A_31_1_1_comp2+3_A_31_1_1_comp3+3_A_31_1_1_comp4+3_A_31_1_1_comp5+3_A_31_1_1_comp6+3_A_31_1_1_comp7+3_A_31_1_1_comp8+3_A_31_1_1_comp9+3_A_31_1_1_comp10+3_A_31_1_1_comp11+3_A_31_1_1_comp12+3_A_31_1_1_comp13+3_A_31_1_1_comp14+3_A_31_1_1_comp15+3_A_31_1_1_comp16+3_A_31_1_1_comp17+3_A_31_1_1_comp18+3_A_31_1_1_comp19+3_A_31_1_1_comp20+3_A_31_1_1_comp21+3_A_31_1_1_comp22+3_A_31_1_1_comp23+3_A_31_1_1_comp24+3_A_31_1_1_comp25,R_3_A_31_1_1,TCDB,TCDB.3_A_31_1_1_comp22
G_3_A_31_1_1_comp23,P_3_A_31_1_1_comp1+3_A_31_1_1_comp2+3_A_31_1_1_comp3+3_A_31_1_1_comp4+3_A_31_1_1_comp5+3_A_31_1_1_comp6+3_A_31_1_1_comp7+3_A_31_1_1_comp8+3_A_31_1_1_comp9+3_A_31_1_1_comp10+3_A_31_1_1_comp11+3_A_31_1_1_comp12+3_A_31_1_1_comp13+3_A_31_1_1_comp14+3_A_31_1_1_comp15+3_A_31_1_1_comp16+3_A_31_1_1_comp17+3_A_31_1_1_comp18+3_A_31_1_1_comp19+3_A_31_1_1_comp20+3_A_31_1_1_comp21+3_A_31_1_1_comp22+3_A_31_1_1_comp23+3_A_31_1_1_comp24+3_A_31_1_1_comp25,R_3_A_31_1_1,TCDB,TCDB.3_A_31_1_1_comp23
G_3_A_31_1_1_comp24,P_3_A_31_1_1_comp1+3_A_31_1_1_comp2+3_A_31_1_1_comp3+3_A_31_1_1_comp4+3_A_31_1_1_comp5+3_A_31_1_1_comp6+3_A_31_1_1_comp7+3_A_31_1_1_comp8+3_A_31_1_1_comp9+3_A_31_1_1_comp10+3_A_31_1_1_comp11+3_A_31_1_1_comp12+3_A_31_1_1_comp13+3_A_31_1_1_comp14+3_A_31_1_1_comp15+3_A_31_1_1_comp16+3_A_31_1_1_comp17+3_A_31_1_1_comp18+3_A_31_1_1_comp19+3_A_31_1_1_comp20+3_A_31_1_1_comp21+3_A_31_1_1_comp22+3_A_31_1_1_comp23+3_A_31_1_1_comp24+3_A_31_1_1_comp25,R_3_A_31_1_1,TCDB,TCDB.3_A_31_1_1_comp24
G_3_A_31_1_1_comp25,P_3_A_31_1_1_comp1+3_A_31_1_1_comp2+3_A_31_1_1_comp3+3_A_31_1_1_comp4+3_A_31_1_1_comp5+3_A_31_1_1_comp6+3_A_31_1_1_comp7+3_A_31_1_1_comp8+3_A_31_1_1_comp9+3_A_31_1_1_comp10+3_A_31_1_1_comp11+3_A_31_1_1_comp12+3_A_31_1_1_comp13+3_A_31_1_1_comp14+3_A_31_1_1_comp15+3_A_31_1_1_comp16+3_A_31_1_1_comp17+3_A_31_1_1_comp18+3_A_31_1_1_comp19+3_A_31_1_1_comp20+3_A_31_1_1_comp21+3_A_31_1_1_comp22+3_A_31_1_1_comp23+3_A_31_1_1_comp24+3_A_31_1_1_comp25,R_3_A_31_1_1,TCDB,TCDB.3_A_31_1_1_comp25
G_3_A_30_1_1_comp1,P_3_A_30_1_1_comp1+3_A_30_1_1_comp2+3_A_30_1_1_comp3+3_A_30_1_1_comp4+3_A_30_1_1_comp5+3_A_30_1_1_comp6+3_A_30_1_1_comp7,R_3_A_30_1_1,TCDB,TCDB.3_A_30_1_1_comp1
G_3_A_30_1_1_comp2,P_3_A_30_1_1_comp1+3_A_30_1_1_comp2+3_A_30_1_1_comp3+3_A_30_1_1_comp4+3_A_30_1_1_comp5+3_A_30_1_1_comp6+3_A_30_1_1_comp7,R_3_A_30_1_1,TCDB,TCDB.3_A_30_1_1_comp2
G_3_A_30_1_1_comp3,P_3_A_30_1_1_comp1+3_A_30_1_1_comp2+3_A_30_1_1_comp3+3_A_30_1_1_comp4+3_A_30_1_1_comp5+3_A_30_1_1_comp6+3_A_30_1_1_comp7,R_3_A_30_1_1,TCDB,TCDB.3_A_30_1_1_comp3
G_3_A_30_1_1_comp4,P_3_A_30_1_1_comp1+3_A_30_1_1_comp2+3_A_30_1_1_comp3+3_A_30_1_1_comp4+3_A_30_1_1_comp5+3_A_30_1_1_comp6+3_A_30_1_1_comp7,R_3_A_30_1_1,TCDB,TCDB.3_A_30_1_1_comp4
G_3_A_30_1_1_comp5,P_3_A_30_1_1_comp1+3_A_30_1_1_comp2+3_A_30_1_1_comp3+3_A_30_1_1_comp4+3_A_30_1_1_comp5+3_A_30_1_1_comp6+3_A_30_1_1_comp7,R_3_A_30_1_1,TCDB,TCDB.3_A_30_1_1_comp5
G_3_A_30_1_1_comp6,P_3_A_30_1_1_comp1+3_A_30_1_1_comp2+3_A_30_1_1_comp3+3_A_30_1_1_comp4+3_A_30_1_1_comp5+3_A_30_1_1_comp6+3_A_30_1_1_comp7,R_3_A_30_1_1,TCDB,TCDB.3_A_30_1_1_comp6
G_3_A_30_1_1_comp7,P_3_A_30_1_1_comp1+3_A_30_1_1_comp2+3_A_30_1_1_comp3+3_A_30_1_1_comp4+3_A_30_1_1_comp5+3_A_30_1_1_comp6+3_A_30_1_1_comp7,R_3_A_30_1_1,TCDB,TCDB.3_A_30_1_1_comp7
G_2_A_96_1_4_comp1,P_2_A_96_1_4_comp1,R_2_A_96_1_4,TCDB,TCDB.2_A_96_1_4_comp1
G_9_B_131_1_1_comp1,P_9_B_131_1_1_comp1,R_9_B_131_1_1,TCDB,TCDB.9_B_131_1_1_comp1
G_3_E_1_4_1_comp1,P_3_E_1_4_1_comp1,R_3_E_1_4_1,TCDB,TCDB.3_E_1_4_1_comp1
G_2_A_1_14_18_comp1,P_2_A_1_14_18_comp1,R_2_A_1_14_18,TCDB,TCDB.2_A_1_14_18_comp1
G_8_A_178_1_1_comp1,P_8_A_178_1_1_comp1,R_8_A_178_1_1,TCDB,TCDB.8_A_178_1_1_comp1
G_8_A_27_1_2_comp1,P_8_A_27_1_2_comp1,R_8_A_27_1_2,TCDB,TCDB.8_A_27_1_2_comp1
G_2_A_9_3_1_comp1,P_2_A_9_3_1_comp1,R_2_A_9_3_1,TCDB,TCDB.2_A_9_3_1_comp1
G_1_B_11_4_1_comp1,P_1_B_11_4_1_comp1,R_1_B_11_4_1,TCDB,TCDB.1_B_11_4_1_comp1
G_2_A_3_1_2_comp1,P_2_A_3_1_2_comp1,R_2_A_3_1_2,TCDB,TCDB.2_A_3_1_2_comp1
G_2_A_95_1_7_comp1,P_2_A_95_1_7_comp1,R_2_A_95_1_7,TCDB,TCDB.2_A_95_1_7_comp1
G_2_A_1_2_20_comp1,P_2_A_1_2_20_comp1,R_2_A_1_2_20,TCDB,TCDB.2_A_1_2_20_comp1
G_9_B_169_1_2_comp1,P_9_B_169_1_2_comp1,R_9_B_169_1_2,TCDB,TCDB.9_B_169_1_2_comp1
G_1_A_8_11_1_comp1,P_1_A_8_11_1_comp1,R_1_A_8_11_1,TCDB,TCDB.1_A_8_11_1_comp1
G_1_A_8_10_3_comp1,P_1_A_8_10_3_comp1,R_1_A_8_10_3,TCDB,TCDB.1_A_8_10_3_comp1
G_2_A_29_3_2_comp1,P_2_A_29_3_2_comp1,R_2_A_29_3_2,TCDB,TCDB.2_A_29_3_2_comp1
G_1_B_12_5_5_comp1,P_1_B_12_5_5_comp1,R_1_B_12_5_5,TCDB,TCDB.1_B_12_5_5_comp1
G_3_A_14_1_1_comp1,P_3_A_14_1_1_comp1+3_A_14_1_1_comp2,R_3_A_14_1_1,TCDB,TCDB.3_A_14_1_1_comp1
G_3_A_14_1_1_comp2,P_3_A_14_1_1_comp1+3_A_14_1_1_comp2,R_3_A_14_1_1,TCDB,TCDB.3_A_14_1_1_comp2
G_3_E_1_3_1_comp1,P_3_E_1_3_1_comp1,R_3_E_1_3_1,TCDB,TCDB.3_E_1_3_1_comp1
G_8_A_25_1_1_comp1,P_8_A_25_1_1_comp1,R_8_A_25_1_1,TCDB,TCDB.8_A_25_1_1_comp1
G_2_A_1_41_3_comp1,P_2_A_1_41_3_comp1,R_2_A_1_41_3,TCDB,TCDB.2_A_1_41_3_comp1
G_2_A_1_41_1_comp1,P_2_A_1_41_1_comp1,R_2_A_1_41_1,TCDB,TCDB.2_A_1_41_1_comp1
G_1_B_3_1_3_comp1,P_1_B_3_1_3_comp1,R_1_B_3_1_3,TCDB,TCDB.1_B_3_1_3_comp1
G_2_A_37_2_1_comp1,P_2_A_37_2_1_comp1,R_2_A_37_2_1,TCDB,TCDB.2_A_37_2_1_comp1
G_1_A_31_1_9_comp1,P_1_A_31_1_9_comp1,R_1_A_31_1_9,TCDB,TCDB.1_A_31_1_9_comp1
G_3_D_3_5_1_comp1,P_3_D_3_5_1_comp1+3_D_3_5_1_comp2+3_D_3_5_1_comp3,R_3_D_3_5_1,TCDB,TCDB.3_D_3_5_1_comp1
G_3_D_3_5_1_comp2,P_3_D_3_5_1_comp1+3_D_3_5_1_comp2+3_D_3_5_1_comp3,R_3_D_3_5_1,TCDB,TCDB.3_D_3_5_1_comp2
G_3_D_3_5_1_comp3,P_3_D_3_5_1_comp1+3_D_3_5_1_comp2+3_D_3_5_1_comp3,R_3_D_3_5_1,TCDB,TCDB.3_D_3_5_1_comp3
G_1_G_8_1_2_comp1,P_1_G_8_1_2_comp1,R_1_G_8_1_2,TCDB,TCDB.1_G_8_1_2_comp1
G_4_A_6_1_2_comp1,P_4_A_6_1_2_comp1+4_A_6_1_2_comp2+4_A_6_1_2_comp3+4_A_6_1_2_comp4,R_4_A_6_1_2,TCDB,TCDB.4_A_6_1_2_comp1
G_4_A_6_1_2_comp2,P_4_A_6_1_2_comp1+4_A_6_1_2_comp2+4_A_6_1_2_comp3+4_A_6_1_2_comp4,R_4_A_6_1_2,TCDB,TCDB.4_A_6_1_2_comp2
G_4_A_6_1_2_comp3,P_4_A_6_1_2_comp1+4_A_6_1_2_comp2+4_A_6_1_2_comp3+4_A_6_1_2_comp4,R_4_A_6_1_2,TCDB,TCDB.4_A_6_1_2_comp3
G_4_A_6_1_2_comp4,P_4_A_6_1_2_comp1+4_A_6_1_2_comp2+4_A_6_1_2_comp3+4_A_6_1_2_comp4,R_4_A_6_1_2,TCDB,TCDB.4_A_6_1_2_comp4
G_2_A_21_3_3_comp1,P_2_A_21_3_3_comp1,R_2_A_21_3_3,TCDB,TCDB.2_A_21_3_3_comp1
G_2_A_36_1_1_comp1,P_2_A_36_1_1_comp1,R_2_A_36_1_1,TCDB,TCDB.2_A_36_1_1_comp1
G_2_A_36_1_2_comp1,P_2_A_36_1_2_comp1,R_2_A_36_1_2,TCDB,TCDB.2_A_36_1_2_comp1
G_2_A_28_1_1_comp1,P_2_A_28_1_1_comp1,R_2_A_28_1_1,TCDB,TCDB.2_A_28_1_1_comp1
G_3_D_4_3_5_comp1,P_3_D_4_3_5_comp1,R_3_D_4_3_5,TCDB,TCDB.3_D_4_3_5_comp1
G_1_A_8_10_1_comp1,P_1_A_8_10_1_comp1,R_1_A_8_10_1,TCDB,TCDB.1_A_8_10_1_comp1
G_1_A_50_1_1_comp1,P_1_A_50_1_1_comp1,R_1_A_50_1_1,TCDB,TCDB.1_A_50_1_1_comp1
G_1_A_9_5_13_comp1,P_1_A_9_5_13_comp1,R_1_A_9_5_13,TCDB,TCDB.1_A_9_5_13_comp1
G_1_C_111_1_13_comp1,P_1_C_111_1_13_comp1,R_1_C_111_1_13,TCDB,TCDB.1_C_111_1_13_comp1
G_1_W_1_1_1_comp1,P_1_W_1_1_1_comp1,R_1_W_1_1_1,TCDB,TCDB.1_W_1_1_1_comp1
G_3_A_1_5_2_comp1,P_3_A_1_5_2_comp1+3_A_1_5_2_comp2+3_A_1_5_2_comp3+3_A_1_5_2_comp4+3_A_1_5_2_comp5,R_3_A_1_5_2,TCDB,TCDB.3_A_1_5_2_comp1
G_3_A_1_5_2_comp2,P_3_A_1_5_2_comp1+3_A_1_5_2_comp2+3_A_1_5_2_comp3+3_A_1_5_2_comp4+3_A_1_5_2_comp5,R_3_A_1_5_2,TCDB,TCDB.3_A_1_5_2_comp2
G_3_A_1_5_2_comp3,P_3_A_1_5_2_comp1+3_A_1_5_2_comp2+3_A_1_5_2_comp3+3_A_1_5_2_comp4+3_A_1_5_2_comp5,R_3_A_1_5_2,TCDB,TCDB.3_A_1_5_2_comp3
G_3_A_1_5_2_comp4,P_3_A_1_5_2_comp1+3_A_1_5_2_comp2+3_A_1_5_2_comp3+3_A_1_5_2_comp4+3_A_1_5_2_comp5,R_3_A_1_5_2,TCDB,TCDB.3_A_1_5_2_comp4
G_3_A_1_5_2_comp5,P_3_A_1_5_2_comp1+3_A_1_5_2_comp2+3_A_1_5_2_comp3+3_A_1_5_2_comp4+3_A_1_5_2_comp5,R_3_A_1_5_2,TCDB,TCDB.3_A_1_5_2_comp5
G_9_B_149_1_13_comp1,P_9_B_149_1_13_comp1,R_9_B_149_1_13,TCDB,TCDB.9_B_149_1_13_comp1
G_1_B_11_3_8_comp1,P_1_B_11_3_8_comp1,R_1_B_11_3_8,TCDB,TCDB.1_B_11_3_8_comp1
G_8_A_152_2_1_comp1,P_8_A_152_2_1_comp1,R_8_A_152_2_1,TCDB,TCDB.8_A_152_2_1_comp1
G_8_A_21_1_1_comp1,P_8_A_21_1_1_comp1,R_8_A_21_1_1,TCDB,TCDB.8_A_21_1_1_comp1
G_2_A_7_6_1_comp1,P_2_A_7_6_1_comp1,R_2_A_7_6_1,TCDB,TCDB.2_A_7_6_1_comp1
G_1_A_6_2_6_comp1,P_1_A_6_2_6_comp1,R_1_A_6_2_6,TCDB,TCDB.1_A_6_2_6_comp1
G_9_B_67_5_1_comp1,P_9_B_67_5_1_comp1,R_9_B_67_5_1,TCDB,TCDB.9_B_67_5_1_comp1
G_8_A_1_1_1_comp1,P_8_A_1_1_1_comp1,R_8_A_1_1_1,TCDB,TCDB.8_A_1_1_1_comp1
G_8_A_98_1_9_comp1,P_8_A_98_1_9_comp1,R_8_A_98_1_9,TCDB,TCDB.8_A_98_1_9_comp1
G_1_E_1_1_1_comp1,P_1_E_1_1_1_comp1,R_1_E_1_1_1,TCDB,TCDB.1_E_1_1_1_comp1
G_1_K_2_1_1_comp1,P_1_K_2_1_1_comp1+1_K_2_1_1_comp2+1_K_2_1_1_comp3,R_1_K_2_1_1,TCDB,TCDB.1_K_2_1_1_comp1
G_1_K_2_1_1_comp2,P_1_K_2_1_1_comp1+1_K_2_1_1_comp2+1_K_2_1_1_comp3,R_1_K_2_1_1,TCDB,TCDB.1_K_2_1_1_comp2
G_1_K_2_1_1_comp3,P_1_K_2_1_1_comp1+1_K_2_1_1_comp2+1_K_2_1_1_comp3,R_1_K_2_1_1,TCDB,TCDB.1_K_2_1_1_comp3
G_8_A_51_1_5_comp1,P_8_A_51_1_5_comp1,R_8_A_51_1_5,TCDB,TCDB.8_A_51_1_5_comp1
G_2_A_47_2_2_comp1,P_2_A_47_2_2_comp1,R_2_A_47_2_2,TCDB,TCDB.2_A_47_2_2_comp1
G_2_A_35_1_1_comp1,P_2_A_35_1_1_comp1,R_2_A_35_1_1,TCDB,TCDB.2_A_35_1_1_comp1
G_2_A_99_1_1_comp1,P_2_A_99_1_1_comp1,R_2_A_99_1_1,TCDB,TCDB.2_A_99_1_1_comp1
G_1_A_25_1_3_comp1,P_1_A_25_1_3_comp1,R_1_A_25_1_3,TCDB,TCDB.1_A_25_1_3_comp1
G_1_A_1_11_1_comp1,P_1_A_1_11_1_comp1,R_1_A_1_11_1,TCDB,TCDB.1_A_1_11_1_comp1
G_8_A_165_1_2_comp1,P_8_A_165_1_2_comp1,R_8_A_165_1_2,TCDB,TCDB.8_A_165_1_2_comp1
G_8_A_165_1_1_comp1,P_8_A_165_1_1_comp1,R_8_A_165_1_1,TCDB,TCDB.8_A_165_1_1_comp1
G_9_B_18_2_4_comp1,P_9_B_18_2_4_comp1,R_9_B_18_2_4,TCDB,TCDB.9_B_18_2_4_comp1
G_2_A_3_1_15_comp1,P_2_A_3_1_15_comp1,R_2_A_3_1_15,TCDB,TCDB.2_A_3_1_15_comp1
G_9_B_21_2_1_comp1,P_9_B_21_2_1_comp1,R_9_B_21_2_1,TCDB,TCDB.9_B_21_2_1_comp1
G_2_A_7_7_2_comp1,P_2_A_7_7_2_comp1,R_2_A_7_7_2,TCDB,TCDB.2_A_7_7_2_comp1
G_9_A_14_3_6_comp1,P_9_A_14_3_6_comp1,R_9_A_14_3_6,TCDB,TCDB.9_A_14_3_6_comp1
G_9_A_14_3_17_comp1,P_9_A_14_3_17_comp1,R_9_A_14_3_17,TCDB,TCDB.9_A_14_3_17_comp1
G_2_A_1_2_7_comp1,P_2_A_1_2_7_comp1,R_2_A_1_2_7,TCDB,TCDB.2_A_1_2_7_comp1
G_9_B_121_5_1_comp1,P_9_B_121_5_1_comp1,R_9_B_121_5_1,TCDB,TCDB.9_B_121_5_1_comp1
G_3_A_1_203_1_comp1,P_3_A_1_203_1_comp1,R_3_A_1_203_1,TCDB,TCDB.3_A_1_203_1_comp1
G_2_A_66_1_4_comp1,P_2_A_66_1_4_comp1,R_2_A_66_1_4,TCDB,TCDB.2_A_66_1_4_comp1
G_1_C_19_1_5_comp1,P_1_C_19_1_5_comp1,R_1_C_19_1_5,TCDB,TCDB.1_C_19_1_5_comp1
G_3_A_5_7_1_comp1,P_3_A_5_7_1_comp1+3_A_5_7_1_comp2+3_A_5_7_1_comp3+3_A_5_7_1_comp4+3_A_5_7_1_comp5+3_A_5_7_1_comp6+3_A_5_7_1_comp7+3_A_5_7_1_comp8,R_3_A_5_7_1,TCDB,TCDB.3_A_5_7_1_comp1
G_3_A_5_7_1_comp2,P_3_A_5_7_1_comp1+3_A_5_7_1_comp2+3_A_5_7_1_comp3+3_A_5_7_1_comp4+3_A_5_7_1_comp5+3_A_5_7_1_comp6+3_A_5_7_1_comp7+3_A_5_7_1_comp8,R_3_A_5_7_1,TCDB,TCDB.3_A_5_7_1_comp2
G_3_A_5_7_1_comp3,P_3_A_5_7_1_comp1+3_A_5_7_1_comp2+3_A_5_7_1_comp3+3_A_5_7_1_comp4+3_A_5_7_1_comp5+3_A_5_7_1_comp6+3_A_5_7_1_comp7+3_A_5_7_1_comp8,R_3_A_5_7_1,TCDB,TCDB.3_A_5_7_1_comp3
G_3_A_5_7_1_comp4,P_3_A_5_7_1_comp1+3_A_5_7_1_comp2+3_A_5_7_1_comp3+3_A_5_7_1_comp4+3_A_5_7_1_comp5+3_A_5_7_1_comp6+3_A_5_7_1_comp7+3_A_5_7_1_comp8,R_3_A_5_7_1,TCDB,TCDB.3_A_5_7_1_comp4
G_3_A_5_7_1_comp5,P_3_A_5_7_1_comp1+3_A_5_7_1_comp2+3_A_5_7_1_comp3+3_A_5_7_1_comp4+3_A_5_7_1_comp5+3_A_5_7_1_comp6+3_A_5_7_1_comp7+3_A_5_7_1_comp8,R_3_A_5_7_1,TCDB,TCDB.3_A_5_7_1_comp5
G_3_A_5_7_1_comp6,P_3_A_5_7_1_comp1+3_A_5_7_1_comp2+3_A_5_7_1_comp3+3_A_5_7_1_comp4+3_A_5_7_1_comp5+3_A_5_7_1_comp6+3_A_5_7_1_comp7+3_A_5_7_1_comp8,R_3_A_5_7_1,TCDB,TCDB.3_A_5_7_1_comp6
G_3_A_5_7_1_comp7,P_3_A_5_7_1_comp1+3_A_5_7_1_comp2+3_A_5_7_1_comp3+3_A_5_7_1_comp4+3_A_5_7_1_comp5+3_A_5_7_1_comp6+3_A_5_7_1_comp7+3_A_5_7_1_comp8,R_3_A_5_7_1,TCDB,TCDB.3_A_5_7_1_comp7
G_3_A_5_7_1_comp8,P_3_A_5_7_1_comp1+3_A_5_7_1_comp2+3_A_5_7_1_comp3+3_A_5_7_1_comp4+3_A_5_7_1_comp5+3_A_5_7_1_comp6+3_A_5_7_1_comp7+3_A_5_7_1_comp8,R_3_A_5_7_1,TCDB,TCDB.3_A_5_7_1_comp8
G_2_A_22_3_5_comp1,P_2_A_22_3_5_comp1,R_2_A_22_3_5,TCDB,TCDB.2_A_22_3_5_comp1
G_2_A_22_2_2_comp1,P_2_A_22_2_2_comp1,R_2_A_22_2_2,TCDB,TCDB.2_A_22_2_2_comp1
G_2_A_22_2_1_comp1,P_2_A_22_2_1_comp1,R_2_A_22_2_1,TCDB,TCDB.2_A_22_2_1_comp1
G_2_A_38_2_3_comp1,P_2_A_38_2_3_comp1,R_2_A_38_2_3,TCDB,TCDB.2_A_38_2_3_comp1
G_1_A_30_1_3_comp1,P_1_A_30_1_3_comp1+1_A_30_1_3_comp2,R_1_A_30_1_3,TCDB,TCDB.1_A_30_1_3_comp1
G_1_A_30_1_3_comp2,P_1_A_30_1_3_comp1+1_A_30_1_3_comp2,R_1_A_30_1_3,TCDB,TCDB.1_A_30_1_3_comp2
G_9_B_391_1_1_comp1,P_9_B_391_1_1_comp1+9_B_391_1_1_comp2+9_B_391_1_1_comp3,R_9_B_391_1_1,TCDB,TCDB.9_B_391_1_1_comp1
G_9_B_391_1_1_comp2,P_9_B_391_1_1_comp1+9_B_391_1_1_comp2+9_B_391_1_1_comp3,R_9_B_391_1_1,TCDB,TCDB.9_B_391_1_1_comp2
G_9_B_391_1_1_comp3,P_9_B_391_1_1_comp1+9_B_391_1_1_comp2+9_B_391_1_1_comp3,R_9_B_391_1_1,TCDB,TCDB.9_B_391_1_1_comp3
G_3_A_1_24_1_comp1,P_3_A_1_24_1_comp1+3_A_1_24_1_comp2+3_A_1_24_1_comp3,R_3_A_1_24_1,TCDB,TCDB.3_A_1_24_1_comp1
G_3_A_1_24_1_comp2,P_3_A_1_24_1_comp1+3_A_1_24_1_comp2+3_A_1_24_1_comp3,R_3_A_1_24_1,TCDB,TCDB.3_A_1_24_1_comp2
G_3_A_1_24_1_comp3,P_3_A_1_24_1_comp1+3_A_1_24_1_comp2+3_A_1_24_1_comp3,R_3_A_1_24_1,TCDB,TCDB.3_A_1_24_1_comp3
G_1_R_1_1_3_comp1,P_1_R_1_1_3_comp1,R_1_R_1_1_3,TCDB,TCDB.1_R_1_1_3_comp1
G_9_A_17_1_1_comp1,P_9_A_17_1_1_comp1+9_A_17_1_1_comp2+9_A_17_1_1_comp3,R_9_A_17_1_1,TCDB,TCDB.9_A_17_1_1_comp1
G_9_A_17_1_1_comp2,P_9_A_17_1_1_comp1+9_A_17_1_1_comp2+9_A_17_1_1_comp3,R_9_A_17_1_1,TCDB,TCDB.9_A_17_1_1_comp2
G_9_A_17_1_1_comp3,P_9_A_17_1_1_comp1+9_A_17_1_1_comp2+9_A_17_1_1_comp3,R_9_A_17_1_1,TCDB,TCDB.9_A_17_1_1_comp3
G_2_A_1_2_6_comp1,P_2_A_1_2_6_comp1,R_2_A_1_2_6,TCDB,TCDB.2_A_1_2_6_comp1
G_1_G_15_1_4_comp1,P_1_G_15_1_4_comp1,R_1_G_15_1_4,TCDB,TCDB.1_G_15_1_4_comp1
G_8_B_14_1_1_comp1,P_8_B_14_1_1_comp1,R_8_B_14_1_1,TCDB,TCDB.8_B_14_1_1_comp1
G_8_B_14_1_2_comp1,P_8_B_14_1_2_comp1,R_8_B_14_1_2,TCDB,TCDB.8_B_14_1_2_comp1
G_9_A_14_3_8_comp1,P_9_A_14_3_8_comp1,R_9_A_14_3_8,TCDB,TCDB.9_A_14_3_8_comp1
G_2_A_114_1_9_comp1,P_2_A_114_1_9_comp1,R_2_A_114_1_9,TCDB,TCDB.2_A_114_1_9_comp1
G_8_A_98_1_1_comp1,P_8_A_98_1_1_comp1,R_8_A_98_1_1,TCDB,TCDB.8_A_98_1_1_comp1
G_1_C_24_1_1_comp1,P_1_C_24_1_1_comp1,R_1_C_24_1_1,TCDB,TCDB.1_C_24_1_1_comp1
G_4_D_1_1_12_comp1,P_4_D_1_1_12_comp1,R_4_D_1_1_12,TCDB,TCDB.4_D_1_1_12_comp1
G_8_A_24_2_4_comp1,P_8_A_24_2_4_comp1,R_8_A_24_2_4,TCDB,TCDB.8_A_24_2_4_comp1
G_2_A_29_11_1_comp1,P_2_A_29_11_1_comp1,R_2_A_29_11_1,TCDB,TCDB.2_A_29_11_1_comp1
G_3_E_1_1_2_comp1,P_3_E_1_1_2_comp1,R_3_E_1_1_2,TCDB,TCDB.3_E_1_1_2_comp1
G_1_A_77_3_29_comp1,P_1_A_77_3_29_comp1,R_1_A_77_3_29,TCDB,TCDB.1_A_77_3_29_comp1
G_1_B_1_8_3_comp1,P_1_B_1_8_3_comp1,R_1_B_1_8_3,TCDB,TCDB.1_B_1_8_3_comp1
G_3_A_1_1_4_comp1,P_3_A_1_1_4_comp1+3_A_1_1_4_comp2+3_A_1_1_4_comp3+3_A_1_1_4_comp4,R_3_A_1_1_4,TCDB,TCDB.3_A_1_1_4_comp1
G_3_A_1_1_4_comp2,P_3_A_1_1_4_comp1+3_A_1_1_4_comp2+3_A_1_1_4_comp3+3_A_1_1_4_comp4,R_3_A_1_1_4,TCDB,TCDB.3_A_1_1_4_comp2
G_3_A_1_1_4_comp3,P_3_A_1_1_4_comp1+3_A_1_1_4_comp2+3_A_1_1_4_comp3+3_A_1_1_4_comp4,R_3_A_1_1_4,TCDB,TCDB.3_A_1_1_4_comp3
G_3_A_1_1_4_comp4,P_3_A_1_1_4_comp1+3_A_1_1_4_comp2+3_A_1_1_4_comp3+3_A_1_1_4_comp4,R_3_A_1_1_4,TCDB,TCDB.3_A_1_1_4_comp4
G_5_A_1_3_1_comp1,P_5_A_1_3_1_comp1,R_5_A_1_3_1,TCDB,TCDB.5_A_1_3_1_comp1
G_3_D_1_2_1_comp1,P_3_D_1_2_1_comp1+3_D_1_2_1_comp2+3_D_1_2_1_comp3+3_D_1_2_1_comp4+3_D_1_2_1_comp5+3_D_1_2_1_comp6+3_D_1_2_1_comp7+3_D_1_2_1_comp8+3_D_1_2_1_comp9+3_D_1_2_1_comp10+3_D_1_2_1_comp11+3_D_1_2_1_comp12+3_D_1_2_1_comp13+3_D_1_2_1_comp14,R_3_D_1_2_1,TCDB,TCDB.3_D_1_2_1_comp1
G_3_D_1_2_1_comp2,P_3_D_1_2_1_comp1+3_D_1_2_1_comp2+3_D_1_2_1_comp3+3_D_1_2_1_comp4+3_D_1_2_1_comp5+3_D_1_2_1_comp6+3_D_1_2_1_comp7+3_D_1_2_1_comp8+3_D_1_2_1_comp9+3_D_1_2_1_comp10+3_D_1_2_1_comp11+3_D_1_2_1_comp12+3_D_1_2_1_comp13+3_D_1_2_1_comp14,R_3_D_1_2_1,TCDB,TCDB.3_D_1_2_1_comp2
G_3_D_1_2_1_comp3,P_3_D_1_2_1_comp1+3_D_1_2_1_comp2+3_D_1_2_1_comp3+3_D_1_2_1_comp4+3_D_1_2_1_comp5+3_D_1_2_1_comp6+3_D_1_2_1_comp7+3_D_1_2_1_comp8+3_D_1_2_1_comp9+3_D_1_2_1_comp10+3_D_1_2_1_comp11+3_D_1_2_1_comp12+3_D_1_2_1_comp13+3_D_1_2_1_comp14,R_3_D_1_2_1,TCDB,TCDB.3_D_1_2_1_comp3
G_3_D_1_2_1_comp4,P_3_D_1_2_1_comp1+3_D_1_2_1_comp2+3_D_1_2_1_comp3+3_D_1_2_1_comp4+3_D_1_2_1_comp5+3_D_1_2_1_comp6+3_D_1_2_1_comp7+3_D_1_2_1_comp8+3_D_1_2_1_comp9+3_D_1_2_1_comp10+3_D_1_2_1_comp11+3_D_1_2_1_comp12+3_D_1_2_1_comp13+3_D_1_2_1_comp14,R_3_D_1_2_1,TCDB,TCDB.3_D_1_2_1_comp4
G_3_D_1_2_1_comp5,P_3_D_1_2_1_comp1+3_D_1_2_1_comp2+3_D_1_2_1_comp3+3_D_1_2_1_comp4+3_D_1_2_1_comp5+3_D_1_2_1_comp6+3_D_1_2_1_comp7+3_D_1_2_1_comp8+3_D_1_2_1_comp9+3_D_1_2_1_comp10+3_D_1_2_1_comp11+3_D_1_2_1_comp12+3_D_1_2_1_comp13+3_D_1_2_1_comp14,R_3_D_1_2_1,TCDB,TCDB.3_D_1_2_1_comp5
G_3_D_1_2_1_comp6,P_3_D_1_2_1_comp1+3_D_1_2_1_comp2+3_D_1_2_1_comp3+3_D_1_2_1_comp4+3_D_1_2_1_comp5+3_D_1_2_1_comp6+3_D_1_2_1_comp7+3_D_1_2_1_comp8+3_D_1_2_1_comp9+3_D_1_2_1_comp10+3_D_1_2_1_comp11+3_D_1_2_1_comp12+3_D_1_2_1_comp13+3_D_1_2_1_comp14,R_3_D_1_2_1,TCDB,TCDB.3_D_1_2_1_comp6
G_3_D_1_2_1_comp7,P_3_D_1_2_1_comp1+3_D_1_2_1_comp2+3_D_1_2_1_comp3+3_D_1_2_1_comp4+3_D_1_2_1_comp5+3_D_1_2_1_comp6+3_D_1_2_1_comp7+3_D_1_2_1_comp8+3_D_1_2_1_comp9+3_D_1_2_1_comp10+3_D_1_2_1_comp11+3_D_1_2_1_comp12+3_D_1_2_1_comp13+3_D_1_2_1_comp14,R_3_D_1_2_1,TCDB,TCDB.3_D_1_2_1_comp7
G_3_D_1_2_1_comp8,P_3_D_1_2_1_comp1+3_D_1_2_1_comp2+3_D_1_2_1_comp3+3_D_1_2_1_comp4+3_D_1_2_1_comp5+3_D_1_2_1_comp6+3_D_1_2_1_comp7+3_D_1_2_1_comp8+3_D_1_2_1_comp9+3_D_1_2_1_comp10+3_D_1_2_1_comp11+3_D_1_2_1_comp12+3_D_1_2_1_comp13+3_D_1_2_1_comp14,R_3_D_1_2_1,TCDB,TCDB.3_D_1_2_1_comp8
G_3_D_1_2_1_comp9,P_3_D_1_2_1_comp1+3_D_1_2_1_comp2+3_D_1_2_1_comp3+3_D_1_2_1_comp4+3_D_1_2_1_comp5+3_D_1_2_1_comp6+3_D_1_2_1_comp7+3_D_1_2_1_comp8+3_D_1_2_1_comp9+3_D_1_2_1_comp10+3_D_1_2_1_comp11+3_D_1_2_1_comp12+3_D_1_2_1_comp13+3_D_1_2_1_comp14,R_3_D_1_2_1,TCDB,TCDB.3_D_1_2_1_comp9
G_3_D_1_2_1_comp10,P_3_D_1_2_1_comp1+3_D_1_2_1_comp2+3_D_1_2_1_comp3+3_D_1_2_1_comp4+3_D_1_2_1_comp5+3_D_1_2_1_comp6+3_D_1_2_1_comp7+3_D_1_2_1_comp8+3_D_1_2_1_comp9+3_D_1_2_1_comp10+3_D_1_2_1_comp11+3_D_1_2_1_comp12+3_D_1_2_1_comp13+3_D_1_2_1_comp14,R_3_D_1_2_1,TCDB,TCDB.3_D_1_2_1_comp10
G_3_D_1_2_1_comp11,P_3_D_1_2_1_comp1+3_D_1_2_1_comp2+3_D_1_2_1_comp3+3_D_1_2_1_comp4+3_D_1_2_1_comp5+3_D_1_2_1_comp6+3_D_1_2_1_comp7+3_D_1_2_1_comp8+3_D_1_2_1_comp9+3_D_1_2_1_comp10+3_D_1_2_1_comp11+3_D_1_2_1_comp12+3_D_1_2_1_comp13+3_D_1_2_1_comp14,R_3_D_1_2_1,TCDB,TCDB.3_D_1_2_1_comp11
G_3_D_1_2_1_comp12,P_3_D_1_2_1_comp1+3_D_1_2_1_comp2+3_D_1_2_1_comp3+3_D_1_2_1_comp4+3_D_1_2_1_comp5+3_D_1_2_1_comp6+3_D_1_2_1_comp7+3_D_1_2_1_comp8+3_D_1_2_1_comp9+3_D_1_2_1_comp10+3_D_1_2_1_comp11+3_D_1_2_1_comp12+3_D_1_2_1_comp13+3_D_1_2_1_comp14,R_3_D_1_2_1,TCDB,TCDB.3_D_1_2_1_comp12
G_3_D_1_2_1_comp13,P_3_D_1_2_1_comp1+3_D_1_2_1_comp2+3_D_1_2_1_comp3+3_D_1_2_1_comp4+3_D_1_2_1_comp5+3_D_1_2_1_comp6+3_D_1_2_1_comp7+3_D_1_2_1_comp8+3_D_1_2_1_comp9+3_D_1_2_1_comp10+3_D_1_2_1_comp11+3_D_1_2_1_comp12+3_D_1_2_1_comp13+3_D_1_2_1_comp14,R_3_D_1_2_1,TCDB,TCDB.3_D_1_2_1_comp13
G_3_D_1_2_1_comp14,P_3_D_1_2_1_comp1+3_D_1_2_1_comp2+3_D_1_2_1_comp3+3_D_1_2_1_comp4+3_D_1_2_1_comp5+3_D_1_2_1_comp6+3_D_1_2_1_comp7+3_D_1_2_1_comp8+3_D_1_2_1_comp9+3_D_1_2_1_comp10+3_D_1_2_1_comp11+3_D_1_2_1_comp12+3_D_1_2_1_comp13+3_D_1_2_1_comp14,R_3_D_1_2_1,TCDB,TCDB.3_D_1_2_1_comp14
G_2_A_7_2_1_comp1,P_2_A_7_2_1_comp1,R_2_A_7_2_1,TCDB,TCDB.2_A_7_2_1_comp1
G_9_B_14_2_1_comp1,P_9_B_14_2_1_comp1,R_9_B_14_2_1,TCDB,TCDB.9_B_14_2_1_comp1
G_1_A_8_8_1_comp1,P_1_A_8_8_1_comp1,R_1_A_8_8_1,TCDB,TCDB.1_A_8_8_1_comp1
G_1_A_1_5_3_comp1,P_1_A_1_5_3_comp1+1_A_1_5_3_comp2,R_1_A_1_5_3,TCDB,TCDB.1_A_1_5_3_comp1
G_1_A_1_5_3_comp2,P_1_A_1_5_3_comp1+1_A_1_5_3_comp2,R_1_A_1_5_3,TCDB,TCDB.1_A_1_5_3_comp2
G_8_A_92_1_5_comp1,P_8_A_92_1_5_comp1,R_8_A_92_1_5,TCDB,TCDB.8_A_92_1_5_comp1
G_1_A_3_2_2_comp1,P_1_A_3_2_2_comp1,R_1_A_3_2_2,TCDB,TCDB.1_A_3_2_2_comp1
G_1_A_3_2_1_comp1,P_1_A_3_2_1_comp1,R_1_A_3_2_1,TCDB,TCDB.1_A_3_2_1_comp1
G_2_A_1_5_3_comp1,P_2_A_1_5_3_comp1,R_2_A_1_5_3,TCDB,TCDB.2_A_1_5_3_comp1
G_8_A_147_1_3_comp1,P_8_A_147_1_3_comp1,R_8_A_147_1_3,TCDB,TCDB.8_A_147_1_3_comp1
G_8_A_88_2_7_comp1,P_8_A_88_2_7_comp1,R_8_A_88_2_7,TCDB,TCDB.8_A_88_2_7_comp1
G_1_B_11_3_9_comp1,P_1_B_11_3_9_comp1,R_1_B_11_3_9,TCDB,TCDB.1_B_11_3_9_comp1
G_2_A_25_1_10_comp1,P_2_A_25_1_10_comp1,R_2_A_25_1_10,TCDB,TCDB.2_A_25_1_10_comp1
G_2_A_25_1_1_comp1,P_2_A_25_1_1_comp1,R_2_A_25_1_1,TCDB,TCDB.2_A_25_1_1_comp1
G_2_A_25_1_2_comp1,P_2_A_25_1_2_comp1,R_2_A_25_1_2,TCDB,TCDB.2_A_25_1_2_comp1
G_8_B_6_1_1_comp1,P_8_B_6_1_1_comp1,R_8_B_6_1_1,TCDB,TCDB.8_B_6_1_1_comp1
G_1_A_8_11_9_comp1,P_1_A_8_11_9_comp1,R_1_A_8_11_9,TCDB,TCDB.1_A_8_11_9_comp1
G_2_A_45_1_1_comp1,P_2_A_45_1_1_comp1,R_2_A_45_1_1,TCDB,TCDB.2_A_45_1_1_comp1
G_5_A_1_4_1_comp1,P_5_A_1_4_1_comp1,R_5_A_1_4_1,TCDB,TCDB.5_A_1_4_1_comp1
G_1_A_129_1_1_comp1,P_1_A_129_1_1_comp1,R_1_A_129_1_1,TCDB,TCDB.1_A_129_1_1_comp1
G_8_A_75_1_6_comp1,P_8_A_75_1_6_comp1,R_8_A_75_1_6,TCDB,TCDB.8_A_75_1_6_comp1
G_9_A_14_13_27_comp1,P_9_A_14_13_27_comp1,R_9_A_14_13_27,TCDB,TCDB.9_A_14_13_27_comp1
G_9_A_14_10_3_comp1,P_9_A_14_10_3_comp1,R_9_A_14_10_3,TCDB,TCDB.9_A_14_10_3_comp1
G_2_A_22_3_2_comp1,P_2_A_22_3_2_comp1,R_2_A_22_3_2,TCDB,TCDB.2_A_22_3_2_comp1
G_9_A_14_3_4_comp1,P_9_A_14_3_4_comp1,R_9_A_14_3_4,TCDB,TCDB.9_A_14_3_4_comp1
G_9_A_14_13_1_comp1,P_9_A_14_13_1_comp1,R_9_A_14_13_1,TCDB,TCDB.9_A_14_13_1_comp1
G_9_A_14_10_4_comp1,P_9_A_14_10_4_comp1,R_9_A_14_10_4,TCDB,TCDB.9_A_14_10_4_comp1
G_2_A_1_1_8_comp1,P_2_A_1_1_8_comp1,R_2_A_1_1_8,TCDB,TCDB.2_A_1_1_8_comp1
G_2_A_1_1_104_comp1,P_2_A_1_1_104_comp1,R_2_A_1_1_104,TCDB,TCDB.2_A_1_1_104_comp1
G_1_B_1_5_4_comp1,P_1_B_1_5_4_comp1,R_1_B_1_5_4,TCDB,TCDB.1_B_1_5_4_comp1
G_1_B_1_5_3_comp1,P_1_B_1_5_3_comp1,R_1_B_1_5_3,TCDB,TCDB.1_B_1_5_3_comp1
G_2_A_3_3_9_comp1,P_2_A_3_3_9_comp1,R_2_A_3_3_9,TCDB,TCDB.2_A_3_3_9_comp1
G_1_C_38_1_3_comp1,P_1_C_38_1_3_comp1,R_1_C_38_1_3,TCDB,TCDB.1_C_38_1_3_comp1
G_9_A_14_13_36_comp1,P_9_A_14_13_36_comp1,R_9_A_14_13_36,TCDB,TCDB.9_A_14_13_36_comp1
G_9_A_14_8_1_comp1,P_9_A_14_8_1_comp1,R_9_A_14_8_1,TCDB,TCDB.9_A_14_8_1_comp1
G_9_B_14_2_2_comp1,P_9_B_14_2_2_comp1,R_9_B_14_2_2,TCDB,TCDB.9_B_14_2_2_comp1
G_3_A_1_107_1_comp1,P_3_A_1_107_1_comp1+3_A_1_107_1_comp2,R_3_A_1_107_1,TCDB,TCDB.3_A_1_107_1_comp1
G_3_A_1_107_1_comp2,P_3_A_1_107_1_comp1+3_A_1_107_1_comp2,R_3_A_1_107_1,TCDB,TCDB.3_A_1_107_1_comp2
G_9_A_14_10_1_comp1,P_9_A_14_10_1_comp1,R_9_A_14_10_1,TCDB,TCDB.9_A_14_10_1_comp1
G_9_A_14_4_1_comp1,P_9_A_14_4_1_comp1,R_9_A_14_4_1,TCDB,TCDB.9_A_14_4_1_comp1
G_9_A_14_1_14_comp1,P_9_A_14_1_14_comp1,R_9_A_14_1_14,TCDB,TCDB.9_A_14_1_14_comp1
G_9_B_102_1_1_comp1,P_9_B_102_1_1_comp1,R_9_B_102_1_1,TCDB,TCDB.9_B_102_1_1_comp1
G_1_A_1_13_1_comp1,P_1_A_1_13_1_comp1,R_1_A_1_13_1,TCDB,TCDB.1_A_1_13_1_comp1
G_5_A_3_5_2_comp1,P_5_A_3_5_2_comp1+5_A_3_5_2_comp2+5_A_3_5_2_comp3,R_5_A_3_5_2,TCDB,TCDB.5_A_3_5_2_comp1
G_5_A_3_5_2_comp2,P_5_A_3_5_2_comp1+5_A_3_5_2_comp2+5_A_3_5_2_comp3,R_5_A_3_5_2,TCDB,TCDB.5_A_3_5_2_comp2
G_5_A_3_5_2_comp3,P_5_A_3_5_2_comp1+5_A_3_5_2_comp2+5_A_3_5_2_comp3,R_5_A_3_5_2,TCDB,TCDB.5_A_3_5_2_comp3
G_4_C_1_1_16_comp1,P_4_C_1_1_16_comp1,R_4_C_1_1_16,TCDB,TCDB.4_C_1_1_16_comp1
G_2_A_1_2_15_comp1,P_2_A_1_2_15_comp1,R_2_A_1_2_15,TCDB,TCDB.2_A_1_2_15_comp1
G_2_A_7_3_2_comp1,P_2_A_7_3_2_comp1,R_2_A_7_3_2,TCDB,TCDB.2_A_7_3_2_comp1
G_2_A_1_2_55_comp1,P_2_A_1_2_55_comp1,R_2_A_1_2_55,TCDB,TCDB.2_A_1_2_55_comp1
G_2_A_1_2_32_comp1,P_2_A_1_2_32_comp1,R_2_A_1_2_32,TCDB,TCDB.2_A_1_2_32_comp1
G_2_A_29_1_5_comp1,P_2_A_29_1_5_comp1,R_2_A_29_1_5,TCDB,TCDB.2_A_29_1_5_comp1
G_2_A_90_3_6_comp1,P_2_A_90_3_6_comp1,R_2_A_90_3_6,TCDB,TCDB.2_A_90_3_6_comp1
G_2_A_121_2_1_comp1,P_2_A_121_2_1_comp1,R_2_A_121_2_1,TCDB,TCDB.2_A_121_2_1_comp1
G_2_A_57_3_1_comp1,P_2_A_57_3_1_comp1,R_2_A_57_3_1,TCDB,TCDB.2_A_57_3_1_comp1
G_3_A_10_1_1_comp1,P_3_A_10_1_1_comp1,R_3_A_10_1_1,TCDB,TCDB.3_A_10_1_1_comp1
G_8_A_88_1_1_comp1,P_8_A_88_1_1_comp1,R_8_A_88_1_1,TCDB,TCDB.8_A_88_1_1_comp1
G_9_A_35_1_1_comp1,P_9_A_35_1_1_comp1,R_9_A_35_1_1,TCDB,TCDB.9_A_35_1_1_comp1
G_9_B_121_3_1_comp1,P_9_B_121_3_1_comp1,R_9_B_121_3_1,TCDB,TCDB.9_B_121_3_1_comp1
G_2_A_2_3_4_comp1,P_2_A_2_3_4_comp1,R_2_A_2_3_4,TCDB,TCDB.2_A_2_3_4_comp1
G_2_A_1_20_3_comp1,P_2_A_1_20_3_comp1,R_2_A_1_20_3,TCDB,TCDB.2_A_1_20_3_comp1
G_2_A_7_3_12_comp1,P_2_A_7_3_12_comp1,R_2_A_7_3_12,TCDB,TCDB.2_A_7_3_12_comp1
G_2_A_40_7_4_comp1,P_2_A_40_7_4_comp1,R_2_A_40_7_4,TCDB,TCDB.2_A_40_7_4_comp1
G_2_A_1_2_9_comp1,P_2_A_1_2_9_comp1,R_2_A_1_2_9,TCDB,TCDB.2_A_1_2_9_comp1
G_2_A_21_3_21_comp1,P_2_A_21_3_21_comp1,R_2_A_21_3_21,TCDB,TCDB.2_A_21_3_21_comp1
G_2_A_1_2_22_comp1,P_2_A_1_2_22_comp1,R_2_A_1_2_22,TCDB,TCDB.2_A_1_2_22_comp1
G_2_A_40_7_6_comp1,P_2_A_40_7_6_comp1,R_2_A_40_7_6,TCDB,TCDB.2_A_40_7_6_comp1
G_2_A_1_3_51_comp1,P_2_A_1_3_51_comp1,R_2_A_1_3_51,TCDB,TCDB.2_A_1_3_51_comp1
G_1_B_14_2_2_comp1,P_1_B_14_2_2_comp1,R_1_B_14_2_2,TCDB,TCDB.1_B_14_2_2_comp1
G_3_A_1_19_1_comp1,P_3_A_1_19_1_comp1+3_A_1_19_1_comp2+3_A_1_19_1_comp3,R_3_A_1_19_1,TCDB,TCDB.3_A_1_19_1_comp1
G_3_A_1_19_1_comp2,P_3_A_1_19_1_comp1+3_A_1_19_1_comp2+3_A_1_19_1_comp3,R_3_A_1_19_1,TCDB,TCDB.3_A_1_19_1_comp2
G_3_A_1_19_1_comp3,P_3_A_1_19_1_comp1+3_A_1_19_1_comp2+3_A_1_19_1_comp3,R_3_A_1_19_1,TCDB,TCDB.3_A_1_19_1_comp3
G_4_C_1_1_6_comp1,P_4_C_1_1_6_comp1,R_4_C_1_1_6,TCDB,TCDB.4_C_1_1_6_comp1
G_2_A_15_2_1_comp1,P_2_A_15_2_1_comp1,R_2_A_15_2_1,TCDB,TCDB.2_A_15_2_1_comp1
G_2_A_23_2_2_comp1,P_2_A_23_2_2_comp1,R_2_A_23_2_2,TCDB,TCDB.2_A_23_2_2_comp1
G_2_A_24_1_1_comp1,P_2_A_24_1_1_comp1,R_2_A_24_1_1,TCDB,TCDB.2_A_24_1_1_comp1
G_2_A_21_3_4_comp1,P_2_A_21_3_4_comp1,R_2_A_21_3_4,TCDB,TCDB.2_A_21_3_4_comp1
G_2_A_21_3_5_comp1,P_2_A_21_3_5_comp1,R_2_A_21_3_5,TCDB,TCDB.2_A_21_3_5_comp1
G_2_A_21_3_16_comp1,P_2_A_21_3_16_comp1,R_2_A_21_3_16,TCDB,TCDB.2_A_21_3_16_comp1
G_2_A_1_7_26_comp1,P_2_A_1_7_26_comp1,R_2_A_1_7_26,TCDB,TCDB.2_A_1_7_26_comp1
G_2_A_22_3_3_comp1,P_2_A_22_3_3_comp1,R_2_A_22_3_3,TCDB,TCDB.2_A_22_3_3_comp1
G_1_A_9_5_15_comp1,P_1_A_9_5_15_comp1,R_1_A_9_5_15,TCDB,TCDB.1_A_9_5_15_comp1
G_2_A_22_1_1_comp1,P_2_A_22_1_1_comp1,R_2_A_22_1_1,TCDB,TCDB.2_A_22_1_1_comp1
G_2_A_22_3_8_comp1,P_2_A_22_3_8_comp1,R_2_A_22_3_8,TCDB,TCDB.2_A_22_3_8_comp1
G_2_A_22_3_4_comp1,P_2_A_22_3_4_comp1,R_2_A_22_3_4,TCDB,TCDB.2_A_22_3_4_comp1
G_2_A_22_6_2_comp1,P_2_A_22_6_2_comp1,R_2_A_22_6_2,TCDB,TCDB.2_A_22_6_2_comp1
G_2_A_1_20_1_comp1,P_2_A_1_20_1_comp1,R_2_A_1_20_1,TCDB,TCDB.2_A_1_20_1_comp1
G_2_A_1_1_114_comp1,P_2_A_1_1_114_comp1,R_2_A_1_1_114,TCDB,TCDB.2_A_1_1_114_comp1
G_8_A_104_1_10_comp1,P_8_A_104_1_10_comp1,R_8_A_104_1_10,TCDB,TCDB.8_A_104_1_10_comp1
G_1_B_22_4_1_comp1,P_1_B_22_4_1_comp1,R_1_B_22_4_1,TCDB,TCDB.1_B_22_4_1_comp1
G_2_A_19_1_1_comp1,P_2_A_19_1_1_comp1,R_2_A_19_1_1,TCDB,TCDB.2_A_19_1_1_comp1
G_3_A_1_203_11_comp1,P_3_A_1_203_11_comp1,R_3_A_1_203_11,TCDB,TCDB.3_A_1_203_11_comp1
G_1_B_14_19_1_comp1,P_1_B_14_19_1_comp1,R_1_B_14_19_1,TCDB,TCDB.1_B_14_19_1_comp1
G_1_C_12_1_6_comp1,P_1_C_12_1_6_comp1,R_1_C_12_1_6,TCDB,TCDB.1_C_12_1_6_comp1
G_9_A_11_1_1_comp1,P_9_A_11_1_1_comp1+9_A_11_1_1_comp2+9_A_11_1_1_comp3+9_A_11_1_1_comp4+9_A_11_1_1_comp5+9_A_11_1_1_comp6,R_9_A_11_1_1,TCDB,TCDB.9_A_11_1_1_comp1
G_9_A_11_1_1_comp2,P_9_A_11_1_1_comp1+9_A_11_1_1_comp2+9_A_11_1_1_comp3+9_A_11_1_1_comp4+9_A_11_1_1_comp5+9_A_11_1_1_comp6,R_9_A_11_1_1,TCDB,TCDB.9_A_11_1_1_comp2
G_9_A_11_1_1_comp3,P_9_A_11_1_1_comp1+9_A_11_1_1_comp2+9_A_11_1_1_comp3+9_A_11_1_1_comp4+9_A_11_1_1_comp5+9_A_11_1_1_comp6,R_9_A_11_1_1,TCDB,TCDB.9_A_11_1_1_comp3
G_9_A_11_1_1_comp4,P_9_A_11_1_1_comp1+9_A_11_1_1_comp2+9_A_11_1_1_comp3+9_A_11_1_1_comp4+9_A_11_1_1_comp5+9_A_11_1_1_comp6,R_9_A_11_1_1,TCDB,TCDB.9_A_11_1_1_comp4
G_9_A_11_1_1_comp5,P_9_A_11_1_1_comp1+9_A_11_1_1_comp2+9_A_11_1_1_comp3+9_A_11_1_1_comp4+9_A_11_1_1_comp5+9_A_11_1_1_comp6,R_9_A_11_1_1,TCDB,TCDB.9_A_11_1_1_comp5
G_9_A_11_1_1_comp6,P_9_A_11_1_1_comp1+9_A_11_1_1_comp2+9_A_11_1_1_comp3+9_A_11_1_1_comp4+9_A_11_1_1_comp5+9_A_11_1_1_comp6,R_9_A_11_1_1,TCDB,TCDB.9_A_11_1_1_comp6
G_1_A_134_1_5_comp1,P_1_A_134_1_5_comp1,R_1_A_134_1_5,TCDB,TCDB.1_A_134_1_5_comp1
G_3_D_7_2_2_comp1,P_3_D_7_2_2_comp1+3_D_7_2_2_comp2+3_D_7_2_2_comp3,R_3_D_7_2_2,TCDB,TCDB.3_D_7_2_2_comp1
G_3_D_7_2_2_comp2,P_3_D_7_2_2_comp1+3_D_7_2_2_comp2+3_D_7_2_2_comp3,R_3_D_7_2_2,TCDB,TCDB.3_D_7_2_2_comp2
G_3_D_7_2_2_comp3,P_3_D_7_2_2_comp1+3_D_7_2_2_comp2+3_D_7_2_2_comp3,R_3_D_7_2_2,TCDB,TCDB.3_D_7_2_2_comp3
G_3_D_1_4_3_comp1,P_3_D_1_4_3_comp1+3_D_1_4_3_comp2+3_D_1_4_3_comp3+3_D_1_4_3_comp4+3_D_1_4_3_comp5+3_D_1_4_3_comp6,R_3_D_1_4_3,TCDB,TCDB.3_D_1_4_3_comp1
G_3_D_1_4_3_comp2,P_3_D_1_4_3_comp1+3_D_1_4_3_comp2+3_D_1_4_3_comp3+3_D_1_4_3_comp4+3_D_1_4_3_comp5+3_D_1_4_3_comp6,R_3_D_1_4_3,TCDB,TCDB.3_D_1_4_3_comp2
G_3_D_1_4_3_comp3,P_3_D_1_4_3_comp1+3_D_1_4_3_comp2+3_D_1_4_3_comp3+3_D_1_4_3_comp4+3_D_1_4_3_comp5+3_D_1_4_3_comp6,R_3_D_1_4_3,TCDB,TCDB.3_D_1_4_3_comp3
G_3_D_1_4_3_comp4,P_3_D_1_4_3_comp1+3_D_1_4_3_comp2+3_D_1_4_3_comp3+3_D_1_4_3_comp4+3_D_1_4_3_comp5+3_D_1_4_3_comp6,R_3_D_1_4_3,TCDB,TCDB.3_D_1_4_3_comp4
G_3_D_1_4_3_comp5,P_3_D_1_4_3_comp1+3_D_1_4_3_comp2+3_D_1_4_3_comp3+3_D_1_4_3_comp4+3_D_1_4_3_comp5+3_D_1_4_3_comp6,R_3_D_1_4_3,TCDB,TCDB.3_D_1_4_3_comp5
G_3_D_1_4_3_comp6,P_3_D_1_4_3_comp1+3_D_1_4_3_comp2+3_D_1_4_3_comp3+3_D_1_4_3_comp4+3_D_1_4_3_comp5+3_D_1_4_3_comp6,R_3_D_1_4_3,TCDB,TCDB.3_D_1_4_3_comp6
G_8_A_23_1_62_comp1,P_8_A_23_1_62_comp1,R_8_A_23_1_62,TCDB,TCDB.8_A_23_1_62_comp1
G_3_A_1_105_1_comp1,P_3_A_1_105_1_comp1+3_A_1_105_1_comp2,R_3_A_1_105_1,TCDB,TCDB.3_A_1_105_1_comp1
G_3_A_1_105_1_comp2,P_3_A_1_105_1_comp1+3_A_1_105_1_comp2,R_3_A_1_105_1,TCDB,TCDB.3_A_1_105_1_comp2
G_8_A_4_2_1_comp1,P_8_A_4_2_1_comp1,R_8_A_4_2_1,TCDB,TCDB.8_A_4_2_1_comp1
G_1_C_45_1_2_comp1,P_1_C_45_1_2_comp1,R_1_C_45_1_2,TCDB,TCDB.1_C_45_1_2_comp1
G_2_A_1_2_2_comp1,P_2_A_1_2_2_comp1,R_2_A_1_2_2,TCDB,TCDB.2_A_1_2_2_comp1
G_2_A_29_7_1_comp1,P_2_A_29_7_1_comp1,R_2_A_29_7_1,TCDB,TCDB.2_A_29_7_1_comp1
G_9_B_32_1_1_comp1,P_9_B_32_1_1_comp1,R_9_B_32_1_1,TCDB,TCDB.9_B_32_1_1_comp1
G_3_A_3_5_1_comp1,P_3_A_3_5_1_comp1,R_3_A_3_5_1,TCDB,TCDB.3_A_3_5_1_comp1
G_8_A_136_1_2_comp1,P_8_A_136_1_2_comp1,R_8_A_136_1_2,TCDB,TCDB.8_A_136_1_2_comp1
G_2_A_1_52_1_comp1,P_2_A_1_52_1_comp1,R_2_A_1_52_1,TCDB,TCDB.2_A_1_52_1_comp1
G_2_A_2_3_15_comp1,P_2_A_2_3_15_comp1,R_2_A_2_3_15,TCDB,TCDB.2_A_2_3_15_comp1
G_2_A_2_3_9_comp1,P_2_A_2_3_9_comp1,R_2_A_2_3_9,TCDB,TCDB.2_A_2_3_9_comp1
G_4_A_2_1_25_comp1,P_4_A_2_1_25_comp1+4_A_2_1_25_comp2,R_4_A_2_1_25,TCDB,TCDB.4_A_2_1_25_comp1
G_4_A_2_1_25_comp2,P_4_A_2_1_25_comp1+4_A_2_1_25_comp2,R_4_A_2_1_25,TCDB,TCDB.4_A_2_1_25_comp2
G_1_C_33_1_9_comp1,P_1_C_33_1_9_comp1,R_1_C_33_1_9,TCDB,TCDB.1_C_33_1_9_comp1
G_9_A_14_4_9_comp1,P_9_A_14_4_9_comp1,R_9_A_14_4_9,TCDB,TCDB.9_A_14_4_9_comp1
G_9_A_14_2_3_comp1,P_9_A_14_2_3_comp1,R_9_A_14_2_3,TCDB,TCDB.9_A_14_2_3_comp1
G_9_A_14_13_40_comp1,P_9_A_14_13_40_comp1,R_9_A_14_13_40,TCDB,TCDB.9_A_14_13_40_comp1
G_1_N_6_1_1_comp1,P_1_N_6_1_1_comp1+1_N_6_1_1_comp2+1_N_6_1_1_comp3,R_1_N_6_1_1,TCDB,TCDB.1_N_6_1_1_comp1
G_1_N_6_1_1_comp2,P_1_N_6_1_1_comp1+1_N_6_1_1_comp2+1_N_6_1_1_comp3,R_1_N_6_1_1,TCDB,TCDB.1_N_6_1_1_comp2
G_1_N_6_1_1_comp3,P_1_N_6_1_1_comp1+1_N_6_1_1_comp2+1_N_6_1_1_comp3,R_1_N_6_1_1,TCDB,TCDB.1_N_6_1_1_comp3
G_2_A_29_8_12_comp1,P_2_A_29_8_12_comp1,R_2_A_29_8_12,TCDB,TCDB.2_A_29_8_12_comp1
G_2_A_29_15_1_comp1,P_2_A_29_15_1_comp1,R_2_A_29_15_1,TCDB,TCDB.2_A_29_15_1_comp1
G_9_B_206_2_1_comp1,P_9_B_206_2_1_comp1,R_9_B_206_2_1,TCDB,TCDB.9_B_206_2_1_comp1
G_2_A_1_3_13_comp1,P_2_A_1_3_13_comp1,R_2_A_1_3_13,TCDB,TCDB.2_A_1_3_13_comp1
G_3_A_1_208_12_comp1,P_3_A_1_208_12_comp1,R_3_A_1_208_12,TCDB,TCDB.3_A_1_208_12_comp1
G_3_A_1_155_3_comp1,P_3_A_1_155_3_comp1,R_3_A_1_155_3,TCDB,TCDB.3_A_1_155_3_comp1
G_1_C_52_1_16_comp1,P_1_C_52_1_16_comp1,R_1_C_52_1_16,TCDB,TCDB.1_C_52_1_16_comp1
G_2_A_19_3_4_comp1,P_2_A_19_3_4_comp1,R_2_A_19_3_4,TCDB,TCDB.2_A_19_3_4_comp1
G_2_A_1_1_108_comp1,P_2_A_1_1_108_comp1,R_2_A_1_1_108,TCDB,TCDB.2_A_1_1_108_comp1
G_2_A_1_1_30_comp1,P_2_A_1_1_30_comp1,R_2_A_1_1_30,TCDB,TCDB.2_A_1_1_30_comp1
G_2_A_1_2_3_comp1,P_2_A_1_2_3_comp1,R_2_A_1_2_3,TCDB,TCDB.2_A_1_2_3_comp1
G_2_A_3_10_10_comp1,P_2_A_3_10_10_comp1,R_2_A_3_10_10,TCDB,TCDB.2_A_3_10_10_comp1
G_3_A_1_205_2_comp1,P_3_A_1_205_2_comp1,R_3_A_1_205_2,TCDB,TCDB.3_A_1_205_2_comp1
G_3_A_3_8_4_comp1,P_3_A_3_8_4_comp1,R_3_A_3_8_4,TCDB,TCDB.3_A_3_8_4_comp1
G_4_A_2_1_10_comp1,P_4_A_2_1_10_comp1+4_A_2_1_10_comp2+4_A_2_1_10_comp3+4_A_2_1_10_comp4,R_4_A_2_1_10,TCDB,TCDB.4_A_2_1_10_comp1
G_4_A_2_1_10_comp2,P_4_A_2_1_10_comp1+4_A_2_1_10_comp2+4_A_2_1_10_comp3+4_A_2_1_10_comp4,R_4_A_2_1_10,TCDB,TCDB.4_A_2_1_10_comp2
G_4_A_2_1_10_comp3,P_4_A_2_1_10_comp1+4_A_2_1_10_comp2+4_A_2_1_10_comp3+4_A_2_1_10_comp4,R_4_A_2_1_10,TCDB,TCDB.4_A_2_1_10_comp3
G_4_A_2_1_10_comp4,P_4_A_2_1_10_comp1+4_A_2_1_10_comp2+4_A_2_1_10_comp3+4_A_2_1_10_comp4,R_4_A_2_1_10,TCDB,TCDB.4_A_2_1_10_comp4
G_2_A_36_3_1_comp1,P_2_A_36_3_1_comp1,R_2_A_36_3_1,TCDB,TCDB.2_A_36_3_1_comp1
G_2_A_21_7_2_comp1,P_2_A_21_7_2_comp1,R_2_A_21_7_2,TCDB,TCDB.2_A_21_7_2_comp1
G_1_B_17_3_9_comp1,P_1_B_17_3_9_comp1,R_1_B_17_3_9,TCDB,TCDB.1_B_17_3_9_comp1
G_2_A_85_6_1_comp1,P_2_A_85_6_1_comp1,R_2_A_85_6_1,TCDB,TCDB.2_A_85_6_1_comp1
G_3_A_1_2_6_comp1,P_3_A_1_2_6_comp1+3_A_1_2_6_comp2+3_A_1_2_6_comp3,R_3_A_1_2_6,TCDB,TCDB.3_A_1_2_6_comp1
G_3_A_1_2_6_comp2,P_3_A_1_2_6_comp1+3_A_1_2_6_comp2+3_A_1_2_6_comp3,R_3_A_1_2_6,TCDB,TCDB.3_A_1_2_6_comp2
G_3_A_1_2_6_comp3,P_3_A_1_2_6_comp1+3_A_1_2_6_comp2+3_A_1_2_6_comp3,R_3_A_1_2_6,TCDB,TCDB.3_A_1_2_6_comp3
G_1_B_25_1_1_comp1,P_1_B_25_1_1_comp1,R_1_B_25_1_1,TCDB,TCDB.1_B_25_1_1_comp1
G_9_A_14_13_23_comp1,P_9_A_14_13_23_comp1,R_9_A_14_13_23,TCDB,TCDB.9_A_14_13_23_comp1
G_5_B_1_5_1_comp1,P_5_B_1_5_1_comp1,R_5_B_1_5_1,TCDB,TCDB.5_B_1_5_1_comp1
G_3_A_29_1_1_comp1,P_3_A_29_1_1_comp1+3_A_29_1_1_comp2+3_A_29_1_1_comp3,R_3_A_29_1_1,TCDB,TCDB.3_A_29_1_1_comp1
G_3_A_29_1_1_comp2,P_3_A_29_1_1_comp1+3_A_29_1_1_comp2+3_A_29_1_1_comp3,R_3_A_29_1_1,TCDB,TCDB.3_A_29_1_1_comp2
G_3_A_29_1_1_comp3,P_3_A_29_1_1_comp1+3_A_29_1_1_comp2+3_A_29_1_1_comp3,R_3_A_29_1_1,TCDB,TCDB.3_A_29_1_1_comp3
G_2_A_4_2_1_comp1,P_2_A_4_2_1_comp1,R_2_A_4_2_1,TCDB,TCDB.2_A_4_2_1_comp1
G_2_A_5_1_1_comp1,P_2_A_5_1_1_comp1,R_2_A_5_1_1,TCDB,TCDB.2_A_5_1_1_comp1
G_9_A_50_1_1_comp1,P_9_A_50_1_1_comp1+9_A_50_1_1_comp2+9_A_50_1_1_comp3+9_A_50_1_1_comp4,R_9_A_50_1_1,TCDB,TCDB.9_A_50_1_1_comp1
G_9_A_50_1_1_comp2,P_9_A_50_1_1_comp1+9_A_50_1_1_comp2+9_A_50_1_1_comp3+9_A_50_1_1_comp4,R_9_A_50_1_1,TCDB,TCDB.9_A_50_1_1_comp2
G_9_A_50_1_1_comp3,P_9_A_50_1_1_comp1+9_A_50_1_1_comp2+9_A_50_1_1_comp3+9_A_50_1_1_comp4,R_9_A_50_1_1,TCDB,TCDB.9_A_50_1_1_comp3
G_9_A_50_1_1_comp4,P_9_A_50_1_1_comp1+9_A_50_1_1_comp2+9_A_50_1_1_comp3+9_A_50_1_1_comp4,R_9_A_50_1_1,TCDB,TCDB.9_A_50_1_1_comp4
G_2_A_3_4_3_comp1,P_2_A_3_4_3_comp1,R_2_A_3_4_3,TCDB,TCDB.2_A_3_4_3_comp1
G_3_A_28_1_1_comp1,P_3_A_28_1_1_comp1,R_3_A_28_1_1,TCDB,TCDB.3_A_28_1_1_comp1
G_2_A_31_1_4_comp1,P_2_A_31_1_4_comp1,R_2_A_31_1_4,TCDB,TCDB.2_A_31_1_4_comp1
G_8_A_91_1_5_comp1,P_8_A_91_1_5_comp1,R_8_A_91_1_5,TCDB,TCDB.8_A_91_1_5_comp1
G_2_A_17_2_2_comp1,P_2_A_17_2_2_comp1,R_2_A_17_2_2,TCDB,TCDB.2_A_17_2_2_comp1
G_2_A_96_1_7_comp1,P_2_A_96_1_7_comp1,R_2_A_96_1_7,TCDB,TCDB.2_A_96_1_7_comp1
G_8_A_204_1_7_comp1,P_8_A_204_1_7_comp1,R_8_A_204_1_7,TCDB,TCDB.8_A_204_1_7_comp1
G_1_B_5_1_2_comp1,P_1_B_5_1_2_comp1,R_1_B_5_1_2,TCDB,TCDB.1_B_5_1_2_comp1
G_2_A_85_7_1_comp1,P_2_A_85_7_1_comp1,R_2_A_85_7_1,TCDB,TCDB.2_A_85_7_1_comp1
G_9_B_102_1_2_comp1,P_9_B_102_1_2_comp1,R_9_B_102_1_2,TCDB,TCDB.9_B_102_1_2_comp1
G_2_A_41_2_10_comp1,P_2_A_41_2_10_comp1,R_2_A_41_2_10,TCDB,TCDB.2_A_41_2_10_comp1
G_2_A_41_2_9_comp1,P_2_A_41_2_9_comp1,R_2_A_41_2_9,TCDB,TCDB.2_A_41_2_9_comp1
G_2_A_1_20_2_comp1,P_2_A_1_20_2_comp1,R_2_A_1_20_2,TCDB,TCDB.2_A_1_20_2_comp1
G_1_C_33_1_2_comp1,P_1_C_33_1_2_comp1,R_1_C_33_1_2,TCDB,TCDB.1_C_33_1_2_comp1
G_1_A_25_1_4_comp1,P_1_A_25_1_4_comp1,R_1_A_25_1_4,TCDB,TCDB.1_A_25_1_4_comp1
G_3_A_1_111_2_comp1,P_3_A_1_111_2_comp1,R_3_A_1_111_2,TCDB,TCDB.3_A_1_111_2_comp1
G_1_B_11_3_3_comp1,P_1_B_11_3_3_comp1,R_1_B_11_3_3,TCDB,TCDB.1_B_11_3_3_comp1
G_5_A_3_4_1_comp1,P_5_A_3_4_1_comp1+5_A_3_4_1_comp2+5_A_3_4_1_comp3,R_5_A_3_4_1,TCDB,TCDB.5_A_3_4_1_comp1
G_5_A_3_4_1_comp2,P_5_A_3_4_1_comp1+5_A_3_4_1_comp2+5_A_3_4_1_comp3,R_5_A_3_4_1,TCDB,TCDB.5_A_3_4_1_comp2
G_5_A_3_4_1_comp3,P_5_A_3_4_1_comp1+5_A_3_4_1_comp2+5_A_3_4_1_comp3,R_5_A_3_4_1,TCDB,TCDB.5_A_3_4_1_comp3
G_2_A_14_1_1_comp1,P_2_A_14_1_1_comp1,R_2_A_14_1_1,TCDB,TCDB.2_A_14_1_1_comp1
G_1_A_77_3_13_comp1,P_1_A_77_3_13_comp1,R_1_A_77_3_13,TCDB,TCDB.1_A_77_3_13_comp1
G_3_A_1_205_1_comp1,P_3_A_1_205_1_comp1,R_3_A_1_205_1,TCDB,TCDB.3_A_1_205_1_comp1
G_2_A_29_13_1_comp1,P_2_A_29_13_1_comp1,R_2_A_29_13_1,TCDB,TCDB.2_A_29_13_1_comp1
G_3_A_1_212_1_comp1,P_3_A_1_212_1_comp1,R_3_A_1_212_1,TCDB,TCDB.3_A_1_212_1_comp1
G_3_A_1_212_2_comp1,P_3_A_1_212_2_comp1,R_3_A_1_212_2,TCDB,TCDB.3_A_1_212_2_comp1
G_2_A_1_3_54_comp1,P_2_A_1_3_54_comp1,R_2_A_1_3_54,TCDB,TCDB.2_A_1_3_54_comp1
G_1_B_11_3_11_comp1,P_1_B_11_3_11_comp1,R_1_B_11_3_11,TCDB,TCDB.1_B_11_3_11_comp1
G_3_A_1_12_15_comp1,P_3_A_1_12_15_comp1+3_A_1_12_15_comp2+3_A_1_12_15_comp3+3_A_1_12_15_comp4,R_3_A_1_12_15,TCDB,TCDB.3_A_1_12_15_comp1
G_3_A_1_12_15_comp2,P_3_A_1_12_15_comp1+3_A_1_12_15_comp2+3_A_1_12_15_comp3+3_A_1_12_15_comp4,R_3_A_1_12_15,TCDB,TCDB.3_A_1_12_15_comp2
G_3_A_1_12_15_comp3,P_3_A_1_12_15_comp1+3_A_1_12_15_comp2+3_A_1_12_15_comp3+3_A_1_12_15_comp4,R_3_A_1_12_15,TCDB,TCDB.3_A_1_12_15_comp3
G_3_A_1_12_15_comp4,P_3_A_1_12_15_comp1+3_A_1_12_15_comp2+3_A_1_12_15_comp3+3_A_1_12_15_comp4,R_3_A_1_12_15,TCDB,TCDB.3_A_1_12_15_comp4
G_1_B_17_3_10_comp1,P_1_B_17_3_10_comp1,R_1_B_17_3_10,TCDB,TCDB.1_B_17_3_10_comp1
G_1_B_11_3_1_comp1,P_1_B_11_3_1_comp1,R_1_B_11_3_1,TCDB,TCDB.1_B_11_3_1_comp1
G_2_A_21_6_1_comp1,P_2_A_21_6_1_comp1,R_2_A_21_6_1,TCDB,TCDB.2_A_21_6_1_comp1
G_1_C_66_1_1_comp1,P_1_C_66_1_1_comp1,R_1_C_66_1_1,TCDB,TCDB.1_C_66_1_1_comp1
G_2_A_1_2_70_comp1,P_2_A_1_2_70_comp1,R_2_A_1_2_70,TCDB,TCDB.2_A_1_2_70_comp1
G_9_A_73_4_1_comp1,P_9_A_73_4_1_comp1,R_9_A_73_4_1,TCDB,TCDB.9_A_73_4_1_comp1
G_9_B_443_1_1_comp1,P_9_B_443_1_1_comp1,R_9_B_443_1_1,TCDB,TCDB.9_B_443_1_1_comp1
G_3_D_4_6_2_comp1,P_3_D_4_6_2_comp1+3_D_4_6_2_comp2+3_D_4_6_2_comp3+3_D_4_6_2_comp4,R_3_D_4_6_2,TCDB,TCDB.3_D_4_6_2_comp1
G_3_D_4_6_2_comp2,P_3_D_4_6_2_comp1+3_D_4_6_2_comp2+3_D_4_6_2_comp3+3_D_4_6_2_comp4,R_3_D_4_6_2,TCDB,TCDB.3_D_4_6_2_comp2
G_3_D_4_6_2_comp3,P_3_D_4_6_2_comp1+3_D_4_6_2_comp2+3_D_4_6_2_comp3+3_D_4_6_2_comp4,R_3_D_4_6_2,TCDB,TCDB.3_D_4_6_2_comp3
G_3_D_4_6_2_comp4,P_3_D_4_6_2_comp1+3_D_4_6_2_comp2+3_D_4_6_2_comp3+3_D_4_6_2_comp4,R_3_D_4_6_2,TCDB,TCDB.3_D_4_6_2_comp4
G_3_A_1_208_8_comp1,P_3_A_1_208_8_comp1,R_3_A_1_208_8,TCDB,TCDB.3_A_1_208_8_comp1
G_2_A_1_2_1_comp1,P_2_A_1_2_1_comp1,R_2_A_1_2_1,TCDB,TCDB.2_A_1_2_1_comp1
G_8_A_3_1_1_comp1,P_8_A_3_1_1_comp1,R_8_A_3_1_1,TCDB,TCDB.8_A_3_1_1_comp1
G_2_A_66_2_2_comp1,P_2_A_66_2_2_comp1,R_2_A_66_2_2,TCDB,TCDB.2_A_66_2_2_comp1
G_9_B_142_3_14_comp1,P_9_B_142_3_14_comp1+9_B_142_3_14_comp2+9_B_142_3_14_comp3+9_B_142_3_14_comp4+9_B_142_3_14_comp5+9_B_142_3_14_comp6+9_B_142_3_14_comp7+9_B_142_3_14_comp8,R_9_B_142_3_14,TCDB,TCDB.9_B_142_3_14_comp1
G_9_B_142_3_14_comp2,P_9_B_142_3_14_comp1+9_B_142_3_14_comp2+9_B_142_3_14_comp3+9_B_142_3_14_comp4+9_B_142_3_14_comp5+9_B_142_3_14_comp6+9_B_142_3_14_comp7+9_B_142_3_14_comp8,R_9_B_142_3_14,TCDB,TCDB.9_B_142_3_14_comp2
G_9_B_142_3_14_comp3,P_9_B_142_3_14_comp1+9_B_142_3_14_comp2+9_B_142_3_14_comp3+9_B_142_3_14_comp4+9_B_142_3_14_comp5+9_B_142_3_14_comp6+9_B_142_3_14_comp7+9_B_142_3_14_comp8,R_9_B_142_3_14,TCDB,TCDB.9_B_142_3_14_comp3
G_9_B_142_3_14_comp4,P_9_B_142_3_14_comp1+9_B_142_3_14_comp2+9_B_142_3_14_comp3+9_B_142_3_14_comp4+9_B_142_3_14_comp5+9_B_142_3_14_comp6+9_B_142_3_14_comp7+9_B_142_3_14_comp8,R_9_B_142_3_14,TCDB,TCDB.9_B_142_3_14_comp4
G_9_B_142_3_14_comp5,P_9_B_142_3_14_comp1+9_B_142_3_14_comp2+9_B_142_3_14_comp3+9_B_142_3_14_comp4+9_B_142_3_14_comp5+9_B_142_3_14_comp6+9_B_142_3_14_comp7+9_B_142_3_14_comp8,R_9_B_142_3_14,TCDB,TCDB.9_B_142_3_14_comp5
G_9_B_142_3_14_comp6,P_9_B_142_3_14_comp1+9_B_142_3_14_comp2+9_B_142_3_14_comp3+9_B_142_3_14_comp4+9_B_142_3_14_comp5+9_B_142_3_14_comp6+9_B_142_3_14_comp7+9_B_142_3_14_comp8,R_9_B_142_3_14,TCDB,TCDB.9_B_142_3_14_comp6
G_9_B_142_3_14_comp7,P_9_B_142_3_14_comp1+9_B_142_3_14_comp2+9_B_142_3_14_comp3+9_B_142_3_14_comp4+9_B_142_3_14_comp5+9_B_142_3_14_comp6+9_B_142_3_14_comp7+9_B_142_3_14_comp8,R_9_B_142_3_14,TCDB,TCDB.9_B_142_3_14_comp7
G_9_B_142_3_14_comp8,P_9_B_142_3_14_comp1+9_B_142_3_14_comp2+9_B_142_3_14_comp3+9_B_142_3_14_comp4+9_B_142_3_14_comp5+9_B_142_3_14_comp6+9_B_142_3_14_comp7+9_B_142_3_14_comp8,R_9_B_142_3_14,TCDB,TCDB.9_B_142_3_14_comp8
G_9_B_142_5_6_comp1,P_9_B_142_5_6_comp1,R_9_B_142_5_6,TCDB,TCDB.9_B_142_5_6_comp1
G_3_A_1_203_3_comp1,P_3_A_1_203_3_comp1,R_3_A_1_203_3,TCDB,TCDB.3_A_1_203_3_comp1
G_9_B_14_1_3_comp1,P_9_B_14_1_3_comp1,R_9_B_14_1_3,TCDB,TCDB.9_B_14_1_3_comp1
G_3_A_1_113_3_comp1,P_3_A_1_113_3_comp1,R_3_A_1_113_3,TCDB,TCDB.3_A_1_113_3_comp1
G_3_A_1_5_27_comp1,P_3_A_1_5_27_comp1+3_A_1_5_27_comp2+3_A_1_5_27_comp3+3_A_1_5_27_comp4+3_A_1_5_27_comp5,R_3_A_1_5_27,TCDB,TCDB.3_A_1_5_27_comp1
G_3_A_1_5_27_comp2,P_3_A_1_5_27_comp1+3_A_1_5_27_comp2+3_A_1_5_27_comp3+3_A_1_5_27_comp4+3_A_1_5_27_comp5,R_3_A_1_5_27,TCDB,TCDB.3_A_1_5_27_comp2
G_3_A_1_5_27_comp3,P_3_A_1_5_27_comp1+3_A_1_5_27_comp2+3_A_1_5_27_comp3+3_A_1_5_27_comp4+3_A_1_5_27_comp5,R_3_A_1_5_27,TCDB,TCDB.3_A_1_5_27_comp3
G_3_A_1_5_27_comp4,P_3_A_1_5_27_comp1+3_A_1_5_27_comp2+3_A_1_5_27_comp3+3_A_1_5_27_comp4+3_A_1_5_27_comp5,R_3_A_1_5_27,TCDB,TCDB.3_A_1_5_27_comp4
G_3_A_1_5_27_comp5,P_3_A_1_5_27_comp1+3_A_1_5_27_comp2+3_A_1_5_27_comp3+3_A_1_5_27_comp4+3_A_1_5_27_comp5,R_3_A_1_5_27,TCDB,TCDB.3_A_1_5_27_comp5
G_3_A_1_113_1_comp1,P_3_A_1_113_1_comp1,R_3_A_1_113_1,TCDB,TCDB.3_A_1_113_1_comp1
G_1_C_24_1_6_comp1,P_1_C_24_1_6_comp1,R_1_C_24_1_6,TCDB,TCDB.1_C_24_1_6_comp1
G_1_C_35_1_1_comp1,P_1_C_35_1_1_comp1,R_1_C_35_1_1,TCDB,TCDB.1_C_35_1_1_comp1
G_9_B_50_1_2_comp1,P_9_B_50_1_2_comp1,R_9_B_50_1_2,TCDB,TCDB.9_B_50_1_2_comp1
G_3_A_1_203_6_comp1,P_3_A_1_203_6_comp1+3_A_1_203_6_comp2,R_3_A_1_203_6,TCDB,TCDB.3_A_1_203_6_comp1
G_3_A_1_203_6_comp2,P_3_A_1_203_6_comp1+3_A_1_203_6_comp2,R_3_A_1_203_6,TCDB,TCDB.3_A_1_203_6_comp2
G_1_H_1_4_4_comp1,P_1_H_1_4_4_comp1,R_1_H_1_4_4,TCDB,TCDB.1_H_1_4_4_comp1
G_2_A_5_5_3_comp1,P_2_A_5_5_3_comp1,R_2_A_5_5_3,TCDB,TCDB.2_A_5_5_3_comp1
G_1_A_10_1_21_comp1,P_1_A_10_1_21_comp1,R_1_A_10_1_21,TCDB,TCDB.1_A_10_1_21_comp1
G_3_A_1_211_4_comp1,P_3_A_1_211_4_comp1,R_3_A_1_211_4,TCDB,TCDB.3_A_1_211_4_comp1
G_2_A_6_6_9_comp1,P_2_A_6_6_9_comp1,R_2_A_6_6_9,TCDB,TCDB.2_A_6_6_9_comp1
G_2_A_18_8_8_comp1,P_2_A_18_8_8_comp1,R_2_A_18_8_8,TCDB,TCDB.2_A_18_8_8_comp1
G_2_A_18_5_1_comp1,P_2_A_18_5_1_comp1,R_2_A_18_5_1,TCDB,TCDB.2_A_18_5_1_comp1
G_2_A_1_14_42_comp1,P_2_A_1_14_42_comp1,R_2_A_1_14_42,TCDB,TCDB.2_A_1_14_42_comp1
G_2_A_1_2_13_comp1,P_2_A_1_2_13_comp1,R_2_A_1_2_13,TCDB,TCDB.2_A_1_2_13_comp1
G_3_A_1_201_14_comp1,P_3_A_1_201_14_comp1,R_3_A_1_201_14,TCDB,TCDB.3_A_1_201_14_comp1
G_1_B_22_2_1_comp1,P_1_B_22_2_1_comp1,R_1_B_22_2_1,TCDB,TCDB.1_B_22_2_1_comp1
G_1_A_9_5_7_comp1,P_1_A_9_5_7_comp1,R_1_A_9_5_7,TCDB,TCDB.1_A_9_5_7_comp1
G_9_A_14_2_6_comp1,P_9_A_14_2_6_comp1,R_9_A_14_2_6,TCDB,TCDB.9_A_14_2_6_comp1
G_9_A_14_1_4_comp1,P_9_A_14_1_4_comp1,R_9_A_14_1_4,TCDB,TCDB.9_A_14_1_4_comp1
G_9_A_14_9_1_comp1,P_9_A_14_9_1_comp1,R_9_A_14_9_1,TCDB,TCDB.9_A_14_9_1_comp1
G_9_A_14_4_3_comp1,P_9_A_14_4_3_comp1,R_9_A_14_4_3,TCDB,TCDB.9_A_14_4_3_comp1
G_1_B_20_1_6_comp1,P_1_B_20_1_6_comp1,R_1_B_20_1_6,TCDB,TCDB.1_B_20_1_6_comp1
G_3_A_1_3_6_comp1,P_3_A_1_3_6_comp1+3_A_1_3_6_comp2+3_A_1_3_6_comp3+3_A_1_3_6_comp4,R_3_A_1_3_6,TCDB,TCDB.3_A_1_3_6_comp1
G_3_A_1_3_6_comp2,P_3_A_1_3_6_comp1+3_A_1_3_6_comp2+3_A_1_3_6_comp3+3_A_1_3_6_comp4,R_3_A_1_3_6,TCDB,TCDB.3_A_1_3_6_comp2
G_3_A_1_3_6_comp3,P_3_A_1_3_6_comp1+3_A_1_3_6_comp2+3_A_1_3_6_comp3+3_A_1_3_6_comp4,R_3_A_1_3_6,TCDB,TCDB.3_A_1_3_6_comp3
G_3_A_1_3_6_comp4,P_3_A_1_3_6_comp1+3_A_1_3_6_comp2+3_A_1_3_6_comp3+3_A_1_3_6_comp4,R_3_A_1_3_6,TCDB,TCDB.3_A_1_3_6_comp4
G_2_A_7_27_1_comp1,P_2_A_7_27_1_comp1,R_2_A_7_27_1,TCDB,TCDB.2_A_7_27_1_comp1
G_1_A_24_1_6_comp1,P_1_A_24_1_6_comp1,R_1_A_24_1_6,TCDB,TCDB.1_A_24_1_6_comp1
G_8_A_21_2_8_comp1,P_8_A_21_2_8_comp1,R_8_A_21_2_8,TCDB,TCDB.8_A_21_2_8_comp1
G_8_A_82_2_7_comp1,P_8_A_82_2_7_comp1,R_8_A_82_2_7,TCDB,TCDB.8_A_82_2_7_comp1
G_9_A_14_1_12_comp1,P_9_A_14_1_12_comp1,R_9_A_14_1_12,TCDB,TCDB.9_A_14_1_12_comp1
G_9_A_14_13_18_comp1,P_9_A_14_13_18_comp1,R_9_A_14_13_18,TCDB,TCDB.9_A_14_13_18_comp1
G_9_A_14_13_10_comp1,P_9_A_14_13_10_comp1,R_9_A_14_13_10,TCDB,TCDB.9_A_14_13_10_comp1
G_1_A_10_1_6_comp1,P_1_A_10_1_6_comp1+1_A_10_1_6_comp2+1_A_10_1_6_comp3+1_A_10_1_6_comp4,R_1_A_10_1_6,TCDB,TCDB.1_A_10_1_6_comp1
G_1_A_10_1_6_comp2,P_1_A_10_1_6_comp1+1_A_10_1_6_comp2+1_A_10_1_6_comp3+1_A_10_1_6_comp4,R_1_A_10_1_6,TCDB,TCDB.1_A_10_1_6_comp2
G_1_A_10_1_6_comp3,P_1_A_10_1_6_comp1+1_A_10_1_6_comp2+1_A_10_1_6_comp3+1_A_10_1_6_comp4,R_1_A_10_1_6,TCDB,TCDB.1_A_10_1_6_comp3
G_1_A_10_1_6_comp4,P_1_A_10_1_6_comp1+1_A_10_1_6_comp2+1_A_10_1_6_comp3+1_A_10_1_6_comp4,R_1_A_10_1_6,TCDB,TCDB.1_A_10_1_6_comp4
G_9_A_14_3_9_comp1,P_9_A_14_3_9_comp1,R_9_A_14_3_9,TCDB,TCDB.9_A_14_3_9_comp1
G_1_A_1_10_7_comp1,P_1_A_1_10_7_comp1,R_1_A_1_10_7,TCDB,TCDB.1_A_1_10_7_comp1
G_1_A_1_10_4_comp1,P_1_A_1_10_4_comp1,R_1_A_1_10_4,TCDB,TCDB.1_A_1_10_4_comp1
G_1_C_22_1_2_comp1,P_1_C_22_1_2_comp1,R_1_C_22_1_2,TCDB,TCDB.1_C_22_1_2_comp1
G_2_A_49_2_11_comp1,P_2_A_49_2_11_comp1,R_2_A_49_2_11,TCDB,TCDB.2_A_49_2_11_comp1
G_2_A_49_2_1_comp1,P_2_A_49_2_1_comp1,R_2_A_49_2_1,TCDB,TCDB.2_A_49_2_1_comp1
G_2_A_49_2_6_comp1,P_2_A_49_2_6_comp1,R_2_A_49_2_6,TCDB,TCDB.2_A_49_2_6_comp1
G_1_A_12_1_1_comp1,P_1_A_12_1_1_comp1,R_1_A_12_1_1,TCDB,TCDB.1_A_12_1_1_comp1
G_1_A_9_2_2_comp1,P_1_A_9_2_2_comp1+1_A_9_2_2_comp2,R_1_A_9_2_2,TCDB,TCDB.1_A_9_2_2_comp1
G_1_A_9_2_2_comp2,P_1_A_9_2_2_comp1+1_A_9_2_2_comp2,R_1_A_9_2_2,TCDB,TCDB.1_A_9_2_2_comp2
G_8_A_66_1_3_comp1,P_8_A_66_1_3_comp1,R_8_A_66_1_3,TCDB,TCDB.8_A_66_1_3_comp1
G_8_A_23_1_1_comp1,P_8_A_23_1_1_comp1,R_8_A_23_1_1,TCDB,TCDB.8_A_23_1_1_comp1
G_1_C_24_1_2_comp1,P_1_C_24_1_2_comp1,R_1_C_24_1_2,TCDB,TCDB.1_C_24_1_2_comp1
G_3_A_3_5_3_comp1,P_3_A_3_5_3_comp1,R_3_A_3_5_3,TCDB,TCDB.3_A_3_5_3_comp1
G_1_B_22_3_2_comp1,P_1_B_22_3_2_comp1,R_1_B_22_3_2,TCDB,TCDB.1_B_22_3_2_comp1
G_1_C_56_1_1_comp1,P_1_C_56_1_1_comp1,R_1_C_56_1_1,TCDB,TCDB.1_C_56_1_1_comp1
G_1_A_35_2_2_comp1,P_1_A_35_2_2_comp1,R_1_A_35_2_2,TCDB,TCDB.1_A_35_2_2_comp1
G_3_A_1_10_3_comp1,P_3_A_1_10_3_comp1+3_A_1_10_3_comp2+3_A_1_10_3_comp3,R_3_A_1_10_3,TCDB,TCDB.3_A_1_10_3_comp1
G_3_A_1_10_3_comp2,P_3_A_1_10_3_comp1+3_A_1_10_3_comp2+3_A_1_10_3_comp3,R_3_A_1_10_3,TCDB,TCDB.3_A_1_10_3_comp2
G_3_A_1_10_3_comp3,P_3_A_1_10_3_comp1+3_A_1_10_3_comp2+3_A_1_10_3_comp3,R_3_A_1_10_3,TCDB,TCDB.3_A_1_10_3_comp3
G_1_C_39_2_1_comp1,P_1_C_39_2_1_comp1,R_1_C_39_2_1,TCDB,TCDB.1_C_39_2_1_comp1
G_9_B_38_1_1_comp1,P_9_B_38_1_1_comp1,R_9_B_38_1_1,TCDB,TCDB.9_B_38_1_1_comp1
G_9_B_38_1_3_comp1,P_9_B_38_1_3_comp1,R_9_B_38_1_3,TCDB,TCDB.9_B_38_1_3_comp1
G_1_B_22_1_2_comp1,P_1_B_22_1_2_comp1,R_1_B_22_1_2,TCDB,TCDB.1_B_22_1_2_comp1
G_9_B_324_2_1_comp1,P_9_B_324_2_1_comp1,R_9_B_324_2_1,TCDB,TCDB.9_B_324_2_1_comp1
G_1_K_4_1_1_comp1,P_1_K_4_1_1_comp1+1_K_4_1_1_comp2+1_K_4_1_1_comp3+1_K_4_1_1_comp4,R_1_K_4_1_1,TCDB,TCDB.1_K_4_1_1_comp1
G_1_K_4_1_1_comp2,P_1_K_4_1_1_comp1+1_K_4_1_1_comp2+1_K_4_1_1_comp3+1_K_4_1_1_comp4,R_1_K_4_1_1,TCDB,TCDB.1_K_4_1_1_comp2
G_1_K_4_1_1_comp3,P_1_K_4_1_1_comp1+1_K_4_1_1_comp2+1_K_4_1_1_comp3+1_K_4_1_1_comp4,R_1_K_4_1_1,TCDB,TCDB.1_K_4_1_1_comp3
G_1_K_4_1_1_comp4,P_1_K_4_1_1_comp1+1_K_4_1_1_comp2+1_K_4_1_1_comp3+1_K_4_1_1_comp4,R_1_K_4_1_1,TCDB,TCDB.1_K_4_1_1_comp4
G_1_A_16_2_1_comp1,P_1_A_16_2_1_comp1,R_1_A_16_2_1,TCDB,TCDB.1_A_16_2_1_comp1
G_2_A_3_2_4_comp1,P_2_A_3_2_4_comp1,R_2_A_3_2_4,TCDB,TCDB.2_A_3_2_4_comp1
G_3_A_5_1_4_comp1,P_3_A_5_1_4_comp1+3_A_5_1_4_comp2+3_A_5_1_4_comp3+3_A_5_1_4_comp4,R_3_A_5_1_4,TCDB,TCDB.3_A_5_1_4_comp1
G_3_A_5_1_4_comp2,P_3_A_5_1_4_comp1+3_A_5_1_4_comp2+3_A_5_1_4_comp3+3_A_5_1_4_comp4,R_3_A_5_1_4,TCDB,TCDB.3_A_5_1_4_comp2
G_3_A_5_1_4_comp3,P_3_A_5_1_4_comp1+3_A_5_1_4_comp2+3_A_5_1_4_comp3+3_A_5_1_4_comp4,R_3_A_5_1_4,TCDB,TCDB.3_A_5_1_4_comp3
G_3_A_5_1_4_comp4,P_3_A_5_1_4_comp1+3_A_5_1_4_comp2+3_A_5_1_4_comp3+3_A_5_1_4_comp4,R_3_A_5_1_4,TCDB,TCDB.3_A_5_1_4_comp4
G_8_A_23_1_43_comp1,P_8_A_23_1_43_comp1,R_8_A_23_1_43,TCDB,TCDB.8_A_23_1_43_comp1
G_1_A_19_1_1_comp1,P_1_A_19_1_1_comp1,R_1_A_19_1_1,TCDB,TCDB.1_A_19_1_1_comp1
G_9_A_73_4_2_comp1,P_9_A_73_4_2_comp1,R_9_A_73_4_2,TCDB,TCDB.9_A_73_4_2_comp1
G_1_A_33_1_6_comp1,P_1_A_33_1_6_comp1,R_1_A_33_1_6,TCDB,TCDB.1_A_33_1_6_comp1
G_2_A_1_13_10_comp1,P_2_A_1_13_10_comp1,R_2_A_1_13_10,TCDB,TCDB.2_A_1_13_10_comp1
G_2_A_3_4_5_comp1,P_2_A_3_4_5_comp1,R_2_A_3_4_5,TCDB,TCDB.2_A_3_4_5_comp1
G_2_A_1_13_18_comp1,P_2_A_1_13_18_comp1,R_2_A_1_13_18,TCDB,TCDB.2_A_1_13_18_comp1
G_5_B_1_5_3_comp1,P_5_B_1_5_3_comp1,R_5_B_1_5_3,TCDB,TCDB.5_B_1_5_3_comp1
G_2_A_1_12_2_comp1,P_2_A_1_12_2_comp1,R_2_A_1_12_2,TCDB,TCDB.2_A_1_12_2_comp1
G_9_A_6_1_1_comp1,P_9_A_6_1_1_comp1,R_9_A_6_1_1,TCDB,TCDB.9_A_6_1_1_comp1
G_2_A_18_7_1_comp1,P_2_A_18_7_1_comp1,R_2_A_18_7_1,TCDB,TCDB.2_A_18_7_1_comp1
G_9_B_216_1_1_comp1,P_9_B_216_1_1_comp1,R_9_B_216_1_1,TCDB,TCDB.9_B_216_1_1_comp1
G_1_C_52_2_1_comp1,P_1_C_52_2_1_comp1,R_1_C_52_2_1,TCDB,TCDB.1_C_52_2_1_comp1
G_1_C_52_2_2_comp1,P_1_C_52_2_2_comp1,R_1_C_52_2_2,TCDB,TCDB.1_C_52_2_2_comp1
G_1_C_47_1_1_comp1,P_1_C_47_1_1_comp1,R_1_C_47_1_1,TCDB,TCDB.1_C_47_1_1_comp1
G_9_B_350_1_3_comp1,P_9_B_350_1_3_comp1,R_9_B_350_1_3,TCDB,TCDB.9_B_350_1_3_comp1
G_1_A_24_1_15_comp1,P_1_A_24_1_15_comp1,R_1_A_24_1_15,TCDB,TCDB.1_A_24_1_15_comp1
G_1_A_24_2_4_comp1,P_1_A_24_2_4_comp1,R_1_A_24_2_4,TCDB,TCDB.1_A_24_2_4_comp1
G_3_A_1_112_2_comp1,P_3_A_1_112_2_comp1,R_3_A_1_112_2,TCDB,TCDB.3_A_1_112_2_comp1
G_8_A_1_4_2_comp1,P_8_A_1_4_2_comp1,R_8_A_1_4_2,TCDB,TCDB.8_A_1_4_2_comp1
G_1_C_21_1_1_comp1,P_1_C_21_1_1_comp1,R_1_C_21_1_1,TCDB,TCDB.1_C_21_1_1_comp1
G_1_C_21_1_4_comp1,P_1_C_21_1_4_comp1,R_1_C_21_1_4,TCDB,TCDB.1_C_21_1_4_comp1
G_1_A_9_1_7_comp1,P_1_A_9_1_7_comp1,R_1_A_9_1_7,TCDB,TCDB.1_A_9_1_7_comp1
G_2_A_1_3_26_comp1,P_2_A_1_3_26_comp1,R_2_A_1_3_26,TCDB,TCDB.2_A_1_3_26_comp1
G_2_A_36_4_3_comp1,P_2_A_36_4_3_comp1,R_2_A_36_4_3,TCDB,TCDB.2_A_36_4_3_comp1
G_3_A_1_201_18_comp1,P_3_A_1_201_18_comp1,R_3_A_1_201_18,TCDB,TCDB.3_A_1_201_18_comp1
G_3_A_3_4_1_comp1,P_3_A_3_4_1_comp1,R_3_A_3_4_1,TCDB,TCDB.3_A_3_4_1_comp1
G_1_B_76_1_8_comp1,P_1_B_76_1_8_comp1,R_1_B_76_1_8,TCDB,TCDB.1_B_76_1_8_comp1
G_5_A_1_1_1_comp1,P_5_A_1_1_1_comp1,R_5_A_1_1_1,TCDB,TCDB.5_A_1_1_1_comp1
G_4_A_1_2_4_comp1,P_4_A_1_2_4_comp1,R_4_A_1_2_4,TCDB,TCDB.4_A_1_2_4_comp1
G_2_A_17_1_3_comp1,P_2_A_17_1_3_comp1,R_2_A_17_1_3,TCDB,TCDB.2_A_17_1_3_comp1
G_1_C_25_1_1_comp1,P_1_C_25_1_1_comp1+1_C_25_1_1_comp2,R_1_C_25_1_1,TCDB,TCDB.1_C_25_1_1_comp1
G_1_C_25_1_1_comp2,P_1_C_25_1_1_comp1+1_C_25_1_1_comp2,R_1_C_25_1_1,TCDB,TCDB.1_C_25_1_1_comp2
G_1_A_43_1_1_comp1,P_1_A_43_1_1_comp1,R_1_A_43_1_1,TCDB,TCDB.1_A_43_1_1_comp1
G_2_A_49_5_1_comp1,P_2_A_49_5_1_comp1,R_2_A_49_5_1,TCDB,TCDB.2_A_49_5_1_comp1
G_2_A_49_1_1_comp1,P_2_A_49_1_1_comp1,R_2_A_49_1_1,TCDB,TCDB.2_A_49_1_1_comp1
G_4_A_6_1_3_comp1,P_4_A_6_1_3_comp1+4_A_6_1_3_comp2+4_A_6_1_3_comp3+4_A_6_1_3_comp4,R_4_A_6_1_3,TCDB,TCDB.4_A_6_1_3_comp1
G_4_A_6_1_3_comp2,P_4_A_6_1_3_comp1+4_A_6_1_3_comp2+4_A_6_1_3_comp3+4_A_6_1_3_comp4,R_4_A_6_1_3,TCDB,TCDB.4_A_6_1_3_comp2
G_4_A_6_1_3_comp3,P_4_A_6_1_3_comp1+4_A_6_1_3_comp2+4_A_6_1_3_comp3+4_A_6_1_3_comp4,R_4_A_6_1_3,TCDB,TCDB.4_A_6_1_3_comp3
G_4_A_6_1_3_comp4,P_4_A_6_1_3_comp1+4_A_6_1_3_comp2+4_A_6_1_3_comp3+4_A_6_1_3_comp4,R_4_A_6_1_3,TCDB,TCDB.4_A_6_1_3_comp4
G_1_A_6_1_1_comp1,P_1_A_6_1_1_comp1+1_A_6_1_1_comp2+1_A_6_1_1_comp3+1_A_6_1_1_comp4,R_1_A_6_1_1,TCDB,TCDB.1_A_6_1_1_comp1
G_1_A_6_1_1_comp2,P_1_A_6_1_1_comp1+1_A_6_1_1_comp2+1_A_6_1_1_comp3+1_A_6_1_1_comp4,R_1_A_6_1_1,TCDB,TCDB.1_A_6_1_1_comp2
G_1_A_6_1_1_comp3,P_1_A_6_1_1_comp1+1_A_6_1_1_comp2+1_A_6_1_1_comp3+1_A_6_1_1_comp4,R_1_A_6_1_1,TCDB,TCDB.1_A_6_1_1_comp3
G_1_A_6_1_1_comp4,P_1_A_6_1_1_comp1+1_A_6_1_1_comp2+1_A_6_1_1_comp3+1_A_6_1_1_comp4,R_1_A_6_1_1,TCDB,TCDB.1_A_6_1_1_comp4
G_2_A_66_4_1_comp1,P_2_A_66_4_1_comp1,R_2_A_66_4_1,TCDB,TCDB.2_A_66_4_1_comp1
G_4_A_5_1_1_comp1,P_4_A_5_1_1_comp1+4_A_5_1_1_comp2+4_A_5_1_1_comp3,R_4_A_5_1_1,TCDB,TCDB.4_A_5_1_1_comp1
G_4_A_5_1_1_comp2,P_4_A_5_1_1_comp1+4_A_5_1_1_comp2+4_A_5_1_1_comp3,R_4_A_5_1_1,TCDB,TCDB.4_A_5_1_1_comp2
G_4_A_5_1_1_comp3,P_4_A_5_1_1_comp1+4_A_5_1_1_comp2+4_A_5_1_1_comp3,R_4_A_5_1_1,TCDB,TCDB.4_A_5_1_1_comp3
G_8_A_12_1_2_comp1,P_8_A_12_1_2_comp1,R_8_A_12_1_2,TCDB,TCDB.8_A_12_1_2_comp1
G_1_E_53_1_2_comp1,P_1_E_53_1_2_comp1,R_1_E_53_1_2,TCDB,TCDB.1_E_53_1_2_comp1
G_1_A_16_4_1_comp1,P_1_A_16_4_1_comp1,R_1_A_16_4_1,TCDB,TCDB.1_A_16_4_1_comp1
G_2_A_66_1_3_comp1,P_2_A_66_1_3_comp1,R_2_A_66_1_3,TCDB,TCDB.2_A_66_1_3_comp1
G_3_A_3_2_4_comp1,P_3_A_3_2_4_comp1,R_3_A_3_2_4,TCDB,TCDB.3_A_3_2_4_comp1
G_2_A_3_1_6_comp1,P_2_A_3_1_6_comp1,R_2_A_3_1_6,TCDB,TCDB.2_A_3_1_6_comp1
G_2_A_1_14_39_comp1,P_2_A_1_14_39_comp1,R_2_A_1_14_39,TCDB,TCDB.2_A_1_14_39_comp1
G_3_A_1_158_1_comp1,P_3_A_1_158_1_comp1+3_A_1_158_1_comp2+3_A_1_158_1_comp3+3_A_1_158_1_comp4,R_3_A_1_158_1,TCDB,TCDB.3_A_1_158_1_comp1
G_3_A_1_158_1_comp2,P_3_A_1_158_1_comp1+3_A_1_158_1_comp2+3_A_1_158_1_comp3+3_A_1_158_1_comp4,R_3_A_1_158_1,TCDB,TCDB.3_A_1_158_1_comp2
G_3_A_1_158_1_comp3,P_3_A_1_158_1_comp1+3_A_1_158_1_comp2+3_A_1_158_1_comp3+3_A_1_158_1_comp4,R_3_A_1_158_1,TCDB,TCDB.3_A_1_158_1_comp3
G_3_A_1_158_1_comp4,P_3_A_1_158_1_comp1+3_A_1_158_1_comp2+3_A_1_158_1_comp3+3_A_1_158_1_comp4,R_3_A_1_158_1,TCDB,TCDB.3_A_1_158_1_comp4
G_2_A_1_1_113_comp1,P_2_A_1_1_113_comp1,R_2_A_1_1_113,TCDB,TCDB.2_A_1_1_113_comp1
G_2_A_120_1_9_comp1,P_2_A_120_1_9_comp1,R_2_A_120_1_9,TCDB,TCDB.2_A_120_1_9_comp1
G_2_A_1_3_14_comp1,P_2_A_1_3_14_comp1,R_2_A_1_3_14,TCDB,TCDB.2_A_1_3_14_comp1
G_2_A_1_2_62_comp1,P_2_A_1_2_62_comp1,R_2_A_1_2_62,TCDB,TCDB.2_A_1_2_62_comp1
G_3_A_1_111_5_comp1,P_3_A_1_111_5_comp1,R_3_A_1_111_5,TCDB,TCDB.3_A_1_111_5_comp1
G_3_A_3_6_2_comp1,P_3_A_3_6_2_comp1,R_3_A_3_6_2,TCDB,TCDB.3_A_3_6_2_comp1
G_2_A_1_46_7_comp1,P_2_A_1_46_7_comp1,R_2_A_1_46_7,TCDB,TCDB.2_A_1_46_7_comp1
G_9_B_245_1_2_comp1,P_9_B_245_1_2_comp1,R_9_B_245_1_2,TCDB,TCDB.9_B_245_1_2_comp1
G_8_A_1_6_3_comp1,P_8_A_1_6_3_comp1,R_8_A_1_6_3,TCDB,TCDB.8_A_1_6_3_comp1
G_2_A_6_2_13_comp1,P_2_A_6_2_13_comp1,R_2_A_6_2_13,TCDB,TCDB.2_A_6_2_13_comp1
G_9_B_126_1_1_comp1,P_9_B_126_1_1_comp1,R_9_B_126_1_1,TCDB,TCDB.9_B_126_1_1_comp1
G_2_A_1_6_10_comp1,P_2_A_1_6_10_comp1,R_2_A_1_6_10,TCDB,TCDB.2_A_1_6_10_comp1
G_9_B_121_1_1_comp1,P_9_B_121_1_1_comp1,R_9_B_121_1_1,TCDB,TCDB.9_B_121_1_1_comp1
G_1_B_55_3_1_comp1,P_1_B_55_3_1_comp1,R_1_B_55_3_1,TCDB,TCDB.1_B_55_3_1_comp1
G_4_D_3_1_6_comp1,P_4_D_3_1_6_comp1+4_D_3_1_6_comp2+4_D_3_1_6_comp3,R_4_D_3_1_6,TCDB,TCDB.4_D_3_1_6_comp1
G_4_D_3_1_6_comp2,P_4_D_3_1_6_comp1+4_D_3_1_6_comp2+4_D_3_1_6_comp3,R_4_D_3_1_6,TCDB,TCDB.4_D_3_1_6_comp2
G_4_D_3_1_6_comp3,P_4_D_3_1_6_comp1+4_D_3_1_6_comp2+4_D_3_1_6_comp3,R_4_D_3_1_6,TCDB,TCDB.4_D_3_1_6_comp3
G_9_B_275_1_1_comp1,P_9_B_275_1_1_comp1,R_9_B_275_1_1,TCDB,TCDB.9_B_275_1_1_comp1
G_2_A_42_2_3_comp1,P_2_A_42_2_3_comp1,R_2_A_42_2_3,TCDB,TCDB.2_A_42_2_3_comp1
G_2_A_1_11_3_comp1,P_2_A_1_11_3_comp1,R_2_A_1_11_3,TCDB,TCDB.2_A_1_11_3_comp1
G_9_B_186_1_1_comp1,P_9_B_186_1_1_comp1,R_9_B_186_1_1,TCDB,TCDB.9_B_186_1_1_comp1
G_9_B_97_1_1_comp1,P_9_B_97_1_1_comp1,R_9_B_97_1_1,TCDB,TCDB.9_B_97_1_1_comp1
G_2_A_56_1_2_comp1,P_2_A_56_1_2_comp1+2_A_56_1_2_comp2+2_A_56_1_2_comp3,R_2_A_56_1_2,TCDB,TCDB.2_A_56_1_2_comp1
G_2_A_56_1_2_comp2,P_2_A_56_1_2_comp1+2_A_56_1_2_comp2+2_A_56_1_2_comp3,R_2_A_56_1_2,TCDB,TCDB.2_A_56_1_2_comp2
G_2_A_56_1_2_comp3,P_2_A_56_1_2_comp1+2_A_56_1_2_comp2+2_A_56_1_2_comp3,R_2_A_56_1_2,TCDB,TCDB.2_A_56_1_2_comp3
G_1_B_93_1_1_comp1,P_1_B_93_1_1_comp1,R_1_B_93_1_1,TCDB,TCDB.1_B_93_1_1_comp1
G_8_A_1_1_4_comp1,P_8_A_1_1_4_comp1,R_8_A_1_1_4,TCDB,TCDB.8_A_1_1_4_comp1
G_2_A_66_2_1_comp1,P_2_A_66_2_1_comp1,R_2_A_66_2_1,TCDB,TCDB.2_A_66_2_1_comp1
G_9_B_67_2_1_comp1,P_9_B_67_2_1_comp1,R_9_B_67_2_1,TCDB,TCDB.9_B_67_2_1_comp1
G_2_A_1_8_10_comp1,P_2_A_1_8_10_comp1,R_2_A_1_8_10,TCDB,TCDB.2_A_1_8_10_comp1
G_3_A_1_2_25_comp1,P_3_A_1_2_25_comp1+3_A_1_2_25_comp2+3_A_1_2_25_comp3+3_A_1_2_25_comp4,R_3_A_1_2_25,TCDB,TCDB.3_A_1_2_25_comp1
G_3_A_1_2_25_comp2,P_3_A_1_2_25_comp1+3_A_1_2_25_comp2+3_A_1_2_25_comp3+3_A_1_2_25_comp4,R_3_A_1_2_25,TCDB,TCDB.3_A_1_2_25_comp2
G_3_A_1_2_25_comp3,P_3_A_1_2_25_comp1+3_A_1_2_25_comp2+3_A_1_2_25_comp3+3_A_1_2_25_comp4,R_3_A_1_2_25,TCDB,TCDB.3_A_1_2_25_comp3
G_3_A_1_2_25_comp4,P_3_A_1_2_25_comp1+3_A_1_2_25_comp2+3_A_1_2_25_comp3+3_A_1_2_25_comp4,R_3_A_1_2_25,TCDB,TCDB.3_A_1_2_25_comp4
G_1_A_77_3_2_comp1,P_1_A_77_3_2_comp1,R_1_A_77_3_2,TCDB,TCDB.1_A_77_3_2_comp1
G_1_C_77_1_1_comp1,P_1_C_77_1_1_comp1,R_1_C_77_1_1,TCDB,TCDB.1_C_77_1_1_comp1
G_9_B_98_2_1_comp1,P_9_B_98_2_1_comp1,R_9_B_98_2_1,TCDB,TCDB.9_B_98_2_1_comp1
G_1_A_112_2_5_comp1,P_1_A_112_2_5_comp1,R_1_A_112_2_5,TCDB,TCDB.1_A_112_2_5_comp1
G_2_A_6_1_1_comp1,P_2_A_6_1_1_comp1,R_2_A_6_1_1,TCDB,TCDB.2_A_6_1_1_comp1
G_8_A_1_2_1_comp1,P_8_A_1_2_1_comp1,R_8_A_1_2_1,TCDB,TCDB.8_A_1_2_1_comp1
G_1_B_17_2_1_comp1,P_1_B_17_2_1_comp1,R_1_B_17_2_1,TCDB,TCDB.1_B_17_2_1_comp1
G_1_B_12_1_10_comp1,P_1_B_12_1_10_comp1,R_1_B_12_1_10,TCDB,TCDB.1_B_12_1_10_comp1
G_3_A_1_16_1_comp1,P_3_A_1_16_1_comp1+3_A_1_16_1_comp2+3_A_1_16_1_comp3+3_A_1_16_1_comp4,R_3_A_1_16_1,TCDB,TCDB.3_A_1_16_1_comp1
G_3_A_1_16_1_comp2,P_3_A_1_16_1_comp1+3_A_1_16_1_comp2+3_A_1_16_1_comp3+3_A_1_16_1_comp4,R_3_A_1_16_1,TCDB,TCDB.3_A_1_16_1_comp2
G_3_A_1_16_1_comp3,P_3_A_1_16_1_comp1+3_A_1_16_1_comp2+3_A_1_16_1_comp3+3_A_1_16_1_comp4,R_3_A_1_16_1,TCDB,TCDB.3_A_1_16_1_comp3
G_3_A_1_16_1_comp4,P_3_A_1_16_1_comp1+3_A_1_16_1_comp2+3_A_1_16_1_comp3+3_A_1_16_1_comp4,R_3_A_1_16_1,TCDB,TCDB.3_A_1_16_1_comp4
G_2_A_6_1_4_comp1,P_2_A_6_1_4_comp1+2_A_6_1_4_comp2+2_A_6_1_4_comp3,R_2_A_6_1_4,TCDB,TCDB.2_A_6_1_4_comp1
G_2_A_6_1_4_comp2,P_2_A_6_1_4_comp1+2_A_6_1_4_comp2+2_A_6_1_4_comp3,R_2_A_6_1_4,TCDB,TCDB.2_A_6_1_4_comp2
G_2_A_6_1_4_comp3,P_2_A_6_1_4_comp1+2_A_6_1_4_comp2+2_A_6_1_4_comp3,R_2_A_6_1_4,TCDB,TCDB.2_A_6_1_4_comp3
G_2_A_1_1_92_comp1,P_2_A_1_1_92_comp1,R_2_A_1_1_92,TCDB,TCDB.2_A_1_1_92_comp1
G_3_E_1_4_8_comp1,P_3_E_1_4_8_comp1,R_3_E_1_4_8,TCDB,TCDB.3_E_1_4_8_comp1
G_2_A_3_10_6_comp1,P_2_A_3_10_6_comp1,R_2_A_3_10_6,TCDB,TCDB.2_A_3_10_6_comp1
G_2_A_3_10_9_comp1,P_2_A_3_10_9_comp1,R_2_A_3_10_9,TCDB,TCDB.2_A_3_10_9_comp1
G_2_A_29_8_11_comp1,P_2_A_29_8_11_comp1,R_2_A_29_8_11,TCDB,TCDB.2_A_29_8_11_comp1
G_2_A_3_10_19_comp1,P_2_A_3_10_19_comp1,R_2_A_3_10_19,TCDB,TCDB.2_A_3_10_19_comp1
G_2_A_76_1_4_comp1,P_2_A_76_1_4_comp1,R_2_A_76_1_4,TCDB,TCDB.2_A_76_1_4_comp1
G_2_A_1_2_17_comp1,P_2_A_1_2_17_comp1,R_2_A_1_2_17,TCDB,TCDB.2_A_1_2_17_comp1
G_2_A_1_2_40_comp1,P_2_A_1_2_40_comp1,R_2_A_1_2_40,TCDB,TCDB.2_A_1_2_40_comp1
G_2_A_29_10_4_comp1,P_2_A_29_10_4_comp1,R_2_A_29_10_4,TCDB,TCDB.2_A_29_10_4_comp1
G_8_A_3_3_1_comp1,P_8_A_3_3_1_comp1,R_8_A_3_3_1,TCDB,TCDB.8_A_3_3_1_comp1
G_2_A_1_1_96_comp1,P_2_A_1_1_96_comp1,R_2_A_1_1_96,TCDB,TCDB.2_A_1_1_96_comp1
G_2_A_29_7_3_comp1,P_2_A_29_7_3_comp1,R_2_A_29_7_3,TCDB,TCDB.2_A_29_7_3_comp1
G_2_A_18_6_10_comp1,P_2_A_18_6_10_comp1,R_2_A_18_6_10,TCDB,TCDB.2_A_18_6_10_comp1
G_2_A_39_3_3_comp1,P_2_A_39_3_3_comp1,R_2_A_39_3_3,TCDB,TCDB.2_A_39_3_3_comp1
G_2_A_66_3_1_comp1,P_2_A_66_3_1_comp1,R_2_A_66_3_1,TCDB,TCDB.2_A_66_3_1_comp1
G_1_A_81_1_1_comp1,P_1_A_81_1_1_comp1,R_1_A_81_1_1,TCDB,TCDB.1_A_81_1_1_comp1
G_4_C_1_1_2_comp1,P_4_C_1_1_2_comp1,R_4_C_1_1_2,TCDB,TCDB.4_C_1_1_2_comp1
G_2_A_1_2_43_comp1,P_2_A_1_2_43_comp1,R_2_A_1_2_43,TCDB,TCDB.2_A_1_2_43_comp1
G_1_A_17_1_19_comp1,P_1_A_17_1_19_comp1,R_1_A_17_1_19,TCDB,TCDB.1_A_17_1_19_comp1
G_9_A_64_1_1_comp1,P_9_A_64_1_1_comp1+9_A_64_1_1_comp2+9_A_64_1_1_comp3,R_9_A_64_1_1,TCDB,TCDB.9_A_64_1_1_comp1
G_9_A_64_1_1_comp2,P_9_A_64_1_1_comp1+9_A_64_1_1_comp2+9_A_64_1_1_comp3,R_9_A_64_1_1,TCDB,TCDB.9_A_64_1_1_comp2
G_9_A_64_1_1_comp3,P_9_A_64_1_1_comp1+9_A_64_1_1_comp2+9_A_64_1_1_comp3,R_9_A_64_1_1,TCDB,TCDB.9_A_64_1_1_comp3
G_2_A_43_2_7_comp1,P_2_A_43_2_7_comp1,R_2_A_43_2_7,TCDB,TCDB.2_A_43_2_7_comp1
G_2_A_106_2_3_comp1,P_2_A_106_2_3_comp1,R_2_A_106_2_3,TCDB,TCDB.2_A_106_2_3_comp1
G_2_A_108_1_4_comp1,P_2_A_108_1_4_comp1+2_A_108_1_4_comp2,R_2_A_108_1_4,TCDB,TCDB.2_A_108_1_4_comp1
G_2_A_108_1_4_comp2,P_2_A_108_1_4_comp1+2_A_108_1_4_comp2,R_2_A_108_1_4,TCDB,TCDB.2_A_108_1_4_comp2
G_2_A_1_25_4_comp1,P_2_A_1_25_4_comp1,R_2_A_1_25_4,TCDB,TCDB.2_A_1_25_4_comp1
G_9_B_235_1_1_comp1,P_9_B_235_1_1_comp1,R_9_B_235_1_1,TCDB,TCDB.9_B_235_1_1_comp1
G_2_A_69_2_2_comp1,P_2_A_69_2_2_comp1,R_2_A_69_2_2,TCDB,TCDB.2_A_69_2_2_comp1
G_8_A_30_2_1_comp1,P_8_A_30_2_1_comp1,R_8_A_30_2_1,TCDB,TCDB.8_A_30_2_1_comp1
G_2_A_1_48_2_comp1,P_2_A_1_48_2_comp1,R_2_A_1_48_2,TCDB,TCDB.2_A_1_48_2_comp1
G_2_A_53_1_1_comp1,P_2_A_53_1_1_comp1,R_2_A_53_1_1,TCDB,TCDB.2_A_53_1_1_comp1
G_3_A_3_5_14_comp1,P_3_A_3_5_14_comp1,R_3_A_3_5_14,TCDB,TCDB.3_A_3_5_14_comp1
G_2_A_20_2_2_comp1,P_2_A_20_2_2_comp1,R_2_A_20_2_2,TCDB,TCDB.2_A_20_2_2_comp1
G_1_B_14_6_3_comp1,P_1_B_14_6_3_comp1,R_1_B_14_6_3,TCDB,TCDB.1_B_14_6_3_comp1
G_1_C_24_1_5_comp1,P_1_C_24_1_5_comp1,R_1_C_24_1_5,TCDB,TCDB.1_C_24_1_5_comp1
G_1_C_22_1_3_comp1,P_1_C_22_1_3_comp1,R_1_C_22_1_3,TCDB,TCDB.1_C_22_1_3_comp1
G_1_C_24_1_7_comp1,P_1_C_24_1_7_comp1,R_1_C_24_1_7,TCDB,TCDB.1_C_24_1_7_comp1
G_9_B_119_1_1_comp1,P_9_B_119_1_1_comp1,R_9_B_119_1_1,TCDB,TCDB.9_B_119_1_1_comp1
G_2_A_18_4_1_comp1,P_2_A_18_4_1_comp1,R_2_A_18_4_1,TCDB,TCDB.2_A_18_4_1_comp1
G_2_A_29_12_4_comp1,P_2_A_29_12_4_comp1,R_2_A_29_12_4,TCDB,TCDB.2_A_29_12_4_comp1
G_9_B_198_1_2_comp1,P_9_B_198_1_2_comp1,R_9_B_198_1_2,TCDB,TCDB.9_B_198_1_2_comp1
G_2_A_1_16_3_comp1,P_2_A_1_16_3_comp1,R_2_A_1_16_3,TCDB,TCDB.2_A_1_16_3_comp1
G_2_A_1_16_4_comp1,P_2_A_1_16_4_comp1,R_2_A_1_16_4,TCDB,TCDB.2_A_1_16_4_comp1
G_2_A_3_8_16_comp1,P_2_A_3_8_16_comp1,R_2_A_3_8_16,TCDB,TCDB.2_A_3_8_16_comp1
G_2_D_1_1_4_comp1,P_2_D_1_1_4_comp1,R_2_D_1_1_4,TCDB,TCDB.2_D_1_1_4_comp1
G_2_A_66_1_5_comp1,P_2_A_66_1_5_comp1,R_2_A_66_1_5,TCDB,TCDB.2_A_66_1_5_comp1
G_9_A_34_1_1_comp1,P_9_A_34_1_1_comp1+9_A_34_1_1_comp2+9_A_34_1_1_comp3,R_9_A_34_1_1,TCDB,TCDB.9_A_34_1_1_comp1
G_9_A_34_1_1_comp2,P_9_A_34_1_1_comp1+9_A_34_1_1_comp2+9_A_34_1_1_comp3,R_9_A_34_1_1,TCDB,TCDB.9_A_34_1_1_comp2
G_9_A_34_1_1_comp3,P_9_A_34_1_1_comp1+9_A_34_1_1_comp2+9_A_34_1_1_comp3,R_9_A_34_1_1,TCDB,TCDB.9_A_34_1_1_comp3
G_2_A_1_2_63_comp1,P_2_A_1_2_63_comp1,R_2_A_1_2_63,TCDB,TCDB.2_A_1_2_63_comp1
G_2_A_55_1_2_comp1,P_2_A_55_1_2_comp1,R_2_A_55_1_2,TCDB,TCDB.2_A_55_1_2_comp1
G_9_B_198_2_2_comp1,P_9_B_198_2_2_comp1,R_9_B_198_2_2,TCDB,TCDB.9_B_198_2_2_comp1
G_9_B_198_1_1_comp1,P_9_B_198_1_1_comp1,R_9_B_198_1_1,TCDB,TCDB.9_B_198_1_1_comp1
G_2_A_105_1_1_comp1,P_2_A_105_1_1_comp1+2_A_105_1_1_comp2+2_A_105_1_1_comp3,R_2_A_105_1_1,TCDB,TCDB.2_A_105_1_1_comp1
G_2_A_105_1_1_comp2,P_2_A_105_1_1_comp1+2_A_105_1_1_comp2+2_A_105_1_1_comp3,R_2_A_105_1_1,TCDB,TCDB.2_A_105_1_1_comp2
G_2_A_105_1_1_comp3,P_2_A_105_1_1_comp1+2_A_105_1_1_comp2+2_A_105_1_1_comp3,R_2_A_105_1_1,TCDB,TCDB.2_A_105_1_1_comp3
G_1_A_56_1_3_comp1,P_1_A_56_1_3_comp1,R_1_A_56_1_3,TCDB,TCDB.1_A_56_1_3_comp1
G_8_A_109_1_1_comp1,P_8_A_109_1_1_comp1,R_8_A_109_1_1,TCDB,TCDB.8_A_109_1_1_comp1
G_2_A_29_18_1_comp1,P_2_A_29_18_1_comp1,R_2_A_29_18_1,TCDB,TCDB.2_A_29_18_1_comp1
G_2_A_55_1_1_comp1,P_2_A_55_1_1_comp1,R_2_A_55_1_1,TCDB,TCDB.2_A_55_1_1_comp1
G_3_A_3_2_2_comp1,P_3_A_3_2_2_comp1,R_3_A_3_2_2,TCDB,TCDB.3_A_3_2_2_comp1
G_2_A_3_10_8_comp1,P_2_A_3_10_8_comp1,R_2_A_3_10_8,TCDB,TCDB.2_A_3_10_8_comp1
G_2_A_3_10_11_comp1,P_2_A_3_10_11_comp1,R_2_A_3_10_11,TCDB,TCDB.2_A_3_10_11_comp1
G_2_A_29_21_1_comp1,P_2_A_29_21_1_comp1,R_2_A_29_21_1,TCDB,TCDB.2_A_29_21_1_comp1
G_2_A_108_1_1_comp1,P_2_A_108_1_1_comp1+2_A_108_1_1_comp2,R_2_A_108_1_1,TCDB,TCDB.2_A_108_1_1_comp1
G_2_A_108_1_1_comp2,P_2_A_108_1_1_comp1+2_A_108_1_1_comp2,R_2_A_108_1_1,TCDB,TCDB.2_A_108_1_1_comp2
G_3_A_3_5_17_comp1,P_3_A_3_5_17_comp1,R_3_A_3_5_17,TCDB,TCDB.3_A_3_5_17_comp1
G_2_A_1_1_31_comp1,P_2_A_1_1_31_comp1,R_2_A_1_1_31,TCDB,TCDB.2_A_1_1_31_comp1
G_1_A_30_1_4_comp1,P_1_A_30_1_4_comp1+1_A_30_1_4_comp2,R_1_A_30_1_4,TCDB,TCDB.1_A_30_1_4_comp1
G_1_A_30_1_4_comp2,P_1_A_30_1_4_comp1+1_A_30_1_4_comp2,R_1_A_30_1_4,TCDB,TCDB.1_A_30_1_4_comp2
G_1_C_38_1_6_comp1,P_1_C_38_1_6_comp1,R_1_C_38_1_6,TCDB,TCDB.1_C_38_1_6_comp1
G_3_A_1_208_11_comp1,P_3_A_1_208_11_comp1,R_3_A_1_208_11,TCDB,TCDB.3_A_1_208_11_comp1
G_3_A_1_121_3_comp1,P_3_A_1_121_3_comp1,R_3_A_1_121_3,TCDB,TCDB.3_A_1_121_3_comp1
G_2_A_3_1_11_comp1,P_2_A_3_1_11_comp1,R_2_A_3_1_11,TCDB,TCDB.2_A_3_1_11_comp1
G_2_A_41_1_2_comp1,P_2_A_41_1_2_comp1,R_2_A_41_1_2,TCDB,TCDB.2_A_41_1_2_comp1
G_3_A_11_1_1_comp1,P_3_A_11_1_1_comp1+3_A_11_1_1_comp2+3_A_11_1_1_comp3,R_3_A_11_1_1,TCDB,TCDB.3_A_11_1_1_comp1
G_3_A_11_1_1_comp2,P_3_A_11_1_1_comp1+3_A_11_1_1_comp2+3_A_11_1_1_comp3,R_3_A_11_1_1,TCDB,TCDB.3_A_11_1_1_comp2
G_3_A_11_1_1_comp3,P_3_A_11_1_1_comp1+3_A_11_1_1_comp2+3_A_11_1_1_comp3,R_3_A_11_1_1,TCDB,TCDB.3_A_11_1_1_comp3
G_1_B_54_1_9_comp1,P_1_B_54_1_9_comp1,R_1_B_54_1_9,TCDB,TCDB.1_B_54_1_9_comp1
G_1_B_12_8_2_comp1,P_1_B_12_8_2_comp1,R_1_B_12_8_2,TCDB,TCDB.1_B_12_8_2_comp1
G_2_A_1_42_1_comp1,P_2_A_1_42_1_comp1,R_2_A_1_42_1,TCDB,TCDB.2_A_1_42_1_comp1
G_1_A_126_1_1_comp1,P_1_A_126_1_1_comp1,R_1_A_126_1_1,TCDB,TCDB.1_A_126_1_1_comp1
G_2_A_118_1_8_comp1,P_2_A_118_1_8_comp1,R_2_A_118_1_8,TCDB,TCDB.2_A_118_1_8_comp1
G_2_A_17_1_5_comp1,P_2_A_17_1_5_comp1,R_2_A_17_1_5,TCDB,TCDB.2_A_17_1_5_comp1
G_2_A_3_13_1_comp1,P_2_A_3_13_1_comp1,R_2_A_3_13_1,TCDB,TCDB.2_A_3_13_1_comp1
G_2_A_3_7_5_comp1,P_2_A_3_7_5_comp1,R_2_A_3_7_5,TCDB,TCDB.2_A_3_7_5_comp1
G_9_B_444_1_2_comp1,P_9_B_444_1_2_comp1,R_9_B_444_1_2,TCDB,TCDB.9_B_444_1_2_comp1
G_1_A_23_1_3_comp1,P_1_A_23_1_3_comp1,R_1_A_23_1_3,TCDB,TCDB.1_A_23_1_3_comp1
G_4_A_7_1_1_comp1,P_4_A_7_1_1_comp1+4_A_7_1_1_comp2+4_A_7_1_1_comp3,R_4_A_7_1_1,TCDB,TCDB.4_A_7_1_1_comp1
G_4_A_7_1_1_comp2,P_4_A_7_1_1_comp1+4_A_7_1_1_comp2+4_A_7_1_1_comp3,R_4_A_7_1_1,TCDB,TCDB.4_A_7_1_1_comp2
G_4_A_7_1_1_comp3,P_4_A_7_1_1_comp1+4_A_7_1_1_comp2+4_A_7_1_1_comp3,R_4_A_7_1_1,TCDB,TCDB.4_A_7_1_1_comp3
G_2_A_7_3_19_comp1,P_2_A_7_3_19_comp1,R_2_A_7_3_19,TCDB,TCDB.2_A_7_3_19_comp1
G_9_B_121_6_2_comp1,P_9_B_121_6_2_comp1,R_9_B_121_6_2,TCDB,TCDB.9_B_121_6_2_comp1
G_9_B_318_1_1_comp1,P_9_B_318_1_1_comp1,R_9_B_318_1_1,TCDB,TCDB.9_B_318_1_1_comp1
G_2_A_8_1_2_comp1,P_2_A_8_1_2_comp1,R_2_A_8_1_2,TCDB,TCDB.2_A_8_1_2_comp1
G_2_A_8_1_11_comp1,P_2_A_8_1_11_comp1,R_2_A_8_1_11,TCDB,TCDB.2_A_8_1_11_comp1
G_4_A_5_1_3_comp1,P_4_A_5_1_3_comp1+4_A_5_1_3_comp2+4_A_5_1_3_comp3,R_4_A_5_1_3,TCDB,TCDB.4_A_5_1_3_comp1
G_4_A_5_1_3_comp2,P_4_A_5_1_3_comp1+4_A_5_1_3_comp2+4_A_5_1_3_comp3,R_4_A_5_1_3,TCDB,TCDB.4_A_5_1_3_comp2
G_4_A_5_1_3_comp3,P_4_A_5_1_3_comp1+4_A_5_1_3_comp2+4_A_5_1_3_comp3,R_4_A_5_1_3,TCDB,TCDB.4_A_5_1_3_comp3
G_9_A_5_4_2_comp1,P_9_A_5_4_2_comp1,R_9_A_5_4_2,TCDB,TCDB.9_A_5_4_2_comp1
G_2_A_1_2_52_comp1,P_2_A_1_2_52_comp1,R_2_A_1_2_52,TCDB,TCDB.2_A_1_2_52_comp1
G_2_A_1_14_33_comp1,P_2_A_1_14_33_comp1,R_2_A_1_14_33,TCDB,TCDB.2_A_1_14_33_comp1
G_2_A_47_3_3_comp1,P_2_A_47_3_3_comp1,R_2_A_47_3_3,TCDB,TCDB.2_A_47_3_3_comp1
G_3_A_1_3_14_comp1,P_3_A_1_3_14_comp1+3_A_1_3_14_comp2+3_A_1_3_14_comp3,R_3_A_1_3_14,TCDB,TCDB.3_A_1_3_14_comp1
G_3_A_1_3_14_comp2,P_3_A_1_3_14_comp1+3_A_1_3_14_comp2+3_A_1_3_14_comp3,R_3_A_1_3_14,TCDB,TCDB.3_A_1_3_14_comp2
G_3_A_1_3_14_comp3,P_3_A_1_3_14_comp1+3_A_1_3_14_comp2+3_A_1_3_14_comp3,R_3_A_1_3_14,TCDB,TCDB.3_A_1_3_14_comp3
G_3_D_4_1_1_comp1,P_3_D_4_1_1_comp1+3_D_4_1_1_comp2+3_D_4_1_1_comp3,R_3_D_4_1_1,TCDB,TCDB.3_D_4_1_1_comp1
G_3_D_4_1_1_comp2,P_3_D_4_1_1_comp1+3_D_4_1_1_comp2+3_D_4_1_1_comp3,R_3_D_4_1_1,TCDB,TCDB.3_D_4_1_1_comp2
G_3_D_4_1_1_comp3,P_3_D_4_1_1_comp1+3_D_4_1_1_comp2+3_D_4_1_1_comp3,R_3_D_4_1_1,TCDB,TCDB.3_D_4_1_1_comp3
G_1_M_1_5_1_comp1,P_1_M_1_5_1_comp1+1_M_1_5_1_comp2,R_1_M_1_5_1,TCDB,TCDB.1_M_1_5_1_comp1
G_1_M_1_5_1_comp2,P_1_M_1_5_1_comp1+1_M_1_5_1_comp2,R_1_M_1_5_1,TCDB,TCDB.1_M_1_5_1_comp2
G_4_C_1_1_15_comp1,P_4_C_1_1_15_comp1,R_4_C_1_1_15,TCDB,TCDB.4_C_1_1_15_comp1
G_3_A_3_8_2_comp1,P_3_A_3_8_2_comp1,R_3_A_3_8_2,TCDB,TCDB.3_A_3_8_2_comp1
G_2_A_47_2_3_comp1,P_2_A_47_2_3_comp1,R_2_A_47_2_3,TCDB,TCDB.2_A_47_2_3_comp1
G_1_A_134_1_2_comp1,P_1_A_134_1_2_comp1,R_1_A_134_1_2,TCDB,TCDB.1_A_134_1_2_comp1
G_2_A_3_9_2_comp1,P_2_A_3_9_2_comp1,R_2_A_3_9_2,TCDB,TCDB.2_A_3_9_2_comp1
G_2_A_50_2_1_comp1,P_2_A_50_2_1_comp1+2_A_50_2_1_comp2,R_2_A_50_2_1,TCDB,TCDB.2_A_50_2_1_comp1
G_2_A_50_2_1_comp2,P_2_A_50_2_1_comp1+2_A_50_2_1_comp2,R_2_A_50_2_1,TCDB,TCDB.2_A_50_2_1_comp2
G_2_A_122_1_5_comp1,P_2_A_122_1_5_comp1,R_2_A_122_1_5,TCDB,TCDB.2_A_122_1_5_comp1
G_1_E_14_1_16_comp1,P_1_E_14_1_16_comp1,R_1_E_14_1_16,TCDB,TCDB.1_E_14_1_16_comp1
G_2_A_108_2_5_comp1,P_2_A_108_2_5_comp1,R_2_A_108_2_5,TCDB,TCDB.2_A_108_2_5_comp1
G_1_E_23_1_1_comp1,P_1_E_23_1_1_comp1,R_1_E_23_1_1,TCDB,TCDB.1_E_23_1_1_comp1
G_1_A_16_3_2_comp1,P_1_A_16_3_2_comp1,R_1_A_16_3_2,TCDB,TCDB.1_A_16_3_2_comp1
G_2_A_40_5_2_comp1,P_2_A_40_5_2_comp1,R_2_A_40_5_2,TCDB,TCDB.2_A_40_5_2_comp1
G_2_A_1_21_5_comp1,P_2_A_1_21_5_comp1,R_2_A_1_21_5,TCDB,TCDB.2_A_1_21_5_comp1
G_2_A_7_3_4_comp1,P_2_A_7_3_4_comp1,R_2_A_7_3_4,TCDB,TCDB.2_A_7_3_4_comp1
G_3_A_1_16_3_comp1,P_3_A_1_16_3_comp1+3_A_1_16_3_comp2+3_A_1_16_3_comp3+3_A_1_16_3_comp4,R_3_A_1_16_3,TCDB,TCDB.3_A_1_16_3_comp1
G_3_A_1_16_3_comp2,P_3_A_1_16_3_comp1+3_A_1_16_3_comp2+3_A_1_16_3_comp3+3_A_1_16_3_comp4,R_3_A_1_16_3,TCDB,TCDB.3_A_1_16_3_comp2
G_3_A_1_16_3_comp3,P_3_A_1_16_3_comp1+3_A_1_16_3_comp2+3_A_1_16_3_comp3+3_A_1_16_3_comp4,R_3_A_1_16_3,TCDB,TCDB.3_A_1_16_3_comp3
G_3_A_1_16_3_comp4,P_3_A_1_16_3_comp1+3_A_1_16_3_comp2+3_A_1_16_3_comp3+3_A_1_16_3_comp4,R_3_A_1_16_3,TCDB,TCDB.3_A_1_16_3_comp4
G_2_A_1_14_37_comp1,P_2_A_1_14_37_comp1,R_2_A_1_14_37,TCDB,TCDB.2_A_1_14_37_comp1
G_1_A_131_1_3_comp1,P_1_A_131_1_3_comp1,R_1_A_131_1_3,TCDB,TCDB.1_A_131_1_3_comp1
G_8_A_34_2_2_comp1,P_8_A_34_2_2_comp1,R_8_A_34_2_2,TCDB,TCDB.8_A_34_2_2_comp1
G_2_A_40_1_4_comp1,P_2_A_40_1_4_comp1,R_2_A_40_1_4,TCDB,TCDB.2_A_40_1_4_comp1
G_1_B_7_1_3_comp1,P_1_B_7_1_3_comp1,R_1_B_7_1_3,TCDB,TCDB.1_B_7_1_3_comp1
G_3_A_1_12_3_comp1,P_3_A_1_12_3_comp1+3_A_1_12_3_comp2+3_A_1_12_3_comp3+3_A_1_12_3_comp4,R_3_A_1_12_3,TCDB,TCDB.3_A_1_12_3_comp1
G_3_A_1_12_3_comp2,P_3_A_1_12_3_comp1+3_A_1_12_3_comp2+3_A_1_12_3_comp3+3_A_1_12_3_comp4,R_3_A_1_12_3,TCDB,TCDB.3_A_1_12_3_comp2
G_3_A_1_12_3_comp3,P_3_A_1_12_3_comp1+3_A_1_12_3_comp2+3_A_1_12_3_comp3+3_A_1_12_3_comp4,R_3_A_1_12_3,TCDB,TCDB.3_A_1_12_3_comp3
G_3_A_1_12_3_comp4,P_3_A_1_12_3_comp1+3_A_1_12_3_comp2+3_A_1_12_3_comp3+3_A_1_12_3_comp4,R_3_A_1_12_3,TCDB,TCDB.3_A_1_12_3_comp4
G_4_A_1_2_8_comp1,P_4_A_1_2_8_comp1,R_4_A_1_2_8,TCDB,TCDB.4_A_1_2_8_comp1
G_2_A_115_1_1_comp1,P_2_A_115_1_1_comp1,R_2_A_115_1_1,TCDB,TCDB.2_A_115_1_1_comp1
G_4_A_1_1_6_comp1,P_4_A_1_1_6_comp1,R_4_A_1_1_6,TCDB,TCDB.4_A_1_1_6_comp1
G_2_A_37_1_5_comp1,P_2_A_37_1_5_comp1,R_2_A_37_1_5,TCDB,TCDB.2_A_37_1_5_comp1
G_2_A_8_1_4_comp1,P_2_A_8_1_4_comp1,R_2_A_8_1_4,TCDB,TCDB.2_A_8_1_4_comp1
G_2_A_28_3_4_comp1,P_2_A_28_3_4_comp1,R_2_A_28_3_4,TCDB,TCDB.2_A_28_3_4_comp1
G_2_A_1_2_8_comp1,P_2_A_1_2_8_comp1,R_2_A_1_2_8,TCDB,TCDB.2_A_1_2_8_comp1
G_8_A_3_2_1_comp1,P_8_A_3_2_1_comp1+8_A_3_2_1_comp2,R_8_A_3_2_1,TCDB,TCDB.8_A_3_2_1_comp1
G_8_A_3_2_1_comp2,P_8_A_3_2_1_comp1+8_A_3_2_1_comp2,R_8_A_3_2_1,TCDB,TCDB.8_A_3_2_1_comp2
G_2_A_66_2_5_comp1,P_2_A_66_2_5_comp1,R_2_A_66_2_5,TCDB,TCDB.2_A_66_2_5_comp1
G_2_A_1_3_12_comp1,P_2_A_1_3_12_comp1,R_2_A_1_3_12,TCDB,TCDB.2_A_1_3_12_comp1
G_2_A_1_1_110_comp1,P_2_A_1_1_110_comp1,R_2_A_1_1_110,TCDB,TCDB.2_A_1_1_110_comp1
G_2_A_1_1_38_comp1,P_2_A_1_1_38_comp1,R_2_A_1_1_38,TCDB,TCDB.2_A_1_1_38_comp1
G_8_A_30_1_4_comp1,P_8_A_30_1_4_comp1,R_8_A_30_1_4,TCDB,TCDB.8_A_30_1_4_comp1
G_2_A_9_1_1_comp1,P_2_A_9_1_1_comp1,R_2_A_9_1_1,TCDB,TCDB.2_A_9_1_1_comp1
G_2_A_29_10_8_comp1,P_2_A_29_10_8_comp1,R_2_A_29_10_8,TCDB,TCDB.2_A_29_10_8_comp1
G_2_A_1_16_1_comp1,P_2_A_1_16_1_comp1,R_2_A_1_16_1,TCDB,TCDB.2_A_1_16_1_comp1
G_2_A_18_6_20_comp1,P_2_A_18_6_20_comp1,R_2_A_18_6_20,TCDB,TCDB.2_A_18_6_20_comp1
G_3_A_3_10_3_comp1,P_3_A_3_10_3_comp1,R_3_A_3_10_3,TCDB,TCDB.3_A_3_10_3_comp1
G_2_A_7_10_5_comp1,P_2_A_7_10_5_comp1,R_2_A_7_10_5,TCDB,TCDB.2_A_7_10_5_comp1
G_2_A_29_4_4_comp1,P_2_A_29_4_4_comp1,R_2_A_29_4_4,TCDB,TCDB.2_A_29_4_4_comp1
G_9_B_51_1_6_comp1,P_9_B_51_1_6_comp1,R_9_B_51_1_6,TCDB,TCDB.9_B_51_1_6_comp1
G_3_A_21_1_1_comp1,P_3_A_21_1_1_comp1+3_A_21_1_1_comp2+3_A_21_1_1_comp3+3_A_21_1_1_comp4+3_A_21_1_1_comp5+3_A_21_1_1_comp6,R_3_A_21_1_1,TCDB,TCDB.3_A_21_1_1_comp1
G_3_A_21_1_1_comp2,P_3_A_21_1_1_comp1+3_A_21_1_1_comp2+3_A_21_1_1_comp3+3_A_21_1_1_comp4+3_A_21_1_1_comp5+3_A_21_1_1_comp6,R_3_A_21_1_1,TCDB,TCDB.3_A_21_1_1_comp2
G_3_A_21_1_1_comp3,P_3_A_21_1_1_comp1+3_A_21_1_1_comp2+3_A_21_1_1_comp3+3_A_21_1_1_comp4+3_A_21_1_1_comp5+3_A_21_1_1_comp6,R_3_A_21_1_1,TCDB,TCDB.3_A_21_1_1_comp3
G_3_A_21_1_1_comp4,P_3_A_21_1_1_comp1+3_A_21_1_1_comp2+3_A_21_1_1_comp3+3_A_21_1_1_comp4+3_A_21_1_1_comp5+3_A_21_1_1_comp6,R_3_A_21_1_1,TCDB,TCDB.3_A_21_1_1_comp4
G_3_A_21_1_1_comp5,P_3_A_21_1_1_comp1+3_A_21_1_1_comp2+3_A_21_1_1_comp3+3_A_21_1_1_comp4+3_A_21_1_1_comp5+3_A_21_1_1_comp6,R_3_A_21_1_1,TCDB,TCDB.3_A_21_1_1_comp5
G_3_A_21_1_1_comp6,P_3_A_21_1_1_comp1+3_A_21_1_1_comp2+3_A_21_1_1_comp3+3_A_21_1_1_comp4+3_A_21_1_1_comp5+3_A_21_1_1_comp6,R_3_A_21_1_1,TCDB,TCDB.3_A_21_1_1_comp6
G_2_A_18_6_6_comp1,P_2_A_18_6_6_comp1,R_2_A_18_6_6,TCDB,TCDB.2_A_18_6_6_comp1
G_9_A_26_1_3_comp1,P_9_A_26_1_3_comp1,R_9_A_26_1_3,TCDB,TCDB.9_A_26_1_3_comp1
G_2_A_7_13_1_comp1,P_2_A_7_13_1_comp1,R_2_A_7_13_1,TCDB,TCDB.2_A_7_13_1_comp1
G_9_B_423_1_3_comp1,P_9_B_423_1_3_comp1,R_9_B_423_1_3,TCDB,TCDB.9_B_423_1_3_comp1
G_8_A_85_1_9_comp1,P_8_A_85_1_9_comp1,R_8_A_85_1_9,TCDB,TCDB.8_A_85_1_9_comp1
G_1_A_11_3_1_comp1,P_1_A_11_3_1_comp1,R_1_A_11_3_1,TCDB,TCDB.1_A_11_3_1_comp1
G_2_A_37_4_1_comp1,P_2_A_37_4_1_comp1,R_2_A_37_4_1,TCDB,TCDB.2_A_37_4_1_comp1
G_1_A_1_7_1_comp1,P_1_A_1_7_1_comp1,R_1_A_1_7_1,TCDB,TCDB.1_A_1_7_1_comp1
G_3_A_1_14_15_comp1,P_3_A_1_14_15_comp1+3_A_1_14_15_comp2+3_A_1_14_15_comp3,R_3_A_1_14_15,TCDB,TCDB.3_A_1_14_15_comp1
G_3_A_1_14_15_comp2,P_3_A_1_14_15_comp1+3_A_1_14_15_comp2+3_A_1_14_15_comp3,R_3_A_1_14_15,TCDB,TCDB.3_A_1_14_15_comp2
G_3_A_1_14_15_comp3,P_3_A_1_14_15_comp1+3_A_1_14_15_comp2+3_A_1_14_15_comp3,R_3_A_1_14_15,TCDB,TCDB.3_A_1_14_15_comp3
G_3_A_1_210_1_comp1,P_3_A_1_210_1_comp1,R_3_A_1_210_1,TCDB,TCDB.3_A_1_210_1_comp1
G_2_A_7_5_4_comp1,P_2_A_7_5_4_comp1,R_2_A_7_5_4,TCDB,TCDB.2_A_7_5_4_comp1
G_2_A_1_14_38_comp1,P_2_A_1_14_38_comp1,R_2_A_1_14_38,TCDB,TCDB.2_A_1_14_38_comp1
G_2_A_29_10_1_comp1,P_2_A_29_10_1_comp1,R_2_A_29_10_1,TCDB,TCDB.2_A_29_10_1_comp1
G_1_A_115_1_1_comp1,P_1_A_115_1_1_comp1,R_1_A_115_1_1,TCDB,TCDB.1_A_115_1_1_comp1
G_2_A_1_2_31_comp1,P_2_A_1_2_31_comp1,R_2_A_1_2_31,TCDB,TCDB.2_A_1_2_31_comp1
G_1_B_8_1_18_comp1,P_1_B_8_1_18_comp1,R_1_B_8_1_18,TCDB,TCDB.1_B_8_1_18_comp1
G_8_A_169_1_1_comp1,P_8_A_169_1_1_comp1,R_8_A_169_1_1,TCDB,TCDB.8_A_169_1_1_comp1
G_2_A_18_6_19_comp1,P_2_A_18_6_19_comp1,R_2_A_18_6_19,TCDB,TCDB.2_A_18_6_19_comp1
G_3_A_3_8_18_comp1,P_3_A_3_8_18_comp1,R_3_A_3_8_18,TCDB,TCDB.3_A_3_8_18_comp1
G_1_A_67_1_7_comp1,P_1_A_67_1_7_comp1,R_1_A_67_1_7,TCDB,TCDB.1_A_67_1_7_comp1
G_2_A_5_4_4_comp1,P_2_A_5_4_4_comp1,R_2_A_5_4_4,TCDB,TCDB.2_A_5_4_4_comp1
G_3_A_1_205_8_comp1,P_3_A_1_205_8_comp1,R_3_A_1_205_8,TCDB,TCDB.3_A_1_205_8_comp1
G_2_A_29_10_5_comp1,P_2_A_29_10_5_comp1,R_2_A_29_10_5,TCDB,TCDB.2_A_29_10_5_comp1
G_1_C_39_15_1_comp1,P_1_C_39_15_1_comp1,R_1_C_39_15_1,TCDB,TCDB.1_C_39_15_1_comp1
G_4_A_1_2_11_comp1,P_4_A_1_2_11_comp1,R_4_A_1_2_11,TCDB,TCDB.4_A_1_2_11_comp1
G_8_B_8_1_3_comp1,P_8_B_8_1_3_comp1,R_8_B_8_1_3,TCDB,TCDB.8_B_8_1_3_comp1
G_2_A_3_1_8_comp1,P_2_A_3_1_8_comp1,R_2_A_3_1_8,TCDB,TCDB.2_A_3_1_8_comp1
G_1_C_52_1_2_comp1,P_1_C_52_1_2_comp1,R_1_C_52_1_2,TCDB,TCDB.1_C_52_1_2_comp1
G_1_C_52_1_4_comp1,P_1_C_52_1_4_comp1,R_1_C_52_1_4,TCDB,TCDB.1_C_52_1_4_comp1
G_9_A_17_1_2_comp1,P_9_A_17_1_2_comp1+9_A_17_1_2_comp2+9_A_17_1_2_comp3,R_9_A_17_1_2,TCDB,TCDB.9_A_17_1_2_comp1
G_9_A_17_1_2_comp2,P_9_A_17_1_2_comp1+9_A_17_1_2_comp2+9_A_17_1_2_comp3,R_9_A_17_1_2,TCDB,TCDB.9_A_17_1_2_comp2
G_9_A_17_1_2_comp3,P_9_A_17_1_2_comp1+9_A_17_1_2_comp2+9_A_17_1_2_comp3,R_9_A_17_1_2,TCDB,TCDB.9_A_17_1_2_comp3
G_2_A_53_2_18_comp1,P_2_A_53_2_18_comp1,R_2_A_53_2_18,TCDB,TCDB.2_A_53_2_18_comp1
G_2_A_67_1_3_comp1,P_2_A_67_1_3_comp1,R_2_A_67_1_3,TCDB,TCDB.2_A_67_1_3_comp1
G_2_A_67_1_2_comp1,P_2_A_67_1_2_comp1,R_2_A_67_1_2,TCDB,TCDB.2_A_67_1_2_comp1
G_1_A_35_1_3_comp1,P_1_A_35_1_3_comp1,R_1_A_35_1_3,TCDB,TCDB.1_A_35_1_3_comp1
G_9_A_9_1_1_comp1,P_9_A_9_1_1_comp1,R_9_A_9_1_1,TCDB,TCDB.9_A_9_1_1_comp1
G_2_A_1_12_1_comp1,P_2_A_1_12_1_comp1,R_2_A_1_12_1,TCDB,TCDB.2_A_1_12_1_comp1
G_9_A_14_13_32_comp1,P_9_A_14_13_32_comp1,R_9_A_14_13_32,TCDB,TCDB.9_A_14_13_32_comp1
G_9_A_14_7_2_comp1,P_9_A_14_7_2_comp1,R_9_A_14_7_2,TCDB,TCDB.9_A_14_7_2_comp1
G_1_A_8_8_8_comp1,P_1_A_8_8_8_comp1,R_1_A_8_8_8,TCDB,TCDB.1_A_8_8_8_comp1
G_1_C_3_5_1_comp1,P_1_C_3_5_1_comp1,R_1_C_3_5_1,TCDB,TCDB.1_C_3_5_1_comp1
G_9_A_14_13_16_comp1,P_9_A_14_13_16_comp1,R_9_A_14_13_16,TCDB,TCDB.9_A_14_13_16_comp1
G_3_A_1_211_1_comp1,P_3_A_1_211_1_comp1,R_3_A_1_211_1,TCDB,TCDB.3_A_1_211_1_comp1
G_2_A_48_1_1_comp1,P_2_A_48_1_1_comp1,R_2_A_48_1_1,TCDB,TCDB.2_A_48_1_1_comp1
G_9_A_14_4_8_comp1,P_9_A_14_4_8_comp1,R_9_A_14_4_8,TCDB,TCDB.9_A_14_4_8_comp1
G_9_A_14_7_8_comp1,P_9_A_14_7_8_comp1,R_9_A_14_7_8,TCDB,TCDB.9_A_14_7_8_comp1
G_9_A_14_3_7_comp1,P_9_A_14_3_7_comp1,R_9_A_14_3_7,TCDB,TCDB.9_A_14_3_7_comp1
G_8_A_40_1_2_comp1,P_8_A_40_1_2_comp1,R_8_A_40_1_2,TCDB,TCDB.8_A_40_1_2_comp1
G_9_A_28_1_1_comp1,P_9_A_28_1_1_comp1,R_9_A_28_1_1,TCDB,TCDB.9_A_28_1_1_comp1
G_2_A_3_10_27_comp1,P_2_A_3_10_27_comp1,R_2_A_3_10_27,TCDB,TCDB.2_A_3_10_27_comp1
G_3_A_1_205_11_comp1,P_3_A_1_205_11_comp1,R_3_A_1_205_11,TCDB,TCDB.3_A_1_205_11_comp1
G_8_A_41_1_1_comp1,P_8_A_41_1_1_comp1,R_8_A_41_1_1,TCDB,TCDB.8_A_41_1_1_comp1
G_2_A_16_3_1_comp1,P_2_A_16_3_1_comp1,R_2_A_16_3_1,TCDB,TCDB.2_A_16_3_1_comp1
G_2_A_96_1_2_comp1,P_2_A_96_1_2_comp1,R_2_A_96_1_2,TCDB,TCDB.2_A_96_1_2_comp1
G_1_A_11_3_2_comp1,P_1_A_11_3_2_comp1,R_1_A_11_3_2,TCDB,TCDB.1_A_11_3_2_comp1
G_1_A_21_1_12_comp1,P_1_A_21_1_12_comp1,R_1_A_21_1_12,TCDB,TCDB.1_A_21_1_12_comp1
G_8_B_1_1_9_comp1,P_8_B_1_1_9_comp1,R_8_B_1_1_9,TCDB,TCDB.8_B_1_1_9_comp1
G_1_B_8_1_5_comp1,P_1_B_8_1_5_comp1,R_1_B_8_1_5,TCDB,TCDB.1_B_8_1_5_comp1
G_3_A_1_5_20_comp1,P_3_A_1_5_20_comp1+3_A_1_5_20_comp2+3_A_1_5_20_comp3+3_A_1_5_20_comp4+3_A_1_5_20_comp5,R_3_A_1_5_20,TCDB,TCDB.3_A_1_5_20_comp1
G_3_A_1_5_20_comp2,P_3_A_1_5_20_comp1+3_A_1_5_20_comp2+3_A_1_5_20_comp3+3_A_1_5_20_comp4+3_A_1_5_20_comp5,R_3_A_1_5_20,TCDB,TCDB.3_A_1_5_20_comp2
G_3_A_1_5_20_comp3,P_3_A_1_5_20_comp1+3_A_1_5_20_comp2+3_A_1_5_20_comp3+3_A_1_5_20_comp4+3_A_1_5_20_comp5,R_3_A_1_5_20,TCDB,TCDB.3_A_1_5_20_comp3
G_3_A_1_5_20_comp4,P_3_A_1_5_20_comp1+3_A_1_5_20_comp2+3_A_1_5_20_comp3+3_A_1_5_20_comp4+3_A_1_5_20_comp5,R_3_A_1_5_20,TCDB,TCDB.3_A_1_5_20_comp4
G_3_A_1_5_20_comp5,P_3_A_1_5_20_comp1+3_A_1_5_20_comp2+3_A_1_5_20_comp3+3_A_1_5_20_comp4+3_A_1_5_20_comp5,R_3_A_1_5_20,TCDB,TCDB.3_A_1_5_20_comp5
G_2_A_40_3_1_comp1,P_2_A_40_3_1_comp1,R_2_A_40_3_1,TCDB,TCDB.2_A_40_3_1_comp1
G_2_A_122_1_7_comp1,P_2_A_122_1_7_comp1,R_2_A_122_1_7,TCDB,TCDB.2_A_122_1_7_comp1
G_9_B_169_1_1_comp1,P_9_B_169_1_1_comp1,R_9_B_169_1_1,TCDB,TCDB.9_B_169_1_1_comp1
G_2_A_1_21_17_comp1,P_2_A_1_21_17_comp1,R_2_A_1_21_17,TCDB,TCDB.2_A_1_21_17_comp1
G_2_A_7_3_3_comp1,P_2_A_7_3_3_comp1,R_2_A_7_3_3,TCDB,TCDB.2_A_7_3_3_comp1
G_3_E_1_3_3_comp1,P_3_E_1_3_3_comp1,R_3_E_1_3_3,TCDB,TCDB.3_E_1_3_3_comp1
G_9_A_41_1_2_comp1,P_9_A_41_1_2_comp1,R_9_A_41_1_2,TCDB,TCDB.9_A_41_1_2_comp1
G_9_A_41_1_3_comp1,P_9_A_41_1_3_comp1,R_9_A_41_1_3,TCDB,TCDB.9_A_41_1_3_comp1
G_2_A_1_14_1_comp1,P_2_A_1_14_1_comp1,R_2_A_1_14_1,TCDB,TCDB.2_A_1_14_1_comp1
G_2_A_7_3_74_comp1,P_2_A_7_3_74_comp1,R_2_A_7_3_74,TCDB,TCDB.2_A_7_3_74_comp1
G_1_A_10_1_11_comp1,P_1_A_10_1_11_comp1,R_1_A_10_1_11,TCDB,TCDB.1_A_10_1_11_comp1
G_1_A_10_1_23_comp1,P_1_A_10_1_23_comp1,R_1_A_10_1_23,TCDB,TCDB.1_A_10_1_23_comp1
G_1_A_10_1_13_comp1,P_1_A_10_1_13_comp1,R_1_A_10_1_13,TCDB,TCDB.1_A_10_1_13_comp1
G_1_A_10_1_4_comp1,P_1_A_10_1_4_comp1,R_1_A_10_1_4,TCDB,TCDB.1_A_10_1_4_comp1
G_2_A_11_1_2_comp1,P_2_A_11_1_2_comp1,R_2_A_11_1_2,TCDB,TCDB.2_A_11_1_2_comp1
G_2_A_41_1_3_comp1,P_2_A_41_1_3_comp1,R_2_A_41_1_3,TCDB,TCDB.2_A_41_1_3_comp1
G_3_A_1_131_1_comp1,P_3_A_1_131_1_comp1+3_A_1_131_1_comp2,R_3_A_1_131_1,TCDB,TCDB.3_A_1_131_1_comp1
G_3_A_1_131_1_comp2,P_3_A_1_131_1_comp1+3_A_1_131_1_comp2,R_3_A_1_131_1,TCDB,TCDB.3_A_1_131_1_comp2
G_3_A_1_15_2_comp1,P_3_A_1_15_2_comp1+3_A_1_15_2_comp2+3_A_1_15_2_comp3,R_3_A_1_15_2,TCDB,TCDB.3_A_1_15_2_comp1
G_3_A_1_15_2_comp2,P_3_A_1_15_2_comp1+3_A_1_15_2_comp2+3_A_1_15_2_comp3,R_3_A_1_15_2,TCDB,TCDB.3_A_1_15_2_comp2
G_3_A_1_15_2_comp3,P_3_A_1_15_2_comp1+3_A_1_15_2_comp2+3_A_1_15_2_comp3,R_3_A_1_15_2,TCDB,TCDB.3_A_1_15_2_comp3
G_2_A_7_3_27_comp1,P_2_A_7_3_27_comp1,R_2_A_7_3_27,TCDB,TCDB.2_A_7_3_27_comp1
G_2_A_133_1_11_comp1,P_2_A_133_1_11_comp1,R_2_A_133_1_11,TCDB,TCDB.2_A_133_1_11_comp1
G_2_A_1_1_27_comp1,P_2_A_1_1_27_comp1,R_2_A_1_1_27,TCDB,TCDB.2_A_1_1_27_comp1
G_3_A_1_134_6_comp1,P_3_A_1_134_6_comp1+3_A_1_134_6_comp2,R_3_A_1_134_6,TCDB,TCDB.3_A_1_134_6_comp1
G_3_A_1_134_6_comp2,P_3_A_1_134_6_comp1+3_A_1_134_6_comp2,R_3_A_1_134_6,TCDB,TCDB.3_A_1_134_6_comp2
G_2_A_1_8_2_comp1,P_2_A_1_8_2_comp1,R_2_A_1_8_2,TCDB,TCDB.2_A_1_8_2_comp1
G_8_A_4_1_1_comp1,P_8_A_4_1_1_comp1,R_8_A_4_1_1,TCDB,TCDB.8_A_4_1_1_comp1
G_1_B_14_1_8_comp1,P_1_B_14_1_8_comp1,R_1_B_14_1_8,TCDB,TCDB.1_B_14_1_8_comp1
G_1_A_23_3_3_comp1,P_1_A_23_3_3_comp1,R_1_A_23_3_3,TCDB,TCDB.1_A_23_3_3_comp1
G_1_E_59_1_1_comp1,P_1_E_59_1_1_comp1,R_1_E_59_1_1,TCDB,TCDB.1_E_59_1_1_comp1
G_2_A_3_7_4_comp1,P_2_A_3_7_4_comp1,R_2_A_3_7_4,TCDB,TCDB.2_A_3_7_4_comp1
G_2_A_109_1_7_comp1,P_2_A_109_1_7_comp1,R_2_A_109_1_7,TCDB,TCDB.2_A_109_1_7_comp1
G_9_B_221_1_1_comp1,P_9_B_221_1_1_comp1,R_9_B_221_1_1,TCDB,TCDB.9_B_221_1_1_comp1
G_2_A_42_2_4_comp1,P_2_A_42_2_4_comp1,R_2_A_42_2_4,TCDB,TCDB.2_A_42_2_4_comp1
G_8_A_51_1_1_comp1,P_8_A_51_1_1_comp1,R_8_A_51_1_1,TCDB,TCDB.8_A_51_1_1_comp1
G_2_A_1_3_11_comp1,P_2_A_1_3_11_comp1,R_2_A_1_3_11,TCDB,TCDB.2_A_1_3_11_comp1
G_1_C_32_1_1_comp1,P_1_C_32_1_1_comp1,R_1_C_32_1_1,TCDB,TCDB.1_C_32_1_1_comp1
G_2_A_1_1_109_comp1,P_2_A_1_1_109_comp1,R_2_A_1_1_109,TCDB,TCDB.2_A_1_1_109_comp1
G_8_A_27_1_1_comp1,P_8_A_27_1_1_comp1,R_8_A_27_1_1,TCDB,TCDB.8_A_27_1_1_comp1
G_2_A_19_7_1_comp1,P_2_A_19_7_1_comp1,R_2_A_19_7_1,TCDB,TCDB.2_A_19_7_1_comp1
G_8_A_222_1_1_comp1,P_8_A_222_1_1_comp1,R_8_A_222_1_1,TCDB,TCDB.8_A_222_1_1_comp1
G_4_A_6_1_5_comp1,P_4_A_6_1_5_comp1+4_A_6_1_5_comp2+4_A_6_1_5_comp3,R_4_A_6_1_5,TCDB,TCDB.4_A_6_1_5_comp1
G_4_A_6_1_5_comp2,P_4_A_6_1_5_comp1+4_A_6_1_5_comp2+4_A_6_1_5_comp3,R_4_A_6_1_5,TCDB,TCDB.4_A_6_1_5_comp2
G_4_A_6_1_5_comp3,P_4_A_6_1_5_comp1+4_A_6_1_5_comp2+4_A_6_1_5_comp3,R_4_A_6_1_5,TCDB,TCDB.4_A_6_1_5_comp3
G_1_B_11_3_6_comp1,P_1_B_11_3_6_comp1,R_1_B_11_3_6,TCDB,TCDB.1_B_11_3_6_comp1
G_3_A_1_104_1_comp1,P_3_A_1_104_1_comp1+3_A_1_104_1_comp2,R_3_A_1_104_1,TCDB,TCDB.3_A_1_104_1_comp1
G_3_A_1_104_1_comp2,P_3_A_1_104_1_comp1+3_A_1_104_1_comp2,R_3_A_1_104_1,TCDB,TCDB.3_A_1_104_1_comp2
G_2_A_55_3_2_comp1,P_2_A_55_3_2_comp1,R_2_A_55_3_2,TCDB,TCDB.2_A_55_3_2_comp1
G_2_A_23_2_6_comp1,P_2_A_23_2_6_comp1,R_2_A_23_2_6,TCDB,TCDB.2_A_23_2_6_comp1
G_2_A_23_2_7_comp1,P_2_A_23_2_7_comp1,R_2_A_23_2_7,TCDB,TCDB.2_A_23_2_7_comp1
G_2_A_23_2_3_comp1,P_2_A_23_2_3_comp1,R_2_A_23_2_3,TCDB,TCDB.2_A_23_2_3_comp1
G_2_A_23_3_1_comp1,P_2_A_23_3_1_comp1,R_2_A_23_3_1,TCDB,TCDB.2_A_23_3_1_comp1
G_2_A_56_1_5_comp1,P_2_A_56_1_5_comp1+2_A_56_1_5_comp2+2_A_56_1_5_comp3,R_2_A_56_1_5,TCDB,TCDB.2_A_56_1_5_comp1
G_2_A_56_1_5_comp2,P_2_A_56_1_5_comp1+2_A_56_1_5_comp2+2_A_56_1_5_comp3,R_2_A_56_1_5,TCDB,TCDB.2_A_56_1_5_comp2
G_2_A_56_1_5_comp3,P_2_A_56_1_5_comp1+2_A_56_1_5_comp2+2_A_56_1_5_comp3,R_2_A_56_1_5,TCDB,TCDB.2_A_56_1_5_comp3
G_2_A_3_10_20_comp1,P_2_A_3_10_20_comp1,R_2_A_3_10_20,TCDB,TCDB.2_A_3_10_20_comp1
G_3_A_1_205_4_comp1,P_3_A_1_205_4_comp1,R_3_A_1_205_4,TCDB,TCDB.3_A_1_205_4_comp1
G_3_A_1_101_2_comp1,P_3_A_1_101_2_comp1+3_A_1_101_2_comp2,R_3_A_1_101_2,TCDB,TCDB.3_A_1_101_2_comp1
G_3_A_1_101_2_comp2,P_3_A_1_101_2_comp1+3_A_1_101_2_comp2,R_3_A_1_101_2,TCDB,TCDB.3_A_1_101_2_comp2
G_8_A_4_2_2_comp1,P_8_A_4_2_2_comp1,R_8_A_4_2_2,TCDB,TCDB.8_A_4_2_2_comp1
G_9_A_14_9_2_comp1,P_9_A_14_9_2_comp1,R_9_A_14_9_2,TCDB,TCDB.9_A_14_9_2_comp1
G_8_A_23_1_64_comp1,P_8_A_23_1_64_comp1,R_8_A_23_1_64,TCDB,TCDB.8_A_23_1_64_comp1
G_9_A_78_1_2_comp1,P_9_A_78_1_2_comp1,R_9_A_78_1_2,TCDB,TCDB.9_A_78_1_2_comp1
G_4_C_2_1_1_comp1,P_4_C_2_1_1_comp1,R_4_C_2_1_1,TCDB,TCDB.4_C_2_1_1_comp1
G_9_A_14_4_6_comp1,P_9_A_14_4_6_comp1,R_9_A_14_4_6,TCDB,TCDB.9_A_14_4_6_comp1
G_1_B_54_1_1_comp1,P_1_B_54_1_1_comp1,R_1_B_54_1_1,TCDB,TCDB.1_B_54_1_1_comp1
G_1_A_8_11_4_comp1,P_1_A_8_11_4_comp1,R_1_A_8_11_4,TCDB,TCDB.1_A_8_11_4_comp1
G_1_A_87_2_13_comp1,P_1_A_87_2_13_comp1,R_1_A_87_2_13,TCDB,TCDB.1_A_87_2_13_comp1
G_8_A_191_1_1_comp1,P_8_A_191_1_1_comp1,R_8_A_191_1_1,TCDB,TCDB.8_A_191_1_1_comp1
G_3_A_2_2_2_comp1,P_3_A_2_2_2_comp1+3_A_2_2_2_comp2+3_A_2_2_2_comp3+3_A_2_2_2_comp4+3_A_2_2_2_comp5+3_A_2_2_2_comp6+3_A_2_2_2_comp7+3_A_2_2_2_comp8+3_A_2_2_2_comp9+3_A_2_2_2_comp10,R_3_A_2_2_2,TCDB,TCDB.3_A_2_2_2_comp1
G_3_A_2_2_2_comp2,P_3_A_2_2_2_comp1+3_A_2_2_2_comp2+3_A_2_2_2_comp3+3_A_2_2_2_comp4+3_A_2_2_2_comp5+3_A_2_2_2_comp6+3_A_2_2_2_comp7+3_A_2_2_2_comp8+3_A_2_2_2_comp9+3_A_2_2_2_comp10,R_3_A_2_2_2,TCDB,TCDB.3_A_2_2_2_comp2
G_3_A_2_2_2_comp3,P_3_A_2_2_2_comp1+3_A_2_2_2_comp2+3_A_2_2_2_comp3+3_A_2_2_2_comp4+3_A_2_2_2_comp5+3_A_2_2_2_comp6+3_A_2_2_2_comp7+3_A_2_2_2_comp8+3_A_2_2_2_comp9+3_A_2_2_2_comp10,R_3_A_2_2_2,TCDB,TCDB.3_A_2_2_2_comp3
G_3_A_2_2_2_comp4,P_3_A_2_2_2_comp1+3_A_2_2_2_comp2+3_A_2_2_2_comp3+3_A_2_2_2_comp4+3_A_2_2_2_comp5+3_A_2_2_2_comp6+3_A_2_2_2_comp7+3_A_2_2_2_comp8+3_A_2_2_2_comp9+3_A_2_2_2_comp10,R_3_A_2_2_2,TCDB,TCDB.3_A_2_2_2_comp4
G_3_A_2_2_2_comp5,P_3_A_2_2_2_comp1+3_A_2_2_2_comp2+3_A_2_2_2_comp3+3_A_2_2_2_comp4+3_A_2_2_2_comp5+3_A_2_2_2_comp6+3_A_2_2_2_comp7+3_A_2_2_2_comp8+3_A_2_2_2_comp9+3_A_2_2_2_comp10,R_3_A_2_2_2,TCDB,TCDB.3_A_2_2_2_comp5
G_3_A_2_2_2_comp6,P_3_A_2_2_2_comp1+3_A_2_2_2_comp2+3_A_2_2_2_comp3+3_A_2_2_2_comp4+3_A_2_2_2_comp5+3_A_2_2_2_comp6+3_A_2_2_2_comp7+3_A_2_2_2_comp8+3_A_2_2_2_comp9+3_A_2_2_2_comp10,R_3_A_2_2_2,TCDB,TCDB.3_A_2_2_2_comp6
G_3_A_2_2_2_comp7,P_3_A_2_2_2_comp1+3_A_2_2_2_comp2+3_A_2_2_2_comp3+3_A_2_2_2_comp4+3_A_2_2_2_comp5+3_A_2_2_2_comp6+3_A_2_2_2_comp7+3_A_2_2_2_comp8+3_A_2_2_2_comp9+3_A_2_2_2_comp10,R_3_A_2_2_2,TCDB,TCDB.3_A_2_2_2_comp7
G_3_A_2_2_2_comp8,P_3_A_2_2_2_comp1+3_A_2_2_2_comp2+3_A_2_2_2_comp3+3_A_2_2_2_comp4+3_A_2_2_2_comp5+3_A_2_2_2_comp6+3_A_2_2_2_comp7+3_A_2_2_2_comp8+3_A_2_2_2_comp9+3_A_2_2_2_comp10,R_3_A_2_2_2,TCDB,TCDB.3_A_2_2_2_comp8
G_3_A_2_2_2_comp9,P_3_A_2_2_2_comp1+3_A_2_2_2_comp2+3_A_2_2_2_comp3+3_A_2_2_2_comp4+3_A_2_2_2_comp5+3_A_2_2_2_comp6+3_A_2_2_2_comp7+3_A_2_2_2_comp8+3_A_2_2_2_comp9+3_A_2_2_2_comp10,R_3_A_2_2_2,TCDB,TCDB.3_A_2_2_2_comp9
G_3_A_2_2_2_comp10,P_3_A_2_2_2_comp1+3_A_2_2_2_comp2+3_A_2_2_2_comp3+3_A_2_2_2_comp4+3_A_2_2_2_comp5+3_A_2_2_2_comp6+3_A_2_2_2_comp7+3_A_2_2_2_comp8+3_A_2_2_2_comp9+3_A_2_2_2_comp10,R_3_A_2_2_2,TCDB,TCDB.3_A_2_2_2_comp10
G_2_A_38_4_1_comp1,P_2_A_38_4_1_comp1,R_2_A_38_4_1,TCDB,TCDB.2_A_38_4_1_comp1
G_2_A_2_2_2_comp1,P_2_A_2_2_2_comp1,R_2_A_2_2_2,TCDB,TCDB.2_A_2_2_2_comp1
G_2_A_6_2_5_comp1,P_2_A_6_2_5_comp1+2_A_6_2_5_comp2+2_A_6_2_5_comp3,R_2_A_6_2_5,TCDB,TCDB.2_A_6_2_5_comp1
G_2_A_6_2_5_comp2,P_2_A_6_2_5_comp1+2_A_6_2_5_comp2+2_A_6_2_5_comp3,R_2_A_6_2_5,TCDB,TCDB.2_A_6_2_5_comp2
G_2_A_6_2_5_comp3,P_2_A_6_2_5_comp1+2_A_6_2_5_comp2+2_A_6_2_5_comp3,R_2_A_6_2_5,TCDB,TCDB.2_A_6_2_5_comp3
G_2_A_1_36_1_comp1,P_2_A_1_36_1_comp1,R_2_A_1_36_1,TCDB,TCDB.2_A_1_36_1_comp1
G_2_A_3_10_14_comp1,P_2_A_3_10_14_comp1,R_2_A_3_10_14,TCDB,TCDB.2_A_3_10_14_comp1
G_1_A_8_9_7_comp1,P_1_A_8_9_7_comp1,R_1_A_8_9_7,TCDB,TCDB.1_A_8_9_7_comp1
G_9_B_198_2_3_comp1,P_9_B_198_2_3_comp1,R_9_B_198_2_3,TCDB,TCDB.9_B_198_2_3_comp1
G_2_A_1_1_100_comp1,P_2_A_1_1_100_comp1,R_2_A_1_1_100,TCDB,TCDB.2_A_1_1_100_comp1
G_2_A_1_1_5_comp1,P_2_A_1_1_5_comp1,R_2_A_1_1_5,TCDB,TCDB.2_A_1_1_5_comp1
G_4_E_1_1_1_comp1,P_4_E_1_1_1_comp1,R_4_E_1_1_1,TCDB,TCDB.4_E_1_1_1_comp1
G_2_A_78_1_3_comp1,P_2_A_78_1_3_comp1+2_A_78_1_3_comp2,R_2_A_78_1_3,TCDB,TCDB.2_A_78_1_3_comp1
G_2_A_78_1_3_comp2,P_2_A_78_1_3_comp1+2_A_78_1_3_comp2,R_2_A_78_1_3,TCDB,TCDB.2_A_78_1_3_comp2
G_3_A_1_120_6_comp1,P_3_A_1_120_6_comp1,R_3_A_1_120_6,TCDB,TCDB.3_A_1_120_6_comp1
G_2_A_20_1_2_comp1,P_2_A_20_1_2_comp1,R_2_A_20_1_2,TCDB,TCDB.2_A_20_1_2_comp1
G_1_B_9_1_4_comp1,P_1_B_9_1_4_comp1,R_1_B_9_1_4,TCDB,TCDB.1_B_9_1_4_comp1
G_2_A_67_4_1_comp1,P_2_A_67_4_1_comp1,R_2_A_67_4_1,TCDB,TCDB.2_A_67_4_1_comp1
G_2_A_61_1_3_comp1,P_2_A_61_1_3_comp1,R_2_A_61_1_3,TCDB,TCDB.2_A_61_1_3_comp1
G_1_E_2_1_3_comp1,P_1_E_2_1_3_comp1,R_1_E_2_1_3,TCDB,TCDB.1_E_2_1_3_comp1
G_4_B_1_1_2_comp1,P_4_B_1_1_2_comp1+4_B_1_1_2_comp2,R_4_B_1_1_2,TCDB,TCDB.4_B_1_1_2_comp1
G_4_B_1_1_2_comp2,P_4_B_1_1_2_comp1+4_B_1_1_2_comp2,R_4_B_1_1_2,TCDB,TCDB.4_B_1_1_2_comp2
G_3_A_11_2_2_comp1,P_3_A_11_2_2_comp1+3_A_11_2_2_comp2,R_3_A_11_2_2,TCDB,TCDB.3_A_11_2_2_comp1
G_3_A_11_2_2_comp2,P_3_A_11_2_2_comp1+3_A_11_2_2_comp2,R_3_A_11_2_2,TCDB,TCDB.3_A_11_2_2_comp2
G_2_A_56_1_3_comp1,P_2_A_56_1_3_comp1+2_A_56_1_3_comp2,R_2_A_56_1_3,TCDB,TCDB.2_A_56_1_3_comp1
G_2_A_56_1_3_comp2,P_2_A_56_1_3_comp1+2_A_56_1_3_comp2,R_2_A_56_1_3,TCDB,TCDB.2_A_56_1_3_comp2
G_1_B_14_2_11_comp1,P_1_B_14_2_11_comp1,R_1_B_14_2_11,TCDB,TCDB.1_B_14_2_11_comp1
G_3_A_1_17_3_comp1,P_3_A_1_17_3_comp1+3_A_1_17_3_comp2+3_A_1_17_3_comp3,R_3_A_1_17_3,TCDB,TCDB.3_A_1_17_3_comp1
G_3_A_1_17_3_comp2,P_3_A_1_17_3_comp1+3_A_1_17_3_comp2+3_A_1_17_3_comp3,R_3_A_1_17_3,TCDB,TCDB.3_A_1_17_3_comp2
G_3_A_1_17_3_comp3,P_3_A_1_17_3_comp1+3_A_1_17_3_comp2+3_A_1_17_3_comp3,R_3_A_1_17_3,TCDB,TCDB.3_A_1_17_3_comp3
G_9_A_41_1_1_comp1,P_9_A_41_1_1_comp1+9_A_41_1_1_comp2,R_9_A_41_1_1,TCDB,TCDB.9_A_41_1_1_comp1
G_9_A_41_1_1_comp2,P_9_A_41_1_1_comp1+9_A_41_1_1_comp2,R_9_A_41_1_1,TCDB,TCDB.9_A_41_1_1_comp2
G_2_A_1_6_12_comp1,P_2_A_1_6_12_comp1,R_2_A_1_6_12,TCDB,TCDB.2_A_1_6_12_comp1
G_2_A_16_1_2_comp1,P_2_A_16_1_2_comp1,R_2_A_16_1_2,TCDB,TCDB.2_A_16_1_2_comp1
G_9_B_104_1_7_comp1,P_9_B_104_1_7_comp1,R_9_B_104_1_7,TCDB,TCDB.9_B_104_1_7_comp1
G_5_A_3_4_4_comp1,P_5_A_3_4_4_comp1+5_A_3_4_4_comp2,R_5_A_3_4_4,TCDB,TCDB.5_A_3_4_4_comp1
G_5_A_3_4_4_comp2,P_5_A_3_4_4_comp1+5_A_3_4_4_comp2,R_5_A_3_4_4,TCDB,TCDB.5_A_3_4_4_comp2
G_1_B_14_2_12_comp1,P_1_B_14_2_12_comp1+1_B_14_2_12_comp2,R_1_B_14_2_12,TCDB,TCDB.1_B_14_2_12_comp1
G_1_B_14_2_12_comp2,P_1_B_14_2_12_comp1+1_B_14_2_12_comp2,R_1_B_14_2_12,TCDB,TCDB.1_B_14_2_12_comp2
G_1_B_14_7_3_comp1,P_1_B_14_7_3_comp1,R_1_B_14_7_3,TCDB,TCDB.1_B_14_7_3_comp1
G_1_B_17_3_7_comp1,P_1_B_17_3_7_comp1,R_1_B_17_3_7,TCDB,TCDB.1_B_17_3_7_comp1
G_1_B_20_3_1_comp1,P_1_B_20_3_1_comp1,R_1_B_20_3_1,TCDB,TCDB.1_B_20_3_1_comp1
G_2_A_53_2_2_comp1,P_2_A_53_2_2_comp1,R_2_A_53_2_2,TCDB,TCDB.2_A_53_2_2_comp1
G_1_B_12_3_2_comp1,P_1_B_12_3_2_comp1,R_1_B_12_3_2,TCDB,TCDB.1_B_12_3_2_comp1
G_2_A_19_5_1_comp1,P_2_A_19_5_1_comp1,R_2_A_19_5_1,TCDB,TCDB.2_A_19_5_1_comp1
G_9_B_14_1_2_comp1,P_9_B_14_1_2_comp1,R_9_B_14_1_2,TCDB,TCDB.9_B_14_1_2_comp1
G_1_B_11_5_1_comp1,P_1_B_11_5_1_comp1,R_1_B_11_5_1,TCDB,TCDB.1_B_11_5_1_comp1
G_2_A_61_1_2_comp1,P_2_A_61_1_2_comp1,R_2_A_61_1_2,TCDB,TCDB.2_A_61_1_2_comp1
G_1_B_12_1_5_comp1,P_1_B_12_1_5_comp1,R_1_B_12_1_5,TCDB,TCDB.1_B_12_1_5_comp1
G_2_A_85_1_3_comp1,P_2_A_85_1_3_comp1,R_2_A_85_1_3,TCDB,TCDB.2_A_85_1_3_comp1
G_2_A_3_8_17_comp1,P_2_A_3_8_17_comp1,R_2_A_3_8_17,TCDB,TCDB.2_A_3_8_17_comp1
G_9_B_118_1_1_comp1,P_9_B_118_1_1_comp1,R_9_B_118_1_1,TCDB,TCDB.9_B_118_1_1_comp1
G_2_A_1_10_2_comp1,P_2_A_1_10_2_comp1,R_2_A_1_10_2,TCDB,TCDB.2_A_1_10_2_comp1
G_1_B_10_3_1_comp1,P_1_B_10_3_1_comp1,R_1_B_10_3_1,TCDB,TCDB.1_B_10_3_1_comp1
G_8_B_1_2_1_comp1,P_8_B_1_2_1_comp1,R_8_B_1_2_1,TCDB,TCDB.8_B_1_2_1_comp1
G_8_B_1_1_1_comp1,P_8_B_1_1_1_comp1,R_8_B_1_1_1,TCDB,TCDB.8_B_1_1_1_comp1
G_5_A_1_2_1_comp1,P_5_A_1_2_1_comp1,R_5_A_1_2_1,TCDB,TCDB.5_A_1_2_1_comp1
G_9_B_42_1_1_comp1,P_9_B_42_1_1_comp1+9_B_42_1_1_comp2,R_9_B_42_1_1,TCDB,TCDB.9_B_42_1_1_comp1
G_9_B_42_1_1_comp2,P_9_B_42_1_1_comp1+9_B_42_1_1_comp2,R_9_B_42_1_1,TCDB,TCDB.9_B_42_1_1_comp2
G_9_B_42_1_3_comp1,P_9_B_42_1_3_comp1,R_9_B_42_1_3,TCDB,TCDB.9_B_42_1_3_comp1
G_1_B_22_1_3_comp1,P_1_B_22_1_3_comp1+1_B_22_1_3_comp2,R_1_B_22_1_3,TCDB,TCDB.1_B_22_1_3_comp1
G_1_B_22_1_3_comp2,P_1_B_22_1_3_comp1+1_B_22_1_3_comp2,R_1_B_22_1_3,TCDB,TCDB.1_B_22_1_3_comp2
G_3_A_1_3_26_comp1,P_3_A_1_3_26_comp1+3_A_1_3_26_comp2+3_A_1_3_26_comp3+3_A_1_3_26_comp4,R_3_A_1_3_26,TCDB,TCDB.3_A_1_3_26_comp1
G_3_A_1_3_26_comp2,P_3_A_1_3_26_comp1+3_A_1_3_26_comp2+3_A_1_3_26_comp3+3_A_1_3_26_comp4,R_3_A_1_3_26,TCDB,TCDB.3_A_1_3_26_comp2
G_3_A_1_3_26_comp3,P_3_A_1_3_26_comp1+3_A_1_3_26_comp2+3_A_1_3_26_comp3+3_A_1_3_26_comp4,R_3_A_1_3_26,TCDB,TCDB.3_A_1_3_26_comp3
G_3_A_1_3_26_comp4,P_3_A_1_3_26_comp1+3_A_1_3_26_comp2+3_A_1_3_26_comp3+3_A_1_3_26_comp4,R_3_A_1_3_26,TCDB,TCDB.3_A_1_3_26_comp4
G_9_B_65_1_1_comp1,P_9_B_65_1_1_comp1,R_9_B_65_1_1,TCDB,TCDB.9_B_65_1_1_comp1
G_3_A_1_204_17_comp1,P_3_A_1_204_17_comp1,R_3_A_1_204_17,TCDB,TCDB.3_A_1_204_17_comp1
G_3_A_1_204_12_comp1,P_3_A_1_204_12_comp1,R_3_A_1_204_12,TCDB,TCDB.3_A_1_204_12_comp1
G_1_B_8_1_3_comp1,P_1_B_8_1_3_comp1,R_1_B_8_1_3,TCDB,TCDB.1_B_8_1_3_comp1
G_1_B_8_1_12_comp1,P_1_B_8_1_12_comp1,R_1_B_8_1_12,TCDB,TCDB.1_B_8_1_12_comp1
G_1_C_115_1_6_comp1,P_1_C_115_1_6_comp1,R_1_C_115_1_6,TCDB,TCDB.1_C_115_1_6_comp1
G_2_A_59_1_2_comp1,P_2_A_59_1_2_comp1,R_2_A_59_1_2,TCDB,TCDB.2_A_59_1_2_comp1
G_1_B_11_3_10_comp1,P_1_B_11_3_10_comp1,R_1_B_11_3_10,TCDB,TCDB.1_B_11_3_10_comp1
G_1_B_33_1_2_comp1,P_1_B_33_1_2_comp1,R_1_B_33_1_2,TCDB,TCDB.1_B_33_1_2_comp1
G_1_B_1_3_1_comp1,P_1_B_1_3_1_comp1,R_1_B_1_3_1,TCDB,TCDB.1_B_1_3_1_comp1
G_2_A_17_3_2_comp1,P_2_A_17_3_2_comp1,R_2_A_17_3_2,TCDB,TCDB.2_A_17_3_2_comp1
G_1_C_4_8_2_comp1,P_1_C_4_8_2_comp1,R_1_C_4_8_2,TCDB,TCDB.1_C_4_8_2_comp1
G_2_A_17_4_9_comp1,P_2_A_17_4_9_comp1,R_2_A_17_4_9,TCDB,TCDB.2_A_17_4_9_comp1
G_1_C_8_1_4_comp1,P_1_C_8_1_4_comp1,R_1_C_8_1_4,TCDB,TCDB.1_C_8_1_4_comp1
G_1_C_59_2_1_comp1,P_1_C_59_2_1_comp1,R_1_C_59_2_1,TCDB,TCDB.1_C_59_2_1_comp1
G_9_A_14_2_7_comp1,P_9_A_14_2_7_comp1,R_9_A_14_2_7,TCDB,TCDB.9_A_14_2_7_comp1
G_9_A_14_13_45_comp1,P_9_A_14_13_45_comp1,R_9_A_14_13_45,TCDB,TCDB.9_A_14_13_45_comp1
G_1_A_9_2_1_comp1,P_1_A_9_2_1_comp1,R_1_A_9_2_1,TCDB,TCDB.1_A_9_2_1_comp1
G_2_A_1_3_9_comp1,P_2_A_1_3_9_comp1,R_2_A_1_3_9,TCDB,TCDB.2_A_1_3_9_comp1
G_2_A_1_3_25_comp1,P_2_A_1_3_25_comp1,R_2_A_1_3_25,TCDB,TCDB.2_A_1_3_25_comp1
G_2_A_68_1_1_comp1,P_2_A_68_1_1_comp1,R_2_A_68_1_1,TCDB,TCDB.2_A_68_1_1_comp1
G_2_A_7_17_2_comp1,P_2_A_7_17_2_comp1,R_2_A_7_17_2,TCDB,TCDB.2_A_7_17_2_comp1
G_8_A_25_1_4_comp1,P_8_A_25_1_4_comp1,R_8_A_25_1_4,TCDB,TCDB.8_A_25_1_4_comp1
G_1_C_85_3_1_comp1,P_1_C_85_3_1_comp1,R_1_C_85_3_1,TCDB,TCDB.1_C_85_3_1_comp1
G_3_A_5_5_1_comp1,P_3_A_5_5_1_comp1,R_3_A_5_5_1,TCDB,TCDB.3_A_5_5_1_comp1
G_1_B_8_1_4_comp1,P_1_B_8_1_4_comp1,R_1_B_8_1_4,TCDB,TCDB.1_B_8_1_4_comp1
G_4_A_3_2_2_comp1,P_4_A_3_2_2_comp1+4_A_3_2_2_comp2+4_A_3_2_2_comp3,R_4_A_3_2_2,TCDB,TCDB.4_A_3_2_2_comp1
G_4_A_3_2_2_comp2,P_4_A_3_2_2_comp1+4_A_3_2_2_comp2+4_A_3_2_2_comp3,R_4_A_3_2_2,TCDB,TCDB.4_A_3_2_2_comp2
G_4_A_3_2_2_comp3,P_4_A_3_2_2_comp1+4_A_3_2_2_comp2+4_A_3_2_2_comp3,R_4_A_3_2_2,TCDB,TCDB.4_A_3_2_2_comp3
G_2_A_1_1_106_comp1,P_2_A_1_1_106_comp1,R_2_A_1_1_106,TCDB,TCDB.2_A_1_1_106_comp1
G_2_A_3_1_5_comp1,P_2_A_3_1_5_comp1,R_2_A_3_1_5,TCDB,TCDB.2_A_3_1_5_comp1
G_9_B_121_2_4_comp1,P_9_B_121_2_4_comp1,R_9_B_121_2_4,TCDB,TCDB.9_B_121_2_4_comp1
G_2_A_85_1_2_comp1,P_2_A_85_1_2_comp1,R_2_A_85_1_2,TCDB,TCDB.2_A_85_1_2_comp1
G_8_A_1_7_1_comp1,P_8_A_1_7_1_comp1,R_8_A_1_7_1,TCDB,TCDB.8_A_1_7_1_comp1
G_9_B_87_1_12_comp1,P_9_B_87_1_12_comp1,R_9_B_87_1_12,TCDB,TCDB.9_B_87_1_12_comp1
G_1_B_33_3_7_comp1,P_1_B_33_3_7_comp1,R_1_B_33_3_7,TCDB,TCDB.1_B_33_3_7_comp1
G_2_A_60_1_1_comp1,P_2_A_60_1_1_comp1,R_2_A_60_1_1,TCDB,TCDB.2_A_60_1_1_comp1
G_2_A_60_1_14_comp1,P_2_A_60_1_14_comp1,R_2_A_60_1_14,TCDB,TCDB.2_A_60_1_14_comp1
G_3_A_12_1_2_comp1,P_3_A_12_1_2_comp1,R_3_A_12_1_2,TCDB,TCDB.3_A_12_1_2_comp1
G_3_A_1_115_1_comp1,P_3_A_1_115_1_comp1+3_A_1_115_1_comp2,R_3_A_1_115_1,TCDB,TCDB.3_A_1_115_1_comp1
G_3_A_1_115_1_comp2,P_3_A_1_115_1_comp1+3_A_1_115_1_comp2,R_3_A_1_115_1,TCDB,TCDB.3_A_1_115_1_comp2
G_3_D_3_4_1_comp1,P_3_D_3_4_1_comp1+3_D_3_4_1_comp2+3_D_3_4_1_comp3,R_3_D_3_4_1,TCDB,TCDB.3_D_3_4_1_comp1
G_3_D_3_4_1_comp2,P_3_D_3_4_1_comp1+3_D_3_4_1_comp2+3_D_3_4_1_comp3,R_3_D_3_4_1,TCDB,TCDB.3_D_3_4_1_comp2
G_3_D_3_4_1_comp3,P_3_D_3_4_1_comp1+3_D_3_4_1_comp2+3_D_3_4_1_comp3,R_3_D_3_4_1,TCDB,TCDB.3_D_3_4_1_comp3
G_3_A_1_12_2_comp1,P_3_A_1_12_2_comp1+3_A_1_12_2_comp2+3_A_1_12_2_comp3,R_3_A_1_12_2,TCDB,TCDB.3_A_1_12_2_comp1
G_3_A_1_12_2_comp2,P_3_A_1_12_2_comp1+3_A_1_12_2_comp2+3_A_1_12_2_comp3,R_3_A_1_12_2,TCDB,TCDB.3_A_1_12_2_comp2
G_3_A_1_12_2_comp3,P_3_A_1_12_2_comp1+3_A_1_12_2_comp2+3_A_1_12_2_comp3,R_3_A_1_12_2,TCDB,TCDB.3_A_1_12_2_comp3
G_8_A_30_1_2_comp1,P_8_A_30_1_2_comp1,R_8_A_30_1_2,TCDB,TCDB.8_A_30_1_2_comp1
G_2_A_1_11_4_comp1,P_2_A_1_11_4_comp1,R_2_A_1_11_4,TCDB,TCDB.2_A_1_11_4_comp1
G_9_B_315_1_5_comp1,P_9_B_315_1_5_comp1,R_9_B_315_1_5,TCDB,TCDB.9_B_315_1_5_comp1
G_2_A_57_5_2_comp1,P_2_A_57_5_2_comp1,R_2_A_57_5_2,TCDB,TCDB.2_A_57_5_2_comp1
G_4_E_1_1_3_comp1,P_4_E_1_1_3_comp1,R_4_E_1_1_3,TCDB,TCDB.4_E_1_1_3_comp1
G_2_A_18_5_2_comp1,P_2_A_18_5_2_comp1,R_2_A_18_5_2,TCDB,TCDB.2_A_18_5_2_comp1
G_9_B_316_1_1_comp1,P_9_B_316_1_1_comp1,R_9_B_316_1_1,TCDB,TCDB.9_B_316_1_1_comp1
G_1_A_88_1_1_comp1,P_1_A_88_1_1_comp1,R_1_A_88_1_1,TCDB,TCDB.1_A_88_1_1_comp1
G_9_A_36_1_2_comp1,P_9_A_36_1_2_comp1,R_9_A_36_1_2,TCDB,TCDB.9_A_36_1_2_comp1
G_9_B_1_1_3_comp1,P_9_B_1_1_3_comp1,R_9_B_1_1_3,TCDB,TCDB.9_B_1_1_3_comp1
G_2_A_1_63_4_comp1,P_2_A_1_63_4_comp1,R_2_A_1_63_4,TCDB,TCDB.2_A_1_63_4_comp1
G_2_A_3_3_15_comp1,P_2_A_3_3_15_comp1,R_2_A_3_3_15,TCDB,TCDB.2_A_3_3_15_comp1
G_2_A_3_6_5_comp1,P_2_A_3_6_5_comp1,R_2_A_3_6_5,TCDB,TCDB.2_A_3_6_5_comp1
G_2_A_89_1_1_comp1,P_2_A_89_1_1_comp1,R_2_A_89_1_1,TCDB,TCDB.2_A_89_1_1_comp1
G_1_A_7_1_1_comp1,P_1_A_7_1_1_comp1,R_1_A_7_1_1,TCDB,TCDB.1_A_7_1_1_comp1
G_1_A_8_9_1_comp1,P_1_A_8_9_1_comp1,R_1_A_8_9_1,TCDB,TCDB.1_A_8_9_1_comp1
G_9_A_14_4_13_comp1,P_9_A_14_4_13_comp1,R_9_A_14_4_13,TCDB,TCDB.9_A_14_4_13_comp1
G_9_A_14_4_10_comp1,P_9_A_14_4_10_comp1,R_9_A_14_4_10,TCDB,TCDB.9_A_14_4_10_comp1
G_9_A_14_13_22_comp1,P_9_A_14_13_22_comp1,R_9_A_14_13_22,TCDB,TCDB.9_A_14_13_22_comp1
G_9_A_14_10_2_comp1,P_9_A_14_10_2_comp1,R_9_A_14_10_2,TCDB,TCDB.9_A_14_10_2_comp1
G_1_A_64_1_1_comp1,P_1_A_64_1_1_comp1,R_1_A_64_1_1,TCDB,TCDB.1_A_64_1_1_comp1
G_8_A_177_1_1_comp1,P_8_A_177_1_1_comp1,R_8_A_177_1_1,TCDB,TCDB.8_A_177_1_1_comp1
G_2_A_22_3_11_comp1,P_2_A_22_3_11_comp1,R_2_A_22_3_11,TCDB,TCDB.2_A_22_3_11_comp1
G_9_A_14_1_3_comp1,P_9_A_14_1_3_comp1,R_9_A_14_1_3,TCDB,TCDB.9_A_14_1_3_comp1
G_1_A_2_1_1_comp1,P_1_A_2_1_1_comp1,R_1_A_2_1_1,TCDB,TCDB.1_A_2_1_1_comp1
G_1_A_2_1_18_comp1,P_1_A_2_1_18_comp1,R_1_A_2_1_18,TCDB,TCDB.1_A_2_1_18_comp1
G_1_A_2_1_10_comp1,P_1_A_2_1_10_comp1,R_1_A_2_1_10,TCDB,TCDB.1_A_2_1_10_comp1
G_8_B_9_1_7_comp1,P_8_B_9_1_7_comp1,R_8_B_9_1_7,TCDB,TCDB.8_B_9_1_7_comp1
G_2_A_22_3_1_comp1,P_2_A_22_3_1_comp1,R_2_A_22_3_1,TCDB,TCDB.2_A_22_3_1_comp1
G_2_A_22_3_9_comp1,P_2_A_22_3_9_comp1,R_2_A_22_3_9,TCDB,TCDB.2_A_22_3_9_comp1
G_2_A_22_2_12_comp1,P_2_A_22_2_12_comp1,R_2_A_22_2_12,TCDB,TCDB.2_A_22_2_12_comp1
G_9_A_14_13_13_comp1,P_9_A_14_13_13_comp1,R_9_A_14_13_13,TCDB,TCDB.9_A_14_13_13_comp1
G_1_A_24_1_5_comp1,P_1_A_24_1_5_comp1+1_A_24_1_5_comp2,R_1_A_24_1_5,TCDB,TCDB.1_A_24_1_5_comp1
G_1_A_24_1_5_comp2,P_1_A_24_1_5_comp1+1_A_24_1_5_comp2,R_1_A_24_1_5,TCDB,TCDB.1_A_24_1_5_comp2
G_1_A_9_1_15_comp1,P_1_A_9_1_15_comp1,R_1_A_9_1_15,TCDB,TCDB.1_A_9_1_15_comp1
G_1_A_9_1_16_comp1,P_1_A_9_1_16_comp1,R_1_A_9_1_16,TCDB,TCDB.1_A_9_1_16_comp1
G_1_A_9_1_2_comp1,P_1_A_9_1_2_comp1+1_A_9_1_2_comp2+1_A_9_1_2_comp3,R_1_A_9_1_2,TCDB,TCDB.1_A_9_1_2_comp1
G_1_A_9_1_2_comp2,P_1_A_9_1_2_comp1+1_A_9_1_2_comp2+1_A_9_1_2_comp3,R_1_A_9_1_2,TCDB,TCDB.1_A_9_1_2_comp2
G_1_A_9_1_2_comp3,P_1_A_9_1_2_comp1+1_A_9_1_2_comp2+1_A_9_1_2_comp3,R_1_A_9_1_2,TCDB,TCDB.1_A_9_1_2_comp3
G_1_A_9_1_13_comp1,P_1_A_9_1_13_comp1+1_A_9_1_13_comp2,R_1_A_9_1_13,TCDB,TCDB.1_A_9_1_13_comp1
G_1_A_9_1_13_comp2,P_1_A_9_1_13_comp1+1_A_9_1_13_comp2,R_1_A_9_1_13,TCDB,TCDB.1_A_9_1_13_comp2
G_8_A_75_1_1_comp1,P_8_A_75_1_1_comp1,R_8_A_75_1_1,TCDB,TCDB.8_A_75_1_1_comp1
G_9_A_57_1_11_comp1,P_9_A_57_1_11_comp1,R_9_A_57_1_11,TCDB,TCDB.9_A_57_1_11_comp1
G_2_A_29_23_2_comp1,P_2_A_29_23_2_comp1,R_2_A_29_23_2,TCDB,TCDB.2_A_29_23_2_comp1
G_3_A_1_3_9_comp1,P_3_A_1_3_9_comp1+3_A_1_3_9_comp2+3_A_1_3_9_comp3+3_A_1_3_9_comp4,R_3_A_1_3_9,TCDB,TCDB.3_A_1_3_9_comp1
G_3_A_1_3_9_comp2,P_3_A_1_3_9_comp1+3_A_1_3_9_comp2+3_A_1_3_9_comp3+3_A_1_3_9_comp4,R_3_A_1_3_9,TCDB,TCDB.3_A_1_3_9_comp2
G_3_A_1_3_9_comp3,P_3_A_1_3_9_comp1+3_A_1_3_9_comp2+3_A_1_3_9_comp3+3_A_1_3_9_comp4,R_3_A_1_3_9,TCDB,TCDB.3_A_1_3_9_comp3
G_3_A_1_3_9_comp4,P_3_A_1_3_9_comp1+3_A_1_3_9_comp2+3_A_1_3_9_comp3+3_A_1_3_9_comp4,R_3_A_1_3_9,TCDB,TCDB.3_A_1_3_9_comp4
G_9_B_14_3_3_comp1,P_9_B_14_3_3_comp1,R_9_B_14_3_3,TCDB,TCDB.9_B_14_3_3_comp1
G_8_A_98_1_8_comp1,P_8_A_98_1_8_comp1,R_8_A_98_1_8,TCDB,TCDB.8_A_98_1_8_comp1
G_1_A_76_1_8_comp1,P_1_A_76_1_8_comp1,R_1_A_76_1_8,TCDB,TCDB.1_A_76_1_8_comp1
G_8_A_40_1_15_comp1,P_8_A_40_1_15_comp1,R_8_A_40_1_15,TCDB,TCDB.8_A_40_1_15_comp1
G_1_A_2_1_3_comp1,P_1_A_2_1_3_comp1,R_1_A_2_1_3,TCDB,TCDB.1_A_2_1_3_comp1
G_9_A_14_4_5_comp1,P_9_A_14_4_5_comp1,R_9_A_14_4_5,TCDB,TCDB.9_A_14_4_5_comp1
G_1_A_1_2_24_comp1,P_1_A_1_2_24_comp1+1_A_1_2_24_comp2,R_1_A_1_2_24,TCDB,TCDB.1_A_1_2_24_comp1
G_1_A_1_2_24_comp2,P_1_A_1_2_24_comp1+1_A_1_2_24_comp2,R_1_A_1_2_24,TCDB,TCDB.1_A_1_2_24_comp2
G_1_A_2_1_12_comp1,P_1_A_2_1_12_comp1,R_1_A_2_1_12,TCDB,TCDB.1_A_2_1_12_comp1
G_1_A_14_3_5_comp1,P_1_A_14_3_5_comp1,R_1_A_14_3_5,TCDB,TCDB.1_A_14_3_5_comp1
G_9_B_213_1_1_comp1,P_9_B_213_1_1_comp1,R_9_B_213_1_1,TCDB,TCDB.9_B_213_1_1_comp1
G_9_B_191_1_10_comp1,P_9_B_191_1_10_comp1,R_9_B_191_1_10,TCDB,TCDB.9_B_191_1_10_comp1
G_8_A_19_1_1_comp1,P_8_A_19_1_1_comp1,R_8_A_19_1_1,TCDB,TCDB.8_A_19_1_1_comp1
G_9_A_76_1_1_comp1,P_9_A_76_1_1_comp1,R_9_A_76_1_1,TCDB,TCDB.9_A_76_1_1_comp1
G_1_B_14_1_6_comp1,P_1_B_14_1_6_comp1,R_1_B_14_1_6,TCDB,TCDB.1_B_14_1_6_comp1
G_2_A_23_2_8_comp1,P_2_A_23_2_8_comp1,R_2_A_23_2_8,TCDB,TCDB.2_A_23_2_8_comp1
G_8_A_87_1_6_comp1,P_8_A_87_1_6_comp1,R_8_A_87_1_6,TCDB,TCDB.8_A_87_1_6_comp1
G_2_A_31_1_3_comp1,P_2_A_31_1_3_comp1,R_2_A_31_1_3,TCDB,TCDB.2_A_31_1_3_comp1
G_2_A_36_1_15_comp1,P_2_A_36_1_15_comp1,R_2_A_36_1_15,TCDB,TCDB.2_A_36_1_15_comp1
G_2_A_19_3_1_comp1,P_2_A_19_3_1_comp1,R_2_A_19_3_1,TCDB,TCDB.2_A_19_3_1_comp1
G_1_C_39_3_5_comp1,P_1_C_39_3_5_comp1,R_1_C_39_3_5,TCDB,TCDB.1_C_39_3_5_comp1
G_2_A_40_4_4_comp1,P_2_A_40_4_4_comp1,R_2_A_40_4_4,TCDB,TCDB.2_A_40_4_4_comp1
G_2_A_3_10_5_comp1,P_2_A_3_10_5_comp1,R_2_A_3_10_5,TCDB,TCDB.2_A_3_10_5_comp1
G_1_C_17_1_3_comp1,P_1_C_17_1_3_comp1,R_1_C_17_1_3,TCDB,TCDB.1_C_17_1_3_comp1
G_9_A_14_6_2_comp1,P_9_A_14_6_2_comp1,R_9_A_14_6_2,TCDB,TCDB.9_A_14_6_2_comp1
G_1_A_4_1_8_comp1,P_1_A_4_1_8_comp1,R_1_A_4_1_8,TCDB,TCDB.1_A_4_1_8_comp1
G_1_A_4_1_3_comp1,P_1_A_4_1_3_comp1,R_1_A_4_1_3,TCDB,TCDB.1_A_4_1_3_comp1
G_9_A_14_13_43_comp1,P_9_A_14_13_43_comp1,R_9_A_14_13_43,TCDB,TCDB.9_A_14_13_43_comp1
G_3_A_1_155_1_comp1,P_3_A_1_155_1_comp1,R_3_A_1_155_1,TCDB,TCDB.3_A_1_155_1_comp1
G_8_B_30_1_1_comp1,P_8_B_30_1_1_comp1,R_8_B_30_1_1,TCDB,TCDB.8_B_30_1_1_comp1
G_2_A_7_9_1_comp1,P_2_A_7_9_1_comp1,R_2_A_7_9_1,TCDB,TCDB.2_A_7_9_1_comp1
G_9_A_14_13_33_comp1,P_9_A_14_13_33_comp1,R_9_A_14_13_33,TCDB,TCDB.9_A_14_13_33_comp1
G_9_B_417_1_1_comp1,P_9_B_417_1_1_comp1+9_B_417_1_1_comp2,R_9_B_417_1_1,TCDB,TCDB.9_B_417_1_1_comp1
G_9_B_417_1_1_comp2,P_9_B_417_1_1_comp1+9_B_417_1_1_comp2,R_9_B_417_1_1,TCDB,TCDB.9_B_417_1_1_comp2
G_8_B_21_1_1_comp1,P_8_B_21_1_1_comp1,R_8_B_21_1_1,TCDB,TCDB.8_B_21_1_1_comp1
G_2_A_55_2_3_comp1,P_2_A_55_2_3_comp1,R_2_A_55_2_3,TCDB,TCDB.2_A_55_2_3_comp1
G_2_A_55_2_1_comp1,P_2_A_55_2_1_comp1,R_2_A_55_2_1,TCDB,TCDB.2_A_55_2_1_comp1
G_2_A_55_2_11_comp1,P_2_A_55_2_11_comp1,R_2_A_55_2_11,TCDB,TCDB.2_A_55_2_11_comp1
G_2_A_1_1_39_comp1,P_2_A_1_1_39_comp1,R_2_A_1_1_39,TCDB,TCDB.2_A_1_1_39_comp1
G_8_A_136_1_1_comp1,P_8_A_136_1_1_comp1,R_8_A_136_1_1,TCDB,TCDB.8_A_136_1_1_comp1
G_5_B_2_1_4_comp1,P_5_B_2_1_4_comp1,R_5_B_2_1_4,TCDB,TCDB.5_B_2_1_4_comp1
G_1_A_56_2_1_comp1,P_1_A_56_2_1_comp1,R_1_A_56_2_1,TCDB,TCDB.1_A_56_2_1_comp1
G_8_A_211_1_1_comp1,P_8_A_211_1_1_comp1,R_8_A_211_1_1,TCDB,TCDB.8_A_211_1_1_comp1
G_1_A_7_1_2_comp1,P_1_A_7_1_2_comp1,R_1_A_7_1_2,TCDB,TCDB.1_A_7_1_2_comp1
G_9_B_188_1_4_comp1,P_9_B_188_1_4_comp1,R_9_B_188_1_4,TCDB,TCDB.9_B_188_1_4_comp1
G_9_B_88_2_1_comp1,P_9_B_88_2_1_comp1,R_9_B_88_2_1,TCDB,TCDB.9_B_88_2_1_comp1
G_1_A_54_1_1_comp1,P_1_A_54_1_1_comp1,R_1_A_54_1_1,TCDB,TCDB.1_A_54_1_1_comp1
G_9_B_70_1_1_comp1,P_9_B_70_1_1_comp1+9_B_70_1_1_comp2+9_B_70_1_1_comp3+9_B_70_1_1_comp4+9_B_70_1_1_comp5+9_B_70_1_1_comp6+9_B_70_1_1_comp7+9_B_70_1_1_comp8,R_9_B_70_1_1,TCDB,TCDB.9_B_70_1_1_comp1
G_9_B_70_1_1_comp2,P_9_B_70_1_1_comp1+9_B_70_1_1_comp2+9_B_70_1_1_comp3+9_B_70_1_1_comp4+9_B_70_1_1_comp5+9_B_70_1_1_comp6+9_B_70_1_1_comp7+9_B_70_1_1_comp8,R_9_B_70_1_1,TCDB,TCDB.9_B_70_1_1_comp2
G_9_B_70_1_1_comp3,P_9_B_70_1_1_comp1+9_B_70_1_1_comp2+9_B_70_1_1_comp3+9_B_70_1_1_comp4+9_B_70_1_1_comp5+9_B_70_1_1_comp6+9_B_70_1_1_comp7+9_B_70_1_1_comp8,R_9_B_70_1_1,TCDB,TCDB.9_B_70_1_1_comp3
G_9_B_70_1_1_comp4,P_9_B_70_1_1_comp1+9_B_70_1_1_comp2+9_B_70_1_1_comp3+9_B_70_1_1_comp4+9_B_70_1_1_comp5+9_B_70_1_1_comp6+9_B_70_1_1_comp7+9_B_70_1_1_comp8,R_9_B_70_1_1,TCDB,TCDB.9_B_70_1_1_comp4
G_9_B_70_1_1_comp5,P_9_B_70_1_1_comp1+9_B_70_1_1_comp2+9_B_70_1_1_comp3+9_B_70_1_1_comp4+9_B_70_1_1_comp5+9_B_70_1_1_comp6+9_B_70_1_1_comp7+9_B_70_1_1_comp8,R_9_B_70_1_1,TCDB,TCDB.9_B_70_1_1_comp5
G_9_B_70_1_1_comp6,P_9_B_70_1_1_comp1+9_B_70_1_1_comp2+9_B_70_1_1_comp3+9_B_70_1_1_comp4+9_B_70_1_1_comp5+9_B_70_1_1_comp6+9_B_70_1_1_comp7+9_B_70_1_1_comp8,R_9_B_70_1_1,TCDB,TCDB.9_B_70_1_1_comp6
G_9_B_70_1_1_comp7,P_9_B_70_1_1_comp1+9_B_70_1_1_comp2+9_B_70_1_1_comp3+9_B_70_1_1_comp4+9_B_70_1_1_comp5+9_B_70_1_1_comp6+9_B_70_1_1_comp7+9_B_70_1_1_comp8,R_9_B_70_1_1,TCDB,TCDB.9_B_70_1_1_comp7
G_9_B_70_1_1_comp8,P_9_B_70_1_1_comp1+9_B_70_1_1_comp2+9_B_70_1_1_comp3+9_B_70_1_1_comp4+9_B_70_1_1_comp5+9_B_70_1_1_comp6+9_B_70_1_1_comp7+9_B_70_1_1_comp8,R_9_B_70_1_1,TCDB,TCDB.9_B_70_1_1_comp8
G_1_A_34_1_1_comp1,P_1_A_34_1_1_comp1+1_A_34_1_1_comp2,R_1_A_34_1_1,TCDB,TCDB.1_A_34_1_1_comp1
G_1_A_34_1_1_comp2,P_1_A_34_1_1_comp1+1_A_34_1_1_comp2,R_1_A_34_1_1,TCDB,TCDB.1_A_34_1_1_comp2
G_1_A_54_1_2_comp1,P_1_A_54_1_2_comp1,R_1_A_54_1_2,TCDB,TCDB.1_A_54_1_2_comp1
G_2_A_7_1_5_comp1,P_2_A_7_1_5_comp1+2_A_7_1_5_comp2,R_2_A_7_1_5,TCDB,TCDB.2_A_7_1_5_comp1
G_2_A_7_1_5_comp2,P_2_A_7_1_5_comp1+2_A_7_1_5_comp2,R_2_A_7_1_5,TCDB,TCDB.2_A_7_1_5_comp2
G_8_A_61_1_6_comp1,P_8_A_61_1_6_comp1,R_8_A_61_1_6,TCDB,TCDB.8_A_61_1_6_comp1
G_1_C_33_1_10_comp1,P_1_C_33_1_10_comp1,R_1_C_33_1_10,TCDB,TCDB.1_C_33_1_10_comp1
G_2_A_3_9_3_comp1,P_2_A_3_9_3_comp1,R_2_A_3_9_3,TCDB,TCDB.2_A_3_9_3_comp1
G_3_A_2_1_5_comp1,P_3_A_2_1_5_comp1+3_A_2_1_5_comp2+3_A_2_1_5_comp3+3_A_2_1_5_comp4+3_A_2_1_5_comp5+3_A_2_1_5_comp6+3_A_2_1_5_comp7+3_A_2_1_5_comp8+3_A_2_1_5_comp9,R_3_A_2_1_5,TCDB,TCDB.3_A_2_1_5_comp1
G_3_A_2_1_5_comp2,P_3_A_2_1_5_comp1+3_A_2_1_5_comp2+3_A_2_1_5_comp3+3_A_2_1_5_comp4+3_A_2_1_5_comp5+3_A_2_1_5_comp6+3_A_2_1_5_comp7+3_A_2_1_5_comp8+3_A_2_1_5_comp9,R_3_A_2_1_5,TCDB,TCDB.3_A_2_1_5_comp2
G_3_A_2_1_5_comp3,P_3_A_2_1_5_comp1+3_A_2_1_5_comp2+3_A_2_1_5_comp3+3_A_2_1_5_comp4+3_A_2_1_5_comp5+3_A_2_1_5_comp6+3_A_2_1_5_comp7+3_A_2_1_5_comp8+3_A_2_1_5_comp9,R_3_A_2_1_5,TCDB,TCDB.3_A_2_1_5_comp3
G_3_A_2_1_5_comp4,P_3_A_2_1_5_comp1+3_A_2_1_5_comp2+3_A_2_1_5_comp3+3_A_2_1_5_comp4+3_A_2_1_5_comp5+3_A_2_1_5_comp6+3_A_2_1_5_comp7+3_A_2_1_5_comp8+3_A_2_1_5_comp9,R_3_A_2_1_5,TCDB,TCDB.3_A_2_1_5_comp4
G_3_A_2_1_5_comp5,P_3_A_2_1_5_comp1+3_A_2_1_5_comp2+3_A_2_1_5_comp3+3_A_2_1_5_comp4+3_A_2_1_5_comp5+3_A_2_1_5_comp6+3_A_2_1_5_comp7+3_A_2_1_5_comp8+3_A_2_1_5_comp9,R_3_A_2_1_5,TCDB,TCDB.3_A_2_1_5_comp5
G_3_A_2_1_5_comp6,P_3_A_2_1_5_comp1+3_A_2_1_5_comp2+3_A_2_1_5_comp3+3_A_2_1_5_comp4+3_A_2_1_5_comp5+3_A_2_1_5_comp6+3_A_2_1_5_comp7+3_A_2_1_5_comp8+3_A_2_1_5_comp9,R_3_A_2_1_5,TCDB,TCDB.3_A_2_1_5_comp6
G_3_A_2_1_5_comp7,P_3_A_2_1_5_comp1+3_A_2_1_5_comp2+3_A_2_1_5_comp3+3_A_2_1_5_comp4+3_A_2_1_5_comp5+3_A_2_1_5_comp6+3_A_2_1_5_comp7+3_A_2_1_5_comp8+3_A_2_1_5_comp9,R_3_A_2_1_5,TCDB,TCDB.3_A_2_1_5_comp7
G_3_A_2_1_5_comp8,P_3_A_2_1_5_comp1+3_A_2_1_5_comp2+3_A_2_1_5_comp3+3_A_2_1_5_comp4+3_A_2_1_5_comp5+3_A_2_1_5_comp6+3_A_2_1_5_comp7+3_A_2_1_5_comp8+3_A_2_1_5_comp9,R_3_A_2_1_5,TCDB,TCDB.3_A_2_1_5_comp8
G_3_A_2_1_5_comp9,P_3_A_2_1_5_comp1+3_A_2_1_5_comp2+3_A_2_1_5_comp3+3_A_2_1_5_comp4+3_A_2_1_5_comp5+3_A_2_1_5_comp6+3_A_2_1_5_comp7+3_A_2_1_5_comp8+3_A_2_1_5_comp9,R_3_A_2_1_5,TCDB,TCDB.3_A_2_1_5_comp9
G_9_A_14_13_41_comp1,P_9_A_14_13_41_comp1,R_9_A_14_13_41,TCDB,TCDB.9_A_14_13_41_comp1
G_9_B_231_1_1_comp1,P_9_B_231_1_1_comp1,R_9_B_231_1_1,TCDB,TCDB.9_B_231_1_1_comp1
G_1_A_1_11_10_comp1,P_1_A_1_11_10_comp1,R_1_A_1_11_10,TCDB,TCDB.1_A_1_11_10_comp1
G_2_A_1_3_53_comp1,P_2_A_1_3_53_comp1,R_2_A_1_3_53,TCDB,TCDB.2_A_1_3_53_comp1
G_8_A_156_2_1_comp1,P_8_A_156_2_1_comp1,R_8_A_156_2_1,TCDB,TCDB.8_A_156_2_1_comp1
G_8_A_33_1_3_comp1,P_8_A_33_1_3_comp1,R_8_A_33_1_3,TCDB,TCDB.8_A_33_1_3_comp1
G_2_A_3_8_4_comp1,P_2_A_3_8_4_comp1,R_2_A_3_8_4,TCDB,TCDB.2_A_3_8_4_comp1
G_8_B_14_2_3_comp1,P_8_B_14_2_3_comp1,R_8_B_14_2_3,TCDB,TCDB.8_B_14_2_3_comp1
G_3_A_1_102_1_comp1,P_3_A_1_102_1_comp1+3_A_1_102_1_comp2,R_3_A_1_102_1,TCDB,TCDB.3_A_1_102_1_comp1
G_3_A_1_102_1_comp2,P_3_A_1_102_1_comp1+3_A_1_102_1_comp2,R_3_A_1_102_1,TCDB,TCDB.3_A_1_102_1_comp2
G_4_C_2_1_3_comp1,P_4_C_2_1_3_comp1,R_4_C_2_1_3,TCDB,TCDB.4_C_2_1_3_comp1
G_2_A_53_2_1_comp1,P_2_A_53_2_1_comp1,R_2_A_53_2_1,TCDB,TCDB.2_A_53_2_1_comp1
G_9_B_334_1_3_comp1,P_9_B_334_1_3_comp1,R_9_B_334_1_3,TCDB,TCDB.9_B_334_1_3_comp1
G_2_A_40_2_1_comp1,P_2_A_40_2_1_comp1,R_2_A_40_2_1,TCDB,TCDB.2_A_40_2_1_comp1
G_2_A_72_2_1_comp1,P_2_A_72_2_1_comp1,R_2_A_72_2_1,TCDB,TCDB.2_A_72_2_1_comp1
G_2_A_16_2_1_comp1,P_2_A_16_2_1_comp1,R_2_A_16_2_1,TCDB,TCDB.2_A_16_2_1_comp1
G_8_A_34_1_4_comp1,P_8_A_34_1_4_comp1+8_A_34_1_4_comp2,R_8_A_34_1_4,TCDB,TCDB.8_A_34_1_4_comp1
G_8_A_34_1_4_comp2,P_8_A_34_1_4_comp1+8_A_34_1_4_comp2,R_8_A_34_1_4,TCDB,TCDB.8_A_34_1_4_comp2
G_8_A_77_1_9_comp1,P_8_A_77_1_9_comp1,R_8_A_77_1_9,TCDB,TCDB.8_A_77_1_9_comp1
G_1_C_19_1_4_comp1,P_1_C_19_1_4_comp1,R_1_C_19_1_4,TCDB,TCDB.1_C_19_1_4_comp1
G_1_C_17_1_2_comp1,P_1_C_17_1_2_comp1,R_1_C_17_1_2,TCDB,TCDB.1_C_17_1_2_comp1
G_2_A_87_1_2_comp1,P_2_A_87_1_2_comp1,R_2_A_87_1_2,TCDB,TCDB.2_A_87_1_2_comp1
G_9_B_217_1_1_comp1,P_9_B_217_1_1_comp1,R_9_B_217_1_1,TCDB,TCDB.9_B_217_1_1_comp1
G_4_A_1_1_21_comp1,P_4_A_1_1_21_comp1,R_4_A_1_1_21,TCDB,TCDB.4_A_1_1_21_comp1
G_2_A_10_1_3_comp1,P_2_A_10_1_3_comp1,R_2_A_10_1_3,TCDB,TCDB.2_A_10_1_3_comp1
G_2_A_18_7_2_comp1,P_2_A_18_7_2_comp1,R_2_A_18_7_2,TCDB,TCDB.2_A_18_7_2_comp1
G_3_A_33_1_1_comp1,P_3_A_33_1_1_comp1+3_A_33_1_1_comp2+3_A_33_1_1_comp3+3_A_33_1_1_comp4+3_A_33_1_1_comp5+3_A_33_1_1_comp6+3_A_33_1_1_comp7+3_A_33_1_1_comp8+3_A_33_1_1_comp9+3_A_33_1_1_comp10,R_3_A_33_1_1,TCDB,TCDB.3_A_33_1_1_comp1
G_3_A_33_1_1_comp2,P_3_A_33_1_1_comp1+3_A_33_1_1_comp2+3_A_33_1_1_comp3+3_A_33_1_1_comp4+3_A_33_1_1_comp5+3_A_33_1_1_comp6+3_A_33_1_1_comp7+3_A_33_1_1_comp8+3_A_33_1_1_comp9+3_A_33_1_1_comp10,R_3_A_33_1_1,TCDB,TCDB.3_A_33_1_1_comp2
G_3_A_33_1_1_comp3,P_3_A_33_1_1_comp1+3_A_33_1_1_comp2+3_A_33_1_1_comp3+3_A_33_1_1_comp4+3_A_33_1_1_comp5+3_A_33_1_1_comp6+3_A_33_1_1_comp7+3_A_33_1_1_comp8+3_A_33_1_1_comp9+3_A_33_1_1_comp10,R_3_A_33_1_1,TCDB,TCDB.3_A_33_1_1_comp3
G_3_A_33_1_1_comp4,P_3_A_33_1_1_comp1+3_A_33_1_1_comp2+3_A_33_1_1_comp3+3_A_33_1_1_comp4+3_A_33_1_1_comp5+3_A_33_1_1_comp6+3_A_33_1_1_comp7+3_A_33_1_1_comp8+3_A_33_1_1_comp9+3_A_33_1_1_comp10,R_3_A_33_1_1,TCDB,TCDB.3_A_33_1_1_comp4
G_3_A_33_1_1_comp5,P_3_A_33_1_1_comp1+3_A_33_1_1_comp2+3_A_33_1_1_comp3+3_A_33_1_1_comp4+3_A_33_1_1_comp5+3_A_33_1_1_comp6+3_A_33_1_1_comp7+3_A_33_1_1_comp8+3_A_33_1_1_comp9+3_A_33_1_1_comp10,R_3_A_33_1_1,TCDB,TCDB.3_A_33_1_1_comp5
G_3_A_33_1_1_comp6,P_3_A_33_1_1_comp1+3_A_33_1_1_comp2+3_A_33_1_1_comp3+3_A_33_1_1_comp4+3_A_33_1_1_comp5+3_A_33_1_1_comp6+3_A_33_1_1_comp7+3_A_33_1_1_comp8+3_A_33_1_1_comp9+3_A_33_1_1_comp10,R_3_A_33_1_1,TCDB,TCDB.3_A_33_1_1_comp6
G_3_A_33_1_1_comp7,P_3_A_33_1_1_comp1+3_A_33_1_1_comp2+3_A_33_1_1_comp3+3_A_33_1_1_comp4+3_A_33_1_1_comp5+3_A_33_1_1_comp6+3_A_33_1_1_comp7+3_A_33_1_1_comp8+3_A_33_1_1_comp9+3_A_33_1_1_comp10,R_3_A_33_1_1,TCDB,TCDB.3_A_33_1_1_comp7
G_3_A_33_1_1_comp8,P_3_A_33_1_1_comp1+3_A_33_1_1_comp2+3_A_33_1_1_comp3+3_A_33_1_1_comp4+3_A_33_1_1_comp5+3_A_33_1_1_comp6+3_A_33_1_1_comp7+3_A_33_1_1_comp8+3_A_33_1_1_comp9+3_A_33_1_1_comp10,R_3_A_33_1_1,TCDB,TCDB.3_A_33_1_1_comp8
G_3_A_33_1_1_comp9,P_3_A_33_1_1_comp1+3_A_33_1_1_comp2+3_A_33_1_1_comp3+3_A_33_1_1_comp4+3_A_33_1_1_comp5+3_A_33_1_1_comp6+3_A_33_1_1_comp7+3_A_33_1_1_comp8+3_A_33_1_1_comp9+3_A_33_1_1_comp10,R_3_A_33_1_1,TCDB,TCDB.3_A_33_1_1_comp9
G_3_A_33_1_1_comp10,P_3_A_33_1_1_comp1+3_A_33_1_1_comp2+3_A_33_1_1_comp3+3_A_33_1_1_comp4+3_A_33_1_1_comp5+3_A_33_1_1_comp6+3_A_33_1_1_comp7+3_A_33_1_1_comp8+3_A_33_1_1_comp9+3_A_33_1_1_comp10,R_3_A_33_1_1,TCDB,TCDB.3_A_33_1_1_comp10
G_1_B_10_2_1_comp1,P_1_B_10_2_1_comp1,R_1_B_10_2_1,TCDB,TCDB.1_B_10_2_1_comp1
G_1_C_33_1_1_comp1,P_1_C_33_1_1_comp1,R_1_C_33_1_1,TCDB,TCDB.1_C_33_1_1_comp1
G_3_A_1_205_12_comp1,P_3_A_1_205_12_comp1,R_3_A_1_205_12,TCDB,TCDB.3_A_1_205_12_comp1
G_2_A_17_4_1_comp1,P_2_A_17_4_1_comp1,R_2_A_17_4_1,TCDB,TCDB.2_A_17_4_1_comp1
G_1_E_7_1_1_comp1,P_1_E_7_1_1_comp1,R_1_E_7_1_1,TCDB,TCDB.1_E_7_1_1_comp1
G_1_E_3_1_1_comp1,P_1_E_3_1_1_comp1,R_1_E_3_1_1,TCDB,TCDB.1_E_3_1_1_comp1
G_1_A_1_15_6_comp1,P_1_A_1_15_6_comp1,R_1_A_1_15_6,TCDB,TCDB.1_A_1_15_6_comp1
G_2_A_49_2_12_comp1,P_2_A_49_2_12_comp1,R_2_A_49_2_12,TCDB,TCDB.2_A_49_2_12_comp1
G_2_A_49_2_3_comp1,P_2_A_49_2_3_comp1,R_2_A_49_2_3,TCDB,TCDB.2_A_49_2_3_comp1
G_2_A_49_2_8_comp1,P_2_A_49_2_8_comp1,R_2_A_49_2_8,TCDB,TCDB.2_A_49_2_8_comp1
G_2_A_49_2_16_comp1,P_2_A_49_2_16_comp1,R_2_A_49_2_16,TCDB,TCDB.2_A_49_2_16_comp1
G_2_A_49_3_3_comp1,P_2_A_49_3_3_comp1+2_A_49_3_3_comp2,R_2_A_49_3_3,TCDB,TCDB.2_A_49_3_3_comp1
G_2_A_49_3_3_comp2,P_2_A_49_3_3_comp1+2_A_49_3_3_comp2,R_2_A_49_3_3,TCDB,TCDB.2_A_49_3_3_comp2
G_2_A_49_2_15_comp1,P_2_A_49_2_15_comp1,R_2_A_49_2_15,TCDB,TCDB.2_A_49_2_15_comp1
G_2_A_49_2_5_comp1,P_2_A_49_2_5_comp1,R_2_A_49_2_5,TCDB,TCDB.2_A_49_2_5_comp1
G_9_A_14_20_1_comp1,P_9_A_14_20_1_comp1,R_9_A_14_20_1,TCDB,TCDB.9_A_14_20_1_comp1
G_2_A_112_1_1_comp1,P_2_A_112_1_1_comp1,R_2_A_112_1_1,TCDB,TCDB.2_A_112_1_1_comp1
G_2_A_22_1_9_comp1,P_2_A_22_1_9_comp1,R_2_A_22_1_9,TCDB,TCDB.2_A_22_1_9_comp1
G_2_A_23_3_2_comp1,P_2_A_23_3_2_comp1,R_2_A_23_3_2,TCDB,TCDB.2_A_23_3_2_comp1
G_2_A_6_2_6_comp1,P_2_A_6_2_6_comp1+2_A_6_2_6_comp2,R_2_A_6_2_6,TCDB,TCDB.2_A_6_2_6_comp1
G_2_A_6_2_6_comp2,P_2_A_6_2_6_comp1+2_A_6_2_6_comp2,R_2_A_6_2_6,TCDB,TCDB.2_A_6_2_6_comp2
G_5_A_3_4_2_comp1,P_5_A_3_4_2_comp1+5_A_3_4_2_comp2,R_5_A_3_4_2,TCDB,TCDB.5_A_3_4_2_comp1
G_5_A_3_4_2_comp2,P_5_A_3_4_2_comp1+5_A_3_4_2_comp2,R_5_A_3_4_2,TCDB,TCDB.5_A_3_4_2_comp2
G_9_A_4_1_1_comp1,P_9_A_4_1_1_comp1,R_9_A_4_1_1,TCDB,TCDB.9_A_4_1_1_comp1
G_2_A_1_35_1_comp1,P_2_A_1_35_1_comp1,R_2_A_1_35_1,TCDB,TCDB.2_A_1_35_1_comp1
G_9_B_72_1_1_comp1,P_9_B_72_1_1_comp1,R_9_B_72_1_1,TCDB,TCDB.9_B_72_1_1_comp1
G_2_A_7_9_2_comp1,P_2_A_7_9_2_comp1,R_2_A_7_9_2,TCDB,TCDB.2_A_7_9_2_comp1
G_1_A_8_2_3_comp1,P_1_A_8_2_3_comp1,R_1_A_8_2_3,TCDB,TCDB.1_A_8_2_3_comp1
G_9_A_60_1_1_comp1,P_9_A_60_1_1_comp1+9_A_60_1_1_comp2+9_A_60_1_1_comp3+9_A_60_1_1_comp4,R_9_A_60_1_1,TCDB,TCDB.9_A_60_1_1_comp1
G_9_A_60_1_1_comp2,P_9_A_60_1_1_comp1+9_A_60_1_1_comp2+9_A_60_1_1_comp3+9_A_60_1_1_comp4,R_9_A_60_1_1,TCDB,TCDB.9_A_60_1_1_comp2
G_9_A_60_1_1_comp3,P_9_A_60_1_1_comp1+9_A_60_1_1_comp2+9_A_60_1_1_comp3+9_A_60_1_1_comp4,R_9_A_60_1_1,TCDB,TCDB.9_A_60_1_1_comp3
G_9_A_60_1_1_comp4,P_9_A_60_1_1_comp1+9_A_60_1_1_comp2+9_A_60_1_1_comp3+9_A_60_1_1_comp4,R_9_A_60_1_1,TCDB,TCDB.9_A_60_1_1_comp4
G_2_A_3_3_8_comp1,P_2_A_3_3_8_comp1,R_2_A_3_3_8,TCDB,TCDB.2_A_3_3_8_comp1
G_8_A_153_1_1_comp1,P_8_A_153_1_1_comp1,R_8_A_153_1_1,TCDB,TCDB.8_A_153_1_1_comp1
G_9_B_121_4_1_comp1,P_9_B_121_4_1_comp1,R_9_B_121_4_1,TCDB,TCDB.9_B_121_4_1_comp1
G_1_F_3_1_4_comp1,P_1_F_3_1_4_comp1,R_1_F_3_1_4,TCDB,TCDB.1_F_3_1_4_comp1
G_2_A_106_2_1_comp1,P_2_A_106_2_1_comp1,R_2_A_106_2_1,TCDB,TCDB.2_A_106_2_1_comp1
G_2_A_106_1_1_comp1,P_2_A_106_1_1_comp1,R_2_A_106_1_1,TCDB,TCDB.2_A_106_1_1_comp1
G_2_A_29_7_2_comp1,P_2_A_29_7_2_comp1,R_2_A_29_7_2,TCDB,TCDB.2_A_29_7_2_comp1
G_9_B_135_1_1_comp1,P_9_B_135_1_1_comp1,R_9_B_135_1_1,TCDB,TCDB.9_B_135_1_1_comp1
G_9_A_26_1_1_comp1,P_9_A_26_1_1_comp1,R_9_A_26_1_1,TCDB,TCDB.9_A_26_1_1_comp1
G_2_A_1_1_11_comp1,P_2_A_1_1_11_comp1,R_2_A_1_1_11,TCDB,TCDB.2_A_1_1_11_comp1
G_3_A_1_208_3_comp1,P_3_A_1_208_3_comp1,R_3_A_1_208_3,TCDB,TCDB.3_A_1_208_3_comp1
G_9_B_135_1_6_comp1,P_9_B_135_1_6_comp1,R_9_B_135_1_6,TCDB,TCDB.9_B_135_1_6_comp1
G_2_A_39_2_2_comp1,P_2_A_39_2_2_comp1,R_2_A_39_2_2,TCDB,TCDB.2_A_39_2_2_comp1
G_9_B_135_2_9_comp1,P_9_B_135_2_9_comp1,R_9_B_135_2_9,TCDB,TCDB.9_B_135_2_9_comp1
G_2_A_67_2_7_comp1,P_2_A_67_2_7_comp1,R_2_A_67_2_7,TCDB,TCDB.2_A_67_2_7_comp1
G_2_A_1_1_93_comp1,P_2_A_1_1_93_comp1,R_2_A_1_1_93,TCDB,TCDB.2_A_1_1_93_comp1
G_2_A_50_1_1_comp1,P_2_A_50_1_1_comp1,R_2_A_50_1_1,TCDB,TCDB.2_A_50_1_1_comp1
G_8_A_61_1_1_comp1,P_8_A_61_1_1_comp1,R_8_A_61_1_1,TCDB,TCDB.8_A_61_1_1_comp1
G_2_A_9_4_1_comp1,P_2_A_9_4_1_comp1,R_2_A_9_4_1,TCDB,TCDB.2_A_9_4_1_comp1
G_2_A_1_14_12_comp1,P_2_A_1_14_12_comp1,R_2_A_1_14_12,TCDB,TCDB.2_A_1_14_12_comp1
G_8_A_148_1_1_comp1,P_8_A_148_1_1_comp1+8_A_148_1_1_comp2+8_A_148_1_1_comp3+8_A_148_1_1_comp4+8_A_148_1_1_comp5+8_A_148_1_1_comp6,R_8_A_148_1_1,TCDB,TCDB.8_A_148_1_1_comp1
G_8_A_148_1_1_comp2,P_8_A_148_1_1_comp1+8_A_148_1_1_comp2+8_A_148_1_1_comp3+8_A_148_1_1_comp4+8_A_148_1_1_comp5+8_A_148_1_1_comp6,R_8_A_148_1_1,TCDB,TCDB.8_A_148_1_1_comp2
G_8_A_148_1_1_comp3,P_8_A_148_1_1_comp1+8_A_148_1_1_comp2+8_A_148_1_1_comp3+8_A_148_1_1_comp4+8_A_148_1_1_comp5+8_A_148_1_1_comp6,R_8_A_148_1_1,TCDB,TCDB.8_A_148_1_1_comp3
G_8_A_148_1_1_comp4,P_8_A_148_1_1_comp1+8_A_148_1_1_comp2+8_A_148_1_1_comp3+8_A_148_1_1_comp4+8_A_148_1_1_comp5+8_A_148_1_1_comp6,R_8_A_148_1_1,TCDB,TCDB.8_A_148_1_1_comp4
G_8_A_148_1_1_comp5,P_8_A_148_1_1_comp1+8_A_148_1_1_comp2+8_A_148_1_1_comp3+8_A_148_1_1_comp4+8_A_148_1_1_comp5+8_A_148_1_1_comp6,R_8_A_148_1_1,TCDB,TCDB.8_A_148_1_1_comp5
G_8_A_148_1_1_comp6,P_8_A_148_1_1_comp1+8_A_148_1_1_comp2+8_A_148_1_1_comp3+8_A_148_1_1_comp4+8_A_148_1_1_comp5+8_A_148_1_1_comp6,R_8_A_148_1_1,TCDB,TCDB.8_A_148_1_1_comp6
G_2_A_29_28_1_comp1,P_2_A_29_28_1_comp1,R_2_A_29_28_1,TCDB,TCDB.2_A_29_28_1_comp1
G_2_A_53_3_10_comp1,P_2_A_53_3_10_comp1,R_2_A_53_3_10,TCDB,TCDB.2_A_53_3_10_comp1
G_9_A_27_1_2_comp1,P_9_A_27_1_2_comp1,R_9_A_27_1_2,TCDB,TCDB.9_A_27_1_2_comp1
G_2_A_1_2_67_comp1,P_2_A_1_2_67_comp1,R_2_A_1_2_67,TCDB,TCDB.2_A_1_2_67_comp1
G_2_A_1_14_11_comp1,P_2_A_1_14_11_comp1,R_2_A_1_14_11,TCDB,TCDB.2_A_1_14_11_comp1
G_9_B_214_1_1_comp1,P_9_B_214_1_1_comp1,R_9_B_214_1_1,TCDB,TCDB.9_B_214_1_1_comp1
G_8_A_104_1_15_comp1,P_8_A_104_1_15_comp1,R_8_A_104_1_15,TCDB,TCDB.8_A_104_1_15_comp1
G_2_A_3_10_13_comp1,P_2_A_3_10_13_comp1,R_2_A_3_10_13,TCDB,TCDB.2_A_3_10_13_comp1
G_2_A_1_2_33_comp1,P_2_A_1_2_33_comp1,R_2_A_1_2_33,TCDB,TCDB.2_A_1_2_33_comp1
G_2_A_53_1_3_comp1,P_2_A_53_1_3_comp1,R_2_A_53_1_3,TCDB,TCDB.2_A_53_1_3_comp1
G_2_A_53_1_4_comp1,P_2_A_53_1_4_comp1,R_2_A_53_1_4,TCDB,TCDB.2_A_53_1_4_comp1
G_2_A_53_1_11_comp1,P_2_A_53_1_11_comp1,R_2_A_53_1_11,TCDB,TCDB.2_A_53_1_11_comp1
G_1_A_77_3_23_comp1,P_1_A_77_3_23_comp1,R_1_A_77_3_23,TCDB,TCDB.1_A_77_3_23_comp1
G_1_B_11_3_4_comp1,P_1_B_11_3_4_comp1,R_1_B_11_3_4,TCDB,TCDB.1_B_11_3_4_comp1
G_9_B_57_1_2_comp1,P_9_B_57_1_2_comp1,R_9_B_57_1_2,TCDB,TCDB.9_B_57_1_2_comp1
G_9_A_49_1_12_comp1,P_9_A_49_1_12_comp1,R_9_A_49_1_12,TCDB,TCDB.9_A_49_1_12_comp1
G_8_A_112_2_1_comp1,P_8_A_112_2_1_comp1,R_8_A_112_2_1,TCDB,TCDB.8_A_112_2_1_comp1
G_2_A_4_4_1_comp1,P_2_A_4_4_1_comp1+2_A_4_4_1_comp2,R_2_A_4_4_1,TCDB,TCDB.2_A_4_4_1_comp1
G_2_A_4_4_1_comp2,P_2_A_4_4_1_comp1+2_A_4_4_1_comp2,R_2_A_4_4_1,TCDB,TCDB.2_A_4_4_1_comp2
G_8_A_27_1_7_comp1,P_8_A_27_1_7_comp1,R_8_A_27_1_7,TCDB,TCDB.8_A_27_1_7_comp1
G_2_A_3_4_4_comp1,P_2_A_3_4_4_comp1,R_2_A_3_4_4,TCDB,TCDB.2_A_3_4_4_comp1
G_3_A_1_205_31_comp1,P_3_A_1_205_31_comp1,R_3_A_1_205_31,TCDB,TCDB.3_A_1_205_31_comp1
G_2_A_21_3_14_comp1,P_2_A_21_3_14_comp1,R_2_A_21_3_14,TCDB,TCDB.2_A_21_3_14_comp1
G_9_B_63_1_1_comp1,P_9_B_63_1_1_comp1,R_9_B_63_1_1,TCDB,TCDB.9_B_63_1_1_comp1
G_2_A_31_3_2_comp1,P_2_A_31_3_2_comp1,R_2_A_31_3_2,TCDB,TCDB.2_A_31_3_2_comp1
G_2_A_1_2_36_comp1,P_2_A_1_2_36_comp1,R_2_A_1_2_36,TCDB,TCDB.2_A_1_2_36_comp1
G_2_A_1_13_1_comp1,P_2_A_1_13_1_comp1,R_2_A_1_13_1,TCDB,TCDB.2_A_1_13_1_comp1
G_1_H_1_7_1_comp1,P_1_H_1_7_1_comp1,R_1_H_1_7_1,TCDB,TCDB.1_H_1_7_1_comp1
G_2_A_69_2_6_comp1,P_2_A_69_2_6_comp1,R_2_A_69_2_6,TCDB,TCDB.2_A_69_2_6_comp1
G_2_A_26_1_3_comp1,P_2_A_26_1_3_comp1,R_2_A_26_1_3,TCDB,TCDB.2_A_26_1_3_comp1
G_1_A_47_1_1_comp1,P_1_A_47_1_1_comp1,R_1_A_47_1_1,TCDB,TCDB.1_A_47_1_1_comp1
G_1_A_11_2_1_comp1,P_1_A_11_2_1_comp1,R_1_A_11_2_1,TCDB,TCDB.1_A_11_2_1_comp1
G_1_A_11_1_2_comp1,P_1_A_11_1_2_comp1,R_1_A_11_1_2,TCDB,TCDB.1_A_11_1_2_comp1
G_2_A_88_8_2_comp1,P_2_A_88_8_2_comp1,R_2_A_88_8_2,TCDB,TCDB.2_A_88_8_2_comp1
G_1_C_113_1_1_comp1,P_1_C_113_1_1_comp1,R_1_C_113_1_1,TCDB,TCDB.1_C_113_1_1_comp1
G_2_A_1_2_12_comp1,P_2_A_1_2_12_comp1,R_2_A_1_2_12,TCDB,TCDB.2_A_1_2_12_comp1
G_1_C_33_1_11_comp1,P_1_C_33_1_11_comp1,R_1_C_33_1_11,TCDB,TCDB.1_C_33_1_11_comp1
G_1_A_9_1_14_comp1,P_1_A_9_1_14_comp1,R_1_A_9_1_14,TCDB,TCDB.1_A_9_1_14_comp1
G_1_A_9_1_5_comp1,P_1_A_9_1_5_comp1,R_1_A_9_1_5,TCDB,TCDB.1_A_9_1_5_comp1
G_1_A_13_1_1_comp1,P_1_A_13_1_1_comp1,R_1_A_13_1_1,TCDB,TCDB.1_A_13_1_1_comp1
G_1_A_1_11_8_comp1,P_1_A_1_11_8_comp1,R_1_A_1_11_8,TCDB,TCDB.1_A_1_11_8_comp1
G_8_A_22_1_3_comp1,P_8_A_22_1_3_comp1,R_8_A_22_1_3,TCDB,TCDB.8_A_22_1_3_comp1
G_8_A_18_1_1_comp1,P_8_A_18_1_1_comp1,R_8_A_18_1_1,TCDB,TCDB.8_A_18_1_1_comp1
G_1_W_7_1_1_comp1,P_1_W_7_1_1_comp1,R_1_W_7_1_1,TCDB,TCDB.1_W_7_1_1_comp1
G_2_A_15_1_1_comp1,P_2_A_15_1_1_comp1,R_2_A_15_1_1,TCDB,TCDB.2_A_15_1_1_comp1
G_1_A_112_2_2_comp1,P_1_A_112_2_2_comp1,R_1_A_112_2_2,TCDB,TCDB.1_A_112_2_2_comp1
G_2_A_58_2_5_comp1,P_2_A_58_2_5_comp1,R_2_A_58_2_5,TCDB,TCDB.2_A_58_2_5_comp1
G_2_A_1_33_1_comp1,P_2_A_1_33_1_comp1,R_2_A_1_33_1,TCDB,TCDB.2_A_1_33_1_comp1
G_3_A_1_3_15_comp1,P_3_A_1_3_15_comp1+3_A_1_3_15_comp2+3_A_1_3_15_comp3,R_3_A_1_3_15,TCDB,TCDB.3_A_1_3_15_comp1
G_3_A_1_3_15_comp2,P_3_A_1_3_15_comp1+3_A_1_3_15_comp2+3_A_1_3_15_comp3,R_3_A_1_3_15,TCDB,TCDB.3_A_1_3_15_comp2
G_3_A_1_3_15_comp3,P_3_A_1_3_15_comp1+3_A_1_3_15_comp2+3_A_1_3_15_comp3,R_3_A_1_3_15,TCDB,TCDB.3_A_1_3_15_comp3
G_2_A_85_4_4_comp1,P_2_A_85_4_4_comp1,R_2_A_85_4_4,TCDB,TCDB.2_A_85_4_4_comp1
G_2_A_9_3_3_comp1,P_2_A_9_3_3_comp1,R_2_A_9_3_3,TCDB,TCDB.2_A_9_3_3_comp1
G_2_A_35_1_2_comp1,P_2_A_35_1_2_comp1,R_2_A_35_1_2,TCDB,TCDB.2_A_35_1_2_comp1
G_2_A_15_1_10_comp1,P_2_A_15_1_10_comp1,R_2_A_15_1_10,TCDB,TCDB.2_A_15_1_10_comp1
G_2_A_23_1_4_comp1,P_2_A_23_1_4_comp1,R_2_A_23_1_4,TCDB,TCDB.2_A_23_1_4_comp1
G_8_A_104_1_1_comp1,P_8_A_104_1_1_comp1,R_8_A_104_1_1,TCDB,TCDB.8_A_104_1_1_comp1
G_1_C_59_4_1_comp1,P_1_C_59_4_1_comp1,R_1_C_59_4_1,TCDB,TCDB.1_C_59_4_1_comp1
G_3_A_3_2_17_comp1,P_3_A_3_2_17_comp1,R_3_A_3_2_17,TCDB,TCDB.3_A_3_2_17_comp1
G_1_C_117_1_1_comp1,P_1_C_117_1_1_comp1,R_1_C_117_1_1,TCDB,TCDB.1_C_117_1_1_comp1
G_3_A_3_1_13_comp1,P_3_A_3_1_13_comp1,R_3_A_3_1_13,TCDB,TCDB.3_A_3_1_13_comp1
G_3_A_3_1_4_comp1,P_3_A_3_1_4_comp1,R_3_A_3_1_4,TCDB,TCDB.3_A_3_1_4_comp1
G_1_A_27_2_1_comp1,P_1_A_27_2_1_comp1,R_1_A_27_2_1,TCDB,TCDB.1_A_27_2_1_comp1
G_4_A_1_1_8_comp1,P_4_A_1_1_8_comp1,R_4_A_1_1_8,TCDB,TCDB.4_A_1_1_8_comp1
G_4_A_2_1_3_comp1,P_4_A_2_1_3_comp1,R_4_A_2_1_3,TCDB,TCDB.4_A_2_1_3_comp1
G_8_A_23_1_15_comp1,P_8_A_23_1_15_comp1,R_8_A_23_1_15,TCDB,TCDB.8_A_23_1_15_comp1
G_3_A_29_1_2_comp1,P_3_A_29_1_2_comp1+3_A_29_1_2_comp2,R_3_A_29_1_2,TCDB,TCDB.3_A_29_1_2_comp1
G_3_A_29_1_2_comp2,P_3_A_29_1_2_comp1+3_A_29_1_2_comp2,R_3_A_29_1_2,TCDB,TCDB.3_A_29_1_2_comp2
G_8_A_16_3_1_comp1,P_8_A_16_3_1_comp1,R_8_A_16_3_1,TCDB,TCDB.8_A_16_3_1_comp1
G_2_A_1_1_107_comp1,P_2_A_1_1_107_comp1,R_2_A_1_1_107,TCDB,TCDB.2_A_1_1_107_comp1
G_2_A_1_1_105_comp1,P_2_A_1_1_105_comp1,R_2_A_1_1_105,TCDB,TCDB.2_A_1_1_105_comp1
G_9_B_454_1_1_comp1,P_9_B_454_1_1_comp1,R_9_B_454_1_1,TCDB,TCDB.9_B_454_1_1_comp1
G_8_A_31_1_3_comp1,P_8_A_31_1_3_comp1,R_8_A_31_1_3,TCDB,TCDB.8_A_31_1_3_comp1
G_2_A_30_1_4_comp1,P_2_A_30_1_4_comp1,R_2_A_30_1_4,TCDB,TCDB.2_A_30_1_4_comp1
G_2_A_30_1_5_comp1,P_2_A_30_1_5_comp1,R_2_A_30_1_5,TCDB,TCDB.2_A_30_1_5_comp1
G_2_A_30_1_1_comp1,P_2_A_30_1_1_comp1,R_2_A_30_1_1,TCDB,TCDB.2_A_30_1_1_comp1
G_2_A_30_1_12_comp1,P_2_A_30_1_12_comp1,R_2_A_30_1_12,TCDB,TCDB.2_A_30_1_12_comp1
G_2_A_30_1_11_comp1,P_2_A_30_1_11_comp1,R_2_A_30_1_11,TCDB,TCDB.2_A_30_1_11_comp1
G_1_C_40_1_4_comp1,P_1_C_40_1_4_comp1,R_1_C_40_1_4,TCDB,TCDB.1_C_40_1_4_comp1
G_1_A_14_1_1_comp1,P_1_A_14_1_1_comp1,R_1_A_14_1_1,TCDB,TCDB.1_A_14_1_1_comp1
G_1_A_8_8_9_comp1,P_1_A_8_8_9_comp1,R_1_A_8_8_9,TCDB,TCDB.1_A_8_8_9_comp1
G_2_A_11_1_1_comp1,P_2_A_11_1_1_comp1,R_2_A_11_1_1,TCDB,TCDB.2_A_11_1_1_comp1
G_3_A_16_1_1_comp1,P_3_A_16_1_1_comp1+3_A_16_1_1_comp2+3_A_16_1_1_comp3+3_A_16_1_1_comp4+3_A_16_1_1_comp5+3_A_16_1_1_comp6,R_3_A_16_1_1,TCDB,TCDB.3_A_16_1_1_comp1
G_3_A_16_1_1_comp2,P_3_A_16_1_1_comp1+3_A_16_1_1_comp2+3_A_16_1_1_comp3+3_A_16_1_1_comp4+3_A_16_1_1_comp5+3_A_16_1_1_comp6,R_3_A_16_1_1,TCDB,TCDB.3_A_16_1_1_comp2
G_3_A_16_1_1_comp3,P_3_A_16_1_1_comp1+3_A_16_1_1_comp2+3_A_16_1_1_comp3+3_A_16_1_1_comp4+3_A_16_1_1_comp5+3_A_16_1_1_comp6,R_3_A_16_1_1,TCDB,TCDB.3_A_16_1_1_comp3
G_3_A_16_1_1_comp4,P_3_A_16_1_1_comp1+3_A_16_1_1_comp2+3_A_16_1_1_comp3+3_A_16_1_1_comp4+3_A_16_1_1_comp5+3_A_16_1_1_comp6,R_3_A_16_1_1,TCDB,TCDB.3_A_16_1_1_comp4
G_3_A_16_1_1_comp5,P_3_A_16_1_1_comp1+3_A_16_1_1_comp2+3_A_16_1_1_comp3+3_A_16_1_1_comp4+3_A_16_1_1_comp5+3_A_16_1_1_comp6,R_3_A_16_1_1,TCDB,TCDB.3_A_16_1_1_comp5
G_3_A_16_1_1_comp6,P_3_A_16_1_1_comp1+3_A_16_1_1_comp2+3_A_16_1_1_comp3+3_A_16_1_1_comp4+3_A_16_1_1_comp5+3_A_16_1_1_comp6,R_3_A_16_1_1,TCDB,TCDB.3_A_16_1_1_comp6
G_9_A_14_13_12_comp1,P_9_A_14_13_12_comp1,R_9_A_14_13_12,TCDB,TCDB.9_A_14_13_12_comp1
G_1_A_8_8_5_comp1,P_1_A_8_8_5_comp1,R_1_A_8_8_5,TCDB,TCDB.1_A_8_8_5_comp1
G_1_C_11_1_1_comp1,P_1_C_11_1_1_comp1,R_1_C_11_1_1,TCDB,TCDB.1_C_11_1_1_comp1
G_3_A_1_143_1_comp1,P_3_A_1_143_1_comp1+3_A_1_143_1_comp2+3_A_1_143_1_comp3,R_3_A_1_143_1,TCDB,TCDB.3_A_1_143_1_comp1
G_3_A_1_143_1_comp2,P_3_A_1_143_1_comp1+3_A_1_143_1_comp2+3_A_1_143_1_comp3,R_3_A_1_143_1,TCDB,TCDB.3_A_1_143_1_comp2
G_3_A_1_143_1_comp3,P_3_A_1_143_1_comp1+3_A_1_143_1_comp2+3_A_1_143_1_comp3,R_3_A_1_143_1,TCDB,TCDB.3_A_1_143_1_comp3
G_1_B_22_6_1_comp1,P_1_B_22_6_1_comp1,R_1_B_22_6_1,TCDB,TCDB.1_B_22_6_1_comp1
G_8_B_30_1_2_comp1,P_8_B_30_1_2_comp1,R_8_B_30_1_2,TCDB,TCDB.8_B_30_1_2_comp1
G_8_B_30_1_3_comp1,P_8_B_30_1_3_comp1,R_8_B_30_1_3,TCDB,TCDB.8_B_30_1_3_comp1
G_2_A_29_3_4_comp1,P_2_A_29_3_4_comp1,R_2_A_29_3_4,TCDB,TCDB.2_A_29_3_4_comp1
G_1_C_14_1_2_comp1,P_1_C_14_1_2_comp1,R_1_C_14_1_2,TCDB,TCDB.1_C_14_1_2_comp1
G_1_A_30_1_7_comp1,P_1_A_30_1_7_comp1+1_A_30_1_7_comp2,R_1_A_30_1_7,TCDB,TCDB.1_A_30_1_7_comp1
G_1_A_30_1_7_comp2,P_1_A_30_1_7_comp1+1_A_30_1_7_comp2,R_1_A_30_1_7,TCDB,TCDB.1_A_30_1_7_comp2
G_9_A_75_1_4_comp1,P_9_A_75_1_4_comp1,R_9_A_75_1_4,TCDB,TCDB.9_A_75_1_4_comp1
G_2_A_29_3_5_comp1,P_2_A_29_3_5_comp1,R_2_A_29_3_5,TCDB,TCDB.2_A_29_3_5_comp1
G_1_A_1_5_1_comp1,P_1_A_1_5_1_comp1,R_1_A_1_5_1,TCDB,TCDB.1_A_1_5_1_comp1
G_8_B_32_1_10_comp1,P_8_B_32_1_10_comp1,R_8_B_32_1_10,TCDB,TCDB.8_B_32_1_10_comp1
G_1_C_9_1_1_comp1,P_1_C_9_1_1_comp1,R_1_C_9_1_1,TCDB,TCDB.1_C_9_1_1_comp1
G_8_A_54_1_1_comp1,P_8_A_54_1_1_comp1,R_8_A_54_1_1,TCDB,TCDB.8_A_54_1_1_comp1
G_1_A_118_1_1_comp1,P_1_A_118_1_1_comp1,R_1_A_118_1_1,TCDB,TCDB.1_A_118_1_1_comp1
G_1_A_7_1_6_comp1,P_1_A_7_1_6_comp1,R_1_A_7_1_6,TCDB,TCDB.1_A_7_1_6_comp1
G_9_B_12_3_3_comp1,P_9_B_12_3_3_comp1,R_9_B_12_3_3,TCDB,TCDB.9_B_12_3_3_comp1
G_1_A_27_1_1_comp1,P_1_A_27_1_1_comp1,R_1_A_27_1_1,TCDB,TCDB.1_A_27_1_1_comp1
G_8_A_26_1_7_comp1,P_8_A_26_1_7_comp1,R_8_A_26_1_7,TCDB,TCDB.8_A_26_1_7_comp1
G_1_C_45_4_2_comp1,P_1_C_45_4_2_comp1,R_1_C_45_4_2,TCDB,TCDB.1_C_45_4_2_comp1
G_9_B_199_1_2_comp1,P_9_B_199_1_2_comp1,R_9_B_199_1_2,TCDB,TCDB.9_B_199_1_2_comp1
G_1_A_8_9_2_comp1,P_1_A_8_9_2_comp1,R_1_A_8_9_2,TCDB,TCDB.1_A_8_9_2_comp1
G_8_B_32_1_1_comp1,P_8_B_32_1_1_comp1,R_8_B_32_1_1,TCDB,TCDB.8_B_32_1_1_comp1
G_8_B_3_1_1_comp1,P_8_B_3_1_1_comp1,R_8_B_3_1_1,TCDB,TCDB.8_B_3_1_1_comp1
G_8_B_1_1_8_comp1,P_8_B_1_1_8_comp1,R_8_B_1_1_8,TCDB,TCDB.8_B_1_1_8_comp1
G_1_A_1_15_4_comp1,P_1_A_1_15_4_comp1,R_1_A_1_15_4,TCDB,TCDB.1_A_1_15_4_comp1
G_8_B_16_2_1_comp1,P_8_B_16_2_1_comp1,R_8_B_16_2_1,TCDB,TCDB.8_B_16_2_1_comp1
G_9_B_449_1_1_comp1,P_9_B_449_1_1_comp1,R_9_B_449_1_1,TCDB,TCDB.9_B_449_1_1_comp1
G_1_H_1_1_9_comp1,P_1_H_1_1_9_comp1,R_1_H_1_1_9,TCDB,TCDB.1_H_1_1_9_comp1
G_1_H_1_1_7_comp1,P_1_H_1_1_7_comp1,R_1_H_1_1_7,TCDB,TCDB.1_H_1_1_7_comp1
G_1_H_1_1_13_comp1,P_1_H_1_1_13_comp1,R_1_H_1_1_13,TCDB,TCDB.1_H_1_1_13_comp1
G_5_B_4_1_1_comp1,P_5_B_4_1_1_comp1+5_B_4_1_1_comp2+5_B_4_1_1_comp3+5_B_4_1_1_comp4+5_B_4_1_1_comp5+5_B_4_1_1_comp6+5_B_4_1_1_comp7+5_B_4_1_1_comp8+5_B_4_1_1_comp9+5_B_4_1_1_comp10+5_B_4_1_1_comp11+5_B_4_1_1_comp12+5_B_4_1_1_comp13+5_B_4_1_1_comp14+5_B_4_1_1_comp15,R_5_B_4_1_1,TCDB,TCDB.5_B_4_1_1_comp1
G_5_B_4_1_1_comp2,P_5_B_4_1_1_comp1+5_B_4_1_1_comp2+5_B_4_1_1_comp3+5_B_4_1_1_comp4+5_B_4_1_1_comp5+5_B_4_1_1_comp6+5_B_4_1_1_comp7+5_B_4_1_1_comp8+5_B_4_1_1_comp9+5_B_4_1_1_comp10+5_B_4_1_1_comp11+5_B_4_1_1_comp12+5_B_4_1_1_comp13+5_B_4_1_1_comp14+5_B_4_1_1_comp15,R_5_B_4_1_1,TCDB,TCDB.5_B_4_1_1_comp2
G_5_B_4_1_1_comp3,P_5_B_4_1_1_comp1+5_B_4_1_1_comp2+5_B_4_1_1_comp3+5_B_4_1_1_comp4+5_B_4_1_1_comp5+5_B_4_1_1_comp6+5_B_4_1_1_comp7+5_B_4_1_1_comp8+5_B_4_1_1_comp9+5_B_4_1_1_comp10+5_B_4_1_1_comp11+5_B_4_1_1_comp12+5_B_4_1_1_comp13+5_B_4_1_1_comp14+5_B_4_1_1_comp15,R_5_B_4_1_1,TCDB,TCDB.5_B_4_1_1_comp3
G_5_B_4_1_1_comp4,P_5_B_4_1_1_comp1+5_B_4_1_1_comp2+5_B_4_1_1_comp3+5_B_4_1_1_comp4+5_B_4_1_1_comp5+5_B_4_1_1_comp6+5_B_4_1_1_comp7+5_B_4_1_1_comp8+5_B_4_1_1_comp9+5_B_4_1_1_comp10+5_B_4_1_1_comp11+5_B_4_1_1_comp12+5_B_4_1_1_comp13+5_B_4_1_1_comp14+5_B_4_1_1_comp15,R_5_B_4_1_1,TCDB,TCDB.5_B_4_1_1_comp4
G_5_B_4_1_1_comp5,P_5_B_4_1_1_comp1+5_B_4_1_1_comp2+5_B_4_1_1_comp3+5_B_4_1_1_comp4+5_B_4_1_1_comp5+5_B_4_1_1_comp6+5_B_4_1_1_comp7+5_B_4_1_1_comp8+5_B_4_1_1_comp9+5_B_4_1_1_comp10+5_B_4_1_1_comp11+5_B_4_1_1_comp12+5_B_4_1_1_comp13+5_B_4_1_1_comp14+5_B_4_1_1_comp15,R_5_B_4_1_1,TCDB,TCDB.5_B_4_1_1_comp5
G_5_B_4_1_1_comp6,P_5_B_4_1_1_comp1+5_B_4_1_1_comp2+5_B_4_1_1_comp3+5_B_4_1_1_comp4+5_B_4_1_1_comp5+5_B_4_1_1_comp6+5_B_4_1_1_comp7+5_B_4_1_1_comp8+5_B_4_1_1_comp9+5_B_4_1_1_comp10+5_B_4_1_1_comp11+5_B_4_1_1_comp12+5_B_4_1_1_comp13+5_B_4_1_1_comp14+5_B_4_1_1_comp15,R_5_B_4_1_1,TCDB,TCDB.5_B_4_1_1_comp6
G_5_B_4_1_1_comp7,P_5_B_4_1_1_comp1+5_B_4_1_1_comp2+5_B_4_1_1_comp3+5_B_4_1_1_comp4+5_B_4_1_1_comp5+5_B_4_1_1_comp6+5_B_4_1_1_comp7+5_B_4_1_1_comp8+5_B_4_1_1_comp9+5_B_4_1_1_comp10+5_B_4_1_1_comp11+5_B_4_1_1_comp12+5_B_4_1_1_comp13+5_B_4_1_1_comp14+5_B_4_1_1_comp15,R_5_B_4_1_1,TCDB,TCDB.5_B_4_1_1_comp7
G_5_B_4_1_1_comp8,P_5_B_4_1_1_comp1+5_B_4_1_1_comp2+5_B_4_1_1_comp3+5_B_4_1_1_comp4+5_B_4_1_1_comp5+5_B_4_1_1_comp6+5_B_4_1_1_comp7+5_B_4_1_1_comp8+5_B_4_1_1_comp9+5_B_4_1_1_comp10+5_B_4_1_1_comp11+5_B_4_1_1_comp12+5_B_4_1_1_comp13+5_B_4_1_1_comp14+5_B_4_1_1_comp15,R_5_B_4_1_1,TCDB,TCDB.5_B_4_1_1_comp8
G_5_B_4_1_1_comp9,P_5_B_4_1_1_comp1+5_B_4_1_1_comp2+5_B_4_1_1_comp3+5_B_4_1_1_comp4+5_B_4_1_1_comp5+5_B_4_1_1_comp6+5_B_4_1_1_comp7+5_B_4_1_1_comp8+5_B_4_1_1_comp9+5_B_4_1_1_comp10+5_B_4_1_1_comp11+5_B_4_1_1_comp12+5_B_4_1_1_comp13+5_B_4_1_1_comp14+5_B_4_1_1_comp15,R_5_B_4_1_1,TCDB,TCDB.5_B_4_1_1_comp9
G_5_B_4_1_1_comp10,P_5_B_4_1_1_comp1+5_B_4_1_1_comp2+5_B_4_1_1_comp3+5_B_4_1_1_comp4+5_B_4_1_1_comp5+5_B_4_1_1_comp6+5_B_4_1_1_comp7+5_B_4_1_1_comp8+5_B_4_1_1_comp9+5_B_4_1_1_comp10+5_B_4_1_1_comp11+5_B_4_1_1_comp12+5_B_4_1_1_comp13+5_B_4_1_1_comp14+5_B_4_1_1_comp15,R_5_B_4_1_1,TCDB,TCDB.5_B_4_1_1_comp10
G_5_B_4_1_1_comp11,P_5_B_4_1_1_comp1+5_B_4_1_1_comp2+5_B_4_1_1_comp3+5_B_4_1_1_comp4+5_B_4_1_1_comp5+5_B_4_1_1_comp6+5_B_4_1_1_comp7+5_B_4_1_1_comp8+5_B_4_1_1_comp9+5_B_4_1_1_comp10+5_B_4_1_1_comp11+5_B_4_1_1_comp12+5_B_4_1_1_comp13+5_B_4_1_1_comp14+5_B_4_1_1_comp15,R_5_B_4_1_1,TCDB,TCDB.5_B_4_1_1_comp11
G_5_B_4_1_1_comp12,P_5_B_4_1_1_comp1+5_B_4_1_1_comp2+5_B_4_1_1_comp3+5_B_4_1_1_comp4+5_B_4_1_1_comp5+5_B_4_1_1_comp6+5_B_4_1_1_comp7+5_B_4_1_1_comp8+5_B_4_1_1_comp9+5_B_4_1_1_comp10+5_B_4_1_1_comp11+5_B_4_1_1_comp12+5_B_4_1_1_comp13+5_B_4_1_1_comp14+5_B_4_1_1_comp15,R_5_B_4_1_1,TCDB,TCDB.5_B_4_1_1_comp12
G_5_B_4_1_1_comp13,P_5_B_4_1_1_comp1+5_B_4_1_1_comp2+5_B_4_1_1_comp3+5_B_4_1_1_comp4+5_B_4_1_1_comp5+5_B_4_1_1_comp6+5_B_4_1_1_comp7+5_B_4_1_1_comp8+5_B_4_1_1_comp9+5_B_4_1_1_comp10+5_B_4_1_1_comp11+5_B_4_1_1_comp12+5_B_4_1_1_comp13+5_B_4_1_1_comp14+5_B_4_1_1_comp15,R_5_B_4_1_1,TCDB,TCDB.5_B_4_1_1_comp13
G_5_B_4_1_1_comp14,P_5_B_4_1_1_comp1+5_B_4_1_1_comp2+5_B_4_1_1_comp3+5_B_4_1_1_comp4+5_B_4_1_1_comp5+5_B_4_1_1_comp6+5_B_4_1_1_comp7+5_B_4_1_1_comp8+5_B_4_1_1_comp9+5_B_4_1_1_comp10+5_B_4_1_1_comp11+5_B_4_1_1_comp12+5_B_4_1_1_comp13+5_B_4_1_1_comp14+5_B_4_1_1_comp15,R_5_B_4_1_1,TCDB,TCDB.5_B_4_1_1_comp14
G_5_B_4_1_1_comp15,P_5_B_4_1_1_comp1+5_B_4_1_1_comp2+5_B_4_1_1_comp3+5_B_4_1_1_comp4+5_B_4_1_1_comp5+5_B_4_1_1_comp6+5_B_4_1_1_comp7+5_B_4_1_1_comp8+5_B_4_1_1_comp9+5_B_4_1_1_comp10+5_B_4_1_1_comp11+5_B_4_1_1_comp12+5_B_4_1_1_comp13+5_B_4_1_1_comp14+5_B_4_1_1_comp15,R_5_B_4_1_1,TCDB,TCDB.5_B_4_1_1_comp15
G_3_A_9_1_2_comp1,P_3_A_9_1_2_comp1+3_A_9_1_2_comp2+3_A_9_1_2_comp3+3_A_9_1_2_comp4+3_A_9_1_2_comp5+3_A_9_1_2_comp6+3_A_9_1_2_comp7+3_A_9_1_2_comp8+3_A_9_1_2_comp9+3_A_9_1_2_comp10,R_3_A_9_1_2,TCDB,TCDB.3_A_9_1_2_comp1
G_3_A_9_1_2_comp2,P_3_A_9_1_2_comp1+3_A_9_1_2_comp2+3_A_9_1_2_comp3+3_A_9_1_2_comp4+3_A_9_1_2_comp5+3_A_9_1_2_comp6+3_A_9_1_2_comp7+3_A_9_1_2_comp8+3_A_9_1_2_comp9+3_A_9_1_2_comp10,R_3_A_9_1_2,TCDB,TCDB.3_A_9_1_2_comp2
G_3_A_9_1_2_comp3,P_3_A_9_1_2_comp1+3_A_9_1_2_comp2+3_A_9_1_2_comp3+3_A_9_1_2_comp4+3_A_9_1_2_comp5+3_A_9_1_2_comp6+3_A_9_1_2_comp7+3_A_9_1_2_comp8+3_A_9_1_2_comp9+3_A_9_1_2_comp10,R_3_A_9_1_2,TCDB,TCDB.3_A_9_1_2_comp3
G_3_A_9_1_2_comp4,P_3_A_9_1_2_comp1+3_A_9_1_2_comp2+3_A_9_1_2_comp3+3_A_9_1_2_comp4+3_A_9_1_2_comp5+3_A_9_1_2_comp6+3_A_9_1_2_comp7+3_A_9_1_2_comp8+3_A_9_1_2_comp9+3_A_9_1_2_comp10,R_3_A_9_1_2,TCDB,TCDB.3_A_9_1_2_comp4
G_3_A_9_1_2_comp5,P_3_A_9_1_2_comp1+3_A_9_1_2_comp2+3_A_9_1_2_comp3+3_A_9_1_2_comp4+3_A_9_1_2_comp5+3_A_9_1_2_comp6+3_A_9_1_2_comp7+3_A_9_1_2_comp8+3_A_9_1_2_comp9+3_A_9_1_2_comp10,R_3_A_9_1_2,TCDB,TCDB.3_A_9_1_2_comp5
G_3_A_9_1_2_comp6,P_3_A_9_1_2_comp1+3_A_9_1_2_comp2+3_A_9_1_2_comp3+3_A_9_1_2_comp4+3_A_9_1_2_comp5+3_A_9_1_2_comp6+3_A_9_1_2_comp7+3_A_9_1_2_comp8+3_A_9_1_2_comp9+3_A_9_1_2_comp10,R_3_A_9_1_2,TCDB,TCDB.3_A_9_1_2_comp6
G_3_A_9_1_2_comp7,P_3_A_9_1_2_comp1+3_A_9_1_2_comp2+3_A_9_1_2_comp3+3_A_9_1_2_comp4+3_A_9_1_2_comp5+3_A_9_1_2_comp6+3_A_9_1_2_comp7+3_A_9_1_2_comp8+3_A_9_1_2_comp9+3_A_9_1_2_comp10,R_3_A_9_1_2,TCDB,TCDB.3_A_9_1_2_comp7
G_3_A_9_1_2_comp8,P_3_A_9_1_2_comp1+3_A_9_1_2_comp2+3_A_9_1_2_comp3+3_A_9_1_2_comp4+3_A_9_1_2_comp5+3_A_9_1_2_comp6+3_A_9_1_2_comp7+3_A_9_1_2_comp8+3_A_9_1_2_comp9+3_A_9_1_2_comp10,R_3_A_9_1_2,TCDB,TCDB.3_A_9_1_2_comp8
G_3_A_9_1_2_comp9,P_3_A_9_1_2_comp1+3_A_9_1_2_comp2+3_A_9_1_2_comp3+3_A_9_1_2_comp4+3_A_9_1_2_comp5+3_A_9_1_2_comp6+3_A_9_1_2_comp7+3_A_9_1_2_comp8+3_A_9_1_2_comp9+3_A_9_1_2_comp10,R_3_A_9_1_2,TCDB,TCDB.3_A_9_1_2_comp9
G_3_A_9_1_2_comp10,P_3_A_9_1_2_comp1+3_A_9_1_2_comp2+3_A_9_1_2_comp3+3_A_9_1_2_comp4+3_A_9_1_2_comp5+3_A_9_1_2_comp6+3_A_9_1_2_comp7+3_A_9_1_2_comp8+3_A_9_1_2_comp9+3_A_9_1_2_comp10,R_3_A_9_1_2,TCDB,TCDB.3_A_9_1_2_comp10
G_8_A_32_1_1_comp1,P_8_A_32_1_1_comp1,R_8_A_32_1_1,TCDB,TCDB.8_A_32_1_1_comp1
G_8_B_5_3_6_comp1,P_8_B_5_3_6_comp1,R_8_B_5_3_6,TCDB,TCDB.8_B_5_3_6_comp1
G_1_H_1_1_8_comp1,P_1_H_1_1_8_comp1,R_1_H_1_1_8,TCDB,TCDB.1_H_1_1_8_comp1
G_2_A_69_3_4_comp1,P_2_A_69_3_4_comp1,R_2_A_69_3_4,TCDB,TCDB.2_A_69_3_4_comp1
G_1_C_2_3_3_comp1,P_1_C_2_3_3_comp1,R_1_C_2_3_3,TCDB,TCDB.1_C_2_3_3_comp1
G_8_A_91_1_11_comp1,P_8_A_91_1_11_comp1,R_8_A_91_1_11,TCDB,TCDB.8_A_91_1_11_comp1
G_1_C_47_3_1_comp1,P_1_C_47_3_1_comp1,R_1_C_47_3_1,TCDB,TCDB.1_C_47_3_1_comp1
G_2_A_1_4_7_comp1,P_2_A_1_4_7_comp1,R_2_A_1_4_7,TCDB,TCDB.2_A_1_4_7_comp1
G_8_A_104_1_14_comp1,P_8_A_104_1_14_comp1,R_8_A_104_1_14,TCDB,TCDB.8_A_104_1_14_comp1
G_8_A_124_1_3_comp1,P_8_A_124_1_3_comp1,R_8_A_124_1_3,TCDB,TCDB.8_A_124_1_3_comp1
G_2_A_19_3_3_comp1,P_2_A_19_3_3_comp1,R_2_A_19_3_3,TCDB,TCDB.2_A_19_3_3_comp1
G_8_A_24_1_5_comp1,P_8_A_24_1_5_comp1,R_8_A_24_1_5,TCDB,TCDB.8_A_24_1_5_comp1
G_2_A_7_3_23_comp1,P_2_A_7_3_23_comp1,R_2_A_7_3_23,TCDB,TCDB.2_A_7_3_23_comp1
G_4_G_1_1_1_comp1,P_4_G_1_1_1_comp1+4_G_1_1_1_comp2+4_G_1_1_1_comp3+4_G_1_1_1_comp4,R_4_G_1_1_1,TCDB,TCDB.4_G_1_1_1_comp1
G_4_G_1_1_1_comp2,P_4_G_1_1_1_comp1+4_G_1_1_1_comp2+4_G_1_1_1_comp3+4_G_1_1_1_comp4,R_4_G_1_1_1,TCDB,TCDB.4_G_1_1_1_comp2
G_4_G_1_1_1_comp3,P_4_G_1_1_1_comp1+4_G_1_1_1_comp2+4_G_1_1_1_comp3+4_G_1_1_1_comp4,R_4_G_1_1_1,TCDB,TCDB.4_G_1_1_1_comp3
G_4_G_1_1_1_comp4,P_4_G_1_1_1_comp1+4_G_1_1_1_comp2+4_G_1_1_1_comp3+4_G_1_1_1_comp4,R_4_G_1_1_1,TCDB,TCDB.4_G_1_1_1_comp4
G_8_A_131_1_1_comp1,P_8_A_131_1_1_comp1,R_8_A_131_1_1,TCDB,TCDB.8_A_131_1_1_comp1
G_2_A_43_1_4_comp1,P_2_A_43_1_4_comp1,R_2_A_43_1_4,TCDB,TCDB.2_A_43_1_4_comp1
G_1_C_123_1_1_comp1,P_1_C_123_1_1_comp1,R_1_C_123_1_1,TCDB,TCDB.1_C_123_1_1_comp1
G_1_A_9_1_19_comp1,P_1_A_9_1_19_comp1,R_1_A_9_1_19,TCDB,TCDB.1_A_9_1_19_comp1
G_2_A_66_1_27_comp1,P_2_A_66_1_27_comp1,R_2_A_66_1_27,TCDB,TCDB.2_A_66_1_27_comp1
G_3_A_1_1_16_comp1,P_3_A_1_1_16_comp1+3_A_1_1_16_comp2+3_A_1_1_16_comp3+3_A_1_1_16_comp4,R_3_A_1_1_16,TCDB,TCDB.3_A_1_1_16_comp1
G_3_A_1_1_16_comp2,P_3_A_1_1_16_comp1+3_A_1_1_16_comp2+3_A_1_1_16_comp3+3_A_1_1_16_comp4,R_3_A_1_1_16,TCDB,TCDB.3_A_1_1_16_comp2
G_3_A_1_1_16_comp3,P_3_A_1_1_16_comp1+3_A_1_1_16_comp2+3_A_1_1_16_comp3+3_A_1_1_16_comp4,R_3_A_1_1_16,TCDB,TCDB.3_A_1_1_16_comp3
G_3_A_1_1_16_comp4,P_3_A_1_1_16_comp1+3_A_1_1_16_comp2+3_A_1_1_16_comp3+3_A_1_1_16_comp4,R_3_A_1_1_16,TCDB,TCDB.3_A_1_1_16_comp4
G_2_A_2_4_14_comp1,P_2_A_2_4_14_comp1,R_2_A_2_4_14,TCDB,TCDB.2_A_2_4_14_comp1
G_9_A_46_1_1_comp1,P_9_A_46_1_1_comp1,R_9_A_46_1_1,TCDB,TCDB.9_A_46_1_1_comp1
G_8_B_5_2_2_comp1,P_8_B_5_2_2_comp1,R_8_B_5_2_2,TCDB,TCDB.8_B_5_2_2_comp1
G_1_A_118_1_2_comp1,P_1_A_118_1_2_comp1,R_1_A_118_1_2,TCDB,TCDB.1_A_118_1_2_comp1
G_1_A_27_1_7_comp1,P_1_A_27_1_7_comp1,R_1_A_27_1_7,TCDB,TCDB.1_A_27_1_7_comp1
G_8_B_19_2_1_comp1,P_8_B_19_2_1_comp1,R_8_B_19_2_1,TCDB,TCDB.8_B_19_2_1_comp1
G_1_C_38_1_10_comp1,P_1_C_38_1_10_comp1,R_1_C_38_1_10,TCDB,TCDB.1_C_38_1_10_comp1
G_2_A_53_2_19_comp1,P_2_A_53_2_19_comp1,R_2_A_53_2_19,TCDB,TCDB.2_A_53_2_19_comp1
G_8_A_43_1_22_comp1,P_8_A_43_1_22_comp1,R_8_A_43_1_22,TCDB,TCDB.8_A_43_1_22_comp1
G_8_B_4_2_1_comp1,P_8_B_4_2_1_comp1,R_8_B_4_2_1,TCDB,TCDB.8_B_4_2_1_comp1
G_8_B_32_1_9_comp1,P_8_B_32_1_9_comp1,R_8_B_32_1_9,TCDB,TCDB.8_B_32_1_9_comp1
G_1_A_11_2_4_comp1,P_1_A_11_2_4_comp1,R_1_A_11_2_4,TCDB,TCDB.1_A_11_2_4_comp1
G_1_C_39_10_2_comp1,P_1_C_39_10_2_comp1,R_1_C_39_10_2,TCDB,TCDB.1_C_39_10_2_comp1
G_8_B_34_1_1_comp1,P_8_B_34_1_1_comp1,R_8_B_34_1_1,TCDB,TCDB.8_B_34_1_1_comp1
G_8_B_28_1_2_comp1,P_8_B_28_1_2_comp1,R_8_B_28_1_2,TCDB,TCDB.8_B_28_1_2_comp1
G_9_A_14_17_5_comp1,P_9_A_14_17_5_comp1,R_9_A_14_17_5,TCDB,TCDB.9_A_14_17_5_comp1
G_9_A_14_17_6_comp1,P_9_A_14_17_6_comp1,R_9_A_14_17_6,TCDB,TCDB.9_A_14_17_6_comp1
G_9_A_14_17_1_comp1,P_9_A_14_17_1_comp1,R_9_A_14_17_1,TCDB,TCDB.9_A_14_17_1_comp1
G_1_A_57_1_1_comp1,P_1_A_57_1_1_comp1,R_1_A_57_1_1,TCDB,TCDB.1_A_57_1_1_comp1
G_1_A_27_1_6_comp1,P_1_A_27_1_6_comp1,R_1_A_27_1_6,TCDB,TCDB.1_A_27_1_6_comp1
G_1_C_19_1_1_comp1,P_1_C_19_1_1_comp1,R_1_C_19_1_1,TCDB,TCDB.1_C_19_1_1_comp1
G_8_B_1_1_2_comp1,P_8_B_1_1_2_comp1,R_8_B_1_1_2,TCDB,TCDB.8_B_1_1_2_comp1
G_2_A_5_3_5_comp1,P_2_A_5_3_5_comp1,R_2_A_5_3_5,TCDB,TCDB.2_A_5_3_5_comp1
G_2_A_20_1_3_comp1,P_2_A_20_1_3_comp1,R_2_A_20_1_3,TCDB,TCDB.2_A_20_1_3_comp1
G_5_A_3_8_2_comp1,P_5_A_3_8_2_comp1+5_A_3_8_2_comp2+5_A_3_8_2_comp3,R_5_A_3_8_2,TCDB,TCDB.5_A_3_8_2_comp1
G_5_A_3_8_2_comp2,P_5_A_3_8_2_comp1+5_A_3_8_2_comp2+5_A_3_8_2_comp3,R_5_A_3_8_2,TCDB,TCDB.5_A_3_8_2_comp2
G_5_A_3_8_2_comp3,P_5_A_3_8_2_comp1+5_A_3_8_2_comp2+5_A_3_8_2_comp3,R_5_A_3_8_2,TCDB,TCDB.5_A_3_8_2_comp3
G_1_C_85_1_1_comp1,P_1_C_85_1_1_comp1,R_1_C_85_1_1,TCDB,TCDB.1_C_85_1_1_comp1
G_8_A_40_1_1_comp1,P_8_A_40_1_1_comp1,R_8_A_40_1_1,TCDB,TCDB.8_A_40_1_1_comp1
G_2_A_3_2_5_comp1,P_2_A_3_2_5_comp1,R_2_A_3_2_5,TCDB,TCDB.2_A_3_2_5_comp1
G_9_B_38_1_4_comp1,P_9_B_38_1_4_comp1,R_9_B_38_1_4,TCDB,TCDB.9_B_38_1_4_comp1
G_3_D_7_2_4_comp1,P_3_D_7_2_4_comp1+3_D_7_2_4_comp2+3_D_7_2_4_comp3,R_3_D_7_2_4,TCDB,TCDB.3_D_7_2_4_comp1
G_3_D_7_2_4_comp2,P_3_D_7_2_4_comp1+3_D_7_2_4_comp2+3_D_7_2_4_comp3,R_3_D_7_2_4,TCDB,TCDB.3_D_7_2_4_comp2
G_3_D_7_2_4_comp3,P_3_D_7_2_4_comp1+3_D_7_2_4_comp2+3_D_7_2_4_comp3,R_3_D_7_2_4,TCDB,TCDB.3_D_7_2_4_comp3
G_8_B_16_1_1_comp1,P_8_B_16_1_1_comp1,R_8_B_16_1_1,TCDB,TCDB.8_B_16_1_1_comp1
G_8_B_1_2_2_comp1,P_8_B_1_2_2_comp1,R_8_B_1_2_2,TCDB,TCDB.8_B_1_2_2_comp1
G_8_B_7_1_3_comp1,P_8_B_7_1_3_comp1,R_8_B_7_1_3,TCDB,TCDB.8_B_7_1_3_comp1
G_1_C_74_1_1_comp1,P_1_C_74_1_1_comp1,R_1_C_74_1_1,TCDB,TCDB.1_C_74_1_1_comp1
G_3_A_5_7_4_comp1,P_3_A_5_7_4_comp1+3_A_5_7_4_comp2+3_A_5_7_4_comp3,R_3_A_5_7_4,TCDB,TCDB.3_A_5_7_4_comp1
G_3_A_5_7_4_comp2,P_3_A_5_7_4_comp1+3_A_5_7_4_comp2+3_A_5_7_4_comp3,R_3_A_5_7_4,TCDB,TCDB.3_A_5_7_4_comp2
G_3_A_5_7_4_comp3,P_3_A_5_7_4_comp1+3_A_5_7_4_comp2+3_A_5_7_4_comp3,R_3_A_5_7_4,TCDB,TCDB.3_A_5_7_4_comp3
G_1_A_51_2_4_comp1,P_1_A_51_2_4_comp1,R_1_A_51_2_4,TCDB,TCDB.1_A_51_2_4_comp1
G_1_G_9_1_2_comp1,P_1_G_9_1_2_comp1,R_1_G_9_1_2,TCDB,TCDB.1_G_9_1_2_comp1
G_8_B_10_1_1_comp1,P_8_B_10_1_1_comp1,R_8_B_10_1_1,TCDB,TCDB.8_B_10_1_1_comp1
G_8_B_5_3_7_comp1,P_8_B_5_3_7_comp1,R_8_B_5_3_7,TCDB,TCDB.8_B_5_3_7_comp1
G_1_A_111_1_1_comp1,P_1_A_111_1_1_comp1,R_1_A_111_1_1,TCDB,TCDB.1_A_111_1_1_comp1
G_1_C_74_1_2_comp1,P_1_C_74_1_2_comp1,R_1_C_74_1_2,TCDB,TCDB.1_C_74_1_2_comp1
G_2_A_122_1_3_comp1,P_2_A_122_1_3_comp1,R_2_A_122_1_3,TCDB,TCDB.2_A_122_1_3_comp1
G_1_E_14_1_2_comp1,P_1_E_14_1_2_comp1,R_1_E_14_1_2,TCDB,TCDB.1_E_14_1_2_comp1
G_2_A_63_1_3_comp1,P_2_A_63_1_3_comp1+2_A_63_1_3_comp2+2_A_63_1_3_comp3+2_A_63_1_3_comp4+2_A_63_1_3_comp5+2_A_63_1_3_comp6+2_A_63_1_3_comp7,R_2_A_63_1_3,TCDB,TCDB.2_A_63_1_3_comp1
G_2_A_63_1_3_comp2,P_2_A_63_1_3_comp1+2_A_63_1_3_comp2+2_A_63_1_3_comp3+2_A_63_1_3_comp4+2_A_63_1_3_comp5+2_A_63_1_3_comp6+2_A_63_1_3_comp7,R_2_A_63_1_3,TCDB,TCDB.2_A_63_1_3_comp2
G_2_A_63_1_3_comp3,P_2_A_63_1_3_comp1+2_A_63_1_3_comp2+2_A_63_1_3_comp3+2_A_63_1_3_comp4+2_A_63_1_3_comp5+2_A_63_1_3_comp6+2_A_63_1_3_comp7,R_2_A_63_1_3,TCDB,TCDB.2_A_63_1_3_comp3
G_2_A_63_1_3_comp4,P_2_A_63_1_3_comp1+2_A_63_1_3_comp2+2_A_63_1_3_comp3+2_A_63_1_3_comp4+2_A_63_1_3_comp5+2_A_63_1_3_comp6+2_A_63_1_3_comp7,R_2_A_63_1_3,TCDB,TCDB.2_A_63_1_3_comp4
G_2_A_63_1_3_comp5,P_2_A_63_1_3_comp1+2_A_63_1_3_comp2+2_A_63_1_3_comp3+2_A_63_1_3_comp4+2_A_63_1_3_comp5+2_A_63_1_3_comp6+2_A_63_1_3_comp7,R_2_A_63_1_3,TCDB,TCDB.2_A_63_1_3_comp5
G_2_A_63_1_3_comp6,P_2_A_63_1_3_comp1+2_A_63_1_3_comp2+2_A_63_1_3_comp3+2_A_63_1_3_comp4+2_A_63_1_3_comp5+2_A_63_1_3_comp6+2_A_63_1_3_comp7,R_2_A_63_1_3,TCDB,TCDB.2_A_63_1_3_comp6
G_2_A_63_1_3_comp7,P_2_A_63_1_3_comp1+2_A_63_1_3_comp2+2_A_63_1_3_comp3+2_A_63_1_3_comp4+2_A_63_1_3_comp5+2_A_63_1_3_comp6+2_A_63_1_3_comp7,R_2_A_63_1_3,TCDB,TCDB.2_A_63_1_3_comp7
G_3_A_1_106_1_comp1,P_3_A_1_106_1_comp1,R_3_A_1_106_1,TCDB,TCDB.3_A_1_106_1_comp1
G_2_A_1_7_14_comp1,P_2_A_1_7_14_comp1,R_2_A_1_7_14,TCDB,TCDB.2_A_1_7_14_comp1
G_9_B_31_1_1_comp1,P_9_B_31_1_1_comp1,R_9_B_31_1_1,TCDB,TCDB.9_B_31_1_1_comp1
G_1_A_8_3_1_comp1,P_1_A_8_3_1_comp1,R_1_A_8_3_1,TCDB,TCDB.1_A_8_3_1_comp1
G_8_A_81_1_2_comp1,P_8_A_81_1_2_comp1,R_8_A_81_1_2,TCDB,TCDB.8_A_81_1_2_comp1
G_8_A_192_1_1_comp1,P_8_A_192_1_1_comp1,R_8_A_192_1_1,TCDB,TCDB.8_A_192_1_1_comp1
G_8_B_21_1_3_comp1,P_8_B_21_1_3_comp1,R_8_B_21_1_3,TCDB,TCDB.8_B_21_1_3_comp1
G_8_B_5_3_3_comp1,P_8_B_5_3_3_comp1,R_8_B_5_3_3,TCDB,TCDB.8_B_5_3_3_comp1
G_9_A_14_13_17_comp1,P_9_A_14_13_17_comp1,R_9_A_14_13_17,TCDB,TCDB.9_A_14_13_17_comp1
G_8_B_5_3_4_comp1,P_8_B_5_3_4_comp1,R_8_B_5_3_4,TCDB,TCDB.8_B_5_3_4_comp1
G_3_A_1_31_4_comp1,P_3_A_1_31_4_comp1,R_3_A_1_31_4,TCDB,TCDB.3_A_1_31_4_comp1
G_1_B_46_1_1_comp1,P_1_B_46_1_1_comp1+1_B_46_1_1_comp2,R_1_B_46_1_1,TCDB,TCDB.1_B_46_1_1_comp1
G_1_B_46_1_1_comp2,P_1_B_46_1_1_comp1+1_B_46_1_1_comp2,R_1_B_46_1_1,TCDB,TCDB.1_B_46_1_1_comp2
G_8_B_10_2_1_comp1,P_8_B_10_2_1_comp1,R_8_B_10_2_1,TCDB,TCDB.8_B_10_2_1_comp1
G_8_B_11_1_1_comp1,P_8_B_11_1_1_comp1,R_8_B_11_1_1,TCDB,TCDB.8_B_11_1_1_comp1
G_8_B_11_1_2_comp1,P_8_B_11_1_2_comp1,R_8_B_11_1_2,TCDB,TCDB.8_B_11_1_2_comp1
G_1_A_59_1_1_comp1,P_1_A_59_1_1_comp1,R_1_A_59_1_1,TCDB,TCDB.1_A_59_1_1_comp1
G_1_A_8_11_3_comp1,P_1_A_8_11_3_comp1,R_1_A_8_11_3,TCDB,TCDB.1_A_8_11_3_comp1
G_1_C_38_1_1_comp1,P_1_C_38_1_1_comp1,R_1_C_38_1_1,TCDB,TCDB.1_C_38_1_1_comp1
G_8_A_98_1_11_comp1,P_8_A_98_1_11_comp1,R_8_A_98_1_11,TCDB,TCDB.8_A_98_1_11_comp1
G_8_A_82_1_1_comp1,P_8_A_82_1_1_comp1,R_8_A_82_1_1,TCDB,TCDB.8_A_82_1_1_comp1
G_8_A_98_1_10_comp1,P_8_A_98_1_10_comp1,R_8_A_98_1_10,TCDB,TCDB.8_A_98_1_10_comp1
G_4_D_3_1_1_comp1,P_4_D_3_1_1_comp1,R_4_D_3_1_1,TCDB,TCDB.4_D_3_1_1_comp1
G_2_A_98_1_3_comp1,P_2_A_98_1_3_comp1,R_2_A_98_1_3,TCDB,TCDB.2_A_98_1_3_comp1
G_1_A_9_5_16_comp1,P_1_A_9_5_16_comp1,R_1_A_9_5_16,TCDB,TCDB.1_A_9_5_16_comp1
G_8_A_92_1_7_comp1,P_8_A_92_1_7_comp1,R_8_A_92_1_7,TCDB,TCDB.8_A_92_1_7_comp1
G_8_A_11_1_2_comp1,P_8_A_11_1_2_comp1,R_8_A_11_1_2,TCDB,TCDB.8_A_11_1_2_comp1
G_8_A_16_2_5_comp1,P_8_A_16_2_5_comp1,R_8_A_16_2_5,TCDB,TCDB.8_A_16_2_5_comp1
G_8_B_1_1_13_comp1,P_8_B_1_1_13_comp1,R_8_B_1_1_13,TCDB,TCDB.8_B_1_1_13_comp1
G_8_A_98_1_2_comp1,P_8_A_98_1_2_comp1,R_8_A_98_1_2,TCDB,TCDB.8_A_98_1_2_comp1
G_2_A_3_8_13_comp1,P_2_A_3_8_13_comp1,R_2_A_3_8_13,TCDB,TCDB.2_A_3_8_13_comp1
G_8_A_5_1_3_comp1,P_8_A_5_1_3_comp1,R_8_A_5_1_3,TCDB,TCDB.8_A_5_1_3_comp1
G_2_A_72_1_1_comp1,P_2_A_72_1_1_comp1,R_2_A_72_1_1,TCDB,TCDB.2_A_72_1_1_comp1
G_8_A_92_1_4_comp1,P_8_A_92_1_4_comp1,R_8_A_92_1_4,TCDB,TCDB.8_A_92_1_4_comp1
G_1_A_2_1_2_comp1,P_1_A_2_1_2_comp1,R_1_A_2_1_2,TCDB,TCDB.1_A_2_1_2_comp1
G_2_A_42_2_5_comp1,P_2_A_42_2_5_comp1,R_2_A_42_2_5,TCDB,TCDB.2_A_42_2_5_comp1
G_3_A_1_106_20_comp1,P_3_A_1_106_20_comp1,R_3_A_1_106_20,TCDB,TCDB.3_A_1_106_20_comp1
G_3_A_1_21_2_comp1,P_3_A_1_21_2_comp1+3_A_1_21_2_comp2+3_A_1_21_2_comp3,R_3_A_1_21_2,TCDB,TCDB.3_A_1_21_2_comp1
G_3_A_1_21_2_comp2,P_3_A_1_21_2_comp1+3_A_1_21_2_comp2+3_A_1_21_2_comp3,R_3_A_1_21_2,TCDB,TCDB.3_A_1_21_2_comp2
G_3_A_1_21_2_comp3,P_3_A_1_21_2_comp1+3_A_1_21_2_comp2+3_A_1_21_2_comp3,R_3_A_1_21_2,TCDB,TCDB.3_A_1_21_2_comp3
G_3_A_1_5_26_comp1,P_3_A_1_5_26_comp1+3_A_1_5_26_comp2+3_A_1_5_26_comp3+3_A_1_5_26_comp4,R_3_A_1_5_26,TCDB,TCDB.3_A_1_5_26_comp1
G_3_A_1_5_26_comp2,P_3_A_1_5_26_comp1+3_A_1_5_26_comp2+3_A_1_5_26_comp3+3_A_1_5_26_comp4,R_3_A_1_5_26,TCDB,TCDB.3_A_1_5_26_comp2
G_3_A_1_5_26_comp3,P_3_A_1_5_26_comp1+3_A_1_5_26_comp2+3_A_1_5_26_comp3+3_A_1_5_26_comp4,R_3_A_1_5_26,TCDB,TCDB.3_A_1_5_26_comp3
G_3_A_1_5_26_comp4,P_3_A_1_5_26_comp1+3_A_1_5_26_comp2+3_A_1_5_26_comp3+3_A_1_5_26_comp4,R_3_A_1_5_26,TCDB,TCDB.3_A_1_5_26_comp4
G_3_A_1_26_4_comp1,P_3_A_1_26_4_comp1+3_A_1_26_4_comp2,R_3_A_1_26_4,TCDB,TCDB.3_A_1_26_4_comp1
G_3_A_1_26_4_comp2,P_3_A_1_26_4_comp1+3_A_1_26_4_comp2,R_3_A_1_26_4,TCDB,TCDB.3_A_1_26_4_comp2
G_9_B_14_3_6_comp1,P_9_B_14_3_6_comp1,R_9_B_14_3_6,TCDB,TCDB.9_B_14_3_6_comp1
G_1_C_130_1_1_comp1,P_1_C_130_1_1_comp1,R_1_C_130_1_1,TCDB,TCDB.1_C_130_1_1_comp1
G_2_A_113_1_1_comp1,P_2_A_113_1_1_comp1+2_A_113_1_1_comp2,R_2_A_113_1_1,TCDB,TCDB.2_A_113_1_1_comp1
G_2_A_113_1_1_comp2,P_2_A_113_1_1_comp1+2_A_113_1_1_comp2,R_2_A_113_1_1,TCDB,TCDB.2_A_113_1_1_comp2
G_9_B_209_1_1_comp1,P_9_B_209_1_1_comp1,R_9_B_209_1_1,TCDB,TCDB.9_B_209_1_1_comp1
G_9_A_4_1_2_comp1,P_9_A_4_1_2_comp1,R_9_A_4_1_2,TCDB,TCDB.9_A_4_1_2_comp1
G_9_B_331_1_1_comp1,P_9_B_331_1_1_comp1,R_9_B_331_1_1,TCDB,TCDB.9_B_331_1_1_comp1
G_1_E_34_2_1_comp1,P_1_E_34_2_1_comp1,R_1_E_34_2_1,TCDB,TCDB.1_E_34_2_1_comp1
G_9_B_124_1_2_comp1,P_9_B_124_1_2_comp1,R_9_B_124_1_2,TCDB,TCDB.9_B_124_1_2_comp1
G_9_B_124_1_1_comp1,P_9_B_124_1_1_comp1,R_9_B_124_1_1,TCDB,TCDB.9_B_124_1_1_comp1
G_8_A_213_1_1_comp1,P_8_A_213_1_1_comp1,R_8_A_213_1_1,TCDB,TCDB.8_A_213_1_1_comp1
G_1_C_130_1_2_comp1,P_1_C_130_1_2_comp1,R_1_C_130_1_2,TCDB,TCDB.1_C_130_1_2_comp1
G_2_A_75_1_3_comp1,P_2_A_75_1_3_comp1,R_2_A_75_1_3,TCDB,TCDB.2_A_75_1_3_comp1
G_2_A_1_21_12_comp1,P_2_A_1_21_12_comp1,R_2_A_1_21_12,TCDB,TCDB.2_A_1_21_12_comp1
G_1_B_50_1_1_comp1,P_1_B_50_1_1_comp1,R_1_B_50_1_1,TCDB,TCDB.1_B_50_1_1_comp1
G_9_B_138_1_2_comp1,P_9_B_138_1_2_comp1,R_9_B_138_1_2,TCDB,TCDB.9_B_138_1_2_comp1
G_2_A_6_5_2_comp1,P_2_A_6_5_2_comp1,R_2_A_6_5_2,TCDB,TCDB.2_A_6_5_2_comp1
G_2_A_6_5_5_comp1,P_2_A_6_5_5_comp1,R_2_A_6_5_5,TCDB,TCDB.2_A_6_5_5_comp1
G_8_A_35_1_2_comp1,P_8_A_35_1_2_comp1,R_8_A_35_1_2,TCDB,TCDB.8_A_35_1_2_comp1
G_2_A_36_3_3_comp1,P_2_A_36_3_3_comp1,R_2_A_36_3_3,TCDB,TCDB.2_A_36_3_3_comp1
G_1_B_6_1_3_comp1,P_1_B_6_1_3_comp1,R_1_B_6_1_3,TCDB,TCDB.1_B_6_1_3_comp1
G_9_B_321_1_1_comp1,P_9_B_321_1_1_comp1+9_B_321_1_1_comp2+9_B_321_1_1_comp3+9_B_321_1_1_comp4,R_9_B_321_1_1,TCDB,TCDB.9_B_321_1_1_comp1
G_9_B_321_1_1_comp2,P_9_B_321_1_1_comp1+9_B_321_1_1_comp2+9_B_321_1_1_comp3+9_B_321_1_1_comp4,R_9_B_321_1_1,TCDB,TCDB.9_B_321_1_1_comp2
G_9_B_321_1_1_comp3,P_9_B_321_1_1_comp1+9_B_321_1_1_comp2+9_B_321_1_1_comp3+9_B_321_1_1_comp4,R_9_B_321_1_1,TCDB,TCDB.9_B_321_1_1_comp3
G_9_B_321_1_1_comp4,P_9_B_321_1_1_comp1+9_B_321_1_1_comp2+9_B_321_1_1_comp3+9_B_321_1_1_comp4,R_9_B_321_1_1,TCDB,TCDB.9_B_321_1_1_comp4
G_2_A_95_1_5_comp1,P_2_A_95_1_5_comp1,R_2_A_95_1_5,TCDB,TCDB.2_A_95_1_5_comp1
G_1_C_113_1_10_comp1,P_1_C_113_1_10_comp1,R_1_C_113_1_10,TCDB,TCDB.1_C_113_1_10_comp1
G_2_A_40_4_3_comp1,P_2_A_40_4_3_comp1,R_2_A_40_4_3,TCDB,TCDB.2_A_40_4_3_comp1
G_9_B_158_1_2_comp1,P_9_B_158_1_2_comp1,R_9_B_158_1_2,TCDB,TCDB.9_B_158_1_2_comp1
G_9_B_12_1_1_comp1,P_9_B_12_1_1_comp1,R_9_B_12_1_1,TCDB,TCDB.9_B_12_1_1_comp1
G_8_B_4_1_5_comp1,P_8_B_4_1_5_comp1,R_8_B_4_1_5,TCDB,TCDB.8_B_4_1_5_comp1
G_3_A_1_112_4_comp1,P_3_A_1_112_4_comp1,R_3_A_1_112_4,TCDB,TCDB.3_A_1_112_4_comp1
G_1_A_22_1_5_comp1,P_1_A_22_1_5_comp1,R_1_A_22_1_5,TCDB,TCDB.1_A_22_1_5_comp1
G_1_A_107_1_2_comp1,P_1_A_107_1_2_comp1,R_1_A_107_1_2,TCDB,TCDB.1_A_107_1_2_comp1
G_1_B_53_1_1_comp1,P_1_B_53_1_1_comp1,R_1_B_53_1_1,TCDB,TCDB.1_B_53_1_1_comp1
G_1_C_54_1_1_comp1,P_1_C_54_1_1_comp1,R_1_C_54_1_1,TCDB,TCDB.1_C_54_1_1_comp1
G_2_A_7_1_9_comp1,P_2_A_7_1_9_comp1+2_A_7_1_9_comp2,R_2_A_7_1_9,TCDB,TCDB.2_A_7_1_9_comp1
G_2_A_7_1_9_comp2,P_2_A_7_1_9_comp1+2_A_7_1_9_comp2,R_2_A_7_1_9,TCDB,TCDB.2_A_7_1_9_comp2
G_1_C_45_1_1_comp1,P_1_C_45_1_1_comp1,R_1_C_45_1_1,TCDB,TCDB.1_C_45_1_1_comp1
G_1_A_14_4_3_comp1,P_1_A_14_4_3_comp1,R_1_A_14_4_3,TCDB,TCDB.1_A_14_4_3_comp1
G_2_A_1_2_21_comp1,P_2_A_1_2_21_comp1,R_2_A_1_2_21,TCDB,TCDB.2_A_1_2_21_comp1
G_2_A_4_7_1_comp1,P_2_A_4_7_1_comp1,R_2_A_4_7_1,TCDB,TCDB.2_A_4_7_1_comp1
G_1_B_55_1_1_comp1,P_1_B_55_1_1_comp1,R_1_B_55_1_1,TCDB,TCDB.1_B_55_1_1_comp1
G_4_C_1_1_4_comp1,P_4_C_1_1_4_comp1,R_4_C_1_1_4,TCDB,TCDB.4_C_1_1_4_comp1
G_8_B_32_1_13_comp1,P_8_B_32_1_13_comp1,R_8_B_32_1_13,TCDB,TCDB.8_B_32_1_13_comp1
G_1_A_11_1_1_comp1,P_1_A_11_1_1_comp1,R_1_A_11_1_1,TCDB,TCDB.1_A_11_1_1_comp1
G_8_B_21_1_10_comp1,P_8_B_21_1_10_comp1,R_8_B_21_1_10,TCDB,TCDB.8_B_21_1_10_comp1
G_8_A_99_1_1_comp1,P_8_A_99_1_1_comp1,R_8_A_99_1_1,TCDB,TCDB.8_A_99_1_1_comp1
G_4_A_6_1_1_comp1,P_4_A_6_1_1_comp1+4_A_6_1_1_comp2+4_A_6_1_1_comp3,R_4_A_6_1_1,TCDB,TCDB.4_A_6_1_1_comp1
G_4_A_6_1_1_comp2,P_4_A_6_1_1_comp1+4_A_6_1_1_comp2+4_A_6_1_1_comp3,R_4_A_6_1_1,TCDB,TCDB.4_A_6_1_1_comp2
G_4_A_6_1_1_comp3,P_4_A_6_1_1_comp1+4_A_6_1_1_comp2+4_A_6_1_1_comp3,R_4_A_6_1_1,TCDB,TCDB.4_A_6_1_1_comp3
G_4_A_2_1_11_comp1,P_4_A_2_1_11_comp1+4_A_2_1_11_comp2+4_A_2_1_11_comp3,R_4_A_2_1_11,TCDB,TCDB.4_A_2_1_11_comp1
G_4_A_2_1_11_comp2,P_4_A_2_1_11_comp1+4_A_2_1_11_comp2+4_A_2_1_11_comp3,R_4_A_2_1_11,TCDB,TCDB.4_A_2_1_11_comp2
G_4_A_2_1_11_comp3,P_4_A_2_1_11_comp1+4_A_2_1_11_comp2+4_A_2_1_11_comp3,R_4_A_2_1_11,TCDB,TCDB.4_A_2_1_11_comp3
G_4_A_2_1_24_comp1,P_4_A_2_1_24_comp1+4_A_2_1_24_comp2,R_4_A_2_1_24,TCDB,TCDB.4_A_2_1_24_comp1
G_4_A_2_1_24_comp2,P_4_A_2_1_24_comp1+4_A_2_1_24_comp2,R_4_A_2_1_24,TCDB,TCDB.4_A_2_1_24_comp2
G_1_B_35_2_1_comp1,P_1_B_35_2_1_comp1,R_1_B_35_2_1,TCDB,TCDB.1_B_35_2_1_comp1
G_1_A_107_1_1_comp1,P_1_A_107_1_1_comp1,R_1_A_107_1_1,TCDB,TCDB.1_A_107_1_1_comp1
G_2_A_7_1_2_comp1,P_2_A_7_1_2_comp1,R_2_A_7_1_2,TCDB,TCDB.2_A_7_1_2_comp1
G_8_B_17_1_2_comp1,P_8_B_17_1_2_comp1,R_8_B_17_1_2,TCDB,TCDB.8_B_17_1_2_comp1
G_8_B_15_1_4_comp1,P_8_B_15_1_4_comp1,R_8_B_15_1_4,TCDB,TCDB.8_B_15_1_4_comp1
G_2_A_7_1_4_comp1,P_2_A_7_1_4_comp1,R_2_A_7_1_4,TCDB,TCDB.2_A_7_1_4_comp1
G_9_B_88_1_1_comp1,P_9_B_88_1_1_comp1,R_9_B_88_1_1,TCDB,TCDB.9_B_88_1_1_comp1
G_1_F_1_3_2_comp1,P_1_F_1_3_2_comp1,R_1_F_1_3_2,TCDB,TCDB.1_F_1_3_2_comp1
G_2_A_3_3_5_comp1,P_2_A_3_3_5_comp1,R_2_A_3_3_5,TCDB,TCDB.2_A_3_3_5_comp1
G_2_A_60_1_4_comp1,P_2_A_60_1_4_comp1,R_2_A_60_1_4,TCDB,TCDB.2_A_60_1_4_comp1
G_1_A_28_1_3_comp1,P_1_A_28_1_3_comp1,R_1_A_28_1_3,TCDB,TCDB.1_A_28_1_3_comp1
G_1_A_2_1_7_comp1,P_1_A_2_1_7_comp1,R_1_A_2_1_7,TCDB,TCDB.1_A_2_1_7_comp1
G_2_A_1_14_3_comp1,P_2_A_1_14_3_comp1,R_2_A_1_14_3,TCDB,TCDB.2_A_1_14_3_comp1
G_1_E_31_1_7_comp1,P_1_E_31_1_7_comp1,R_1_E_31_1_7,TCDB,TCDB.1_E_31_1_7_comp1
G_4_A_2_1_4_comp1,P_4_A_2_1_4_comp1,R_4_A_2_1_4,TCDB,TCDB.4_A_2_1_4_comp1
G_9_B_183_1_9_comp1,P_9_B_183_1_9_comp1,R_9_B_183_1_9,TCDB,TCDB.9_B_183_1_9_comp1
G_2_A_14_1_3_comp1,P_2_A_14_1_3_comp1,R_2_A_14_1_3,TCDB,TCDB.2_A_14_1_3_comp1
G_2_A_85_4_2_comp1,P_2_A_85_4_2_comp1,R_2_A_85_4_2,TCDB,TCDB.2_A_85_4_2_comp1
G_3_A_7_4_1_comp1,P_3_A_7_4_1_comp1+3_A_7_4_1_comp2+3_A_7_4_1_comp3+3_A_7_4_1_comp4+3_A_7_4_1_comp5+3_A_7_4_1_comp6+3_A_7_4_1_comp7+3_A_7_4_1_comp8+3_A_7_4_1_comp9+3_A_7_4_1_comp10,R_3_A_7_4_1,TCDB,TCDB.3_A_7_4_1_comp1
G_3_A_7_4_1_comp2,P_3_A_7_4_1_comp1+3_A_7_4_1_comp2+3_A_7_4_1_comp3+3_A_7_4_1_comp4+3_A_7_4_1_comp5+3_A_7_4_1_comp6+3_A_7_4_1_comp7+3_A_7_4_1_comp8+3_A_7_4_1_comp9+3_A_7_4_1_comp10,R_3_A_7_4_1,TCDB,TCDB.3_A_7_4_1_comp2
G_3_A_7_4_1_comp3,P_3_A_7_4_1_comp1+3_A_7_4_1_comp2+3_A_7_4_1_comp3+3_A_7_4_1_comp4+3_A_7_4_1_comp5+3_A_7_4_1_comp6+3_A_7_4_1_comp7+3_A_7_4_1_comp8+3_A_7_4_1_comp9+3_A_7_4_1_comp10,R_3_A_7_4_1,TCDB,TCDB.3_A_7_4_1_comp3
G_3_A_7_4_1_comp4,P_3_A_7_4_1_comp1+3_A_7_4_1_comp2+3_A_7_4_1_comp3+3_A_7_4_1_comp4+3_A_7_4_1_comp5+3_A_7_4_1_comp6+3_A_7_4_1_comp7+3_A_7_4_1_comp8+3_A_7_4_1_comp9+3_A_7_4_1_comp10,R_3_A_7_4_1,TCDB,TCDB.3_A_7_4_1_comp4
G_3_A_7_4_1_comp5,P_3_A_7_4_1_comp1+3_A_7_4_1_comp2+3_A_7_4_1_comp3+3_A_7_4_1_comp4+3_A_7_4_1_comp5+3_A_7_4_1_comp6+3_A_7_4_1_comp7+3_A_7_4_1_comp8+3_A_7_4_1_comp9+3_A_7_4_1_comp10,R_3_A_7_4_1,TCDB,TCDB.3_A_7_4_1_comp5
G_3_A_7_4_1_comp6,P_3_A_7_4_1_comp1+3_A_7_4_1_comp2+3_A_7_4_1_comp3+3_A_7_4_1_comp4+3_A_7_4_1_comp5+3_A_7_4_1_comp6+3_A_7_4_1_comp7+3_A_7_4_1_comp8+3_A_7_4_1_comp9+3_A_7_4_1_comp10,R_3_A_7_4_1,TCDB,TCDB.3_A_7_4_1_comp6
G_3_A_7_4_1_comp7,P_3_A_7_4_1_comp1+3_A_7_4_1_comp2+3_A_7_4_1_comp3+3_A_7_4_1_comp4+3_A_7_4_1_comp5+3_A_7_4_1_comp6+3_A_7_4_1_comp7+3_A_7_4_1_comp8+3_A_7_4_1_comp9+3_A_7_4_1_comp10,R_3_A_7_4_1,TCDB,TCDB.3_A_7_4_1_comp7
G_3_A_7_4_1_comp8,P_3_A_7_4_1_comp1+3_A_7_4_1_comp2+3_A_7_4_1_comp3+3_A_7_4_1_comp4+3_A_7_4_1_comp5+3_A_7_4_1_comp6+3_A_7_4_1_comp7+3_A_7_4_1_comp8+3_A_7_4_1_comp9+3_A_7_4_1_comp10,R_3_A_7_4_1,TCDB,TCDB.3_A_7_4_1_comp8
G_3_A_7_4_1_comp9,P_3_A_7_4_1_comp1+3_A_7_4_1_comp2+3_A_7_4_1_comp3+3_A_7_4_1_comp4+3_A_7_4_1_comp5+3_A_7_4_1_comp6+3_A_7_4_1_comp7+3_A_7_4_1_comp8+3_A_7_4_1_comp9+3_A_7_4_1_comp10,R_3_A_7_4_1,TCDB,TCDB.3_A_7_4_1_comp9
G_3_A_7_4_1_comp10,P_3_A_7_4_1_comp1+3_A_7_4_1_comp2+3_A_7_4_1_comp3+3_A_7_4_1_comp4+3_A_7_4_1_comp5+3_A_7_4_1_comp6+3_A_7_4_1_comp7+3_A_7_4_1_comp8+3_A_7_4_1_comp9+3_A_7_4_1_comp10,R_3_A_7_4_1,TCDB,TCDB.3_A_7_4_1_comp10
G_1_A_72_1_3_comp1,P_1_A_72_1_3_comp1+1_A_72_1_3_comp2,R_1_A_72_1_3,TCDB,TCDB.1_A_72_1_3_comp1
G_1_A_72_1_3_comp2,P_1_A_72_1_3_comp1+1_A_72_1_3_comp2,R_1_A_72_1_3,TCDB,TCDB.1_A_72_1_3_comp2
G_3_E_1_3_2_comp1,P_3_E_1_3_2_comp1,R_3_E_1_3_2,TCDB,TCDB.3_E_1_3_2_comp1
G_1_C_30_1_1_comp1,P_1_C_30_1_1_comp1+1_C_30_1_1_comp2,R_1_C_30_1_1,TCDB,TCDB.1_C_30_1_1_comp1
G_1_C_30_1_1_comp2,P_1_C_30_1_1_comp1+1_C_30_1_1_comp2,R_1_C_30_1_1,TCDB,TCDB.1_C_30_1_1_comp2
G_1_C_29_1_1_comp1,P_1_C_29_1_1_comp1+1_C_29_1_1_comp2,R_1_C_29_1_1,TCDB,TCDB.1_C_29_1_1_comp1
G_1_C_29_1_1_comp2,P_1_C_29_1_1_comp1+1_C_29_1_1_comp2,R_1_C_29_1_1,TCDB,TCDB.1_C_29_1_1_comp2
G_2_A_1_3_34_comp1,P_2_A_1_3_34_comp1,R_2_A_1_3_34,TCDB,TCDB.2_A_1_3_34_comp1
G_2_A_1_3_49_comp1,P_2_A_1_3_49_comp1,R_2_A_1_3_49,TCDB,TCDB.2_A_1_3_49_comp1
G_1_A_23_5_1_comp1,P_1_A_23_5_1_comp1,R_1_A_23_5_1,TCDB,TCDB.1_A_23_5_1_comp1
G_2_A_53_4_2_comp1,P_2_A_53_4_2_comp1,R_2_A_53_4_2,TCDB,TCDB.2_A_53_4_2_comp1
G_3_A_1_103_10_comp1,P_3_A_1_103_10_comp1+3_A_1_103_10_comp2,R_3_A_1_103_10,TCDB,TCDB.3_A_1_103_10_comp1
G_3_A_1_103_10_comp2,P_3_A_1_103_10_comp1+3_A_1_103_10_comp2,R_3_A_1_103_10,TCDB,TCDB.3_A_1_103_10_comp2
G_1_B_14_4_1_comp1,P_1_B_14_4_1_comp1,R_1_B_14_4_1,TCDB,TCDB.1_B_14_4_1_comp1
G_1_E_14_1_1_comp1,P_1_E_14_1_1_comp1,R_1_E_14_1_1,TCDB,TCDB.1_E_14_1_1_comp1
G_8_A_3_2_4_comp1,P_8_A_3_2_4_comp1,R_8_A_3_2_4,TCDB,TCDB.8_A_3_2_4_comp1
G_1_B_14_2_14_comp1,P_1_B_14_2_14_comp1,R_1_B_14_2_14,TCDB,TCDB.1_B_14_2_14_comp1
G_4_D_1_1_8_comp1,P_4_D_1_1_8_comp1,R_4_D_1_1_8,TCDB,TCDB.4_D_1_1_8_comp1
G_9_B_67_1_1_comp1,P_9_B_67_1_1_comp1,R_9_B_67_1_1,TCDB,TCDB.9_B_67_1_1_comp1
G_3_A_1_14_24_comp1,P_3_A_1_14_24_comp1+3_A_1_14_24_comp2+3_A_1_14_24_comp3+3_A_1_14_24_comp4,R_3_A_1_14_24,TCDB,TCDB.3_A_1_14_24_comp1
G_3_A_1_14_24_comp2,P_3_A_1_14_24_comp1+3_A_1_14_24_comp2+3_A_1_14_24_comp3+3_A_1_14_24_comp4,R_3_A_1_14_24,TCDB,TCDB.3_A_1_14_24_comp2
G_3_A_1_14_24_comp3,P_3_A_1_14_24_comp1+3_A_1_14_24_comp2+3_A_1_14_24_comp3+3_A_1_14_24_comp4,R_3_A_1_14_24,TCDB,TCDB.3_A_1_14_24_comp3
G_3_A_1_14_24_comp4,P_3_A_1_14_24_comp1+3_A_1_14_24_comp2+3_A_1_14_24_comp3+3_A_1_14_24_comp4,R_3_A_1_14_24,TCDB,TCDB.3_A_1_14_24_comp4
G_1_B_14_9_6_comp1,P_1_B_14_9_6_comp1,R_1_B_14_9_6,TCDB,TCDB.1_B_14_9_6_comp1
G_1_B_14_1_29_comp1,P_1_B_14_1_29_comp1,R_1_B_14_1_29,TCDB,TCDB.1_B_14_1_29_comp1
G_1_A_30_2_10_comp1,P_1_A_30_2_10_comp1+1_A_30_2_10_comp2,R_1_A_30_2_10,TCDB,TCDB.1_A_30_2_10_comp1
G_1_A_30_2_10_comp2,P_1_A_30_2_10_comp1+1_A_30_2_10_comp2,R_1_A_30_2_10,TCDB,TCDB.1_A_30_2_10_comp2
G_2_C_1_3_1_comp1,P_2_C_1_3_1_comp1,R_2_C_1_3_1,TCDB,TCDB.2_C_1_3_1_comp1
G_1_B_14_1_30_comp1,P_1_B_14_1_30_comp1,R_1_B_14_1_30,TCDB,TCDB.1_B_14_1_30_comp1
G_2_A_53_4_1_comp1,P_2_A_53_4_1_comp1,R_2_A_53_4_1,TCDB,TCDB.2_A_53_4_1_comp1
G_3_A_1_10_2_comp1,P_3_A_1_10_2_comp1+3_A_1_10_2_comp2+3_A_1_10_2_comp3+3_A_1_10_2_comp4,R_3_A_1_10_2,TCDB,TCDB.3_A_1_10_2_comp1
G_3_A_1_10_2_comp2,P_3_A_1_10_2_comp1+3_A_1_10_2_comp2+3_A_1_10_2_comp3+3_A_1_10_2_comp4,R_3_A_1_10_2,TCDB,TCDB.3_A_1_10_2_comp2
G_3_A_1_10_2_comp3,P_3_A_1_10_2_comp1+3_A_1_10_2_comp2+3_A_1_10_2_comp3+3_A_1_10_2_comp4,R_3_A_1_10_2,TCDB,TCDB.3_A_1_10_2_comp3
G_3_A_1_10_2_comp4,P_3_A_1_10_2_comp1+3_A_1_10_2_comp2+3_A_1_10_2_comp3+3_A_1_10_2_comp4,R_3_A_1_10_2,TCDB,TCDB.3_A_1_10_2_comp4
G_3_A_1_103_5_comp1,P_3_A_1_103_5_comp1+3_A_1_103_5_comp2,R_3_A_1_103_5,TCDB,TCDB.3_A_1_103_5_comp1
G_3_A_1_103_5_comp2,P_3_A_1_103_5_comp1+3_A_1_103_5_comp2,R_3_A_1_103_5,TCDB,TCDB.3_A_1_103_5_comp2
G_2_A_47_4_1_comp1,P_2_A_47_4_1_comp1,R_2_A_47_4_1,TCDB,TCDB.2_A_47_4_1_comp1
G_9_B_8_1_2_comp1,P_9_B_8_1_2_comp1,R_9_B_8_1_2,TCDB,TCDB.9_B_8_1_2_comp1
G_1_A_1_13_7_comp1,P_1_A_1_13_7_comp1,R_1_A_1_13_7,TCDB,TCDB.1_A_1_13_7_comp1
G_9_A_8_1_3_comp1,P_9_A_8_1_3_comp1,R_9_A_8_1_3,TCDB,TCDB.9_A_8_1_3_comp1
G_3_A_1_106_14_comp1,P_3_A_1_106_14_comp1,R_3_A_1_106_14,TCDB,TCDB.3_A_1_106_14_comp1
G_2_A_27_1_2_comp1,P_2_A_27_1_2_comp1,R_2_A_27_1_2,TCDB,TCDB.2_A_27_1_2_comp1
G_3_A_1_141_1_comp1,P_3_A_1_141_1_comp1+3_A_1_141_1_comp2+3_A_1_141_1_comp3,R_3_A_1_141_1,TCDB,TCDB.3_A_1_141_1_comp1
G_3_A_1_141_1_comp2,P_3_A_1_141_1_comp1+3_A_1_141_1_comp2+3_A_1_141_1_comp3,R_3_A_1_141_1,TCDB,TCDB.3_A_1_141_1_comp2
G_3_A_1_141_1_comp3,P_3_A_1_141_1_comp1+3_A_1_141_1_comp2+3_A_1_141_1_comp3,R_3_A_1_141_1,TCDB,TCDB.3_A_1_141_1_comp3
G_9_B_142_3_10_comp1,P_9_B_142_3_10_comp1,R_9_B_142_3_10,TCDB,TCDB.9_B_142_3_10_comp1
G_3_A_1_3_12_comp1,P_3_A_1_3_12_comp1+3_A_1_3_12_comp2,R_3_A_1_3_12,TCDB,TCDB.3_A_1_3_12_comp1
G_3_A_1_3_12_comp2,P_3_A_1_3_12_comp1+3_A_1_3_12_comp2,R_3_A_1_3_12,TCDB,TCDB.3_A_1_3_12_comp2
G_3_A_1_4_2_comp1,P_3_A_1_4_2_comp1+3_A_1_4_2_comp2+3_A_1_4_2_comp3+3_A_1_4_2_comp4+3_A_1_4_2_comp5,R_3_A_1_4_2,TCDB,TCDB.3_A_1_4_2_comp1
G_3_A_1_4_2_comp2,P_3_A_1_4_2_comp1+3_A_1_4_2_comp2+3_A_1_4_2_comp3+3_A_1_4_2_comp4+3_A_1_4_2_comp5,R_3_A_1_4_2,TCDB,TCDB.3_A_1_4_2_comp2
G_3_A_1_4_2_comp3,P_3_A_1_4_2_comp1+3_A_1_4_2_comp2+3_A_1_4_2_comp3+3_A_1_4_2_comp4+3_A_1_4_2_comp5,R_3_A_1_4_2,TCDB,TCDB.3_A_1_4_2_comp3
G_3_A_1_4_2_comp4,P_3_A_1_4_2_comp1+3_A_1_4_2_comp2+3_A_1_4_2_comp3+3_A_1_4_2_comp4+3_A_1_4_2_comp5,R_3_A_1_4_2,TCDB,TCDB.3_A_1_4_2_comp4
G_3_A_1_4_2_comp5,P_3_A_1_4_2_comp1+3_A_1_4_2_comp2+3_A_1_4_2_comp3+3_A_1_4_2_comp4+3_A_1_4_2_comp5,R_3_A_1_4_2,TCDB,TCDB.3_A_1_4_2_comp5
G_1_A_10_2_1_comp1,P_1_A_10_2_1_comp1,R_1_A_10_2_1,TCDB,TCDB.1_A_10_2_1_comp1
G_2_A_36_7_2_comp1,P_2_A_36_7_2_comp1,R_2_A_36_7_2,TCDB,TCDB.2_A_36_7_2_comp1
G_2_A_38_4_5_comp1,P_2_A_38_4_5_comp1+2_A_38_4_5_comp2+2_A_38_4_5_comp3,R_2_A_38_4_5,TCDB,TCDB.2_A_38_4_5_comp1
G_2_A_38_4_5_comp2,P_2_A_38_4_5_comp1+2_A_38_4_5_comp2+2_A_38_4_5_comp3,R_2_A_38_4_5,TCDB,TCDB.2_A_38_4_5_comp2
G_2_A_38_4_5_comp3,P_2_A_38_4_5_comp1+2_A_38_4_5_comp2+2_A_38_4_5_comp3,R_2_A_38_4_5,TCDB,TCDB.2_A_38_4_5_comp3
G_2_A_83_1_1_comp1,P_2_A_83_1_1_comp1,R_2_A_83_1_1,TCDB,TCDB.2_A_83_1_1_comp1
G_2_A_19_2_1_comp1,P_2_A_19_2_1_comp1,R_2_A_19_2_1,TCDB,TCDB.2_A_19_2_1_comp1
G_2_A_56_3_1_comp1,P_2_A_56_3_1_comp1+2_A_56_3_1_comp2+2_A_56_3_1_comp3,R_2_A_56_3_1,TCDB,TCDB.2_A_56_3_1_comp1
G_2_A_56_3_1_comp2,P_2_A_56_3_1_comp1+2_A_56_3_1_comp2+2_A_56_3_1_comp3,R_2_A_56_3_1,TCDB,TCDB.2_A_56_3_1_comp2
G_2_A_56_3_1_comp3,P_2_A_56_3_1_comp1+2_A_56_3_1_comp2+2_A_56_3_1_comp3,R_2_A_56_3_1,TCDB,TCDB.2_A_56_3_1_comp3
G_1_A_1_13_6_comp1,P_1_A_1_13_6_comp1,R_1_A_1_13_6,TCDB,TCDB.1_A_1_13_6_comp1
G_2_A_49_6_1_comp1,P_2_A_49_6_1_comp1,R_2_A_49_6_1,TCDB,TCDB.2_A_49_6_1_comp1
G_1_B_38_1_1_comp1,P_1_B_38_1_1_comp1,R_1_B_38_1_1,TCDB,TCDB.1_B_38_1_1_comp1
G_9_B_73_1_2_comp1,P_9_B_73_1_2_comp1,R_9_B_73_1_2,TCDB,TCDB.9_B_73_1_2_comp1
G_2_A_1_52_4_comp1,P_2_A_1_52_4_comp1,R_2_A_1_52_4,TCDB,TCDB.2_A_1_52_4_comp1
G_2_A_2_3_5_comp1,P_2_A_2_3_5_comp1,R_2_A_2_3_5,TCDB,TCDB.2_A_2_3_5_comp1
G_2_A_76_1_3_comp1,P_2_A_76_1_3_comp1,R_2_A_76_1_3,TCDB,TCDB.2_A_76_1_3_comp1
G_2_A_39_3_8_comp1,P_2_A_39_3_8_comp1,R_2_A_39_3_8,TCDB,TCDB.2_A_39_3_8_comp1
G_1_B_25_1_13_comp1,P_1_B_25_1_13_comp1,R_1_B_25_1_13,TCDB,TCDB.1_B_25_1_13_comp1
G_2_A_17_1_4_comp1,P_2_A_17_1_4_comp1,R_2_A_17_1_4,TCDB,TCDB.2_A_17_1_4_comp1
G_1_B_11_2_2_comp1,P_1_B_11_2_2_comp1,R_1_B_11_2_2,TCDB,TCDB.1_B_11_2_2_comp1
G_2_A_4_1_4_comp1,P_2_A_4_1_4_comp1,R_2_A_4_1_4,TCDB,TCDB.2_A_4_1_4_comp1
G_2_A_47_3_5_comp1,P_2_A_47_3_5_comp1,R_2_A_47_3_5,TCDB,TCDB.2_A_47_3_5_comp1
G_4_D_2_4_3_comp1,P_4_D_2_4_3_comp1,R_4_D_2_4_3,TCDB,TCDB.4_D_2_4_3_comp1
G_1_B_14_1_9_comp1,P_1_B_14_1_9_comp1,R_1_B_14_1_9,TCDB,TCDB.1_B_14_1_9_comp1
G_1_A_23_3_2_comp1,P_1_A_23_3_2_comp1,R_1_A_23_3_2,TCDB,TCDB.1_A_23_3_2_comp1
G_2_A_45_2_5_comp1,P_2_A_45_2_5_comp1,R_2_A_45_2_5,TCDB,TCDB.2_A_45_2_5_comp1
G_3_A_1_5_11_comp1,P_3_A_1_5_11_comp1+3_A_1_5_11_comp2+3_A_1_5_11_comp3+3_A_1_5_11_comp4,R_3_A_1_5_11,TCDB,TCDB.3_A_1_5_11_comp1
G_3_A_1_5_11_comp2,P_3_A_1_5_11_comp1+3_A_1_5_11_comp2+3_A_1_5_11_comp3+3_A_1_5_11_comp4,R_3_A_1_5_11,TCDB,TCDB.3_A_1_5_11_comp2
G_3_A_1_5_11_comp3,P_3_A_1_5_11_comp1+3_A_1_5_11_comp2+3_A_1_5_11_comp3+3_A_1_5_11_comp4,R_3_A_1_5_11,TCDB,TCDB.3_A_1_5_11_comp3
G_3_A_1_5_11_comp4,P_3_A_1_5_11_comp1+3_A_1_5_11_comp2+3_A_1_5_11_comp3+3_A_1_5_11_comp4,R_3_A_1_5_11,TCDB,TCDB.3_A_1_5_11_comp4
G_2_A_1_60_2_comp1,P_2_A_1_60_2_comp1,R_2_A_1_60_2,TCDB,TCDB.2_A_1_60_2_comp1
G_2_A_124_1_1_comp1,P_2_A_124_1_1_comp1,R_2_A_124_1_1,TCDB,TCDB.2_A_124_1_1_comp1
G_3_A_1_122_1_comp1,P_3_A_1_122_1_comp1+3_A_1_122_1_comp2,R_3_A_1_122_1,TCDB,TCDB.3_A_1_122_1_comp1
G_3_A_1_122_1_comp2,P_3_A_1_122_1_comp1+3_A_1_122_1_comp2,R_3_A_1_122_1,TCDB,TCDB.3_A_1_122_1_comp2
G_2_A_3_7_2_comp1,P_2_A_3_7_2_comp1,R_2_A_3_7_2,TCDB,TCDB.2_A_3_7_2_comp1
G_2_A_85_1_1_comp1,P_2_A_85_1_1_comp1,R_2_A_85_1_1,TCDB,TCDB.2_A_85_1_1_comp1
G_1_B_14_16_11_comp1,P_1_B_14_16_11_comp1,R_1_B_14_16_11,TCDB,TCDB.1_B_14_16_11_comp1
G_2_A_40_1_3_comp1,P_2_A_40_1_3_comp1,R_2_A_40_1_3,TCDB,TCDB.2_A_40_1_3_comp1
G_4_D_1_1_3_comp1,P_4_D_1_1_3_comp1,R_4_D_1_1_3,TCDB,TCDB.4_D_1_1_3_comp1
G_9_B_97_7_1_comp1,P_9_B_97_7_1_comp1,R_9_B_97_7_1,TCDB,TCDB.9_B_97_7_1_comp1
G_9_B_122_1_1_comp1,P_9_B_122_1_1_comp1,R_9_B_122_1_1,TCDB,TCDB.9_B_122_1_1_comp1
G_2_A_36_6_11_comp1,P_2_A_36_6_11_comp1,R_2_A_36_6_11,TCDB,TCDB.2_A_36_6_11_comp1
G_1_B_12_2_6_comp1,P_1_B_12_2_6_comp1,R_1_B_12_2_6,TCDB,TCDB.1_B_12_2_6_comp1
G_2_A_3_1_13_comp1,P_2_A_3_1_13_comp1,R_2_A_3_1_13,TCDB,TCDB.2_A_3_1_13_comp1
G_1_B_21_1_1_comp1,P_1_B_21_1_1_comp1,R_1_B_21_1_1,TCDB,TCDB.1_B_21_1_1_comp1
G_2_A_46_1_9_comp1,P_2_A_46_1_9_comp1,R_2_A_46_1_9,TCDB,TCDB.2_A_46_1_9_comp1
G_2_A_7_21_2_comp1,P_2_A_7_21_2_comp1,R_2_A_7_21_2,TCDB,TCDB.2_A_7_21_2_comp1
G_1_B_14_9_5_comp1,P_1_B_14_9_5_comp1,R_1_B_14_9_5,TCDB,TCDB.1_B_14_9_5_comp1
G_3_A_1_5_38_comp1,P_3_A_1_5_38_comp1+3_A_1_5_38_comp2+3_A_1_5_38_comp3+3_A_1_5_38_comp4+3_A_1_5_38_comp5,R_3_A_1_5_38,TCDB,TCDB.3_A_1_5_38_comp1
G_3_A_1_5_38_comp2,P_3_A_1_5_38_comp1+3_A_1_5_38_comp2+3_A_1_5_38_comp3+3_A_1_5_38_comp4+3_A_1_5_38_comp5,R_3_A_1_5_38,TCDB,TCDB.3_A_1_5_38_comp2
G_3_A_1_5_38_comp3,P_3_A_1_5_38_comp1+3_A_1_5_38_comp2+3_A_1_5_38_comp3+3_A_1_5_38_comp4+3_A_1_5_38_comp5,R_3_A_1_5_38,TCDB,TCDB.3_A_1_5_38_comp3
G_3_A_1_5_38_comp4,P_3_A_1_5_38_comp1+3_A_1_5_38_comp2+3_A_1_5_38_comp3+3_A_1_5_38_comp4+3_A_1_5_38_comp5,R_3_A_1_5_38,TCDB,TCDB.3_A_1_5_38_comp4
G_3_A_1_5_38_comp5,P_3_A_1_5_38_comp1+3_A_1_5_38_comp2+3_A_1_5_38_comp3+3_A_1_5_38_comp4+3_A_1_5_38_comp5,R_3_A_1_5_38,TCDB,TCDB.3_A_1_5_38_comp5
G_2_A_7_26_1_comp1,P_2_A_7_26_1_comp1,R_2_A_7_26_1,TCDB,TCDB.2_A_7_26_1_comp1
G_8_A_5_1_7_comp1,P_8_A_5_1_7_comp1,R_8_A_5_1_7,TCDB,TCDB.8_A_5_1_7_comp1
G_2_A_1_15_12_comp1,P_2_A_1_15_12_comp1,R_2_A_1_15_12,TCDB,TCDB.2_A_1_15_12_comp1
G_2_A_1_15_13_comp1,P_2_A_1_15_13_comp1,R_2_A_1_15_13,TCDB,TCDB.2_A_1_15_13_comp1
G_1_B_75_1_3_comp1,P_1_B_75_1_3_comp1,R_1_B_75_1_3,TCDB,TCDB.1_B_75_1_3_comp1
G_9_B_27_1_1_comp1,P_9_B_27_1_1_comp1,R_9_B_27_1_1,TCDB,TCDB.9_B_27_1_1_comp1
G_9_B_27_1_2_comp1,P_9_B_27_1_2_comp1,R_9_B_27_1_2,TCDB,TCDB.9_B_27_1_2_comp1
G_2_A_1_1_115_comp1,P_2_A_1_1_115_comp1,R_2_A_1_1_115,TCDB,TCDB.2_A_1_1_115_comp1
G_2_A_1_17_3_comp1,P_2_A_1_17_3_comp1,R_2_A_1_17_3,TCDB,TCDB.2_A_1_17_3_comp1
G_2_A_76_1_5_comp1,P_2_A_76_1_5_comp1,R_2_A_76_1_5,TCDB,TCDB.2_A_76_1_5_comp1
G_2_A_107_1_1_comp1,P_2_A_107_1_1_comp1,R_2_A_107_1_1,TCDB,TCDB.2_A_107_1_1_comp1
G_2_A_1_3_17_comp1,P_2_A_1_3_17_comp1,R_2_A_1_3_17,TCDB,TCDB.2_A_1_3_17_comp1
G_9_B_62_1_4_comp1,P_9_B_62_1_4_comp1,R_9_B_62_1_4,TCDB,TCDB.9_B_62_1_4_comp1
G_1_A_104_1_1_comp1,P_1_A_104_1_1_comp1,R_1_A_104_1_1,TCDB,TCDB.1_A_104_1_1_comp1
G_9_B_34_1_4_comp1,P_9_B_34_1_4_comp1,R_9_B_34_1_4,TCDB,TCDB.9_B_34_1_4_comp1
G_1_B_54_1_10_comp1,P_1_B_54_1_10_comp1,R_1_B_54_1_10,TCDB,TCDB.1_B_54_1_10_comp1
G_2_A_1_6_6_comp1,P_2_A_1_6_6_comp1,R_2_A_1_6_6,TCDB,TCDB.2_A_1_6_6_comp1
G_2_A_66_1_23_comp1,P_2_A_66_1_23_comp1,R_2_A_66_1_23,TCDB,TCDB.2_A_66_1_23_comp1
G_8_A_3_3_2_comp1,P_8_A_3_3_2_comp1,R_8_A_3_3_2,TCDB,TCDB.8_A_3_3_2_comp1
G_8_A_1_6_2_comp1,P_8_A_1_6_2_comp1,R_8_A_1_6_2,TCDB,TCDB.8_A_1_6_2_comp1
G_2_A_6_2_12_comp1,P_2_A_6_2_12_comp1+2_A_6_2_12_comp2,R_2_A_6_2_12,TCDB,TCDB.2_A_6_2_12_comp1
G_2_A_6_2_12_comp2,P_2_A_6_2_12_comp1+2_A_6_2_12_comp2,R_2_A_6_2_12,TCDB,TCDB.2_A_6_2_12_comp2
G_2_A_1_10_3_comp1,P_2_A_1_10_3_comp1,R_2_A_1_10_3,TCDB,TCDB.2_A_1_10_3_comp1
G_2_A_73_1_1_comp1,P_2_A_73_1_1_comp1,R_2_A_73_1_1,TCDB,TCDB.2_A_73_1_1_comp1
G_2_A_1_14_35_comp1,P_2_A_1_14_35_comp1,R_2_A_1_14_35,TCDB,TCDB.2_A_1_14_35_comp1
G_9_B_142_2_9_comp1,P_9_B_142_2_9_comp1,R_9_B_142_2_9,TCDB,TCDB.9_B_142_2_9_comp1
G_2_A_7_22_1_comp1,P_2_A_7_22_1_comp1+2_A_7_22_1_comp2,R_2_A_7_22_1,TCDB,TCDB.2_A_7_22_1_comp1
G_2_A_7_22_1_comp2,P_2_A_7_22_1_comp1+2_A_7_22_1_comp2,R_2_A_7_22_1,TCDB,TCDB.2_A_7_22_1_comp2
G_1_A_13_2_3_comp1,P_1_A_13_2_3_comp1,R_1_A_13_2_3,TCDB,TCDB.1_A_13_2_3_comp1
G_9_B_127_1_1_comp1,P_9_B_127_1_1_comp1,R_9_B_127_1_1,TCDB,TCDB.9_B_127_1_1_comp1
G_1_S_2_1_1_comp1,P_1_S_2_1_1_comp1,R_1_S_2_1_1,TCDB,TCDB.1_S_2_1_1_comp1
G_9_B_75_2_1_comp1,P_9_B_75_2_1_comp1,R_9_B_75_2_1,TCDB,TCDB.9_B_75_2_1_comp1
G_2_A_1_36_3_comp1,P_2_A_1_36_3_comp1,R_2_A_1_36_3,TCDB,TCDB.2_A_1_36_3_comp1
G_1_B_35_2_2_comp1,P_1_B_35_2_2_comp1,R_1_B_35_2_2,TCDB,TCDB.1_B_35_2_2_comp1
G_1_B_15_1_1_comp1,P_1_B_15_1_1_comp1,R_1_B_15_1_1,TCDB,TCDB.1_B_15_1_1_comp1
G_1_B_17_3_5_comp1,P_1_B_17_3_5_comp1,R_1_B_17_3_5,TCDB,TCDB.1_B_17_3_5_comp1
G_2_A_1_6_9_comp1,P_2_A_1_6_9_comp1,R_2_A_1_6_9,TCDB,TCDB.2_A_1_6_9_comp1
G_1_E_1_1_2_comp1,P_1_E_1_1_2_comp1,R_1_E_1_1_2,TCDB,TCDB.1_E_1_1_2_comp1
G_3_A_1_2_27_comp1,P_3_A_1_2_27_comp1+3_A_1_2_27_comp2+3_A_1_2_27_comp3,R_3_A_1_2_27,TCDB,TCDB.3_A_1_2_27_comp1
G_3_A_1_2_27_comp2,P_3_A_1_2_27_comp1+3_A_1_2_27_comp2+3_A_1_2_27_comp3,R_3_A_1_2_27,TCDB,TCDB.3_A_1_2_27_comp2
G_3_A_1_2_27_comp3,P_3_A_1_2_27_comp1+3_A_1_2_27_comp2+3_A_1_2_27_comp3,R_3_A_1_2_27,TCDB,TCDB.3_A_1_2_27_comp3
G_4_A_1_2_7_comp1,P_4_A_1_2_7_comp1,R_4_A_1_2_7,TCDB,TCDB.4_A_1_2_7_comp1
G_3_A_1_139_2_comp1,P_3_A_1_139_2_comp1+3_A_1_139_2_comp2,R_3_A_1_139_2,TCDB,TCDB.3_A_1_139_2_comp1
G_3_A_1_139_2_comp2,P_3_A_1_139_2_comp1+3_A_1_139_2_comp2,R_3_A_1_139_2,TCDB,TCDB.3_A_1_139_2_comp2
G_2_A_17_1_2_comp1,P_2_A_17_1_2_comp1,R_2_A_17_1_2,TCDB,TCDB.2_A_17_1_2_comp1
G_2_A_40_5_1_comp1,P_2_A_40_5_1_comp1,R_2_A_40_5_1,TCDB,TCDB.2_A_40_5_1_comp1
G_1_C_10_1_1_comp1,P_1_C_10_1_1_comp1,R_1_C_10_1_1,TCDB,TCDB.1_C_10_1_1_comp1
G_1_A_23_1_1_comp1,P_1_A_23_1_1_comp1,R_1_A_23_1_1,TCDB,TCDB.1_A_23_1_1_comp1
G_2_A_66_2_7_comp1,P_2_A_66_2_7_comp1,R_2_A_66_2_7,TCDB,TCDB.2_A_66_2_7_comp1
G_2_A_1_2_65_comp1,P_2_A_1_2_65_comp1,R_2_A_1_2_65,TCDB,TCDB.2_A_1_2_65_comp1
G_2_A_3_6_4_comp1,P_2_A_3_6_4_comp1,R_2_A_3_6_4,TCDB,TCDB.2_A_3_6_4_comp1
G_1_E_53_1_3_comp1,P_1_E_53_1_3_comp1,R_1_E_53_1_3,TCDB,TCDB.1_E_53_1_3_comp1
G_2_A_23_1_8_comp1,P_2_A_23_1_8_comp1,R_2_A_23_1_8,TCDB,TCDB.2_A_23_1_8_comp1
G_2_A_1_46_6_comp1,P_2_A_1_46_6_comp1,R_2_A_1_46_6,TCDB,TCDB.2_A_1_46_6_comp1
G_2_A_1_15_2_comp1,P_2_A_1_15_2_comp1,R_2_A_1_15_2,TCDB,TCDB.2_A_1_15_2_comp1
G_2_A_3_1_24_comp1,P_2_A_3_1_24_comp1,R_2_A_3_1_24,TCDB,TCDB.2_A_3_1_24_comp1
G_2_A_1_2_60_comp1,P_2_A_1_2_60_comp1,R_2_A_1_2_60,TCDB,TCDB.2_A_1_2_60_comp1
G_1_A_16_1_2_comp1,P_1_A_16_1_2_comp1,R_1_A_16_1_2,TCDB,TCDB.1_A_16_1_2_comp1
G_8_A_5_1_6_comp1,P_8_A_5_1_6_comp1,R_8_A_5_1_6,TCDB,TCDB.8_A_5_1_6_comp1
G_1_B_1_1_21_comp1,P_1_B_1_1_21_comp1,R_1_B_1_1_21,TCDB,TCDB.1_B_1_1_21_comp1
G_4_D_1_1_13_comp1,P_4_D_1_1_13_comp1,R_4_D_1_1_13,TCDB,TCDB.4_D_1_1_13_comp1
G_8_A_23_1_14_comp1,P_8_A_23_1_14_comp1,R_8_A_23_1_14,TCDB,TCDB.8_A_23_1_14_comp1
G_8_A_24_1_3_comp1,P_8_A_24_1_3_comp1,R_8_A_24_1_3,TCDB,TCDB.8_A_24_1_3_comp1
G_3_A_1_211_2_comp1,P_3_A_1_211_2_comp1,R_3_A_1_211_2,TCDB,TCDB.3_A_1_211_2_comp1
G_2_A_7_12_6_comp1,P_2_A_7_12_6_comp1,R_2_A_7_12_6,TCDB,TCDB.2_A_7_12_6_comp1
G_2_A_7_12_11_comp1,P_2_A_7_12_11_comp1,R_2_A_7_12_11,TCDB,TCDB.2_A_7_12_11_comp1
G_2_A_7_11_1_comp1,P_2_A_7_11_1_comp1,R_2_A_7_11_1,TCDB,TCDB.2_A_7_11_1_comp1
G_1_A_2_1_16_comp1,P_1_A_2_1_16_comp1,R_1_A_2_1_16,TCDB,TCDB.1_A_2_1_16_comp1
G_8_A_77_1_2_comp1,P_8_A_77_1_2_comp1,R_8_A_77_1_2,TCDB,TCDB.8_A_77_1_2_comp1
G_3_A_1_205_7_comp1,P_3_A_1_205_7_comp1,R_3_A_1_205_7,TCDB,TCDB.3_A_1_205_7_comp1
G_3_A_1_205_5_comp1,P_3_A_1_205_5_comp1,R_3_A_1_205_5,TCDB,TCDB.3_A_1_205_5_comp1
G_3_A_1_206_2_comp1,P_3_A_1_206_2_comp1,R_3_A_1_206_2,TCDB,TCDB.3_A_1_206_2_comp1
G_3_A_3_9_4_comp1,P_3_A_3_9_4_comp1,R_3_A_3_9_4,TCDB,TCDB.3_A_3_9_4_comp1
G_9_A_14_13_28_comp1,P_9_A_14_13_28_comp1,R_9_A_14_13_28,TCDB,TCDB.9_A_14_13_28_comp1
G_1_C_33_1_3_comp1,P_1_C_33_1_3_comp1,R_1_C_33_1_3,TCDB,TCDB.1_C_33_1_3_comp1
G_1_C_39_3_6_comp1,P_1_C_39_3_6_comp1,R_1_C_39_3_6,TCDB,TCDB.1_C_39_3_6_comp1
G_9_B_92_1_3_comp1,P_9_B_92_1_3_comp1,R_9_B_92_1_3,TCDB,TCDB.9_B_92_1_3_comp1
G_1_C_52_1_6_comp1,P_1_C_52_1_6_comp1,R_1_C_52_1_6,TCDB,TCDB.1_C_52_1_6_comp1
G_1_C_52_1_5_comp1,P_1_C_52_1_5_comp1,R_1_C_52_1_5,TCDB,TCDB.1_C_52_1_5_comp1
G_3_C_1_1_1_comp1,P_3_C_1_1_1_comp1+3_C_1_1_1_comp2+3_C_1_1_1_comp3+3_C_1_1_1_comp4+3_C_1_1_1_comp5+3_C_1_1_1_comp6+3_C_1_1_1_comp7+3_C_1_1_1_comp8,R_3_C_1_1_1,TCDB,TCDB.3_C_1_1_1_comp1
G_3_C_1_1_1_comp2,P_3_C_1_1_1_comp1+3_C_1_1_1_comp2+3_C_1_1_1_comp3+3_C_1_1_1_comp4+3_C_1_1_1_comp5+3_C_1_1_1_comp6+3_C_1_1_1_comp7+3_C_1_1_1_comp8,R_3_C_1_1_1,TCDB,TCDB.3_C_1_1_1_comp2
G_3_C_1_1_1_comp3,P_3_C_1_1_1_comp1+3_C_1_1_1_comp2+3_C_1_1_1_comp3+3_C_1_1_1_comp4+3_C_1_1_1_comp5+3_C_1_1_1_comp6+3_C_1_1_1_comp7+3_C_1_1_1_comp8,R_3_C_1_1_1,TCDB,TCDB.3_C_1_1_1_comp3
G_3_C_1_1_1_comp4,P_3_C_1_1_1_comp1+3_C_1_1_1_comp2+3_C_1_1_1_comp3+3_C_1_1_1_comp4+3_C_1_1_1_comp5+3_C_1_1_1_comp6+3_C_1_1_1_comp7+3_C_1_1_1_comp8,R_3_C_1_1_1,TCDB,TCDB.3_C_1_1_1_comp4
G_3_C_1_1_1_comp5,P_3_C_1_1_1_comp1+3_C_1_1_1_comp2+3_C_1_1_1_comp3+3_C_1_1_1_comp4+3_C_1_1_1_comp5+3_C_1_1_1_comp6+3_C_1_1_1_comp7+3_C_1_1_1_comp8,R_3_C_1_1_1,TCDB,TCDB.3_C_1_1_1_comp5
G_3_C_1_1_1_comp6,P_3_C_1_1_1_comp1+3_C_1_1_1_comp2+3_C_1_1_1_comp3+3_C_1_1_1_comp4+3_C_1_1_1_comp5+3_C_1_1_1_comp6+3_C_1_1_1_comp7+3_C_1_1_1_comp8,R_3_C_1_1_1,TCDB,TCDB.3_C_1_1_1_comp6
G_3_C_1_1_1_comp7,P_3_C_1_1_1_comp1+3_C_1_1_1_comp2+3_C_1_1_1_comp3+3_C_1_1_1_comp4+3_C_1_1_1_comp5+3_C_1_1_1_comp6+3_C_1_1_1_comp7+3_C_1_1_1_comp8,R_3_C_1_1_1,TCDB,TCDB.3_C_1_1_1_comp7
G_3_C_1_1_1_comp8,P_3_C_1_1_1_comp1+3_C_1_1_1_comp2+3_C_1_1_1_comp3+3_C_1_1_1_comp4+3_C_1_1_1_comp5+3_C_1_1_1_comp6+3_C_1_1_1_comp7+3_C_1_1_1_comp8,R_3_C_1_1_1,TCDB,TCDB.3_C_1_1_1_comp8
G_1_C_22_1_6_comp1,P_1_C_22_1_6_comp1,R_1_C_22_1_6,TCDB,TCDB.1_C_22_1_6_comp1
G_1_C_52_1_1_comp1,P_1_C_52_1_1_comp1,R_1_C_52_1_1,TCDB,TCDB.1_C_52_1_1_comp1
G_1_C_22_1_5_comp1,P_1_C_22_1_5_comp1,R_1_C_22_1_5,TCDB,TCDB.1_C_22_1_5_comp1
G_1_C_52_1_3_comp1,P_1_C_52_1_3_comp1,R_1_C_52_1_3,TCDB,TCDB.1_C_52_1_3_comp1
G_1_C_24_1_9_comp1,P_1_C_24_1_9_comp1,R_1_C_24_1_9,TCDB,TCDB.1_C_24_1_9_comp1
G_5_A_3_7_1_comp1,P_5_A_3_7_1_comp1+5_A_3_7_1_comp2,R_5_A_3_7_1,TCDB,TCDB.5_A_3_7_1_comp1
G_5_A_3_7_1_comp2,P_5_A_3_7_1_comp1+5_A_3_7_1_comp2,R_5_A_3_7_1,TCDB,TCDB.5_A_3_7_1_comp2
G_1_C_24_1_3_comp1,P_1_C_24_1_3_comp1,R_1_C_24_1_3,TCDB,TCDB.1_C_24_1_3_comp1
G_1_C_20_1_4_comp1,P_1_C_20_1_4_comp1,R_1_C_20_1_4,TCDB,TCDB.1_C_20_1_4_comp1
G_1_C_22_1_8_comp1,P_1_C_22_1_8_comp1,R_1_C_22_1_8,TCDB,TCDB.1_C_22_1_8_comp1
G_1_C_17_3_1_comp1,P_1_C_17_3_1_comp1,R_1_C_17_3_1,TCDB,TCDB.1_C_17_3_1_comp1
G_1_A_71_1_1_comp1,P_1_A_71_1_1_comp1,R_1_A_71_1_1,TCDB,TCDB.1_A_71_1_1_comp1
G_8_A_5_1_4_comp1,P_8_A_5_1_4_comp1,R_8_A_5_1_4,TCDB,TCDB.8_A_5_1_4_comp1
G_1_C_45_5_2_comp1,P_1_C_45_5_2_comp1,R_1_C_45_5_2,TCDB,TCDB.1_C_45_5_2_comp1
G_1_C_4_3_1_comp1,P_1_C_4_3_1_comp1,R_1_C_4_3_1,TCDB,TCDB.1_C_4_3_1_comp1
G_1_C_74_1_6_comp1,P_1_C_74_1_6_comp1,R_1_C_74_1_6,TCDB,TCDB.1_C_74_1_6_comp1
G_8_A_37_1_2_comp1,P_8_A_37_1_2_comp1,R_8_A_37_1_2,TCDB,TCDB.8_A_37_1_2_comp1
G_9_B_297_3_1_comp1,P_9_B_297_3_1_comp1,R_9_B_297_3_1,TCDB,TCDB.9_B_297_3_1_comp1
G_8_A_73_2_4_comp1,P_8_A_73_2_4_comp1,R_8_A_73_2_4,TCDB,TCDB.8_A_73_2_4_comp1
G_1_C_85_1_3_comp1,P_1_C_85_1_3_comp1,R_1_C_85_1_3,TCDB,TCDB.1_C_85_1_3_comp1
G_1_B_14_1_16_comp1,P_1_B_14_1_16_comp1,R_1_B_14_1_16,TCDB,TCDB.1_B_14_1_16_comp1
G_8_B_16_1_4_comp1,P_8_B_16_1_4_comp1,R_8_B_16_1_4,TCDB,TCDB.8_B_16_1_4_comp1
G_1_C_108_1_1_comp1,P_1_C_108_1_1_comp1,R_1_C_108_1_1,TCDB,TCDB.1_C_108_1_1_comp1
G_1_C_47_1_6_comp1,P_1_C_47_1_6_comp1,R_1_C_47_1_6,TCDB,TCDB.1_C_47_1_6_comp1
G_1_C_38_1_2_comp1,P_1_C_38_1_2_comp1,R_1_C_38_1_2,TCDB,TCDB.1_C_38_1_2_comp1
G_8_B_19_2_2_comp1,P_8_B_19_2_2_comp1,R_8_B_19_2_2,TCDB,TCDB.8_B_19_2_2_comp1
G_8_B_4_1_8_comp1,P_8_B_4_1_8_comp1,R_8_B_4_1_8,TCDB,TCDB.8_B_4_1_8_comp1
G_8_B_23_2_3_comp1,P_8_B_23_2_3_comp1,R_8_B_23_2_3,TCDB,TCDB.8_B_23_2_3_comp1
G_8_B_19_2_8_comp1,P_8_B_19_2_8_comp1,R_8_B_19_2_8,TCDB,TCDB.8_B_19_2_8_comp1
G_8_B_12_1_5_comp1,P_8_B_12_1_5_comp1,R_8_B_12_1_5,TCDB,TCDB.8_B_12_1_5_comp1
G_1_C_76_1_4_comp1,P_1_C_76_1_4_comp1,R_1_C_76_1_4,TCDB,TCDB.1_C_76_1_4_comp1
G_1_A_66_1_1_comp1,P_1_A_66_1_1_comp1,R_1_A_66_1_1,TCDB,TCDB.1_A_66_1_1_comp1
G_2_A_7_22_2_comp1,P_2_A_7_22_2_comp1+2_A_7_22_2_comp2,R_2_A_7_22_2,TCDB,TCDB.2_A_7_22_2_comp1
G_2_A_7_22_2_comp2,P_2_A_7_22_2_comp1+2_A_7_22_2_comp2,R_2_A_7_22_2,TCDB,TCDB.2_A_7_22_2_comp2
G_8_B_14_1_3_comp1,P_8_B_14_1_3_comp1,R_8_B_14_1_3,TCDB,TCDB.8_B_14_1_3_comp1
G_1_A_69_1_1_comp1,P_1_A_69_1_1_comp1+1_A_69_1_1_comp2+1_A_69_1_1_comp3+1_A_69_1_1_comp4+1_A_69_1_1_comp5,R_1_A_69_1_1,TCDB,TCDB.1_A_69_1_1_comp1
G_1_A_69_1_1_comp2,P_1_A_69_1_1_comp1+1_A_69_1_1_comp2+1_A_69_1_1_comp3+1_A_69_1_1_comp4+1_A_69_1_1_comp5,R_1_A_69_1_1,TCDB,TCDB.1_A_69_1_1_comp2
G_1_A_69_1_1_comp3,P_1_A_69_1_1_comp1+1_A_69_1_1_comp2+1_A_69_1_1_comp3+1_A_69_1_1_comp4+1_A_69_1_1_comp5,R_1_A_69_1_1,TCDB,TCDB.1_A_69_1_1_comp3
G_1_A_69_1_1_comp4,P_1_A_69_1_1_comp1+1_A_69_1_1_comp2+1_A_69_1_1_comp3+1_A_69_1_1_comp4+1_A_69_1_1_comp5,R_1_A_69_1_1,TCDB,TCDB.1_A_69_1_1_comp4
G_1_A_69_1_1_comp5,P_1_A_69_1_1_comp1+1_A_69_1_1_comp2+1_A_69_1_1_comp3+1_A_69_1_1_comp4+1_A_69_1_1_comp5,R_1_A_69_1_1,TCDB,TCDB.1_A_69_1_1_comp5
G_8_B_9_1_4_comp1,P_8_B_9_1_4_comp1,R_8_B_9_1_4,TCDB,TCDB.8_B_9_1_4_comp1
G_1_C_76_1_5_comp1,P_1_C_76_1_5_comp1,R_1_C_76_1_5,TCDB,TCDB.1_C_76_1_5_comp1
G_1_C_76_1_1_comp1,P_1_C_76_1_1_comp1,R_1_C_76_1_1,TCDB,TCDB.1_C_76_1_1_comp1
G_1_C_76_1_2_comp1,P_1_C_76_1_2_comp1,R_1_C_76_1_2,TCDB,TCDB.1_C_76_1_2_comp1
G_2_A_3_8_19_comp1,P_2_A_3_8_19_comp1,R_2_A_3_8_19,TCDB,TCDB.2_A_3_8_19_comp1
G_2_A_3_8_15_comp1,P_2_A_3_8_15_comp1,R_2_A_3_8_15,TCDB,TCDB.2_A_3_8_15_comp1
G_1_C_19_1_6_comp1,P_1_C_19_1_6_comp1,R_1_C_19_1_6,TCDB,TCDB.1_C_19_1_6_comp1
G_9_B_87_1_29_comp1,P_9_B_87_1_29_comp1,R_9_B_87_1_29,TCDB,TCDB.9_B_87_1_29_comp1
G_1_C_34_3_1_comp1,P_1_C_34_3_1_comp1,R_1_C_34_3_1,TCDB,TCDB.1_C_34_3_1_comp1
G_1_C_76_1_3_comp1,P_1_C_76_1_3_comp1,R_1_C_76_1_3,TCDB,TCDB.1_C_76_1_3_comp1
G_1_C_124_1_5_comp1,P_1_C_124_1_5_comp1,R_1_C_124_1_5,TCDB,TCDB.1_C_124_1_5_comp1
G_3_D_4_2_1_comp1,P_3_D_4_2_1_comp1+3_D_4_2_1_comp2+3_D_4_2_1_comp3,R_3_D_4_2_1,TCDB,TCDB.3_D_4_2_1_comp1
G_3_D_4_2_1_comp2,P_3_D_4_2_1_comp1+3_D_4_2_1_comp2+3_D_4_2_1_comp3,R_3_D_4_2_1,TCDB,TCDB.3_D_4_2_1_comp2
G_3_D_4_2_1_comp3,P_3_D_4_2_1_comp1+3_D_4_2_1_comp2+3_D_4_2_1_comp3,R_3_D_4_2_1,TCDB,TCDB.3_D_4_2_1_comp3
G_1_C_114_1_1_comp1,P_1_C_114_1_1_comp1,R_1_C_114_1_1,TCDB,TCDB.1_C_114_1_1_comp1
G_8_B_2_1_1_comp1,P_8_B_2_1_1_comp1,R_8_B_2_1_1,TCDB,TCDB.8_B_2_1_1_comp1
G_1_C_24_1_14_comp1,P_1_C_24_1_14_comp1,R_1_C_24_1_14,TCDB,TCDB.1_C_24_1_14_comp1
G_1_C_124_2_1_comp1,P_1_C_124_2_1_comp1,R_1_C_124_2_1,TCDB,TCDB.1_C_124_2_1_comp1
G_1_C_124_1_1_comp1,P_1_C_124_1_1_comp1,R_1_C_124_1_1,TCDB,TCDB.1_C_124_1_1_comp1
G_1_C_68_1_1_comp1,P_1_C_68_1_1_comp1,R_1_C_68_1_1,TCDB,TCDB.1_C_68_1_1_comp1
G_1_C_68_1_2_comp1,P_1_C_68_1_2_comp1,R_1_C_68_1_2,TCDB,TCDB.1_C_68_1_2_comp1
G_8_B_6_1_9_comp1,P_8_B_6_1_9_comp1,R_8_B_6_1_9,TCDB,TCDB.8_B_6_1_9_comp1
G_1_A_69_2_7_comp1,P_1_A_69_2_7_comp1,R_1_A_69_2_7,TCDB,TCDB.1_A_69_2_7_comp1
G_8_B_4_1_1_comp1,P_8_B_4_1_1_comp1,R_8_B_4_1_1,TCDB,TCDB.8_B_4_1_1_comp1
G_8_B_3_1_3_comp1,P_8_B_3_1_3_comp1,R_8_B_3_1_3,TCDB,TCDB.8_B_3_1_3_comp1
G_1_C_74_1_5_comp1,P_1_C_74_1_5_comp1,R_1_C_74_1_5,TCDB,TCDB.1_C_74_1_5_comp1
G_1_A_64_4_1_comp1,P_1_A_64_4_1_comp1,R_1_A_64_4_1,TCDB,TCDB.1_A_64_4_1_comp1
G_8_B_22_1_3_comp1,P_8_B_22_1_3_comp1,R_8_B_22_1_3,TCDB,TCDB.8_B_22_1_3_comp1
G_1_C_52_1_8_comp1,P_1_C_52_1_8_comp1,R_1_C_52_1_8,TCDB,TCDB.1_C_52_1_8_comp1
G_1_C_97_3_2_comp1,P_1_C_97_3_2_comp1,R_1_C_97_3_2,TCDB,TCDB.1_C_97_3_2_comp1
G_1_C_119_1_2_comp1,P_1_C_119_1_2_comp1,R_1_C_119_1_2,TCDB,TCDB.1_C_119_1_2_comp1
G_8_B_3_1_2_comp1,P_8_B_3_1_2_comp1,R_8_B_3_1_2,TCDB,TCDB.8_B_3_1_2_comp1
G_8_B_5_2_1_comp1,P_8_B_5_2_1_comp1,R_8_B_5_2_1,TCDB,TCDB.8_B_5_2_1_comp1
G_8_B_5_1_1_comp1,P_8_B_5_1_1_comp1,R_8_B_5_1_1,TCDB,TCDB.8_B_5_1_1_comp1
G_1_C_88_1_1_comp1,P_1_C_88_1_1_comp1,R_1_C_88_1_1,TCDB,TCDB.1_C_88_1_1_comp1
G_1_C_88_1_2_comp1,P_1_C_88_1_2_comp1,R_1_C_88_1_2,TCDB,TCDB.1_C_88_1_2_comp1
G_1_C_88_1_3_comp1,P_1_C_88_1_3_comp1,R_1_C_88_1_3,TCDB,TCDB.1_C_88_1_3_comp1
G_8_B_6_2_2_comp1,P_8_B_6_2_2_comp1,R_8_B_6_2_2,TCDB,TCDB.8_B_6_2_2_comp1
G_1_A_2_2_1_comp1,P_1_A_2_2_1_comp1,R_1_A_2_2_1,TCDB,TCDB.1_A_2_2_1_comp1
G_9_A_45_1_1_comp1,P_9_A_45_1_1_comp1,R_9_A_45_1_1,TCDB,TCDB.9_A_45_1_1_comp1
G_8_A_131_1_14_comp1,P_8_A_131_1_14_comp1,R_8_A_131_1_14,TCDB,TCDB.8_A_131_1_14_comp1
G_1_C_46_2_2_comp1,P_1_C_46_2_2_comp1,R_1_C_46_2_2,TCDB,TCDB.1_C_46_2_2_comp1
G_8_A_82_2_8_comp1,P_8_A_82_2_8_comp1,R_8_A_82_2_8,TCDB,TCDB.8_A_82_2_8_comp1
G_8_B_3_1_4_comp1,P_8_B_3_1_4_comp1,R_8_B_3_1_4,TCDB,TCDB.8_B_3_1_4_comp1
G_1_C_52_1_12_comp1,P_1_C_52_1_12_comp1,R_1_C_52_1_12,TCDB,TCDB.1_C_52_1_12_comp1
G_1_C_52_1_20_comp1,P_1_C_52_1_20_comp1,R_1_C_52_1_20,TCDB,TCDB.1_C_52_1_20_comp1
G_1_C_94_1_1_comp1,P_1_C_94_1_1_comp1,R_1_C_94_1_1,TCDB,TCDB.1_C_94_1_1_comp1
G_8_B_8_1_1_comp1,P_8_B_8_1_1_comp1,R_8_B_8_1_1,TCDB,TCDB.8_B_8_1_1_comp1
G_8_B_11_1_4_comp1,P_8_B_11_1_4_comp1,R_8_B_11_1_4,TCDB,TCDB.8_B_11_1_4_comp1
G_1_C_24_1_13_comp1,P_1_C_24_1_13_comp1,R_1_C_24_1_13,TCDB,TCDB.1_C_24_1_13_comp1
G_8_B_7_1_1_comp1,P_8_B_7_1_1_comp1,R_8_B_7_1_1,TCDB,TCDB.8_B_7_1_1_comp1
G_8_B_19_2_4_comp1,P_8_B_19_2_4_comp1,R_8_B_19_2_4,TCDB,TCDB.8_B_19_2_4_comp1
G_8_B_6_1_4_comp1,P_8_B_6_1_4_comp1,R_8_B_6_1_4,TCDB,TCDB.8_B_6_1_4_comp1
G_1_C_74_1_9_comp1,P_1_C_74_1_9_comp1,R_1_C_74_1_9,TCDB,TCDB.1_C_74_1_9_comp1
G_1_C_52_1_13_comp1,P_1_C_52_1_13_comp1,R_1_C_52_1_13,TCDB,TCDB.1_C_52_1_13_comp1
G_1_C_52_1_17_comp1,P_1_C_52_1_17_comp1,R_1_C_52_1_17,TCDB,TCDB.1_C_52_1_17_comp1
G_8_B_23_1_4_comp1,P_8_B_23_1_4_comp1,R_8_B_23_1_4,TCDB,TCDB.8_B_23_1_4_comp1
G_1_C_85_2_2_comp1,P_1_C_85_2_2_comp1,R_1_C_85_2_2,TCDB,TCDB.1_C_85_2_2_comp1
G_8_B_7_1_2_comp1,P_8_B_7_1_2_comp1,R_8_B_7_1_2,TCDB,TCDB.8_B_7_1_2_comp1
G_8_B_12_1_6_comp1,P_8_B_12_1_6_comp1,R_8_B_12_1_6,TCDB,TCDB.8_B_12_1_6_comp1
G_9_B_12_1_2_comp1,P_9_B_12_1_2_comp1,R_9_B_12_1_2,TCDB,TCDB.9_B_12_1_2_comp1
G_1_G_22_1_2_comp1,P_1_G_22_1_2_comp1,R_1_G_22_1_2,TCDB,TCDB.1_G_22_1_2_comp1
G_1_G_4_1_3_comp1,P_1_G_4_1_3_comp1,R_1_G_4_1_3,TCDB,TCDB.1_G_4_1_3_comp1
G_8_A_159_1_10_comp1,P_8_A_159_1_10_comp1,R_8_A_159_1_10,TCDB,TCDB.8_A_159_1_10_comp1
G_1_A_1_10_2_comp1,P_1_A_1_10_2_comp1,R_1_A_1_10_2,TCDB,TCDB.1_A_1_10_2_comp1
G_1_A_6_1_4_comp1,P_1_A_6_1_4_comp1,R_1_A_6_1_4,TCDB,TCDB.1_A_6_1_4_comp1
G_8_A_38_1_2_comp1,P_8_A_38_1_2_comp1,R_8_A_38_1_2,TCDB,TCDB.8_A_38_1_2_comp1
G_8_A_166_1_2_comp1,P_8_A_166_1_2_comp1,R_8_A_166_1_2,TCDB,TCDB.8_A_166_1_2_comp1
G_2_A_17_4_2_comp1,P_2_A_17_4_2_comp1,R_2_A_17_4_2,TCDB,TCDB.2_A_17_4_2_comp1
G_9_A_14_16_6_comp1,P_9_A_14_16_6_comp1,R_9_A_14_16_6,TCDB,TCDB.9_A_14_16_6_comp1
G_1_A_9_4_3_comp1,P_1_A_9_4_3_comp1,R_1_A_9_4_3,TCDB,TCDB.1_A_9_4_3_comp1
G_1_A_3_1_6_comp1,P_1_A_3_1_6_comp1,R_1_A_3_1_6,TCDB,TCDB.1_A_3_1_6_comp1
G_2_A_97_1_3_comp1,P_2_A_97_1_3_comp1,R_2_A_97_1_3,TCDB,TCDB.2_A_97_1_3_comp1
G_2_A_18_2_4_comp1,P_2_A_18_2_4_comp1,R_2_A_18_2_4,TCDB,TCDB.2_A_18_2_4_comp1
G_2_A_12_1_19_comp1,P_2_A_12_1_19_comp1,R_2_A_12_1_19,TCDB,TCDB.2_A_12_1_19_comp1
G_3_A_3_2_13_comp1,P_3_A_3_2_13_comp1,R_3_A_3_2_13,TCDB,TCDB.3_A_3_2_13_comp1
G_5_B_1_4_4_comp1,P_5_B_1_4_4_comp1,R_5_B_1_4_4,TCDB,TCDB.5_B_1_4_4_comp1
G_1_A_1_4_9_comp1,P_1_A_1_4_9_comp1,R_1_A_1_4_9,TCDB,TCDB.1_A_1_4_9_comp1
G_2_A_18_3_1_comp1,P_2_A_18_3_1_comp1,R_2_A_18_3_1,TCDB,TCDB.2_A_18_3_1_comp1
G_9_B_87_1_13_comp1,P_9_B_87_1_13_comp1,R_9_B_87_1_13,TCDB,TCDB.9_B_87_1_13_comp1
G_3_A_1_107_2_comp1,P_3_A_1_107_2_comp1+3_A_1_107_2_comp2,R_3_A_1_107_2,TCDB,TCDB.3_A_1_107_2_comp1
G_3_A_1_107_2_comp2,P_3_A_1_107_2_comp1+3_A_1_107_2_comp2,R_3_A_1_107_2,TCDB,TCDB.3_A_1_107_2_comp2
G_9_B_14_1_6_comp1,P_9_B_14_1_6_comp1,R_9_B_14_1_6,TCDB,TCDB.9_B_14_1_6_comp1
G_2_A_123_1_1_comp1,P_2_A_123_1_1_comp1,R_2_A_123_1_1,TCDB,TCDB.2_A_123_1_1_comp1
G_2_A_7_9_3_comp1,P_2_A_7_9_3_comp1,R_2_A_7_9_3,TCDB,TCDB.2_A_7_9_3_comp1
G_1_A_130_1_11_comp1,P_1_A_130_1_11_comp1,R_1_A_130_1_11,TCDB,TCDB.1_A_130_1_11_comp1
G_3_D_4_9_1_comp1,P_3_D_4_9_1_comp1+3_D_4_9_1_comp2+3_D_4_9_1_comp3+3_D_4_9_1_comp4+3_D_4_9_1_comp5+3_D_4_9_1_comp6,R_3_D_4_9_1,TCDB,TCDB.3_D_4_9_1_comp1
G_3_D_4_9_1_comp2,P_3_D_4_9_1_comp1+3_D_4_9_1_comp2+3_D_4_9_1_comp3+3_D_4_9_1_comp4+3_D_4_9_1_comp5+3_D_4_9_1_comp6,R_3_D_4_9_1,TCDB,TCDB.3_D_4_9_1_comp2
G_3_D_4_9_1_comp3,P_3_D_4_9_1_comp1+3_D_4_9_1_comp2+3_D_4_9_1_comp3+3_D_4_9_1_comp4+3_D_4_9_1_comp5+3_D_4_9_1_comp6,R_3_D_4_9_1,TCDB,TCDB.3_D_4_9_1_comp3
G_3_D_4_9_1_comp4,P_3_D_4_9_1_comp1+3_D_4_9_1_comp2+3_D_4_9_1_comp3+3_D_4_9_1_comp4+3_D_4_9_1_comp5+3_D_4_9_1_comp6,R_3_D_4_9_1,TCDB,TCDB.3_D_4_9_1_comp4
G_3_D_4_9_1_comp5,P_3_D_4_9_1_comp1+3_D_4_9_1_comp2+3_D_4_9_1_comp3+3_D_4_9_1_comp4+3_D_4_9_1_comp5+3_D_4_9_1_comp6,R_3_D_4_9_1,TCDB,TCDB.3_D_4_9_1_comp5
G_3_D_4_9_1_comp6,P_3_D_4_9_1_comp1+3_D_4_9_1_comp2+3_D_4_9_1_comp3+3_D_4_9_1_comp4+3_D_4_9_1_comp5+3_D_4_9_1_comp6,R_3_D_4_9_1,TCDB,TCDB.3_D_4_9_1_comp6
G_2_A_1_15_4_comp1,P_2_A_1_15_4_comp1,R_2_A_1_15_4,TCDB,TCDB.2_A_1_15_4_comp1
G_2_A_115_1_2_comp1,P_2_A_115_1_2_comp1,R_2_A_115_1_2,TCDB,TCDB.2_A_115_1_2_comp1
G_2_A_24_2_4_comp1,P_2_A_24_2_4_comp1,R_2_A_24_2_4,TCDB,TCDB.2_A_24_2_4_comp1
G_2_A_39_1_5_comp1,P_2_A_39_1_5_comp1,R_2_A_39_1_5,TCDB,TCDB.2_A_39_1_5_comp1
G_3_A_1_105_19_comp1,P_3_A_1_105_19_comp1+3_A_1_105_19_comp2+3_A_1_105_19_comp3,R_3_A_1_105_19,TCDB,TCDB.3_A_1_105_19_comp1
G_3_A_1_105_19_comp2,P_3_A_1_105_19_comp1+3_A_1_105_19_comp2+3_A_1_105_19_comp3,R_3_A_1_105_19,TCDB,TCDB.3_A_1_105_19_comp2
G_3_A_1_105_19_comp3,P_3_A_1_105_19_comp1+3_A_1_105_19_comp2+3_A_1_105_19_comp3,R_3_A_1_105_19,TCDB,TCDB.3_A_1_105_19_comp3
G_2_A_2_3_2_comp1,P_2_A_2_3_2_comp1,R_2_A_2_3_2,TCDB,TCDB.2_A_2_3_2_comp1
G_1_E_14_1_17_comp1,P_1_E_14_1_17_comp1,R_1_E_14_1_17,TCDB,TCDB.1_E_14_1_17_comp1
G_2_A_122_1_6_comp1,P_2_A_122_1_6_comp1,R_2_A_122_1_6,TCDB,TCDB.2_A_122_1_6_comp1
G_9_B_105_1_3_comp1,P_9_B_105_1_3_comp1,R_9_B_105_1_3,TCDB,TCDB.9_B_105_1_3_comp1
G_2_A_1_3_57_comp1,P_2_A_1_3_57_comp1,R_2_A_1_3_57,TCDB,TCDB.2_A_1_3_57_comp1
G_2_A_39_3_4_comp1,P_2_A_39_3_4_comp1,R_2_A_39_3_4,TCDB,TCDB.2_A_39_3_4_comp1
G_1_A_22_1_3_comp1,P_1_A_22_1_3_comp1,R_1_A_22_1_3,TCDB,TCDB.1_A_22_1_3_comp1
G_2_A_75_1_1_comp1,P_2_A_75_1_1_comp1,R_2_A_75_1_1,TCDB,TCDB.2_A_75_1_1_comp1
G_2_A_1_14_41_comp1,P_2_A_1_14_41_comp1,R_2_A_1_14_41,TCDB,TCDB.2_A_1_14_41_comp1
G_1_B_7_1_2_comp1,P_1_B_7_1_2_comp1,R_1_B_7_1_2,TCDB,TCDB.1_B_7_1_2_comp1
G_1_B_14_10_1_comp1,P_1_B_14_10_1_comp1,R_1_B_14_10_1,TCDB,TCDB.1_B_14_10_1_comp1
G_2_A_1_21_1_comp1,P_2_A_1_21_1_comp1,R_2_A_1_21_1,TCDB,TCDB.2_A_1_21_1_comp1
G_2_A_1_46_8_comp1,P_2_A_1_46_8_comp1,R_2_A_1_46_8,TCDB,TCDB.2_A_1_46_8_comp1
G_2_A_1_1_15_comp1,P_2_A_1_1_15_comp1,R_2_A_1_1_15,TCDB,TCDB.2_A_1_1_15_comp1
G_3_A_1_11_5_comp1,P_3_A_1_11_5_comp1+3_A_1_11_5_comp2+3_A_1_11_5_comp3+3_A_1_11_5_comp4,R_3_A_1_11_5,TCDB,TCDB.3_A_1_11_5_comp1
G_3_A_1_11_5_comp2,P_3_A_1_11_5_comp1+3_A_1_11_5_comp2+3_A_1_11_5_comp3+3_A_1_11_5_comp4,R_3_A_1_11_5,TCDB,TCDB.3_A_1_11_5_comp2
G_3_A_1_11_5_comp3,P_3_A_1_11_5_comp1+3_A_1_11_5_comp2+3_A_1_11_5_comp3+3_A_1_11_5_comp4,R_3_A_1_11_5,TCDB,TCDB.3_A_1_11_5_comp3
G_3_A_1_11_5_comp4,P_3_A_1_11_5_comp1+3_A_1_11_5_comp2+3_A_1_11_5_comp3+3_A_1_11_5_comp4,R_3_A_1_11_5,TCDB,TCDB.3_A_1_11_5_comp4
G_3_A_1_15_8_comp1,P_3_A_1_15_8_comp1+3_A_1_15_8_comp2+3_A_1_15_8_comp3+3_A_1_15_8_comp4,R_3_A_1_15_8,TCDB,TCDB.3_A_1_15_8_comp1
G_3_A_1_15_8_comp2,P_3_A_1_15_8_comp1+3_A_1_15_8_comp2+3_A_1_15_8_comp3+3_A_1_15_8_comp4,R_3_A_1_15_8,TCDB,TCDB.3_A_1_15_8_comp2
G_3_A_1_15_8_comp3,P_3_A_1_15_8_comp1+3_A_1_15_8_comp2+3_A_1_15_8_comp3+3_A_1_15_8_comp4,R_3_A_1_15_8,TCDB,TCDB.3_A_1_15_8_comp3
G_3_A_1_15_8_comp4,P_3_A_1_15_8_comp1+3_A_1_15_8_comp2+3_A_1_15_8_comp3+3_A_1_15_8_comp4,R_3_A_1_15_8,TCDB,TCDB.3_A_1_15_8_comp4
G_2_A_21_3_2_comp1,P_2_A_21_3_2_comp1,R_2_A_21_3_2,TCDB,TCDB.2_A_21_3_2_comp1
G_2_A_52_1_2_comp1,P_2_A_52_1_2_comp1,R_2_A_52_1_2,TCDB,TCDB.2_A_52_1_2_comp1
G_3_A_1_1_23_comp1,P_3_A_1_1_23_comp1+3_A_1_1_23_comp2+3_A_1_1_23_comp3+3_A_1_1_23_comp4,R_3_A_1_1_23,TCDB,TCDB.3_A_1_1_23_comp1
G_3_A_1_1_23_comp2,P_3_A_1_1_23_comp1+3_A_1_1_23_comp2+3_A_1_1_23_comp3+3_A_1_1_23_comp4,R_3_A_1_1_23,TCDB,TCDB.3_A_1_1_23_comp2
G_3_A_1_1_23_comp3,P_3_A_1_1_23_comp1+3_A_1_1_23_comp2+3_A_1_1_23_comp3+3_A_1_1_23_comp4,R_3_A_1_1_23,TCDB,TCDB.3_A_1_1_23_comp3
G_3_A_1_1_23_comp4,P_3_A_1_1_23_comp1+3_A_1_1_23_comp2+3_A_1_1_23_comp3+3_A_1_1_23_comp4,R_3_A_1_1_23,TCDB,TCDB.3_A_1_1_23_comp4
G_2_A_1_5_4_comp1,P_2_A_1_5_4_comp1,R_2_A_1_5_4,TCDB,TCDB.2_A_1_5_4_comp1
G_2_A_55_3_3_comp1,P_2_A_55_3_3_comp1,R_2_A_55_3_3,TCDB,TCDB.2_A_55_3_3_comp1
G_2_A_23_1_6_comp1,P_2_A_23_1_6_comp1,R_2_A_23_1_6,TCDB,TCDB.2_A_23_1_6_comp1
G_2_A_7_3_31_comp1,P_2_A_7_3_31_comp1,R_2_A_7_3_31,TCDB,TCDB.2_A_7_3_31_comp1
G_2_A_7_3_24_comp1,P_2_A_7_3_24_comp1,R_2_A_7_3_24,TCDB,TCDB.2_A_7_3_24_comp1
G_2_A_7_3_32_comp1,P_2_A_7_3_32_comp1,R_2_A_7_3_32,TCDB,TCDB.2_A_7_3_32_comp1
G_2_A_3_1_16_comp1,P_2_A_3_1_16_comp1,R_2_A_3_1_16,TCDB,TCDB.2_A_3_1_16_comp1
G_2_A_1_1_55_comp1,P_2_A_1_1_55_comp1,R_2_A_1_1_55,TCDB,TCDB.2_A_1_1_55_comp1
G_2_A_1_3_50_comp1,P_2_A_1_3_50_comp1,R_2_A_1_3_50,TCDB,TCDB.2_A_1_3_50_comp1
G_3_E_1_1_4_comp1,P_3_E_1_1_4_comp1,R_3_E_1_1_4,TCDB,TCDB.3_E_1_1_4_comp1
G_2_A_2_3_3_comp1,P_2_A_2_3_3_comp1,R_2_A_2_3_3,TCDB,TCDB.2_A_2_3_3_comp1
G_3_D_7_1_1_comp1,P_3_D_7_1_1_comp1+3_D_7_1_1_comp2+3_D_7_1_1_comp3+3_D_7_1_1_comp4+3_D_7_1_1_comp5,R_3_D_7_1_1,TCDB,TCDB.3_D_7_1_1_comp1
G_3_D_7_1_1_comp2,P_3_D_7_1_1_comp1+3_D_7_1_1_comp2+3_D_7_1_1_comp3+3_D_7_1_1_comp4+3_D_7_1_1_comp5,R_3_D_7_1_1,TCDB,TCDB.3_D_7_1_1_comp2
G_3_D_7_1_1_comp3,P_3_D_7_1_1_comp1+3_D_7_1_1_comp2+3_D_7_1_1_comp3+3_D_7_1_1_comp4+3_D_7_1_1_comp5,R_3_D_7_1_1,TCDB,TCDB.3_D_7_1_1_comp3
G_3_D_7_1_1_comp4,P_3_D_7_1_1_comp1+3_D_7_1_1_comp2+3_D_7_1_1_comp3+3_D_7_1_1_comp4+3_D_7_1_1_comp5,R_3_D_7_1_1,TCDB,TCDB.3_D_7_1_1_comp4
G_3_D_7_1_1_comp5,P_3_D_7_1_1_comp1+3_D_7_1_1_comp2+3_D_7_1_1_comp3+3_D_7_1_1_comp4+3_D_7_1_1_comp5,R_3_D_7_1_1,TCDB,TCDB.3_D_7_1_1_comp5
G_8_A_201_1_1_comp1,P_8_A_201_1_1_comp1,R_8_A_201_1_1,TCDB,TCDB.8_A_201_1_1_comp1
G_2_A_53_3_12_comp1,P_2_A_53_3_12_comp1,R_2_A_53_3_12,TCDB,TCDB.2_A_53_3_12_comp1
G_1_B_14_2_3_comp1,P_1_B_14_2_3_comp1+1_B_14_2_3_comp2,R_1_B_14_2_3,TCDB,TCDB.1_B_14_2_3_comp1
G_1_B_14_2_3_comp2,P_1_B_14_2_3_comp1+1_B_14_2_3_comp2,R_1_B_14_2_3,TCDB,TCDB.1_B_14_2_3_comp2
G_2_A_1_23_2_comp1,P_2_A_1_23_2_comp1,R_2_A_1_23_2,TCDB,TCDB.2_A_1_23_2_comp1
G_3_A_1_117_1_comp1,P_3_A_1_117_1_comp1,R_3_A_1_117_1,TCDB,TCDB.3_A_1_117_1_comp1
G_3_D_6_1_1_comp1,P_3_D_6_1_1_comp1+3_D_6_1_1_comp2+3_D_6_1_1_comp3+3_D_6_1_1_comp4+3_D_6_1_1_comp5+3_D_6_1_1_comp6,R_3_D_6_1_1,TCDB,TCDB.3_D_6_1_1_comp1
G_3_D_6_1_1_comp2,P_3_D_6_1_1_comp1+3_D_6_1_1_comp2+3_D_6_1_1_comp3+3_D_6_1_1_comp4+3_D_6_1_1_comp5+3_D_6_1_1_comp6,R_3_D_6_1_1,TCDB,TCDB.3_D_6_1_1_comp2
G_3_D_6_1_1_comp3,P_3_D_6_1_1_comp1+3_D_6_1_1_comp2+3_D_6_1_1_comp3+3_D_6_1_1_comp4+3_D_6_1_1_comp5+3_D_6_1_1_comp6,R_3_D_6_1_1,TCDB,TCDB.3_D_6_1_1_comp3
G_3_D_6_1_1_comp4,P_3_D_6_1_1_comp1+3_D_6_1_1_comp2+3_D_6_1_1_comp3+3_D_6_1_1_comp4+3_D_6_1_1_comp5+3_D_6_1_1_comp6,R_3_D_6_1_1,TCDB,TCDB.3_D_6_1_1_comp4
G_3_D_6_1_1_comp5,P_3_D_6_1_1_comp1+3_D_6_1_1_comp2+3_D_6_1_1_comp3+3_D_6_1_1_comp4+3_D_6_1_1_comp5+3_D_6_1_1_comp6,R_3_D_6_1_1,TCDB,TCDB.3_D_6_1_1_comp5
G_3_D_6_1_1_comp6,P_3_D_6_1_1_comp1+3_D_6_1_1_comp2+3_D_6_1_1_comp3+3_D_6_1_1_comp4+3_D_6_1_1_comp5+3_D_6_1_1_comp6,R_3_D_6_1_1,TCDB,TCDB.3_D_6_1_1_comp6
G_2_A_6_6_4_comp1,P_2_A_6_6_4_comp1,R_2_A_6_6_4,TCDB,TCDB.2_A_6_6_4_comp1
G_1_A_1_15_1_comp1,P_1_A_1_15_1_comp1,R_1_A_1_15_1,TCDB,TCDB.1_A_1_15_1_comp1
G_1_A_1_9_1_comp1,P_1_A_1_9_1_comp1,R_1_A_1_9_1,TCDB,TCDB.1_A_1_9_1_comp1
G_2_A_29_8_1_comp1,P_2_A_29_8_1_comp1,R_2_A_29_8_1,TCDB,TCDB.2_A_29_8_1_comp1
G_1_A_1_2_9_comp1,P_1_A_1_2_9_comp1,R_1_A_1_2_9,TCDB,TCDB.1_A_1_2_9_comp1
G_9_B_9_1_1_comp1,P_9_B_9_1_1_comp1,R_9_B_9_1_1,TCDB,TCDB.9_B_9_1_1_comp1
G_3_D_4_4_3_comp1,P_3_D_4_4_3_comp1+3_D_4_4_3_comp2+3_D_4_4_3_comp3,R_3_D_4_4_3,TCDB,TCDB.3_D_4_4_3_comp1
G_3_D_4_4_3_comp2,P_3_D_4_4_3_comp1+3_D_4_4_3_comp2+3_D_4_4_3_comp3,R_3_D_4_4_3,TCDB,TCDB.3_D_4_4_3_comp2
G_3_D_4_4_3_comp3,P_3_D_4_4_3_comp1+3_D_4_4_3_comp2+3_D_4_4_3_comp3,R_3_D_4_4_3,TCDB,TCDB.3_D_4_4_3_comp3
G_3_D_4_10_2_comp1,P_3_D_4_10_2_comp1+3_D_4_10_2_comp2,R_3_D_4_10_2,TCDB,TCDB.3_D_4_10_2_comp1
G_3_D_4_10_2_comp2,P_3_D_4_10_2_comp1+3_D_4_10_2_comp2,R_3_D_4_10_2,TCDB,TCDB.3_D_4_10_2_comp2
G_1_A_5_1_1_comp1,P_1_A_5_1_1_comp1+1_A_5_1_1_comp2,R_1_A_5_1_1,TCDB,TCDB.1_A_5_1_1_comp1
G_1_A_5_1_1_comp2,P_1_A_5_1_1_comp1+1_A_5_1_1_comp2,R_1_A_5_1_1,TCDB,TCDB.1_A_5_1_1_comp2
G_9_B_87_1_14_comp1,P_9_B_87_1_14_comp1,R_9_B_87_1_14,TCDB,TCDB.9_B_87_1_14_comp1
G_3_A_3_2_5_comp1,P_3_A_3_2_5_comp1,R_3_A_3_2_5,TCDB,TCDB.3_A_3_2_5_comp1
G_3_A_3_8_17_comp1,P_3_A_3_8_17_comp1,R_3_A_3_8_17,TCDB,TCDB.3_A_3_8_17_comp1
G_3_A_3_8_8_comp1,P_3_A_3_8_8_comp1,R_3_A_3_8_8,TCDB,TCDB.3_A_3_8_8_comp1
G_3_A_3_8_7_comp1,P_3_A_3_8_7_comp1,R_3_A_3_8_7,TCDB,TCDB.3_A_3_8_7_comp1
G_3_A_3_8_9_comp1,P_3_A_3_8_9_comp1,R_3_A_3_8_9,TCDB,TCDB.3_A_3_8_9_comp1
G_1_A_132_1_1_comp1,P_1_A_132_1_1_comp1,R_1_A_132_1_1,TCDB,TCDB.1_A_132_1_1_comp1
G_3_A_1_8_5_comp1,P_3_A_1_8_5_comp1+3_A_1_8_5_comp2+3_A_1_8_5_comp3,R_3_A_1_8_5,TCDB,TCDB.3_A_1_8_5_comp1
G_3_A_1_8_5_comp2,P_3_A_1_8_5_comp1+3_A_1_8_5_comp2+3_A_1_8_5_comp3,R_3_A_1_8_5,TCDB,TCDB.3_A_1_8_5_comp2
G_3_A_1_8_5_comp3,P_3_A_1_8_5_comp1+3_A_1_8_5_comp2+3_A_1_8_5_comp3,R_3_A_1_8_5,TCDB,TCDB.3_A_1_8_5_comp3
G_5_A_1_2_9_comp1,P_5_A_1_2_9_comp1,R_5_A_1_2_9,TCDB,TCDB.5_A_1_2_9_comp1
G_1_B_94_1_1_comp1,P_1_B_94_1_1_comp1+1_B_94_1_1_comp2,R_1_B_94_1_1,TCDB,TCDB.1_B_94_1_1_comp1
G_1_B_94_1_1_comp2,P_1_B_94_1_1_comp1+1_B_94_1_1_comp2,R_1_B_94_1_1,TCDB,TCDB.1_B_94_1_1_comp2
G_1_B_94_1_3_comp1,P_1_B_94_1_3_comp1+1_B_94_1_3_comp2,R_1_B_94_1_3,TCDB,TCDB.1_B_94_1_3_comp1
G_1_B_94_1_3_comp2,P_1_B_94_1_3_comp1+1_B_94_1_3_comp2,R_1_B_94_1_3,TCDB,TCDB.1_B_94_1_3_comp2
G_9_B_179_1_5_comp1,P_9_B_179_1_5_comp1,R_9_B_179_1_5,TCDB,TCDB.9_B_179_1_5_comp1
G_9_B_282_1_1_comp1,P_9_B_282_1_1_comp1+9_B_282_1_1_comp2+9_B_282_1_1_comp3,R_9_B_282_1_1,TCDB,TCDB.9_B_282_1_1_comp1
G_9_B_282_1_1_comp2,P_9_B_282_1_1_comp1+9_B_282_1_1_comp2+9_B_282_1_1_comp3,R_9_B_282_1_1,TCDB,TCDB.9_B_282_1_1_comp2
G_9_B_282_1_1_comp3,P_9_B_282_1_1_comp1+9_B_282_1_1_comp2+9_B_282_1_1_comp3,R_9_B_282_1_1,TCDB,TCDB.9_B_282_1_1_comp3
G_2_A_6_5_13_comp1,P_2_A_6_5_13_comp1,R_2_A_6_5_13,TCDB,TCDB.2_A_6_5_13_comp1
G_2_A_1_3_78_comp1,P_2_A_1_3_78_comp1,R_2_A_1_3_78,TCDB,TCDB.2_A_1_3_78_comp1
G_1_B_79_1_1_comp1,P_1_B_79_1_1_comp1,R_1_B_79_1_1,TCDB,TCDB.1_B_79_1_1_comp1
G_2_A_129_1_2_comp1,P_2_A_129_1_2_comp1,R_2_A_129_1_2,TCDB,TCDB.2_A_129_1_2_comp1
G_9_B_364_1_5_comp1,P_9_B_364_1_5_comp1+9_B_364_1_5_comp2+9_B_364_1_5_comp3,R_9_B_364_1_5,TCDB,TCDB.9_B_364_1_5_comp1
G_9_B_364_1_5_comp2,P_9_B_364_1_5_comp1+9_B_364_1_5_comp2+9_B_364_1_5_comp3,R_9_B_364_1_5,TCDB,TCDB.9_B_364_1_5_comp2
G_9_B_364_1_5_comp3,P_9_B_364_1_5_comp1+9_B_364_1_5_comp2+9_B_364_1_5_comp3,R_9_B_364_1_5,TCDB,TCDB.9_B_364_1_5_comp3
G_3_A_3_2_53_comp1,P_3_A_3_2_53_comp1,R_3_A_3_2_53,TCDB,TCDB.3_A_3_2_53_comp1
G_3_A_3_32_2_comp1,P_3_A_3_32_2_comp1,R_3_A_3_32_2,TCDB,TCDB.3_A_3_32_2_comp1
G_3_A_3_5_41_comp1,P_3_A_3_5_41_comp1,R_3_A_3_5_41,TCDB,TCDB.3_A_3_5_41_comp1
G_3_A_1_120_8_comp1,P_3_A_1_120_8_comp1,R_3_A_1_120_8,TCDB,TCDB.3_A_1_120_8_comp1
G_8_A_230_1_2_comp1,P_8_A_230_1_2_comp1,R_8_A_230_1_2,TCDB,TCDB.8_A_230_1_2_comp1
G_1_C_43_1_4_comp1,P_1_C_43_1_4_comp1,R_1_C_43_1_4,TCDB,TCDB.1_C_43_1_4_comp1
G_9_B_241_2_3_comp1,P_9_B_241_2_3_comp1,R_9_B_241_2_3,TCDB,TCDB.9_B_241_2_3_comp1
G_9_A_14_24_5_comp1,P_9_A_14_24_5_comp1,R_9_A_14_24_5,TCDB,TCDB.9_A_14_24_5_comp1
G_1_B_93_2_8_comp1,P_1_B_93_2_8_comp1,R_1_B_93_2_8,TCDB,TCDB.1_B_93_2_8_comp1
G_9_B_297_4_5_comp1,P_9_B_297_4_5_comp1,R_9_B_297_4_5,TCDB,TCDB.9_B_297_4_5_comp1
G_1_E_5_2_6_comp1,P_1_E_5_2_6_comp1,R_1_E_5_2_6,TCDB,TCDB.1_E_5_2_6_comp1
G_8_A_166_1_3_comp1,P_8_A_166_1_3_comp1,R_8_A_166_1_3,TCDB,TCDB.8_A_166_1_3_comp1
G_8_A_109_1_4_comp1,P_8_A_109_1_4_comp1,R_8_A_109_1_4,TCDB,TCDB.8_A_109_1_4_comp1
G_2_A_132_1_5_comp1,P_2_A_132_1_5_comp1,R_2_A_132_1_5,TCDB,TCDB.2_A_132_1_5_comp1
G_9_B_221_1_9_comp1,P_9_B_221_1_9_comp1,R_9_B_221_1_9,TCDB,TCDB.9_B_221_1_9_comp1
G_8_A_113_1_7_comp1,P_8_A_113_1_7_comp1,R_8_A_113_1_7,TCDB,TCDB.8_A_113_1_7_comp1
G_9_B_135_1_5_comp1,P_9_B_135_1_5_comp1,R_9_B_135_1_5,TCDB,TCDB.9_B_135_1_5_comp1
G_9_A_14_24_3_comp1,P_9_A_14_24_3_comp1,R_9_A_14_24_3,TCDB,TCDB.9_A_14_24_3_comp1
G_1_A_6_2_7_comp1,P_1_A_6_2_7_comp1,R_1_A_6_2_7,TCDB,TCDB.1_A_6_2_7_comp1
G_1_E_40_3_8_comp1,P_1_E_40_3_8_comp1,R_1_E_40_3_8,TCDB,TCDB.1_E_40_3_8_comp1
G_3_A_1_143_5_comp1,P_3_A_1_143_5_comp1+3_A_1_143_5_comp2,R_3_A_1_143_5,TCDB,TCDB.3_A_1_143_5_comp1
G_3_A_1_143_5_comp2,P_3_A_1_143_5_comp1+3_A_1_143_5_comp2,R_3_A_1_143_5,TCDB,TCDB.3_A_1_143_5_comp2
G_8_A_165_1_6_comp1,P_8_A_165_1_6_comp1,R_8_A_165_1_6,TCDB,TCDB.8_A_165_1_6_comp1
G_1_C_41_2_10_comp1,P_1_C_41_2_10_comp1,R_1_C_41_2_10,TCDB,TCDB.1_C_41_2_10_comp1
G_9_B_238_2_1_comp1,P_9_B_238_2_1_comp1,R_9_B_238_2_1,TCDB,TCDB.9_B_238_2_1_comp1
G_2_A_20_2_12_comp1,P_2_A_20_2_12_comp1,R_2_A_20_2_12,TCDB,TCDB.2_A_20_2_12_comp1
G_1_A_41_2_1_comp1,P_1_A_41_2_1_comp1,R_1_A_41_2_1,TCDB,TCDB.1_A_41_2_1_comp1
G_9_B_244_1_7_comp1,P_9_B_244_1_7_comp1,R_9_B_244_1_7,TCDB,TCDB.9_B_244_1_7_comp1
G_8_A_175_2_3_comp1,P_8_A_175_2_3_comp1,R_8_A_175_2_3,TCDB,TCDB.8_A_175_2_3_comp1
G_9_B_263_2_6_comp1,P_9_B_263_2_6_comp1,R_9_B_263_2_6,TCDB,TCDB.9_B_263_2_6_comp1
G_9_B_360_1_4_comp1,P_9_B_360_1_4_comp1,R_9_B_360_1_4,TCDB,TCDB.9_B_360_1_4_comp1
G_9_B_200_1_4_comp1,P_9_B_200_1_4_comp1,R_9_B_200_1_4,TCDB,TCDB.9_B_200_1_4_comp1
G_8_A_208_1_5_comp1,P_8_A_208_1_5_comp1,R_8_A_208_1_5,TCDB,TCDB.8_A_208_1_5_comp1
G_1_A_41_2_5_comp1,P_1_A_41_2_5_comp1,R_1_A_41_2_5,TCDB,TCDB.1_A_41_2_5_comp1
G_9_B_285_2_4_comp1,P_9_B_285_2_4_comp1,R_9_B_285_2_4,TCDB,TCDB.9_B_285_2_4_comp1
G_9_B_363_1_7_comp1,P_9_B_363_1_7_comp1,R_9_B_363_1_7,TCDB,TCDB.9_B_363_1_7_comp1
G_9_B_259_1_4_comp1,P_9_B_259_1_4_comp1,R_9_B_259_1_4,TCDB,TCDB.9_B_259_1_4_comp1
G_1_E_20_1_5_comp1,P_1_E_20_1_5_comp1,R_1_E_20_1_5,TCDB,TCDB.1_E_20_1_5_comp1
G_9_B_9_1_13_comp1,P_9_B_9_1_13_comp1,R_9_B_9_1_13,TCDB,TCDB.9_B_9_1_13_comp1
G_1_B_33_4_5_comp1,P_1_B_33_4_5_comp1,R_1_B_33_4_5,TCDB,TCDB.1_B_33_4_5_comp1
G_9_B_265_1_7_comp1,P_9_B_265_1_7_comp1,R_9_B_265_1_7,TCDB,TCDB.9_B_265_1_7_comp1
G_1_E_66_2_2_comp1,P_1_E_66_2_2_comp1,R_1_E_66_2_2,TCDB,TCDB.1_E_66_2_2_comp1
G_9_B_260_1_3_comp1,P_9_B_260_1_3_comp1,R_9_B_260_1_3,TCDB,TCDB.9_B_260_1_3_comp1
G_9_B_242_1_6_comp1,P_9_B_242_1_6_comp1,R_9_B_242_1_6,TCDB,TCDB.9_B_242_1_6_comp1
G_9_B_243_1_2_comp1,P_9_B_243_1_2_comp1,R_9_B_243_1_2,TCDB,TCDB.9_B_243_1_2_comp1
G_9_B_252_3_1_comp1,P_9_B_252_3_1_comp1,R_9_B_252_3_1,TCDB,TCDB.9_B_252_3_1_comp1
G_9_B_219_1_4_comp1,P_9_B_219_1_4_comp1,R_9_B_219_1_4,TCDB,TCDB.9_B_219_1_4_comp1
G_9_B_251_1_6_comp1,P_9_B_251_1_6_comp1,R_9_B_251_1_6,TCDB,TCDB.9_B_251_1_6_comp1
G_9_B_105_4_4_comp1,P_9_B_105_4_4_comp1,R_9_B_105_4_4,TCDB,TCDB.9_B_105_4_4_comp1
G_9_B_252_2_3_comp1,P_9_B_252_2_3_comp1,R_9_B_252_2_3,TCDB,TCDB.9_B_252_2_3_comp1
G_9_B_242_1_4_comp1,P_9_B_242_1_4_comp1,R_9_B_242_1_4,TCDB,TCDB.9_B_242_1_4_comp1
G_9_B_272_1_4_comp1,P_9_B_272_1_4_comp1,R_9_B_272_1_4,TCDB,TCDB.9_B_272_1_4_comp1
G_9_B_297_3_3_comp1,P_9_B_297_3_3_comp1,R_9_B_297_3_3,TCDB,TCDB.9_B_297_3_3_comp1
G_9_B_393_1_1_comp1,P_9_B_393_1_1_comp1,R_9_B_393_1_1,TCDB,TCDB.9_B_393_1_1_comp1
G_3_A_1_105_23_comp1,P_3_A_1_105_23_comp1+3_A_1_105_23_comp2,R_3_A_1_105_23,TCDB,TCDB.3_A_1_105_23_comp1
G_3_A_1_105_23_comp2,P_3_A_1_105_23_comp1+3_A_1_105_23_comp2,R_3_A_1_105_23,TCDB,TCDB.3_A_1_105_23_comp2
G_9_B_256_1_3_comp1,P_9_B_256_1_3_comp1,R_9_B_256_1_3,TCDB,TCDB.9_B_256_1_3_comp1
G_5_B_6_1_5_comp1,P_5_B_6_1_5_comp1,R_5_B_6_1_5,TCDB,TCDB.5_B_6_1_5_comp1
G_9_B_347_1_3_comp1,P_9_B_347_1_3_comp1,R_9_B_347_1_3,TCDB,TCDB.9_B_347_1_3_comp1
G_9_A_22_5_3_comp1,P_9_A_22_5_3_comp1,R_9_A_22_5_3,TCDB,TCDB.9_A_22_5_3_comp1
G_9_B_353_1_14_comp1,P_9_B_353_1_14_comp1,R_9_B_353_1_14,TCDB,TCDB.9_B_353_1_14_comp1
G_9_B_259_2_3_comp1,P_9_B_259_2_3_comp1,R_9_B_259_2_3,TCDB,TCDB.9_B_259_2_3_comp1
G_9_B_256_1_2_comp1,P_9_B_256_1_2_comp1,R_9_B_256_1_2,TCDB,TCDB.9_B_256_1_2_comp1
G_9_B_239_1_2_comp1,P_9_B_239_1_2_comp1,R_9_B_239_1_2,TCDB,TCDB.9_B_239_1_2_comp1
G_8_A_103_1_13_comp1,P_8_A_103_1_13_comp1,R_8_A_103_1_13,TCDB,TCDB.8_A_103_1_13_comp1
G_8_A_169_1_8_comp1,P_8_A_169_1_8_comp1,R_8_A_169_1_8,TCDB,TCDB.8_A_169_1_8_comp1
G_8_A_128_4_4_comp1,P_8_A_128_4_4_comp1,R_8_A_128_4_4,TCDB,TCDB.8_A_128_4_4_comp1
G_1_C_39_13_6_comp1,P_1_C_39_13_6_comp1,R_1_C_39_13_6,TCDB,TCDB.1_C_39_13_6_comp1
G_8_A_108_1_6_comp1,P_8_A_108_1_6_comp1,R_8_A_108_1_6,TCDB,TCDB.8_A_108_1_6_comp1
G_2_A_7_43_9_comp1,P_2_A_7_43_9_comp1,R_2_A_7_43_9,TCDB,TCDB.2_A_7_43_9_comp1
G_1_D_24_1_6_comp1,P_1_D_24_1_6_comp1,R_1_D_24_1_6,TCDB,TCDB.1_D_24_1_6_comp1
G_1_B_38_2_3_comp1,P_1_B_38_2_3_comp1,R_1_B_38_2_3,TCDB,TCDB.1_B_38_2_3_comp1
G_9_B_285_2_6_comp1,P_9_B_285_2_6_comp1,R_9_B_285_2_6,TCDB,TCDB.9_B_285_2_6_comp1
G_1_C_137_1_13_comp1,P_1_C_137_1_13_comp1,R_1_C_137_1_13,TCDB,TCDB.1_C_137_1_13_comp1
G_1_E_34_1_12_comp1,P_1_E_34_1_12_comp1,R_1_E_34_1_12,TCDB,TCDB.1_E_34_1_12_comp1
G_1_B_33_4_9_comp1,P_1_B_33_4_9_comp1,R_1_B_33_4_9,TCDB,TCDB.1_B_33_4_9_comp1
G_9_B_169_3_3_comp1,P_9_B_169_3_3_comp1,R_9_B_169_3_3,TCDB,TCDB.9_B_169_3_3_comp1
G_9_B_306_1_2_comp1,P_9_B_306_1_2_comp1,R_9_B_306_1_2,TCDB,TCDB.9_B_306_1_2_comp1
G_1_W_8_1_4_comp1,P_1_W_8_1_4_comp1,R_1_W_8_1_4,TCDB,TCDB.1_W_8_1_4_comp1
G_9_B_29_4_4_comp1,P_9_B_29_4_4_comp1,R_9_B_29_4_4,TCDB,TCDB.9_B_29_4_4_comp1
G_1_E_66_1_5_comp1,P_1_E_66_1_5_comp1,R_1_E_66_1_5,TCDB,TCDB.1_E_66_1_5_comp1
G_3_A_1_208_50_comp1,P_3_A_1_208_50_comp1,R_3_A_1_208_50,TCDB,TCDB.3_A_1_208_50_comp1
G_9_B_159_8_2_comp1,P_9_B_159_8_2_comp1,R_9_B_159_8_2,TCDB,TCDB.9_B_159_8_2_comp1
G_9_B_266_1_4_comp1,P_9_B_266_1_4_comp1,R_9_B_266_1_4,TCDB,TCDB.9_B_266_1_4_comp1
G_1_A_112_2_1_comp1,P_1_A_112_2_1_comp1,R_1_A_112_2_1,TCDB,TCDB.1_A_112_2_1_comp1
G_9_B_36_10_2_comp1,P_9_B_36_10_2_comp1,R_9_B_36_10_2,TCDB,TCDB.9_B_36_10_2_comp1
G_9_B_320_1_7_comp1,P_9_B_320_1_7_comp1,R_9_B_320_1_7,TCDB,TCDB.9_B_320_1_7_comp1
G_1_C_104_1_5_comp1,P_1_C_104_1_5_comp1,R_1_C_104_1_5,TCDB,TCDB.1_C_104_1_5_comp1
G_8_A_56_3_2_comp1,P_8_A_56_3_2_comp1,R_8_A_56_3_2,TCDB,TCDB.8_A_56_3_2_comp1
G_9_B_77_1_2_comp1,P_9_B_77_1_2_comp1,R_9_B_77_1_2,TCDB,TCDB.9_B_77_1_2_comp1
G_9_B_314_1_3_comp1,P_9_B_314_1_3_comp1,R_9_B_314_1_3,TCDB,TCDB.9_B_314_1_3_comp1
G_9_B_415_2_1_comp1,P_9_B_415_2_1_comp1,R_9_B_415_2_1,TCDB,TCDB.9_B_415_2_1_comp1
G_1_B_96_1_4_comp1,P_1_B_96_1_4_comp1,R_1_B_96_1_4,TCDB,TCDB.1_B_96_1_4_comp1
G_2_A_4_5_7_comp1,P_2_A_4_5_7_comp1,R_2_A_4_5_7,TCDB,TCDB.2_A_4_5_7_comp1
G_9_B_344_2_6_comp1,P_9_B_344_2_6_comp1,R_9_B_344_2_6,TCDB,TCDB.9_B_344_2_6_comp1
G_9_B_347_2_1_comp1,P_9_B_347_2_1_comp1,R_9_B_347_2_1,TCDB,TCDB.9_B_347_2_1_comp1
G_1_W_10_2_2_comp1,P_1_W_10_2_2_comp1,R_1_W_10_2_2,TCDB,TCDB.1_W_10_2_2_comp1
G_9_B_405_3_1_comp1,P_9_B_405_3_1_comp1,R_9_B_405_3_1,TCDB,TCDB.9_B_405_3_1_comp1
G_9_B_313_1_5_comp1,P_9_B_313_1_5_comp1,R_9_B_313_1_5,TCDB,TCDB.9_B_313_1_5_comp1
G_8_A_37_1_6_comp1,P_8_A_37_1_6_comp1,R_8_A_37_1_6,TCDB,TCDB.8_A_37_1_6_comp1
G_9_B_313_1_6_comp1,P_9_B_313_1_6_comp1,R_9_B_313_1_6,TCDB,TCDB.9_B_313_1_6_comp1
G_1_C_104_1_6_comp1,P_1_C_104_1_6_comp1,R_1_C_104_1_6,TCDB,TCDB.1_C_104_1_6_comp1
G_9_B_313_1_3_comp1,P_9_B_313_1_3_comp1,R_9_B_313_1_3,TCDB,TCDB.9_B_313_1_3_comp1
G_9_B_446_1_4_comp1,P_9_B_446_1_4_comp1,R_9_B_446_1_4,TCDB,TCDB.9_B_446_1_4_comp1
G_3_A_3_9_8_comp1,P_3_A_3_9_8_comp1,R_3_A_3_9_8,TCDB,TCDB.3_A_3_9_8_comp1
G_3_A_1_207_14_comp1,P_3_A_1_207_14_comp1+3_A_1_207_14_comp2+3_A_1_207_14_comp3+3_A_1_207_14_comp4,R_3_A_1_207_14,TCDB,TCDB.3_A_1_207_14_comp1
G_3_A_1_207_14_comp2,P_3_A_1_207_14_comp1+3_A_1_207_14_comp2+3_A_1_207_14_comp3+3_A_1_207_14_comp4,R_3_A_1_207_14,TCDB,TCDB.3_A_1_207_14_comp2
G_3_A_1_207_14_comp3,P_3_A_1_207_14_comp1+3_A_1_207_14_comp2+3_A_1_207_14_comp3+3_A_1_207_14_comp4,R_3_A_1_207_14,TCDB,TCDB.3_A_1_207_14_comp3
G_3_A_1_207_14_comp4,P_3_A_1_207_14_comp1+3_A_1_207_14_comp2+3_A_1_207_14_comp3+3_A_1_207_14_comp4,R_3_A_1_207_14,TCDB,TCDB.3_A_1_207_14_comp4
G_8_A_107_3_1_comp1,P_8_A_107_3_1_comp1,R_8_A_107_3_1,TCDB,TCDB.8_A_107_3_1_comp1
G_2_A_1_1_153_comp1,P_2_A_1_1_153_comp1,R_2_A_1_1_153,TCDB,TCDB.2_A_1_1_153_comp1
G_2_A_43_1_6_comp1,P_2_A_43_1_6_comp1,R_2_A_43_1_6,TCDB,TCDB.2_A_43_1_6_comp1
G_1_A_7_2_6_comp1,P_1_A_7_2_6_comp1,R_1_A_7_2_6,TCDB,TCDB.1_A_7_2_6_comp1
G_8_A_112_2_6_comp1,P_8_A_112_2_6_comp1,R_8_A_112_2_6,TCDB,TCDB.8_A_112_2_6_comp1
G_1_A_121_1_7_comp1,P_1_A_121_1_7_comp1,R_1_A_121_1_7,TCDB,TCDB.1_A_121_1_7_comp1
G_1_A_130_1_7_comp1,P_1_A_130_1_7_comp1,R_1_A_130_1_7,TCDB,TCDB.1_A_130_1_7_comp1
G_1_A_119_1_9_comp1,P_1_A_119_1_9_comp1,R_1_A_119_1_9,TCDB,TCDB.1_A_119_1_9_comp1
G_9_B_36_5_2_comp1,P_9_B_36_5_2_comp1,R_9_B_36_5_2,TCDB,TCDB.9_B_36_5_2_comp1
G_2_A_86_4_3_comp1,P_2_A_86_4_3_comp1,R_2_A_86_4_3,TCDB,TCDB.2_A_86_4_3_comp1
G_8_A_183_1_5_comp1,P_8_A_183_1_5_comp1,R_8_A_183_1_5,TCDB,TCDB.8_A_183_1_5_comp1
G_1_A_130_1_13_comp1,P_1_A_130_1_13_comp1,R_1_A_130_1_13,TCDB,TCDB.1_A_130_1_13_comp1
G_9_B_110_1_3_comp1,P_9_B_110_1_3_comp1,R_9_B_110_1_3,TCDB,TCDB.9_B_110_1_3_comp1
G_9_B_438_1_2_comp1,P_9_B_438_1_2_comp1,R_9_B_438_1_2,TCDB,TCDB.9_B_438_1_2_comp1
G_8_A_135_2_5_comp1,P_8_A_135_2_5_comp1,R_8_A_135_2_5,TCDB,TCDB.8_A_135_2_5_comp1
G_9_B_285_1_8_comp1,P_9_B_285_1_8_comp1,R_9_B_285_1_8,TCDB,TCDB.9_B_285_1_8_comp1
G_3_A_1_201_43_comp1,P_3_A_1_201_43_comp1,R_3_A_1_201_43,TCDB,TCDB.3_A_1_201_43_comp1
G_8_A_128_5_2_comp1,P_8_A_128_5_2_comp1,R_8_A_128_5_2,TCDB,TCDB.8_A_128_5_2_comp1
G_9_A_34_1_5_comp1,P_9_A_34_1_5_comp1,R_9_A_34_1_5,TCDB,TCDB.9_A_34_1_5_comp1
G_1_A_91_1_2_comp1,P_1_A_91_1_2_comp1,R_1_A_91_1_2,TCDB,TCDB.1_A_91_1_2_comp1
G_1_A_84_4_3_comp1,P_1_A_84_4_3_comp1,R_1_A_84_4_3,TCDB,TCDB.1_A_84_4_3_comp1
G_8_A_136_1_6_comp1,P_8_A_136_1_6_comp1,R_8_A_136_1_6,TCDB,TCDB.8_A_136_1_6_comp1
G_8_A_216_1_2_comp1,P_8_A_216_1_2_comp1,R_8_A_216_1_2,TCDB,TCDB.8_A_216_1_2_comp1
G_9_B_400_1_2_comp1,P_9_B_400_1_2_comp1,R_9_B_400_1_2,TCDB,TCDB.9_B_400_1_2_comp1
G_9_B_311_1_14_comp1,P_9_B_311_1_14_comp1,R_9_B_311_1_14,TCDB,TCDB.9_B_311_1_14_comp1
G_9_B_349_2_2_comp1,P_9_B_349_2_2_comp1,R_9_B_349_2_2,TCDB,TCDB.9_B_349_2_2_comp1
G_9_B_301_1_2_comp1,P_9_B_301_1_2_comp1,R_9_B_301_1_2,TCDB,TCDB.9_B_301_1_2_comp1
G_9_B_109_1_7_comp1,P_9_B_109_1_7_comp1,R_9_B_109_1_7,TCDB,TCDB.9_B_109_1_7_comp1
G_9_B_288_1_3_comp1,P_9_B_288_1_3_comp1,R_9_B_288_1_3,TCDB,TCDB.9_B_288_1_3_comp1
G_2_A_7_3_83_comp1,P_2_A_7_3_83_comp1,R_2_A_7_3_83,TCDB,TCDB.2_A_7_3_83_comp1
G_9_B_289_1_4_comp1,P_9_B_289_1_4_comp1,R_9_B_289_1_4,TCDB,TCDB.9_B_289_1_4_comp1
G_3_A_1_158_6_comp1,P_3_A_1_158_6_comp1+3_A_1_158_6_comp2+3_A_1_158_6_comp3+3_A_1_158_6_comp4,R_3_A_1_158_6,TCDB,TCDB.3_A_1_158_6_comp1
G_3_A_1_158_6_comp2,P_3_A_1_158_6_comp1+3_A_1_158_6_comp2+3_A_1_158_6_comp3+3_A_1_158_6_comp4,R_3_A_1_158_6,TCDB,TCDB.3_A_1_158_6_comp2
G_3_A_1_158_6_comp3,P_3_A_1_158_6_comp1+3_A_1_158_6_comp2+3_A_1_158_6_comp3+3_A_1_158_6_comp4,R_3_A_1_158_6,TCDB,TCDB.3_A_1_158_6_comp3
G_3_A_1_158_6_comp4,P_3_A_1_158_6_comp1+3_A_1_158_6_comp2+3_A_1_158_6_comp3+3_A_1_158_6_comp4,R_3_A_1_158_6,TCDB,TCDB.3_A_1_158_6_comp4
G_1_C_41_1_5_comp1,P_1_C_41_1_5_comp1,R_1_C_41_1_5,TCDB,TCDB.1_C_41_1_5_comp1
G_1_C_137_1_16_comp1,P_1_C_137_1_16_comp1,R_1_C_137_1_16,TCDB,TCDB.1_C_137_1_16_comp1
G_1_A_112_2_9_comp1,P_1_A_112_2_9_comp1,R_1_A_112_2_9,TCDB,TCDB.1_A_112_2_9_comp1
G_9_B_77_1_6_comp1,P_9_B_77_1_6_comp1,R_9_B_77_1_6,TCDB,TCDB.9_B_77_1_6_comp1
G_8_A_159_3_2_comp1,P_8_A_159_3_2_comp1,R_8_A_159_3_2,TCDB,TCDB.8_A_159_3_2_comp1
G_1_B_96_1_6_comp1,P_1_B_96_1_6_comp1,R_1_B_96_1_6,TCDB,TCDB.1_B_96_1_6_comp1
G_1_B_42_1_15_comp1,P_1_B_42_1_15_comp1,R_1_B_42_1_15,TCDB,TCDB.1_B_42_1_15_comp1
G_8_A_191_1_9_comp1,P_8_A_191_1_9_comp1,R_8_A_191_1_9,TCDB,TCDB.8_A_191_1_9_comp1
G_1_B_162_1_5_comp1,P_1_B_162_1_5_comp1,R_1_B_162_1_5,TCDB,TCDB.1_B_162_1_5_comp1
G_9_A_19_2_1_comp1,P_9_A_19_2_1_comp1,R_9_A_19_2_1,TCDB,TCDB.9_A_19_2_1_comp1
G_9_B_353_1_2_comp1,P_9_B_353_1_2_comp1,R_9_B_353_1_2,TCDB,TCDB.9_B_353_1_2_comp1
G_9_B_142_20_2_comp1,P_9_B_142_20_2_comp1,R_9_B_142_20_2,TCDB,TCDB.9_B_142_20_2_comp1
G_9_B_361_3_2_comp1,P_9_B_361_3_2_comp1,R_9_B_361_3_2,TCDB,TCDB.9_B_361_3_2_comp1
G_9_B_397_1_3_comp1,P_9_B_397_1_3_comp1,R_9_B_397_1_3,TCDB,TCDB.9_B_397_1_3_comp1
G_9_B_330_3_1_comp1,P_9_B_330_3_1_comp1,R_9_B_330_3_1,TCDB,TCDB.9_B_330_3_1_comp1
G_9_A_29_2_2_comp1,P_9_A_29_2_2_comp1,R_9_A_29_2_2,TCDB,TCDB.9_A_29_2_2_comp1
G_1_A_113_3_4_comp1,P_1_A_113_3_4_comp1,R_1_A_113_3_4,TCDB,TCDB.1_A_113_3_4_comp1
G_9_B_36_13_3_comp1,P_9_B_36_13_3_comp1,R_9_B_36_13_3,TCDB,TCDB.9_B_36_13_3_comp1
G_1_S_1_1_6_comp1,P_1_S_1_1_6_comp1,R_1_S_1_1_6,TCDB,TCDB.1_S_1_1_6_comp1
G_2_C_1_3_4_comp1,P_2_C_1_3_4_comp1,R_2_C_1_3_4,TCDB,TCDB.2_C_1_3_4_comp1
G_1_M_1_4_14_comp1,P_1_M_1_4_14_comp1,R_1_M_1_4_14,TCDB,TCDB.1_M_1_4_14_comp1
G_2_A_29_6_1_comp1,P_2_A_29_6_1_comp1,R_2_A_29_6_1,TCDB,TCDB.2_A_29_6_1_comp1
G_2_A_29_4_2_comp1,P_2_A_29_4_2_comp1,R_2_A_29_4_2,TCDB,TCDB.2_A_29_4_2_comp1
G_3_A_1_201_24_comp1,P_3_A_1_201_24_comp1,R_3_A_1_201_24,TCDB,TCDB.3_A_1_201_24_comp1
G_1_C_8_1_3_comp1,P_1_C_8_1_3_comp1,R_1_C_8_1_3,TCDB,TCDB.1_C_8_1_3_comp1
G_9_B_14_1_1_comp1,P_9_B_14_1_1_comp1,R_9_B_14_1_1,TCDB,TCDB.9_B_14_1_1_comp1
G_2_A_1_3_10_comp1,P_2_A_1_3_10_comp1,R_2_A_1_3_10,TCDB,TCDB.2_A_1_3_10_comp1
G_1_B_39_1_2_comp1,P_1_B_39_1_2_comp1,R_1_B_39_1_2,TCDB,TCDB.1_B_39_1_2_comp1
G_1_B_14_4_2_comp1,P_1_B_14_4_2_comp1,R_1_B_14_4_2,TCDB,TCDB.1_B_14_4_2_comp1
G_3_A_1_201_31_comp1,P_3_A_1_201_31_comp1,R_3_A_1_201_31,TCDB,TCDB.3_A_1_201_31_comp1
G_3_A_1_1_28_comp1,P_3_A_1_1_28_comp1+3_A_1_1_28_comp2+3_A_1_1_28_comp3+3_A_1_1_28_comp4,R_3_A_1_1_28,TCDB,TCDB.3_A_1_1_28_comp1
G_3_A_1_1_28_comp2,P_3_A_1_1_28_comp1+3_A_1_1_28_comp2+3_A_1_1_28_comp3+3_A_1_1_28_comp4,R_3_A_1_1_28,TCDB,TCDB.3_A_1_1_28_comp2
G_3_A_1_1_28_comp3,P_3_A_1_1_28_comp1+3_A_1_1_28_comp2+3_A_1_1_28_comp3+3_A_1_1_28_comp4,R_3_A_1_1_28,TCDB,TCDB.3_A_1_1_28_comp3
G_3_A_1_1_28_comp4,P_3_A_1_1_28_comp1+3_A_1_1_28_comp2+3_A_1_1_28_comp3+3_A_1_1_28_comp4,R_3_A_1_1_28,TCDB,TCDB.3_A_1_1_28_comp4
G_2_A_66_2_14_comp1,P_2_A_66_2_14_comp1,R_2_A_66_2_14,TCDB,TCDB.2_A_66_2_14_comp1
G_1_C_39_9_2_comp1,P_1_C_39_9_2_comp1,R_1_C_39_9_2,TCDB,TCDB.1_C_39_9_2_comp1
G_2_A_60_1_2_comp1,P_2_A_60_1_2_comp1,R_2_A_60_1_2,TCDB,TCDB.2_A_60_1_2_comp1
G_2_A_7_10_1_comp1,P_2_A_7_10_1_comp1,R_2_A_7_10_1,TCDB,TCDB.2_A_7_10_1_comp1
G_9_A_54_3_4_comp1,P_9_A_54_3_4_comp1,R_9_A_54_3_4,TCDB,TCDB.9_A_54_3_4_comp1
G_8_A_66_1_10_comp1,P_8_A_66_1_10_comp1,R_8_A_66_1_10,TCDB,TCDB.8_A_66_1_10_comp1
G_2_A_1_82_2_comp1,P_2_A_1_82_2_comp1,R_2_A_1_82_2,TCDB,TCDB.2_A_1_82_2_comp1
G_1_B_22_3_3_comp1,P_1_B_22_3_3_comp1,R_1_B_22_3_3,TCDB,TCDB.1_B_22_3_3_comp1
G_1_A_52_2_1_comp1,P_1_A_52_2_1_comp1,R_1_A_52_2_1,TCDB,TCDB.1_A_52_2_1_comp1
G_2_A_29_9_1_comp1,P_2_A_29_9_1_comp1,R_2_A_29_9_1,TCDB,TCDB.2_A_29_9_1_comp1
G_1_A_37_3_2_comp1,P_1_A_37_3_2_comp1,R_1_A_37_3_2,TCDB,TCDB.1_A_37_3_2_comp1
G_2_A_1_1_20_comp1,P_2_A_1_1_20_comp1,R_2_A_1_1_20,TCDB,TCDB.2_A_1_1_20_comp1
G_2_A_1_1_16_comp1,P_2_A_1_1_16_comp1,R_2_A_1_1_16,TCDB,TCDB.2_A_1_1_16_comp1
G_1_H_1_2_2_comp1,P_1_H_1_2_2_comp1,R_1_H_1_2_2,TCDB,TCDB.1_H_1_2_2_comp1
G_9_B_157_1_1_comp1,P_9_B_157_1_1_comp1+9_B_157_1_1_comp2+9_B_157_1_1_comp3,R_9_B_157_1_1,TCDB,TCDB.9_B_157_1_1_comp1
G_9_B_157_1_1_comp2,P_9_B_157_1_1_comp1+9_B_157_1_1_comp2+9_B_157_1_1_comp3,R_9_B_157_1_1,TCDB,TCDB.9_B_157_1_1_comp2
G_9_B_157_1_1_comp3,P_9_B_157_1_1_comp1+9_B_157_1_1_comp2+9_B_157_1_1_comp3,R_9_B_157_1_1,TCDB,TCDB.9_B_157_1_1_comp3
G_8_A_33_1_1_comp1,P_8_A_33_1_1_comp1,R_8_A_33_1_1,TCDB,TCDB.8_A_33_1_1_comp1
G_8_A_28_1_1_comp1,P_8_A_28_1_1_comp1,R_8_A_28_1_1,TCDB,TCDB.8_A_28_1_1_comp1
G_1_B_8_1_13_comp1,P_1_B_8_1_13_comp1,R_1_B_8_1_13,TCDB,TCDB.1_B_8_1_13_comp1
G_8_A_2_1_2_comp1,P_8_A_2_1_2_comp1,R_8_A_2_1_2,TCDB,TCDB.8_A_2_1_2_comp1
G_8_A_91_1_10_comp1,P_8_A_91_1_10_comp1,R_8_A_91_1_10,TCDB,TCDB.8_A_91_1_10_comp1
G_2_A_9_3_2_comp1,P_2_A_9_3_2_comp1,R_2_A_9_3_2,TCDB,TCDB.2_A_9_3_2_comp1
G_8_A_58_1_3_comp1,P_8_A_58_1_3_comp1,R_8_A_58_1_3,TCDB,TCDB.8_A_58_1_3_comp1
G_8_A_58_1_2_comp1,P_8_A_58_1_2_comp1,R_8_A_58_1_2,TCDB,TCDB.8_A_58_1_2_comp1
G_2_A_3_8_25_comp1,P_2_A_3_8_25_comp1,R_2_A_3_8_25,TCDB,TCDB.2_A_3_8_25_comp1
G_1_A_1_11_31_comp1,P_1_A_1_11_31_comp1,R_1_A_1_11_31,TCDB,TCDB.1_A_1_11_31_comp1
G_1_B_14_1_17_comp1,P_1_B_14_1_17_comp1,R_1_B_14_1_17,TCDB,TCDB.1_B_14_1_17_comp1
G_9_A_14_2_4_comp1,P_9_A_14_2_4_comp1,R_9_A_14_2_4,TCDB,TCDB.9_A_14_2_4_comp1
G_1_B_22_3_1_comp1,P_1_B_22_3_1_comp1,R_1_B_22_3_1,TCDB,TCDB.1_B_22_3_1_comp1
G_1_B_33_3_8_comp1,P_1_B_33_3_8_comp1,R_1_B_33_3_8,TCDB,TCDB.1_B_33_3_8_comp1
G_3_A_3_2_40_comp1,P_3_A_3_2_40_comp1,R_3_A_3_2_40,TCDB,TCDB.3_A_3_2_40_comp1
G_1_A_1_11_6_comp1,P_1_A_1_11_6_comp1,R_1_A_1_11_6,TCDB,TCDB.1_A_1_11_6_comp1
G_2_A_1_2_11_comp1,P_2_A_1_2_11_comp1,R_2_A_1_2_11,TCDB,TCDB.2_A_1_2_11_comp1
G_2_A_23_1_3_comp1,P_2_A_23_1_3_comp1,R_2_A_23_1_3,TCDB,TCDB.2_A_23_1_3_comp1
G_2_A_29_12_1_comp1,P_2_A_29_12_1_comp1,R_2_A_29_12_1,TCDB,TCDB.2_A_29_12_1_comp1
G_1_A_35_5_1_comp1,P_1_A_35_5_1_comp1,R_1_A_35_5_1,TCDB,TCDB.1_A_35_5_1_comp1
G_2_A_22_1_3_comp1,P_2_A_22_1_3_comp1,R_2_A_22_1_3,TCDB,TCDB.2_A_22_1_3_comp1
G_8_A_23_1_60_comp1,P_8_A_23_1_60_comp1,R_8_A_23_1_60,TCDB,TCDB.8_A_23_1_60_comp1
G_2_A_112_2_4_comp1,P_2_A_112_2_4_comp1,R_2_A_112_2_4,TCDB,TCDB.2_A_112_2_4_comp1
G_2_A_28_3_6_comp1,P_2_A_28_3_6_comp1,R_2_A_28_3_6,TCDB,TCDB.2_A_28_3_6_comp1
G_2_A_1_19_42_comp1,P_2_A_1_19_42_comp1,R_2_A_1_19_42,TCDB,TCDB.2_A_1_19_42_comp1
G_2_A_1_58_4_comp1,P_2_A_1_58_4_comp1,R_2_A_1_58_4,TCDB,TCDB.2_A_1_58_4_comp1
G_2_A_1_9_4_comp1,P_2_A_1_9_4_comp1,R_2_A_1_9_4,TCDB,TCDB.2_A_1_9_4_comp1
G_8_A_95_2_2_comp1,P_8_A_95_2_2_comp1,R_8_A_95_2_2,TCDB,TCDB.8_A_95_2_2_comp1
G_1_B_13_3_3_comp1,P_1_B_13_3_3_comp1,R_1_B_13_3_3,TCDB,TCDB.1_B_13_3_3_comp1
G_2_A_7_33_1_comp1,P_2_A_7_33_1_comp1,R_2_A_7_33_1,TCDB,TCDB.2_A_7_33_1_comp1
G_1_A_1_24_1_comp1,P_1_A_1_24_1_comp1,R_1_A_1_24_1,TCDB,TCDB.1_A_1_24_1_comp1
G_2_D_1_1_3_comp1,P_2_D_1_1_3_comp1,R_2_D_1_1_3,TCDB,TCDB.2_D_1_1_3_comp1
G_8_A_23_1_3_comp1,P_8_A_23_1_3_comp1,R_8_A_23_1_3,TCDB,TCDB.8_A_23_1_3_comp1
G_8_A_160_2_1_comp1,P_8_A_160_2_1_comp1,R_8_A_160_2_1,TCDB,TCDB.8_A_160_2_1_comp1
G_1_A_1_20_6_comp1,P_1_A_1_20_6_comp1,R_1_A_1_20_6,TCDB,TCDB.1_A_1_20_6_comp1
G_1_C_5_1_1_comp1,P_1_C_5_1_1_comp1,R_1_C_5_1_1,TCDB,TCDB.1_C_5_1_1_comp1
G_8_A_24_2_2_comp1,P_8_A_24_2_2_comp1,R_8_A_24_2_2,TCDB,TCDB.8_A_24_2_2_comp1
G_8_A_204_1_5_comp1,P_8_A_204_1_5_comp1,R_8_A_204_1_5,TCDB,TCDB.8_A_204_1_5_comp1
G_9_B_8_1_11_comp1,P_9_B_8_1_11_comp1,R_9_B_8_1_11,TCDB,TCDB.9_B_8_1_11_comp1
G_2_A_1_22_1_comp1,P_2_A_1_22_1_comp1,R_2_A_1_22_1,TCDB,TCDB.2_A_1_22_1_comp1
G_3_A_1_210_2_comp1,P_3_A_1_210_2_comp1,R_3_A_1_210_2,TCDB,TCDB.3_A_1_210_2_comp1
G_2_A_113_1_5_comp1,P_2_A_113_1_5_comp1,R_2_A_113_1_5,TCDB,TCDB.2_A_113_1_5_comp1
G_9_A_14_4_7_comp1,P_9_A_14_4_7_comp1,R_9_A_14_4_7,TCDB,TCDB.9_A_14_4_7_comp1
G_4_E_1_1_2_comp1,P_4_E_1_1_2_comp1,R_4_E_1_1_2,TCDB,TCDB.4_E_1_1_2_comp1
G_1_B_18_1_1_comp1,P_1_B_18_1_1_comp1,R_1_B_18_1_1,TCDB,TCDB.1_B_18_1_1_comp1
G_3_D_3_2_2_comp1,P_3_D_3_2_2_comp1+3_D_3_2_2_comp2+3_D_3_2_2_comp3,R_3_D_3_2_2,TCDB,TCDB.3_D_3_2_2_comp1
G_3_D_3_2_2_comp2,P_3_D_3_2_2_comp1+3_D_3_2_2_comp2+3_D_3_2_2_comp3,R_3_D_3_2_2,TCDB,TCDB.3_D_3_2_2_comp2
G_3_D_3_2_2_comp3,P_3_D_3_2_2_comp1+3_D_3_2_2_comp2+3_D_3_2_2_comp3,R_3_D_3_2_2,TCDB,TCDB.3_D_3_2_2_comp3
G_1_A_35_5_5_comp1,P_1_A_35_5_5_comp1,R_1_A_35_5_5,TCDB,TCDB.1_A_35_5_5_comp1
G_3_A_1_205_3_comp1,P_3_A_1_205_3_comp1,R_3_A_1_205_3,TCDB,TCDB.3_A_1_205_3_comp1
G_9_A_27_1_1_comp1,P_9_A_27_1_1_comp1+9_A_27_1_1_comp2,R_9_A_27_1_1,TCDB,TCDB.9_A_27_1_1_comp1
G_9_A_27_1_1_comp2,P_9_A_27_1_1_comp1+9_A_27_1_1_comp2,R_9_A_27_1_1,TCDB,TCDB.9_A_27_1_1_comp2
G_8_A_85_1_3_comp1,P_8_A_85_1_3_comp1,R_8_A_85_1_3,TCDB,TCDB.8_A_85_1_3_comp1
G_1_A_111_1_3_comp1,P_1_A_111_1_3_comp1,R_1_A_111_1_3,TCDB,TCDB.1_A_111_1_3_comp1
G_2_A_53_1_5_comp1,P_2_A_53_1_5_comp1,R_2_A_53_1_5,TCDB,TCDB.2_A_53_1_5_comp1
G_2_A_29_2_13_comp1,P_2_A_29_2_13_comp1,R_2_A_29_2_13,TCDB,TCDB.2_A_29_2_13_comp1
G_1_C_63_1_2_comp1,P_1_C_63_1_2_comp1,R_1_C_63_1_2,TCDB,TCDB.1_C_63_1_2_comp1
G_1_C_131_1_2_comp1,P_1_C_131_1_2_comp1,R_1_C_131_1_2,TCDB,TCDB.1_C_131_1_2_comp1
G_2_A_117_1_4_comp1,P_2_A_117_1_4_comp1,R_2_A_117_1_4,TCDB,TCDB.2_A_117_1_4_comp1
G_2_A_117_1_2_comp1,P_2_A_117_1_2_comp1,R_2_A_117_1_2,TCDB,TCDB.2_A_117_1_2_comp1
G_9_A_24_1_7_comp1,P_9_A_24_1_7_comp1,R_9_A_24_1_7,TCDB,TCDB.9_A_24_1_7_comp1
G_3_A_1_110_4_comp1,P_3_A_1_110_4_comp1,R_3_A_1_110_4,TCDB,TCDB.3_A_1_110_4_comp1
G_2_A_29_2_8_comp1,P_2_A_29_2_8_comp1,R_2_A_29_2_8,TCDB,TCDB.2_A_29_2_8_comp1
G_3_B_1_1_1_comp1,P_3_B_1_1_1_comp1+3_B_1_1_1_comp2+3_B_1_1_1_comp3,R_3_B_1_1_1,TCDB,TCDB.3_B_1_1_1_comp1
G_3_B_1_1_1_comp2,P_3_B_1_1_1_comp1+3_B_1_1_1_comp2+3_B_1_1_1_comp3,R_3_B_1_1_1,TCDB,TCDB.3_B_1_1_1_comp2
G_3_B_1_1_1_comp3,P_3_B_1_1_1_comp1+3_B_1_1_1_comp2+3_B_1_1_1_comp3,R_3_B_1_1_1,TCDB,TCDB.3_B_1_1_1_comp3
G_1_A_137_1_2_comp1,P_1_A_137_1_2_comp1,R_1_A_137_1_2,TCDB,TCDB.1_A_137_1_2_comp1
G_8_A_26_1_1_comp1,P_8_A_26_1_1_comp1,R_8_A_26_1_1,TCDB,TCDB.8_A_26_1_1_comp1
G_1_B_12_1_1_comp1,P_1_B_12_1_1_comp1,R_1_B_12_1_1,TCDB,TCDB.1_B_12_1_1_comp1
G_1_L_1_1_1_comp1,P_1_L_1_1_1_comp1,R_1_L_1_1_1,TCDB,TCDB.1_L_1_1_1_comp1
G_3_A_1_111_3_comp1,P_3_A_1_111_3_comp1,R_3_A_1_111_3,TCDB,TCDB.3_A_1_111_3_comp1
G_2_A_1_3_69_comp1,P_2_A_1_3_69_comp1,R_2_A_1_3_69,TCDB,TCDB.2_A_1_3_69_comp1
G_1_A_14_4_1_comp1,P_1_A_14_4_1_comp1,R_1_A_14_4_1,TCDB,TCDB.1_A_14_4_1_comp1
G_1_A_25_1_2_comp1,P_1_A_25_1_2_comp1,R_1_A_25_1_2,TCDB,TCDB.1_A_25_1_2_comp1
G_9_A_14_4_11_comp1,P_9_A_14_4_11_comp1,R_9_A_14_4_11,TCDB,TCDB.9_A_14_4_11_comp1
G_3_A_1_209_1_comp1,P_3_A_1_209_1_comp1+3_A_1_209_1_comp2,R_3_A_1_209_1,TCDB,TCDB.3_A_1_209_1_comp1
G_3_A_1_209_1_comp2,P_3_A_1_209_1_comp1+3_A_1_209_1_comp2,R_3_A_1_209_1,TCDB,TCDB.3_A_1_209_1_comp2
G_9_B_1_2_1_comp1,P_9_B_1_2_1_comp1,R_9_B_1_2_1,TCDB,TCDB.9_B_1_2_1_comp1
G_1_A_1_5_20_comp1,P_1_A_1_5_20_comp1,R_1_A_1_5_20,TCDB,TCDB.1_A_1_5_20_comp1
G_2_A_22_1_4_comp1,P_2_A_22_1_4_comp1,R_2_A_22_1_4,TCDB,TCDB.2_A_22_1_4_comp1
G_9_A_57_1_12_comp1,P_9_A_57_1_12_comp1,R_9_A_57_1_12,TCDB,TCDB.9_A_57_1_12_comp1
G_9_B_87_1_23_comp1,P_9_B_87_1_23_comp1,R_9_B_87_1_23,TCDB,TCDB.9_B_87_1_23_comp1
G_2_A_43_2_13_comp1,P_2_A_43_2_13_comp1,R_2_A_43_2_13,TCDB,TCDB.2_A_43_2_13_comp1
G_1_C_104_1_1_comp1,P_1_C_104_1_1_comp1,R_1_C_104_1_1,TCDB,TCDB.1_C_104_1_1_comp1
G_2_A_7_9_14_comp1,P_2_A_7_9_14_comp1,R_2_A_7_9_14,TCDB,TCDB.2_A_7_9_14_comp1
G_8_B_24_5_5_comp1,P_8_B_24_5_5_comp1,R_8_B_24_5_5,TCDB,TCDB.8_B_24_5_5_comp1
G_1_A_73_1_3_comp1,P_1_A_73_1_3_comp1,R_1_A_73_1_3,TCDB,TCDB.1_A_73_1_3_comp1
G_8_A_112_1_1_comp1,P_8_A_112_1_1_comp1,R_8_A_112_1_1,TCDB,TCDB.8_A_112_1_1_comp1
G_1_A_1_3_1_comp1,P_1_A_1_3_1_comp1,R_1_A_1_3_1,TCDB,TCDB.1_A_1_3_1_comp1
G_3_A_1_112_1_comp1,P_3_A_1_112_1_comp1,R_3_A_1_112_1,TCDB,TCDB.3_A_1_112_1_comp1
G_2_A_7_24_5_comp1,P_2_A_7_24_5_comp1,R_2_A_7_24_5,TCDB,TCDB.2_A_7_24_5_comp1
G_2_A_3_10_12_comp1,P_2_A_3_10_12_comp1,R_2_A_3_10_12,TCDB,TCDB.2_A_3_10_12_comp1
G_2_A_88_3_3_comp1,P_2_A_88_3_3_comp1,R_2_A_88_3_3,TCDB,TCDB.2_A_88_3_3_comp1
G_2_A_29_18_6_comp1,P_2_A_29_18_6_comp1,R_2_A_29_18_6,TCDB,TCDB.2_A_29_18_6_comp1
G_1_B_18_1_2_comp1,P_1_B_18_1_2_comp1,R_1_B_18_1_2,TCDB,TCDB.1_B_18_1_2_comp1
G_1_E_42_1_3_comp1,P_1_E_42_1_3_comp1,R_1_E_42_1_3,TCDB,TCDB.1_E_42_1_3_comp1
G_9_B_182_1_1_comp1,P_9_B_182_1_1_comp1,R_9_B_182_1_1,TCDB,TCDB.9_B_182_1_1_comp1
G_3_A_1_28_2_comp1,P_3_A_1_28_2_comp1+3_A_1_28_2_comp2+3_A_1_28_2_comp3+3_A_1_28_2_comp4,R_3_A_1_28_2,TCDB,TCDB.3_A_1_28_2_comp1
G_3_A_1_28_2_comp2,P_3_A_1_28_2_comp1+3_A_1_28_2_comp2+3_A_1_28_2_comp3+3_A_1_28_2_comp4,R_3_A_1_28_2,TCDB,TCDB.3_A_1_28_2_comp2
G_3_A_1_28_2_comp3,P_3_A_1_28_2_comp1+3_A_1_28_2_comp2+3_A_1_28_2_comp3+3_A_1_28_2_comp4,R_3_A_1_28_2,TCDB,TCDB.3_A_1_28_2_comp3
G_3_A_1_28_2_comp4,P_3_A_1_28_2_comp1+3_A_1_28_2_comp2+3_A_1_28_2_comp3+3_A_1_28_2_comp4,R_3_A_1_28_2,TCDB,TCDB.3_A_1_28_2_comp4
G_3_A_1_26_9_comp1,P_3_A_1_26_9_comp1+3_A_1_26_9_comp2+3_A_1_26_9_comp3+3_A_1_26_9_comp4,R_3_A_1_26_9,TCDB,TCDB.3_A_1_26_9_comp1
G_3_A_1_26_9_comp2,P_3_A_1_26_9_comp1+3_A_1_26_9_comp2+3_A_1_26_9_comp3+3_A_1_26_9_comp4,R_3_A_1_26_9,TCDB,TCDB.3_A_1_26_9_comp2
G_3_A_1_26_9_comp3,P_3_A_1_26_9_comp1+3_A_1_26_9_comp2+3_A_1_26_9_comp3+3_A_1_26_9_comp4,R_3_A_1_26_9,TCDB,TCDB.3_A_1_26_9_comp3
G_3_A_1_26_9_comp4,P_3_A_1_26_9_comp1+3_A_1_26_9_comp2+3_A_1_26_9_comp3+3_A_1_26_9_comp4,R_3_A_1_26_9,TCDB,TCDB.3_A_1_26_9_comp4
G_1_E_26_1_11_comp1,P_1_E_26_1_11_comp1,R_1_E_26_1_11,TCDB,TCDB.1_E_26_1_11_comp1
G_3_A_1_122_13_comp1,P_3_A_1_122_13_comp1,R_3_A_1_122_13,TCDB,TCDB.3_A_1_122_13_comp1
G_2_A_115_2_4_comp1,P_2_A_115_2_4_comp1,R_2_A_115_2_4,TCDB,TCDB.2_A_115_2_4_comp1
G_2_A_87_2_1_comp1,P_2_A_87_2_1_comp1,R_2_A_87_2_1,TCDB,TCDB.2_A_87_2_1_comp1
G_2_A_11_2_1_comp1,P_2_A_11_2_1_comp1,R_2_A_11_2_1,TCDB,TCDB.2_A_11_2_1_comp1
G_2_A_29_29_1_comp1,P_2_A_29_29_1_comp1,R_2_A_29_29_1,TCDB,TCDB.2_A_29_29_1_comp1
G_1_B_1_4_1_comp1,P_1_B_1_4_1_comp1,R_1_B_1_4_1,TCDB,TCDB.1_B_1_4_1_comp1
G_2_A_7_24_1_comp1,P_2_A_7_24_1_comp1,R_2_A_7_24_1,TCDB,TCDB.2_A_7_24_1_comp1
G_2_A_36_1_12_comp1,P_2_A_36_1_12_comp1,R_2_A_36_1_12,TCDB,TCDB.2_A_36_1_12_comp1
G_2_A_1_1_101_comp1,P_2_A_1_1_101_comp1,R_2_A_1_1_101,TCDB,TCDB.2_A_1_1_101_comp1
G_2_A_1_48_1_comp1,P_2_A_1_48_1_comp1,R_2_A_1_48_1,TCDB,TCDB.2_A_1_48_1_comp1
G_2_A_86_1_3_comp1,P_2_A_86_1_3_comp1,R_2_A_86_1_3,TCDB,TCDB.2_A_86_1_3_comp1
G_1_C_71_1_2_comp1,P_1_C_71_1_2_comp1,R_1_C_71_1_2,TCDB,TCDB.1_C_71_1_2_comp1
G_4_A_3_1_3_comp1,P_4_A_3_1_3_comp1+4_A_3_1_3_comp2,R_4_A_3_1_3,TCDB,TCDB.4_A_3_1_3_comp1
G_4_A_3_1_3_comp2,P_4_A_3_1_3_comp1+4_A_3_1_3_comp2,R_4_A_3_1_3,TCDB,TCDB.4_A_3_1_3_comp2
G_4_A_3_1_2_comp1,P_4_A_3_1_2_comp1+4_A_3_1_2_comp2,R_4_A_3_1_2,TCDB,TCDB.4_A_3_1_2_comp1
G_4_A_3_1_2_comp2,P_4_A_3_1_2_comp1+4_A_3_1_2_comp2,R_4_A_3_1_2,TCDB,TCDB.4_A_3_1_2_comp2
G_2_A_1_48_5_comp1,P_2_A_1_48_5_comp1,R_2_A_1_48_5,TCDB,TCDB.2_A_1_48_5_comp1
G_9_B_229_1_8_comp1,P_9_B_229_1_8_comp1,R_9_B_229_1_8,TCDB,TCDB.9_B_229_1_8_comp1
G_3_A_3_5_6_comp1,P_3_A_3_5_6_comp1,R_3_A_3_5_6,TCDB,TCDB.3_A_3_5_6_comp1
G_2_A_45_2_1_comp1,P_2_A_45_2_1_comp1,R_2_A_45_2_1,TCDB,TCDB.2_A_45_2_1_comp1
G_1_A_88_1_2_comp1,P_1_A_88_1_2_comp1,R_1_A_88_1_2,TCDB,TCDB.1_A_88_1_2_comp1
G_2_A_1_3_8_comp1,P_2_A_1_3_8_comp1,R_2_A_1_3_8,TCDB,TCDB.2_A_1_3_8_comp1
G_5_B_1_5_5_comp1,P_5_B_1_5_5_comp1,R_5_B_1_5_5,TCDB,TCDB.5_B_1_5_5_comp1
G_1_A_49_1_1_comp1,P_1_A_49_1_1_comp1,R_1_A_49_1_1,TCDB,TCDB.1_A_49_1_1_comp1
G_2_A_39_3_1_comp1,P_2_A_39_3_1_comp1,R_2_A_39_3_1,TCDB,TCDB.2_A_39_3_1_comp1
G_1_A_64_5_2_comp1,P_1_A_64_5_2_comp1,R_1_A_64_5_2,TCDB,TCDB.1_A_64_5_2_comp1
G_8_A_102_1_4_comp1,P_8_A_102_1_4_comp1,R_8_A_102_1_4,TCDB,TCDB.8_A_102_1_4_comp1
G_1_B_18_2_1_comp1,P_1_B_18_2_1_comp1,R_1_B_18_2_1,TCDB,TCDB.1_B_18_2_1_comp1
G_2_A_1_68_1_comp1,P_2_A_1_68_1_comp1,R_2_A_1_68_1,TCDB,TCDB.2_A_1_68_1_comp1
G_2_A_1_17_2_comp1,P_2_A_1_17_2_comp1,R_2_A_1_17_2,TCDB,TCDB.2_A_1_17_2_comp1
G_4_A_6_1_10_comp1,P_4_A_6_1_10_comp1+4_A_6_1_10_comp2+4_A_6_1_10_comp3,R_4_A_6_1_10,TCDB,TCDB.4_A_6_1_10_comp1
G_4_A_6_1_10_comp2,P_4_A_6_1_10_comp1+4_A_6_1_10_comp2+4_A_6_1_10_comp3,R_4_A_6_1_10,TCDB,TCDB.4_A_6_1_10_comp2
G_4_A_6_1_10_comp3,P_4_A_6_1_10_comp1+4_A_6_1_10_comp2+4_A_6_1_10_comp3,R_4_A_6_1_10,TCDB,TCDB.4_A_6_1_10_comp3
G_3_A_3_2_28_comp1,P_3_A_3_2_28_comp1,R_3_A_3_2_28,TCDB,TCDB.3_A_3_2_28_comp1
G_3_A_1_24_6_comp1,P_3_A_1_24_6_comp1+3_A_1_24_6_comp2+3_A_1_24_6_comp3,R_3_A_1_24_6,TCDB,TCDB.3_A_1_24_6_comp1
G_3_A_1_24_6_comp2,P_3_A_1_24_6_comp1+3_A_1_24_6_comp2+3_A_1_24_6_comp3,R_3_A_1_24_6,TCDB,TCDB.3_A_1_24_6_comp2
G_3_A_1_24_6_comp3,P_3_A_1_24_6_comp1+3_A_1_24_6_comp2+3_A_1_24_6_comp3,R_3_A_1_24_6,TCDB,TCDB.3_A_1_24_6_comp3
G_2_A_1_47_4_comp1,P_2_A_1_47_4_comp1,R_2_A_1_47_4,TCDB,TCDB.2_A_1_47_4_comp1
G_9_B_50_1_8_comp1,P_9_B_50_1_8_comp1,R_9_B_50_1_8,TCDB,TCDB.9_B_50_1_8_comp1
G_2_A_17_3_1_comp1,P_2_A_17_3_1_comp1,R_2_A_17_3_1,TCDB,TCDB.2_A_17_3_1_comp1
G_1_B_14_1_5_comp1,P_1_B_14_1_5_comp1,R_1_B_14_1_5,TCDB,TCDB.1_B_14_1_5_comp1
G_9_A_73_1_1_comp1,P_9_A_73_1_1_comp1,R_9_A_73_1_1,TCDB,TCDB.9_A_73_1_1_comp1
G_2_A_1_14_5_comp1,P_2_A_1_14_5_comp1,R_2_A_1_14_5,TCDB,TCDB.2_A_1_14_5_comp1
G_1_B_14_1_15_comp1,P_1_B_14_1_15_comp1,R_1_B_14_1_15,TCDB,TCDB.1_B_14_1_15_comp1
G_1_W_7_3_7_comp1,P_1_W_7_3_7_comp1,R_1_W_7_3_7,TCDB,TCDB.1_W_7_3_7_comp1
G_1_G_12_2_2_comp1,P_1_G_12_2_2_comp1,R_1_G_12_2_2,TCDB,TCDB.1_G_12_2_2_comp1
G_1_B_1_5_2_comp1,P_1_B_1_5_2_comp1,R_1_B_1_5_2,TCDB,TCDB.1_B_1_5_2_comp1
G_9_B_105_3_2_comp1,P_9_B_105_3_2_comp1,R_9_B_105_3_2,TCDB,TCDB.9_B_105_3_2_comp1
G_1_A_10_1_20_comp1,P_1_A_10_1_20_comp1+1_A_10_1_20_comp2,R_1_A_10_1_20,TCDB,TCDB.1_A_10_1_20_comp1
G_1_A_10_1_20_comp2,P_1_A_10_1_20_comp1+1_A_10_1_20_comp2,R_1_A_10_1_20,TCDB,TCDB.1_A_10_1_20_comp2
G_3_A_1_23_6_comp1,P_3_A_1_23_6_comp1+3_A_1_23_6_comp2+3_A_1_23_6_comp3+3_A_1_23_6_comp4,R_3_A_1_23_6,TCDB,TCDB.3_A_1_23_6_comp1
G_3_A_1_23_6_comp2,P_3_A_1_23_6_comp1+3_A_1_23_6_comp2+3_A_1_23_6_comp3+3_A_1_23_6_comp4,R_3_A_1_23_6,TCDB,TCDB.3_A_1_23_6_comp2
G_3_A_1_23_6_comp3,P_3_A_1_23_6_comp1+3_A_1_23_6_comp2+3_A_1_23_6_comp3+3_A_1_23_6_comp4,R_3_A_1_23_6,TCDB,TCDB.3_A_1_23_6_comp3
G_3_A_1_23_6_comp4,P_3_A_1_23_6_comp1+3_A_1_23_6_comp2+3_A_1_23_6_comp3+3_A_1_23_6_comp4,R_3_A_1_23_6,TCDB,TCDB.3_A_1_23_6_comp4
G_1_B_70_1_2_comp1,P_1_B_70_1_2_comp1,R_1_B_70_1_2,TCDB,TCDB.1_B_70_1_2_comp1
G_8_A_9_1_1_comp1,P_8_A_9_1_1_comp1,R_8_A_9_1_1,TCDB,TCDB.8_A_9_1_1_comp1
G_1_A_35_5_3_comp1,P_1_A_35_5_3_comp1,R_1_A_35_5_3,TCDB,TCDB.1_A_35_5_3_comp1
G_2_A_7_20_4_comp1,P_2_A_7_20_4_comp1,R_2_A_7_20_4,TCDB,TCDB.2_A_7_20_4_comp1
G_2_A_1_2_29_comp1,P_2_A_1_2_29_comp1,R_2_A_1_2_29,TCDB,TCDB.2_A_1_2_29_comp1
G_2_A_39_4_1_comp1,P_2_A_39_4_1_comp1,R_2_A_39_4_1,TCDB,TCDB.2_A_39_4_1_comp1
G_8_A_33_1_2_comp1,P_8_A_33_1_2_comp1,R_8_A_33_1_2,TCDB,TCDB.8_A_33_1_2_comp1
G_1_E_31_1_1_comp1,P_1_E_31_1_1_comp1,R_1_E_31_1_1,TCDB,TCDB.1_E_31_1_1_comp1
G_1_A_8_8_14_comp1,P_1_A_8_8_14_comp1,R_1_A_8_8_14,TCDB,TCDB.1_A_8_8_14_comp1
G_1_C_36_2_1_comp1,P_1_C_36_2_1_comp1+1_C_36_2_1_comp2,R_1_C_36_2_1,TCDB,TCDB.1_C_36_2_1_comp1
G_1_C_36_2_1_comp2,P_1_C_36_2_1_comp1+1_C_36_2_1_comp2,R_1_C_36_2_1,TCDB,TCDB.1_C_36_2_1_comp2
G_1_C_111_1_2_comp1,P_1_C_111_1_2_comp1,R_1_C_111_1_2,TCDB,TCDB.1_C_111_1_2_comp1
G_2_A_29_2_3_comp1,P_2_A_29_2_3_comp1,R_2_A_29_2_3,TCDB,TCDB.2_A_29_2_3_comp1
G_1_H_1_4_6_comp1,P_1_H_1_4_6_comp1,R_1_H_1_4_6,TCDB,TCDB.1_H_1_4_6_comp1
G_2_A_1_1_18_comp1,P_2_A_1_1_18_comp1,R_2_A_1_1_18,TCDB,TCDB.2_A_1_1_18_comp1
G_2_A_43_2_8_comp1,P_2_A_43_2_8_comp1,R_2_A_43_2_8,TCDB,TCDB.2_A_43_2_8_comp1
G_2_A_49_2_4_comp1,P_2_A_49_2_4_comp1,R_2_A_49_2_4,TCDB,TCDB.2_A_49_2_4_comp1
G_8_A_16_1_1_comp1,P_8_A_16_1_1_comp1,R_8_A_16_1_1,TCDB,TCDB.8_A_16_1_1_comp1
G_2_A_1_2_66_comp1,P_2_A_1_2_66_comp1,R_2_A_1_2_66,TCDB,TCDB.2_A_1_2_66_comp1
G_2_A_97_1_4_comp1,P_2_A_97_1_4_comp1,R_2_A_97_1_4,TCDB,TCDB.2_A_97_1_4_comp1
G_2_A_58_1_5_comp1,P_2_A_58_1_5_comp1,R_2_A_58_1_5,TCDB,TCDB.2_A_58_1_5_comp1
G_2_A_58_1_1_comp1,P_2_A_58_1_1_comp1,R_2_A_58_1_1,TCDB,TCDB.2_A_58_1_1_comp1
G_2_A_29_17_1_comp1,P_2_A_29_17_1_comp1,R_2_A_29_17_1,TCDB,TCDB.2_A_29_17_1_comp1
G_1_A_17_5_11_comp1,P_1_A_17_5_11_comp1,R_1_A_17_5_11,TCDB,TCDB.1_A_17_5_11_comp1
G_9_A_19_1_1_comp1,P_9_A_19_1_1_comp1,R_9_A_19_1_1,TCDB,TCDB.9_A_19_1_1_comp1
G_1_A_126_1_2_comp1,P_1_A_126_1_2_comp1,R_1_A_126_1_2,TCDB,TCDB.1_A_126_1_2_comp1
G_1_C_1_4_2_comp1,P_1_C_1_4_2_comp1,R_1_C_1_4_2,TCDB,TCDB.1_C_1_4_2_comp1
G_2_A_67_1_4_comp1,P_2_A_67_1_4_comp1,R_2_A_67_1_4,TCDB,TCDB.2_A_67_1_4_comp1
G_2_A_59_1_1_comp1,P_2_A_59_1_1_comp1,R_2_A_59_1_1,TCDB,TCDB.2_A_59_1_1_comp1
G_9_B_198_2_1_comp1,P_9_B_198_2_1_comp1,R_9_B_198_2_1,TCDB,TCDB.9_B_198_2_1_comp1
G_1_A_56_1_4_comp1,P_1_A_56_1_4_comp1,R_1_A_56_1_4,TCDB,TCDB.1_A_56_1_4_comp1
G_3_B_1_1_3_comp1,P_3_B_1_1_3_comp1+3_B_1_1_3_comp2+3_B_1_1_3_comp3+3_B_1_1_3_comp4,R_3_B_1_1_3,TCDB,TCDB.3_B_1_1_3_comp1
G_3_B_1_1_3_comp2,P_3_B_1_1_3_comp1+3_B_1_1_3_comp2+3_B_1_1_3_comp3+3_B_1_1_3_comp4,R_3_B_1_1_3,TCDB,TCDB.3_B_1_1_3_comp2
G_3_B_1_1_3_comp3,P_3_B_1_1_3_comp1+3_B_1_1_3_comp2+3_B_1_1_3_comp3+3_B_1_1_3_comp4,R_3_B_1_1_3,TCDB,TCDB.3_B_1_1_3_comp3
G_3_B_1_1_3_comp4,P_3_B_1_1_3_comp1+3_B_1_1_3_comp2+3_B_1_1_3_comp3+3_B_1_1_3_comp4,R_3_B_1_1_3,TCDB,TCDB.3_B_1_1_3_comp4
G_1_C_109_1_1_comp1,P_1_C_109_1_1_comp1,R_1_C_109_1_1,TCDB,TCDB.1_C_109_1_1_comp1
G_1_H_1_4_2_comp1,P_1_H_1_4_2_comp1,R_1_H_1_4_2,TCDB,TCDB.1_H_1_4_2_comp1
G_3_A_1_14_14_comp1,P_3_A_1_14_14_comp1+3_A_1_14_14_comp2+3_A_1_14_14_comp3+3_A_1_14_14_comp4,R_3_A_1_14_14,TCDB,TCDB.3_A_1_14_14_comp1
G_3_A_1_14_14_comp2,P_3_A_1_14_14_comp1+3_A_1_14_14_comp2+3_A_1_14_14_comp3+3_A_1_14_14_comp4,R_3_A_1_14_14,TCDB,TCDB.3_A_1_14_14_comp2
G_3_A_1_14_14_comp3,P_3_A_1_14_14_comp1+3_A_1_14_14_comp2+3_A_1_14_14_comp3+3_A_1_14_14_comp4,R_3_A_1_14_14,TCDB,TCDB.3_A_1_14_14_comp3
G_3_A_1_14_14_comp4,P_3_A_1_14_14_comp1+3_A_1_14_14_comp2+3_A_1_14_14_comp3+3_A_1_14_14_comp4,R_3_A_1_14_14,TCDB,TCDB.3_A_1_14_14_comp4
G_1_A_1_11_16_comp1,P_1_A_1_11_16_comp1,R_1_A_1_11_16,TCDB,TCDB.1_A_1_11_16_comp1
G_1_A_1_5_30_comp1,P_1_A_1_5_30_comp1,R_1_A_1_5_30,TCDB,TCDB.1_A_1_5_30_comp1
G_1_C_97_3_7_comp1,P_1_C_97_3_7_comp1,R_1_C_97_3_7,TCDB,TCDB.1_C_97_3_7_comp1
G_9_B_87_4_2_comp1,P_9_B_87_4_2_comp1,R_9_B_87_4_2,TCDB,TCDB.9_B_87_4_2_comp1
G_9_B_103_1_1_comp1,P_9_B_103_1_1_comp1,R_9_B_103_1_1,TCDB,TCDB.9_B_103_1_1_comp1
G_8_A_149_1_1_comp1,P_8_A_149_1_1_comp1,R_8_A_149_1_1,TCDB,TCDB.8_A_149_1_1_comp1
G_1_C_111_1_18_comp1,P_1_C_111_1_18_comp1,R_1_C_111_1_18,TCDB,TCDB.1_C_111_1_18_comp1
G_8_A_24_1_9_comp1,P_8_A_24_1_9_comp1,R_8_A_24_1_9,TCDB,TCDB.8_A_24_1_9_comp1
G_1_C_3_4_3_comp1,P_1_C_3_4_3_comp1,R_1_C_3_4_3,TCDB,TCDB.1_C_3_4_3_comp1
G_2_A_1_2_75_comp1,P_2_A_1_2_75_comp1,R_2_A_1_2_75,TCDB,TCDB.2_A_1_2_75_comp1
G_2_A_40_4_1_comp1,P_2_A_40_4_1_comp1,R_2_A_40_4_1,TCDB,TCDB.2_A_40_4_1_comp1
G_2_A_1_75_1_comp1,P_2_A_1_75_1_comp1,R_2_A_1_75_1,TCDB,TCDB.2_A_1_75_1_comp1
G_2_A_71_1_4_comp1,P_2_A_71_1_4_comp1,R_2_A_71_1_4,TCDB,TCDB.2_A_71_1_4_comp1
G_9_B_21_1_2_comp1,P_9_B_21_1_2_comp1,R_9_B_21_1_2,TCDB,TCDB.9_B_21_1_2_comp1
G_9_B_12_3_2_comp1,P_9_B_12_3_2_comp1,R_9_B_12_3_2,TCDB,TCDB.9_B_12_3_2_comp1
G_3_D_2_4_1_comp1,P_3_D_2_4_1_comp1,R_3_D_2_4_1,TCDB,TCDB.3_D_2_4_1_comp1
G_2_A_1_60_1_comp1,P_2_A_1_60_1_comp1,R_2_A_1_60_1,TCDB,TCDB.2_A_1_60_1_comp1
G_3_A_1_127_1_comp1,P_3_A_1_127_1_comp1+3_A_1_127_1_comp2,R_3_A_1_127_1,TCDB,TCDB.3_A_1_127_1_comp1
G_3_A_1_127_1_comp2,P_3_A_1_127_1_comp1+3_A_1_127_1_comp2,R_3_A_1_127_1,TCDB,TCDB.3_A_1_127_1_comp2
G_2_A_1_1_12_comp1,P_2_A_1_1_12_comp1,R_2_A_1_1_12,TCDB,TCDB.2_A_1_1_12_comp1
G_1_B_11_1_2_comp1,P_1_B_11_1_2_comp1,R_1_B_11_1_2,TCDB,TCDB.1_B_11_1_2_comp1
G_3_A_7_7_1_comp1,P_3_A_7_7_1_comp1+3_A_7_7_1_comp2+3_A_7_7_1_comp3+3_A_7_7_1_comp4+3_A_7_7_1_comp5+3_A_7_7_1_comp6+3_A_7_7_1_comp7+3_A_7_7_1_comp8+3_A_7_7_1_comp9+3_A_7_7_1_comp10+3_A_7_7_1_comp11+3_A_7_7_1_comp12+3_A_7_7_1_comp13+3_A_7_7_1_comp14+3_A_7_7_1_comp15,R_3_A_7_7_1,TCDB,TCDB.3_A_7_7_1_comp1
G_3_A_7_7_1_comp2,P_3_A_7_7_1_comp1+3_A_7_7_1_comp2+3_A_7_7_1_comp3+3_A_7_7_1_comp4+3_A_7_7_1_comp5+3_A_7_7_1_comp6+3_A_7_7_1_comp7+3_A_7_7_1_comp8+3_A_7_7_1_comp9+3_A_7_7_1_comp10+3_A_7_7_1_comp11+3_A_7_7_1_comp12+3_A_7_7_1_comp13+3_A_7_7_1_comp14+3_A_7_7_1_comp15,R_3_A_7_7_1,TCDB,TCDB.3_A_7_7_1_comp2
G_3_A_7_7_1_comp3,P_3_A_7_7_1_comp1+3_A_7_7_1_comp2+3_A_7_7_1_comp3+3_A_7_7_1_comp4+3_A_7_7_1_comp5+3_A_7_7_1_comp6+3_A_7_7_1_comp7+3_A_7_7_1_comp8+3_A_7_7_1_comp9+3_A_7_7_1_comp10+3_A_7_7_1_comp11+3_A_7_7_1_comp12+3_A_7_7_1_comp13+3_A_7_7_1_comp14+3_A_7_7_1_comp15,R_3_A_7_7_1,TCDB,TCDB.3_A_7_7_1_comp3
G_3_A_7_7_1_comp4,P_3_A_7_7_1_comp1+3_A_7_7_1_comp2+3_A_7_7_1_comp3+3_A_7_7_1_comp4+3_A_7_7_1_comp5+3_A_7_7_1_comp6+3_A_7_7_1_comp7+3_A_7_7_1_comp8+3_A_7_7_1_comp9+3_A_7_7_1_comp10+3_A_7_7_1_comp11+3_A_7_7_1_comp12+3_A_7_7_1_comp13+3_A_7_7_1_comp14+3_A_7_7_1_comp15,R_3_A_7_7_1,TCDB,TCDB.3_A_7_7_1_comp4
G_3_A_7_7_1_comp5,P_3_A_7_7_1_comp1+3_A_7_7_1_comp2+3_A_7_7_1_comp3+3_A_7_7_1_comp4+3_A_7_7_1_comp5+3_A_7_7_1_comp6+3_A_7_7_1_comp7+3_A_7_7_1_comp8+3_A_7_7_1_comp9+3_A_7_7_1_comp10+3_A_7_7_1_comp11+3_A_7_7_1_comp12+3_A_7_7_1_comp13+3_A_7_7_1_comp14+3_A_7_7_1_comp15,R_3_A_7_7_1,TCDB,TCDB.3_A_7_7_1_comp5
G_3_A_7_7_1_comp6,P_3_A_7_7_1_comp1+3_A_7_7_1_comp2+3_A_7_7_1_comp3+3_A_7_7_1_comp4+3_A_7_7_1_comp5+3_A_7_7_1_comp6+3_A_7_7_1_comp7+3_A_7_7_1_comp8+3_A_7_7_1_comp9+3_A_7_7_1_comp10+3_A_7_7_1_comp11+3_A_7_7_1_comp12+3_A_7_7_1_comp13+3_A_7_7_1_comp14+3_A_7_7_1_comp15,R_3_A_7_7_1,TCDB,TCDB.3_A_7_7_1_comp6
G_3_A_7_7_1_comp7,P_3_A_7_7_1_comp1+3_A_7_7_1_comp2+3_A_7_7_1_comp3+3_A_7_7_1_comp4+3_A_7_7_1_comp5+3_A_7_7_1_comp6+3_A_7_7_1_comp7+3_A_7_7_1_comp8+3_A_7_7_1_comp9+3_A_7_7_1_comp10+3_A_7_7_1_comp11+3_A_7_7_1_comp12+3_A_7_7_1_comp13+3_A_7_7_1_comp14+3_A_7_7_1_comp15,R_3_A_7_7_1,TCDB,TCDB.3_A_7_7_1_comp7
G_3_A_7_7_1_comp8,P_3_A_7_7_1_comp1+3_A_7_7_1_comp2+3_A_7_7_1_comp3+3_A_7_7_1_comp4+3_A_7_7_1_comp5+3_A_7_7_1_comp6+3_A_7_7_1_comp7+3_A_7_7_1_comp8+3_A_7_7_1_comp9+3_A_7_7_1_comp10+3_A_7_7_1_comp11+3_A_7_7_1_comp12+3_A_7_7_1_comp13+3_A_7_7_1_comp14+3_A_7_7_1_comp15,R_3_A_7_7_1,TCDB,TCDB.3_A_7_7_1_comp8
G_3_A_7_7_1_comp9,P_3_A_7_7_1_comp1+3_A_7_7_1_comp2+3_A_7_7_1_comp3+3_A_7_7_1_comp4+3_A_7_7_1_comp5+3_A_7_7_1_comp6+3_A_7_7_1_comp7+3_A_7_7_1_comp8+3_A_7_7_1_comp9+3_A_7_7_1_comp10+3_A_7_7_1_comp11+3_A_7_7_1_comp12+3_A_7_7_1_comp13+3_A_7_7_1_comp14+3_A_7_7_1_comp15,R_3_A_7_7_1,TCDB,TCDB.3_A_7_7_1_comp9
G_3_A_7_7_1_comp10,P_3_A_7_7_1_comp1+3_A_7_7_1_comp2+3_A_7_7_1_comp3+3_A_7_7_1_comp4+3_A_7_7_1_comp5+3_A_7_7_1_comp6+3_A_7_7_1_comp7+3_A_7_7_1_comp8+3_A_7_7_1_comp9+3_A_7_7_1_comp10+3_A_7_7_1_comp11+3_A_7_7_1_comp12+3_A_7_7_1_comp13+3_A_7_7_1_comp14+3_A_7_7_1_comp15,R_3_A_7_7_1,TCDB,TCDB.3_A_7_7_1_comp10
G_3_A_7_7_1_comp11,P_3_A_7_7_1_comp1+3_A_7_7_1_comp2+3_A_7_7_1_comp3+3_A_7_7_1_comp4+3_A_7_7_1_comp5+3_A_7_7_1_comp6+3_A_7_7_1_comp7+3_A_7_7_1_comp8+3_A_7_7_1_comp9+3_A_7_7_1_comp10+3_A_7_7_1_comp11+3_A_7_7_1_comp12+3_A_7_7_1_comp13+3_A_7_7_1_comp14+3_A_7_7_1_comp15,R_3_A_7_7_1,TCDB,TCDB.3_A_7_7_1_comp11
G_3_A_7_7_1_comp12,P_3_A_7_7_1_comp1+3_A_7_7_1_comp2+3_A_7_7_1_comp3+3_A_7_7_1_comp4+3_A_7_7_1_comp5+3_A_7_7_1_comp6+3_A_7_7_1_comp7+3_A_7_7_1_comp8+3_A_7_7_1_comp9+3_A_7_7_1_comp10+3_A_7_7_1_comp11+3_A_7_7_1_comp12+3_A_7_7_1_comp13+3_A_7_7_1_comp14+3_A_7_7_1_comp15,R_3_A_7_7_1,TCDB,TCDB.3_A_7_7_1_comp12
G_3_A_7_7_1_comp13,P_3_A_7_7_1_comp1+3_A_7_7_1_comp2+3_A_7_7_1_comp3+3_A_7_7_1_comp4+3_A_7_7_1_comp5+3_A_7_7_1_comp6+3_A_7_7_1_comp7+3_A_7_7_1_comp8+3_A_7_7_1_comp9+3_A_7_7_1_comp10+3_A_7_7_1_comp11+3_A_7_7_1_comp12+3_A_7_7_1_comp13+3_A_7_7_1_comp14+3_A_7_7_1_comp15,R_3_A_7_7_1,TCDB,TCDB.3_A_7_7_1_comp13
G_3_A_7_7_1_comp14,P_3_A_7_7_1_comp1+3_A_7_7_1_comp2+3_A_7_7_1_comp3+3_A_7_7_1_comp4+3_A_7_7_1_comp5+3_A_7_7_1_comp6+3_A_7_7_1_comp7+3_A_7_7_1_comp8+3_A_7_7_1_comp9+3_A_7_7_1_comp10+3_A_7_7_1_comp11+3_A_7_7_1_comp12+3_A_7_7_1_comp13+3_A_7_7_1_comp14+3_A_7_7_1_comp15,R_3_A_7_7_1,TCDB,TCDB.3_A_7_7_1_comp14
G_3_A_7_7_1_comp15,P_3_A_7_7_1_comp1+3_A_7_7_1_comp2+3_A_7_7_1_comp3+3_A_7_7_1_comp4+3_A_7_7_1_comp5+3_A_7_7_1_comp6+3_A_7_7_1_comp7+3_A_7_7_1_comp8+3_A_7_7_1_comp9+3_A_7_7_1_comp10+3_A_7_7_1_comp11+3_A_7_7_1_comp12+3_A_7_7_1_comp13+3_A_7_7_1_comp14+3_A_7_7_1_comp15,R_3_A_7_7_1,TCDB,TCDB.3_A_7_7_1_comp15
G_3_A_1_102_2_comp1,P_3_A_1_102_2_comp1+3_A_1_102_2_comp2,R_3_A_1_102_2,TCDB,TCDB.3_A_1_102_2_comp1
G_3_A_1_102_2_comp2,P_3_A_1_102_2_comp1+3_A_1_102_2_comp2,R_3_A_1_102_2,TCDB,TCDB.3_A_1_102_2_comp2
G_2_A_47_1_2_comp1,P_2_A_47_1_2_comp1,R_2_A_47_1_2,TCDB,TCDB.2_A_47_1_2_comp1
G_1_A_17_5_7_comp1,P_1_A_17_5_7_comp1,R_1_A_17_5_7,TCDB,TCDB.1_A_17_5_7_comp1
G_1_A_21_1_2_comp1,P_1_A_21_1_2_comp1,R_1_A_21_1_2,TCDB,TCDB.1_A_21_1_2_comp1
G_1_A_21_1_1_comp1,P_1_A_21_1_1_comp1,R_1_A_21_1_1,TCDB,TCDB.1_A_21_1_1_comp1
G_2_A_1_2_16_comp1,P_2_A_1_2_16_comp1,R_2_A_1_2_16,TCDB,TCDB.2_A_1_2_16_comp1
G_1_C_35_1_4_comp1,P_1_C_35_1_4_comp1,R_1_C_35_1_4,TCDB,TCDB.1_C_35_1_4_comp1
G_8_A_9_1_2_comp1,P_8_A_9_1_2_comp1,R_8_A_9_1_2,TCDB,TCDB.8_A_9_1_2_comp1
G_9_B_208_1_6_comp1,P_9_B_208_1_6_comp1,R_9_B_208_1_6,TCDB,TCDB.9_B_208_1_6_comp1
G_2_A_1_14_36_comp1,P_2_A_1_14_36_comp1,R_2_A_1_14_36,TCDB,TCDB.2_A_1_14_36_comp1
G_1_C_51_1_1_comp1,P_1_C_51_1_1_comp1,R_1_C_51_1_1,TCDB,TCDB.1_C_51_1_1_comp1
G_9_B_87_1_16_comp1,P_9_B_87_1_16_comp1,R_9_B_87_1_16,TCDB,TCDB.9_B_87_1_16_comp1
G_1_C_47_4_1_comp1,P_1_C_47_4_1_comp1,R_1_C_47_4_1,TCDB,TCDB.1_C_47_4_1_comp1
G_1_B_62_1_8_comp1,P_1_B_62_1_8_comp1,R_1_B_62_1_8,TCDB,TCDB.1_B_62_1_8_comp1
G_2_A_1_7_6_comp1,P_2_A_1_7_6_comp1,R_2_A_1_7_6,TCDB,TCDB.2_A_1_7_6_comp1
G_2_A_1_7_12_comp1,P_2_A_1_7_12_comp1,R_2_A_1_7_12,TCDB,TCDB.2_A_1_7_12_comp1
G_2_A_1_14_25_comp1,P_2_A_1_14_25_comp1,R_2_A_1_14_25,TCDB,TCDB.2_A_1_14_25_comp1
G_9_B_198_2_4_comp1,P_9_B_198_2_4_comp1,R_9_B_198_2_4,TCDB,TCDB.9_B_198_2_4_comp1
G_9_A_18_1_2_comp1,P_9_A_18_1_2_comp1,R_9_A_18_1_2,TCDB,TCDB.9_A_18_1_2_comp1
G_2_A_97_1_2_comp1,P_2_A_97_1_2_comp1,R_2_A_97_1_2,TCDB,TCDB.2_A_97_1_2_comp1
G_2_A_121_2_5_comp1,P_2_A_121_2_5_comp1,R_2_A_121_2_5,TCDB,TCDB.2_A_121_2_5_comp1
G_2_A_121_2_2_comp1,P_2_A_121_2_2_comp1,R_2_A_121_2_2,TCDB,TCDB.2_A_121_2_2_comp1
G_2_A_1_13_19_comp1,P_2_A_1_13_19_comp1,R_2_A_1_13_19,TCDB,TCDB.2_A_1_13_19_comp1
G_1_A_35_2_1_comp1,P_1_A_35_2_1_comp1,R_1_A_35_2_1,TCDB,TCDB.1_A_35_2_1_comp1
G_2_A_1_7_13_comp1,P_2_A_1_7_13_comp1,R_2_A_1_7_13,TCDB,TCDB.2_A_1_7_13_comp1
G_8_A_22_1_2_comp1,P_8_A_22_1_2_comp1,R_8_A_22_1_2,TCDB,TCDB.8_A_22_1_2_comp1
G_2_A_1_16_2_comp1,P_2_A_1_16_2_comp1,R_2_A_1_16_2,TCDB,TCDB.2_A_1_16_2_comp1
G_2_A_39_5_1_comp1,P_2_A_39_5_1_comp1,R_2_A_39_5_1,TCDB,TCDB.2_A_39_5_1_comp1
G_8_A_132_1_13_comp1,P_8_A_132_1_13_comp1+8_A_132_1_13_comp2,R_8_A_132_1_13,TCDB,TCDB.8_A_132_1_13_comp1
G_8_A_132_1_13_comp2,P_8_A_132_1_13_comp1+8_A_132_1_13_comp2,R_8_A_132_1_13,TCDB,TCDB.8_A_132_1_13_comp2
G_2_A_20_2_3_comp1,P_2_A_20_2_3_comp1,R_2_A_20_2_3,TCDB,TCDB.2_A_20_2_3_comp1
G_1_M_1_3_18_comp1,P_1_M_1_3_18_comp1,R_1_M_1_3_18,TCDB,TCDB.1_M_1_3_18_comp1
G_3_A_1_205_15_comp1,P_3_A_1_205_15_comp1,R_3_A_1_205_15,TCDB,TCDB.3_A_1_205_15_comp1
G_9_A_26_1_2_comp1,P_9_A_26_1_2_comp1,R_9_A_26_1_2,TCDB,TCDB.9_A_26_1_2_comp1
G_2_A_39_4_2_comp1,P_2_A_39_4_2_comp1,R_2_A_39_4_2,TCDB,TCDB.2_A_39_4_2_comp1
G_9_B_308_3_2_comp1,P_9_B_308_3_2_comp1,R_9_B_308_3_2,TCDB,TCDB.9_B_308_3_2_comp1
G_1_A_101_7_3_comp1,P_1_A_101_7_3_comp1,R_1_A_101_7_3,TCDB,TCDB.1_A_101_7_3_comp1
G_9_B_229_1_7_comp1,P_9_B_229_1_7_comp1,R_9_B_229_1_7,TCDB,TCDB.9_B_229_1_7_comp1
G_1_N_1_1_1_comp1,P_1_N_1_1_1_comp1+1_N_1_1_1_comp2+1_N_1_1_1_comp3,R_1_N_1_1_1,TCDB,TCDB.1_N_1_1_1_comp1
G_1_N_1_1_1_comp2,P_1_N_1_1_1_comp1+1_N_1_1_1_comp2+1_N_1_1_1_comp3,R_1_N_1_1_1,TCDB,TCDB.1_N_1_1_1_comp2
G_1_N_1_1_1_comp3,P_1_N_1_1_1_comp1+1_N_1_1_1_comp2+1_N_1_1_1_comp3,R_1_N_1_1_1,TCDB,TCDB.1_N_1_1_1_comp3
G_2_A_1_13_4_comp1,P_2_A_1_13_4_comp1,R_2_A_1_13_4,TCDB,TCDB.2_A_1_13_4_comp1
G_2_A_1_11_5_comp1,P_2_A_1_11_5_comp1,R_2_A_1_11_5,TCDB,TCDB.2_A_1_11_5_comp1
G_1_A_9_5_6_comp1,P_1_A_9_5_6_comp1+1_A_9_5_6_comp2,R_1_A_9_5_6,TCDB,TCDB.1_A_9_5_6_comp1
G_1_A_9_5_6_comp2,P_1_A_9_5_6_comp1+1_A_9_5_6_comp2,R_1_A_9_5_6,TCDB,TCDB.1_A_9_5_6_comp2
G_3_A_3_2_31_comp1,P_3_A_3_2_31_comp1,R_3_A_3_2_31,TCDB,TCDB.3_A_3_2_31_comp1
G_9_B_39_1_1_comp1,P_9_B_39_1_1_comp1,R_9_B_39_1_1,TCDB,TCDB.9_B_39_1_1_comp1
G_1_B_70_1_7_comp1,P_1_B_70_1_7_comp1,R_1_B_70_1_7,TCDB,TCDB.1_B_70_1_7_comp1
G_2_A_1_3_52_comp1,P_2_A_1_3_52_comp1,R_2_A_1_3_52,TCDB,TCDB.2_A_1_3_52_comp1
G_1_A_43_2_4_comp1,P_1_A_43_2_4_comp1,R_1_A_43_2_4,TCDB,TCDB.1_A_43_2_4_comp1
G_9_B_229_1_6_comp1,P_9_B_229_1_6_comp1,R_9_B_229_1_6,TCDB,TCDB.9_B_229_1_6_comp1
G_1_A_131_1_1_comp1,P_1_A_131_1_1_comp1,R_1_A_131_1_1,TCDB,TCDB.1_A_131_1_1_comp1
G_2_A_4_1_6_comp1,P_2_A_4_1_6_comp1,R_2_A_4_1_6,TCDB,TCDB.2_A_4_1_6_comp1
G_2_A_3_10_15_comp1,P_2_A_3_10_15_comp1,R_2_A_3_10_15,TCDB,TCDB.2_A_3_10_15_comp1
G_1_A_43_2_5_comp1,P_1_A_43_2_5_comp1,R_1_A_43_2_5,TCDB,TCDB.1_A_43_2_5_comp1
G_2_A_18_6_18_comp1,P_2_A_18_6_18_comp1,R_2_A_18_6_18,TCDB,TCDB.2_A_18_6_18_comp1
G_2_A_18_9_2_comp1,P_2_A_18_9_2_comp1,R_2_A_18_9_2,TCDB,TCDB.2_A_18_9_2_comp1
G_1_A_9_5_9_comp1,P_1_A_9_5_9_comp1,R_1_A_9_5_9,TCDB,TCDB.1_A_9_5_9_comp1
G_1_A_1_24_2_comp1,P_1_A_1_24_2_comp1,R_1_A_1_24_2,TCDB,TCDB.1_A_1_24_2_comp1
G_1_A_29_1_3_comp1,P_1_A_29_1_3_comp1,R_1_A_29_1_3,TCDB,TCDB.1_A_29_1_3_comp1
G_8_A_31_1_4_comp1,P_8_A_31_1_4_comp1,R_8_A_31_1_4,TCDB,TCDB.8_A_31_1_4_comp1
G_2_A_3_3_1_comp1,P_2_A_3_3_1_comp1,R_2_A_3_3_1,TCDB,TCDB.2_A_3_3_1_comp1
G_2_A_54_1_2_comp1,P_2_A_54_1_2_comp1,R_2_A_54_1_2,TCDB,TCDB.2_A_54_1_2_comp1
G_9_A_14_23_1_comp1,P_9_A_14_23_1_comp1,R_9_A_14_23_1,TCDB,TCDB.9_A_14_23_1_comp1
G_9_A_14_23_8_comp1,P_9_A_14_23_8_comp1,R_9_A_14_23_8,TCDB,TCDB.9_A_14_23_8_comp1
G_9_B_97_2_3_comp1,P_9_B_97_2_3_comp1,R_9_B_97_2_3,TCDB,TCDB.9_B_97_2_3_comp1
G_1_A_6_2_3_comp1,P_1_A_6_2_3_comp1,R_1_A_6_2_3,TCDB,TCDB.1_A_6_2_3_comp1
G_3_A_1_208_4_comp1,P_3_A_1_208_4_comp1,R_3_A_1_208_4,TCDB,TCDB.3_A_1_208_4_comp1
G_2_A_36_1_8_comp1,P_2_A_36_1_8_comp1,R_2_A_36_1_8,TCDB,TCDB.2_A_36_1_8_comp1
G_1_A_1_2_12_comp1,P_1_A_1_2_12_comp1,R_1_A_1_2_12,TCDB,TCDB.1_A_1_2_12_comp1
G_8_B_31_1_1_comp1,P_8_B_31_1_1_comp1,R_8_B_31_1_1,TCDB,TCDB.8_B_31_1_1_comp1
G_2_A_1_48_3_comp1,P_2_A_1_48_3_comp1,R_2_A_1_48_3,TCDB,TCDB.2_A_1_48_3_comp1
G_2_A_53_3_7_comp1,P_2_A_53_3_7_comp1,R_2_A_53_3_7,TCDB,TCDB.2_A_53_3_7_comp1
G_2_A_1_24_2_comp1,P_2_A_1_24_2_comp1,R_2_A_1_24_2,TCDB,TCDB.2_A_1_24_2_comp1
G_2_A_1_9_8_comp1,P_2_A_1_9_8_comp1,R_2_A_1_9_8,TCDB,TCDB.2_A_1_9_8_comp1
G_2_A_82_1_8_comp1,P_2_A_82_1_8_comp1,R_2_A_82_1_8,TCDB,TCDB.2_A_82_1_8_comp1
G_1_A_131_1_2_comp1,P_1_A_131_1_2_comp1,R_1_A_131_1_2,TCDB,TCDB.1_A_131_1_2_comp1
G_2_A_108_1_5_comp1,P_2_A_108_1_5_comp1+2_A_108_1_5_comp2,R_2_A_108_1_5,TCDB,TCDB.2_A_108_1_5_comp1
G_2_A_108_1_5_comp2,P_2_A_108_1_5_comp1+2_A_108_1_5_comp2,R_2_A_108_1_5,TCDB,TCDB.2_A_108_1_5_comp2
G_1_A_20_2_1_comp1,P_1_A_20_2_1_comp1,R_1_A_20_2_1,TCDB,TCDB.1_A_20_2_1_comp1
G_9_B_147_1_5_comp1,P_9_B_147_1_5_comp1,R_9_B_147_1_5,TCDB,TCDB.9_B_147_1_5_comp1
G_1_C_21_1_7_comp1,P_1_C_21_1_7_comp1,R_1_C_21_1_7,TCDB,TCDB.1_C_21_1_7_comp1
G_3_A_1_124_5_comp1,P_3_A_1_124_5_comp1+3_A_1_124_5_comp2+3_A_1_124_5_comp3,R_3_A_1_124_5,TCDB,TCDB.3_A_1_124_5_comp1
G_3_A_1_124_5_comp2,P_3_A_1_124_5_comp1+3_A_1_124_5_comp2+3_A_1_124_5_comp3,R_3_A_1_124_5,TCDB,TCDB.3_A_1_124_5_comp2
G_3_A_1_124_5_comp3,P_3_A_1_124_5_comp1+3_A_1_124_5_comp2+3_A_1_124_5_comp3,R_3_A_1_124_5,TCDB,TCDB.3_A_1_124_5_comp3
G_1_E_13_1_1_comp1,P_1_E_13_1_1_comp1,R_1_E_13_1_1,TCDB,TCDB.1_E_13_1_1_comp1
G_9_B_102_3_2_comp1,P_9_B_102_3_2_comp1,R_9_B_102_3_2,TCDB,TCDB.9_B_102_3_2_comp1
G_9_B_29_3_5_comp1,P_9_B_29_3_5_comp1,R_9_B_29_3_5,TCDB,TCDB.9_B_29_3_5_comp1
G_1_E_5_2_4_comp1,P_1_E_5_2_4_comp1,R_1_E_5_2_4,TCDB,TCDB.1_E_5_2_4_comp1
G_9_A_24_2_1_comp1,P_9_A_24_2_1_comp1,R_9_A_24_2_1,TCDB,TCDB.9_A_24_2_1_comp1
G_1_A_77_2_6_comp1,P_1_A_77_2_6_comp1,R_1_A_77_2_6,TCDB,TCDB.1_A_77_2_6_comp1
G_9_B_126_2_4_comp1,P_9_B_126_2_4_comp1,R_9_B_126_2_4,TCDB,TCDB.9_B_126_2_4_comp1
G_2_A_4_7_8_comp1,P_2_A_4_7_8_comp1,R_2_A_4_7_8,TCDB,TCDB.2_A_4_7_8_comp1
G_1_E_3_1_4_comp1,P_1_E_3_1_4_comp1,R_1_E_3_1_4,TCDB,TCDB.1_E_3_1_4_comp1
G_9_B_8_6_1_comp1,P_9_B_8_6_1_comp1,R_9_B_8_6_1,TCDB,TCDB.9_B_8_6_1_comp1
G_2_A_1_24_6_comp1,P_2_A_1_24_6_comp1,R_2_A_1_24_6,TCDB,TCDB.2_A_1_24_6_comp1
G_1_B_71_1_4_comp1,P_1_B_71_1_4_comp1,R_1_B_71_1_4,TCDB,TCDB.1_B_71_1_4_comp1
G_1_C_119_1_3_comp1,P_1_C_119_1_3_comp1,R_1_C_119_1_3,TCDB,TCDB.1_C_119_1_3_comp1
G_2_A_1_19_48_comp1,P_2_A_1_19_48_comp1,R_2_A_1_19_48,TCDB,TCDB.2_A_1_19_48_comp1
G_2_A_7_25_4_comp1,P_2_A_7_25_4_comp1,R_2_A_7_25_4,TCDB,TCDB.2_A_7_25_4_comp1
G_2_A_38_3_3_comp1,P_2_A_38_3_3_comp1,R_2_A_38_3_3,TCDB,TCDB.2_A_38_3_3_comp1
G_1_E_6_2_4_comp1,P_1_E_6_2_4_comp1,R_1_E_6_2_4,TCDB,TCDB.1_E_6_2_4_comp1
G_2_A_1_38_2_comp1,P_2_A_1_38_2_comp1,R_2_A_1_38_2,TCDB,TCDB.2_A_1_38_2_comp1
G_1_A_69_6_2_comp1,P_1_A_69_6_2_comp1,R_1_A_69_6_2,TCDB,TCDB.1_A_69_6_2_comp1
G_9_B_43_2_2_comp1,P_9_B_43_2_2_comp1,R_9_B_43_2_2,TCDB,TCDB.9_B_43_2_2_comp1
G_5_B_9_1_3_comp1,P_5_B_9_1_3_comp1,R_5_B_9_1_3,TCDB,TCDB.5_B_9_1_3_comp1
G_1_B_4_2_14_comp1,P_1_B_4_2_14_comp1,R_1_B_4_2_14,TCDB,TCDB.1_B_4_2_14_comp1
G_1_M_1_3_23_comp1,P_1_M_1_3_23_comp1,R_1_M_1_3_23,TCDB,TCDB.1_M_1_3_23_comp1
G_2_A_72_2_2_comp1,P_2_A_72_2_2_comp1,R_2_A_72_2_2,TCDB,TCDB.2_A_72_2_2_comp1
G_2_A_7_12_16_comp1,P_2_A_7_12_16_comp1,R_2_A_7_12_16,TCDB,TCDB.2_A_7_12_16_comp1
G_2_A_28_3_1_comp1,P_2_A_28_3_1_comp1,R_2_A_28_3_1,TCDB,TCDB.2_A_28_3_1_comp1
G_2_A_84_1_2_comp1,P_2_A_84_1_2_comp1,R_2_A_84_1_2,TCDB,TCDB.2_A_84_1_2_comp1
G_1_E_19_1_12_comp1,P_1_E_19_1_12_comp1,R_1_E_19_1_12,TCDB,TCDB.1_E_19_1_12_comp1
G_2_A_2_3_7_comp1,P_2_A_2_3_7_comp1,R_2_A_2_3_7,TCDB,TCDB.2_A_2_3_7_comp1
G_3_A_1_2_14_comp1,P_3_A_1_2_14_comp1+3_A_1_2_14_comp2+3_A_1_2_14_comp3+3_A_1_2_14_comp4,R_3_A_1_2_14,TCDB,TCDB.3_A_1_2_14_comp1
G_3_A_1_2_14_comp2,P_3_A_1_2_14_comp1+3_A_1_2_14_comp2+3_A_1_2_14_comp3+3_A_1_2_14_comp4,R_3_A_1_2_14,TCDB,TCDB.3_A_1_2_14_comp2
G_3_A_1_2_14_comp3,P_3_A_1_2_14_comp1+3_A_1_2_14_comp2+3_A_1_2_14_comp3+3_A_1_2_14_comp4,R_3_A_1_2_14,TCDB,TCDB.3_A_1_2_14_comp3
G_3_A_1_2_14_comp4,P_3_A_1_2_14_comp1+3_A_1_2_14_comp2+3_A_1_2_14_comp3+3_A_1_2_14_comp4,R_3_A_1_2_14,TCDB,TCDB.3_A_1_2_14_comp4
G_1_B_14_3_7_comp1,P_1_B_14_3_7_comp1,R_1_B_14_3_7,TCDB,TCDB.1_B_14_3_7_comp1
G_1_A_11_2_5_comp1,P_1_A_11_2_5_comp1,R_1_A_11_2_5,TCDB,TCDB.1_A_11_2_5_comp1
G_1_B_8_1_8_comp1,P_1_B_8_1_8_comp1,R_1_B_8_1_8,TCDB,TCDB.1_B_8_1_8_comp1
G_2_A_102_2_1_comp1,P_2_A_102_2_1_comp1,R_2_A_102_2_1,TCDB,TCDB.2_A_102_2_1_comp1
G_9_B_32_1_6_comp1,P_9_B_32_1_6_comp1,R_9_B_32_1_6,TCDB,TCDB.9_B_32_1_6_comp1
G_8_B_38_1_2_comp1,P_8_B_38_1_2_comp1,R_8_B_38_1_2,TCDB,TCDB.8_B_38_1_2_comp1
G_9_B_87_1_4_comp1,P_9_B_87_1_4_comp1,R_9_B_87_1_4,TCDB,TCDB.9_B_87_1_4_comp1
G_8_A_27_1_3_comp1,P_8_A_27_1_3_comp1,R_8_A_27_1_3,TCDB,TCDB.8_A_27_1_3_comp1
G_2_A_53_1_12_comp1,P_2_A_53_1_12_comp1,R_2_A_53_1_12,TCDB,TCDB.2_A_53_1_12_comp1
G_2_A_66_1_48_comp1,P_2_A_66_1_48_comp1,R_2_A_66_1_48,TCDB,TCDB.2_A_66_1_48_comp1
G_2_A_108_2_4_comp1,P_2_A_108_2_4_comp1+2_A_108_2_4_comp2,R_2_A_108_2_4,TCDB,TCDB.2_A_108_2_4_comp1
G_2_A_108_2_4_comp2,P_2_A_108_2_4_comp1+2_A_108_2_4_comp2,R_2_A_108_2_4,TCDB,TCDB.2_A_108_2_4_comp2
G_3_A_1_5_28_comp1,P_3_A_1_5_28_comp1+3_A_1_5_28_comp2+3_A_1_5_28_comp3+3_A_1_5_28_comp4+3_A_1_5_28_comp5,R_3_A_1_5_28,TCDB,TCDB.3_A_1_5_28_comp1
G_3_A_1_5_28_comp2,P_3_A_1_5_28_comp1+3_A_1_5_28_comp2+3_A_1_5_28_comp3+3_A_1_5_28_comp4+3_A_1_5_28_comp5,R_3_A_1_5_28,TCDB,TCDB.3_A_1_5_28_comp2
G_3_A_1_5_28_comp3,P_3_A_1_5_28_comp1+3_A_1_5_28_comp2+3_A_1_5_28_comp3+3_A_1_5_28_comp4+3_A_1_5_28_comp5,R_3_A_1_5_28,TCDB,TCDB.3_A_1_5_28_comp3
G_3_A_1_5_28_comp4,P_3_A_1_5_28_comp1+3_A_1_5_28_comp2+3_A_1_5_28_comp3+3_A_1_5_28_comp4+3_A_1_5_28_comp5,R_3_A_1_5_28,TCDB,TCDB.3_A_1_5_28_comp4
G_3_A_1_5_28_comp5,P_3_A_1_5_28_comp1+3_A_1_5_28_comp2+3_A_1_5_28_comp3+3_A_1_5_28_comp4+3_A_1_5_28_comp5,R_3_A_1_5_28,TCDB,TCDB.3_A_1_5_28_comp5
G_3_D_1_7_1_comp1,P_3_D_1_7_1_comp1+3_D_1_7_1_comp2+3_D_1_7_1_comp3+3_D_1_7_1_comp4+3_D_1_7_1_comp5+3_D_1_7_1_comp6+3_D_1_7_1_comp7+3_D_1_7_1_comp8+3_D_1_7_1_comp9+3_D_1_7_1_comp10+3_D_1_7_1_comp11+3_D_1_7_1_comp12+3_D_1_7_1_comp13+3_D_1_7_1_comp14,R_3_D_1_7_1,TCDB,TCDB.3_D_1_7_1_comp1
G_3_D_1_7_1_comp2,P_3_D_1_7_1_comp1+3_D_1_7_1_comp2+3_D_1_7_1_comp3+3_D_1_7_1_comp4+3_D_1_7_1_comp5+3_D_1_7_1_comp6+3_D_1_7_1_comp7+3_D_1_7_1_comp8+3_D_1_7_1_comp9+3_D_1_7_1_comp10+3_D_1_7_1_comp11+3_D_1_7_1_comp12+3_D_1_7_1_comp13+3_D_1_7_1_comp14,R_3_D_1_7_1,TCDB,TCDB.3_D_1_7_1_comp2
G_3_D_1_7_1_comp3,P_3_D_1_7_1_comp1+3_D_1_7_1_comp2+3_D_1_7_1_comp3+3_D_1_7_1_comp4+3_D_1_7_1_comp5+3_D_1_7_1_comp6+3_D_1_7_1_comp7+3_D_1_7_1_comp8+3_D_1_7_1_comp9+3_D_1_7_1_comp10+3_D_1_7_1_comp11+3_D_1_7_1_comp12+3_D_1_7_1_comp13+3_D_1_7_1_comp14,R_3_D_1_7_1,TCDB,TCDB.3_D_1_7_1_comp3
G_3_D_1_7_1_comp4,P_3_D_1_7_1_comp1+3_D_1_7_1_comp2+3_D_1_7_1_comp3+3_D_1_7_1_comp4+3_D_1_7_1_comp5+3_D_1_7_1_comp6+3_D_1_7_1_comp7+3_D_1_7_1_comp8+3_D_1_7_1_comp9+3_D_1_7_1_comp10+3_D_1_7_1_comp11+3_D_1_7_1_comp12+3_D_1_7_1_comp13+3_D_1_7_1_comp14,R_3_D_1_7_1,TCDB,TCDB.3_D_1_7_1_comp4
G_3_D_1_7_1_comp5,P_3_D_1_7_1_comp1+3_D_1_7_1_comp2+3_D_1_7_1_comp3+3_D_1_7_1_comp4+3_D_1_7_1_comp5+3_D_1_7_1_comp6+3_D_1_7_1_comp7+3_D_1_7_1_comp8+3_D_1_7_1_comp9+3_D_1_7_1_comp10+3_D_1_7_1_comp11+3_D_1_7_1_comp12+3_D_1_7_1_comp13+3_D_1_7_1_comp14,R_3_D_1_7_1,TCDB,TCDB.3_D_1_7_1_comp5
G_3_D_1_7_1_comp6,P_3_D_1_7_1_comp1+3_D_1_7_1_comp2+3_D_1_7_1_comp3+3_D_1_7_1_comp4+3_D_1_7_1_comp5+3_D_1_7_1_comp6+3_D_1_7_1_comp7+3_D_1_7_1_comp8+3_D_1_7_1_comp9+3_D_1_7_1_comp10+3_D_1_7_1_comp11+3_D_1_7_1_comp12+3_D_1_7_1_comp13+3_D_1_7_1_comp14,R_3_D_1_7_1,TCDB,TCDB.3_D_1_7_1_comp6
G_3_D_1_7_1_comp7,P_3_D_1_7_1_comp1+3_D_1_7_1_comp2+3_D_1_7_1_comp3+3_D_1_7_1_comp4+3_D_1_7_1_comp5+3_D_1_7_1_comp6+3_D_1_7_1_comp7+3_D_1_7_1_comp8+3_D_1_7_1_comp9+3_D_1_7_1_comp10+3_D_1_7_1_comp11+3_D_1_7_1_comp12+3_D_1_7_1_comp13+3_D_1_7_1_comp14,R_3_D_1_7_1,TCDB,TCDB.3_D_1_7_1_comp7
G_3_D_1_7_1_comp8,P_3_D_1_7_1_comp1+3_D_1_7_1_comp2+3_D_1_7_1_comp3+3_D_1_7_1_comp4+3_D_1_7_1_comp5+3_D_1_7_1_comp6+3_D_1_7_1_comp7+3_D_1_7_1_comp8+3_D_1_7_1_comp9+3_D_1_7_1_comp10+3_D_1_7_1_comp11+3_D_1_7_1_comp12+3_D_1_7_1_comp13+3_D_1_7_1_comp14,R_3_D_1_7_1,TCDB,TCDB.3_D_1_7_1_comp8
G_3_D_1_7_1_comp9,P_3_D_1_7_1_comp1+3_D_1_7_1_comp2+3_D_1_7_1_comp3+3_D_1_7_1_comp4+3_D_1_7_1_comp5+3_D_1_7_1_comp6+3_D_1_7_1_comp7+3_D_1_7_1_comp8+3_D_1_7_1_comp9+3_D_1_7_1_comp10+3_D_1_7_1_comp11+3_D_1_7_1_comp12+3_D_1_7_1_comp13+3_D_1_7_1_comp14,R_3_D_1_7_1,TCDB,TCDB.3_D_1_7_1_comp9
G_3_D_1_7_1_comp10,P_3_D_1_7_1_comp1+3_D_1_7_1_comp2+3_D_1_7_1_comp3+3_D_1_7_1_comp4+3_D_1_7_1_comp5+3_D_1_7_1_comp6+3_D_1_7_1_comp7+3_D_1_7_1_comp8+3_D_1_7_1_comp9+3_D_1_7_1_comp10+3_D_1_7_1_comp11+3_D_1_7_1_comp12+3_D_1_7_1_comp13+3_D_1_7_1_comp14,R_3_D_1_7_1,TCDB,TCDB.3_D_1_7_1_comp10
G_3_D_1_7_1_comp11,P_3_D_1_7_1_comp1+3_D_1_7_1_comp2+3_D_1_7_1_comp3+3_D_1_7_1_comp4+3_D_1_7_1_comp5+3_D_1_7_1_comp6+3_D_1_7_1_comp7+3_D_1_7_1_comp8+3_D_1_7_1_comp9+3_D_1_7_1_comp10+3_D_1_7_1_comp11+3_D_1_7_1_comp12+3_D_1_7_1_comp13+3_D_1_7_1_comp14,R_3_D_1_7_1,TCDB,TCDB.3_D_1_7_1_comp11
G_3_D_1_7_1_comp12,P_3_D_1_7_1_comp1+3_D_1_7_1_comp2+3_D_1_7_1_comp3+3_D_1_7_1_comp4+3_D_1_7_1_comp5+3_D_1_7_1_comp6+3_D_1_7_1_comp7+3_D_1_7_1_comp8+3_D_1_7_1_comp9+3_D_1_7_1_comp10+3_D_1_7_1_comp11+3_D_1_7_1_comp12+3_D_1_7_1_comp13+3_D_1_7_1_comp14,R_3_D_1_7_1,TCDB,TCDB.3_D_1_7_1_comp12
G_3_D_1_7_1_comp13,P_3_D_1_7_1_comp1+3_D_1_7_1_comp2+3_D_1_7_1_comp3+3_D_1_7_1_comp4+3_D_1_7_1_comp5+3_D_1_7_1_comp6+3_D_1_7_1_comp7+3_D_1_7_1_comp8+3_D_1_7_1_comp9+3_D_1_7_1_comp10+3_D_1_7_1_comp11+3_D_1_7_1_comp12+3_D_1_7_1_comp13+3_D_1_7_1_comp14,R_3_D_1_7_1,TCDB,TCDB.3_D_1_7_1_comp13
G_3_D_1_7_1_comp14,P_3_D_1_7_1_comp1+3_D_1_7_1_comp2+3_D_1_7_1_comp3+3_D_1_7_1_comp4+3_D_1_7_1_comp5+3_D_1_7_1_comp6+3_D_1_7_1_comp7+3_D_1_7_1_comp8+3_D_1_7_1_comp9+3_D_1_7_1_comp10+3_D_1_7_1_comp11+3_D_1_7_1_comp12+3_D_1_7_1_comp13+3_D_1_7_1_comp14,R_3_D_1_7_1,TCDB,TCDB.3_D_1_7_1_comp14
G_3_A_1_6_11_comp1,P_3_A_1_6_11_comp1+3_A_1_6_11_comp2+3_A_1_6_11_comp3,R_3_A_1_6_11,TCDB,TCDB.3_A_1_6_11_comp1
G_3_A_1_6_11_comp2,P_3_A_1_6_11_comp1+3_A_1_6_11_comp2+3_A_1_6_11_comp3,R_3_A_1_6_11,TCDB,TCDB.3_A_1_6_11_comp2
G_3_A_1_6_11_comp3,P_3_A_1_6_11_comp1+3_A_1_6_11_comp2+3_A_1_6_11_comp3,R_3_A_1_6_11,TCDB,TCDB.3_A_1_6_11_comp3
G_2_A_23_1_11_comp1,P_2_A_23_1_11_comp1,R_2_A_23_1_11,TCDB,TCDB.2_A_23_1_11_comp1
G_1_B_60_1_1_comp1,P_1_B_60_1_1_comp1,R_1_B_60_1_1,TCDB,TCDB.1_B_60_1_1_comp1
G_3_A_1_106_15_comp1,P_3_A_1_106_15_comp1,R_3_A_1_106_15,TCDB,TCDB.3_A_1_106_15_comp1
G_2_A_6_3_10_comp1,P_2_A_6_3_10_comp1+2_A_6_3_10_comp2+2_A_6_3_10_comp3,R_2_A_6_3_10,TCDB,TCDB.2_A_6_3_10_comp1
G_2_A_6_3_10_comp2,P_2_A_6_3_10_comp1+2_A_6_3_10_comp2+2_A_6_3_10_comp3,R_2_A_6_3_10,TCDB,TCDB.2_A_6_3_10_comp2
G_2_A_6_3_10_comp3,P_2_A_6_3_10_comp1+2_A_6_3_10_comp2+2_A_6_3_10_comp3,R_2_A_6_3_10,TCDB,TCDB.2_A_6_3_10_comp3
G_2_A_114_1_5_comp1,P_2_A_114_1_5_comp1,R_2_A_114_1_5,TCDB,TCDB.2_A_114_1_5_comp1
G_2_A_13_1_6_comp1,P_2_A_13_1_6_comp1,R_2_A_13_1_6,TCDB,TCDB.2_A_13_1_6_comp1
G_1_B_12_10_1_comp1,P_1_B_12_10_1_comp1,R_1_B_12_10_1,TCDB,TCDB.1_B_12_10_1_comp1
G_1_C_109_1_3_comp1,P_1_C_109_1_3_comp1,R_1_C_109_1_3,TCDB,TCDB.1_C_109_1_3_comp1
G_3_A_1_8_4_comp1,P_3_A_1_8_4_comp1+3_A_1_8_4_comp2+3_A_1_8_4_comp3,R_3_A_1_8_4,TCDB,TCDB.3_A_1_8_4_comp1
G_3_A_1_8_4_comp2,P_3_A_1_8_4_comp1+3_A_1_8_4_comp2+3_A_1_8_4_comp3,R_3_A_1_8_4,TCDB,TCDB.3_A_1_8_4_comp2
G_3_A_1_8_4_comp3,P_3_A_1_8_4_comp1+3_A_1_8_4_comp2+3_A_1_8_4_comp3,R_3_A_1_8_4,TCDB,TCDB.3_A_1_8_4_comp3
G_1_A_112_2_3_comp1,P_1_A_112_2_3_comp1,R_1_A_112_2_3,TCDB,TCDB.1_A_112_2_3_comp1
G_2_A_13_1_5_comp1,P_2_A_13_1_5_comp1,R_2_A_13_1_5,TCDB,TCDB.2_A_13_1_5_comp1
G_1_A_8_8_21_comp1,P_1_A_8_8_21_comp1,R_1_A_8_8_21,TCDB,TCDB.1_A_8_8_21_comp1
G_2_A_35_2_3_comp1,P_2_A_35_2_3_comp1,R_2_A_35_2_3,TCDB,TCDB.2_A_35_2_3_comp1
G_1_C_52_1_15_comp1,P_1_C_52_1_15_comp1,R_1_C_52_1_15,TCDB,TCDB.1_C_52_1_15_comp1
G_1_C_99_1_3_comp1,P_1_C_99_1_3_comp1,R_1_C_99_1_3,TCDB,TCDB.1_C_99_1_3_comp1
G_1_C_99_1_2_comp1,P_1_C_99_1_2_comp1,R_1_C_99_1_2,TCDB,TCDB.1_C_99_1_2_comp1
G_3_A_3_3_11_comp1,P_3_A_3_3_11_comp1,R_3_A_3_3_11,TCDB,TCDB.3_A_3_3_11_comp1
G_2_A_32_1_2_comp1,P_2_A_32_1_2_comp1,R_2_A_32_1_2,TCDB,TCDB.2_A_32_1_2_comp1
G_1_A_77_5_3_comp1,P_1_A_77_5_3_comp1,R_1_A_77_5_3,TCDB,TCDB.1_A_77_5_3_comp1
G_9_A_36_1_3_comp1,P_9_A_36_1_3_comp1,R_9_A_36_1_3,TCDB,TCDB.9_A_36_1_3_comp1
G_9_B_148_1_12_comp1,P_9_B_148_1_12_comp1,R_9_B_148_1_12,TCDB,TCDB.9_B_148_1_12_comp1
G_1_B_24_1_8_comp1,P_1_B_24_1_8_comp1,R_1_B_24_1_8,TCDB,TCDB.1_B_24_1_8_comp1
G_8_A_7_1_2_comp1,P_8_A_7_1_2_comp1,R_8_A_7_1_2,TCDB,TCDB.8_A_7_1_2_comp1
G_4_A_2_1_13_comp1,P_4_A_2_1_13_comp1,R_4_A_2_1_13,TCDB,TCDB.4_A_2_1_13_comp1
G_8_A_8_1_2_comp1,P_8_A_8_1_2_comp1,R_8_A_8_1_2,TCDB,TCDB.8_A_8_1_2_comp1
G_2_A_1_3_64_comp1,P_2_A_1_3_64_comp1,R_2_A_1_3_64,TCDB,TCDB.2_A_1_3_64_comp1
G_2_A_46_1_2_comp1,P_2_A_46_1_2_comp1,R_2_A_46_1_2,TCDB,TCDB.2_A_46_1_2_comp1
G_3_A_1_4_9_comp1,P_3_A_1_4_9_comp1+3_A_1_4_9_comp2+3_A_1_4_9_comp3+3_A_1_4_9_comp4,R_3_A_1_4_9,TCDB,TCDB.3_A_1_4_9_comp1
G_3_A_1_4_9_comp2,P_3_A_1_4_9_comp1+3_A_1_4_9_comp2+3_A_1_4_9_comp3+3_A_1_4_9_comp4,R_3_A_1_4_9,TCDB,TCDB.3_A_1_4_9_comp2
G_3_A_1_4_9_comp3,P_3_A_1_4_9_comp1+3_A_1_4_9_comp2+3_A_1_4_9_comp3+3_A_1_4_9_comp4,R_3_A_1_4_9,TCDB,TCDB.3_A_1_4_9_comp3
G_3_A_1_4_9_comp4,P_3_A_1_4_9_comp1+3_A_1_4_9_comp2+3_A_1_4_9_comp3+3_A_1_4_9_comp4,R_3_A_1_4_9,TCDB,TCDB.3_A_1_4_9_comp4
G_3_A_1_27_4_comp1,P_3_A_1_27_4_comp1+3_A_1_27_4_comp2+3_A_1_27_4_comp3+3_A_1_27_4_comp4+3_A_1_27_4_comp5+3_A_1_27_4_comp6,R_3_A_1_27_4,TCDB,TCDB.3_A_1_27_4_comp1
G_3_A_1_27_4_comp2,P_3_A_1_27_4_comp1+3_A_1_27_4_comp2+3_A_1_27_4_comp3+3_A_1_27_4_comp4+3_A_1_27_4_comp5+3_A_1_27_4_comp6,R_3_A_1_27_4,TCDB,TCDB.3_A_1_27_4_comp2
G_3_A_1_27_4_comp3,P_3_A_1_27_4_comp1+3_A_1_27_4_comp2+3_A_1_27_4_comp3+3_A_1_27_4_comp4+3_A_1_27_4_comp5+3_A_1_27_4_comp6,R_3_A_1_27_4,TCDB,TCDB.3_A_1_27_4_comp3
G_3_A_1_27_4_comp4,P_3_A_1_27_4_comp1+3_A_1_27_4_comp2+3_A_1_27_4_comp3+3_A_1_27_4_comp4+3_A_1_27_4_comp5+3_A_1_27_4_comp6,R_3_A_1_27_4,TCDB,TCDB.3_A_1_27_4_comp4
G_3_A_1_27_4_comp5,P_3_A_1_27_4_comp1+3_A_1_27_4_comp2+3_A_1_27_4_comp3+3_A_1_27_4_comp4+3_A_1_27_4_comp5+3_A_1_27_4_comp6,R_3_A_1_27_4,TCDB,TCDB.3_A_1_27_4_comp5
G_3_A_1_27_4_comp6,P_3_A_1_27_4_comp1+3_A_1_27_4_comp2+3_A_1_27_4_comp3+3_A_1_27_4_comp4+3_A_1_27_4_comp5+3_A_1_27_4_comp6,R_3_A_1_27_4,TCDB,TCDB.3_A_1_27_4_comp6
G_1_B_24_1_5_comp1,P_1_B_24_1_5_comp1,R_1_B_24_1_5,TCDB,TCDB.1_B_24_1_5_comp1
G_1_B_24_1_7_comp1,P_1_B_24_1_7_comp1,R_1_B_24_1_7,TCDB,TCDB.1_B_24_1_7_comp1
G_1_B_24_1_6_comp1,P_1_B_24_1_6_comp1,R_1_B_24_1_6,TCDB,TCDB.1_B_24_1_6_comp1
G_2_A_1_1_81_comp1,P_2_A_1_1_81_comp1,R_2_A_1_1_81,TCDB,TCDB.2_A_1_1_81_comp1
G_1_E_27_1_5_comp1,P_1_E_27_1_5_comp1,R_1_E_27_1_5,TCDB,TCDB.1_E_27_1_5_comp1
G_9_B_98_1_2_comp1,P_9_B_98_1_2_comp1,R_9_B_98_1_2,TCDB,TCDB.9_B_98_1_2_comp1
G_1_C_90_3_1_comp1,P_1_C_90_3_1_comp1,R_1_C_90_3_1,TCDB,TCDB.1_C_90_3_1_comp1
G_9_B_142_20_1_comp1,P_9_B_142_20_1_comp1,R_9_B_142_20_1,TCDB,TCDB.9_B_142_20_1_comp1
G_2_A_1_1_70_comp1,P_2_A_1_1_70_comp1,R_2_A_1_1_70,TCDB,TCDB.2_A_1_1_70_comp1
G_2_A_90_1_1_comp1,P_2_A_90_1_1_comp1,R_2_A_90_1_1,TCDB,TCDB.2_A_90_1_1_comp1
G_2_A_28_1_5_comp1,P_2_A_28_1_5_comp1,R_2_A_28_1_5,TCDB,TCDB.2_A_28_1_5_comp1
G_9_B_434_1_1_comp1,P_9_B_434_1_1_comp1,R_9_B_434_1_1,TCDB,TCDB.9_B_434_1_1_comp1
G_2_A_5_1_13_comp1,P_2_A_5_1_13_comp1,R_2_A_5_1_13,TCDB,TCDB.2_A_5_1_13_comp1
G_1_B_48_4_2_comp1,P_1_B_48_4_2_comp1,R_1_B_48_4_2,TCDB,TCDB.1_B_48_4_2_comp1
G_2_A_6_2_46_comp1,P_2_A_6_2_46_comp1+2_A_6_2_46_comp2+2_A_6_2_46_comp3,R_2_A_6_2_46,TCDB,TCDB.2_A_6_2_46_comp1
G_2_A_6_2_46_comp2,P_2_A_6_2_46_comp1+2_A_6_2_46_comp2+2_A_6_2_46_comp3,R_2_A_6_2_46,TCDB,TCDB.2_A_6_2_46_comp2
G_2_A_6_2_46_comp3,P_2_A_6_2_46_comp1+2_A_6_2_46_comp2+2_A_6_2_46_comp3,R_2_A_6_2_46,TCDB,TCDB.2_A_6_2_46_comp3
G_2_A_68_1_4_comp1,P_2_A_68_1_4_comp1,R_2_A_68_1_4,TCDB,TCDB.2_A_68_1_4_comp1
G_1_B_13_1_7_comp1,P_1_B_13_1_7_comp1,R_1_B_13_1_7,TCDB,TCDB.1_B_13_1_7_comp1
G_2_A_58_2_6_comp1,P_2_A_58_2_6_comp1,R_2_A_58_2_6,TCDB,TCDB.2_A_58_2_6_comp1
G_3_A_1_144_1_comp1,P_3_A_1_144_1_comp1+3_A_1_144_1_comp2,R_3_A_1_144_1,TCDB,TCDB.3_A_1_144_1_comp1
G_3_A_1_144_1_comp2,P_3_A_1_144_1_comp1+3_A_1_144_1_comp2,R_3_A_1_144_1,TCDB,TCDB.3_A_1_144_1_comp2
G_3_A_1_144_2_comp1,P_3_A_1_144_2_comp1+3_A_1_144_2_comp2,R_3_A_1_144_2,TCDB,TCDB.3_A_1_144_2_comp1
G_3_A_1_144_2_comp2,P_3_A_1_144_2_comp1+3_A_1_144_2_comp2,R_3_A_1_144_2,TCDB,TCDB.3_A_1_144_2_comp2
G_1_B_6_2_2_comp1,P_1_B_6_2_2_comp1,R_1_B_6_2_2,TCDB,TCDB.1_B_6_2_2_comp1
G_3_A_1_201_8_comp1,P_3_A_1_201_8_comp1,R_3_A_1_201_8,TCDB,TCDB.3_A_1_201_8_comp1
G_1_B_30_1_2_comp1,P_1_B_30_1_2_comp1,R_1_B_30_1_2,TCDB,TCDB.1_B_30_1_2_comp1
G_2_A_53_5_3_comp1,P_2_A_53_5_3_comp1,R_2_A_53_5_3,TCDB,TCDB.2_A_53_5_3_comp1
G_5_B_2_2_2_comp1,P_5_B_2_2_2_comp1,R_5_B_2_2_2,TCDB,TCDB.5_B_2_2_2_comp1
G_2_A_1_1_103_comp1,P_2_A_1_1_103_comp1,R_2_A_1_1_103,TCDB,TCDB.2_A_1_1_103_comp1
G_5_B_9_1_8_comp1,P_5_B_9_1_8_comp1,R_5_B_9_1_8,TCDB,TCDB.5_B_9_1_8_comp1
G_2_A_36_6_4_comp1,P_2_A_36_6_4_comp1,R_2_A_36_6_4,TCDB,TCDB.2_A_36_6_4_comp1
G_2_A_37_1_3_comp1,P_2_A_37_1_3_comp1,R_2_A_37_1_3,TCDB,TCDB.2_A_37_1_3_comp1
G_2_A_19_5_2_comp1,P_2_A_19_5_2_comp1,R_2_A_19_5_2,TCDB,TCDB.2_A_19_5_2_comp1
G_1_C_123_1_7_comp1,P_1_C_123_1_7_comp1,R_1_C_123_1_7,TCDB,TCDB.1_C_123_1_7_comp1
G_9_A_14_1_10_comp1,P_9_A_14_1_10_comp1,R_9_A_14_1_10,TCDB,TCDB.9_A_14_1_10_comp1
G_2_A_7_8_1_comp1,P_2_A_7_8_1_comp1,R_2_A_7_8_1,TCDB,TCDB.2_A_7_8_1_comp1
G_8_A_41_1_7_comp1,P_8_A_41_1_7_comp1,R_8_A_41_1_7,TCDB,TCDB.8_A_41_1_7_comp1
G_2_A_18_7_3_comp1,P_2_A_18_7_3_comp1,R_2_A_18_7_3,TCDB,TCDB.2_A_18_7_3_comp1
G_2_A_55_1_4_comp1,P_2_A_55_1_4_comp1,R_2_A_55_1_4,TCDB,TCDB.2_A_55_1_4_comp1
G_3_A_1_208_16_comp1,P_3_A_1_208_16_comp1,R_3_A_1_208_16,TCDB,TCDB.3_A_1_208_16_comp1
G_2_A_39_3_7_comp1,P_2_A_39_3_7_comp1,R_2_A_39_3_7,TCDB,TCDB.2_A_39_3_7_comp1
G_2_A_106_2_4_comp1,P_2_A_106_2_4_comp1,R_2_A_106_2_4,TCDB,TCDB.2_A_106_2_4_comp1
G_3_A_1_112_8_comp1,P_3_A_1_112_8_comp1,R_3_A_1_112_8,TCDB,TCDB.3_A_1_112_8_comp1
G_8_A_1_4_1_comp1,P_8_A_1_4_1_comp1,R_8_A_1_4_1,TCDB,TCDB.8_A_1_4_1_comp1
G_1_B_33_3_2_comp1,P_1_B_33_3_2_comp1,R_1_B_33_3_2,TCDB,TCDB.1_B_33_3_2_comp1
G_2_A_85_3_1_comp1,P_2_A_85_3_1_comp1,R_2_A_85_3_1,TCDB,TCDB.2_A_85_3_1_comp1
G_1_D_118_1_1_comp1,P_1_D_118_1_1_comp1,R_1_D_118_1_1,TCDB,TCDB.1_D_118_1_1_comp1
G_2_A_23_2_10_comp1,P_2_A_23_2_10_comp1,R_2_A_23_2_10,TCDB,TCDB.2_A_23_2_10_comp1
G_1_A_8_10_12_comp1,P_1_A_8_10_12_comp1,R_1_A_8_10_12,TCDB,TCDB.1_A_8_10_12_comp1
G_3_A_1_208_34_comp1,P_3_A_1_208_34_comp1,R_3_A_1_208_34,TCDB,TCDB.3_A_1_208_34_comp1
G_2_A_45_2_4_comp1,P_2_A_45_2_4_comp1,R_2_A_45_2_4,TCDB,TCDB.2_A_45_2_4_comp1
G_1_A_1_5_16_comp1,P_1_A_1_5_16_comp1,R_1_A_1_5_16,TCDB,TCDB.1_A_1_5_16_comp1
G_3_A_3_23_3_comp1,P_3_A_3_23_3_comp1,R_3_A_3_23_3,TCDB,TCDB.3_A_3_23_3_comp1
G_1_A_17_4_8_comp1,P_1_A_17_4_8_comp1,R_1_A_17_4_8,TCDB,TCDB.1_A_17_4_8_comp1
G_1_A_17_4_19_comp1,P_1_A_17_4_19_comp1,R_1_A_17_4_19,TCDB,TCDB.1_A_17_4_19_comp1
G_1_H_2_2_3_comp1,P_1_H_2_2_3_comp1,R_1_H_2_2_3,TCDB,TCDB.1_H_2_2_3_comp1
G_3_A_1_204_3_comp1,P_3_A_1_204_3_comp1,R_3_A_1_204_3,TCDB,TCDB.3_A_1_204_3_comp1
G_1_C_39_4_2_comp1,P_1_C_39_4_2_comp1,R_1_C_39_4_2,TCDB,TCDB.1_C_39_4_2_comp1
G_3_A_1_9_3_comp1,P_3_A_1_9_3_comp1+3_A_1_9_3_comp2+3_A_1_9_3_comp3,R_3_A_1_9_3,TCDB,TCDB.3_A_1_9_3_comp1
G_3_A_1_9_3_comp2,P_3_A_1_9_3_comp1+3_A_1_9_3_comp2+3_A_1_9_3_comp3,R_3_A_1_9_3,TCDB,TCDB.3_A_1_9_3_comp2
G_3_A_1_9_3_comp3,P_3_A_1_9_3_comp1+3_A_1_9_3_comp2+3_A_1_9_3_comp3,R_3_A_1_9_3,TCDB,TCDB.3_A_1_9_3_comp3
G_2_A_118_1_2_comp1,P_2_A_118_1_2_comp1,R_2_A_118_1_2,TCDB,TCDB.2_A_118_1_2_comp1
G_1_B_66_1_2_comp1,P_1_B_66_1_2_comp1,R_1_B_66_1_2,TCDB,TCDB.1_B_66_1_2_comp1
G_1_B_44_1_3_comp1,P_1_B_44_1_3_comp1,R_1_B_44_1_3,TCDB,TCDB.1_B_44_1_3_comp1
G_9_B_172_1_5_comp1,P_9_B_172_1_5_comp1,R_9_B_172_1_5,TCDB,TCDB.9_B_172_1_5_comp1
G_9_B_172_1_3_comp1,P_9_B_172_1_3_comp1,R_9_B_172_1_3,TCDB,TCDB.9_B_172_1_3_comp1
G_9_B_171_1_1_comp1,P_9_B_171_1_1_comp1,R_9_B_171_1_1,TCDB,TCDB.9_B_171_1_1_comp1
G_2_A_7_34_5_comp1,P_2_A_7_34_5_comp1,R_2_A_7_34_5,TCDB,TCDB.2_A_7_34_5_comp1
G_1_A_77_1_9_comp1,P_1_A_77_1_9_comp1,R_1_A_77_1_9,TCDB,TCDB.1_A_77_1_9_comp1
G_2_A_43_2_3_comp1,P_2_A_43_2_3_comp1,R_2_A_43_2_3,TCDB,TCDB.2_A_43_2_3_comp1
G_9_B_199_1_7_comp1,P_9_B_199_1_7_comp1,R_9_B_199_1_7,TCDB,TCDB.9_B_199_1_7_comp1
G_2_A_54_1_4_comp1,P_2_A_54_1_4_comp1,R_2_A_54_1_4,TCDB,TCDB.2_A_54_1_4_comp1
G_2_A_5_2_1_comp1,P_2_A_5_2_1_comp1,R_2_A_5_2_1,TCDB,TCDB.2_A_5_2_1_comp1
G_2_A_55_1_3_comp1,P_2_A_55_1_3_comp1,R_2_A_55_1_3,TCDB,TCDB.2_A_55_1_3_comp1
G_9_B_178_1_1_comp1,P_9_B_178_1_1_comp1,R_9_B_178_1_1,TCDB,TCDB.9_B_178_1_1_comp1
G_3_E_1_4_6_comp1,P_3_E_1_4_6_comp1,R_3_E_1_4_6,TCDB,TCDB.3_E_1_4_6_comp1
G_9_A_79_1_1_comp1,P_9_A_79_1_1_comp1,R_9_A_79_1_1,TCDB,TCDB.9_A_79_1_1_comp1
G_8_A_6_1_1_comp1,P_8_A_6_1_1_comp1,R_8_A_6_1_1,TCDB,TCDB.8_A_6_1_1_comp1
G_2_A_6_6_3_comp1,P_2_A_6_6_3_comp1+2_A_6_6_3_comp2,R_2_A_6_6_3,TCDB,TCDB.2_A_6_6_3_comp1
G_2_A_6_6_3_comp2,P_2_A_6_6_3_comp1+2_A_6_6_3_comp2,R_2_A_6_6_3,TCDB,TCDB.2_A_6_6_3_comp2
G_2_A_1_14_20_comp1,P_2_A_1_14_20_comp1,R_2_A_1_14_20,TCDB,TCDB.2_A_1_14_20_comp1
G_2_A_29_23_9_comp1,P_2_A_29_23_9_comp1,R_2_A_29_23_9,TCDB,TCDB.2_A_29_23_9_comp1
G_1_A_17_5_6_comp1,P_1_A_17_5_6_comp1,R_1_A_17_5_6,TCDB,TCDB.1_A_17_5_6_comp1
G_2_A_1_2_64_comp1,P_2_A_1_2_64_comp1,R_2_A_1_2_64,TCDB,TCDB.2_A_1_2_64_comp1
G_2_A_29_8_4_comp1,P_2_A_29_8_4_comp1,R_2_A_29_8_4,TCDB,TCDB.2_A_29_8_4_comp1
G_2_A_1_1_19_comp1,P_2_A_1_1_19_comp1,R_2_A_1_1_19,TCDB,TCDB.2_A_1_1_19_comp1
G_1_A_4_4_1_comp1,P_1_A_4_4_1_comp1,R_1_A_4_4_1,TCDB,TCDB.1_A_4_4_1_comp1
G_2_A_53_1_13_comp1,P_2_A_53_1_13_comp1,R_2_A_53_1_13,TCDB,TCDB.2_A_53_1_13_comp1
G_2_A_96_1_5_comp1,P_2_A_96_1_5_comp1,R_2_A_96_1_5,TCDB,TCDB.2_A_96_1_5_comp1
G_2_A_3_10_16_comp1,P_2_A_3_10_16_comp1,R_2_A_3_10_16,TCDB,TCDB.2_A_3_10_16_comp1
G_2_A_29_9_2_comp1,P_2_A_29_9_2_comp1,R_2_A_29_9_2,TCDB,TCDB.2_A_29_9_2_comp1
G_8_A_108_1_1_comp1,P_8_A_108_1_1_comp1,R_8_A_108_1_1,TCDB,TCDB.8_A_108_1_1_comp1
G_2_A_1_1_94_comp1,P_2_A_1_1_94_comp1,R_2_A_1_1_94,TCDB,TCDB.2_A_1_1_94_comp1
G_2_A_92_1_8_comp1,P_2_A_92_1_8_comp1,R_2_A_92_1_8,TCDB,TCDB.2_A_92_1_8_comp1
G_2_A_5_1_14_comp1,P_2_A_5_1_14_comp1,R_2_A_5_1_14,TCDB,TCDB.2_A_5_1_14_comp1
G_8_A_102_1_8_comp1,P_8_A_102_1_8_comp1,R_8_A_102_1_8,TCDB,TCDB.8_A_102_1_8_comp1
G_1_A_101_1_1_comp1,P_1_A_101_1_1_comp1,R_1_A_101_1_1,TCDB,TCDB.1_A_101_1_1_comp1
G_9_A_57_1_10_comp1,P_9_A_57_1_10_comp1,R_9_A_57_1_10,TCDB,TCDB.9_A_57_1_10_comp1
G_5_B_1_5_2_comp1,P_5_B_1_5_2_comp1,R_5_B_1_5_2,TCDB,TCDB.5_B_1_5_2_comp1
G_2_A_29_14_4_comp1,P_2_A_29_14_4_comp1,R_2_A_29_14_4,TCDB,TCDB.2_A_29_14_4_comp1
G_2_A_1_2_59_comp1,P_2_A_1_2_59_comp1,R_2_A_1_2_59,TCDB,TCDB.2_A_1_2_59_comp1
G_2_A_7_11_6_comp1,P_2_A_7_11_6_comp1,R_2_A_7_11_6,TCDB,TCDB.2_A_7_11_6_comp1
G_3_A_3_8_20_comp1,P_3_A_3_8_20_comp1,R_3_A_3_8_20,TCDB,TCDB.3_A_3_8_20_comp1
G_3_A_3_8_5_comp1,P_3_A_3_8_5_comp1,R_3_A_3_8_5,TCDB,TCDB.3_A_3_8_5_comp1
G_3_A_3_10_8_comp1,P_3_A_3_10_8_comp1,R_3_A_3_10_8,TCDB,TCDB.3_A_3_10_8_comp1
G_3_A_3_2_47_comp1,P_3_A_3_2_47_comp1,R_3_A_3_2_47,TCDB,TCDB.3_A_3_2_47_comp1
G_1_A_1_3_10_comp1,P_1_A_1_3_10_comp1,R_1_A_1_3_10,TCDB,TCDB.1_A_1_3_10_comp1
G_8_A_28_1_5_comp1,P_8_A_28_1_5_comp1,R_8_A_28_1_5,TCDB,TCDB.8_A_28_1_5_comp1
G_1_A_1_20_1_comp1,P_1_A_1_20_1_comp1,R_1_A_1_20_1,TCDB,TCDB.1_A_1_20_1_comp1
G_8_A_92_1_14_comp1,P_8_A_92_1_14_comp1,R_8_A_92_1_14,TCDB,TCDB.8_A_92_1_14_comp1
G_8_A_91_1_12_comp1,P_8_A_91_1_12_comp1,R_8_A_91_1_12,TCDB,TCDB.8_A_91_1_12_comp1
G_8_A_23_1_42_comp1,P_8_A_23_1_42_comp1,R_8_A_23_1_42,TCDB,TCDB.8_A_23_1_42_comp1
G_8_A_51_1_6_comp1,P_8_A_51_1_6_comp1,R_8_A_51_1_6,TCDB,TCDB.8_A_51_1_6_comp1
G_9_B_417_1_2_comp1,P_9_B_417_1_2_comp1,R_9_B_417_1_2,TCDB,TCDB.9_B_417_1_2_comp1
G_2_A_28_1_2_comp1,P_2_A_28_1_2_comp1,R_2_A_28_1_2,TCDB,TCDB.2_A_28_1_2_comp1
G_8_A_140_1_1_comp1,P_8_A_140_1_1_comp1,R_8_A_140_1_1,TCDB,TCDB.8_A_140_1_1_comp1
G_8_A_28_1_9_comp1,P_8_A_28_1_9_comp1,R_8_A_28_1_9,TCDB,TCDB.8_A_28_1_9_comp1
G_8_A_24_1_7_comp1,P_8_A_24_1_7_comp1,R_8_A_24_1_7,TCDB,TCDB.8_A_24_1_7_comp1
G_1_A_20_1_1_comp1,P_1_A_20_1_1_comp1,R_1_A_20_1_1,TCDB,TCDB.1_A_20_1_1_comp1
G_1_B_70_1_8_comp1,P_1_B_70_1_8_comp1,R_1_B_70_1_8,TCDB,TCDB.1_B_70_1_8_comp1
G_4_D_2_1_1_comp1,P_4_D_2_1_1_comp1,R_4_D_2_1_1,TCDB,TCDB.4_D_2_1_1_comp1
G_9_B_176_2_2_comp1,P_9_B_176_2_2_comp1,R_9_B_176_2_2,TCDB,TCDB.9_B_176_2_2_comp1
G_9_B_28_2_1_comp1,P_9_B_28_2_1_comp1,R_9_B_28_2_1,TCDB,TCDB.9_B_28_2_1_comp1
G_9_A_44_2_1_comp1,P_9_A_44_2_1_comp1,R_9_A_44_2_1,TCDB,TCDB.9_A_44_2_1_comp1
G_8_A_28_1_3_comp1,P_8_A_28_1_3_comp1,R_8_A_28_1_3,TCDB,TCDB.8_A_28_1_3_comp1
G_9_B_208_1_7_comp1,P_9_B_208_1_7_comp1,R_9_B_208_1_7,TCDB,TCDB.9_B_208_1_7_comp1
G_2_A_47_1_17_comp1,P_2_A_47_1_17_comp1,R_2_A_47_1_17,TCDB,TCDB.2_A_47_1_17_comp1
G_8_A_91_1_9_comp1,P_8_A_91_1_9_comp1,R_8_A_91_1_9,TCDB,TCDB.8_A_91_1_9_comp1
G_9_A_14_7_1_comp1,P_9_A_14_7_1_comp1,R_9_A_14_7_1,TCDB,TCDB.9_A_14_7_1_comp1
G_8_A_91_1_6_comp1,P_8_A_91_1_6_comp1,R_8_A_91_1_6,TCDB,TCDB.8_A_91_1_6_comp1
G_2_A_57_5_8_comp1,P_2_A_57_5_8_comp1,R_2_A_57_5_8,TCDB,TCDB.2_A_57_5_8_comp1
G_1_A_28_1_5_comp1,P_1_A_28_1_5_comp1,R_1_A_28_1_5,TCDB,TCDB.1_A_28_1_5_comp1
G_2_A_5_4_13_comp1,P_2_A_5_4_13_comp1,R_2_A_5_4_13,TCDB,TCDB.2_A_5_4_13_comp1
G_8_A_67_1_1_comp1,P_8_A_67_1_1_comp1,R_8_A_67_1_1,TCDB,TCDB.8_A_67_1_1_comp1
G_8_A_77_1_10_comp1,P_8_A_77_1_10_comp1,R_8_A_77_1_10,TCDB,TCDB.8_A_77_1_10_comp1
G_9_B_188_1_1_comp1,P_9_B_188_1_1_comp1,R_9_B_188_1_1,TCDB,TCDB.9_B_188_1_1_comp1
G_1_A_76_1_2_comp1,P_1_A_76_1_2_comp1,R_1_A_76_1_2,TCDB,TCDB.1_A_76_1_2_comp1
G_1_A_4_1_4_comp1,P_1_A_4_1_4_comp1,R_1_A_4_1_4,TCDB,TCDB.1_A_4_1_4_comp1
G_1_C_89_1_3_comp1,P_1_C_89_1_3_comp1,R_1_C_89_1_3,TCDB,TCDB.1_C_89_1_3_comp1
G_1_A_8_8_4_comp1,P_1_A_8_8_4_comp1,R_1_A_8_8_4,TCDB,TCDB.1_A_8_8_4_comp1
G_9_A_29_3_4_comp1,P_9_A_29_3_4_comp1,R_9_A_29_3_4,TCDB,TCDB.9_A_29_3_4_comp1
G_8_A_104_1_12_comp1,P_8_A_104_1_12_comp1,R_8_A_104_1_12,TCDB,TCDB.8_A_104_1_12_comp1
G_1_A_5_2_1_comp1,P_1_A_5_2_1_comp1,R_1_A_5_2_1,TCDB,TCDB.1_A_5_2_1_comp1
G_2_A_74_1_4_comp1,P_2_A_74_1_4_comp1,R_2_A_74_1_4,TCDB,TCDB.2_A_74_1_4_comp1
G_1_A_52_1_1_comp1,P_1_A_52_1_1_comp1+1_A_52_1_1_comp2+1_A_52_1_1_comp3,R_1_A_52_1_1,TCDB,TCDB.1_A_52_1_1_comp1
G_1_A_52_1_1_comp2,P_1_A_52_1_1_comp1+1_A_52_1_1_comp2+1_A_52_1_1_comp3,R_1_A_52_1_1,TCDB,TCDB.1_A_52_1_1_comp2
G_1_A_52_1_1_comp3,P_1_A_52_1_1_comp1+1_A_52_1_1_comp2+1_A_52_1_1_comp3,R_1_A_52_1_1,TCDB,TCDB.1_A_52_1_1_comp3
G_8_A_194_1_1_comp1,P_8_A_194_1_1_comp1,R_8_A_194_1_1,TCDB,TCDB.8_A_194_1_1_comp1
G_2_A_30_1_2_comp1,P_2_A_30_1_2_comp1,R_2_A_30_1_2,TCDB,TCDB.2_A_30_1_2_comp1
G_2_A_6_6_13_comp1,P_2_A_6_6_13_comp1,R_2_A_6_6_13,TCDB,TCDB.2_A_6_6_13_comp1
G_9_A_14_3_18_comp1,P_9_A_14_3_18_comp1,R_9_A_14_3_18,TCDB,TCDB.9_A_14_3_18_comp1
G_8_A_54_1_5_comp1,P_8_A_54_1_5_comp1,R_8_A_54_1_5,TCDB,TCDB.8_A_54_1_5_comp1
G_1_A_1_11_32_comp1,P_1_A_1_11_32_comp1,R_1_A_1_11_32,TCDB,TCDB.1_A_1_11_32_comp1
G_8_A_23_1_10_comp1,P_8_A_23_1_10_comp1,R_8_A_23_1_10,TCDB,TCDB.8_A_23_1_10_comp1
G_9_B_15_2_9_comp1,P_9_B_15_2_9_comp1,R_9_B_15_2_9,TCDB,TCDB.9_B_15_2_9_comp1
G_1_A_1_11_4_comp1,P_1_A_1_11_4_comp1,R_1_A_1_11_4,TCDB,TCDB.1_A_1_11_4_comp1
G_9_B_142_7_1_comp1,P_9_B_142_7_1_comp1,R_9_B_142_7_1,TCDB,TCDB.9_B_142_7_1_comp1
G_1_B_40_1_2_comp1,P_1_B_40_1_2_comp1,R_1_B_40_1_2,TCDB,TCDB.1_B_40_1_2_comp1
G_1_A_1_2_13_comp1,P_1_A_1_2_13_comp1,R_1_A_1_2_13,TCDB,TCDB.1_A_1_2_13_comp1
G_1_E_9_1_8_comp1,P_1_E_9_1_8_comp1,R_1_E_9_1_8,TCDB,TCDB.1_E_9_1_8_comp1
G_9_B_39_1_13_comp1,P_9_B_39_1_13_comp1,R_9_B_39_1_13,TCDB,TCDB.9_B_39_1_13_comp1
G_9_B_277_1_1_comp1,P_9_B_277_1_1_comp1,R_9_B_277_1_1,TCDB,TCDB.9_B_277_1_1_comp1
G_9_A_14_6_1_comp1,P_9_A_14_6_1_comp1,R_9_A_14_6_1,TCDB,TCDB.9_A_14_6_1_comp1
G_8_A_66_1_6_comp1,P_8_A_66_1_6_comp1,R_8_A_66_1_6,TCDB,TCDB.8_A_66_1_6_comp1
G_9_A_14_13_39_comp1,P_9_A_14_13_39_comp1,R_9_A_14_13_39,TCDB,TCDB.9_A_14_13_39_comp1
G_9_A_14_7_9_comp1,P_9_A_14_7_9_comp1,R_9_A_14_7_9,TCDB,TCDB.9_A_14_7_9_comp1
G_1_A_2_1_9_comp1,P_1_A_2_1_9_comp1,R_1_A_2_1_9,TCDB,TCDB.1_A_2_1_9_comp1
G_8_A_74_1_5_comp1,P_8_A_74_1_5_comp1,R_8_A_74_1_5,TCDB,TCDB.8_A_74_1_5_comp1
G_1_A_1_10_3_comp1,P_1_A_1_10_3_comp1,R_1_A_1_10_3,TCDB,TCDB.1_A_1_10_3_comp1
G_2_A_57_1_8_comp1,P_2_A_57_1_8_comp1,R_2_A_57_1_8,TCDB,TCDB.2_A_57_1_8_comp1
G_1_A_3_2_6_comp1,P_1_A_3_2_6_comp1,R_1_A_3_2_6,TCDB,TCDB.1_A_3_2_6_comp1
G_1_A_2_1_17_comp1,P_1_A_2_1_17_comp1,R_1_A_2_1_17,TCDB,TCDB.1_A_2_1_17_comp1
G_9_B_360_1_1_comp1,P_9_B_360_1_1_comp1,R_9_B_360_1_1,TCDB,TCDB.9_B_360_1_1_comp1
G_1_A_2_2_5_comp1,P_1_A_2_2_5_comp1,R_1_A_2_2_5,TCDB,TCDB.1_A_2_2_5_comp1
G_1_A_1_2_11_comp1,P_1_A_1_2_11_comp1,R_1_A_1_2_11,TCDB,TCDB.1_A_1_2_11_comp1
G_8_A_5_1_1_comp1,P_8_A_5_1_1_comp1,R_8_A_5_1_1,TCDB,TCDB.8_A_5_1_1_comp1
G_9_B_87_1_37_comp1,P_9_B_87_1_37_comp1,R_9_B_87_1_37,TCDB,TCDB.9_B_87_1_37_comp1
G_1_A_27_1_5_comp1,P_1_A_27_1_5_comp1+1_A_27_1_5_comp2,R_1_A_27_1_5,TCDB,TCDB.1_A_27_1_5_comp1
G_1_A_27_1_5_comp2,P_1_A_27_1_5_comp1+1_A_27_1_5_comp2,R_1_A_27_1_5,TCDB,TCDB.1_A_27_1_5_comp2
G_9_B_64_1_1_comp1,P_9_B_64_1_1_comp1,R_9_B_64_1_1,TCDB,TCDB.9_B_64_1_1_comp1
G_2_A_1_14_27_comp1,P_2_A_1_14_27_comp1,R_2_A_1_14_27,TCDB,TCDB.2_A_1_14_27_comp1
G_2_A_36_1_16_comp1,P_2_A_36_1_16_comp1,R_2_A_36_1_16,TCDB,TCDB.2_A_36_1_16_comp1
G_1_A_10_1_3_comp1,P_1_A_10_1_3_comp1,R_1_A_10_1_3,TCDB,TCDB.1_A_10_1_3_comp1
G_2_A_28_1_9_comp1,P_2_A_28_1_9_comp1,R_2_A_28_1_9,TCDB,TCDB.2_A_28_1_9_comp1
G_1_A_13_1_2_comp1,P_1_A_13_1_2_comp1,R_1_A_13_1_2,TCDB,TCDB.1_A_13_1_2_comp1
G_2_A_2_3_10_comp1,P_2_A_2_3_10_comp1,R_2_A_2_3_10,TCDB,TCDB.2_A_2_3_10_comp1
G_2_A_2_3_14_comp1,P_2_A_2_3_14_comp1,R_2_A_2_3_14,TCDB,TCDB.2_A_2_3_14_comp1
G_8_A_23_1_5_comp1,P_8_A_23_1_5_comp1,R_8_A_23_1_5,TCDB,TCDB.8_A_23_1_5_comp1
G_2_A_87_4_3_comp1,P_2_A_87_4_3_comp1,R_2_A_87_4_3,TCDB,TCDB.2_A_87_4_3_comp1
G_2_A_53_3_3_comp1,P_2_A_53_3_3_comp1,R_2_A_53_3_3,TCDB,TCDB.2_A_53_3_3_comp1
G_8_A_77_2_2_comp1,P_8_A_77_2_2_comp1,R_8_A_77_2_2,TCDB,TCDB.8_A_77_2_2_comp1
G_9_B_311_2_4_comp1,P_9_B_311_2_4_comp1,R_9_B_311_2_4,TCDB,TCDB.9_B_311_2_4_comp1
G_2_A_5_4_5_comp1,P_2_A_5_4_5_comp1,R_2_A_5_4_5,TCDB,TCDB.2_A_5_4_5_comp1
G_9_B_129_1_1_comp1,P_9_B_129_1_1_comp1,R_9_B_129_1_1,TCDB,TCDB.9_B_129_1_1_comp1
G_2_A_9_1_2_comp1,P_2_A_9_1_2_comp1,R_2_A_9_1_2,TCDB,TCDB.2_A_9_1_2_comp1
G_8_A_23_1_19_comp1,P_8_A_23_1_19_comp1,R_8_A_23_1_19,TCDB,TCDB.8_A_23_1_19_comp1
G_8_A_17_4_1_comp1,P_8_A_17_4_1_comp1,R_8_A_17_4_1,TCDB,TCDB.8_A_17_4_1_comp1
G_8_A_23_1_55_comp1,P_8_A_23_1_55_comp1,R_8_A_23_1_55,TCDB,TCDB.8_A_23_1_55_comp1
G_8_A_23_1_17_comp1,P_8_A_23_1_17_comp1,R_8_A_23_1_17,TCDB,TCDB.8_A_23_1_17_comp1
G_9_A_1_1_1_comp1,P_9_A_1_1_1_comp1,R_9_A_1_1_1,TCDB,TCDB.9_A_1_1_1_comp1
G_9_B_188_1_2_comp1,P_9_B_188_1_2_comp1,R_9_B_188_1_2,TCDB,TCDB.9_B_188_1_2_comp1
G_9_A_14_13_46_comp1,P_9_A_14_13_46_comp1,R_9_A_14_13_46,TCDB,TCDB.9_A_14_13_46_comp1
G_8_A_43_1_25_comp1,P_8_A_43_1_25_comp1,R_8_A_43_1_25,TCDB,TCDB.8_A_43_1_25_comp1
G_1_C_113_2_1_comp1,P_1_C_113_2_1_comp1,R_1_C_113_2_1,TCDB,TCDB.1_C_113_2_1_comp1
G_8_A_24_1_2_comp1,P_8_A_24_1_2_comp1,R_8_A_24_1_2,TCDB,TCDB.8_A_24_1_2_comp1
G_9_B_311_2_1_comp1,P_9_B_311_2_1_comp1,R_9_B_311_2_1,TCDB,TCDB.9_B_311_2_1_comp1
G_9_A_14_13_5_comp1,P_9_A_14_13_5_comp1,R_9_A_14_13_5,TCDB,TCDB.9_A_14_13_5_comp1
G_2_A_23_3_3_comp1,P_2_A_23_3_3_comp1,R_2_A_23_3_3,TCDB,TCDB.2_A_23_3_3_comp1
G_1_C_92_1_3_comp1,P_1_C_92_1_3_comp1,R_1_C_92_1_3,TCDB,TCDB.1_C_92_1_3_comp1
G_1_A_2_1_13_comp1,P_1_A_2_1_13_comp1,R_1_A_2_1_13,TCDB,TCDB.1_A_2_1_13_comp1
G_8_A_94_1_1_comp1,P_8_A_94_1_1_comp1,R_8_A_94_1_1,TCDB,TCDB.8_A_94_1_1_comp1
G_1_A_28_1_6_comp1,P_1_A_28_1_6_comp1,R_1_A_28_1_6,TCDB,TCDB.1_A_28_1_6_comp1
G_1_A_1_10_5_comp1,P_1_A_1_10_5_comp1,R_1_A_1_10_5,TCDB,TCDB.1_A_1_10_5_comp1
G_8_A_107_1_1_comp1,P_8_A_107_1_1_comp1,R_8_A_107_1_1,TCDB,TCDB.8_A_107_1_1_comp1
G_2_A_85_2_3_comp1,P_2_A_85_2_3_comp1,R_2_A_85_2_3,TCDB,TCDB.2_A_85_2_3_comp1
G_3_A_7_14_2_comp1,P_3_A_7_14_2_comp1+3_A_7_14_2_comp2+3_A_7_14_2_comp3+3_A_7_14_2_comp4+3_A_7_14_2_comp5+3_A_7_14_2_comp6+3_A_7_14_2_comp7+3_A_7_14_2_comp8+3_A_7_14_2_comp9+3_A_7_14_2_comp10+3_A_7_14_2_comp11,R_3_A_7_14_2,TCDB,TCDB.3_A_7_14_2_comp1
G_3_A_7_14_2_comp2,P_3_A_7_14_2_comp1+3_A_7_14_2_comp2+3_A_7_14_2_comp3+3_A_7_14_2_comp4+3_A_7_14_2_comp5+3_A_7_14_2_comp6+3_A_7_14_2_comp7+3_A_7_14_2_comp8+3_A_7_14_2_comp9+3_A_7_14_2_comp10+3_A_7_14_2_comp11,R_3_A_7_14_2,TCDB,TCDB.3_A_7_14_2_comp2
G_3_A_7_14_2_comp3,P_3_A_7_14_2_comp1+3_A_7_14_2_comp2+3_A_7_14_2_comp3+3_A_7_14_2_comp4+3_A_7_14_2_comp5+3_A_7_14_2_comp6+3_A_7_14_2_comp7+3_A_7_14_2_comp8+3_A_7_14_2_comp9+3_A_7_14_2_comp10+3_A_7_14_2_comp11,R_3_A_7_14_2,TCDB,TCDB.3_A_7_14_2_comp3
G_3_A_7_14_2_comp4,P_3_A_7_14_2_comp1+3_A_7_14_2_comp2+3_A_7_14_2_comp3+3_A_7_14_2_comp4+3_A_7_14_2_comp5+3_A_7_14_2_comp6+3_A_7_14_2_comp7+3_A_7_14_2_comp8+3_A_7_14_2_comp9+3_A_7_14_2_comp10+3_A_7_14_2_comp11,R_3_A_7_14_2,TCDB,TCDB.3_A_7_14_2_comp4
G_3_A_7_14_2_comp5,P_3_A_7_14_2_comp1+3_A_7_14_2_comp2+3_A_7_14_2_comp3+3_A_7_14_2_comp4+3_A_7_14_2_comp5+3_A_7_14_2_comp6+3_A_7_14_2_comp7+3_A_7_14_2_comp8+3_A_7_14_2_comp9+3_A_7_14_2_comp10+3_A_7_14_2_comp11,R_3_A_7_14_2,TCDB,TCDB.3_A_7_14_2_comp5
G_3_A_7_14_2_comp6,P_3_A_7_14_2_comp1+3_A_7_14_2_comp2+3_A_7_14_2_comp3+3_A_7_14_2_comp4+3_A_7_14_2_comp5+3_A_7_14_2_comp6+3_A_7_14_2_comp7+3_A_7_14_2_comp8+3_A_7_14_2_comp9+3_A_7_14_2_comp10+3_A_7_14_2_comp11,R_3_A_7_14_2,TCDB,TCDB.3_A_7_14_2_comp6
G_3_A_7_14_2_comp7,P_3_A_7_14_2_comp1+3_A_7_14_2_comp2+3_A_7_14_2_comp3+3_A_7_14_2_comp4+3_A_7_14_2_comp5+3_A_7_14_2_comp6+3_A_7_14_2_comp7+3_A_7_14_2_comp8+3_A_7_14_2_comp9+3_A_7_14_2_comp10+3_A_7_14_2_comp11,R_3_A_7_14_2,TCDB,TCDB.3_A_7_14_2_comp7
G_3_A_7_14_2_comp8,P_3_A_7_14_2_comp1+3_A_7_14_2_comp2+3_A_7_14_2_comp3+3_A_7_14_2_comp4+3_A_7_14_2_comp5+3_A_7_14_2_comp6+3_A_7_14_2_comp7+3_A_7_14_2_comp8+3_A_7_14_2_comp9+3_A_7_14_2_comp10+3_A_7_14_2_comp11,R_3_A_7_14_2,TCDB,TCDB.3_A_7_14_2_comp8
G_3_A_7_14_2_comp9,P_3_A_7_14_2_comp1+3_A_7_14_2_comp2+3_A_7_14_2_comp3+3_A_7_14_2_comp4+3_A_7_14_2_comp5+3_A_7_14_2_comp6+3_A_7_14_2_comp7+3_A_7_14_2_comp8+3_A_7_14_2_comp9+3_A_7_14_2_comp10+3_A_7_14_2_comp11,R_3_A_7_14_2,TCDB,TCDB.3_A_7_14_2_comp9
G_3_A_7_14_2_comp10,P_3_A_7_14_2_comp1+3_A_7_14_2_comp2+3_A_7_14_2_comp3+3_A_7_14_2_comp4+3_A_7_14_2_comp5+3_A_7_14_2_comp6+3_A_7_14_2_comp7+3_A_7_14_2_comp8+3_A_7_14_2_comp9+3_A_7_14_2_comp10+3_A_7_14_2_comp11,R_3_A_7_14_2,TCDB,TCDB.3_A_7_14_2_comp10
G_3_A_7_14_2_comp11,P_3_A_7_14_2_comp1+3_A_7_14_2_comp2+3_A_7_14_2_comp3+3_A_7_14_2_comp4+3_A_7_14_2_comp5+3_A_7_14_2_comp6+3_A_7_14_2_comp7+3_A_7_14_2_comp8+3_A_7_14_2_comp9+3_A_7_14_2_comp10+3_A_7_14_2_comp11,R_3_A_7_14_2,TCDB,TCDB.3_A_7_14_2_comp11
G_1_B_5_1_4_comp1,P_1_B_5_1_4_comp1,R_1_B_5_1_4,TCDB,TCDB.1_B_5_1_4_comp1
G_1_A_10_1_9_comp1,P_1_A_10_1_9_comp1,R_1_A_10_1_9,TCDB,TCDB.1_A_10_1_9_comp1
G_1_C_77_1_2_comp1,P_1_C_77_1_2_comp1,R_1_C_77_1_2,TCDB,TCDB.1_C_77_1_2_comp1
G_1_A_1_5_12_comp1,P_1_A_1_5_12_comp1,R_1_A_1_5_12,TCDB,TCDB.1_A_1_5_12_comp1
G_2_A_17_4_8_comp1,P_2_A_17_4_8_comp1,R_2_A_17_4_8,TCDB,TCDB.2_A_17_4_8_comp1
G_1_A_10_1_28_comp1,P_1_A_10_1_28_comp1,R_1_A_10_1_28,TCDB,TCDB.1_A_10_1_28_comp1
G_1_A_50_7_1_comp1,P_1_A_50_7_1_comp1,R_1_A_50_7_1,TCDB,TCDB.1_A_50_7_1_comp1
G_8_A_228_1_1_comp1,P_8_A_228_1_1_comp1,R_8_A_228_1_1,TCDB,TCDB.8_A_228_1_1_comp1
G_8_A_14_1_2_comp1,P_8_A_14_1_2_comp1,R_8_A_14_1_2,TCDB,TCDB.8_A_14_1_2_comp1
G_9_A_14_13_34_comp1,P_9_A_14_13_34_comp1,R_9_A_14_13_34,TCDB,TCDB.9_A_14_13_34_comp1
G_2_A_1_2_28_comp1,P_2_A_1_2_28_comp1,R_2_A_1_2_28,TCDB,TCDB.2_A_1_2_28_comp1
G_9_B_21_1_1_comp1,P_9_B_21_1_1_comp1,R_9_B_21_1_1,TCDB,TCDB.9_B_21_1_1_comp1
G_9_A_14_4_12_comp1,P_9_A_14_4_12_comp1,R_9_A_14_4_12,TCDB,TCDB.9_A_14_4_12_comp1
G_1_A_21_1_3_comp1,P_1_A_21_1_3_comp1,R_1_A_21_1_3,TCDB,TCDB.1_A_21_1_3_comp1
G_8_A_23_1_38_comp1,P_8_A_23_1_38_comp1,R_8_A_23_1_38,TCDB,TCDB.8_A_23_1_38_comp1
G_8_A_91_1_4_comp1,P_8_A_91_1_4_comp1,R_8_A_91_1_4,TCDB,TCDB.8_A_91_1_4_comp1
G_9_B_41_1_1_comp1,P_9_B_41_1_1_comp1,R_9_B_41_1_1,TCDB,TCDB.9_B_41_1_1_comp1
G_2_A_1_8_11_comp1,P_2_A_1_8_11_comp1+2_A_1_8_11_comp2,R_2_A_1_8_11,TCDB,TCDB.2_A_1_8_11_comp1
G_2_A_1_8_11_comp2,P_2_A_1_8_11_comp1+2_A_1_8_11_comp2,R_2_A_1_8_11,TCDB,TCDB.2_A_1_8_11_comp2
G_3_A_3_2_50_comp1,P_3_A_3_2_50_comp1,R_3_A_3_2_50,TCDB,TCDB.3_A_3_2_50_comp1
G_4_D_1_4_1_comp1,P_4_D_1_4_1_comp1,R_4_D_1_4_1,TCDB,TCDB.4_D_1_4_1_comp1
G_8_A_164_1_1_comp1,P_8_A_164_1_1_comp1,R_8_A_164_1_1,TCDB,TCDB.8_A_164_1_1_comp1
G_8_A_102_1_9_comp1,P_8_A_102_1_9_comp1,R_8_A_102_1_9,TCDB,TCDB.8_A_102_1_9_comp1
G_8_A_77_2_1_comp1,P_8_A_77_2_1_comp1,R_8_A_77_2_1,TCDB,TCDB.8_A_77_2_1_comp1
G_9_B_216_1_4_comp1,P_9_B_216_1_4_comp1,R_9_B_216_1_4,TCDB,TCDB.9_B_216_1_4_comp1
G_9_A_14_4_4_comp1,P_9_A_14_4_4_comp1,R_9_A_14_4_4,TCDB,TCDB.9_A_14_4_4_comp1
G_1_A_69_5_2_comp1,P_1_A_69_5_2_comp1,R_1_A_69_5_2,TCDB,TCDB.1_A_69_5_2_comp1
G_1_A_8_4_6_comp1,P_1_A_8_4_6_comp1,R_1_A_8_4_6,TCDB,TCDB.1_A_8_4_6_comp1
G_8_A_118_1_8_comp1,P_8_A_118_1_8_comp1,R_8_A_118_1_8,TCDB,TCDB.8_A_118_1_8_comp1
G_2_A_112_4_3_comp1,P_2_A_112_4_3_comp1,R_2_A_112_4_3,TCDB,TCDB.2_A_112_4_3_comp1
G_2_A_60_1_22_comp1,P_2_A_60_1_22_comp1,R_2_A_60_1_22,TCDB,TCDB.2_A_60_1_22_comp1
G_8_A_119_1_1_comp1,P_8_A_119_1_1_comp1,R_8_A_119_1_1,TCDB,TCDB.8_A_119_1_1_comp1
G_2_A_7_12_2_comp1,P_2_A_7_12_2_comp1,R_2_A_7_12_2,TCDB,TCDB.2_A_7_12_2_comp1
G_2_A_17_4_3_comp1,P_2_A_17_4_3_comp1,R_2_A_17_4_3,TCDB,TCDB.2_A_17_4_3_comp1
G_2_A_48_1_3_comp1,P_2_A_48_1_3_comp1,R_2_A_48_1_3,TCDB,TCDB.2_A_48_1_3_comp1
G_2_A_30_1_3_comp1,P_2_A_30_1_3_comp1,R_2_A_30_1_3,TCDB,TCDB.2_A_30_1_3_comp1
G_1_A_75_1_8_comp1,P_1_A_75_1_8_comp1,R_1_A_75_1_8,TCDB,TCDB.1_A_75_1_8_comp1
G_1_A_69_3_5_comp1,P_1_A_69_3_5_comp1,R_1_A_69_3_5,TCDB,TCDB.1_A_69_3_5_comp1
G_2_A_36_1_10_comp1,P_2_A_36_1_10_comp1,R_2_A_36_1_10,TCDB,TCDB.2_A_36_1_10_comp1
G_1_M_1_3_27_comp1,P_1_M_1_3_27_comp1,R_1_M_1_3_27,TCDB,TCDB.1_M_1_3_27_comp1
G_2_A_82_1_4_comp1,P_2_A_82_1_4_comp1,R_2_A_82_1_4,TCDB,TCDB.2_A_82_1_4_comp1
G_1_B_8_2_8_comp1,P_1_B_8_2_8_comp1,R_1_B_8_2_8,TCDB,TCDB.1_B_8_2_8_comp1
G_2_A_1_3_72_comp1,P_2_A_1_3_72_comp1,R_2_A_1_3_72,TCDB,TCDB.2_A_1_3_72_comp1
G_1_A_1_9_5_comp1,P_1_A_1_9_5_comp1,R_1_A_1_9_5,TCDB,TCDB.1_A_1_9_5_comp1
G_1_A_4_6_5_comp1,P_1_A_4_6_5_comp1,R_1_A_4_6_5,TCDB,TCDB.1_A_4_6_5_comp1
G_2_A_115_2_13_comp1,P_2_A_115_2_13_comp1,R_2_A_115_2_13,TCDB,TCDB.2_A_115_2_13_comp1
G_1_A_84_1_4_comp1,P_1_A_84_1_4_comp1,R_1_A_84_1_4,TCDB,TCDB.1_A_84_1_4_comp1
G_1_A_16_3_3_comp1,P_1_A_16_3_3_comp1,R_1_A_16_3_3,TCDB,TCDB.1_A_16_3_3_comp1
G_2_A_1_13_22_comp1,P_2_A_1_13_22_comp1,R_2_A_1_13_22,TCDB,TCDB.2_A_1_13_22_comp1
G_2_A_7_15_2_comp1,P_2_A_7_15_2_comp1,R_2_A_7_15_2,TCDB,TCDB.2_A_7_15_2_comp1
G_9_A_14_24_1_comp1,P_9_A_14_24_1_comp1,R_9_A_14_24_1,TCDB,TCDB.9_A_14_24_1_comp1
G_2_A_86_1_15_comp1,P_2_A_86_1_15_comp1,R_2_A_86_1_15,TCDB,TCDB.2_A_86_1_15_comp1
G_9_B_217_1_4_comp1,P_9_B_217_1_4_comp1,R_9_B_217_1_4,TCDB,TCDB.9_B_217_1_4_comp1
G_3_A_1_204_10_comp1,P_3_A_1_204_10_comp1,R_3_A_1_204_10,TCDB,TCDB.3_A_1_204_10_comp1
G_2_A_128_1_20_comp1,P_2_A_128_1_20_comp1,R_2_A_128_1_20,TCDB,TCDB.2_A_128_1_20_comp1
G_3_A_1_124_6_comp1,P_3_A_1_124_6_comp1+3_A_1_124_6_comp2+3_A_1_124_6_comp3,R_3_A_1_124_6,TCDB,TCDB.3_A_1_124_6_comp1
G_3_A_1_124_6_comp2,P_3_A_1_124_6_comp1+3_A_1_124_6_comp2+3_A_1_124_6_comp3,R_3_A_1_124_6,TCDB,TCDB.3_A_1_124_6_comp2
G_3_A_1_124_6_comp3,P_3_A_1_124_6_comp1+3_A_1_124_6_comp2+3_A_1_124_6_comp3,R_3_A_1_124_6,TCDB,TCDB.3_A_1_124_6_comp3
G_1_A_43_1_9_comp1,P_1_A_43_1_9_comp1,R_1_A_43_1_9,TCDB,TCDB.1_A_43_1_9_comp1
G_1_A_54_2_1_comp1,P_1_A_54_2_1_comp1,R_1_A_54_2_1,TCDB,TCDB.1_A_54_2_1_comp1
G_9_B_248_1_1_comp1,P_9_B_248_1_1_comp1,R_9_B_248_1_1,TCDB,TCDB.9_B_248_1_1_comp1
G_1_A_6_2_5_comp1,P_1_A_6_2_5_comp1,R_1_A_6_2_5,TCDB,TCDB.1_A_6_2_5_comp1
G_2_A_6_6_8_comp1,P_2_A_6_6_8_comp1,R_2_A_6_6_8,TCDB,TCDB.2_A_6_6_8_comp1
G_8_A_166_1_1_comp1,P_8_A_166_1_1_comp1,R_8_A_166_1_1,TCDB,TCDB.8_A_166_1_1_comp1
G_1_A_25_1_1_comp1,P_1_A_25_1_1_comp1,R_1_A_25_1_1,TCDB,TCDB.1_A_25_1_1_comp1
G_2_A_3_8_9_comp1,P_2_A_3_8_9_comp1,R_2_A_3_8_9,TCDB,TCDB.2_A_3_8_9_comp1
G_1_A_1_9_9_comp1,P_1_A_1_9_9_comp1,R_1_A_1_9_9,TCDB,TCDB.1_A_1_9_9_comp1
G_2_A_72_3_11_comp1,P_2_A_72_3_11_comp1,R_2_A_72_3_11,TCDB,TCDB.2_A_72_3_11_comp1
G_1_A_8_12_13_comp1,P_1_A_8_12_13_comp1,R_1_A_8_12_13,TCDB,TCDB.1_A_8_12_13_comp1
G_2_A_36_7_10_comp1,P_2_A_36_7_10_comp1,R_2_A_36_7_10,TCDB,TCDB.2_A_36_7_10_comp1
G_1_E_53_1_7_comp1,P_1_E_53_1_7_comp1,R_1_E_53_1_7,TCDB,TCDB.1_E_53_1_7_comp1
G_1_A_65_1_2_comp1,P_1_A_65_1_2_comp1,R_1_A_65_1_2,TCDB,TCDB.1_A_65_1_2_comp1
G_1_E_40_1_1_comp1,P_1_E_40_1_1_comp1,R_1_E_40_1_1,TCDB,TCDB.1_E_40_1_1_comp1
G_1_E_36_1_2_comp1,P_1_E_36_1_2_comp1,R_1_E_36_1_2,TCDB,TCDB.1_E_36_1_2_comp1
G_1_E_57_1_2_comp1,P_1_E_57_1_2_comp1,R_1_E_57_1_2,TCDB,TCDB.1_E_57_1_2_comp1
G_2_A_27_1_4_comp1,P_2_A_27_1_4_comp1,R_2_A_27_1_4,TCDB,TCDB.2_A_27_1_4_comp1
G_2_A_31_2_16_comp1,P_2_A_31_2_16_comp1,R_2_A_31_2_16,TCDB,TCDB.2_A_31_2_16_comp1
G_3_E_1_4_4_comp1,P_3_E_1_4_4_comp1,R_3_E_1_4_4,TCDB,TCDB.3_E_1_4_4_comp1
G_1_A_17_1_23_comp1,P_1_A_17_1_23_comp1,R_1_A_17_1_23,TCDB,TCDB.1_A_17_1_23_comp1
G_9_B_29_2_14_comp1,P_9_B_29_2_14_comp1,R_9_B_29_2_14,TCDB,TCDB.9_B_29_2_14_comp1
G_3_E_1_1_9_comp1,P_3_E_1_1_9_comp1,R_3_E_1_1_9,TCDB,TCDB.3_E_1_1_9_comp1
G_1_B_12_8_1_comp1,P_1_B_12_8_1_comp1,R_1_B_12_8_1,TCDB,TCDB.1_B_12_8_1_comp1
G_1_A_77_2_1_comp1,P_1_A_77_2_1_comp1,R_1_A_77_2_1,TCDB,TCDB.1_A_77_2_1_comp1
G_9_B_160_1_3_comp1,P_9_B_160_1_3_comp1,R_9_B_160_1_3,TCDB,TCDB.9_B_160_1_3_comp1
G_2_A_9_3_4_comp1,P_2_A_9_3_4_comp1,R_2_A_9_3_4,TCDB,TCDB.2_A_9_3_4_comp1
G_2_A_6_1_11_comp1,P_2_A_6_1_11_comp1+2_A_6_1_11_comp2+2_A_6_1_11_comp3,R_2_A_6_1_11,TCDB,TCDB.2_A_6_1_11_comp1
G_2_A_6_1_11_comp2,P_2_A_6_1_11_comp1+2_A_6_1_11_comp2+2_A_6_1_11_comp3,R_2_A_6_1_11,TCDB,TCDB.2_A_6_1_11_comp2
G_2_A_6_1_11_comp3,P_2_A_6_1_11_comp1+2_A_6_1_11_comp2+2_A_6_1_11_comp3,R_2_A_6_1_11,TCDB,TCDB.2_A_6_1_11_comp3
G_1_B_18_3_9_comp1,P_1_B_18_3_9_comp1,R_1_B_18_3_9,TCDB,TCDB.1_B_18_3_9_comp1
G_2_A_66_12_12_comp1,P_2_A_66_12_12_comp1,R_2_A_66_12_12,TCDB,TCDB.2_A_66_12_12_comp1
G_9_B_18_1_6_comp1,P_9_B_18_1_6_comp1,R_9_B_18_1_6,TCDB,TCDB.9_B_18_1_6_comp1
G_1_B_6_6_9_comp1,P_1_B_6_6_9_comp1,R_1_B_6_6_9,TCDB,TCDB.1_B_6_6_9_comp1
G_1_B_14_3_5_comp1,P_1_B_14_3_5_comp1,R_1_B_14_3_5,TCDB,TCDB.1_B_14_3_5_comp1
G_1_B_17_2_8_comp1,P_1_B_17_2_8_comp1,R_1_B_17_2_8,TCDB,TCDB.1_B_17_2_8_comp1
G_2_A_1_24_4_comp1,P_2_A_1_24_4_comp1,R_2_A_1_24_4,TCDB,TCDB.2_A_1_24_4_comp1
G_1_B_9_1_2_comp1,P_1_B_9_1_2_comp1,R_1_B_9_1_2,TCDB,TCDB.1_B_9_1_2_comp1
G_1_B_14_3_4_comp1,P_1_B_14_3_4_comp1,R_1_B_14_3_4,TCDB,TCDB.1_B_14_3_4_comp1
G_2_A_66_1_29_comp1,P_2_A_66_1_29_comp1,R_2_A_66_1_29,TCDB,TCDB.2_A_66_1_29_comp1
G_2_A_28_1_10_comp1,P_2_A_28_1_10_comp1,R_2_A_28_1_10,TCDB,TCDB.2_A_28_1_10_comp1
G_1_B_14_3_3_comp1,P_1_B_14_3_3_comp1,R_1_B_14_3_3,TCDB,TCDB.1_B_14_3_3_comp1
G_9_B_139_2_1_comp1,P_9_B_139_2_1_comp1,R_9_B_139_2_1,TCDB,TCDB.9_B_139_2_1_comp1
G_1_B_14_3_2_comp1,P_1_B_14_3_2_comp1,R_1_B_14_3_2,TCDB,TCDB.1_B_14_3_2_comp1
G_4_A_6_1_12_comp1,P_4_A_6_1_12_comp1+4_A_6_1_12_comp2+4_A_6_1_12_comp3+4_A_6_1_12_comp4,R_4_A_6_1_12,TCDB,TCDB.4_A_6_1_12_comp1
G_4_A_6_1_12_comp2,P_4_A_6_1_12_comp1+4_A_6_1_12_comp2+4_A_6_1_12_comp3+4_A_6_1_12_comp4,R_4_A_6_1_12,TCDB,TCDB.4_A_6_1_12_comp2
G_4_A_6_1_12_comp3,P_4_A_6_1_12_comp1+4_A_6_1_12_comp2+4_A_6_1_12_comp3+4_A_6_1_12_comp4,R_4_A_6_1_12,TCDB,TCDB.4_A_6_1_12_comp3
G_4_A_6_1_12_comp4,P_4_A_6_1_12_comp1+4_A_6_1_12_comp2+4_A_6_1_12_comp3+4_A_6_1_12_comp4,R_4_A_6_1_12,TCDB,TCDB.4_A_6_1_12_comp4
G_2_A_6_7_3_comp1,P_2_A_6_7_3_comp1,R_2_A_6_7_3,TCDB,TCDB.2_A_6_7_3_comp1
G_1_A_30_2_5_comp1,P_1_A_30_2_5_comp1+1_A_30_2_5_comp2,R_1_A_30_2_5,TCDB,TCDB.1_A_30_2_5_comp1
G_1_A_30_2_5_comp2,P_1_A_30_2_5_comp1+1_A_30_2_5_comp2,R_1_A_30_2_5,TCDB,TCDB.1_A_30_2_5_comp2
G_2_A_6_3_7_comp1,P_2_A_6_3_7_comp1+2_A_6_3_7_comp2+2_A_6_3_7_comp3,R_2_A_6_3_7,TCDB,TCDB.2_A_6_3_7_comp1
G_2_A_6_3_7_comp2,P_2_A_6_3_7_comp1+2_A_6_3_7_comp2+2_A_6_3_7_comp3,R_2_A_6_3_7,TCDB,TCDB.2_A_6_3_7_comp2
G_2_A_6_3_7_comp3,P_2_A_6_3_7_comp1+2_A_6_3_7_comp2+2_A_6_3_7_comp3,R_2_A_6_3_7,TCDB,TCDB.2_A_6_3_7_comp3
G_1_B_75_1_7_comp1,P_1_B_75_1_7_comp1,R_1_B_75_1_7,TCDB,TCDB.1_B_75_1_7_comp1
G_1_B_14_10_3_comp1,P_1_B_14_10_3_comp1,R_1_B_14_10_3,TCDB,TCDB.1_B_14_10_3_comp1
G_2_A_1_2_83_comp1,P_2_A_1_2_83_comp1,R_2_A_1_2_83,TCDB,TCDB.2_A_1_2_83_comp1
G_2_A_64_1_2_comp1,P_2_A_64_1_2_comp1+2_A_64_1_2_comp2+2_A_64_1_2_comp3,R_2_A_64_1_2,TCDB,TCDB.2_A_64_1_2_comp1
G_2_A_64_1_2_comp2,P_2_A_64_1_2_comp1+2_A_64_1_2_comp2+2_A_64_1_2_comp3,R_2_A_64_1_2,TCDB,TCDB.2_A_64_1_2_comp2
G_2_A_64_1_2_comp3,P_2_A_64_1_2_comp1+2_A_64_1_2_comp2+2_A_64_1_2_comp3,R_2_A_64_1_2,TCDB,TCDB.2_A_64_1_2_comp3
G_9_B_104_6_1_comp1,P_9_B_104_6_1_comp1,R_9_B_104_6_1,TCDB,TCDB.9_B_104_6_1_comp1
G_9_B_246_1_1_comp1,P_9_B_246_1_1_comp1,R_9_B_246_1_1,TCDB,TCDB.9_B_246_1_1_comp1
G_1_A_1_24_3_comp1,P_1_A_1_24_3_comp1,R_1_A_1_24_3,TCDB,TCDB.1_A_1_24_3_comp1
G_2_A_1_49_7_comp1,P_2_A_1_49_7_comp1,R_2_A_1_49_7,TCDB,TCDB.2_A_1_49_7_comp1
G_1_A_30_2_7_comp1,P_1_A_30_2_7_comp1+1_A_30_2_7_comp2,R_1_A_30_2_7,TCDB,TCDB.1_A_30_2_7_comp1
G_1_A_30_2_7_comp2,P_1_A_30_2_7_comp1+1_A_30_2_7_comp2,R_1_A_30_2_7,TCDB,TCDB.1_A_30_2_7_comp2
G_1_A_23_7_2_comp1,P_1_A_23_7_2_comp1,R_1_A_23_7_2,TCDB,TCDB.1_A_23_7_2_comp1
G_9_B_8_2_6_comp1,P_9_B_8_2_6_comp1,R_9_B_8_2_6,TCDB,TCDB.9_B_8_2_6_comp1
G_3_A_1_144_3_comp1,P_3_A_1_144_3_comp1+3_A_1_144_3_comp2,R_3_A_1_144_3,TCDB,TCDB.3_A_1_144_3_comp1
G_3_A_1_144_3_comp2,P_3_A_1_144_3_comp1+3_A_1_144_3_comp2,R_3_A_1_144_3,TCDB,TCDB.3_A_1_144_3_comp2
G_2_A_1_57_4_comp1,P_2_A_1_57_4_comp1,R_2_A_1_57_4,TCDB,TCDB.2_A_1_57_4_comp1
G_9_B_153_3_3_comp1,P_9_B_153_3_3_comp1,R_9_B_153_3_3,TCDB,TCDB.9_B_153_3_3_comp1
G_2_A_78_2_3_comp1,P_2_A_78_2_3_comp1+2_A_78_2_3_comp2,R_2_A_78_2_3,TCDB,TCDB.2_A_78_2_3_comp1
G_2_A_78_2_3_comp2,P_2_A_78_2_3_comp1+2_A_78_2_3_comp2,R_2_A_78_2_3,TCDB,TCDB.2_A_78_2_3_comp2
G_2_A_127_1_4_comp1,P_2_A_127_1_4_comp1,R_2_A_127_1_4,TCDB,TCDB.2_A_127_1_4_comp1
G_1_A_30_2_4_comp1,P_1_A_30_2_4_comp1+1_A_30_2_4_comp2,R_1_A_30_2_4,TCDB,TCDB.1_A_30_2_4_comp1
G_1_A_30_2_4_comp2,P_1_A_30_2_4_comp1+1_A_30_2_4_comp2,R_1_A_30_2_4,TCDB,TCDB.1_A_30_2_4_comp2
G_3_A_7_18_2_comp1,P_3_A_7_18_2_comp1+3_A_7_18_2_comp2+3_A_7_18_2_comp3+3_A_7_18_2_comp4+3_A_7_18_2_comp5+3_A_7_18_2_comp6+3_A_7_18_2_comp7+3_A_7_18_2_comp8+3_A_7_18_2_comp9+3_A_7_18_2_comp10+3_A_7_18_2_comp11+3_A_7_18_2_comp12+3_A_7_18_2_comp13+3_A_7_18_2_comp14+3_A_7_18_2_comp15+3_A_7_18_2_comp16+3_A_7_18_2_comp17+3_A_7_18_2_comp18+3_A_7_18_2_comp19+3_A_7_18_2_comp20+3_A_7_18_2_comp21,R_3_A_7_18_2,TCDB,TCDB.3_A_7_18_2_comp1
G_3_A_7_18_2_comp2,P_3_A_7_18_2_comp1+3_A_7_18_2_comp2+3_A_7_18_2_comp3+3_A_7_18_2_comp4+3_A_7_18_2_comp5+3_A_7_18_2_comp6+3_A_7_18_2_comp7+3_A_7_18_2_comp8+3_A_7_18_2_comp9+3_A_7_18_2_comp10+3_A_7_18_2_comp11+3_A_7_18_2_comp12+3_A_7_18_2_comp13+3_A_7_18_2_comp14+3_A_7_18_2_comp15+3_A_7_18_2_comp16+3_A_7_18_2_comp17+3_A_7_18_2_comp18+3_A_7_18_2_comp19+3_A_7_18_2_comp20+3_A_7_18_2_comp21,R_3_A_7_18_2,TCDB,TCDB.3_A_7_18_2_comp2
G_3_A_7_18_2_comp3,P_3_A_7_18_2_comp1+3_A_7_18_2_comp2+3_A_7_18_2_comp3+3_A_7_18_2_comp4+3_A_7_18_2_comp5+3_A_7_18_2_comp6+3_A_7_18_2_comp7+3_A_7_18_2_comp8+3_A_7_18_2_comp9+3_A_7_18_2_comp10+3_A_7_18_2_comp11+3_A_7_18_2_comp12+3_A_7_18_2_comp13+3_A_7_18_2_comp14+3_A_7_18_2_comp15+3_A_7_18_2_comp16+3_A_7_18_2_comp17+3_A_7_18_2_comp18+3_A_7_18_2_comp19+3_A_7_18_2_comp20+3_A_7_18_2_comp21,R_3_A_7_18_2,TCDB,TCDB.3_A_7_18_2_comp3
G_3_A_7_18_2_comp4,P_3_A_7_18_2_comp1+3_A_7_18_2_comp2+3_A_7_18_2_comp3+3_A_7_18_2_comp4+3_A_7_18_2_comp5+3_A_7_18_2_comp6+3_A_7_18_2_comp7+3_A_7_18_2_comp8+3_A_7_18_2_comp9+3_A_7_18_2_comp10+3_A_7_18_2_comp11+3_A_7_18_2_comp12+3_A_7_18_2_comp13+3_A_7_18_2_comp14+3_A_7_18_2_comp15+3_A_7_18_2_comp16+3_A_7_18_2_comp17+3_A_7_18_2_comp18+3_A_7_18_2_comp19+3_A_7_18_2_comp20+3_A_7_18_2_comp21,R_3_A_7_18_2,TCDB,TCDB.3_A_7_18_2_comp4
G_3_A_7_18_2_comp5,P_3_A_7_18_2_comp1+3_A_7_18_2_comp2+3_A_7_18_2_comp3+3_A_7_18_2_comp4+3_A_7_18_2_comp5+3_A_7_18_2_comp6+3_A_7_18_2_comp7+3_A_7_18_2_comp8+3_A_7_18_2_comp9+3_A_7_18_2_comp10+3_A_7_18_2_comp11+3_A_7_18_2_comp12+3_A_7_18_2_comp13+3_A_7_18_2_comp14+3_A_7_18_2_comp15+3_A_7_18_2_comp16+3_A_7_18_2_comp17+3_A_7_18_2_comp18+3_A_7_18_2_comp19+3_A_7_18_2_comp20+3_A_7_18_2_comp21,R_3_A_7_18_2,TCDB,TCDB.3_A_7_18_2_comp5
G_3_A_7_18_2_comp6,P_3_A_7_18_2_comp1+3_A_7_18_2_comp2+3_A_7_18_2_comp3+3_A_7_18_2_comp4+3_A_7_18_2_comp5+3_A_7_18_2_comp6+3_A_7_18_2_comp7+3_A_7_18_2_comp8+3_A_7_18_2_comp9+3_A_7_18_2_comp10+3_A_7_18_2_comp11+3_A_7_18_2_comp12+3_A_7_18_2_comp13+3_A_7_18_2_comp14+3_A_7_18_2_comp15+3_A_7_18_2_comp16+3_A_7_18_2_comp17+3_A_7_18_2_comp18+3_A_7_18_2_comp19+3_A_7_18_2_comp20+3_A_7_18_2_comp21,R_3_A_7_18_2,TCDB,TCDB.3_A_7_18_2_comp6
G_3_A_7_18_2_comp7,P_3_A_7_18_2_comp1+3_A_7_18_2_comp2+3_A_7_18_2_comp3+3_A_7_18_2_comp4+3_A_7_18_2_comp5+3_A_7_18_2_comp6+3_A_7_18_2_comp7+3_A_7_18_2_comp8+3_A_7_18_2_comp9+3_A_7_18_2_comp10+3_A_7_18_2_comp11+3_A_7_18_2_comp12+3_A_7_18_2_comp13+3_A_7_18_2_comp14+3_A_7_18_2_comp15+3_A_7_18_2_comp16+3_A_7_18_2_comp17+3_A_7_18_2_comp18+3_A_7_18_2_comp19+3_A_7_18_2_comp20+3_A_7_18_2_comp21,R_3_A_7_18_2,TCDB,TCDB.3_A_7_18_2_comp7
G_3_A_7_18_2_comp8,P_3_A_7_18_2_comp1+3_A_7_18_2_comp2+3_A_7_18_2_comp3+3_A_7_18_2_comp4+3_A_7_18_2_comp5+3_A_7_18_2_comp6+3_A_7_18_2_comp7+3_A_7_18_2_comp8+3_A_7_18_2_comp9+3_A_7_18_2_comp10+3_A_7_18_2_comp11+3_A_7_18_2_comp12+3_A_7_18_2_comp13+3_A_7_18_2_comp14+3_A_7_18_2_comp15+3_A_7_18_2_comp16+3_A_7_18_2_comp17+3_A_7_18_2_comp18+3_A_7_18_2_comp19+3_A_7_18_2_comp20+3_A_7_18_2_comp21,R_3_A_7_18_2,TCDB,TCDB.3_A_7_18_2_comp8
G_3_A_7_18_2_comp9,P_3_A_7_18_2_comp1+3_A_7_18_2_comp2+3_A_7_18_2_comp3+3_A_7_18_2_comp4+3_A_7_18_2_comp5+3_A_7_18_2_comp6+3_A_7_18_2_comp7+3_A_7_18_2_comp8+3_A_7_18_2_comp9+3_A_7_18_2_comp10+3_A_7_18_2_comp11+3_A_7_18_2_comp12+3_A_7_18_2_comp13+3_A_7_18_2_comp14+3_A_7_18_2_comp15+3_A_7_18_2_comp16+3_A_7_18_2_comp17+3_A_7_18_2_comp18+3_A_7_18_2_comp19+3_A_7_18_2_comp20+3_A_7_18_2_comp21,R_3_A_7_18_2,TCDB,TCDB.3_A_7_18_2_comp9
G_3_A_7_18_2_comp10,P_3_A_7_18_2_comp1+3_A_7_18_2_comp2+3_A_7_18_2_comp3+3_A_7_18_2_comp4+3_A_7_18_2_comp5+3_A_7_18_2_comp6+3_A_7_18_2_comp7+3_A_7_18_2_comp8+3_A_7_18_2_comp9+3_A_7_18_2_comp10+3_A_7_18_2_comp11+3_A_7_18_2_comp12+3_A_7_18_2_comp13+3_A_7_18_2_comp14+3_A_7_18_2_comp15+3_A_7_18_2_comp16+3_A_7_18_2_comp17+3_A_7_18_2_comp18+3_A_7_18_2_comp19+3_A_7_18_2_comp20+3_A_7_18_2_comp21,R_3_A_7_18_2,TCDB,TCDB.3_A_7_18_2_comp10
G_3_A_7_18_2_comp11,P_3_A_7_18_2_comp1+3_A_7_18_2_comp2+3_A_7_18_2_comp3+3_A_7_18_2_comp4+3_A_7_18_2_comp5+3_A_7_18_2_comp6+3_A_7_18_2_comp7+3_A_7_18_2_comp8+3_A_7_18_2_comp9+3_A_7_18_2_comp10+3_A_7_18_2_comp11+3_A_7_18_2_comp12+3_A_7_18_2_comp13+3_A_7_18_2_comp14+3_A_7_18_2_comp15+3_A_7_18_2_comp16+3_A_7_18_2_comp17+3_A_7_18_2_comp18+3_A_7_18_2_comp19+3_A_7_18_2_comp20+3_A_7_18_2_comp21,R_3_A_7_18_2,TCDB,TCDB.3_A_7_18_2_comp11
G_3_A_7_18_2_comp12,P_3_A_7_18_2_comp1+3_A_7_18_2_comp2+3_A_7_18_2_comp3+3_A_7_18_2_comp4+3_A_7_18_2_comp5+3_A_7_18_2_comp6+3_A_7_18_2_comp7+3_A_7_18_2_comp8+3_A_7_18_2_comp9+3_A_7_18_2_comp10+3_A_7_18_2_comp11+3_A_7_18_2_comp12+3_A_7_18_2_comp13+3_A_7_18_2_comp14+3_A_7_18_2_comp15+3_A_7_18_2_comp16+3_A_7_18_2_comp17+3_A_7_18_2_comp18+3_A_7_18_2_comp19+3_A_7_18_2_comp20+3_A_7_18_2_comp21,R_3_A_7_18_2,TCDB,TCDB.3_A_7_18_2_comp12
G_3_A_7_18_2_comp13,P_3_A_7_18_2_comp1+3_A_7_18_2_comp2+3_A_7_18_2_comp3+3_A_7_18_2_comp4+3_A_7_18_2_comp5+3_A_7_18_2_comp6+3_A_7_18_2_comp7+3_A_7_18_2_comp8+3_A_7_18_2_comp9+3_A_7_18_2_comp10+3_A_7_18_2_comp11+3_A_7_18_2_comp12+3_A_7_18_2_comp13+3_A_7_18_2_comp14+3_A_7_18_2_comp15+3_A_7_18_2_comp16+3_A_7_18_2_comp17+3_A_7_18_2_comp18+3_A_7_18_2_comp19+3_A_7_18_2_comp20+3_A_7_18_2_comp21,R_3_A_7_18_2,TCDB,TCDB.3_A_7_18_2_comp13
G_3_A_7_18_2_comp14,P_3_A_7_18_2_comp1+3_A_7_18_2_comp2+3_A_7_18_2_comp3+3_A_7_18_2_comp4+3_A_7_18_2_comp5+3_A_7_18_2_comp6+3_A_7_18_2_comp7+3_A_7_18_2_comp8+3_A_7_18_2_comp9+3_A_7_18_2_comp10+3_A_7_18_2_comp11+3_A_7_18_2_comp12+3_A_7_18_2_comp13+3_A_7_18_2_comp14+3_A_7_18_2_comp15+3_A_7_18_2_comp16+3_A_7_18_2_comp17+3_A_7_18_2_comp18+3_A_7_18_2_comp19+3_A_7_18_2_comp20+3_A_7_18_2_comp21,R_3_A_7_18_2,TCDB,TCDB.3_A_7_18_2_comp14
G_3_A_7_18_2_comp15,P_3_A_7_18_2_comp1+3_A_7_18_2_comp2+3_A_7_18_2_comp3+3_A_7_18_2_comp4+3_A_7_18_2_comp5+3_A_7_18_2_comp6+3_A_7_18_2_comp7+3_A_7_18_2_comp8+3_A_7_18_2_comp9+3_A_7_18_2_comp10+3_A_7_18_2_comp11+3_A_7_18_2_comp12+3_A_7_18_2_comp13+3_A_7_18_2_comp14+3_A_7_18_2_comp15+3_A_7_18_2_comp16+3_A_7_18_2_comp17+3_A_7_18_2_comp18+3_A_7_18_2_comp19+3_A_7_18_2_comp20+3_A_7_18_2_comp21,R_3_A_7_18_2,TCDB,TCDB.3_A_7_18_2_comp15
G_3_A_7_18_2_comp16,P_3_A_7_18_2_comp1+3_A_7_18_2_comp2+3_A_7_18_2_comp3+3_A_7_18_2_comp4+3_A_7_18_2_comp5+3_A_7_18_2_comp6+3_A_7_18_2_comp7+3_A_7_18_2_comp8+3_A_7_18_2_comp9+3_A_7_18_2_comp10+3_A_7_18_2_comp11+3_A_7_18_2_comp12+3_A_7_18_2_comp13+3_A_7_18_2_comp14+3_A_7_18_2_comp15+3_A_7_18_2_comp16+3_A_7_18_2_comp17+3_A_7_18_2_comp18+3_A_7_18_2_comp19+3_A_7_18_2_comp20+3_A_7_18_2_comp21,R_3_A_7_18_2,TCDB,TCDB.3_A_7_18_2_comp16
G_3_A_7_18_2_comp17,P_3_A_7_18_2_comp1+3_A_7_18_2_comp2+3_A_7_18_2_comp3+3_A_7_18_2_comp4+3_A_7_18_2_comp5+3_A_7_18_2_comp6+3_A_7_18_2_comp7+3_A_7_18_2_comp8+3_A_7_18_2_comp9+3_A_7_18_2_comp10+3_A_7_18_2_comp11+3_A_7_18_2_comp12+3_A_7_18_2_comp13+3_A_7_18_2_comp14+3_A_7_18_2_comp15+3_A_7_18_2_comp16+3_A_7_18_2_comp17+3_A_7_18_2_comp18+3_A_7_18_2_comp19+3_A_7_18_2_comp20+3_A_7_18_2_comp21,R_3_A_7_18_2,TCDB,TCDB.3_A_7_18_2_comp17
G_3_A_7_18_2_comp18,P_3_A_7_18_2_comp1+3_A_7_18_2_comp2+3_A_7_18_2_comp3+3_A_7_18_2_comp4+3_A_7_18_2_comp5+3_A_7_18_2_comp6+3_A_7_18_2_comp7+3_A_7_18_2_comp8+3_A_7_18_2_comp9+3_A_7_18_2_comp10+3_A_7_18_2_comp11+3_A_7_18_2_comp12+3_A_7_18_2_comp13+3_A_7_18_2_comp14+3_A_7_18_2_comp15+3_A_7_18_2_comp16+3_A_7_18_2_comp17+3_A_7_18_2_comp18+3_A_7_18_2_comp19+3_A_7_18_2_comp20+3_A_7_18_2_comp21,R_3_A_7_18_2,TCDB,TCDB.3_A_7_18_2_comp18
G_3_A_7_18_2_comp19,P_3_A_7_18_2_comp1+3_A_7_18_2_comp2+3_A_7_18_2_comp3+3_A_7_18_2_comp4+3_A_7_18_2_comp5+3_A_7_18_2_comp6+3_A_7_18_2_comp7+3_A_7_18_2_comp8+3_A_7_18_2_comp9+3_A_7_18_2_comp10+3_A_7_18_2_comp11+3_A_7_18_2_comp12+3_A_7_18_2_comp13+3_A_7_18_2_comp14+3_A_7_18_2_comp15+3_A_7_18_2_comp16+3_A_7_18_2_comp17+3_A_7_18_2_comp18+3_A_7_18_2_comp19+3_A_7_18_2_comp20+3_A_7_18_2_comp21,R_3_A_7_18_2,TCDB,TCDB.3_A_7_18_2_comp19
G_3_A_7_18_2_comp20,P_3_A_7_18_2_comp1+3_A_7_18_2_comp2+3_A_7_18_2_comp3+3_A_7_18_2_comp4+3_A_7_18_2_comp5+3_A_7_18_2_comp6+3_A_7_18_2_comp7+3_A_7_18_2_comp8+3_A_7_18_2_comp9+3_A_7_18_2_comp10+3_A_7_18_2_comp11+3_A_7_18_2_comp12+3_A_7_18_2_comp13+3_A_7_18_2_comp14+3_A_7_18_2_comp15+3_A_7_18_2_comp16+3_A_7_18_2_comp17+3_A_7_18_2_comp18+3_A_7_18_2_comp19+3_A_7_18_2_comp20+3_A_7_18_2_comp21,R_3_A_7_18_2,TCDB,TCDB.3_A_7_18_2_comp20
G_3_A_7_18_2_comp21,P_3_A_7_18_2_comp1+3_A_7_18_2_comp2+3_A_7_18_2_comp3+3_A_7_18_2_comp4+3_A_7_18_2_comp5+3_A_7_18_2_comp6+3_A_7_18_2_comp7+3_A_7_18_2_comp8+3_A_7_18_2_comp9+3_A_7_18_2_comp10+3_A_7_18_2_comp11+3_A_7_18_2_comp12+3_A_7_18_2_comp13+3_A_7_18_2_comp14+3_A_7_18_2_comp15+3_A_7_18_2_comp16+3_A_7_18_2_comp17+3_A_7_18_2_comp18+3_A_7_18_2_comp19+3_A_7_18_2_comp20+3_A_7_18_2_comp21,R_3_A_7_18_2,TCDB,TCDB.3_A_7_18_2_comp21
G_3_A_1_103_4_comp1,P_3_A_1_103_4_comp1+3_A_1_103_4_comp2,R_3_A_1_103_4,TCDB,TCDB.3_A_1_103_4_comp1
G_3_A_1_103_4_comp2,P_3_A_1_103_4_comp1+3_A_1_103_4_comp2,R_3_A_1_103_4,TCDB,TCDB.3_A_1_103_4_comp2
G_1_B_14_1_19_comp1,P_1_B_14_1_19_comp1,R_1_B_14_1_19,TCDB,TCDB.1_B_14_1_19_comp1
G_1_B_14_1_23_comp1,P_1_B_14_1_23_comp1,R_1_B_14_1_23,TCDB,TCDB.1_B_14_1_23_comp1
G_9_B_153_3_1_comp1,P_9_B_153_3_1_comp1,R_9_B_153_3_1,TCDB,TCDB.9_B_153_3_1_comp1
G_1_B_17_2_6_comp1,P_1_B_17_2_6_comp1,R_1_B_17_2_6,TCDB,TCDB.1_B_17_2_6_comp1
G_1_B_17_2_9_comp1,P_1_B_17_2_9_comp1,R_1_B_17_2_9,TCDB,TCDB.1_B_17_2_9_comp1
G_3_A_1_145_1_comp1,P_3_A_1_145_1_comp1,R_3_A_1_145_1,TCDB,TCDB.3_A_1_145_1_comp1
G_1_B_17_2_7_comp1,P_1_B_17_2_7_comp1,R_1_B_17_2_7,TCDB,TCDB.1_B_17_2_7_comp1
G_1_B_11_6_2_comp1,P_1_B_11_6_2_comp1,R_1_B_11_6_2,TCDB,TCDB.1_B_11_6_2_comp1
G_2_A_37_3_1_comp1,P_2_A_37_3_1_comp1,R_2_A_37_3_1,TCDB,TCDB.2_A_37_3_1_comp1
G_1_B_56_3_2_comp1,P_1_B_56_3_2_comp1,R_1_B_56_3_2,TCDB,TCDB.1_B_56_3_2_comp1
G_2_A_6_7_4_comp1,P_2_A_6_7_4_comp1,R_2_A_6_7_4,TCDB,TCDB.2_A_6_7_4_comp1
G_2_A_6_1_10_comp1,P_2_A_6_1_10_comp1+2_A_6_1_10_comp2,R_2_A_6_1_10,TCDB,TCDB.2_A_6_1_10_comp1
G_2_A_6_1_10_comp2,P_2_A_6_1_10_comp1+2_A_6_1_10_comp2,R_2_A_6_1_10,TCDB,TCDB.2_A_6_1_10_comp2
G_2_A_6_1_9_comp1,P_2_A_6_1_9_comp1+2_A_6_1_9_comp2+2_A_6_1_9_comp3,R_2_A_6_1_9,TCDB,TCDB.2_A_6_1_9_comp1
G_2_A_6_1_9_comp2,P_2_A_6_1_9_comp1+2_A_6_1_9_comp2+2_A_6_1_9_comp3,R_2_A_6_1_9,TCDB,TCDB.2_A_6_1_9_comp2
G_2_A_6_1_9_comp3,P_2_A_6_1_9_comp1+2_A_6_1_9_comp2+2_A_6_1_9_comp3,R_2_A_6_1_9,TCDB,TCDB.2_A_6_1_9_comp3
G_1_B_17_2_4_comp1,P_1_B_17_2_4_comp1,R_1_B_17_2_4,TCDB,TCDB.1_B_17_2_4_comp1
G_2_A_7_3_40_comp1,P_2_A_7_3_40_comp1,R_2_A_7_3_40,TCDB,TCDB.2_A_7_3_40_comp1
G_2_A_66_12_1_comp1,P_2_A_66_12_1_comp1,R_2_A_66_12_1,TCDB,TCDB.2_A_66_12_1_comp1
G_1_B_42_1_3_comp1,P_1_B_42_1_3_comp1,R_1_B_42_1_3,TCDB,TCDB.1_B_42_1_3_comp1
G_2_A_1_2_116_comp1,P_2_A_1_2_116_comp1,R_2_A_1_2_116,TCDB,TCDB.2_A_1_2_116_comp1
G_2_A_67_5_1_comp1,P_2_A_67_5_1_comp1,R_2_A_67_5_1,TCDB,TCDB.2_A_67_5_1_comp1
G_2_A_1_86_1_comp1,P_2_A_1_86_1_comp1,R_2_A_1_86_1,TCDB,TCDB.2_A_1_86_1_comp1
G_2_A_79_1_2_comp1,P_2_A_79_1_2_comp1,R_2_A_79_1_2,TCDB,TCDB.2_A_79_1_2_comp1
G_2_A_86_2_2_comp1,P_2_A_86_2_2_comp1,R_2_A_86_2_2,TCDB,TCDB.2_A_86_2_2_comp1
G_2_A_7_31_1_comp1,P_2_A_7_31_1_comp1,R_2_A_7_31_1,TCDB,TCDB.2_A_7_31_1_comp1
G_1_B_14_10_2_comp1,P_1_B_14_10_2_comp1,R_1_B_14_10_2,TCDB,TCDB.1_B_14_10_2_comp1
G_3_A_1_106_10_comp1,P_3_A_1_106_10_comp1,R_3_A_1_106_10,TCDB,TCDB.3_A_1_106_10_comp1
G_2_A_6_1_8_comp1,P_2_A_6_1_8_comp1+2_A_6_1_8_comp2+2_A_6_1_8_comp3,R_2_A_6_1_8,TCDB,TCDB.2_A_6_1_8_comp1
G_2_A_6_1_8_comp2,P_2_A_6_1_8_comp1+2_A_6_1_8_comp2+2_A_6_1_8_comp3,R_2_A_6_1_8,TCDB,TCDB.2_A_6_1_8_comp2
G_2_A_6_1_8_comp3,P_2_A_6_1_8_comp1+2_A_6_1_8_comp2+2_A_6_1_8_comp3,R_2_A_6_1_8,TCDB,TCDB.2_A_6_1_8_comp3
G_2_A_6_1_7_comp1,P_2_A_6_1_7_comp1+2_A_6_1_7_comp2+2_A_6_1_7_comp3,R_2_A_6_1_7,TCDB,TCDB.2_A_6_1_7_comp1
G_2_A_6_1_7_comp2,P_2_A_6_1_7_comp1+2_A_6_1_7_comp2+2_A_6_1_7_comp3,R_2_A_6_1_7,TCDB,TCDB.2_A_6_1_7_comp2
G_2_A_6_1_7_comp3,P_2_A_6_1_7_comp1+2_A_6_1_7_comp2+2_A_6_1_7_comp3,R_2_A_6_1_7,TCDB,TCDB.2_A_6_1_7_comp3
G_1_B_6_5_4_comp1,P_1_B_6_5_4_comp1,R_1_B_6_5_4,TCDB,TCDB.1_B_6_5_4_comp1
G_2_A_3_3_18_comp1,P_2_A_3_3_18_comp1,R_2_A_3_3_18,TCDB,TCDB.2_A_3_3_18_comp1
G_1_A_30_2_6_comp1,P_1_A_30_2_6_comp1+1_A_30_2_6_comp2,R_1_A_30_2_6,TCDB,TCDB.1_A_30_2_6_comp1
G_1_A_30_2_6_comp2,P_1_A_30_2_6_comp1+1_A_30_2_6_comp2,R_1_A_30_2_6,TCDB,TCDB.1_A_30_2_6_comp2
G_2_A_69_4_4_comp1,P_2_A_69_4_4_comp1,R_2_A_69_4_4,TCDB,TCDB.2_A_69_4_4_comp1
G_1_B_16_1_3_comp1,P_1_B_16_1_3_comp1,R_1_B_16_1_3,TCDB,TCDB.1_B_16_1_3_comp1
G_2_A_6_3_4_comp1,P_2_A_6_3_4_comp1,R_2_A_6_3_4,TCDB,TCDB.2_A_6_3_4_comp1
G_1_B_14_1_18_comp1,P_1_B_14_1_18_comp1,R_1_B_14_1_18,TCDB,TCDB.1_B_14_1_18_comp1
G_1_A_30_2_3_comp1,P_1_A_30_2_3_comp1+1_A_30_2_3_comp2,R_1_A_30_2_3,TCDB,TCDB.1_A_30_2_3_comp1
G_1_A_30_2_3_comp2,P_1_A_30_2_3_comp1+1_A_30_2_3_comp2,R_1_A_30_2_3,TCDB,TCDB.1_A_30_2_3_comp2
G_1_B_14_12_3_comp1,P_1_B_14_12_3_comp1,R_1_B_14_12_3,TCDB,TCDB.1_B_14_12_3_comp1
G_1_B_61_1_6_comp1,P_1_B_61_1_6_comp1,R_1_B_61_1_6,TCDB,TCDB.1_B_61_1_6_comp1
G_1_B_66_1_5_comp1,P_1_B_66_1_5_comp1,R_1_B_66_1_5,TCDB,TCDB.1_B_66_1_5_comp1
G_2_A_28_2_3_comp1,P_2_A_28_2_3_comp1,R_2_A_28_2_3,TCDB,TCDB.2_A_28_2_3_comp1
G_2_A_90_1_4_comp1,P_2_A_90_1_4_comp1,R_2_A_90_1_4,TCDB,TCDB.2_A_90_1_4_comp1
G_1_A_14_3_15_comp1,P_1_A_14_3_15_comp1,R_1_A_14_3_15,TCDB,TCDB.1_A_14_3_15_comp1
G_2_A_21_5_6_comp1,P_2_A_21_5_6_comp1,R_2_A_21_5_6,TCDB,TCDB.2_A_21_5_6_comp1
G_2_A_29_7_5_comp1,P_2_A_29_7_5_comp1,R_2_A_29_7_5,TCDB,TCDB.2_A_29_7_5_comp1
G_1_C_45_2_1_comp1,P_1_C_45_2_1_comp1,R_1_C_45_2_1,TCDB,TCDB.1_C_45_2_1_comp1
G_2_A_120_1_4_comp1,P_2_A_120_1_4_comp1,R_2_A_120_1_4,TCDB,TCDB.2_A_120_1_4_comp1
G_1_B_28_1_4_comp1,P_1_B_28_1_4_comp1,R_1_B_28_1_4,TCDB,TCDB.1_B_28_1_4_comp1
G_3_A_19_2_2_comp1,P_3_A_19_2_2_comp1,R_3_A_19_2_2,TCDB,TCDB.3_A_19_2_2_comp1
G_1_A_1_11_17_comp1,P_1_A_1_11_17_comp1,R_1_A_1_11_17,TCDB,TCDB.1_A_1_11_17_comp1
G_2_A_126_1_5_comp1,P_2_A_126_1_5_comp1,R_2_A_126_1_5,TCDB,TCDB.2_A_126_1_5_comp1
G_1_C_59_3_1_comp1,P_1_C_59_3_1_comp1,R_1_C_59_3_1,TCDB,TCDB.1_C_59_3_1_comp1
G_9_B_147_1_8_comp1,P_9_B_147_1_8_comp1,R_9_B_147_1_8,TCDB,TCDB.9_B_147_1_8_comp1
G_9_B_121_6_6_comp1,P_9_B_121_6_6_comp1,R_9_B_121_6_6,TCDB,TCDB.9_B_121_6_6_comp1
G_9_B_2_1_14_comp1,P_9_B_2_1_14_comp1,R_9_B_2_1_14,TCDB,TCDB.9_B_2_1_14_comp1
G_1_A_77_3_36_comp1,P_1_A_77_3_36_comp1,R_1_A_77_3_36,TCDB,TCDB.1_A_77_3_36_comp1
G_9_B_190_1_3_comp1,P_9_B_190_1_3_comp1,R_9_B_190_1_3,TCDB,TCDB.9_B_190_1_3_comp1
G_9_B_170_1_7_comp1,P_9_B_170_1_7_comp1,R_9_B_170_1_7,TCDB,TCDB.9_B_170_1_7_comp1
G_2_A_1_21_23_comp1,P_2_A_1_21_23_comp1,R_2_A_1_21_23,TCDB,TCDB.2_A_1_21_23_comp1
G_1_B_6_8_2_comp1,P_1_B_6_8_2_comp1,R_1_B_6_8_2,TCDB,TCDB.1_B_6_8_2_comp1
G_9_B_34_1_1_comp1,P_9_B_34_1_1_comp1,R_9_B_34_1_1,TCDB,TCDB.9_B_34_1_1_comp1
G_2_A_23_1_9_comp1,P_2_A_23_1_9_comp1,R_2_A_23_1_9,TCDB,TCDB.2_A_23_1_9_comp1
G_2_A_53_3_13_comp1,P_2_A_53_3_13_comp1,R_2_A_53_3_13,TCDB,TCDB.2_A_53_3_13_comp1
G_9_B_107_1_4_comp1,P_9_B_107_1_4_comp1,R_9_B_107_1_4,TCDB,TCDB.9_B_107_1_4_comp1
G_3_A_1_14_10_comp1,P_3_A_1_14_10_comp1+3_A_1_14_10_comp2+3_A_1_14_10_comp3+3_A_1_14_10_comp4,R_3_A_1_14_10,TCDB,TCDB.3_A_1_14_10_comp1
G_3_A_1_14_10_comp2,P_3_A_1_14_10_comp1+3_A_1_14_10_comp2+3_A_1_14_10_comp3+3_A_1_14_10_comp4,R_3_A_1_14_10,TCDB,TCDB.3_A_1_14_10_comp2
G_3_A_1_14_10_comp3,P_3_A_1_14_10_comp1+3_A_1_14_10_comp2+3_A_1_14_10_comp3+3_A_1_14_10_comp4,R_3_A_1_14_10,TCDB,TCDB.3_A_1_14_10_comp3
G_3_A_1_14_10_comp4,P_3_A_1_14_10_comp1+3_A_1_14_10_comp2+3_A_1_14_10_comp3+3_A_1_14_10_comp4,R_3_A_1_14_10,TCDB,TCDB.3_A_1_14_10_comp4
G_1_A_51_1_3_comp1,P_1_A_51_1_3_comp1,R_1_A_51_1_3,TCDB,TCDB.1_A_51_1_3_comp1
G_2_A_66_9_3_comp1,P_2_A_66_9_3_comp1,R_2_A_66_9_3,TCDB,TCDB.2_A_66_9_3_comp1
G_4_A_6_1_21_comp1,P_4_A_6_1_21_comp1+4_A_6_1_21_comp2+4_A_6_1_21_comp3+4_A_6_1_21_comp4,R_4_A_6_1_21,TCDB,TCDB.4_A_6_1_21_comp1
G_4_A_6_1_21_comp2,P_4_A_6_1_21_comp1+4_A_6_1_21_comp2+4_A_6_1_21_comp3+4_A_6_1_21_comp4,R_4_A_6_1_21,TCDB,TCDB.4_A_6_1_21_comp2
G_4_A_6_1_21_comp3,P_4_A_6_1_21_comp1+4_A_6_1_21_comp2+4_A_6_1_21_comp3+4_A_6_1_21_comp4,R_4_A_6_1_21,TCDB,TCDB.4_A_6_1_21_comp3
G_4_A_6_1_21_comp4,P_4_A_6_1_21_comp1+4_A_6_1_21_comp2+4_A_6_1_21_comp3+4_A_6_1_21_comp4,R_4_A_6_1_21,TCDB,TCDB.4_A_6_1_21_comp4
G_3_A_3_9_9_comp1,P_3_A_3_9_9_comp1,R_3_A_3_9_9,TCDB,TCDB.3_A_3_9_9_comp1
G_1_C_97_3_1_comp1,P_1_C_97_3_1_comp1,R_1_C_97_3_1,TCDB,TCDB.1_C_97_3_1_comp1
G_1_Q_1_1_1_comp1,P_1_Q_1_1_1_comp1+1_Q_1_1_1_comp2+1_Q_1_1_1_comp3+1_Q_1_1_1_comp4+1_Q_1_1_1_comp5+1_Q_1_1_1_comp6+1_Q_1_1_1_comp7+1_Q_1_1_1_comp8+1_Q_1_1_1_comp9+1_Q_1_1_1_comp10+1_Q_1_1_1_comp11+1_Q_1_1_1_comp12+1_Q_1_1_1_comp13+1_Q_1_1_1_comp14+1_Q_1_1_1_comp15+1_Q_1_1_1_comp16+1_Q_1_1_1_comp17+1_Q_1_1_1_comp18,R_1_Q_1_1_1,TCDB,TCDB.1_Q_1_1_1_comp1
G_1_Q_1_1_1_comp2,P_1_Q_1_1_1_comp1+1_Q_1_1_1_comp2+1_Q_1_1_1_comp3+1_Q_1_1_1_comp4+1_Q_1_1_1_comp5+1_Q_1_1_1_comp6+1_Q_1_1_1_comp7+1_Q_1_1_1_comp8+1_Q_1_1_1_comp9+1_Q_1_1_1_comp10+1_Q_1_1_1_comp11+1_Q_1_1_1_comp12+1_Q_1_1_1_comp13+1_Q_1_1_1_comp14+1_Q_1_1_1_comp15+1_Q_1_1_1_comp16+1_Q_1_1_1_comp17+1_Q_1_1_1_comp18,R_1_Q_1_1_1,TCDB,TCDB.1_Q_1_1_1_comp2
G_1_Q_1_1_1_comp3,P_1_Q_1_1_1_comp1+1_Q_1_1_1_comp2+1_Q_1_1_1_comp3+1_Q_1_1_1_comp4+1_Q_1_1_1_comp5+1_Q_1_1_1_comp6+1_Q_1_1_1_comp7+1_Q_1_1_1_comp8+1_Q_1_1_1_comp9+1_Q_1_1_1_comp10+1_Q_1_1_1_comp11+1_Q_1_1_1_comp12+1_Q_1_1_1_comp13+1_Q_1_1_1_comp14+1_Q_1_1_1_comp15+1_Q_1_1_1_comp16+1_Q_1_1_1_comp17+1_Q_1_1_1_comp18,R_1_Q_1_1_1,TCDB,TCDB.1_Q_1_1_1_comp3
G_1_Q_1_1_1_comp4,P_1_Q_1_1_1_comp1+1_Q_1_1_1_comp2+1_Q_1_1_1_comp3+1_Q_1_1_1_comp4+1_Q_1_1_1_comp5+1_Q_1_1_1_comp6+1_Q_1_1_1_comp7+1_Q_1_1_1_comp8+1_Q_1_1_1_comp9+1_Q_1_1_1_comp10+1_Q_1_1_1_comp11+1_Q_1_1_1_comp12+1_Q_1_1_1_comp13+1_Q_1_1_1_comp14+1_Q_1_1_1_comp15+1_Q_1_1_1_comp16+1_Q_1_1_1_comp17+1_Q_1_1_1_comp18,R_1_Q_1_1_1,TCDB,TCDB.1_Q_1_1_1_comp4
G_1_Q_1_1_1_comp5,P_1_Q_1_1_1_comp1+1_Q_1_1_1_comp2+1_Q_1_1_1_comp3+1_Q_1_1_1_comp4+1_Q_1_1_1_comp5+1_Q_1_1_1_comp6+1_Q_1_1_1_comp7+1_Q_1_1_1_comp8+1_Q_1_1_1_comp9+1_Q_1_1_1_comp10+1_Q_1_1_1_comp11+1_Q_1_1_1_comp12+1_Q_1_1_1_comp13+1_Q_1_1_1_comp14+1_Q_1_1_1_comp15+1_Q_1_1_1_comp16+1_Q_1_1_1_comp17+1_Q_1_1_1_comp18,R_1_Q_1_1_1,TCDB,TCDB.1_Q_1_1_1_comp5
G_1_Q_1_1_1_comp6,P_1_Q_1_1_1_comp1+1_Q_1_1_1_comp2+1_Q_1_1_1_comp3+1_Q_1_1_1_comp4+1_Q_1_1_1_comp5+1_Q_1_1_1_comp6+1_Q_1_1_1_comp7+1_Q_1_1_1_comp8+1_Q_1_1_1_comp9+1_Q_1_1_1_comp10+1_Q_1_1_1_comp11+1_Q_1_1_1_comp12+1_Q_1_1_1_comp13+1_Q_1_1_1_comp14+1_Q_1_1_1_comp15+1_Q_1_1_1_comp16+1_Q_1_1_1_comp17+1_Q_1_1_1_comp18,R_1_Q_1_1_1,TCDB,TCDB.1_Q_1_1_1_comp6
G_1_Q_1_1_1_comp7,P_1_Q_1_1_1_comp1+1_Q_1_1_1_comp2+1_Q_1_1_1_comp3+1_Q_1_1_1_comp4+1_Q_1_1_1_comp5+1_Q_1_1_1_comp6+1_Q_1_1_1_comp7+1_Q_1_1_1_comp8+1_Q_1_1_1_comp9+1_Q_1_1_1_comp10+1_Q_1_1_1_comp11+1_Q_1_1_1_comp12+1_Q_1_1_1_comp13+1_Q_1_1_1_comp14+1_Q_1_1_1_comp15+1_Q_1_1_1_comp16+1_Q_1_1_1_comp17+1_Q_1_1_1_comp18,R_1_Q_1_1_1,TCDB,TCDB.1_Q_1_1_1_comp7
G_1_Q_1_1_1_comp8,P_1_Q_1_1_1_comp1+1_Q_1_1_1_comp2+1_Q_1_1_1_comp3+1_Q_1_1_1_comp4+1_Q_1_1_1_comp5+1_Q_1_1_1_comp6+1_Q_1_1_1_comp7+1_Q_1_1_1_comp8+1_Q_1_1_1_comp9+1_Q_1_1_1_comp10+1_Q_1_1_1_comp11+1_Q_1_1_1_comp12+1_Q_1_1_1_comp13+1_Q_1_1_1_comp14+1_Q_1_1_1_comp15+1_Q_1_1_1_comp16+1_Q_1_1_1_comp17+1_Q_1_1_1_comp18,R_1_Q_1_1_1,TCDB,TCDB.1_Q_1_1_1_comp8
G_1_Q_1_1_1_comp9,P_1_Q_1_1_1_comp1+1_Q_1_1_1_comp2+1_Q_1_1_1_comp3+1_Q_1_1_1_comp4+1_Q_1_1_1_comp5+1_Q_1_1_1_comp6+1_Q_1_1_1_comp7+1_Q_1_1_1_comp8+1_Q_1_1_1_comp9+1_Q_1_1_1_comp10+1_Q_1_1_1_comp11+1_Q_1_1_1_comp12+1_Q_1_1_1_comp13+1_Q_1_1_1_comp14+1_Q_1_1_1_comp15+1_Q_1_1_1_comp16+1_Q_1_1_1_comp17+1_Q_1_1_1_comp18,R_1_Q_1_1_1,TCDB,TCDB.1_Q_1_1_1_comp9
G_1_Q_1_1_1_comp10,P_1_Q_1_1_1_comp1+1_Q_1_1_1_comp2+1_Q_1_1_1_comp3+1_Q_1_1_1_comp4+1_Q_1_1_1_comp5+1_Q_1_1_1_comp6+1_Q_1_1_1_comp7+1_Q_1_1_1_comp8+1_Q_1_1_1_comp9+1_Q_1_1_1_comp10+1_Q_1_1_1_comp11+1_Q_1_1_1_comp12+1_Q_1_1_1_comp13+1_Q_1_1_1_comp14+1_Q_1_1_1_comp15+1_Q_1_1_1_comp16+1_Q_1_1_1_comp17+1_Q_1_1_1_comp18,R_1_Q_1_1_1,TCDB,TCDB.1_Q_1_1_1_comp10
G_1_Q_1_1_1_comp11,P_1_Q_1_1_1_comp1+1_Q_1_1_1_comp2+1_Q_1_1_1_comp3+1_Q_1_1_1_comp4+1_Q_1_1_1_comp5+1_Q_1_1_1_comp6+1_Q_1_1_1_comp7+1_Q_1_1_1_comp8+1_Q_1_1_1_comp9+1_Q_1_1_1_comp10+1_Q_1_1_1_comp11+1_Q_1_1_1_comp12+1_Q_1_1_1_comp13+1_Q_1_1_1_comp14+1_Q_1_1_1_comp15+1_Q_1_1_1_comp16+1_Q_1_1_1_comp17+1_Q_1_1_1_comp18,R_1_Q_1_1_1,TCDB,TCDB.1_Q_1_1_1_comp11
G_1_Q_1_1_1_comp12,P_1_Q_1_1_1_comp1+1_Q_1_1_1_comp2+1_Q_1_1_1_comp3+1_Q_1_1_1_comp4+1_Q_1_1_1_comp5+1_Q_1_1_1_comp6+1_Q_1_1_1_comp7+1_Q_1_1_1_comp8+1_Q_1_1_1_comp9+1_Q_1_1_1_comp10+1_Q_1_1_1_comp11+1_Q_1_1_1_comp12+1_Q_1_1_1_comp13+1_Q_1_1_1_comp14+1_Q_1_1_1_comp15+1_Q_1_1_1_comp16+1_Q_1_1_1_comp17+1_Q_1_1_1_comp18,R_1_Q_1_1_1,TCDB,TCDB.1_Q_1_1_1_comp12
G_1_Q_1_1_1_comp13,P_1_Q_1_1_1_comp1+1_Q_1_1_1_comp2+1_Q_1_1_1_comp3+1_Q_1_1_1_comp4+1_Q_1_1_1_comp5+1_Q_1_1_1_comp6+1_Q_1_1_1_comp7+1_Q_1_1_1_comp8+1_Q_1_1_1_comp9+1_Q_1_1_1_comp10+1_Q_1_1_1_comp11+1_Q_1_1_1_comp12+1_Q_1_1_1_comp13+1_Q_1_1_1_comp14+1_Q_1_1_1_comp15+1_Q_1_1_1_comp16+1_Q_1_1_1_comp17+1_Q_1_1_1_comp18,R_1_Q_1_1_1,TCDB,TCDB.1_Q_1_1_1_comp13
G_1_Q_1_1_1_comp14,P_1_Q_1_1_1_comp1+1_Q_1_1_1_comp2+1_Q_1_1_1_comp3+1_Q_1_1_1_comp4+1_Q_1_1_1_comp5+1_Q_1_1_1_comp6+1_Q_1_1_1_comp7+1_Q_1_1_1_comp8+1_Q_1_1_1_comp9+1_Q_1_1_1_comp10+1_Q_1_1_1_comp11+1_Q_1_1_1_comp12+1_Q_1_1_1_comp13+1_Q_1_1_1_comp14+1_Q_1_1_1_comp15+1_Q_1_1_1_comp16+1_Q_1_1_1_comp17+1_Q_1_1_1_comp18,R_1_Q_1_1_1,TCDB,TCDB.1_Q_1_1_1_comp14
G_1_Q_1_1_1_comp15,P_1_Q_1_1_1_comp1+1_Q_1_1_1_comp2+1_Q_1_1_1_comp3+1_Q_1_1_1_comp4+1_Q_1_1_1_comp5+1_Q_1_1_1_comp6+1_Q_1_1_1_comp7+1_Q_1_1_1_comp8+1_Q_1_1_1_comp9+1_Q_1_1_1_comp10+1_Q_1_1_1_comp11+1_Q_1_1_1_comp12+1_Q_1_1_1_comp13+1_Q_1_1_1_comp14+1_Q_1_1_1_comp15+1_Q_1_1_1_comp16+1_Q_1_1_1_comp17+1_Q_1_1_1_comp18,R_1_Q_1_1_1,TCDB,TCDB.1_Q_1_1_1_comp15
G_1_Q_1_1_1_comp16,P_1_Q_1_1_1_comp1+1_Q_1_1_1_comp2+1_Q_1_1_1_comp3+1_Q_1_1_1_comp4+1_Q_1_1_1_comp5+1_Q_1_1_1_comp6+1_Q_1_1_1_comp7+1_Q_1_1_1_comp8+1_Q_1_1_1_comp9+1_Q_1_1_1_comp10+1_Q_1_1_1_comp11+1_Q_1_1_1_comp12+1_Q_1_1_1_comp13+1_Q_1_1_1_comp14+1_Q_1_1_1_comp15+1_Q_1_1_1_comp16+1_Q_1_1_1_comp17+1_Q_1_1_1_comp18,R_1_Q_1_1_1,TCDB,TCDB.1_Q_1_1_1_comp16
G_1_Q_1_1_1_comp17,P_1_Q_1_1_1_comp1+1_Q_1_1_1_comp2+1_Q_1_1_1_comp3+1_Q_1_1_1_comp4+1_Q_1_1_1_comp5+1_Q_1_1_1_comp6+1_Q_1_1_1_comp7+1_Q_1_1_1_comp8+1_Q_1_1_1_comp9+1_Q_1_1_1_comp10+1_Q_1_1_1_comp11+1_Q_1_1_1_comp12+1_Q_1_1_1_comp13+1_Q_1_1_1_comp14+1_Q_1_1_1_comp15+1_Q_1_1_1_comp16+1_Q_1_1_1_comp17+1_Q_1_1_1_comp18,R_1_Q_1_1_1,TCDB,TCDB.1_Q_1_1_1_comp17
G_1_Q_1_1_1_comp18,P_1_Q_1_1_1_comp1+1_Q_1_1_1_comp2+1_Q_1_1_1_comp3+1_Q_1_1_1_comp4+1_Q_1_1_1_comp5+1_Q_1_1_1_comp6+1_Q_1_1_1_comp7+1_Q_1_1_1_comp8+1_Q_1_1_1_comp9+1_Q_1_1_1_comp10+1_Q_1_1_1_comp11+1_Q_1_1_1_comp12+1_Q_1_1_1_comp13+1_Q_1_1_1_comp14+1_Q_1_1_1_comp15+1_Q_1_1_1_comp16+1_Q_1_1_1_comp17+1_Q_1_1_1_comp18,R_1_Q_1_1_1,TCDB,TCDB.1_Q_1_1_1_comp18
G_8_A_125_1_4_comp1,P_8_A_125_1_4_comp1,R_8_A_125_1_4,TCDB,TCDB.8_A_125_1_4_comp1
G_2_A_113_1_10_comp1,P_2_A_113_1_10_comp1,R_2_A_113_1_10,TCDB,TCDB.2_A_113_1_10_comp1
G_2_A_66_2_12_comp1,P_2_A_66_2_12_comp1,R_2_A_66_2_12,TCDB,TCDB.2_A_66_2_12_comp1
G_3_A_3_6_27_comp1,P_3_A_3_6_27_comp1,R_3_A_3_6_27,TCDB,TCDB.3_A_3_6_27_comp1
G_2_A_6_1_6_comp1,P_2_A_6_1_6_comp1+2_A_6_1_6_comp2+2_A_6_1_6_comp3,R_2_A_6_1_6,TCDB,TCDB.2_A_6_1_6_comp1
G_2_A_6_1_6_comp2,P_2_A_6_1_6_comp1+2_A_6_1_6_comp2+2_A_6_1_6_comp3,R_2_A_6_1_6,TCDB,TCDB.2_A_6_1_6_comp2
G_2_A_6_1_6_comp3,P_2_A_6_1_6_comp1+2_A_6_1_6_comp2+2_A_6_1_6_comp3,R_2_A_6_1_6,TCDB,TCDB.2_A_6_1_6_comp3
G_2_A_6_1_17_comp1,P_2_A_6_1_17_comp1,R_2_A_6_1_17,TCDB,TCDB.2_A_6_1_17_comp1
G_9_B_154_1_4_comp1,P_9_B_154_1_4_comp1,R_9_B_154_1_4,TCDB,TCDB.9_B_154_1_4_comp1
G_2_A_4_7_9_comp1,P_2_A_4_7_9_comp1,R_2_A_4_7_9,TCDB,TCDB.2_A_4_7_9_comp1
G_9_B_27_2_4_comp1,P_9_B_27_2_4_comp1,R_9_B_27_2_4,TCDB,TCDB.9_B_27_2_4_comp1
G_2_A_5_4_17_comp1,P_2_A_5_4_17_comp1,R_2_A_5_4_17,TCDB,TCDB.2_A_5_4_17_comp1
G_9_B_125_1_2_comp1,P_9_B_125_1_2_comp1,R_9_B_125_1_2,TCDB,TCDB.9_B_125_1_2_comp1
G_9_B_142_2_10_comp1,P_9_B_142_2_10_comp1,R_9_B_142_2_10,TCDB,TCDB.9_B_142_2_10_comp1
G_3_A_1_210_9_comp1,P_3_A_1_210_9_comp1,R_3_A_1_210_9,TCDB,TCDB.3_A_1_210_9_comp1
G_2_A_1_70_8_comp1,P_2_A_1_70_8_comp1,R_2_A_1_70_8,TCDB,TCDB.2_A_1_70_8_comp1
G_2_A_4_3_9_comp1,P_2_A_4_3_9_comp1,R_2_A_4_3_9,TCDB,TCDB.2_A_4_3_9_comp1
G_3_A_1_202_2_comp1,P_3_A_1_202_2_comp1,R_3_A_1_202_2,TCDB,TCDB.3_A_1_202_2_comp1
G_4_A_2_1_7_comp1,P_4_A_2_1_7_comp1,R_4_A_2_1_7,TCDB,TCDB.4_A_2_1_7_comp1
G_4_A_2_1_8_comp1,P_4_A_2_1_8_comp1+4_A_2_1_8_comp2,R_4_A_2_1_8,TCDB,TCDB.4_A_2_1_8_comp1
G_4_A_2_1_8_comp2,P_4_A_2_1_8_comp1+4_A_2_1_8_comp2,R_4_A_2_1_8,TCDB,TCDB.4_A_2_1_8_comp2
G_3_A_1_2_16_comp1,P_3_A_1_2_16_comp1+3_A_1_2_16_comp2+3_A_1_2_16_comp3,R_3_A_1_2_16,TCDB,TCDB.3_A_1_2_16_comp1
G_3_A_1_2_16_comp2,P_3_A_1_2_16_comp1+3_A_1_2_16_comp2+3_A_1_2_16_comp3,R_3_A_1_2_16,TCDB,TCDB.3_A_1_2_16_comp2
G_3_A_1_2_16_comp3,P_3_A_1_2_16_comp1+3_A_1_2_16_comp2+3_A_1_2_16_comp3,R_3_A_1_2_16,TCDB,TCDB.3_A_1_2_16_comp3
G_3_A_3_7_2_comp1,P_3_A_3_7_2_comp1+3_A_3_7_2_comp2+3_A_3_7_2_comp3,R_3_A_3_7_2,TCDB,TCDB.3_A_3_7_2_comp1
G_3_A_3_7_2_comp2,P_3_A_3_7_2_comp1+3_A_3_7_2_comp2+3_A_3_7_2_comp3,R_3_A_3_7_2,TCDB,TCDB.3_A_3_7_2_comp2
G_3_A_3_7_2_comp3,P_3_A_3_7_2_comp1+3_A_3_7_2_comp2+3_A_3_7_2_comp3,R_3_A_3_7_2,TCDB,TCDB.3_A_3_7_2_comp3
G_3_A_1_11_6_comp1,P_3_A_1_11_6_comp1+3_A_1_11_6_comp2+3_A_1_11_6_comp3+3_A_1_11_6_comp4,R_3_A_1_11_6,TCDB,TCDB.3_A_1_11_6_comp1
G_3_A_1_11_6_comp2,P_3_A_1_11_6_comp1+3_A_1_11_6_comp2+3_A_1_11_6_comp3+3_A_1_11_6_comp4,R_3_A_1_11_6,TCDB,TCDB.3_A_1_11_6_comp2
G_3_A_1_11_6_comp3,P_3_A_1_11_6_comp1+3_A_1_11_6_comp2+3_A_1_11_6_comp3+3_A_1_11_6_comp4,R_3_A_1_11_6,TCDB,TCDB.3_A_1_11_6_comp3
G_3_A_1_11_6_comp4,P_3_A_1_11_6_comp1+3_A_1_11_6_comp2+3_A_1_11_6_comp3+3_A_1_11_6_comp4,R_3_A_1_11_6,TCDB,TCDB.3_A_1_11_6_comp4
G_2_A_99_1_2_comp1,P_2_A_99_1_2_comp1,R_2_A_99_1_2,TCDB,TCDB.2_A_99_1_2_comp1
G_2_A_7_3_54_comp1,P_2_A_7_3_54_comp1,R_2_A_7_3_54,TCDB,TCDB.2_A_7_3_54_comp1
G_2_A_89_2_1_comp1,P_2_A_89_2_1_comp1,R_2_A_89_2_1,TCDB,TCDB.2_A_89_2_1_comp1
G_9_B_160_1_15_comp1,P_9_B_160_1_15_comp1,R_9_B_160_1_15,TCDB,TCDB.9_B_160_1_15_comp1
G_2_A_17_2_4_comp1,P_2_A_17_2_4_comp1,R_2_A_17_2_4,TCDB,TCDB.2_A_17_2_4_comp1
G_1_E_64_1_1_comp1,P_1_E_64_1_1_comp1,R_1_E_64_1_1,TCDB,TCDB.1_E_64_1_1_comp1
G_2_A_108_1_7_comp1,P_2_A_108_1_7_comp1+2_A_108_1_7_comp2,R_2_A_108_1_7,TCDB,TCDB.2_A_108_1_7_comp1
G_2_A_108_1_7_comp2,P_2_A_108_1_7_comp1+2_A_108_1_7_comp2,R_2_A_108_1_7,TCDB,TCDB.2_A_108_1_7_comp2
G_1_G_12_2_4_comp1,P_1_G_12_2_4_comp1,R_1_G_12_2_4,TCDB,TCDB.1_G_12_2_4_comp1
G_8_A_40_6_2_comp1,P_8_A_40_6_2_comp1,R_8_A_40_6_2,TCDB,TCDB.8_A_40_6_2_comp1
G_1_A_77_1_2_comp1,P_1_A_77_1_2_comp1,R_1_A_77_1_2,TCDB,TCDB.1_A_77_1_2_comp1
G_1_B_66_1_6_comp1,P_1_B_66_1_6_comp1,R_1_B_66_1_6,TCDB,TCDB.1_B_66_1_6_comp1
G_1_B_23_1_19_comp1,P_1_B_23_1_19_comp1,R_1_B_23_1_19,TCDB,TCDB.1_B_23_1_19_comp1
G_1_B_10_2_4_comp1,P_1_B_10_2_4_comp1,R_1_B_10_2_4,TCDB,TCDB.1_B_10_2_4_comp1
G_1_B_6_2_14_comp1,P_1_B_6_2_14_comp1,R_1_B_6_2_14,TCDB,TCDB.1_B_6_2_14_comp1
G_1_B_3_1_8_comp1,P_1_B_3_1_8_comp1,R_1_B_3_1_8,TCDB,TCDB.1_B_3_1_8_comp1
G_1_B_14_7_1_comp1,P_1_B_14_7_1_comp1,R_1_B_14_7_1,TCDB,TCDB.1_B_14_7_1_comp1
G_2_C_1_1_3_comp1,P_2_C_1_1_3_comp1,R_2_C_1_1_3,TCDB,TCDB.2_C_1_1_3_comp1
G_4_A_2_1_9_comp1,P_4_A_2_1_9_comp1+4_A_2_1_9_comp2+4_A_2_1_9_comp3,R_4_A_2_1_9,TCDB,TCDB.4_A_2_1_9_comp1
G_4_A_2_1_9_comp2,P_4_A_2_1_9_comp1+4_A_2_1_9_comp2+4_A_2_1_9_comp3,R_4_A_2_1_9,TCDB,TCDB.4_A_2_1_9_comp2
G_4_A_2_1_9_comp3,P_4_A_2_1_9_comp1+4_A_2_1_9_comp2+4_A_2_1_9_comp3,R_4_A_2_1_9,TCDB,TCDB.4_A_2_1_9_comp3
G_1_C_120_1_1_comp1,P_1_C_120_1_1_comp1,R_1_C_120_1_1,TCDB,TCDB.1_C_120_1_1_comp1
G_1_B_22_4_2_comp1,P_1_B_22_4_2_comp1,R_1_B_22_4_2,TCDB,TCDB.1_B_22_4_2_comp1
G_8_B_24_2_6_comp1,P_8_B_24_2_6_comp1,R_8_B_24_2_6,TCDB,TCDB.8_B_24_2_6_comp1
G_2_A_123_2_7_comp1,P_2_A_123_2_7_comp1,R_2_A_123_2_7,TCDB,TCDB.2_A_123_2_7_comp1
G_2_A_87_1_1_comp1,P_2_A_87_1_1_comp1,R_2_A_87_1_1,TCDB,TCDB.2_A_87_1_1_comp1
G_1_C_39_11_1_comp1,P_1_C_39_11_1_comp1,R_1_C_39_11_1,TCDB,TCDB.1_C_39_11_1_comp1
G_1_C_3_3_2_comp1,P_1_C_3_3_2_comp1,R_1_C_3_3_2,TCDB,TCDB.1_C_3_3_2_comp1
G_1_G_1_1_1_comp1,P_1_G_1_1_1_comp1,R_1_G_1_1_1,TCDB,TCDB.1_G_1_1_1_comp1
G_9_A_37_1_1_comp1,P_9_A_37_1_1_comp1,R_9_A_37_1_1,TCDB,TCDB.9_A_37_1_1_comp1
G_1_A_6_1_5_comp1,P_1_A_6_1_5_comp1,R_1_A_6_1_5,TCDB,TCDB.1_A_6_1_5_comp1
G_1_A_6_1_10_comp1,P_1_A_6_1_10_comp1,R_1_A_6_1_10,TCDB,TCDB.1_A_6_1_10_comp1
G_2_A_1_1_79_comp1,P_2_A_1_1_79_comp1,R_2_A_1_1_79,TCDB,TCDB.2_A_1_1_79_comp1
G_9_B_102_3_4_comp1,P_9_B_102_3_4_comp1,R_9_B_102_3_4,TCDB,TCDB.9_B_102_3_4_comp1
G_1_B_35_4_2_comp1,P_1_B_35_4_2_comp1,R_1_B_35_4_2,TCDB,TCDB.1_B_35_4_2_comp1
G_9_B_44_2_1_comp1,P_9_B_44_2_1_comp1,R_9_B_44_2_1,TCDB,TCDB.9_B_44_2_1_comp1
G_1_B_14_16_6_comp1,P_1_B_14_16_6_comp1,R_1_B_14_16_6,TCDB,TCDB.1_B_14_16_6_comp1
G_8_A_55_3_1_comp1,P_8_A_55_3_1_comp1,R_8_A_55_3_1,TCDB,TCDB.8_A_55_3_1_comp1
G_2_A_110_1_3_comp1,P_2_A_110_1_3_comp1,R_2_A_110_1_3,TCDB,TCDB.2_A_110_1_3_comp1
G_8_A_136_1_15_comp1,P_8_A_136_1_15_comp1,R_8_A_136_1_15,TCDB,TCDB.8_A_136_1_15_comp1
G_3_A_1_211_24_comp1,P_3_A_1_211_24_comp1,R_3_A_1_211_24,TCDB,TCDB.3_A_1_211_24_comp1
G_9_B_12_4_1_comp1,P_9_B_12_4_1_comp1,R_9_B_12_4_1,TCDB,TCDB.9_B_12_4_1_comp1
G_1_A_11_2_10_comp1,P_1_A_11_2_10_comp1,R_1_A_11_2_10,TCDB,TCDB.1_A_11_2_10_comp1
G_8_A_121_1_5_comp1,P_8_A_121_1_5_comp1,R_8_A_121_1_5,TCDB,TCDB.8_A_121_1_5_comp1
G_9_B_224_1_3_comp1,P_9_B_224_1_3_comp1,R_9_B_224_1_3,TCDB,TCDB.9_B_224_1_3_comp1
G_1_A_4_1_6_comp1,P_1_A_4_1_6_comp1,R_1_A_4_1_6,TCDB,TCDB.1_A_4_1_6_comp1
G_8_A_167_1_2_comp1,P_8_A_167_1_2_comp1,R_8_A_167_1_2,TCDB,TCDB.8_A_167_1_2_comp1
G_2_A_17_4_11_comp1,P_2_A_17_4_11_comp1,R_2_A_17_4_11,TCDB,TCDB.2_A_17_4_11_comp1
G_1_A_64_5_3_comp1,P_1_A_64_5_3_comp1,R_1_A_64_5_3,TCDB,TCDB.1_A_64_5_3_comp1
G_2_A_47_1_8_comp1,P_2_A_47_1_8_comp1,R_2_A_47_1_8,TCDB,TCDB.2_A_47_1_8_comp1
G_2_A_23_2_9_comp1,P_2_A_23_2_9_comp1,R_2_A_23_2_9,TCDB,TCDB.2_A_23_2_9_comp1
G_2_A_36_1_7_comp1,P_2_A_36_1_7_comp1,R_2_A_36_1_7,TCDB,TCDB.2_A_36_1_7_comp1
G_2_A_55_2_16_comp1,P_2_A_55_2_16_comp1,R_2_A_55_2_16,TCDB,TCDB.2_A_55_2_16_comp1
G_1_B_42_1_4_comp1,P_1_B_42_1_4_comp1,R_1_B_42_1_4,TCDB,TCDB.1_B_42_1_4_comp1
G_2_A_110_1_2_comp1,P_2_A_110_1_2_comp1,R_2_A_110_1_2,TCDB,TCDB.2_A_110_1_2_comp1
G_1_A_46_1_3_comp1,P_1_A_46_1_3_comp1,R_1_A_46_1_3,TCDB,TCDB.1_A_46_1_3_comp1
G_1_A_6_2_4_comp1,P_1_A_6_2_4_comp1,R_1_A_6_2_4,TCDB,TCDB.1_A_6_2_4_comp1
G_2_A_88_1_5_comp1,P_2_A_88_1_5_comp1,R_2_A_88_1_5,TCDB,TCDB.2_A_88_1_5_comp1
G_1_B_57_1_2_comp1,P_1_B_57_1_2_comp1,R_1_B_57_1_2,TCDB,TCDB.1_B_57_1_2_comp1
G_1_E_54_1_3_comp1,P_1_E_54_1_3_comp1,R_1_E_54_1_3,TCDB,TCDB.1_E_54_1_3_comp1
G_1_B_73_1_4_comp1,P_1_B_73_1_4_comp1,R_1_B_73_1_4,TCDB,TCDB.1_B_73_1_4_comp1
G_1_B_14_1_24_comp1,P_1_B_14_1_24_comp1,R_1_B_14_1_24,TCDB,TCDB.1_B_14_1_24_comp1
G_3_A_1_132_11_comp1,P_3_A_1_132_11_comp1+3_A_1_132_11_comp2+3_A_1_132_11_comp3,R_3_A_1_132_11,TCDB,TCDB.3_A_1_132_11_comp1
G_3_A_1_132_11_comp2,P_3_A_1_132_11_comp1+3_A_1_132_11_comp2+3_A_1_132_11_comp3,R_3_A_1_132_11,TCDB,TCDB.3_A_1_132_11_comp2
G_3_A_1_132_11_comp3,P_3_A_1_132_11_comp1+3_A_1_132_11_comp2+3_A_1_132_11_comp3,R_3_A_1_132_11,TCDB,TCDB.3_A_1_132_11_comp3
G_9_B_153_1_2_comp1,P_9_B_153_1_2_comp1,R_9_B_153_1_2,TCDB,TCDB.9_B_153_1_2_comp1
G_1_B_78_1_3_comp1,P_1_B_78_1_3_comp1,R_1_B_78_1_3,TCDB,TCDB.1_B_78_1_3_comp1
G_1_B_60_1_5_comp1,P_1_B_60_1_5_comp1,R_1_B_60_1_5,TCDB,TCDB.1_B_60_1_5_comp1
G_9_B_131_1_3_comp1,P_9_B_131_1_3_comp1,R_9_B_131_1_3,TCDB,TCDB.9_B_131_1_3_comp1
G_8_A_111_1_2_comp1,P_8_A_111_1_2_comp1,R_8_A_111_1_2,TCDB,TCDB.8_A_111_1_2_comp1
G_2_A_3_8_27_comp1,P_2_A_3_8_27_comp1,R_2_A_3_8_27,TCDB,TCDB.2_A_3_8_27_comp1
G_1_A_9_3_5_comp1,P_1_A_9_3_5_comp1,R_1_A_9_3_5,TCDB,TCDB.1_A_9_3_5_comp1
G_1_A_11_4_10_comp1,P_1_A_11_4_10_comp1,R_1_A_11_4_10,TCDB,TCDB.1_A_11_4_10_comp1
G_1_A_110_1_6_comp1,P_1_A_110_1_6_comp1,R_1_A_110_1_6,TCDB,TCDB.1_A_110_1_6_comp1
G_2_A_66_1_17_comp1,P_2_A_66_1_17_comp1,R_2_A_66_1_17,TCDB,TCDB.2_A_66_1_17_comp1
G_3_A_1_201_19_comp1,P_3_A_1_201_19_comp1,R_3_A_1_201_19,TCDB,TCDB.3_A_1_201_19_comp1
G_1_N_3_1_3_comp1,P_1_N_3_1_3_comp1,R_1_N_3_1_3,TCDB,TCDB.1_N_3_1_3_comp1
G_9_B_232_1_9_comp1,P_9_B_232_1_9_comp1,R_9_B_232_1_9,TCDB,TCDB.9_B_232_1_9_comp1
G_8_A_103_1_15_comp1,P_8_A_103_1_15_comp1,R_8_A_103_1_15,TCDB,TCDB.8_A_103_1_15_comp1
G_8_A_102_2_1_comp1,P_8_A_102_2_1_comp1,R_8_A_102_2_1,TCDB,TCDB.8_A_102_2_1_comp1
G_1_B_8_2_10_comp1,P_1_B_8_2_10_comp1,R_1_B_8_2_10,TCDB,TCDB.1_B_8_2_10_comp1
G_3_A_1_207_2_comp1,P_3_A_1_207_2_comp1,R_3_A_1_207_2,TCDB,TCDB.3_A_1_207_2_comp1
G_9_B_87_1_27_comp1,P_9_B_87_1_27_comp1,R_9_B_87_1_27,TCDB,TCDB.9_B_87_1_27_comp1
G_3_A_3_10_16_comp1,P_3_A_3_10_16_comp1,R_3_A_3_10_16,TCDB,TCDB.3_A_3_10_16_comp1
G_8_A_40_3_1_comp1,P_8_A_40_3_1_comp1,R_8_A_40_3_1,TCDB,TCDB.8_A_40_3_1_comp1
G_9_A_54_3_1_comp1,P_9_A_54_3_1_comp1,R_9_A_54_3_1,TCDB,TCDB.9_A_54_3_1_comp1
G_1_B_8_3_1_comp1,P_1_B_8_3_1_comp1,R_1_B_8_3_1,TCDB,TCDB.1_B_8_3_1_comp1
G_1_A_1_9_8_comp1,P_1_A_1_9_8_comp1,R_1_A_1_9_8,TCDB,TCDB.1_A_1_9_8_comp1
G_1_A_43_2_1_comp1,P_1_A_43_2_1_comp1,R_1_A_43_2_1,TCDB,TCDB.1_A_43_2_1_comp1
G_8_A_98_1_4_comp1,P_8_A_98_1_4_comp1,R_8_A_98_1_4,TCDB,TCDB.8_A_98_1_4_comp1
G_1_C_39_2_7_comp1,P_1_C_39_2_7_comp1,R_1_C_39_2_7,TCDB,TCDB.1_C_39_2_7_comp1
G_1_A_3_2_3_comp1,P_1_A_3_2_3_comp1,R_1_A_3_2_3,TCDB,TCDB.1_A_3_2_3_comp1
G_1_C_39_2_6_comp1,P_1_C_39_2_6_comp1,R_1_C_39_2_6,TCDB,TCDB.1_C_39_2_6_comp1
G_1_A_101_6_1_comp1,P_1_A_101_6_1_comp1,R_1_A_101_6_1,TCDB,TCDB.1_A_101_6_1_comp1
G_1_C_39_7_1_comp1,P_1_C_39_7_1_comp1,R_1_C_39_7_1,TCDB,TCDB.1_C_39_7_1_comp1
G_3_A_3_10_12_comp1,P_3_A_3_10_12_comp1,R_3_A_3_10_12,TCDB,TCDB.3_A_3_10_12_comp1
G_3_A_3_10_11_comp1,P_3_A_3_10_11_comp1,R_3_A_3_10_11,TCDB,TCDB.3_A_3_10_11_comp1
G_8_A_5_1_2_comp1,P_8_A_5_1_2_comp1,R_8_A_5_1_2,TCDB,TCDB.8_A_5_1_2_comp1
G_8_A_40_1_4_comp1,P_8_A_40_1_4_comp1,R_8_A_40_1_4,TCDB,TCDB.8_A_40_1_4_comp1
G_1_A_17_3_11_comp1,P_1_A_17_3_11_comp1,R_1_A_17_3_11,TCDB,TCDB.1_A_17_3_11_comp1
G_8_A_24_1_11_comp1,P_8_A_24_1_11_comp1,R_8_A_24_1_11,TCDB,TCDB.8_A_24_1_11_comp1
G_1_A_1_5_18_comp1,P_1_A_1_5_18_comp1,R_1_A_1_5_18,TCDB,TCDB.1_A_1_5_18_comp1
G_1_A_10_1_25_comp1,P_1_A_10_1_25_comp1,R_1_A_10_1_25,TCDB,TCDB.1_A_10_1_25_comp1
G_1_A_3_1_5_comp1,P_1_A_3_1_5_comp1,R_1_A_3_1_5,TCDB,TCDB.1_A_3_1_5_comp1
G_8_A_25_1_3_comp1,P_8_A_25_1_3_comp1,R_8_A_25_1_3,TCDB,TCDB.8_A_25_1_3_comp1
G_1_C_35_1_2_comp1,P_1_C_35_1_2_comp1,R_1_C_35_1_2,TCDB,TCDB.1_C_35_1_2_comp1
G_1_C_35_1_3_comp1,P_1_C_35_1_3_comp1,R_1_C_35_1_3,TCDB,TCDB.1_C_35_1_3_comp1
G_2_A_18_10_4_comp1,P_2_A_18_10_4_comp1,R_2_A_18_10_4,TCDB,TCDB.2_A_18_10_4_comp1
G_1_C_105_2_4_comp1,P_1_C_105_2_4_comp1,R_1_C_105_2_4,TCDB,TCDB.1_C_105_2_4_comp1
G_8_A_143_1_1_comp1,P_8_A_143_1_1_comp1,R_8_A_143_1_1,TCDB,TCDB.8_A_143_1_1_comp1
G_2_A_7_13_8_comp1,P_2_A_7_13_8_comp1,R_2_A_7_13_8,TCDB,TCDB.2_A_7_13_8_comp1
G_1_E_29_1_2_comp1,P_1_E_29_1_2_comp1,R_1_E_29_1_2,TCDB,TCDB.1_E_29_1_2_comp1
G_2_A_6_2_29_comp1,P_2_A_6_2_29_comp1+2_A_6_2_29_comp2+2_A_6_2_29_comp3,R_2_A_6_2_29,TCDB,TCDB.2_A_6_2_29_comp1
G_2_A_6_2_29_comp2,P_2_A_6_2_29_comp1+2_A_6_2_29_comp2+2_A_6_2_29_comp3,R_2_A_6_2_29,TCDB,TCDB.2_A_6_2_29_comp2
G_2_A_6_2_29_comp3,P_2_A_6_2_29_comp1+2_A_6_2_29_comp2+2_A_6_2_29_comp3,R_2_A_6_2_29,TCDB,TCDB.2_A_6_2_29_comp3
G_1_A_6_3_1_comp1,P_1_A_6_3_1_comp1,R_1_A_6_3_1,TCDB,TCDB.1_A_6_3_1_comp1
G_2_A_71_1_1_comp1,P_2_A_71_1_1_comp1,R_2_A_71_1_1,TCDB,TCDB.2_A_71_1_1_comp1
G_2_A_30_1_9_comp1,P_2_A_30_1_9_comp1,R_2_A_30_1_9,TCDB,TCDB.2_A_30_1_9_comp1
G_9_B_159_9_4_comp1,P_9_B_159_9_4_comp1,R_9_B_159_9_4,TCDB,TCDB.9_B_159_9_4_comp1
G_9_B_159_9_1_comp1,P_9_B_159_9_1_comp1,R_9_B_159_9_1,TCDB,TCDB.9_B_159_9_1_comp1
G_3_A_1_210_5_comp1,P_3_A_1_210_5_comp1,R_3_A_1_210_5,TCDB,TCDB.3_A_1_210_5_comp1
G_1_B_23_1_24_comp1,P_1_B_23_1_24_comp1,R_1_B_23_1_24,TCDB,TCDB.1_B_23_1_24_comp1
G_1_A_1_2_22_comp1,P_1_A_1_2_22_comp1,R_1_A_1_2_22,TCDB,TCDB.1_A_1_2_22_comp1
G_2_A_1_1_52_comp1,P_2_A_1_1_52_comp1,R_2_A_1_1_52,TCDB,TCDB.2_A_1_1_52_comp1
G_2_A_3_8_3_comp1,P_2_A_3_8_3_comp1,R_2_A_3_8_3,TCDB,TCDB.2_A_3_8_3_comp1
G_1_A_5_1_4_comp1,P_1_A_5_1_4_comp1,R_1_A_5_1_4,TCDB,TCDB.1_A_5_1_4_comp1
G_3_A_1_133_2_comp1,P_3_A_1_133_2_comp1,R_3_A_1_133_2,TCDB,TCDB.3_A_1_133_2_comp1
G_9_B_11_1_1_comp1,P_9_B_11_1_1_comp1,R_9_B_11_1_1,TCDB,TCDB.9_B_11_1_1_comp1
G_1_C_47_1_4_comp1,P_1_C_47_1_4_comp1,R_1_C_47_1_4,TCDB,TCDB.1_C_47_1_4_comp1
G_2_A_29_8_2_comp1,P_2_A_29_8_2_comp1,R_2_A_29_8_2,TCDB,TCDB.2_A_29_8_2_comp1
G_3_A_3_2_8_comp1,P_3_A_3_2_8_comp1,R_3_A_3_2_8,TCDB,TCDB.3_A_3_2_8_comp1
G_1_A_4_1_9_comp1,P_1_A_4_1_9_comp1,R_1_A_4_1_9,TCDB,TCDB.1_A_4_1_9_comp1
G_1_C_111_1_8_comp1,P_1_C_111_1_8_comp1,R_1_C_111_1_8,TCDB,TCDB.1_C_111_1_8_comp1
G_1_B_18_2_2_comp1,P_1_B_18_2_2_comp1,R_1_B_18_2_2,TCDB,TCDB.1_B_18_2_2_comp1
G_2_A_19_4_1_comp1,P_2_A_19_4_1_comp1,R_2_A_19_4_1,TCDB,TCDB.2_A_19_4_1_comp1
G_1_A_64_2_1_comp1,P_1_A_64_2_1_comp1,R_1_A_64_2_1,TCDB,TCDB.1_A_64_2_1_comp1
G_9_B_97_1_2_comp1,P_9_B_97_1_2_comp1,R_9_B_97_1_2,TCDB,TCDB.9_B_97_1_2_comp1
G_2_A_29_5_3_comp1,P_2_A_29_5_3_comp1,R_2_A_29_5_3,TCDB,TCDB.2_A_29_5_3_comp1
G_2_A_1_40_3_comp1,P_2_A_1_40_3_comp1,R_2_A_1_40_3,TCDB,TCDB.2_A_1_40_3_comp1
G_1_C_35_3_1_comp1,P_1_C_35_3_1_comp1,R_1_C_35_3_1,TCDB,TCDB.1_C_35_3_1_comp1
G_3_A_3_8_1_comp1,P_3_A_3_8_1_comp1,R_3_A_3_8_1,TCDB,TCDB.3_A_3_8_1_comp1
G_1_C_45_1_6_comp1,P_1_C_45_1_6_comp1,R_1_C_45_1_6,TCDB,TCDB.1_C_45_1_6_comp1
G_1_B_20_3_3_comp1,P_1_B_20_3_3_comp1,R_1_B_20_3_3,TCDB,TCDB.1_B_20_3_3_comp1
G_2_A_21_3_23_comp1,P_2_A_21_3_23_comp1,R_2_A_21_3_23,TCDB,TCDB.2_A_21_3_23_comp1
G_2_A_21_3_22_comp1,P_2_A_21_3_22_comp1,R_2_A_21_3_22,TCDB,TCDB.2_A_21_3_22_comp1
G_2_A_6_2_26_comp1,P_2_A_6_2_26_comp1+2_A_6_2_26_comp2+2_A_6_2_26_comp3,R_2_A_6_2_26,TCDB,TCDB.2_A_6_2_26_comp1
G_2_A_6_2_26_comp2,P_2_A_6_2_26_comp1+2_A_6_2_26_comp2+2_A_6_2_26_comp3,R_2_A_6_2_26,TCDB,TCDB.2_A_6_2_26_comp2
G_2_A_6_2_26_comp3,P_2_A_6_2_26_comp1+2_A_6_2_26_comp2+2_A_6_2_26_comp3,R_2_A_6_2_26,TCDB,TCDB.2_A_6_2_26_comp3
G_2_A_102_2_2_comp1,P_2_A_102_2_2_comp1,R_2_A_102_2_2,TCDB,TCDB.2_A_102_2_2_comp1
G_3_A_1_17_4_comp1,P_3_A_1_17_4_comp1+3_A_1_17_4_comp2+3_A_1_17_4_comp3,R_3_A_1_17_4,TCDB,TCDB.3_A_1_17_4_comp1
G_3_A_1_17_4_comp2,P_3_A_1_17_4_comp1+3_A_1_17_4_comp2+3_A_1_17_4_comp3,R_3_A_1_17_4,TCDB,TCDB.3_A_1_17_4_comp2
G_3_A_1_17_4_comp3,P_3_A_1_17_4_comp1+3_A_1_17_4_comp2+3_A_1_17_4_comp3,R_3_A_1_17_4,TCDB,TCDB.3_A_1_17_4_comp3
G_9_B_108_1_4_comp1,P_9_B_108_1_4_comp1,R_9_B_108_1_4,TCDB,TCDB.9_B_108_1_4_comp1
G_2_A_67_2_4_comp1,P_2_A_67_2_4_comp1,R_2_A_67_2_4,TCDB,TCDB.2_A_67_2_4_comp1
G_1_B_17_3_11_comp1,P_1_B_17_3_11_comp1,R_1_B_17_3_11,TCDB,TCDB.1_B_17_3_11_comp1
G_3_A_1_122_35_comp1,P_3_A_1_122_35_comp1+3_A_1_122_35_comp2,R_3_A_1_122_35,TCDB,TCDB.3_A_1_122_35_comp1
G_3_A_1_122_35_comp2,P_3_A_1_122_35_comp1+3_A_1_122_35_comp2,R_3_A_1_122_35,TCDB,TCDB.3_A_1_122_35_comp2
G_2_A_17_4_5_comp1,P_2_A_17_4_5_comp1,R_2_A_17_4_5,TCDB,TCDB.2_A_17_4_5_comp1
G_9_B_94_3_1_comp1,P_9_B_94_3_1_comp1,R_9_B_94_3_1,TCDB,TCDB.9_B_94_3_1_comp1
G_2_A_6_2_40_comp1,P_2_A_6_2_40_comp1+2_A_6_2_40_comp2+2_A_6_2_40_comp3,R_2_A_6_2_40,TCDB,TCDB.2_A_6_2_40_comp1
G_2_A_6_2_40_comp2,P_2_A_6_2_40_comp1+2_A_6_2_40_comp2+2_A_6_2_40_comp3,R_2_A_6_2_40,TCDB,TCDB.2_A_6_2_40_comp2
G_2_A_6_2_40_comp3,P_2_A_6_2_40_comp1+2_A_6_2_40_comp2+2_A_6_2_40_comp3,R_2_A_6_2_40,TCDB,TCDB.2_A_6_2_40_comp3
G_2_A_6_2_44_comp1,P_2_A_6_2_44_comp1+2_A_6_2_44_comp2+2_A_6_2_44_comp3,R_2_A_6_2_44,TCDB,TCDB.2_A_6_2_44_comp1
G_2_A_6_2_44_comp2,P_2_A_6_2_44_comp1+2_A_6_2_44_comp2+2_A_6_2_44_comp3,R_2_A_6_2_44,TCDB,TCDB.2_A_6_2_44_comp2
G_2_A_6_2_44_comp3,P_2_A_6_2_44_comp1+2_A_6_2_44_comp2+2_A_6_2_44_comp3,R_2_A_6_2_44,TCDB,TCDB.2_A_6_2_44_comp3
G_2_A_7_1_11_comp1,P_2_A_7_1_11_comp1,R_2_A_7_1_11,TCDB,TCDB.2_A_7_1_11_comp1
G_2_A_47_1_11_comp1,P_2_A_47_1_11_comp1,R_2_A_47_1_11,TCDB,TCDB.2_A_47_1_11_comp1
G_3_A_3_1_8_comp1,P_3_A_3_1_8_comp1+3_A_3_1_8_comp2+3_A_3_1_8_comp3,R_3_A_3_1_8,TCDB,TCDB.3_A_3_1_8_comp1
G_3_A_3_1_8_comp2,P_3_A_3_1_8_comp1+3_A_3_1_8_comp2+3_A_3_1_8_comp3,R_3_A_3_1_8,TCDB,TCDB.3_A_3_1_8_comp2
G_3_A_3_1_8_comp3,P_3_A_3_1_8_comp1+3_A_3_1_8_comp2+3_A_3_1_8_comp3,R_3_A_3_1_8,TCDB,TCDB.3_A_3_1_8_comp3
G_2_A_47_1_1_comp1,P_2_A_47_1_1_comp1,R_2_A_47_1_1,TCDB,TCDB.2_A_47_1_1_comp1
G_3_A_1_25_2_comp1,P_3_A_1_25_2_comp1+3_A_1_25_2_comp2+3_A_1_25_2_comp3+3_A_1_25_2_comp4,R_3_A_1_25_2,TCDB,TCDB.3_A_1_25_2_comp1
G_3_A_1_25_2_comp2,P_3_A_1_25_2_comp1+3_A_1_25_2_comp2+3_A_1_25_2_comp3+3_A_1_25_2_comp4,R_3_A_1_25_2,TCDB,TCDB.3_A_1_25_2_comp2
G_3_A_1_25_2_comp3,P_3_A_1_25_2_comp1+3_A_1_25_2_comp2+3_A_1_25_2_comp3+3_A_1_25_2_comp4,R_3_A_1_25_2,TCDB,TCDB.3_A_1_25_2_comp3
G_3_A_1_25_2_comp4,P_3_A_1_25_2_comp1+3_A_1_25_2_comp2+3_A_1_25_2_comp3+3_A_1_25_2_comp4,R_3_A_1_25_2,TCDB,TCDB.3_A_1_25_2_comp4
G_1_A_78_2_7_comp1,P_1_A_78_2_7_comp1,R_1_A_78_2_7,TCDB,TCDB.1_A_78_2_7_comp1
G_9_B_279_1_2_comp1,P_9_B_279_1_2_comp1,R_9_B_279_1_2,TCDB,TCDB.9_B_279_1_2_comp1
G_3_A_1_5_43_comp1,P_3_A_1_5_43_comp1+3_A_1_5_43_comp2+3_A_1_5_43_comp3+3_A_1_5_43_comp4+3_A_1_5_43_comp5,R_3_A_1_5_43,TCDB,TCDB.3_A_1_5_43_comp1
G_3_A_1_5_43_comp2,P_3_A_1_5_43_comp1+3_A_1_5_43_comp2+3_A_1_5_43_comp3+3_A_1_5_43_comp4+3_A_1_5_43_comp5,R_3_A_1_5_43,TCDB,TCDB.3_A_1_5_43_comp2
G_3_A_1_5_43_comp3,P_3_A_1_5_43_comp1+3_A_1_5_43_comp2+3_A_1_5_43_comp3+3_A_1_5_43_comp4+3_A_1_5_43_comp5,R_3_A_1_5_43,TCDB,TCDB.3_A_1_5_43_comp3
G_3_A_1_5_43_comp4,P_3_A_1_5_43_comp1+3_A_1_5_43_comp2+3_A_1_5_43_comp3+3_A_1_5_43_comp4+3_A_1_5_43_comp5,R_3_A_1_5_43,TCDB,TCDB.3_A_1_5_43_comp4
G_3_A_1_5_43_comp5,P_3_A_1_5_43_comp1+3_A_1_5_43_comp2+3_A_1_5_43_comp3+3_A_1_5_43_comp4+3_A_1_5_43_comp5,R_3_A_1_5_43,TCDB,TCDB.3_A_1_5_43_comp5
G_2_A_1_46_10_comp1,P_2_A_1_46_10_comp1,R_2_A_1_46_10,TCDB,TCDB.2_A_1_46_10_comp1
G_2_A_1_2_44_comp1,P_2_A_1_2_44_comp1,R_2_A_1_2_44,TCDB,TCDB.2_A_1_2_44_comp1
G_3_A_1_5_19_comp1,P_3_A_1_5_19_comp1+3_A_1_5_19_comp2+3_A_1_5_19_comp3+3_A_1_5_19_comp4+3_A_1_5_19_comp5,R_3_A_1_5_19,TCDB,TCDB.3_A_1_5_19_comp1
G_3_A_1_5_19_comp2,P_3_A_1_5_19_comp1+3_A_1_5_19_comp2+3_A_1_5_19_comp3+3_A_1_5_19_comp4+3_A_1_5_19_comp5,R_3_A_1_5_19,TCDB,TCDB.3_A_1_5_19_comp2
G_3_A_1_5_19_comp3,P_3_A_1_5_19_comp1+3_A_1_5_19_comp2+3_A_1_5_19_comp3+3_A_1_5_19_comp4+3_A_1_5_19_comp5,R_3_A_1_5_19,TCDB,TCDB.3_A_1_5_19_comp3
G_3_A_1_5_19_comp4,P_3_A_1_5_19_comp1+3_A_1_5_19_comp2+3_A_1_5_19_comp3+3_A_1_5_19_comp4+3_A_1_5_19_comp5,R_3_A_1_5_19,TCDB,TCDB.3_A_1_5_19_comp4
G_3_A_1_5_19_comp5,P_3_A_1_5_19_comp1+3_A_1_5_19_comp2+3_A_1_5_19_comp3+3_A_1_5_19_comp4+3_A_1_5_19_comp5,R_3_A_1_5_19,TCDB,TCDB.3_A_1_5_19_comp5
G_2_A_66_1_13_comp1,P_2_A_66_1_13_comp1,R_2_A_66_1_13,TCDB,TCDB.2_A_66_1_13_comp1
G_2_A_1_2_99_comp1,P_2_A_1_2_99_comp1,R_2_A_1_2_99,TCDB,TCDB.2_A_1_2_99_comp1
G_3_A_1_106_2_comp1,P_3_A_1_106_2_comp1,R_3_A_1_106_2,TCDB,TCDB.3_A_1_106_2_comp1
G_3_A_1_210_11_comp1,P_3_A_1_210_11_comp1,R_3_A_1_210_11,TCDB,TCDB.3_A_1_210_11_comp1
G_1_E_54_5_1_comp1,P_1_E_54_5_1_comp1,R_1_E_54_5_1,TCDB,TCDB.1_E_54_5_1_comp1
G_9_B_191_1_1_comp1,P_9_B_191_1_1_comp1,R_9_B_191_1_1,TCDB,TCDB.9_B_191_1_1_comp1
G_1_C_97_1_4_comp1,P_1_C_97_1_4_comp1,R_1_C_97_1_4,TCDB,TCDB.1_C_97_1_4_comp1
G_9_A_54_1_2_comp1,P_9_A_54_1_2_comp1,R_9_A_54_1_2,TCDB,TCDB.9_A_54_1_2_comp1
G_2_A_126_1_9_comp1,P_2_A_126_1_9_comp1,R_2_A_126_1_9,TCDB,TCDB.2_A_126_1_9_comp1
G_8_A_43_1_14_comp1,P_8_A_43_1_14_comp1,R_8_A_43_1_14,TCDB,TCDB.8_A_43_1_14_comp1
G_8_B_36_1_1_comp1,P_8_B_36_1_1_comp1,R_8_B_36_1_1,TCDB,TCDB.8_B_36_1_1_comp1
G_8_B_22_1_4_comp1,P_8_B_22_1_4_comp1,R_8_B_22_1_4,TCDB,TCDB.8_B_22_1_4_comp1
G_8_B_28_1_8_comp1,P_8_B_28_1_8_comp1,R_8_B_28_1_8,TCDB,TCDB.8_B_28_1_8_comp1
G_8_B_32_1_11_comp1,P_8_B_32_1_11_comp1,R_8_B_32_1_11,TCDB,TCDB.8_B_32_1_11_comp1
G_9_B_175_1_1_comp1,P_9_B_175_1_1_comp1,R_9_B_175_1_1,TCDB,TCDB.9_B_175_1_1_comp1
G_1_B_80_1_1_comp1,P_1_B_80_1_1_comp1,R_1_B_80_1_1,TCDB,TCDB.1_B_80_1_1_comp1
G_1_B_67_1_6_comp1,P_1_B_67_1_6_comp1,R_1_B_67_1_6,TCDB,TCDB.1_B_67_1_6_comp1
G_1_B_16_1_4_comp1,P_1_B_16_1_4_comp1,R_1_B_16_1_4,TCDB,TCDB.1_B_16_1_4_comp1
G_1_B_60_1_7_comp1,P_1_B_60_1_7_comp1,R_1_B_60_1_7,TCDB,TCDB.1_B_60_1_7_comp1
G_9_B_62_2_1_comp1,P_9_B_62_2_1_comp1,R_9_B_62_2_1,TCDB,TCDB.9_B_62_2_1_comp1
G_2_A_46_1_6_comp1,P_2_A_46_1_6_comp1,R_2_A_46_1_6,TCDB,TCDB.2_A_46_1_6_comp1
G_9_B_62_3_1_comp1,P_9_B_62_3_1_comp1,R_9_B_62_3_1,TCDB,TCDB.9_B_62_3_1_comp1
G_3_A_1_125_3_comp1,P_3_A_1_125_3_comp1+3_A_1_125_3_comp2,R_3_A_1_125_3,TCDB,TCDB.3_A_1_125_3_comp1
G_3_A_1_125_3_comp2,P_3_A_1_125_3_comp1+3_A_1_125_3_comp2,R_3_A_1_125_3,TCDB,TCDB.3_A_1_125_3_comp2
G_9_B_98_1_3_comp1,P_9_B_98_1_3_comp1,R_9_B_98_1_3,TCDB,TCDB.9_B_98_1_3_comp1
G_1_B_48_1_3_comp1,P_1_B_48_1_3_comp1,R_1_B_48_1_3,TCDB,TCDB.1_B_48_1_3_comp1
G_1_B_70_1_13_comp1,P_1_B_70_1_13_comp1,R_1_B_70_1_13,TCDB,TCDB.1_B_70_1_13_comp1
G_9_B_8_1_9_comp1,P_9_B_8_1_9_comp1,R_9_B_8_1_9,TCDB,TCDB.9_B_8_1_9_comp1
G_1_A_22_1_4_comp1,P_1_A_22_1_4_comp1,R_1_A_22_1_4,TCDB,TCDB.1_A_22_1_4_comp1
G_2_A_115_1_3_comp1,P_2_A_115_1_3_comp1,R_2_A_115_1_3,TCDB,TCDB.2_A_115_1_3_comp1
G_8_A_16_5_1_comp1,P_8_A_16_5_1_comp1,R_8_A_16_5_1,TCDB,TCDB.8_A_16_5_1_comp1
G_2_A_88_1_8_comp1,P_2_A_88_1_8_comp1,R_2_A_88_1_8,TCDB,TCDB.2_A_88_1_8_comp1
G_2_A_5_4_11_comp1,P_2_A_5_4_11_comp1,R_2_A_5_4_11,TCDB,TCDB.2_A_5_4_11_comp1
G_9_B_102_2_2_comp1,P_9_B_102_2_2_comp1,R_9_B_102_2_2,TCDB,TCDB.9_B_102_2_2_comp1
G_1_B_8_1_9_comp1,P_1_B_8_1_9_comp1,R_1_B_8_1_9,TCDB,TCDB.1_B_8_1_9_comp1
G_4_C_1_1_17_comp1,P_4_C_1_1_17_comp1,R_4_C_1_1_17,TCDB,TCDB.4_C_1_1_17_comp1
G_8_A_6_1_3_comp1,P_8_A_6_1_3_comp1,R_8_A_6_1_3,TCDB,TCDB.8_A_6_1_3_comp1
G_1_K_3_1_3_comp1,P_1_K_3_1_3_comp1,R_1_K_3_1_3,TCDB,TCDB.1_K_3_1_3_comp1
G_1_A_77_3_38_comp1,P_1_A_77_3_38_comp1,R_1_A_77_3_38,TCDB,TCDB.1_A_77_3_38_comp1
G_1_B_14_16_7_comp1,P_1_B_14_16_7_comp1,R_1_B_14_16_7,TCDB,TCDB.1_B_14_16_7_comp1
G_1_B_61_1_5_comp1,P_1_B_61_1_5_comp1,R_1_B_61_1_5,TCDB,TCDB.1_B_61_1_5_comp1
G_1_C_39_14_1_comp1,P_1_C_39_14_1_comp1,R_1_C_39_14_1,TCDB,TCDB.1_C_39_14_1_comp1
G_3_A_1_201_13_comp1,P_3_A_1_201_13_comp1,R_3_A_1_201_13,TCDB,TCDB.3_A_1_201_13_comp1
G_3_A_1_201_50_comp1,P_3_A_1_201_50_comp1,R_3_A_1_201_50,TCDB,TCDB.3_A_1_201_50_comp1
G_2_A_21_3_17_comp1,P_2_A_21_3_17_comp1,R_2_A_21_3_17,TCDB,TCDB.2_A_21_3_17_comp1
G_2_A_7_28_8_comp1,P_2_A_7_28_8_comp1,R_2_A_7_28_8,TCDB,TCDB.2_A_7_28_8_comp1
G_2_A_1_57_5_comp1,P_2_A_1_57_5_comp1,R_2_A_1_57_5,TCDB,TCDB.2_A_1_57_5_comp1
G_1_B_14_8_2_comp1,P_1_B_14_8_2_comp1,R_1_B_14_8_2,TCDB,TCDB.1_B_14_8_2_comp1
G_1_C_102_1_1_comp1,P_1_C_102_1_1_comp1,R_1_C_102_1_1,TCDB,TCDB.1_C_102_1_1_comp1
G_2_A_1_1_67_comp1,P_2_A_1_1_67_comp1,R_2_A_1_1_67,TCDB,TCDB.2_A_1_1_67_comp1
G_2_A_1_1_51_comp1,P_2_A_1_1_51_comp1,R_2_A_1_1_51,TCDB,TCDB.2_A_1_1_51_comp1
G_9_A_43_1_1_comp1,P_9_A_43_1_1_comp1,R_9_A_43_1_1,TCDB,TCDB.9_A_43_1_1_comp1
G_1_B_20_2_1_comp1,P_1_B_20_2_1_comp1,R_1_B_20_2_1,TCDB,TCDB.1_B_20_2_1_comp1
G_9_B_97_1_3_comp1,P_9_B_97_1_3_comp1,R_9_B_97_1_3,TCDB,TCDB.9_B_97_1_3_comp1
G_3_A_1_32_2_comp1,P_3_A_1_32_2_comp1+3_A_1_32_2_comp2+3_A_1_32_2_comp3,R_3_A_1_32_2,TCDB,TCDB.3_A_1_32_2_comp1
G_3_A_1_32_2_comp2,P_3_A_1_32_2_comp1+3_A_1_32_2_comp2+3_A_1_32_2_comp3,R_3_A_1_32_2,TCDB,TCDB.3_A_1_32_2_comp2
G_3_A_1_32_2_comp3,P_3_A_1_32_2_comp1+3_A_1_32_2_comp2+3_A_1_32_2_comp3,R_3_A_1_32_2,TCDB,TCDB.3_A_1_32_2_comp3
G_2_A_85_1_7_comp1,P_2_A_85_1_7_comp1,R_2_A_85_1_7,TCDB,TCDB.2_A_85_1_7_comp1
G_3_A_1_120_5_comp1,P_3_A_1_120_5_comp1,R_3_A_1_120_5,TCDB,TCDB.3_A_1_120_5_comp1
G_9_B_87_1_10_comp1,P_9_B_87_1_10_comp1,R_9_B_87_1_10,TCDB,TCDB.9_B_87_1_10_comp1
G_1_A_9_6_2_comp1,P_1_A_9_6_2_comp1,R_1_A_9_6_2,TCDB,TCDB.1_A_9_6_2_comp1
G_3_A_22_1_3_comp1,P_3_A_22_1_3_comp1+3_A_22_1_3_comp2+3_A_22_1_3_comp3+3_A_22_1_3_comp4+3_A_22_1_3_comp5+3_A_22_1_3_comp6+3_A_22_1_3_comp7+3_A_22_1_3_comp8,R_3_A_22_1_3,TCDB,TCDB.3_A_22_1_3_comp1
G_3_A_22_1_3_comp2,P_3_A_22_1_3_comp1+3_A_22_1_3_comp2+3_A_22_1_3_comp3+3_A_22_1_3_comp4+3_A_22_1_3_comp5+3_A_22_1_3_comp6+3_A_22_1_3_comp7+3_A_22_1_3_comp8,R_3_A_22_1_3,TCDB,TCDB.3_A_22_1_3_comp2
G_3_A_22_1_3_comp3,P_3_A_22_1_3_comp1+3_A_22_1_3_comp2+3_A_22_1_3_comp3+3_A_22_1_3_comp4+3_A_22_1_3_comp5+3_A_22_1_3_comp6+3_A_22_1_3_comp7+3_A_22_1_3_comp8,R_3_A_22_1_3,TCDB,TCDB.3_A_22_1_3_comp3
G_3_A_22_1_3_comp4,P_3_A_22_1_3_comp1+3_A_22_1_3_comp2+3_A_22_1_3_comp3+3_A_22_1_3_comp4+3_A_22_1_3_comp5+3_A_22_1_3_comp6+3_A_22_1_3_comp7+3_A_22_1_3_comp8,R_3_A_22_1_3,TCDB,TCDB.3_A_22_1_3_comp4
G_3_A_22_1_3_comp5,P_3_A_22_1_3_comp1+3_A_22_1_3_comp2+3_A_22_1_3_comp3+3_A_22_1_3_comp4+3_A_22_1_3_comp5+3_A_22_1_3_comp6+3_A_22_1_3_comp7+3_A_22_1_3_comp8,R_3_A_22_1_3,TCDB,TCDB.3_A_22_1_3_comp5
G_3_A_22_1_3_comp6,P_3_A_22_1_3_comp1+3_A_22_1_3_comp2+3_A_22_1_3_comp3+3_A_22_1_3_comp4+3_A_22_1_3_comp5+3_A_22_1_3_comp6+3_A_22_1_3_comp7+3_A_22_1_3_comp8,R_3_A_22_1_3,TCDB,TCDB.3_A_22_1_3_comp6
G_3_A_22_1_3_comp7,P_3_A_22_1_3_comp1+3_A_22_1_3_comp2+3_A_22_1_3_comp3+3_A_22_1_3_comp4+3_A_22_1_3_comp5+3_A_22_1_3_comp6+3_A_22_1_3_comp7+3_A_22_1_3_comp8,R_3_A_22_1_3,TCDB,TCDB.3_A_22_1_3_comp7
G_3_A_22_1_3_comp8,P_3_A_22_1_3_comp1+3_A_22_1_3_comp2+3_A_22_1_3_comp3+3_A_22_1_3_comp4+3_A_22_1_3_comp5+3_A_22_1_3_comp6+3_A_22_1_3_comp7+3_A_22_1_3_comp8,R_3_A_22_1_3,TCDB,TCDB.3_A_22_1_3_comp8
G_8_B_25_1_8_comp1,P_8_B_25_1_8_comp1,R_8_B_25_1_8,TCDB,TCDB.8_B_25_1_8_comp1
G_3_E_1_4_5_comp1,P_3_E_1_4_5_comp1,R_3_E_1_4_5,TCDB,TCDB.3_E_1_4_5_comp1
G_4_A_6_1_6_comp1,P_4_A_6_1_6_comp1+4_A_6_1_6_comp2+4_A_6_1_6_comp3,R_4_A_6_1_6,TCDB,TCDB.4_A_6_1_6_comp1
G_4_A_6_1_6_comp2,P_4_A_6_1_6_comp1+4_A_6_1_6_comp2+4_A_6_1_6_comp3,R_4_A_6_1_6,TCDB,TCDB.4_A_6_1_6_comp2
G_4_A_6_1_6_comp3,P_4_A_6_1_6_comp1+4_A_6_1_6_comp2+4_A_6_1_6_comp3,R_4_A_6_1_6,TCDB,TCDB.4_A_6_1_6_comp3
G_1_A_87_2_2_comp1,P_1_A_87_2_2_comp1,R_1_A_87_2_2,TCDB,TCDB.1_A_87_2_2_comp1
G_9_A_43_1_7_comp1,P_9_A_43_1_7_comp1,R_9_A_43_1_7,TCDB,TCDB.9_A_43_1_7_comp1
G_3_A_10_1_3_comp1,P_3_A_10_1_3_comp1,R_3_A_10_1_3,TCDB,TCDB.3_A_10_1_3_comp1
G_3_E_1_6_2_comp1,P_3_E_1_6_2_comp1,R_3_E_1_6_2,TCDB,TCDB.3_E_1_6_2_comp1
G_1_B_5_1_13_comp1,P_1_B_5_1_13_comp1,R_1_B_5_1_13,TCDB,TCDB.1_B_5_1_13_comp1
G_1_B_5_1_12_comp1,P_1_B_5_1_12_comp1,R_1_B_5_1_12,TCDB,TCDB.1_B_5_1_12_comp1
G_1_B_66_3_2_comp1,P_1_B_66_3_2_comp1,R_1_B_66_3_2,TCDB,TCDB.1_B_66_3_2_comp1
G_3_A_1_132_4_comp1,P_3_A_1_132_4_comp1+3_A_1_132_4_comp2,R_3_A_1_132_4,TCDB,TCDB.3_A_1_132_4_comp1
G_3_A_1_132_4_comp2,P_3_A_1_132_4_comp1+3_A_1_132_4_comp2,R_3_A_1_132_4,TCDB,TCDB.3_A_1_132_4_comp2
G_3_A_3_24_4_comp1,P_3_A_3_24_4_comp1,R_3_A_3_24_4,TCDB,TCDB.3_A_3_24_4_comp1
G_2_A_1_76_2_comp1,P_2_A_1_76_2_comp1,R_2_A_1_76_2,TCDB,TCDB.2_A_1_76_2_comp1
G_2_A_87_4_2_comp1,P_2_A_87_4_2_comp1,R_2_A_87_4_2,TCDB,TCDB.2_A_87_4_2_comp1
G_1_C_131_2_1_comp1,P_1_C_131_2_1_comp1,R_1_C_131_2_1,TCDB,TCDB.1_C_131_2_1_comp1
G_9_B_27_2_11_comp1,P_9_B_27_2_11_comp1,R_9_B_27_2_11,TCDB,TCDB.9_B_27_2_11_comp1
G_2_A_43_5_1_comp1,P_2_A_43_5_1_comp1,R_2_A_43_5_1,TCDB,TCDB.2_A_43_5_1_comp1
G_1_A_21_1_6_comp1,P_1_A_21_1_6_comp1,R_1_A_21_1_6,TCDB,TCDB.1_A_21_1_6_comp1
G_2_A_16_4_3_comp1,P_2_A_16_4_3_comp1,R_2_A_16_4_3,TCDB,TCDB.2_A_16_4_3_comp1
G_1_E_57_2_2_comp1,P_1_E_57_2_2_comp1,R_1_E_57_2_2,TCDB,TCDB.1_E_57_2_2_comp1
G_1_C_41_1_3_comp1,P_1_C_41_1_3_comp1+1_C_41_1_3_comp2+1_C_41_1_3_comp3,R_1_C_41_1_3,TCDB,TCDB.1_C_41_1_3_comp1
G_1_C_41_1_3_comp2,P_1_C_41_1_3_comp1+1_C_41_1_3_comp2+1_C_41_1_3_comp3,R_1_C_41_1_3,TCDB,TCDB.1_C_41_1_3_comp2
G_1_C_41_1_3_comp3,P_1_C_41_1_3_comp1+1_C_41_1_3_comp2+1_C_41_1_3_comp3,R_1_C_41_1_3,TCDB,TCDB.1_C_41_1_3_comp3
G_1_H_1_4_5_comp1,P_1_H_1_4_5_comp1,R_1_H_1_4_5,TCDB,TCDB.1_H_1_4_5_comp1
G_1_C_97_1_5_comp1,P_1_C_97_1_5_comp1,R_1_C_97_1_5,TCDB,TCDB.1_C_97_1_5_comp1
G_3_A_3_1_7_comp1,P_3_A_3_1_7_comp1,R_3_A_3_1_7,TCDB,TCDB.3_A_3_1_7_comp1
G_1_C_52_1_28_comp1,P_1_C_52_1_28_comp1,R_1_C_52_1_28,TCDB,TCDB.1_C_52_1_28_comp1
G_1_C_45_2_2_comp1,P_1_C_45_2_2_comp1,R_1_C_45_2_2,TCDB,TCDB.1_C_45_2_2_comp1
G_2_A_1_2_61_comp1,P_2_A_1_2_61_comp1,R_2_A_1_2_61,TCDB,TCDB.2_A_1_2_61_comp1
G_1_C_74_1_3_comp1,P_1_C_74_1_3_comp1,R_1_C_74_1_3,TCDB,TCDB.1_C_74_1_3_comp1
G_8_B_24_2_1_comp1,P_8_B_24_2_1_comp1,R_8_B_24_2_1,TCDB,TCDB.8_B_24_2_1_comp1
G_2_A_3_10_22_comp1,P_2_A_3_10_22_comp1,R_2_A_3_10_22,TCDB,TCDB.2_A_3_10_22_comp1
G_2_A_97_1_6_comp1,P_2_A_97_1_6_comp1,R_2_A_97_1_6,TCDB,TCDB.2_A_97_1_6_comp1
G_1_B_23_1_17_comp1,P_1_B_23_1_17_comp1,R_1_B_23_1_17,TCDB,TCDB.1_B_23_1_17_comp1
G_1_A_1_22_1_comp1,P_1_A_1_22_1_comp1,R_1_A_1_22_1,TCDB,TCDB.1_A_1_22_1_comp1
G_2_A_1_43_2_comp1,P_2_A_1_43_2_comp1,R_2_A_1_43_2,TCDB,TCDB.2_A_1_43_2_comp1
G_9_B_90_1_2_comp1,P_9_B_90_1_2_comp1,R_9_B_90_1_2,TCDB,TCDB.9_B_90_1_2_comp1
G_1_E_5_2_8_comp1,P_1_E_5_2_8_comp1,R_1_E_5_2_8,TCDB,TCDB.1_E_5_2_8_comp1
G_8_A_83_1_6_comp1,P_8_A_83_1_6_comp1,R_8_A_83_1_6,TCDB,TCDB.8_A_83_1_6_comp1
G_8_A_214_1_1_comp1,P_8_A_214_1_1_comp1,R_8_A_214_1_1,TCDB,TCDB.8_A_214_1_1_comp1
G_1_A_9_1_20_comp1,P_1_A_9_1_20_comp1,R_1_A_9_1_20,TCDB,TCDB.1_A_9_1_20_comp1
G_2_A_36_6_7_comp1,P_2_A_36_6_7_comp1,R_2_A_36_6_7,TCDB,TCDB.2_A_36_6_7_comp1
G_2_A_31_2_4_comp1,P_2_A_31_2_4_comp1,R_2_A_31_2_4,TCDB,TCDB.2_A_31_2_4_comp1
G_1_B_85_1_4_comp1,P_1_B_85_1_4_comp1,R_1_B_85_1_4,TCDB,TCDB.1_B_85_1_4_comp1
G_8_A_218_1_2_comp1,P_8_A_218_1_2_comp1,R_8_A_218_1_2,TCDB,TCDB.8_A_218_1_2_comp1
G_1_B_14_2_10_comp1,P_1_B_14_2_10_comp1,R_1_B_14_2_10,TCDB,TCDB.1_B_14_2_10_comp1
G_1_C_85_1_10_comp1,P_1_C_85_1_10_comp1,R_1_C_85_1_10,TCDB,TCDB.1_C_85_1_10_comp1
G_1_A_30_4_2_comp1,P_1_A_30_4_2_comp1+1_A_30_4_2_comp2,R_1_A_30_4_2,TCDB,TCDB.1_A_30_4_2_comp1
G_1_A_30_4_2_comp2,P_1_A_30_4_2_comp1+1_A_30_4_2_comp2,R_1_A_30_4_2,TCDB,TCDB.1_A_30_4_2_comp2
G_2_A_1_27_3_comp1,P_2_A_1_27_3_comp1,R_2_A_1_27_3,TCDB,TCDB.2_A_1_27_3_comp1
G_1_B_54_1_7_comp1,P_1_B_54_1_7_comp1,R_1_B_54_1_7,TCDB,TCDB.1_B_54_1_7_comp1
G_9_B_14_3_7_comp1,P_9_B_14_3_7_comp1,R_9_B_14_3_7,TCDB,TCDB.9_B_14_3_7_comp1
G_9_A_2_1_1_comp1,P_9_A_2_1_1_comp1+9_A_2_1_1_comp2,R_9_A_2_1_1,TCDB,TCDB.9_A_2_1_1_comp1
G_9_A_2_1_1_comp2,P_9_A_2_1_1_comp1+9_A_2_1_1_comp2,R_9_A_2_1_1,TCDB,TCDB.9_A_2_1_1_comp2
G_1_A_14_3_8_comp1,P_1_A_14_3_8_comp1,R_1_A_14_3_8,TCDB,TCDB.1_A_14_3_8_comp1
G_3_D_3_5_3_comp1,P_3_D_3_5_3_comp1+3_D_3_5_3_comp2+3_D_3_5_3_comp3+3_D_3_5_3_comp4,R_3_D_3_5_3,TCDB,TCDB.3_D_3_5_3_comp1
G_3_D_3_5_3_comp2,P_3_D_3_5_3_comp1+3_D_3_5_3_comp2+3_D_3_5_3_comp3+3_D_3_5_3_comp4,R_3_D_3_5_3,TCDB,TCDB.3_D_3_5_3_comp2
G_3_D_3_5_3_comp3,P_3_D_3_5_3_comp1+3_D_3_5_3_comp2+3_D_3_5_3_comp3+3_D_3_5_3_comp4,R_3_D_3_5_3,TCDB,TCDB.3_D_3_5_3_comp3
G_3_D_3_5_3_comp4,P_3_D_3_5_3_comp1+3_D_3_5_3_comp2+3_D_3_5_3_comp3+3_D_3_5_3_comp4,R_3_D_3_5_3,TCDB,TCDB.3_D_3_5_3_comp4
G_2_A_7_3_58_comp1,P_2_A_7_3_58_comp1,R_2_A_7_3_58,TCDB,TCDB.2_A_7_3_58_comp1
G_3_A_1_14_18_comp1,P_3_A_1_14_18_comp1+3_A_1_14_18_comp2+3_A_1_14_18_comp3,R_3_A_1_14_18,TCDB,TCDB.3_A_1_14_18_comp1
G_3_A_1_14_18_comp2,P_3_A_1_14_18_comp1+3_A_1_14_18_comp2+3_A_1_14_18_comp3,R_3_A_1_14_18,TCDB,TCDB.3_A_1_14_18_comp2
G_3_A_1_14_18_comp3,P_3_A_1_14_18_comp1+3_A_1_14_18_comp2+3_A_1_14_18_comp3,R_3_A_1_14_18,TCDB,TCDB.3_A_1_14_18_comp3
G_1_A_17_1_29_comp1,P_1_A_17_1_29_comp1,R_1_A_17_1_29,TCDB,TCDB.1_A_17_1_29_comp1
G_1_C_85_1_6_comp1,P_1_C_85_1_6_comp1,R_1_C_85_1_6,TCDB,TCDB.1_C_85_1_6_comp1
G_1_A_112_1_2_comp1,P_1_A_112_1_2_comp1,R_1_A_112_1_2,TCDB,TCDB.1_A_112_1_2_comp1
G_1_A_1_8_4_comp1,P_1_A_1_8_4_comp1,R_1_A_1_8_4,TCDB,TCDB.1_A_1_8_4_comp1
G_2_A_1_1_138_comp1,P_2_A_1_1_138_comp1,R_2_A_1_1_138,TCDB,TCDB.2_A_1_1_138_comp1
G_1_A_8_8_16_comp1,P_1_A_8_8_16_comp1,R_1_A_8_8_16,TCDB,TCDB.1_A_8_8_16_comp1
G_1_C_85_1_7_comp1,P_1_C_85_1_7_comp1,R_1_C_85_1_7,TCDB,TCDB.1_C_85_1_7_comp1
G_9_B_14_1_8_comp1,P_9_B_14_1_8_comp1,R_9_B_14_1_8,TCDB,TCDB.9_B_14_1_8_comp1
G_9_B_392_4_4_comp1,P_9_B_392_4_4_comp1,R_9_B_392_4_4,TCDB,TCDB.9_B_392_4_4_comp1
G_9_B_87_1_7_comp1,P_9_B_87_1_7_comp1,R_9_B_87_1_7,TCDB,TCDB.9_B_87_1_7_comp1
G_9_B_73_1_1_comp1,P_9_B_73_1_1_comp1,R_9_B_73_1_1,TCDB,TCDB.9_B_73_1_1_comp1
G_3_A_3_2_11_comp1,P_3_A_3_2_11_comp1,R_3_A_3_2_11,TCDB,TCDB.3_A_3_2_11_comp1
G_1_E_10_1_4_comp1,P_1_E_10_1_4_comp1,R_1_E_10_1_4,TCDB,TCDB.1_E_10_1_4_comp1
G_1_E_21_2_1_comp1,P_1_E_21_2_1_comp1,R_1_E_21_2_1,TCDB,TCDB.1_E_21_2_1_comp1
G_1_E_16_1_1_comp1,P_1_E_16_1_1_comp1,R_1_E_16_1_1,TCDB,TCDB.1_E_16_1_1_comp1
G_1_E_11_1_1_comp1,P_1_E_11_1_1_comp1,R_1_E_11_1_1,TCDB,TCDB.1_E_11_1_1_comp1
G_1_E_18_1_1_comp1,P_1_E_18_1_1_comp1,R_1_E_18_1_1,TCDB,TCDB.1_E_18_1_1_comp1
G_2_A_18_6_22_comp1,P_2_A_18_6_22_comp1,R_2_A_18_6_22,TCDB,TCDB.2_A_18_6_22_comp1
G_2_A_126_1_10_comp1,P_2_A_126_1_10_comp1,R_2_A_126_1_10,TCDB,TCDB.2_A_126_1_10_comp1
G_1_E_12_1_1_comp1,P_1_E_12_1_1_comp1,R_1_E_12_1_1,TCDB,TCDB.1_E_12_1_1_comp1
G_2_A_66_8_1_comp1,P_2_A_66_8_1_comp1,R_2_A_66_8_1,TCDB,TCDB.2_A_66_8_1_comp1
G_3_A_20_1_3_comp1,P_3_A_20_1_3_comp1+3_A_20_1_3_comp2+3_A_20_1_3_comp3+3_A_20_1_3_comp4+3_A_20_1_3_comp5+3_A_20_1_3_comp6+3_A_20_1_3_comp7+3_A_20_1_3_comp8+3_A_20_1_3_comp9+3_A_20_1_3_comp10,R_3_A_20_1_3,TCDB,TCDB.3_A_20_1_3_comp1
G_3_A_20_1_3_comp2,P_3_A_20_1_3_comp1+3_A_20_1_3_comp2+3_A_20_1_3_comp3+3_A_20_1_3_comp4+3_A_20_1_3_comp5+3_A_20_1_3_comp6+3_A_20_1_3_comp7+3_A_20_1_3_comp8+3_A_20_1_3_comp9+3_A_20_1_3_comp10,R_3_A_20_1_3,TCDB,TCDB.3_A_20_1_3_comp2
G_3_A_20_1_3_comp3,P_3_A_20_1_3_comp1+3_A_20_1_3_comp2+3_A_20_1_3_comp3+3_A_20_1_3_comp4+3_A_20_1_3_comp5+3_A_20_1_3_comp6+3_A_20_1_3_comp7+3_A_20_1_3_comp8+3_A_20_1_3_comp9+3_A_20_1_3_comp10,R_3_A_20_1_3,TCDB,TCDB.3_A_20_1_3_comp3
G_3_A_20_1_3_comp4,P_3_A_20_1_3_comp1+3_A_20_1_3_comp2+3_A_20_1_3_comp3+3_A_20_1_3_comp4+3_A_20_1_3_comp5+3_A_20_1_3_comp6+3_A_20_1_3_comp7+3_A_20_1_3_comp8+3_A_20_1_3_comp9+3_A_20_1_3_comp10,R_3_A_20_1_3,TCDB,TCDB.3_A_20_1_3_comp4
G_3_A_20_1_3_comp5,P_3_A_20_1_3_comp1+3_A_20_1_3_comp2+3_A_20_1_3_comp3+3_A_20_1_3_comp4+3_A_20_1_3_comp5+3_A_20_1_3_comp6+3_A_20_1_3_comp7+3_A_20_1_3_comp8+3_A_20_1_3_comp9+3_A_20_1_3_comp10,R_3_A_20_1_3,TCDB,TCDB.3_A_20_1_3_comp5
G_3_A_20_1_3_comp6,P_3_A_20_1_3_comp1+3_A_20_1_3_comp2+3_A_20_1_3_comp3+3_A_20_1_3_comp4+3_A_20_1_3_comp5+3_A_20_1_3_comp6+3_A_20_1_3_comp7+3_A_20_1_3_comp8+3_A_20_1_3_comp9+3_A_20_1_3_comp10,R_3_A_20_1_3,TCDB,TCDB.3_A_20_1_3_comp6
G_3_A_20_1_3_comp7,P_3_A_20_1_3_comp1+3_A_20_1_3_comp2+3_A_20_1_3_comp3+3_A_20_1_3_comp4+3_A_20_1_3_comp5+3_A_20_1_3_comp6+3_A_20_1_3_comp7+3_A_20_1_3_comp8+3_A_20_1_3_comp9+3_A_20_1_3_comp10,R_3_A_20_1_3,TCDB,TCDB.3_A_20_1_3_comp7
G_3_A_20_1_3_comp8,P_3_A_20_1_3_comp1+3_A_20_1_3_comp2+3_A_20_1_3_comp3+3_A_20_1_3_comp4+3_A_20_1_3_comp5+3_A_20_1_3_comp6+3_A_20_1_3_comp7+3_A_20_1_3_comp8+3_A_20_1_3_comp9+3_A_20_1_3_comp10,R_3_A_20_1_3,TCDB,TCDB.3_A_20_1_3_comp8
G_3_A_20_1_3_comp9,P_3_A_20_1_3_comp1+3_A_20_1_3_comp2+3_A_20_1_3_comp3+3_A_20_1_3_comp4+3_A_20_1_3_comp5+3_A_20_1_3_comp6+3_A_20_1_3_comp7+3_A_20_1_3_comp8+3_A_20_1_3_comp9+3_A_20_1_3_comp10,R_3_A_20_1_3,TCDB,TCDB.3_A_20_1_3_comp9
G_3_A_20_1_3_comp10,P_3_A_20_1_3_comp1+3_A_20_1_3_comp2+3_A_20_1_3_comp3+3_A_20_1_3_comp4+3_A_20_1_3_comp5+3_A_20_1_3_comp6+3_A_20_1_3_comp7+3_A_20_1_3_comp8+3_A_20_1_3_comp9+3_A_20_1_3_comp10,R_3_A_20_1_3,TCDB,TCDB.3_A_20_1_3_comp10
G_1_W_2_1_11_comp1,P_1_W_2_1_11_comp1,R_1_W_2_1_11,TCDB,TCDB.1_W_2_1_11_comp1
G_8_A_104_1_13_comp1,P_8_A_104_1_13_comp1,R_8_A_104_1_13,TCDB,TCDB.8_A_104_1_13_comp1
G_1_H_3_1_2_comp1,P_1_H_3_1_2_comp1,R_1_H_3_1_2,TCDB,TCDB.1_H_3_1_2_comp1
G_1_A_77_1_7_comp1,P_1_A_77_1_7_comp1+1_A_77_1_7_comp2+1_A_77_1_7_comp3+1_A_77_1_7_comp4,R_1_A_77_1_7,TCDB,TCDB.1_A_77_1_7_comp1
G_1_A_77_1_7_comp2,P_1_A_77_1_7_comp1+1_A_77_1_7_comp2+1_A_77_1_7_comp3+1_A_77_1_7_comp4,R_1_A_77_1_7,TCDB,TCDB.1_A_77_1_7_comp2
G_1_A_77_1_7_comp3,P_1_A_77_1_7_comp1+1_A_77_1_7_comp2+1_A_77_1_7_comp3+1_A_77_1_7_comp4,R_1_A_77_1_7,TCDB,TCDB.1_A_77_1_7_comp3
G_1_A_77_1_7_comp4,P_1_A_77_1_7_comp1+1_A_77_1_7_comp2+1_A_77_1_7_comp3+1_A_77_1_7_comp4,R_1_A_77_1_7,TCDB,TCDB.1_A_77_1_7_comp4
G_1_E_11_1_2_comp1,P_1_E_11_1_2_comp1,R_1_E_11_1_2,TCDB,TCDB.1_E_11_1_2_comp1
G_3_A_1_203_14_comp1,P_3_A_1_203_14_comp1,R_3_A_1_203_14,TCDB,TCDB.3_A_1_203_14_comp1
G_3_A_8_1_4_comp1,P_3_A_8_1_4_comp1+3_A_8_1_4_comp2+3_A_8_1_4_comp3,R_3_A_8_1_4,TCDB,TCDB.3_A_8_1_4_comp1
G_3_A_8_1_4_comp2,P_3_A_8_1_4_comp1+3_A_8_1_4_comp2+3_A_8_1_4_comp3,R_3_A_8_1_4,TCDB,TCDB.3_A_8_1_4_comp2
G_3_A_8_1_4_comp3,P_3_A_8_1_4_comp1+3_A_8_1_4_comp2+3_A_8_1_4_comp3,R_3_A_8_1_4,TCDB,TCDB.3_A_8_1_4_comp3
G_1_A_1_4_6_comp1,P_1_A_1_4_6_comp1+1_A_1_4_6_comp2,R_1_A_1_4_6,TCDB,TCDB.1_A_1_4_6_comp1
G_1_A_1_4_6_comp2,P_1_A_1_4_6_comp1+1_A_1_4_6_comp2,R_1_A_1_4_6,TCDB,TCDB.1_A_1_4_6_comp2
G_2_A_5_1_2_comp1,P_2_A_5_1_2_comp1,R_2_A_5_1_2,TCDB,TCDB.2_A_5_1_2_comp1
G_1_A_8_9_19_comp1,P_1_A_8_9_19_comp1,R_1_A_8_9_19,TCDB,TCDB.1_A_8_9_19_comp1
G_2_A_20_2_4_comp1,P_2_A_20_2_4_comp1,R_2_A_20_2_4,TCDB,TCDB.2_A_20_2_4_comp1
G_2_A_18_2_7_comp1,P_2_A_18_2_7_comp1,R_2_A_18_2_7,TCDB,TCDB.2_A_18_2_7_comp1
G_1_A_1_4_1_comp1,P_1_A_1_4_1_comp1,R_1_A_1_4_1,TCDB,TCDB.1_A_1_4_1_comp1
G_3_A_1_121_7_comp1,P_3_A_1_121_7_comp1,R_3_A_1_121_7,TCDB,TCDB.3_A_1_121_7_comp1
G_2_A_38_5_1_comp1,P_2_A_38_5_1_comp1,R_2_A_38_5_1,TCDB,TCDB.2_A_38_5_1_comp1
G_1_A_1_11_24_comp1,P_1_A_1_11_24_comp1,R_1_A_1_11_24,TCDB,TCDB.1_A_1_11_24_comp1
G_3_A_2_2_9_comp1,P_3_A_2_2_9_comp1,R_3_A_2_2_9,TCDB,TCDB.3_A_2_2_9_comp1
G_2_A_57_2_10_comp1,P_2_A_57_2_10_comp1,R_2_A_57_2_10,TCDB,TCDB.2_A_57_2_10_comp1
G_3_A_3_9_7_comp1,P_3_A_3_9_7_comp1,R_3_A_3_9_7,TCDB,TCDB.3_A_3_9_7_comp1
G_2_A_54_1_7_comp1,P_2_A_54_1_7_comp1,R_2_A_54_1_7,TCDB,TCDB.2_A_54_1_7_comp1
G_2_A_21_3_20_comp1,P_2_A_21_3_20_comp1,R_2_A_21_3_20,TCDB,TCDB.2_A_21_3_20_comp1
G_2_A_88_6_1_comp1,P_2_A_88_6_1_comp1,R_2_A_88_6_1,TCDB,TCDB.2_A_88_6_1_comp1
G_2_A_118_1_7_comp1,P_2_A_118_1_7_comp1,R_2_A_118_1_7,TCDB,TCDB.2_A_118_1_7_comp1
G_2_A_12_1_16_comp1,P_2_A_12_1_16_comp1,R_2_A_12_1_16,TCDB,TCDB.2_A_12_1_16_comp1
G_1_A_56_1_1_comp1,P_1_A_56_1_1_comp1,R_1_A_56_1_1,TCDB,TCDB.1_A_56_1_1_comp1
G_1_A_1_4_7_comp1,P_1_A_1_4_7_comp1,R_1_A_1_4_7,TCDB,TCDB.1_A_1_4_7_comp1
G_2_A_18_2_3_comp1,P_2_A_18_2_3_comp1,R_2_A_18_2_3,TCDB,TCDB.2_A_18_2_3_comp1
G_2_A_1_1_49_comp1,P_2_A_1_1_49_comp1,R_2_A_1_1_49,TCDB,TCDB.2_A_1_1_49_comp1
G_2_A_2_4_1_comp1,P_2_A_2_4_1_comp1,R_2_A_2_4_1,TCDB,TCDB.2_A_2_4_1_comp1
G_2_A_19_2_3_comp1,P_2_A_19_2_3_comp1,R_2_A_19_2_3,TCDB,TCDB.2_A_19_2_3_comp1
G_2_A_19_2_4_comp1,P_2_A_19_2_4_comp1,R_2_A_19_2_4,TCDB,TCDB.2_A_19_2_4_comp1
G_2_A_32_1_1_comp1,P_2_A_32_1_1_comp1,R_2_A_32_1_1,TCDB,TCDB.2_A_32_1_1_comp1
G_2_A_1_8_6_comp1,P_2_A_1_8_6_comp1,R_2_A_1_8_6,TCDB,TCDB.2_A_1_8_6_comp1
G_9_B_102_1_5_comp1,P_9_B_102_1_5_comp1,R_9_B_102_1_5,TCDB,TCDB.9_B_102_1_5_comp1
G_1_A_77_2_13_comp1,P_1_A_77_2_13_comp1,R_1_A_77_2_13,TCDB,TCDB.1_A_77_2_13_comp1
G_2_A_33_1_3_comp1,P_2_A_33_1_3_comp1,R_2_A_33_1_3,TCDB,TCDB.2_A_33_1_3_comp1
G_1_B_61_1_1_comp1,P_1_B_61_1_1_comp1,R_1_B_61_1_1,TCDB,TCDB.1_B_61_1_1_comp1
G_2_A_66_9_2_comp1,P_2_A_66_9_2_comp1,R_2_A_66_9_2,TCDB,TCDB.2_A_66_9_2_comp1
G_2_A_37_3_2_comp1,P_2_A_37_3_2_comp1,R_2_A_37_3_2,TCDB,TCDB.2_A_37_3_2_comp1
G_1_B_57_1_3_comp1,P_1_B_57_1_3_comp1,R_1_B_57_1_3,TCDB,TCDB.1_B_57_1_3_comp1
G_9_B_29_2_15_comp1,P_9_B_29_2_15_comp1,R_9_B_29_2_15,TCDB,TCDB.9_B_29_2_15_comp1
G_9_B_149_1_5_comp1,P_9_B_149_1_5_comp1+9_B_149_1_5_comp2,R_9_B_149_1_5,TCDB,TCDB.9_B_149_1_5_comp1
G_9_B_149_1_5_comp2,P_9_B_149_1_5_comp1+9_B_149_1_5_comp2,R_9_B_149_1_5,TCDB,TCDB.9_B_149_1_5_comp2
G_1_B_20_3_5_comp1,P_1_B_20_3_5_comp1,R_1_B_20_3_5,TCDB,TCDB.1_B_20_3_5_comp1
G_2_A_106_1_3_comp1,P_2_A_106_1_3_comp1,R_2_A_106_1_3,TCDB,TCDB.2_A_106_1_3_comp1
G_1_A_43_1_6_comp1,P_1_A_43_1_6_comp1,R_1_A_43_1_6,TCDB,TCDB.1_A_43_1_6_comp1
G_1_B_70_1_10_comp1,P_1_B_70_1_10_comp1,R_1_B_70_1_10,TCDB,TCDB.1_B_70_1_10_comp1
G_2_A_69_4_1_comp1,P_2_A_69_4_1_comp1,R_2_A_69_4_1,TCDB,TCDB.2_A_69_4_1_comp1
G_1_B_54_2_1_comp1,P_1_B_54_2_1_comp1,R_1_B_54_2_1,TCDB,TCDB.1_B_54_2_1_comp1
G_1_B_42_1_7_comp1,P_1_B_42_1_7_comp1,R_1_B_42_1_7,TCDB,TCDB.1_B_42_1_7_comp1
G_1_A_10_2_3_comp1,P_1_A_10_2_3_comp1,R_1_A_10_2_3,TCDB,TCDB.1_A_10_2_3_comp1
G_1_B_65_1_4_comp1,P_1_B_65_1_4_comp1,R_1_B_65_1_4,TCDB,TCDB.1_B_65_1_4_comp1
G_9_B_119_1_2_comp1,P_9_B_119_1_2_comp1,R_9_B_119_1_2,TCDB,TCDB.9_B_119_1_2_comp1
G_2_A_1_39_2_comp1,P_2_A_1_39_2_comp1,R_2_A_1_39_2,TCDB,TCDB.2_A_1_39_2_comp1
G_9_B_76_1_1_comp1,P_9_B_76_1_1_comp1,R_9_B_76_1_1,TCDB,TCDB.9_B_76_1_1_comp1
G_2_A_40_6_6_comp1,P_2_A_40_6_6_comp1,R_2_A_40_6_6,TCDB,TCDB.2_A_40_6_6_comp1
G_2_A_28_2_1_comp1,P_2_A_28_2_1_comp1,R_2_A_28_2_1,TCDB,TCDB.2_A_28_2_1_comp1
G_2_A_1_2_96_comp1,P_2_A_1_2_96_comp1,R_2_A_1_2_96,TCDB,TCDB.2_A_1_2_96_comp1
G_1_A_87_1_2_comp1,P_1_A_87_1_2_comp1,R_1_A_87_1_2,TCDB,TCDB.1_A_87_1_2_comp1
G_2_A_36_5_5_comp1,P_2_A_36_5_5_comp1,R_2_A_36_5_5,TCDB,TCDB.2_A_36_5_5_comp1
G_1_B_71_1_3_comp1,P_1_B_71_1_3_comp1,R_1_B_71_1_3,TCDB,TCDB.1_B_71_1_3_comp1
G_1_B_93_1_3_comp1,P_1_B_93_1_3_comp1,R_1_B_93_1_3,TCDB,TCDB.1_B_93_1_3_comp1
G_9_B_62_2_4_comp1,P_9_B_62_2_4_comp1,R_9_B_62_2_4,TCDB,TCDB.9_B_62_2_4_comp1
G_2_A_77_1_5_comp1,P_2_A_77_1_5_comp1,R_2_A_77_1_5,TCDB,TCDB.2_A_77_1_5_comp1
G_2_A_86_2_3_comp1,P_2_A_86_2_3_comp1,R_2_A_86_2_3,TCDB,TCDB.2_A_86_2_3_comp1
G_9_B_8_1_6_comp1,P_9_B_8_1_6_comp1,R_9_B_8_1_6,TCDB,TCDB.9_B_8_1_6_comp1
G_2_A_56_1_4_comp1,P_2_A_56_1_4_comp1+2_A_56_1_4_comp2+2_A_56_1_4_comp3,R_2_A_56_1_4,TCDB,TCDB.2_A_56_1_4_comp1
G_2_A_56_1_4_comp2,P_2_A_56_1_4_comp1+2_A_56_1_4_comp2+2_A_56_1_4_comp3,R_2_A_56_1_4,TCDB,TCDB.2_A_56_1_4_comp2
G_2_A_56_1_4_comp3,P_2_A_56_1_4_comp1+2_A_56_1_4_comp2+2_A_56_1_4_comp3,R_2_A_56_1_4,TCDB,TCDB.2_A_56_1_4_comp3
G_4_D_3_1_5_comp1,P_4_D_3_1_5_comp1,R_4_D_3_1_5,TCDB,TCDB.4_D_3_1_5_comp1
G_9_A_24_1_2_comp1,P_9_A_24_1_2_comp1,R_9_A_24_1_2,TCDB,TCDB.9_A_24_1_2_comp1
G_9_B_97_8_1_comp1,P_9_B_97_8_1_comp1,R_9_B_97_8_1,TCDB,TCDB.9_B_97_8_1_comp1
G_2_A_117_2_1_comp1,P_2_A_117_2_1_comp1,R_2_A_117_2_1,TCDB,TCDB.2_A_117_2_1_comp1
G_2_A_76_1_6_comp1,P_2_A_76_1_6_comp1,R_2_A_76_1_6,TCDB,TCDB.2_A_76_1_6_comp1
G_1_C_36_3_3_comp1,P_1_C_36_3_3_comp1+1_C_36_3_3_comp2,R_1_C_36_3_3,TCDB,TCDB.1_C_36_3_3_comp1
G_1_C_36_3_3_comp2,P_1_C_36_3_3_comp1+1_C_36_3_3_comp2,R_1_C_36_3_3,TCDB,TCDB.1_C_36_3_3_comp2
G_4_A_2_1_22_comp1,P_4_A_2_1_22_comp1+4_A_2_1_22_comp2+4_A_2_1_22_comp3,R_4_A_2_1_22,TCDB,TCDB.4_A_2_1_22_comp1
G_4_A_2_1_22_comp2,P_4_A_2_1_22_comp1+4_A_2_1_22_comp2+4_A_2_1_22_comp3,R_4_A_2_1_22,TCDB,TCDB.4_A_2_1_22_comp2
G_4_A_2_1_22_comp3,P_4_A_2_1_22_comp1+4_A_2_1_22_comp2+4_A_2_1_22_comp3,R_4_A_2_1_22,TCDB,TCDB.4_A_2_1_22_comp3
G_4_A_2_1_20_comp1,P_4_A_2_1_20_comp1,R_4_A_2_1_20,TCDB,TCDB.4_A_2_1_20_comp1
G_1_B_39_1_4_comp1,P_1_B_39_1_4_comp1,R_1_B_39_1_4,TCDB,TCDB.1_B_39_1_4_comp1
G_9_B_140_1_2_comp1,P_9_B_140_1_2_comp1,R_9_B_140_1_2,TCDB,TCDB.9_B_140_1_2_comp1
G_9_B_159_12_1_comp1,P_9_B_159_12_1_comp1,R_9_B_159_12_1,TCDB,TCDB.9_B_159_12_1_comp1
G_2_A_88_1_7_comp1,P_2_A_88_1_7_comp1,R_2_A_88_1_7,TCDB,TCDB.2_A_88_1_7_comp1
G_9_B_2_1_3_comp1,P_9_B_2_1_3_comp1,R_9_B_2_1_3,TCDB,TCDB.9_B_2_1_3_comp1
G_2_A_28_1_4_comp1,P_2_A_28_1_4_comp1,R_2_A_28_1_4,TCDB,TCDB.2_A_28_1_4_comp1
G_2_A_29_15_2_comp1,P_2_A_29_15_2_comp1,R_2_A_29_15_2,TCDB,TCDB.2_A_29_15_2_comp1
G_9_B_198_2_5_comp1,P_9_B_198_2_5_comp1,R_9_B_198_2_5,TCDB,TCDB.9_B_198_2_5_comp1
G_2_A_116_1_1_comp1,P_2_A_116_1_1_comp1,R_2_A_116_1_1,TCDB,TCDB.2_A_116_1_1_comp1
G_1_B_12_13_1_comp1,P_1_B_12_13_1_comp1,R_1_B_12_13_1,TCDB,TCDB.1_B_12_13_1_comp1
G_3_A_12_3_2_comp1,P_3_A_12_3_2_comp1,R_3_A_12_3_2,TCDB,TCDB.3_A_12_3_2_comp1
G_3_D_4_1_2_comp1,P_3_D_4_1_2_comp1+3_D_4_1_2_comp2,R_3_D_4_1_2,TCDB,TCDB.3_D_4_1_2_comp1
G_3_D_4_1_2_comp2,P_3_D_4_1_2_comp1+3_D_4_1_2_comp2,R_3_D_4_1_2,TCDB,TCDB.3_D_4_1_2_comp2
G_1_C_43_1_3_comp1,P_1_C_43_1_3_comp1,R_1_C_43_1_3,TCDB,TCDB.1_C_43_1_3_comp1
G_1_A_127_1_3_comp1,P_1_A_127_1_3_comp1,R_1_A_127_1_3,TCDB,TCDB.1_A_127_1_3_comp1
G_1_E_40_2_3_comp1,P_1_E_40_2_3_comp1,R_1_E_40_2_3,TCDB,TCDB.1_E_40_2_3_comp1
G_3_A_3_30_4_comp1,P_3_A_3_30_4_comp1,R_3_A_3_30_4,TCDB,TCDB.3_A_3_30_4_comp1
G_3_A_1_6_4_comp1,P_3_A_1_6_4_comp1+3_A_1_6_4_comp2+3_A_1_6_4_comp3,R_3_A_1_6_4,TCDB,TCDB.3_A_1_6_4_comp1
G_3_A_1_6_4_comp2,P_3_A_1_6_4_comp1+3_A_1_6_4_comp2+3_A_1_6_4_comp3,R_3_A_1_6_4,TCDB,TCDB.3_A_1_6_4_comp2
G_3_A_1_6_4_comp3,P_3_A_1_6_4_comp1+3_A_1_6_4_comp2+3_A_1_6_4_comp3,R_3_A_1_6_4,TCDB,TCDB.3_A_1_6_4_comp3
G_4_H_1_1_6_comp1,P_4_H_1_1_6_comp1,R_4_H_1_1_6,TCDB,TCDB.4_H_1_1_6_comp1
G_3_A_1_11_10_comp1,P_3_A_1_11_10_comp1+3_A_1_11_10_comp2+3_A_1_11_10_comp3,R_3_A_1_11_10,TCDB,TCDB.3_A_1_11_10_comp1
G_3_A_1_11_10_comp2,P_3_A_1_11_10_comp1+3_A_1_11_10_comp2+3_A_1_11_10_comp3,R_3_A_1_11_10,TCDB,TCDB.3_A_1_11_10_comp2
G_3_A_1_11_10_comp3,P_3_A_1_11_10_comp1+3_A_1_11_10_comp2+3_A_1_11_10_comp3,R_3_A_1_11_10,TCDB,TCDB.3_A_1_11_10_comp3
G_3_A_1_2_29_comp1,P_3_A_1_2_29_comp1+3_A_1_2_29_comp2+3_A_1_2_29_comp3,R_3_A_1_2_29,TCDB,TCDB.3_A_1_2_29_comp1
G_3_A_1_2_29_comp2,P_3_A_1_2_29_comp1+3_A_1_2_29_comp2+3_A_1_2_29_comp3,R_3_A_1_2_29,TCDB,TCDB.3_A_1_2_29_comp2
G_3_A_1_2_29_comp3,P_3_A_1_2_29_comp1+3_A_1_2_29_comp2+3_A_1_2_29_comp3,R_3_A_1_2_29,TCDB,TCDB.3_A_1_2_29_comp3
G_2_A_123_2_8_comp1,P_2_A_123_2_8_comp1,R_2_A_123_2_8,TCDB,TCDB.2_A_123_2_8_comp1
G_8_A_27_1_6_comp1,P_8_A_27_1_6_comp1,R_8_A_27_1_6,TCDB,TCDB.8_A_27_1_6_comp1
G_1_B_1_9_1_comp1,P_1_B_1_9_1_comp1,R_1_B_1_9_1,TCDB,TCDB.1_B_1_9_1_comp1
G_3_A_3_5_15_comp1,P_3_A_3_5_15_comp1,R_3_A_3_5_15,TCDB,TCDB.3_A_3_5_15_comp1
G_2_A_7_21_4_comp1,P_2_A_7_21_4_comp1,R_2_A_7_21_4,TCDB,TCDB.2_A_7_21_4_comp1
G_1_C_27_1_1_comp1,P_1_C_27_1_1_comp1,R_1_C_27_1_1,TCDB,TCDB.1_C_27_1_1_comp1
G_3_A_2_2_8_comp1,P_3_A_2_2_8_comp1+3_A_2_2_8_comp2+3_A_2_2_8_comp3+3_A_2_2_8_comp4+3_A_2_2_8_comp5+3_A_2_2_8_comp6+3_A_2_2_8_comp7+3_A_2_2_8_comp8+3_A_2_2_8_comp9+3_A_2_2_8_comp10+3_A_2_2_8_comp11+3_A_2_2_8_comp12+3_A_2_2_8_comp13,R_3_A_2_2_8,TCDB,TCDB.3_A_2_2_8_comp1
G_3_A_2_2_8_comp2,P_3_A_2_2_8_comp1+3_A_2_2_8_comp2+3_A_2_2_8_comp3+3_A_2_2_8_comp4+3_A_2_2_8_comp5+3_A_2_2_8_comp6+3_A_2_2_8_comp7+3_A_2_2_8_comp8+3_A_2_2_8_comp9+3_A_2_2_8_comp10+3_A_2_2_8_comp11+3_A_2_2_8_comp12+3_A_2_2_8_comp13,R_3_A_2_2_8,TCDB,TCDB.3_A_2_2_8_comp2
G_3_A_2_2_8_comp3,P_3_A_2_2_8_comp1+3_A_2_2_8_comp2+3_A_2_2_8_comp3+3_A_2_2_8_comp4+3_A_2_2_8_comp5+3_A_2_2_8_comp6+3_A_2_2_8_comp7+3_A_2_2_8_comp8+3_A_2_2_8_comp9+3_A_2_2_8_comp10+3_A_2_2_8_comp11+3_A_2_2_8_comp12+3_A_2_2_8_comp13,R_3_A_2_2_8,TCDB,TCDB.3_A_2_2_8_comp3
G_3_A_2_2_8_comp4,P_3_A_2_2_8_comp1+3_A_2_2_8_comp2+3_A_2_2_8_comp3+3_A_2_2_8_comp4+3_A_2_2_8_comp5+3_A_2_2_8_comp6+3_A_2_2_8_comp7+3_A_2_2_8_comp8+3_A_2_2_8_comp9+3_A_2_2_8_comp10+3_A_2_2_8_comp11+3_A_2_2_8_comp12+3_A_2_2_8_comp13,R_3_A_2_2_8,TCDB,TCDB.3_A_2_2_8_comp4
G_3_A_2_2_8_comp5,P_3_A_2_2_8_comp1+3_A_2_2_8_comp2+3_A_2_2_8_comp3+3_A_2_2_8_comp4+3_A_2_2_8_comp5+3_A_2_2_8_comp6+3_A_2_2_8_comp7+3_A_2_2_8_comp8+3_A_2_2_8_comp9+3_A_2_2_8_comp10+3_A_2_2_8_comp11+3_A_2_2_8_comp12+3_A_2_2_8_comp13,R_3_A_2_2_8,TCDB,TCDB.3_A_2_2_8_comp5
G_3_A_2_2_8_comp6,P_3_A_2_2_8_comp1+3_A_2_2_8_comp2+3_A_2_2_8_comp3+3_A_2_2_8_comp4+3_A_2_2_8_comp5+3_A_2_2_8_comp6+3_A_2_2_8_comp7+3_A_2_2_8_comp8+3_A_2_2_8_comp9+3_A_2_2_8_comp10+3_A_2_2_8_comp11+3_A_2_2_8_comp12+3_A_2_2_8_comp13,R_3_A_2_2_8,TCDB,TCDB.3_A_2_2_8_comp6
G_3_A_2_2_8_comp7,P_3_A_2_2_8_comp1+3_A_2_2_8_comp2+3_A_2_2_8_comp3+3_A_2_2_8_comp4+3_A_2_2_8_comp5+3_A_2_2_8_comp6+3_A_2_2_8_comp7+3_A_2_2_8_comp8+3_A_2_2_8_comp9+3_A_2_2_8_comp10+3_A_2_2_8_comp11+3_A_2_2_8_comp12+3_A_2_2_8_comp13,R_3_A_2_2_8,TCDB,TCDB.3_A_2_2_8_comp7
G_3_A_2_2_8_comp8,P_3_A_2_2_8_comp1+3_A_2_2_8_comp2+3_A_2_2_8_comp3+3_A_2_2_8_comp4+3_A_2_2_8_comp5+3_A_2_2_8_comp6+3_A_2_2_8_comp7+3_A_2_2_8_comp8+3_A_2_2_8_comp9+3_A_2_2_8_comp10+3_A_2_2_8_comp11+3_A_2_2_8_comp12+3_A_2_2_8_comp13,R_3_A_2_2_8,TCDB,TCDB.3_A_2_2_8_comp8
G_3_A_2_2_8_comp9,P_3_A_2_2_8_comp1+3_A_2_2_8_comp2+3_A_2_2_8_comp3+3_A_2_2_8_comp4+3_A_2_2_8_comp5+3_A_2_2_8_comp6+3_A_2_2_8_comp7+3_A_2_2_8_comp8+3_A_2_2_8_comp9+3_A_2_2_8_comp10+3_A_2_2_8_comp11+3_A_2_2_8_comp12+3_A_2_2_8_comp13,R_3_A_2_2_8,TCDB,TCDB.3_A_2_2_8_comp9
G_3_A_2_2_8_comp10,P_3_A_2_2_8_comp1+3_A_2_2_8_comp2+3_A_2_2_8_comp3+3_A_2_2_8_comp4+3_A_2_2_8_comp5+3_A_2_2_8_comp6+3_A_2_2_8_comp7+3_A_2_2_8_comp8+3_A_2_2_8_comp9+3_A_2_2_8_comp10+3_A_2_2_8_comp11+3_A_2_2_8_comp12+3_A_2_2_8_comp13,R_3_A_2_2_8,TCDB,TCDB.3_A_2_2_8_comp10
G_3_A_2_2_8_comp11,P_3_A_2_2_8_comp1+3_A_2_2_8_comp2+3_A_2_2_8_comp3+3_A_2_2_8_comp4+3_A_2_2_8_comp5+3_A_2_2_8_comp6+3_A_2_2_8_comp7+3_A_2_2_8_comp8+3_A_2_2_8_comp9+3_A_2_2_8_comp10+3_A_2_2_8_comp11+3_A_2_2_8_comp12+3_A_2_2_8_comp13,R_3_A_2_2_8,TCDB,TCDB.3_A_2_2_8_comp11
G_3_A_2_2_8_comp12,P_3_A_2_2_8_comp1+3_A_2_2_8_comp2+3_A_2_2_8_comp3+3_A_2_2_8_comp4+3_A_2_2_8_comp5+3_A_2_2_8_comp6+3_A_2_2_8_comp7+3_A_2_2_8_comp8+3_A_2_2_8_comp9+3_A_2_2_8_comp10+3_A_2_2_8_comp11+3_A_2_2_8_comp12+3_A_2_2_8_comp13,R_3_A_2_2_8,TCDB,TCDB.3_A_2_2_8_comp12
G_3_A_2_2_8_comp13,P_3_A_2_2_8_comp1+3_A_2_2_8_comp2+3_A_2_2_8_comp3+3_A_2_2_8_comp4+3_A_2_2_8_comp5+3_A_2_2_8_comp6+3_A_2_2_8_comp7+3_A_2_2_8_comp8+3_A_2_2_8_comp9+3_A_2_2_8_comp10+3_A_2_2_8_comp11+3_A_2_2_8_comp12+3_A_2_2_8_comp13,R_3_A_2_2_8,TCDB,TCDB.3_A_2_2_8_comp13
G_1_A_3_2_7_comp1,P_1_A_3_2_7_comp1,R_1_A_3_2_7,TCDB,TCDB.1_A_3_2_7_comp1
G_1_B_8_3_2_comp1,P_1_B_8_3_2_comp1,R_1_B_8_3_2,TCDB,TCDB.1_B_8_3_2_comp1
G_3_A_3_2_38_comp1,P_3_A_3_2_38_comp1,R_3_A_3_2_38,TCDB,TCDB.3_A_3_2_38_comp1
G_1_B_66_5_1_comp1,P_1_B_66_5_1_comp1,R_1_B_66_5_1,TCDB,TCDB.1_B_66_5_1_comp1
G_1_B_62_1_4_comp1,P_1_B_62_1_4_comp1,R_1_B_62_1_4,TCDB,TCDB.1_B_62_1_4_comp1
G_9_B_67_6_8_comp1,P_9_B_67_6_8_comp1,R_9_B_67_6_8,TCDB,TCDB.9_B_67_6_8_comp1
G_1_B_57_3_2_comp1,P_1_B_57_3_2_comp1,R_1_B_57_3_2,TCDB,TCDB.1_B_57_3_2_comp1
G_1_B_4_2_8_comp1,P_1_B_4_2_8_comp1,R_1_B_4_2_8,TCDB,TCDB.1_B_4_2_8_comp1
G_2_A_29_2_12_comp1,P_2_A_29_2_12_comp1,R_2_A_29_2_12,TCDB,TCDB.2_A_29_2_12_comp1
G_1_E_5_1_1_comp1,P_1_E_5_1_1_comp1,R_1_E_5_1_1,TCDB,TCDB.1_E_5_1_1_comp1
G_3_A_1_201_15_comp1,P_3_A_1_201_15_comp1,R_3_A_1_201_15,TCDB,TCDB.3_A_1_201_15_comp1
G_2_A_6_9_2_comp1,P_2_A_6_9_2_comp1,R_2_A_6_9_2,TCDB,TCDB.2_A_6_9_2_comp1
G_1_A_62_1_1_comp1,P_1_A_62_1_1_comp1,R_1_A_62_1_1,TCDB,TCDB.1_A_62_1_1_comp1
G_1_A_112_1_1_comp1,P_1_A_112_1_1_comp1,R_1_A_112_1_1,TCDB,TCDB.1_A_112_1_1_comp1
G_1_A_51_1_1_comp1,P_1_A_51_1_1_comp1,R_1_A_51_1_1,TCDB,TCDB.1_A_51_1_1_comp1
G_1_A_74_1_1_comp1,P_1_A_74_1_1_comp1,R_1_A_74_1_1,TCDB,TCDB.1_A_74_1_1_comp1
G_2_A_82_1_10_comp1,P_2_A_82_1_10_comp1,R_2_A_82_1_10,TCDB,TCDB.2_A_82_1_10_comp1
G_1_A_77_1_1_comp1,P_1_A_77_1_1_comp1,R_1_A_77_1_1,TCDB,TCDB.1_A_77_1_1_comp1
G_1_A_1_5_4_comp1,P_1_A_1_5_4_comp1+1_A_1_5_4_comp2+1_A_1_5_4_comp3,R_1_A_1_5_4,TCDB,TCDB.1_A_1_5_4_comp1
G_1_A_1_5_4_comp2,P_1_A_1_5_4_comp1+1_A_1_5_4_comp2+1_A_1_5_4_comp3,R_1_A_1_5_4,TCDB,TCDB.1_A_1_5_4_comp2
G_1_A_1_5_4_comp3,P_1_A_1_5_4_comp1+1_A_1_5_4_comp2+1_A_1_5_4_comp3,R_1_A_1_5_4,TCDB,TCDB.1_A_1_5_4_comp3
G_2_A_66_1_16_comp1,P_2_A_66_1_16_comp1,R_2_A_66_1_16,TCDB,TCDB.2_A_66_1_16_comp1
G_1_A_37_8_1_comp1,P_1_A_37_8_1_comp1,R_1_A_37_8_1,TCDB,TCDB.1_A_37_8_1_comp1
G_8_B_16_2_2_comp1,P_8_B_16_2_2_comp1,R_8_B_16_2_2,TCDB,TCDB.8_B_16_2_2_comp1
G_2_A_36_7_3_comp1,P_2_A_36_7_3_comp1,R_2_A_36_7_3,TCDB,TCDB.2_A_36_7_3_comp1
G_1_B_20_1_3_comp1,P_1_B_20_1_3_comp1,R_1_B_20_1_3,TCDB,TCDB.1_B_20_1_3_comp1
G_1_E_19_1_11_comp1,P_1_E_19_1_11_comp1,R_1_E_19_1_11,TCDB,TCDB.1_E_19_1_11_comp1
G_3_A_1_105_6_comp1,P_3_A_1_105_6_comp1+3_A_1_105_6_comp2,R_3_A_1_105_6,TCDB,TCDB.3_A_1_105_6_comp1
G_3_A_1_105_6_comp2,P_3_A_1_105_6_comp1+3_A_1_105_6_comp2,R_3_A_1_105_6,TCDB,TCDB.3_A_1_105_6_comp2
G_2_A_21_5_5_comp1,P_2_A_21_5_5_comp1,R_2_A_21_5_5,TCDB,TCDB.2_A_21_5_5_comp1
G_2_A_31_2_9_comp1,P_2_A_31_2_9_comp1,R_2_A_31_2_9,TCDB,TCDB.2_A_31_2_9_comp1
G_1_C_72_3_1_comp1,P_1_C_72_3_1_comp1+1_C_72_3_1_comp2,R_1_C_72_3_1,TCDB,TCDB.1_C_72_3_1_comp1
G_1_C_72_3_1_comp2,P_1_C_72_3_1_comp1+1_C_72_3_1_comp2,R_1_C_72_3_1,TCDB,TCDB.1_C_72_3_1_comp2
G_2_A_1_16_8_comp1,P_2_A_1_16_8_comp1,R_2_A_1_16_8,TCDB,TCDB.2_A_1_16_8_comp1
G_2_A_1_1_36_comp1,P_2_A_1_1_36_comp1,R_2_A_1_1_36,TCDB,TCDB.2_A_1_1_36_comp1
G_1_A_9_2_4_comp1,P_1_A_9_2_4_comp1,R_1_A_9_2_4,TCDB,TCDB.1_A_9_2_4_comp1
G_1_C_72_2_1_comp1,P_1_C_72_2_1_comp1+1_C_72_2_1_comp2,R_1_C_72_2_1,TCDB,TCDB.1_C_72_2_1_comp1
G_1_C_72_2_1_comp2,P_1_C_72_2_1_comp1+1_C_72_2_1_comp2,R_1_C_72_2_1,TCDB,TCDB.1_C_72_2_1_comp2
G_1_B_30_1_1_comp1,P_1_B_30_1_1_comp1,R_1_B_30_1_1,TCDB,TCDB.1_B_30_1_1_comp1
G_2_A_47_3_1_comp1,P_2_A_47_3_1_comp1,R_2_A_47_3_1,TCDB,TCDB.2_A_47_3_1_comp1
G_2_A_38_3_1_comp1,P_2_A_38_3_1_comp1,R_2_A_38_3_1,TCDB,TCDB.2_A_38_3_1_comp1
G_2_A_40_6_3_comp1,P_2_A_40_6_3_comp1,R_2_A_40_6_3,TCDB,TCDB.2_A_40_6_3_comp1
G_1_A_8_10_10_comp1,P_1_A_8_10_10_comp1,R_1_A_8_10_10,TCDB,TCDB.1_A_8_10_10_comp1
G_1_A_8_10_9_comp1,P_1_A_8_10_9_comp1,R_1_A_8_10_9,TCDB,TCDB.1_A_8_10_9_comp1
G_3_A_1_208_5_comp1,P_3_A_1_208_5_comp1,R_3_A_1_208_5,TCDB,TCDB.3_A_1_208_5_comp1
G_1_C_45_4_1_comp1,P_1_C_45_4_1_comp1,R_1_C_45_4_1,TCDB,TCDB.1_C_45_4_1_comp1
G_1_A_87_2_11_comp1,P_1_A_87_2_11_comp1,R_1_A_87_2_11,TCDB,TCDB.1_A_87_2_11_comp1
G_8_A_91_1_1_comp1,P_8_A_91_1_1_comp1,R_8_A_91_1_1,TCDB,TCDB.8_A_91_1_1_comp1
G_2_A_18_2_1_comp1,P_2_A_18_2_1_comp1,R_2_A_18_2_1,TCDB,TCDB.2_A_18_2_1_comp1
G_4_C_1_1_7_comp1,P_4_C_1_1_7_comp1,R_4_C_1_1_7,TCDB,TCDB.4_C_1_1_7_comp1
G_2_A_17_3_3_comp1,P_2_A_17_3_3_comp1,R_2_A_17_3_3,TCDB,TCDB.2_A_17_3_3_comp1
G_2_A_1_9_3_comp1,P_2_A_1_9_3_comp1,R_2_A_1_9_3,TCDB,TCDB.2_A_1_9_3_comp1
G_1_B_33_2_1_comp1,P_1_B_33_2_1_comp1,R_1_B_33_2_1,TCDB,TCDB.1_B_33_2_1_comp1
G_3_A_1_16_4_comp1,P_3_A_1_16_4_comp1+3_A_1_16_4_comp2+3_A_1_16_4_comp3+3_A_1_16_4_comp4,R_3_A_1_16_4,TCDB,TCDB.3_A_1_16_4_comp1
G_3_A_1_16_4_comp2,P_3_A_1_16_4_comp1+3_A_1_16_4_comp2+3_A_1_16_4_comp3+3_A_1_16_4_comp4,R_3_A_1_16_4,TCDB,TCDB.3_A_1_16_4_comp2
G_3_A_1_16_4_comp3,P_3_A_1_16_4_comp1+3_A_1_16_4_comp2+3_A_1_16_4_comp3+3_A_1_16_4_comp4,R_3_A_1_16_4,TCDB,TCDB.3_A_1_16_4_comp3
G_3_A_1_16_4_comp4,P_3_A_1_16_4_comp1+3_A_1_16_4_comp2+3_A_1_16_4_comp3+3_A_1_16_4_comp4,R_3_A_1_16_4,TCDB,TCDB.3_A_1_16_4_comp4
G_3_A_1_11_3_comp1,P_3_A_1_11_3_comp1+3_A_1_11_3_comp2+3_A_1_11_3_comp3+3_A_1_11_3_comp4,R_3_A_1_11_3,TCDB,TCDB.3_A_1_11_3_comp1
G_3_A_1_11_3_comp2,P_3_A_1_11_3_comp1+3_A_1_11_3_comp2+3_A_1_11_3_comp3+3_A_1_11_3_comp4,R_3_A_1_11_3,TCDB,TCDB.3_A_1_11_3_comp2
G_3_A_1_11_3_comp3,P_3_A_1_11_3_comp1+3_A_1_11_3_comp2+3_A_1_11_3_comp3+3_A_1_11_3_comp4,R_3_A_1_11_3,TCDB,TCDB.3_A_1_11_3_comp3
G_3_A_1_11_3_comp4,P_3_A_1_11_3_comp1+3_A_1_11_3_comp2+3_A_1_11_3_comp3+3_A_1_11_3_comp4,R_3_A_1_11_3,TCDB,TCDB.3_A_1_11_3_comp4
G_1_B_13_1_2_comp1,P_1_B_13_1_2_comp1,R_1_B_13_1_2,TCDB,TCDB.1_B_13_1_2_comp1
G_2_A_66_2_4_comp1,P_2_A_66_2_4_comp1,R_2_A_66_2_4,TCDB,TCDB.2_A_66_2_4_comp1
G_2_A_6_1_12_comp1,P_2_A_6_1_12_comp1+2_A_6_1_12_comp2+2_A_6_1_12_comp3,R_2_A_6_1_12,TCDB,TCDB.2_A_6_1_12_comp1
G_2_A_6_1_12_comp2,P_2_A_6_1_12_comp1+2_A_6_1_12_comp2+2_A_6_1_12_comp3,R_2_A_6_1_12,TCDB,TCDB.2_A_6_1_12_comp2
G_2_A_6_1_12_comp3,P_2_A_6_1_12_comp1+2_A_6_1_12_comp2+2_A_6_1_12_comp3,R_2_A_6_1_12,TCDB,TCDB.2_A_6_1_12_comp3
G_2_A_1_31_1_comp1,P_2_A_1_31_1_comp1,R_2_A_1_31_1,TCDB,TCDB.2_A_1_31_1_comp1
G_1_B_64_1_1_comp1,P_1_B_64_1_1_comp1,R_1_B_64_1_1,TCDB,TCDB.1_B_64_1_1_comp1
G_1_B_4_2_20_comp1,P_1_B_4_2_20_comp1,R_1_B_4_2_20,TCDB,TCDB.1_B_4_2_20_comp1
G_1_B_70_1_15_comp1,P_1_B_70_1_15_comp1,R_1_B_70_1_15,TCDB,TCDB.1_B_70_1_15_comp1
G_1_E_17_1_1_comp1,P_1_E_17_1_1_comp1,R_1_E_17_1_1,TCDB,TCDB.1_E_17_1_1_comp1
G_1_B_51_1_1_comp1,P_1_B_51_1_1_comp1,R_1_B_51_1_1,TCDB,TCDB.1_B_51_1_1_comp1
G_1_E_17_1_5_comp1,P_1_E_17_1_5_comp1,R_1_E_17_1_5,TCDB,TCDB.1_E_17_1_5_comp1
G_9_B_31_1_2_comp1,P_9_B_31_1_2_comp1,R_9_B_31_1_2,TCDB,TCDB.9_B_31_1_2_comp1
G_2_A_25_1_5_comp1,P_2_A_25_1_5_comp1,R_2_A_25_1_5,TCDB,TCDB.2_A_25_1_5_comp1
G_2_A_1_6_5_comp1,P_2_A_1_6_5_comp1,R_2_A_1_6_5,TCDB,TCDB.2_A_1_6_5_comp1
G_1_B_17_3_3_comp1,P_1_B_17_3_3_comp1,R_1_B_17_3_3,TCDB,TCDB.1_B_17_3_3_comp1
G_1_A_26_1_1_comp1,P_1_A_26_1_1_comp1,R_1_A_26_1_1,TCDB,TCDB.1_A_26_1_1_comp1
G_2_A_77_1_2_comp1,P_2_A_77_1_2_comp1,R_2_A_77_1_2,TCDB,TCDB.2_A_77_1_2_comp1
G_2_A_52_1_6_comp1,P_2_A_52_1_6_comp1,R_2_A_52_1_6,TCDB,TCDB.2_A_52_1_6_comp1
G_2_A_37_2_3_comp1,P_2_A_37_2_3_comp1,R_2_A_37_2_3,TCDB,TCDB.2_A_37_2_3_comp1
G_1_B_12_2_3_comp1,P_1_B_12_2_3_comp1,R_1_B_12_2_3,TCDB,TCDB.1_B_12_2_3_comp1
G_1_B_12_2_2_comp1,P_1_B_12_2_2_comp1,R_1_B_12_2_2,TCDB,TCDB.1_B_12_2_2_comp1
G_3_A_7_3_1_comp1,P_3_A_7_3_1_comp1+3_A_7_3_1_comp2+3_A_7_3_1_comp3+3_A_7_3_1_comp4+3_A_7_3_1_comp5+3_A_7_3_1_comp6+3_A_7_3_1_comp7+3_A_7_3_1_comp8,R_3_A_7_3_1,TCDB,TCDB.3_A_7_3_1_comp1
G_3_A_7_3_1_comp2,P_3_A_7_3_1_comp1+3_A_7_3_1_comp2+3_A_7_3_1_comp3+3_A_7_3_1_comp4+3_A_7_3_1_comp5+3_A_7_3_1_comp6+3_A_7_3_1_comp7+3_A_7_3_1_comp8,R_3_A_7_3_1,TCDB,TCDB.3_A_7_3_1_comp2
G_3_A_7_3_1_comp3,P_3_A_7_3_1_comp1+3_A_7_3_1_comp2+3_A_7_3_1_comp3+3_A_7_3_1_comp4+3_A_7_3_1_comp5+3_A_7_3_1_comp6+3_A_7_3_1_comp7+3_A_7_3_1_comp8,R_3_A_7_3_1,TCDB,TCDB.3_A_7_3_1_comp3
G_3_A_7_3_1_comp4,P_3_A_7_3_1_comp1+3_A_7_3_1_comp2+3_A_7_3_1_comp3+3_A_7_3_1_comp4+3_A_7_3_1_comp5+3_A_7_3_1_comp6+3_A_7_3_1_comp7+3_A_7_3_1_comp8,R_3_A_7_3_1,TCDB,TCDB.3_A_7_3_1_comp4
G_3_A_7_3_1_comp5,P_3_A_7_3_1_comp1+3_A_7_3_1_comp2+3_A_7_3_1_comp3+3_A_7_3_1_comp4+3_A_7_3_1_comp5+3_A_7_3_1_comp6+3_A_7_3_1_comp7+3_A_7_3_1_comp8,R_3_A_7_3_1,TCDB,TCDB.3_A_7_3_1_comp5
G_3_A_7_3_1_comp6,P_3_A_7_3_1_comp1+3_A_7_3_1_comp2+3_A_7_3_1_comp3+3_A_7_3_1_comp4+3_A_7_3_1_comp5+3_A_7_3_1_comp6+3_A_7_3_1_comp7+3_A_7_3_1_comp8,R_3_A_7_3_1,TCDB,TCDB.3_A_7_3_1_comp6
G_3_A_7_3_1_comp7,P_3_A_7_3_1_comp1+3_A_7_3_1_comp2+3_A_7_3_1_comp3+3_A_7_3_1_comp4+3_A_7_3_1_comp5+3_A_7_3_1_comp6+3_A_7_3_1_comp7+3_A_7_3_1_comp8,R_3_A_7_3_1,TCDB,TCDB.3_A_7_3_1_comp7
G_3_A_7_3_1_comp8,P_3_A_7_3_1_comp1+3_A_7_3_1_comp2+3_A_7_3_1_comp3+3_A_7_3_1_comp4+3_A_7_3_1_comp5+3_A_7_3_1_comp6+3_A_7_3_1_comp7+3_A_7_3_1_comp8,R_3_A_7_3_1,TCDB,TCDB.3_A_7_3_1_comp8
G_1_B_18_3_2_comp1,P_1_B_18_3_2_comp1,R_1_B_18_3_2,TCDB,TCDB.1_B_18_3_2_comp1
G_8_A_3_3_3_comp1,P_8_A_3_3_3_comp1,R_8_A_3_3_3,TCDB,TCDB.8_A_3_3_3_comp1
G_2_A_66_2_11_comp1,P_2_A_66_2_11_comp1,R_2_A_66_2_11,TCDB,TCDB.2_A_66_2_11_comp1
G_1_C_5_2_2_comp1,P_1_C_5_2_2_comp1,R_1_C_5_2_2,TCDB,TCDB.1_C_5_2_2_comp1
G_3_A_1_133_1_comp1,P_3_A_1_133_1_comp1+3_A_1_133_1_comp2,R_3_A_1_133_1,TCDB,TCDB.3_A_1_133_1_comp1
G_3_A_1_133_1_comp2,P_3_A_1_133_1_comp1+3_A_1_133_1_comp2,R_3_A_1_133_1,TCDB,TCDB.3_A_1_133_1_comp2
G_2_A_1_65_9_comp1,P_2_A_1_65_9_comp1,R_2_A_1_65_9,TCDB,TCDB.2_A_1_65_9_comp1
G_1_C_71_1_3_comp1,P_1_C_71_1_3_comp1,R_1_C_71_1_3,TCDB,TCDB.1_C_71_1_3_comp1
G_1_C_5_3_1_comp1,P_1_C_5_3_1_comp1,R_1_C_5_3_1,TCDB,TCDB.1_C_5_3_1_comp1
G_1_C_78_1_1_comp1,P_1_C_78_1_1_comp1,R_1_C_78_1_1,TCDB,TCDB.1_C_78_1_1_comp1
G_1_C_2_3_1_comp1,P_1_C_2_3_1_comp1,R_1_C_2_3_1,TCDB,TCDB.1_C_2_3_1_comp1
G_1_C_41_2_1_comp1,P_1_C_41_2_1_comp1,R_1_C_41_2_1,TCDB,TCDB.1_C_41_2_1_comp1
G_1_B_14_6_1_comp1,P_1_B_14_6_1_comp1,R_1_B_14_6_1,TCDB,TCDB.1_B_14_6_1_comp1
G_2_A_1_85_2_comp1,P_2_A_1_85_2_comp1,R_2_A_1_85_2,TCDB,TCDB.2_A_1_85_2_comp1
G_1_C_111_1_4_comp1,P_1_C_111_1_4_comp1,R_1_C_111_1_4,TCDB,TCDB.1_C_111_1_4_comp1
G_1_E_36_3_1_comp1,P_1_E_36_3_1_comp1,R_1_E_36_3_1,TCDB,TCDB.1_E_36_3_1_comp1
G_1_E_32_1_1_comp1,P_1_E_32_1_1_comp1,R_1_E_32_1_1,TCDB,TCDB.1_E_32_1_1_comp1
G_9_B_159_6_1_comp1,P_9_B_159_6_1_comp1,R_9_B_159_6_1,TCDB,TCDB.9_B_159_6_1_comp1
G_1_A_1_5_33_comp1,P_1_A_1_5_33_comp1,R_1_A_1_5_33,TCDB,TCDB.1_A_1_5_33_comp1
G_2_A_3_1_12_comp1,P_2_A_3_1_12_comp1,R_2_A_3_1_12,TCDB,TCDB.2_A_3_1_12_comp1
G_2_A_96_2_1_comp1,P_2_A_96_2_1_comp1,R_2_A_96_2_1,TCDB,TCDB.2_A_96_2_1_comp1
G_1_C_57_1_4_comp1,P_1_C_57_1_4_comp1,R_1_C_57_1_4,TCDB,TCDB.1_C_57_1_4_comp1
G_1_C_42_1_3_comp1,P_1_C_42_1_3_comp1,R_1_C_42_1_3,TCDB,TCDB.1_C_42_1_3_comp1
G_2_A_1_21_6_comp1,P_2_A_1_21_6_comp1,R_2_A_1_21_6,TCDB,TCDB.2_A_1_21_6_comp1
G_1_C_3_2_2_comp1,P_1_C_3_2_2_comp1,R_1_C_3_2_2,TCDB,TCDB.1_C_3_2_2_comp1
G_1_C_22_1_9_comp1,P_1_C_22_1_9_comp1,R_1_C_22_1_9,TCDB,TCDB.1_C_22_1_9_comp1
G_1_C_57_1_3_comp1,P_1_C_57_1_3_comp1,R_1_C_57_1_3,TCDB,TCDB.1_C_57_1_3_comp1
G_1_E_19_3_2_comp1,P_1_E_19_3_2_comp1,R_1_E_19_3_2,TCDB,TCDB.1_E_19_3_2_comp1
G_1_B_2_1_4_comp1,P_1_B_2_1_4_comp1,R_1_B_2_1_4,TCDB,TCDB.1_B_2_1_4_comp1
G_2_A_133_1_2_comp1,P_2_A_133_1_2_comp1,R_2_A_133_1_2,TCDB,TCDB.2_A_133_1_2_comp1
G_1_C_98_1_1_comp1,P_1_C_98_1_1_comp1+1_C_98_1_1_comp2+1_C_98_1_1_comp3,R_1_C_98_1_1,TCDB,TCDB.1_C_98_1_1_comp1
G_1_C_98_1_1_comp2,P_1_C_98_1_1_comp1+1_C_98_1_1_comp2+1_C_98_1_1_comp3,R_1_C_98_1_1,TCDB,TCDB.1_C_98_1_1_comp2
G_1_C_98_1_1_comp3,P_1_C_98_1_1_comp1+1_C_98_1_1_comp2+1_C_98_1_1_comp3,R_1_C_98_1_1,TCDB,TCDB.1_C_98_1_1_comp3
G_3_A_7_6_1_comp1,P_3_A_7_6_1_comp1+3_A_7_6_1_comp2+3_A_7_6_1_comp3+3_A_7_6_1_comp4+3_A_7_6_1_comp5+3_A_7_6_1_comp6+3_A_7_6_1_comp7+3_A_7_6_1_comp8+3_A_7_6_1_comp9+3_A_7_6_1_comp10,R_3_A_7_6_1,TCDB,TCDB.3_A_7_6_1_comp1
G_3_A_7_6_1_comp2,P_3_A_7_6_1_comp1+3_A_7_6_1_comp2+3_A_7_6_1_comp3+3_A_7_6_1_comp4+3_A_7_6_1_comp5+3_A_7_6_1_comp6+3_A_7_6_1_comp7+3_A_7_6_1_comp8+3_A_7_6_1_comp9+3_A_7_6_1_comp10,R_3_A_7_6_1,TCDB,TCDB.3_A_7_6_1_comp2
G_3_A_7_6_1_comp3,P_3_A_7_6_1_comp1+3_A_7_6_1_comp2+3_A_7_6_1_comp3+3_A_7_6_1_comp4+3_A_7_6_1_comp5+3_A_7_6_1_comp6+3_A_7_6_1_comp7+3_A_7_6_1_comp8+3_A_7_6_1_comp9+3_A_7_6_1_comp10,R_3_A_7_6_1,TCDB,TCDB.3_A_7_6_1_comp3
G_3_A_7_6_1_comp4,P_3_A_7_6_1_comp1+3_A_7_6_1_comp2+3_A_7_6_1_comp3+3_A_7_6_1_comp4+3_A_7_6_1_comp5+3_A_7_6_1_comp6+3_A_7_6_1_comp7+3_A_7_6_1_comp8+3_A_7_6_1_comp9+3_A_7_6_1_comp10,R_3_A_7_6_1,TCDB,TCDB.3_A_7_6_1_comp4
G_3_A_7_6_1_comp5,P_3_A_7_6_1_comp1+3_A_7_6_1_comp2+3_A_7_6_1_comp3+3_A_7_6_1_comp4+3_A_7_6_1_comp5+3_A_7_6_1_comp6+3_A_7_6_1_comp7+3_A_7_6_1_comp8+3_A_7_6_1_comp9+3_A_7_6_1_comp10,R_3_A_7_6_1,TCDB,TCDB.3_A_7_6_1_comp5
G_3_A_7_6_1_comp6,P_3_A_7_6_1_comp1+3_A_7_6_1_comp2+3_A_7_6_1_comp3+3_A_7_6_1_comp4+3_A_7_6_1_comp5+3_A_7_6_1_comp6+3_A_7_6_1_comp7+3_A_7_6_1_comp8+3_A_7_6_1_comp9+3_A_7_6_1_comp10,R_3_A_7_6_1,TCDB,TCDB.3_A_7_6_1_comp6
G_3_A_7_6_1_comp7,P_3_A_7_6_1_comp1+3_A_7_6_1_comp2+3_A_7_6_1_comp3+3_A_7_6_1_comp4+3_A_7_6_1_comp5+3_A_7_6_1_comp6+3_A_7_6_1_comp7+3_A_7_6_1_comp8+3_A_7_6_1_comp9+3_A_7_6_1_comp10,R_3_A_7_6_1,TCDB,TCDB.3_A_7_6_1_comp7
G_3_A_7_6_1_comp8,P_3_A_7_6_1_comp1+3_A_7_6_1_comp2+3_A_7_6_1_comp3+3_A_7_6_1_comp4+3_A_7_6_1_comp5+3_A_7_6_1_comp6+3_A_7_6_1_comp7+3_A_7_6_1_comp8+3_A_7_6_1_comp9+3_A_7_6_1_comp10,R_3_A_7_6_1,TCDB,TCDB.3_A_7_6_1_comp8
G_3_A_7_6_1_comp9,P_3_A_7_6_1_comp1+3_A_7_6_1_comp2+3_A_7_6_1_comp3+3_A_7_6_1_comp4+3_A_7_6_1_comp5+3_A_7_6_1_comp6+3_A_7_6_1_comp7+3_A_7_6_1_comp8+3_A_7_6_1_comp9+3_A_7_6_1_comp10,R_3_A_7_6_1,TCDB,TCDB.3_A_7_6_1_comp9
G_3_A_7_6_1_comp10,P_3_A_7_6_1_comp1+3_A_7_6_1_comp2+3_A_7_6_1_comp3+3_A_7_6_1_comp4+3_A_7_6_1_comp5+3_A_7_6_1_comp6+3_A_7_6_1_comp7+3_A_7_6_1_comp8+3_A_7_6_1_comp9+3_A_7_6_1_comp10,R_3_A_7_6_1,TCDB,TCDB.3_A_7_6_1_comp10
G_3_A_2_1_12_comp1,P_3_A_2_1_12_comp1+3_A_2_1_12_comp2+3_A_2_1_12_comp3+3_A_2_1_12_comp4+3_A_2_1_12_comp5+3_A_2_1_12_comp6+3_A_2_1_12_comp7+3_A_2_1_12_comp8+3_A_2_1_12_comp9,R_3_A_2_1_12,TCDB,TCDB.3_A_2_1_12_comp1
G_3_A_2_1_12_comp2,P_3_A_2_1_12_comp1+3_A_2_1_12_comp2+3_A_2_1_12_comp3+3_A_2_1_12_comp4+3_A_2_1_12_comp5+3_A_2_1_12_comp6+3_A_2_1_12_comp7+3_A_2_1_12_comp8+3_A_2_1_12_comp9,R_3_A_2_1_12,TCDB,TCDB.3_A_2_1_12_comp2
G_3_A_2_1_12_comp3,P_3_A_2_1_12_comp1+3_A_2_1_12_comp2+3_A_2_1_12_comp3+3_A_2_1_12_comp4+3_A_2_1_12_comp5+3_A_2_1_12_comp6+3_A_2_1_12_comp7+3_A_2_1_12_comp8+3_A_2_1_12_comp9,R_3_A_2_1_12,TCDB,TCDB.3_A_2_1_12_comp3
G_3_A_2_1_12_comp4,P_3_A_2_1_12_comp1+3_A_2_1_12_comp2+3_A_2_1_12_comp3+3_A_2_1_12_comp4+3_A_2_1_12_comp5+3_A_2_1_12_comp6+3_A_2_1_12_comp7+3_A_2_1_12_comp8+3_A_2_1_12_comp9,R_3_A_2_1_12,TCDB,TCDB.3_A_2_1_12_comp4
G_3_A_2_1_12_comp5,P_3_A_2_1_12_comp1+3_A_2_1_12_comp2+3_A_2_1_12_comp3+3_A_2_1_12_comp4+3_A_2_1_12_comp5+3_A_2_1_12_comp6+3_A_2_1_12_comp7+3_A_2_1_12_comp8+3_A_2_1_12_comp9,R_3_A_2_1_12,TCDB,TCDB.3_A_2_1_12_comp5
G_3_A_2_1_12_comp6,P_3_A_2_1_12_comp1+3_A_2_1_12_comp2+3_A_2_1_12_comp3+3_A_2_1_12_comp4+3_A_2_1_12_comp5+3_A_2_1_12_comp6+3_A_2_1_12_comp7+3_A_2_1_12_comp8+3_A_2_1_12_comp9,R_3_A_2_1_12,TCDB,TCDB.3_A_2_1_12_comp6
G_3_A_2_1_12_comp7,P_3_A_2_1_12_comp1+3_A_2_1_12_comp2+3_A_2_1_12_comp3+3_A_2_1_12_comp4+3_A_2_1_12_comp5+3_A_2_1_12_comp6+3_A_2_1_12_comp7+3_A_2_1_12_comp8+3_A_2_1_12_comp9,R_3_A_2_1_12,TCDB,TCDB.3_A_2_1_12_comp7
G_3_A_2_1_12_comp8,P_3_A_2_1_12_comp1+3_A_2_1_12_comp2+3_A_2_1_12_comp3+3_A_2_1_12_comp4+3_A_2_1_12_comp5+3_A_2_1_12_comp6+3_A_2_1_12_comp7+3_A_2_1_12_comp8+3_A_2_1_12_comp9,R_3_A_2_1_12,TCDB,TCDB.3_A_2_1_12_comp8
G_3_A_2_1_12_comp9,P_3_A_2_1_12_comp1+3_A_2_1_12_comp2+3_A_2_1_12_comp3+3_A_2_1_12_comp4+3_A_2_1_12_comp5+3_A_2_1_12_comp6+3_A_2_1_12_comp7+3_A_2_1_12_comp8+3_A_2_1_12_comp9,R_3_A_2_1_12,TCDB,TCDB.3_A_2_1_12_comp9
G_2_A_1_63_1_comp1,P_2_A_1_63_1_comp1,R_2_A_1_63_1,TCDB,TCDB.2_A_1_63_1_comp1
G_2_A_40_7_7_comp1,P_2_A_40_7_7_comp1,R_2_A_40_7_7,TCDB,TCDB.2_A_40_7_7_comp1
G_2_A_40_3_3_comp1,P_2_A_40_3_3_comp1,R_2_A_40_3_3,TCDB,TCDB.2_A_40_3_3_comp1
G_9_B_120_1_1_comp1,P_9_B_120_1_1_comp1,R_9_B_120_1_1,TCDB,TCDB.9_B_120_1_1_comp1
G_1_A_54_5_4_comp1,P_1_A_54_5_4_comp1,R_1_A_54_5_4,TCDB,TCDB.1_A_54_5_4_comp1
G_2_A_14_1_2_comp1,P_2_A_14_1_2_comp1,R_2_A_14_1_2,TCDB,TCDB.2_A_14_1_2_comp1
G_9_B_331_1_2_comp1,P_9_B_331_1_2_comp1,R_9_B_331_1_2,TCDB,TCDB.9_B_331_1_2_comp1
G_9_B_331_1_3_comp1,P_9_B_331_1_3_comp1,R_9_B_331_1_3,TCDB,TCDB.9_B_331_1_3_comp1
G_9_B_444_1_1_comp1,P_9_B_444_1_1_comp1,R_9_B_444_1_1,TCDB,TCDB.9_B_444_1_1_comp1
G_2_A_8_1_7_comp1,P_2_A_8_1_7_comp1,R_2_A_8_1_7,TCDB,TCDB.2_A_8_1_7_comp1
G_2_A_1_1_95_comp1,P_2_A_1_1_95_comp1,R_2_A_1_1_95,TCDB,TCDB.2_A_1_1_95_comp1
G_1_C_58_1_2_comp1,P_1_C_58_1_2_comp1,R_1_C_58_1_2,TCDB,TCDB.1_C_58_1_2_comp1
G_9_B_144_2_1_comp1,P_9_B_144_2_1_comp1,R_9_B_144_2_1,TCDB,TCDB.9_B_144_2_1_comp1
G_9_B_29_2_8_comp1,P_9_B_29_2_8_comp1,R_9_B_29_2_8,TCDB,TCDB.9_B_29_2_8_comp1
G_9_B_104_1_2_comp1,P_9_B_104_1_2_comp1,R_9_B_104_1_2,TCDB,TCDB.9_B_104_1_2_comp1
G_3_A_1_106_19_comp1,P_3_A_1_106_19_comp1,R_3_A_1_106_19,TCDB,TCDB.3_A_1_106_19_comp1
G_2_A_1_2_109_comp1,P_2_A_1_2_109_comp1,R_2_A_1_2_109,TCDB,TCDB.2_A_1_2_109_comp1
G_2_A_1_15_3_comp1,P_2_A_1_15_3_comp1,R_2_A_1_15_3,TCDB,TCDB.2_A_1_15_3_comp1
G_3_A_1_14_4_comp1,P_3_A_1_14_4_comp1+3_A_1_14_4_comp2+3_A_1_14_4_comp3+3_A_1_14_4_comp4,R_3_A_1_14_4,TCDB,TCDB.3_A_1_14_4_comp1
G_3_A_1_14_4_comp2,P_3_A_1_14_4_comp1+3_A_1_14_4_comp2+3_A_1_14_4_comp3+3_A_1_14_4_comp4,R_3_A_1_14_4,TCDB,TCDB.3_A_1_14_4_comp2
G_3_A_1_14_4_comp3,P_3_A_1_14_4_comp1+3_A_1_14_4_comp2+3_A_1_14_4_comp3+3_A_1_14_4_comp4,R_3_A_1_14_4,TCDB,TCDB.3_A_1_14_4_comp3
G_3_A_1_14_4_comp4,P_3_A_1_14_4_comp1+3_A_1_14_4_comp2+3_A_1_14_4_comp3+3_A_1_14_4_comp4,R_3_A_1_14_4,TCDB,TCDB.3_A_1_14_4_comp4
G_1_C_57_3_3_comp1,P_1_C_57_3_3_comp1,R_1_C_57_3_3,TCDB,TCDB.1_C_57_3_3_comp1
G_1_C_1_2_3_comp1,P_1_C_1_2_3_comp1,R_1_C_1_2_3,TCDB,TCDB.1_C_1_2_3_comp1
G_2_A_1_27_1_comp1,P_2_A_1_27_1_comp1,R_2_A_1_27_1,TCDB,TCDB.2_A_1_27_1_comp1
G_1_E_4_1_1_comp1,P_1_E_4_1_1_comp1,R_1_E_4_1_1,TCDB,TCDB.1_E_4_1_1_comp1
G_1_B_76_1_5_comp1,P_1_B_76_1_5_comp1,R_1_B_76_1_5,TCDB,TCDB.1_B_76_1_5_comp1
G_9_B_62_1_1_comp1,P_9_B_62_1_1_comp1,R_9_B_62_1_1,TCDB,TCDB.9_B_62_1_1_comp1
G_1_C_1_2_1_comp1,P_1_C_1_2_1_comp1,R_1_C_1_2_1,TCDB,TCDB.1_C_1_2_1_comp1
G_1_B_95_1_1_comp1,P_1_B_95_1_1_comp1,R_1_B_95_1_1,TCDB,TCDB.1_B_95_1_1_comp1
G_4_D_1_1_11_comp1,P_4_D_1_1_11_comp1,R_4_D_1_1_11,TCDB,TCDB.4_D_1_1_11_comp1
G_3_A_1_17_1_comp1,P_3_A_1_17_1_comp1+3_A_1_17_1_comp2+3_A_1_17_1_comp3,R_3_A_1_17_1,TCDB,TCDB.3_A_1_17_1_comp1
G_3_A_1_17_1_comp2,P_3_A_1_17_1_comp1+3_A_1_17_1_comp2+3_A_1_17_1_comp3,R_3_A_1_17_1,TCDB,TCDB.3_A_1_17_1_comp2
G_3_A_1_17_1_comp3,P_3_A_1_17_1_comp1+3_A_1_17_1_comp2+3_A_1_17_1_comp3,R_3_A_1_17_1,TCDB,TCDB.3_A_1_17_1_comp3
G_2_A_3_1_10_comp1,P_2_A_3_1_10_comp1,R_2_A_3_1_10,TCDB,TCDB.2_A_3_1_10_comp1
G_1_B_12_4_2_comp1,P_1_B_12_4_2_comp1,R_1_B_12_4_2,TCDB,TCDB.1_B_12_4_2_comp1
G_1_B_25_1_5_comp1,P_1_B_25_1_5_comp1,R_1_B_25_1_5,TCDB,TCDB.1_B_25_1_5_comp1
G_1_C_28_1_1_comp1,P_1_C_28_1_1_comp1,R_1_C_28_1_1,TCDB,TCDB.1_C_28_1_1_comp1
G_1_C_24_1_4_comp1,P_1_C_24_1_4_comp1,R_1_C_24_1_4,TCDB,TCDB.1_C_24_1_4_comp1
G_2_A_42_1_4_comp1,P_2_A_42_1_4_comp1,R_2_A_42_1_4,TCDB,TCDB.2_A_42_1_4_comp1
G_1_E_15_1_1_comp1,P_1_E_15_1_1_comp1,R_1_E_15_1_1,TCDB,TCDB.1_E_15_1_1_comp1
G_1_C_41_1_2_comp1,P_1_C_41_1_2_comp1,R_1_C_41_1_2,TCDB,TCDB.1_C_41_1_2_comp1
G_2_A_52_2_2_comp1,P_2_A_52_2_2_comp1,R_2_A_52_2_2,TCDB,TCDB.2_A_52_2_2_comp1
G_1_B_32_1_1_comp1,P_1_B_32_1_1_comp1,R_1_B_32_1_1,TCDB,TCDB.1_B_32_1_1_comp1
G_2_A_1_56_1_comp1,P_2_A_1_56_1_comp1,R_2_A_1_56_1,TCDB,TCDB.2_A_1_56_1_comp1
G_2_A_7_35_9_comp1,P_2_A_7_35_9_comp1,R_2_A_7_35_9,TCDB,TCDB.2_A_7_35_9_comp1
G_9_B_169_1_10_comp1,P_9_B_169_1_10_comp1,R_9_B_169_1_10,TCDB,TCDB.9_B_169_1_10_comp1
G_2_A_115_2_7_comp1,P_2_A_115_2_7_comp1,R_2_A_115_2_7,TCDB,TCDB.2_A_115_2_7_comp1
G_1_B_1_2_3_comp1,P_1_B_1_2_3_comp1,R_1_B_1_2_3,TCDB,TCDB.1_B_1_2_3_comp1
G_1_B_1_3_2_comp1,P_1_B_1_3_2_comp1,R_1_B_1_3_2,TCDB,TCDB.1_B_1_3_2_comp1
G_9_A_44_1_1_comp1,P_9_A_44_1_1_comp1,R_9_A_44_1_1,TCDB,TCDB.9_A_44_1_1_comp1
G_1_B_12_7_1_comp1,P_1_B_12_7_1_comp1,R_1_B_12_7_1,TCDB,TCDB.1_B_12_7_1_comp1
G_1_C_9_1_2_comp1,P_1_C_9_1_2_comp1,R_1_C_9_1_2,TCDB,TCDB.1_C_9_1_2_comp1
G_2_A_52_1_4_comp1,P_2_A_52_1_4_comp1,R_2_A_52_1_4,TCDB,TCDB.2_A_52_1_4_comp1
G_1_E_7_1_2_comp1,P_1_E_7_1_2_comp1,R_1_E_7_1_2,TCDB,TCDB.1_E_7_1_2_comp1
G_1_B_26_1_1_comp1,P_1_B_26_1_1_comp1,R_1_B_26_1_1,TCDB,TCDB.1_B_26_1_1_comp1
G_3_A_1_1_6_comp1,P_3_A_1_1_6_comp1+3_A_1_1_6_comp2+3_A_1_1_6_comp3+3_A_1_1_6_comp4,R_3_A_1_1_6,TCDB,TCDB.3_A_1_1_6_comp1
G_3_A_1_1_6_comp2,P_3_A_1_1_6_comp1+3_A_1_1_6_comp2+3_A_1_1_6_comp3+3_A_1_1_6_comp4,R_3_A_1_1_6,TCDB,TCDB.3_A_1_1_6_comp2
G_3_A_1_1_6_comp3,P_3_A_1_1_6_comp1+3_A_1_1_6_comp2+3_A_1_1_6_comp3+3_A_1_1_6_comp4,R_3_A_1_1_6,TCDB,TCDB.3_A_1_1_6_comp3
G_3_A_1_1_6_comp4,P_3_A_1_1_6_comp1+3_A_1_1_6_comp2+3_A_1_1_6_comp3+3_A_1_1_6_comp4,R_3_A_1_1_6,TCDB,TCDB.3_A_1_1_6_comp4
G_3_A_1_103_1_comp1,P_3_A_1_103_1_comp1+3_A_1_103_1_comp2,R_3_A_1_103_1,TCDB,TCDB.3_A_1_103_1_comp1
G_3_A_1_103_1_comp2,P_3_A_1_103_1_comp1+3_A_1_103_1_comp2,R_3_A_1_103_1,TCDB,TCDB.3_A_1_103_1_comp2
G_1_B_37_1_1_comp1,P_1_B_37_1_1_comp1,R_1_B_37_1_1,TCDB,TCDB.1_B_37_1_1_comp1
G_3_A_1_124_1_comp1,P_3_A_1_124_1_comp1+3_A_1_124_1_comp2+3_A_1_124_1_comp3,R_3_A_1_124_1,TCDB,TCDB.3_A_1_124_1_comp1
G_3_A_1_124_1_comp2,P_3_A_1_124_1_comp1+3_A_1_124_1_comp2+3_A_1_124_1_comp3,R_3_A_1_124_1,TCDB,TCDB.3_A_1_124_1_comp2
G_3_A_1_124_1_comp3,P_3_A_1_124_1_comp1+3_A_1_124_1_comp2+3_A_1_124_1_comp3,R_3_A_1_124_1,TCDB,TCDB.3_A_1_124_1_comp3
G_2_A_1_2_5_comp1,P_2_A_1_2_5_comp1,R_2_A_1_2_5,TCDB,TCDB.2_A_1_2_5_comp1
G_2_A_24_3_2_comp1,P_2_A_24_3_2_comp1,R_2_A_24_3_2,TCDB,TCDB.2_A_24_3_2_comp1
G_2_A_69_4_5_comp1,P_2_A_69_4_5_comp1,R_2_A_69_4_5,TCDB,TCDB.2_A_69_4_5_comp1
G_3_D_8_1_2_comp1,P_3_D_8_1_2_comp1+3_D_8_1_2_comp2+3_D_8_1_2_comp3+3_D_8_1_2_comp4+3_D_8_1_2_comp5+3_D_8_1_2_comp6,R_3_D_8_1_2,TCDB,TCDB.3_D_8_1_2_comp1
G_3_D_8_1_2_comp2,P_3_D_8_1_2_comp1+3_D_8_1_2_comp2+3_D_8_1_2_comp3+3_D_8_1_2_comp4+3_D_8_1_2_comp5+3_D_8_1_2_comp6,R_3_D_8_1_2,TCDB,TCDB.3_D_8_1_2_comp2
G_3_D_8_1_2_comp3,P_3_D_8_1_2_comp1+3_D_8_1_2_comp2+3_D_8_1_2_comp3+3_D_8_1_2_comp4+3_D_8_1_2_comp5+3_D_8_1_2_comp6,R_3_D_8_1_2,TCDB,TCDB.3_D_8_1_2_comp3
G_3_D_8_1_2_comp4,P_3_D_8_1_2_comp1+3_D_8_1_2_comp2+3_D_8_1_2_comp3+3_D_8_1_2_comp4+3_D_8_1_2_comp5+3_D_8_1_2_comp6,R_3_D_8_1_2,TCDB,TCDB.3_D_8_1_2_comp4
G_3_D_8_1_2_comp5,P_3_D_8_1_2_comp1+3_D_8_1_2_comp2+3_D_8_1_2_comp3+3_D_8_1_2_comp4+3_D_8_1_2_comp5+3_D_8_1_2_comp6,R_3_D_8_1_2,TCDB,TCDB.3_D_8_1_2_comp5
G_3_D_8_1_2_comp6,P_3_D_8_1_2_comp1+3_D_8_1_2_comp2+3_D_8_1_2_comp3+3_D_8_1_2_comp4+3_D_8_1_2_comp5+3_D_8_1_2_comp6,R_3_D_8_1_2,TCDB,TCDB.3_D_8_1_2_comp6
G_1_B_14_8_5_comp1,P_1_B_14_8_5_comp1,R_1_B_14_8_5,TCDB,TCDB.1_B_14_8_5_comp1
G_4_A_1_1_12_comp1,P_4_A_1_1_12_comp1,R_4_A_1_1_12,TCDB,TCDB.4_A_1_1_12_comp1
G_9_B_365_1_1_comp1,P_9_B_365_1_1_comp1,R_9_B_365_1_1,TCDB,TCDB.9_B_365_1_1_comp1
G_2_A_18_8_6_comp1,P_2_A_18_8_6_comp1,R_2_A_18_8_6,TCDB,TCDB.2_A_18_8_6_comp1
G_2_A_18_8_4_comp1,P_2_A_18_8_4_comp1,R_2_A_18_8_4,TCDB,TCDB.2_A_18_8_4_comp1
G_2_A_1_22_6_comp1,P_2_A_1_22_6_comp1,R_2_A_1_22_6,TCDB,TCDB.2_A_1_22_6_comp1
G_2_A_112_1_17_comp1,P_2_A_112_1_17_comp1,R_2_A_112_1_17,TCDB,TCDB.2_A_112_1_17_comp1
G_3_A_3_2_32_comp1,P_3_A_3_2_32_comp1,R_3_A_3_2_32,TCDB,TCDB.3_A_3_2_32_comp1
G_2_A_29_10_3_comp1,P_2_A_29_10_3_comp1,R_2_A_29_10_3,TCDB,TCDB.2_A_29_10_3_comp1
G_1_A_77_3_33_comp1,P_1_A_77_3_33_comp1,R_1_A_77_3_33,TCDB,TCDB.1_A_77_3_33_comp1
G_9_B_82_1_4_comp1,P_9_B_82_1_4_comp1,R_9_B_82_1_4,TCDB,TCDB.9_B_82_1_4_comp1
G_1_A_138_1_1_comp1,P_1_A_138_1_1_comp1,R_1_A_138_1_1,TCDB,TCDB.1_A_138_1_1_comp1
G_9_B_232_2_1_comp1,P_9_B_232_2_1_comp1,R_9_B_232_2_1,TCDB,TCDB.9_B_232_2_1_comp1
G_1_A_11_1_8_comp1,P_1_A_11_1_8_comp1,R_1_A_11_1_8,TCDB,TCDB.1_A_11_1_8_comp1
G_1_H_3_1_1_comp1,P_1_H_3_1_1_comp1,R_1_H_3_1_1,TCDB,TCDB.1_H_3_1_1_comp1
G_2_A_110_2_2_comp1,P_2_A_110_2_2_comp1,R_2_A_110_2_2,TCDB,TCDB.2_A_110_2_2_comp1
G_9_B_228_1_4_comp1,P_9_B_228_1_4_comp1,R_9_B_228_1_4,TCDB,TCDB.9_B_228_1_4_comp1
G_8_A_61_1_3_comp1,P_8_A_61_1_3_comp1,R_8_A_61_1_3,TCDB,TCDB.8_A_61_1_3_comp1
G_9_A_54_1_5_comp1,P_9_A_54_1_5_comp1,R_9_A_54_1_5,TCDB,TCDB.9_A_54_1_5_comp1
G_2_A_97_1_5_comp1,P_2_A_97_1_5_comp1,R_2_A_97_1_5,TCDB,TCDB.2_A_97_1_5_comp1
G_2_A_20_2_11_comp1,P_2_A_20_2_11_comp1,R_2_A_20_2_11,TCDB,TCDB.2_A_20_2_11_comp1
G_2_A_2_3_11_comp1,P_2_A_2_3_11_comp1,R_2_A_2_3_11,TCDB,TCDB.2_A_2_3_11_comp1
G_2_A_47_2_4_comp1,P_2_A_47_2_4_comp1,R_2_A_47_2_4,TCDB,TCDB.2_A_47_2_4_comp1
G_1_A_8_13_5_comp1,P_1_A_8_13_5_comp1,R_1_A_8_13_5,TCDB,TCDB.1_A_8_13_5_comp1
G_1_A_75_1_11_comp1,P_1_A_75_1_11_comp1,R_1_A_75_1_11,TCDB,TCDB.1_A_75_1_11_comp1
G_1_A_1_11_35_comp1,P_1_A_1_11_35_comp1,R_1_A_1_11_35,TCDB,TCDB.1_A_1_11_35_comp1
G_1_A_75_1_6_comp1,P_1_A_75_1_6_comp1,R_1_A_75_1_6,TCDB,TCDB.1_A_75_1_6_comp1
G_1_A_67_2_2_comp1,P_1_A_67_2_2_comp1,R_1_A_67_2_2,TCDB,TCDB.1_A_67_2_2_comp1
G_1_B_54_1_3_comp1,P_1_B_54_1_3_comp1,R_1_B_54_1_3,TCDB,TCDB.1_B_54_1_3_comp1
G_2_A_7_3_37_comp1,P_2_A_7_3_37_comp1,R_2_A_7_3_37,TCDB,TCDB.2_A_7_3_37_comp1
G_1_B_54_1_4_comp1,P_1_B_54_1_4_comp1,R_1_B_54_1_4,TCDB,TCDB.1_B_54_1_4_comp1
G_1_A_16_4_2_comp1,P_1_A_16_4_2_comp1,R_1_A_16_4_2,TCDB,TCDB.1_A_16_4_2_comp1
G_2_A_91_1_1_comp1,P_2_A_91_1_1_comp1+2_A_91_1_1_comp2,R_2_A_91_1_1,TCDB,TCDB.2_A_91_1_1_comp1
G_2_A_91_1_1_comp2,P_2_A_91_1_1_comp1+2_A_91_1_1_comp2,R_2_A_91_1_1,TCDB,TCDB.2_A_91_1_1_comp2
G_2_A_36_7_5_comp1,P_2_A_36_7_5_comp1,R_2_A_36_7_5,TCDB,TCDB.2_A_36_7_5_comp1
G_1_A_6_3_2_comp1,P_1_A_6_3_2_comp1,R_1_A_6_3_2,TCDB,TCDB.1_A_6_3_2_comp1
G_2_A_108_3_3_comp1,P_2_A_108_3_3_comp1,R_2_A_108_3_3,TCDB,TCDB.2_A_108_3_3_comp1
G_2_A_16_4_5_comp1,P_2_A_16_4_5_comp1,R_2_A_16_4_5,TCDB,TCDB.2_A_16_4_5_comp1
G_9_A_53_1_1_comp1,P_9_A_53_1_1_comp1+9_A_53_1_1_comp2+9_A_53_1_1_comp3+9_A_53_1_1_comp4,R_9_A_53_1_1,TCDB,TCDB.9_A_53_1_1_comp1
G_9_A_53_1_1_comp2,P_9_A_53_1_1_comp1+9_A_53_1_1_comp2+9_A_53_1_1_comp3+9_A_53_1_1_comp4,R_9_A_53_1_1,TCDB,TCDB.9_A_53_1_1_comp2
G_9_A_53_1_1_comp3,P_9_A_53_1_1_comp1+9_A_53_1_1_comp2+9_A_53_1_1_comp3+9_A_53_1_1_comp4,R_9_A_53_1_1,TCDB,TCDB.9_A_53_1_1_comp3
G_9_A_53_1_1_comp4,P_9_A_53_1_1_comp1+9_A_53_1_1_comp2+9_A_53_1_1_comp3+9_A_53_1_1_comp4,R_9_A_53_1_1,TCDB,TCDB.9_A_53_1_1_comp4
G_1_C_4_5_1_comp1,P_1_C_4_5_1_comp1,R_1_C_4_5_1,TCDB,TCDB.1_C_4_5_1_comp1
G_9_B_121_6_1_comp1,P_9_B_121_6_1_comp1,R_9_B_121_6_1,TCDB,TCDB.9_B_121_6_1_comp1
G_1_B_34_3_1_comp1,P_1_B_34_3_1_comp1,R_1_B_34_3_1,TCDB,TCDB.1_B_34_3_1_comp1
G_9_B_183_1_3_comp1,P_9_B_183_1_3_comp1,R_9_B_183_1_3,TCDB,TCDB.9_B_183_1_3_comp1
G_2_A_66_7_1_comp1,P_2_A_66_7_1_comp1,R_2_A_66_7_1,TCDB,TCDB.2_A_66_7_1_comp1
G_9_B_62_1_5_comp1,P_9_B_62_1_5_comp1+9_B_62_1_5_comp2+9_B_62_1_5_comp3,R_9_B_62_1_5,TCDB,TCDB.9_B_62_1_5_comp1
G_9_B_62_1_5_comp2,P_9_B_62_1_5_comp1+9_B_62_1_5_comp2+9_B_62_1_5_comp3,R_9_B_62_1_5,TCDB,TCDB.9_B_62_1_5_comp2
G_9_B_62_1_5_comp3,P_9_B_62_1_5_comp1+9_B_62_1_5_comp2+9_B_62_1_5_comp3,R_9_B_62_1_5,TCDB,TCDB.9_B_62_1_5_comp3
G_1_B_76_1_6_comp1,P_1_B_76_1_6_comp1,R_1_B_76_1_6,TCDB,TCDB.1_B_76_1_6_comp1
G_9_B_164_1_1_comp1,P_9_B_164_1_1_comp1,R_9_B_164_1_1,TCDB,TCDB.9_B_164_1_1_comp1
G_1_A_17_1_4_comp1,P_1_A_17_1_4_comp1,R_1_A_17_1_4,TCDB,TCDB.1_A_17_1_4_comp1
G_8_A_118_1_2_comp1,P_8_A_118_1_2_comp1,R_8_A_118_1_2,TCDB,TCDB.8_A_118_1_2_comp1
G_2_A_86_1_12_comp1,P_2_A_86_1_12_comp1,R_2_A_86_1_12,TCDB,TCDB.2_A_86_1_12_comp1
G_9_B_286_1_4_comp1,P_9_B_286_1_4_comp1,R_9_B_286_1_4,TCDB,TCDB.9_B_286_1_4_comp1
G_1_B_47_1_1_comp1,P_1_B_47_1_1_comp1,R_1_B_47_1_1,TCDB,TCDB.1_B_47_1_1_comp1
G_4_C_1_1_8_comp1,P_4_C_1_1_8_comp1,R_4_C_1_1_8,TCDB,TCDB.4_C_1_1_8_comp1
G_2_A_6_2_34_comp1,P_2_A_6_2_34_comp1+2_A_6_2_34_comp2+2_A_6_2_34_comp3,R_2_A_6_2_34,TCDB,TCDB.2_A_6_2_34_comp1
G_2_A_6_2_34_comp2,P_2_A_6_2_34_comp1+2_A_6_2_34_comp2+2_A_6_2_34_comp3,R_2_A_6_2_34,TCDB,TCDB.2_A_6_2_34_comp2
G_2_A_6_2_34_comp3,P_2_A_6_2_34_comp1+2_A_6_2_34_comp2+2_A_6_2_34_comp3,R_2_A_6_2_34,TCDB,TCDB.2_A_6_2_34_comp3
G_2_A_6_2_35_comp1,P_2_A_6_2_35_comp1+2_A_6_2_35_comp2,R_2_A_6_2_35,TCDB,TCDB.2_A_6_2_35_comp1
G_2_A_6_2_35_comp2,P_2_A_6_2_35_comp1+2_A_6_2_35_comp2,R_2_A_6_2_35,TCDB,TCDB.2_A_6_2_35_comp2
G_1_C_39_6_3_comp1,P_1_C_39_6_3_comp1,R_1_C_39_6_3,TCDB,TCDB.1_C_39_6_3_comp1
G_2_A_105_1_6_comp1,P_2_A_105_1_6_comp1,R_2_A_105_1_6,TCDB,TCDB.2_A_105_1_6_comp1
G_1_B_69_1_8_comp1,P_1_B_69_1_8_comp1,R_1_B_69_1_8,TCDB,TCDB.1_B_69_1_8_comp1
G_1_B_8_6_2_comp1,P_1_B_8_6_2_comp1,R_1_B_8_6_2,TCDB,TCDB.1_B_8_6_2_comp1
G_3_A_3_9_6_comp1,P_3_A_3_9_6_comp1,R_3_A_3_9_6,TCDB,TCDB.3_A_3_9_6_comp1
G_2_A_7_4_2_comp1,P_2_A_7_4_2_comp1,R_2_A_7_4_2,TCDB,TCDB.2_A_7_4_2_comp1
G_1_H_3_1_5_comp1,P_1_H_3_1_5_comp1,R_1_H_3_1_5,TCDB,TCDB.1_H_3_1_5_comp1
G_3_A_1_201_26_comp1,P_3_A_1_201_26_comp1,R_3_A_1_201_26,TCDB,TCDB.3_A_1_201_26_comp1
G_9_B_228_1_5_comp1,P_9_B_228_1_5_comp1,R_9_B_228_1_5,TCDB,TCDB.9_B_228_1_5_comp1
G_3_A_1_210_12_comp1,P_3_A_1_210_12_comp1,R_3_A_1_210_12,TCDB,TCDB.3_A_1_210_12_comp1
G_2_A_5_1_11_comp1,P_2_A_5_1_11_comp1,R_2_A_5_1_11,TCDB,TCDB.2_A_5_1_11_comp1
G_3_A_20_1_4_comp1,P_3_A_20_1_4_comp1+3_A_20_1_4_comp2+3_A_20_1_4_comp3+3_A_20_1_4_comp4+3_A_20_1_4_comp5+3_A_20_1_4_comp6+3_A_20_1_4_comp7,R_3_A_20_1_4,TCDB,TCDB.3_A_20_1_4_comp1
G_3_A_20_1_4_comp2,P_3_A_20_1_4_comp1+3_A_20_1_4_comp2+3_A_20_1_4_comp3+3_A_20_1_4_comp4+3_A_20_1_4_comp5+3_A_20_1_4_comp6+3_A_20_1_4_comp7,R_3_A_20_1_4,TCDB,TCDB.3_A_20_1_4_comp2
G_3_A_20_1_4_comp3,P_3_A_20_1_4_comp1+3_A_20_1_4_comp2+3_A_20_1_4_comp3+3_A_20_1_4_comp4+3_A_20_1_4_comp5+3_A_20_1_4_comp6+3_A_20_1_4_comp7,R_3_A_20_1_4,TCDB,TCDB.3_A_20_1_4_comp3
G_3_A_20_1_4_comp4,P_3_A_20_1_4_comp1+3_A_20_1_4_comp2+3_A_20_1_4_comp3+3_A_20_1_4_comp4+3_A_20_1_4_comp5+3_A_20_1_4_comp6+3_A_20_1_4_comp7,R_3_A_20_1_4,TCDB,TCDB.3_A_20_1_4_comp4
G_3_A_20_1_4_comp5,P_3_A_20_1_4_comp1+3_A_20_1_4_comp2+3_A_20_1_4_comp3+3_A_20_1_4_comp4+3_A_20_1_4_comp5+3_A_20_1_4_comp6+3_A_20_1_4_comp7,R_3_A_20_1_4,TCDB,TCDB.3_A_20_1_4_comp5
G_3_A_20_1_4_comp6,P_3_A_20_1_4_comp1+3_A_20_1_4_comp2+3_A_20_1_4_comp3+3_A_20_1_4_comp4+3_A_20_1_4_comp5+3_A_20_1_4_comp6+3_A_20_1_4_comp7,R_3_A_20_1_4,TCDB,TCDB.3_A_20_1_4_comp6
G_3_A_20_1_4_comp7,P_3_A_20_1_4_comp1+3_A_20_1_4_comp2+3_A_20_1_4_comp3+3_A_20_1_4_comp4+3_A_20_1_4_comp5+3_A_20_1_4_comp6+3_A_20_1_4_comp7,R_3_A_20_1_4,TCDB,TCDB.3_A_20_1_4_comp7
G_1_A_101_1_4_comp1,P_1_A_101_1_4_comp1,R_1_A_101_1_4,TCDB,TCDB.1_A_101_1_4_comp1
G_1_A_101_1_7_comp1,P_1_A_101_1_7_comp1,R_1_A_101_1_7,TCDB,TCDB.1_A_101_1_7_comp1
G_2_A_29_31_2_comp1,P_2_A_29_31_2_comp1,R_2_A_29_31_2,TCDB,TCDB.2_A_29_31_2_comp1
G_1_A_35_3_6_comp1,P_1_A_35_3_6_comp1,R_1_A_35_3_6,TCDB,TCDB.1_A_35_3_6_comp1
G_2_A_57_2_6_comp1,P_2_A_57_2_6_comp1,R_2_A_57_2_6,TCDB,TCDB.2_A_57_2_6_comp1
G_2_A_57_2_7_comp1,P_2_A_57_2_7_comp1,R_2_A_57_2_7,TCDB,TCDB.2_A_57_2_7_comp1
G_1_H_3_1_17_comp1,P_1_H_3_1_17_comp1,R_1_H_3_1_17,TCDB,TCDB.1_H_3_1_17_comp1
G_1_A_5_3_6_comp1,P_1_A_5_3_6_comp1,R_1_A_5_3_6,TCDB,TCDB.1_A_5_3_6_comp1
G_1_B_20_3_2_comp1,P_1_B_20_3_2_comp1,R_1_B_20_3_2,TCDB,TCDB.1_B_20_3_2_comp1
G_2_A_111_1_3_comp1,P_2_A_111_1_3_comp1,R_2_A_111_1_3,TCDB,TCDB.2_A_111_1_3_comp1
G_9_B_87_1_5_comp1,P_9_B_87_1_5_comp1,R_9_B_87_1_5,TCDB,TCDB.9_B_87_1_5_comp1
G_2_A_7_32_2_comp1,P_2_A_7_32_2_comp1,R_2_A_7_32_2,TCDB,TCDB.2_A_7_32_2_comp1
G_1_A_56_3_1_comp1,P_1_A_56_3_1_comp1,R_1_A_56_3_1,TCDB,TCDB.1_A_56_3_1_comp1
G_2_A_1_19_31_comp1,P_2_A_1_19_31_comp1,R_2_A_1_19_31,TCDB,TCDB.2_A_1_19_31_comp1
G_1_A_111_1_8_comp1,P_1_A_111_1_8_comp1,R_1_A_111_1_8,TCDB,TCDB.1_A_111_1_8_comp1
G_8_A_65_1_6_comp1,P_8_A_65_1_6_comp1,R_8_A_65_1_6,TCDB,TCDB.8_A_65_1_6_comp1
G_9_B_215_1_2_comp1,P_9_B_215_1_2_comp1,R_9_B_215_1_2,TCDB,TCDB.9_B_215_1_2_comp1
G_3_A_1_15_21_comp1,P_3_A_1_15_21_comp1+3_A_1_15_21_comp2+3_A_1_15_21_comp3,R_3_A_1_15_21,TCDB,TCDB.3_A_1_15_21_comp1
G_3_A_1_15_21_comp2,P_3_A_1_15_21_comp1+3_A_1_15_21_comp2+3_A_1_15_21_comp3,R_3_A_1_15_21,TCDB,TCDB.3_A_1_15_21_comp2
G_3_A_1_15_21_comp3,P_3_A_1_15_21_comp1+3_A_1_15_21_comp2+3_A_1_15_21_comp3,R_3_A_1_15_21,TCDB,TCDB.3_A_1_15_21_comp3
G_8_A_19_1_5_comp1,P_8_A_19_1_5_comp1,R_8_A_19_1_5,TCDB,TCDB.8_A_19_1_5_comp1
G_2_A_1_57_6_comp1,P_2_A_1_57_6_comp1,R_2_A_1_57_6,TCDB,TCDB.2_A_1_57_6_comp1
G_9_B_413_1_1_comp1,P_9_B_413_1_1_comp1,R_9_B_413_1_1,TCDB,TCDB.9_B_413_1_1_comp1
G_2_A_29_10_9_comp1,P_2_A_29_10_9_comp1,R_2_A_29_10_9,TCDB,TCDB.2_A_29_10_9_comp1
G_3_A_3_10_20_comp1,P_3_A_3_10_20_comp1,R_3_A_3_10_20,TCDB,TCDB.3_A_3_10_20_comp1
G_2_A_7_21_1_comp1,P_2_A_7_21_1_comp1,R_2_A_7_21_1,TCDB,TCDB.2_A_7_21_1_comp1
G_2_A_6_2_20_comp1,P_2_A_6_2_20_comp1+2_A_6_2_20_comp2+2_A_6_2_20_comp3,R_2_A_6_2_20,TCDB,TCDB.2_A_6_2_20_comp1
G_2_A_6_2_20_comp2,P_2_A_6_2_20_comp1+2_A_6_2_20_comp2+2_A_6_2_20_comp3,R_2_A_6_2_20,TCDB,TCDB.2_A_6_2_20_comp2
G_2_A_6_2_20_comp3,P_2_A_6_2_20_comp1+2_A_6_2_20_comp2+2_A_6_2_20_comp3,R_2_A_6_2_20,TCDB,TCDB.2_A_6_2_20_comp3
G_3_A_1_105_4_comp1,P_3_A_1_105_4_comp1+3_A_1_105_4_comp2+3_A_1_105_4_comp3+3_A_1_105_4_comp4+3_A_1_105_4_comp5,R_3_A_1_105_4,TCDB,TCDB.3_A_1_105_4_comp1
G_3_A_1_105_4_comp2,P_3_A_1_105_4_comp1+3_A_1_105_4_comp2+3_A_1_105_4_comp3+3_A_1_105_4_comp4+3_A_1_105_4_comp5,R_3_A_1_105_4,TCDB,TCDB.3_A_1_105_4_comp2
G_3_A_1_105_4_comp3,P_3_A_1_105_4_comp1+3_A_1_105_4_comp2+3_A_1_105_4_comp3+3_A_1_105_4_comp4+3_A_1_105_4_comp5,R_3_A_1_105_4,TCDB,TCDB.3_A_1_105_4_comp3
G_3_A_1_105_4_comp4,P_3_A_1_105_4_comp1+3_A_1_105_4_comp2+3_A_1_105_4_comp3+3_A_1_105_4_comp4+3_A_1_105_4_comp5,R_3_A_1_105_4,TCDB,TCDB.3_A_1_105_4_comp4
G_3_A_1_105_4_comp5,P_3_A_1_105_4_comp1+3_A_1_105_4_comp2+3_A_1_105_4_comp3+3_A_1_105_4_comp4+3_A_1_105_4_comp5,R_3_A_1_105_4,TCDB,TCDB.3_A_1_105_4_comp5
G_1_A_1_23_1_comp1,P_1_A_1_23_1_comp1,R_1_A_1_23_1,TCDB,TCDB.1_A_1_23_1_comp1
G_2_A_57_1_16_comp1,P_2_A_57_1_16_comp1,R_2_A_57_1_16,TCDB,TCDB.2_A_57_1_16_comp1
G_1_A_51_2_1_comp1,P_1_A_51_2_1_comp1,R_1_A_51_2_1,TCDB,TCDB.1_A_51_2_1_comp1
G_1_A_56_3_2_comp1,P_1_A_56_3_2_comp1,R_1_A_56_3_2,TCDB,TCDB.1_A_56_3_2_comp1
G_3_A_1_205_30_comp1,P_3_A_1_205_30_comp1,R_3_A_1_205_30,TCDB,TCDB.3_A_1_205_30_comp1
G_9_B_20_1_3_comp1,P_9_B_20_1_3_comp1,R_9_B_20_1_3,TCDB,TCDB.9_B_20_1_3_comp1
G_1_A_56_1_16_comp1,P_1_A_56_1_16_comp1,R_1_A_56_1_16,TCDB,TCDB.1_A_56_1_16_comp1
G_2_A_7_24_11_comp1,P_2_A_7_24_11_comp1,R_2_A_7_24_11,TCDB,TCDB.2_A_7_24_11_comp1
G_9_B_143_5_3_comp1,P_9_B_143_5_3_comp1,R_9_B_143_5_3,TCDB,TCDB.9_B_143_5_3_comp1
G_1_A_56_1_18_comp1,P_1_A_56_1_18_comp1,R_1_A_56_1_18,TCDB,TCDB.1_A_56_1_18_comp1
G_1_N_3_1_7_comp1,P_1_N_3_1_7_comp1,R_1_N_3_1_7,TCDB,TCDB.1_N_3_1_7_comp1
G_1_A_1_26_1_comp1,P_1_A_1_26_1_comp1,R_1_A_1_26_1,TCDB,TCDB.1_A_1_26_1_comp1
G_1_E_31_3_1_comp1,P_1_E_31_3_1_comp1,R_1_E_31_3_1,TCDB,TCDB.1_E_31_3_1_comp1
G_2_A_36_2_3_comp1,P_2_A_36_2_3_comp1,R_2_A_36_2_3,TCDB,TCDB.2_A_36_2_3_comp1
G_2_A_15_1_3_comp1,P_2_A_15_1_3_comp1,R_2_A_15_1_3,TCDB,TCDB.2_A_15_1_3_comp1
G_2_A_1_3_3_comp1,P_2_A_1_3_3_comp1,R_2_A_1_3_3,TCDB,TCDB.2_A_1_3_3_comp1
G_2_A_37_1_12_comp1,P_2_A_37_1_12_comp1,R_2_A_37_1_12,TCDB,TCDB.2_A_37_1_12_comp1
G_2_A_5_4_14_comp1,P_2_A_5_4_14_comp1,R_2_A_5_4_14,TCDB,TCDB.2_A_5_4_14_comp1
G_3_A_1_203_4_comp1,P_3_A_1_203_4_comp1,R_3_A_1_203_4,TCDB,TCDB.3_A_1_203_4_comp1
G_1_C_21_1_2_comp1,P_1_C_21_1_2_comp1,R_1_C_21_1_2,TCDB,TCDB.1_C_21_1_2_comp1
G_3_A_1_103_3_comp1,P_3_A_1_103_3_comp1+3_A_1_103_3_comp2,R_3_A_1_103_3,TCDB,TCDB.3_A_1_103_3_comp1
G_3_A_1_103_3_comp2,P_3_A_1_103_3_comp1+3_A_1_103_3_comp2,R_3_A_1_103_3,TCDB,TCDB.3_A_1_103_3_comp2
G_4_D_1_3_4_comp1,P_4_D_1_3_4_comp1,R_4_D_1_3_4,TCDB,TCDB.4_D_1_3_4_comp1
G_1_A_98_1_2_comp1,P_1_A_98_1_2_comp1,R_1_A_98_1_2,TCDB,TCDB.1_A_98_1_2_comp1
G_2_A_3_8_11_comp1,P_2_A_3_8_11_comp1,R_2_A_3_8_11,TCDB,TCDB.2_A_3_8_11_comp1
G_9_B_159_8_1_comp1,P_9_B_159_8_1_comp1,R_9_B_159_8_1,TCDB,TCDB.9_B_159_8_1_comp1
G_1_B_14_2_1_comp1,P_1_B_14_2_1_comp1,R_1_B_14_2_1,TCDB,TCDB.1_B_14_2_1_comp1
G_2_A_1_11_1_comp1,P_2_A_1_11_1_comp1,R_2_A_1_11_1,TCDB,TCDB.2_A_1_11_1_comp1
G_3_A_1_113_2_comp1,P_3_A_1_113_2_comp1,R_3_A_1_113_2,TCDB,TCDB.3_A_1_113_2_comp1
G_2_A_6_2_15_comp1,P_2_A_6_2_15_comp1+2_A_6_2_15_comp2+2_A_6_2_15_comp3,R_2_A_6_2_15,TCDB,TCDB.2_A_6_2_15_comp1
G_2_A_6_2_15_comp2,P_2_A_6_2_15_comp1+2_A_6_2_15_comp2+2_A_6_2_15_comp3,R_2_A_6_2_15,TCDB,TCDB.2_A_6_2_15_comp2
G_2_A_6_2_15_comp3,P_2_A_6_2_15_comp1+2_A_6_2_15_comp2+2_A_6_2_15_comp3,R_2_A_6_2_15,TCDB,TCDB.2_A_6_2_15_comp3
G_1_A_29_1_1_comp1,P_1_A_29_1_1_comp1,R_1_A_29_1_1,TCDB,TCDB.1_A_29_1_1_comp1
G_1_C_106_4_1_comp1,P_1_C_106_4_1_comp1,R_1_C_106_4_1,TCDB,TCDB.1_C_106_4_1_comp1
G_1_B_19_1_1_comp1,P_1_B_19_1_1_comp1,R_1_B_19_1_1,TCDB,TCDB.1_B_19_1_1_comp1
G_2_A_6_2_21_comp1,P_2_A_6_2_21_comp1+2_A_6_2_21_comp2+2_A_6_2_21_comp3,R_2_A_6_2_21,TCDB,TCDB.2_A_6_2_21_comp1
G_2_A_6_2_21_comp2,P_2_A_6_2_21_comp1+2_A_6_2_21_comp2+2_A_6_2_21_comp3,R_2_A_6_2_21,TCDB,TCDB.2_A_6_2_21_comp2
G_2_A_6_2_21_comp3,P_2_A_6_2_21_comp1+2_A_6_2_21_comp2+2_A_6_2_21_comp3,R_2_A_6_2_21,TCDB,TCDB.2_A_6_2_21_comp3
G_1_B_25_1_2_comp1,P_1_B_25_1_2_comp1,R_1_B_25_1_2,TCDB,TCDB.1_B_25_1_2_comp1
G_3_D_4_10_1_comp1,P_3_D_4_10_1_comp1+3_D_4_10_1_comp2+3_D_4_10_1_comp3+3_D_4_10_1_comp4+3_D_4_10_1_comp5+3_D_4_10_1_comp6,R_3_D_4_10_1,TCDB,TCDB.3_D_4_10_1_comp1
G_3_D_4_10_1_comp2,P_3_D_4_10_1_comp1+3_D_4_10_1_comp2+3_D_4_10_1_comp3+3_D_4_10_1_comp4+3_D_4_10_1_comp5+3_D_4_10_1_comp6,R_3_D_4_10_1,TCDB,TCDB.3_D_4_10_1_comp2
G_3_D_4_10_1_comp3,P_3_D_4_10_1_comp1+3_D_4_10_1_comp2+3_D_4_10_1_comp3+3_D_4_10_1_comp4+3_D_4_10_1_comp5+3_D_4_10_1_comp6,R_3_D_4_10_1,TCDB,TCDB.3_D_4_10_1_comp3
G_3_D_4_10_1_comp4,P_3_D_4_10_1_comp1+3_D_4_10_1_comp2+3_D_4_10_1_comp3+3_D_4_10_1_comp4+3_D_4_10_1_comp5+3_D_4_10_1_comp6,R_3_D_4_10_1,TCDB,TCDB.3_D_4_10_1_comp4
G_3_D_4_10_1_comp5,P_3_D_4_10_1_comp1+3_D_4_10_1_comp2+3_D_4_10_1_comp3+3_D_4_10_1_comp4+3_D_4_10_1_comp5+3_D_4_10_1_comp6,R_3_D_4_10_1,TCDB,TCDB.3_D_4_10_1_comp5
G_3_D_4_10_1_comp6,P_3_D_4_10_1_comp1+3_D_4_10_1_comp2+3_D_4_10_1_comp3+3_D_4_10_1_comp4+3_D_4_10_1_comp5+3_D_4_10_1_comp6,R_3_D_4_10_1,TCDB,TCDB.3_D_4_10_1_comp6
G_3_D_4_2_2_comp1,P_3_D_4_2_2_comp1,R_3_D_4_2_2,TCDB,TCDB.3_D_4_2_2_comp1
G_2_A_1_15_1_comp1,P_2_A_1_15_1_comp1,R_2_A_1_15_1,TCDB,TCDB.2_A_1_15_1_comp1
G_2_A_1_6_3_comp1,P_2_A_1_6_3_comp1,R_2_A_1_6_3,TCDB,TCDB.2_A_1_6_3_comp1
G_3_A_7_14_1_comp1,P_3_A_7_14_1_comp1+3_A_7_14_1_comp2+3_A_7_14_1_comp3+3_A_7_14_1_comp4+3_A_7_14_1_comp5+3_A_7_14_1_comp6+3_A_7_14_1_comp7+3_A_7_14_1_comp8+3_A_7_14_1_comp9+3_A_7_14_1_comp10+3_A_7_14_1_comp11+3_A_7_14_1_comp12+3_A_7_14_1_comp13+3_A_7_14_1_comp14+3_A_7_14_1_comp15,R_3_A_7_14_1,TCDB,TCDB.3_A_7_14_1_comp1
G_3_A_7_14_1_comp2,P_3_A_7_14_1_comp1+3_A_7_14_1_comp2+3_A_7_14_1_comp3+3_A_7_14_1_comp4+3_A_7_14_1_comp5+3_A_7_14_1_comp6+3_A_7_14_1_comp7+3_A_7_14_1_comp8+3_A_7_14_1_comp9+3_A_7_14_1_comp10+3_A_7_14_1_comp11+3_A_7_14_1_comp12+3_A_7_14_1_comp13+3_A_7_14_1_comp14+3_A_7_14_1_comp15,R_3_A_7_14_1,TCDB,TCDB.3_A_7_14_1_comp2
G_3_A_7_14_1_comp3,P_3_A_7_14_1_comp1+3_A_7_14_1_comp2+3_A_7_14_1_comp3+3_A_7_14_1_comp4+3_A_7_14_1_comp5+3_A_7_14_1_comp6+3_A_7_14_1_comp7+3_A_7_14_1_comp8+3_A_7_14_1_comp9+3_A_7_14_1_comp10+3_A_7_14_1_comp11+3_A_7_14_1_comp12+3_A_7_14_1_comp13+3_A_7_14_1_comp14+3_A_7_14_1_comp15,R_3_A_7_14_1,TCDB,TCDB.3_A_7_14_1_comp3
G_3_A_7_14_1_comp4,P_3_A_7_14_1_comp1+3_A_7_14_1_comp2+3_A_7_14_1_comp3+3_A_7_14_1_comp4+3_A_7_14_1_comp5+3_A_7_14_1_comp6+3_A_7_14_1_comp7+3_A_7_14_1_comp8+3_A_7_14_1_comp9+3_A_7_14_1_comp10+3_A_7_14_1_comp11+3_A_7_14_1_comp12+3_A_7_14_1_comp13+3_A_7_14_1_comp14+3_A_7_14_1_comp15,R_3_A_7_14_1,TCDB,TCDB.3_A_7_14_1_comp4
G_3_A_7_14_1_comp5,P_3_A_7_14_1_comp1+3_A_7_14_1_comp2+3_A_7_14_1_comp3+3_A_7_14_1_comp4+3_A_7_14_1_comp5+3_A_7_14_1_comp6+3_A_7_14_1_comp7+3_A_7_14_1_comp8+3_A_7_14_1_comp9+3_A_7_14_1_comp10+3_A_7_14_1_comp11+3_A_7_14_1_comp12+3_A_7_14_1_comp13+3_A_7_14_1_comp14+3_A_7_14_1_comp15,R_3_A_7_14_1,TCDB,TCDB.3_A_7_14_1_comp5
G_3_A_7_14_1_comp6,P_3_A_7_14_1_comp1+3_A_7_14_1_comp2+3_A_7_14_1_comp3+3_A_7_14_1_comp4+3_A_7_14_1_comp5+3_A_7_14_1_comp6+3_A_7_14_1_comp7+3_A_7_14_1_comp8+3_A_7_14_1_comp9+3_A_7_14_1_comp10+3_A_7_14_1_comp11+3_A_7_14_1_comp12+3_A_7_14_1_comp13+3_A_7_14_1_comp14+3_A_7_14_1_comp15,R_3_A_7_14_1,TCDB,TCDB.3_A_7_14_1_comp6
G_3_A_7_14_1_comp7,P_3_A_7_14_1_comp1+3_A_7_14_1_comp2+3_A_7_14_1_comp3+3_A_7_14_1_comp4+3_A_7_14_1_comp5+3_A_7_14_1_comp6+3_A_7_14_1_comp7+3_A_7_14_1_comp8+3_A_7_14_1_comp9+3_A_7_14_1_comp10+3_A_7_14_1_comp11+3_A_7_14_1_comp12+3_A_7_14_1_comp13+3_A_7_14_1_comp14+3_A_7_14_1_comp15,R_3_A_7_14_1,TCDB,TCDB.3_A_7_14_1_comp7
G_3_A_7_14_1_comp8,P_3_A_7_14_1_comp1+3_A_7_14_1_comp2+3_A_7_14_1_comp3+3_A_7_14_1_comp4+3_A_7_14_1_comp5+3_A_7_14_1_comp6+3_A_7_14_1_comp7+3_A_7_14_1_comp8+3_A_7_14_1_comp9+3_A_7_14_1_comp10+3_A_7_14_1_comp11+3_A_7_14_1_comp12+3_A_7_14_1_comp13+3_A_7_14_1_comp14+3_A_7_14_1_comp15,R_3_A_7_14_1,TCDB,TCDB.3_A_7_14_1_comp8
G_3_A_7_14_1_comp9,P_3_A_7_14_1_comp1+3_A_7_14_1_comp2+3_A_7_14_1_comp3+3_A_7_14_1_comp4+3_A_7_14_1_comp5+3_A_7_14_1_comp6+3_A_7_14_1_comp7+3_A_7_14_1_comp8+3_A_7_14_1_comp9+3_A_7_14_1_comp10+3_A_7_14_1_comp11+3_A_7_14_1_comp12+3_A_7_14_1_comp13+3_A_7_14_1_comp14+3_A_7_14_1_comp15,R_3_A_7_14_1,TCDB,TCDB.3_A_7_14_1_comp9
G_3_A_7_14_1_comp10,P_3_A_7_14_1_comp1+3_A_7_14_1_comp2+3_A_7_14_1_comp3+3_A_7_14_1_comp4+3_A_7_14_1_comp5+3_A_7_14_1_comp6+3_A_7_14_1_comp7+3_A_7_14_1_comp8+3_A_7_14_1_comp9+3_A_7_14_1_comp10+3_A_7_14_1_comp11+3_A_7_14_1_comp12+3_A_7_14_1_comp13+3_A_7_14_1_comp14+3_A_7_14_1_comp15,R_3_A_7_14_1,TCDB,TCDB.3_A_7_14_1_comp10
G_3_A_7_14_1_comp11,P_3_A_7_14_1_comp1+3_A_7_14_1_comp2+3_A_7_14_1_comp3+3_A_7_14_1_comp4+3_A_7_14_1_comp5+3_A_7_14_1_comp6+3_A_7_14_1_comp7+3_A_7_14_1_comp8+3_A_7_14_1_comp9+3_A_7_14_1_comp10+3_A_7_14_1_comp11+3_A_7_14_1_comp12+3_A_7_14_1_comp13+3_A_7_14_1_comp14+3_A_7_14_1_comp15,R_3_A_7_14_1,TCDB,TCDB.3_A_7_14_1_comp11
G_3_A_7_14_1_comp12,P_3_A_7_14_1_comp1+3_A_7_14_1_comp2+3_A_7_14_1_comp3+3_A_7_14_1_comp4+3_A_7_14_1_comp5+3_A_7_14_1_comp6+3_A_7_14_1_comp7+3_A_7_14_1_comp8+3_A_7_14_1_comp9+3_A_7_14_1_comp10+3_A_7_14_1_comp11+3_A_7_14_1_comp12+3_A_7_14_1_comp13+3_A_7_14_1_comp14+3_A_7_14_1_comp15,R_3_A_7_14_1,TCDB,TCDB.3_A_7_14_1_comp12
G_3_A_7_14_1_comp13,P_3_A_7_14_1_comp1+3_A_7_14_1_comp2+3_A_7_14_1_comp3+3_A_7_14_1_comp4+3_A_7_14_1_comp5+3_A_7_14_1_comp6+3_A_7_14_1_comp7+3_A_7_14_1_comp8+3_A_7_14_1_comp9+3_A_7_14_1_comp10+3_A_7_14_1_comp11+3_A_7_14_1_comp12+3_A_7_14_1_comp13+3_A_7_14_1_comp14+3_A_7_14_1_comp15,R_3_A_7_14_1,TCDB,TCDB.3_A_7_14_1_comp13
G_3_A_7_14_1_comp14,P_3_A_7_14_1_comp1+3_A_7_14_1_comp2+3_A_7_14_1_comp3+3_A_7_14_1_comp4+3_A_7_14_1_comp5+3_A_7_14_1_comp6+3_A_7_14_1_comp7+3_A_7_14_1_comp8+3_A_7_14_1_comp9+3_A_7_14_1_comp10+3_A_7_14_1_comp11+3_A_7_14_1_comp12+3_A_7_14_1_comp13+3_A_7_14_1_comp14+3_A_7_14_1_comp15,R_3_A_7_14_1,TCDB,TCDB.3_A_7_14_1_comp14
G_3_A_7_14_1_comp15,P_3_A_7_14_1_comp1+3_A_7_14_1_comp2+3_A_7_14_1_comp3+3_A_7_14_1_comp4+3_A_7_14_1_comp5+3_A_7_14_1_comp6+3_A_7_14_1_comp7+3_A_7_14_1_comp8+3_A_7_14_1_comp9+3_A_7_14_1_comp10+3_A_7_14_1_comp11+3_A_7_14_1_comp12+3_A_7_14_1_comp13+3_A_7_14_1_comp14+3_A_7_14_1_comp15,R_3_A_7_14_1,TCDB,TCDB.3_A_7_14_1_comp15
G_1_C_60_1_1_comp1,P_1_C_60_1_1_comp1+1_C_60_1_1_comp2,R_1_C_60_1_1,TCDB,TCDB.1_C_60_1_1_comp1
G_1_C_60_1_1_comp2,P_1_C_60_1_1_comp1+1_C_60_1_1_comp2,R_1_C_60_1_1,TCDB,TCDB.1_C_60_1_1_comp2
G_4_D_1_1_1_comp1,P_4_D_1_1_1_comp1,R_4_D_1_1_1,TCDB,TCDB.4_D_1_1_1_comp1
G_1_A_26_1_4_comp1,P_1_A_26_1_4_comp1,R_1_A_26_1_4,TCDB,TCDB.1_A_26_1_4_comp1
G_4_D_1_1_9_comp1,P_4_D_1_1_9_comp1,R_4_D_1_1_9,TCDB,TCDB.4_D_1_1_9_comp1
G_3_A_1_3_7_comp1,P_3_A_1_3_7_comp1+3_A_1_3_7_comp2+3_A_1_3_7_comp3+3_A_1_3_7_comp4,R_3_A_1_3_7,TCDB,TCDB.3_A_1_3_7_comp1
G_3_A_1_3_7_comp2,P_3_A_1_3_7_comp1+3_A_1_3_7_comp2+3_A_1_3_7_comp3+3_A_1_3_7_comp4,R_3_A_1_3_7,TCDB,TCDB.3_A_1_3_7_comp2
G_3_A_1_3_7_comp3,P_3_A_1_3_7_comp1+3_A_1_3_7_comp2+3_A_1_3_7_comp3+3_A_1_3_7_comp4,R_3_A_1_3_7,TCDB,TCDB.3_A_1_3_7_comp3
G_3_A_1_3_7_comp4,P_3_A_1_3_7_comp1+3_A_1_3_7_comp2+3_A_1_3_7_comp3+3_A_1_3_7_comp4,R_3_A_1_3_7,TCDB,TCDB.3_A_1_3_7_comp4
G_1_B_7_1_1_comp1,P_1_B_7_1_1_comp1,R_1_B_7_1_1,TCDB,TCDB.1_B_7_1_1_comp1
G_3_A_1_3_8_comp1,P_3_A_1_3_8_comp1+3_A_1_3_8_comp2+3_A_1_3_8_comp3+3_A_1_3_8_comp4,R_3_A_1_3_8,TCDB,TCDB.3_A_1_3_8_comp1
G_3_A_1_3_8_comp2,P_3_A_1_3_8_comp1+3_A_1_3_8_comp2+3_A_1_3_8_comp3+3_A_1_3_8_comp4,R_3_A_1_3_8,TCDB,TCDB.3_A_1_3_8_comp2
G_3_A_1_3_8_comp3,P_3_A_1_3_8_comp1+3_A_1_3_8_comp2+3_A_1_3_8_comp3+3_A_1_3_8_comp4,R_3_A_1_3_8,TCDB,TCDB.3_A_1_3_8_comp3
G_3_A_1_3_8_comp4,P_3_A_1_3_8_comp1+3_A_1_3_8_comp2+3_A_1_3_8_comp3+3_A_1_3_8_comp4,R_3_A_1_3_8,TCDB,TCDB.3_A_1_3_8_comp4
G_2_A_63_1_1_comp1,P_2_A_63_1_1_comp1+2_A_63_1_1_comp2+2_A_63_1_1_comp3+2_A_63_1_1_comp4+2_A_63_1_1_comp5+2_A_63_1_1_comp6,R_2_A_63_1_1,TCDB,TCDB.2_A_63_1_1_comp1
G_2_A_63_1_1_comp2,P_2_A_63_1_1_comp1+2_A_63_1_1_comp2+2_A_63_1_1_comp3+2_A_63_1_1_comp4+2_A_63_1_1_comp5+2_A_63_1_1_comp6,R_2_A_63_1_1,TCDB,TCDB.2_A_63_1_1_comp2
G_2_A_63_1_1_comp3,P_2_A_63_1_1_comp1+2_A_63_1_1_comp2+2_A_63_1_1_comp3+2_A_63_1_1_comp4+2_A_63_1_1_comp5+2_A_63_1_1_comp6,R_2_A_63_1_1,TCDB,TCDB.2_A_63_1_1_comp3
G_2_A_63_1_1_comp4,P_2_A_63_1_1_comp1+2_A_63_1_1_comp2+2_A_63_1_1_comp3+2_A_63_1_1_comp4+2_A_63_1_1_comp5+2_A_63_1_1_comp6,R_2_A_63_1_1,TCDB,TCDB.2_A_63_1_1_comp4
G_2_A_63_1_1_comp5,P_2_A_63_1_1_comp1+2_A_63_1_1_comp2+2_A_63_1_1_comp3+2_A_63_1_1_comp4+2_A_63_1_1_comp5+2_A_63_1_1_comp6,R_2_A_63_1_1,TCDB,TCDB.2_A_63_1_1_comp5
G_2_A_63_1_1_comp6,P_2_A_63_1_1_comp1+2_A_63_1_1_comp2+2_A_63_1_1_comp3+2_A_63_1_1_comp4+2_A_63_1_1_comp5+2_A_63_1_1_comp6,R_2_A_63_1_1,TCDB,TCDB.2_A_63_1_1_comp6
G_1_A_65_1_3_comp1,P_1_A_65_1_3_comp1,R_1_A_65_1_3,TCDB,TCDB.1_A_65_1_3_comp1
G_1_E_45_1_1_comp1,P_1_E_45_1_1_comp1,R_1_E_45_1_1,TCDB,TCDB.1_E_45_1_1_comp1
G_2_A_3_5_1_comp1,P_2_A_3_5_1_comp1,R_2_A_3_5_1,TCDB,TCDB.2_A_3_5_1_comp1
G_1_A_29_1_2_comp1,P_1_A_29_1_2_comp1,R_1_A_29_1_2,TCDB,TCDB.1_A_29_1_2_comp1
G_3_A_1_110_7_comp1,P_3_A_1_110_7_comp1+3_A_1_110_7_comp2+3_A_1_110_7_comp3,R_3_A_1_110_7,TCDB,TCDB.3_A_1_110_7_comp1
G_3_A_1_110_7_comp2,P_3_A_1_110_7_comp1+3_A_1_110_7_comp2+3_A_1_110_7_comp3,R_3_A_1_110_7,TCDB,TCDB.3_A_1_110_7_comp2
G_3_A_1_110_7_comp3,P_3_A_1_110_7_comp1+3_A_1_110_7_comp2+3_A_1_110_7_comp3,R_3_A_1_110_7,TCDB,TCDB.3_A_1_110_7_comp3
G_1_C_4_2_1_comp1,P_1_C_4_2_1_comp1,R_1_C_4_2_1,TCDB,TCDB.1_C_4_2_1_comp1
G_3_A_1_120_3_comp1,P_3_A_1_120_3_comp1,R_3_A_1_120_3,TCDB,TCDB.3_A_1_120_3_comp1
G_3_A_1_105_2_comp1,P_3_A_1_105_2_comp1+3_A_1_105_2_comp2,R_3_A_1_105_2,TCDB,TCDB.3_A_1_105_2_comp1
G_3_A_1_105_2_comp2,P_3_A_1_105_2_comp1+3_A_1_105_2_comp2,R_3_A_1_105_2,TCDB,TCDB.3_A_1_105_2_comp2
G_1_C_3_4_1_comp1,P_1_C_3_4_1_comp1,R_1_C_3_4_1,TCDB,TCDB.1_C_3_4_1_comp1
G_3_A_1_120_1_comp1,P_3_A_1_120_1_comp1,R_3_A_1_120_1,TCDB,TCDB.3_A_1_120_1_comp1
G_2_A_24_2_1_comp1,P_2_A_24_2_1_comp1,R_2_A_24_2_1,TCDB,TCDB.2_A_24_2_1_comp1
G_2_A_6_5_1_comp1,P_2_A_6_5_1_comp1,R_2_A_6_5_1,TCDB,TCDB.2_A_6_5_1_comp1
G_2_A_1_3_7_comp1,P_2_A_1_3_7_comp1,R_2_A_1_3_7,TCDB,TCDB.2_A_1_3_7_comp1
G_4_A_1_1_14_comp1,P_4_A_1_1_14_comp1,R_4_A_1_1_14,TCDB,TCDB.4_A_1_1_14_comp1
G_8_A_179_1_1_comp1,P_8_A_179_1_1_comp1,R_8_A_179_1_1,TCDB,TCDB.8_A_179_1_1_comp1
G_1_A_12_1_3_comp1,P_1_A_12_1_3_comp1,R_1_A_12_1_3,TCDB,TCDB.1_A_12_1_3_comp1
G_2_A_92_1_7_comp1,P_2_A_92_1_7_comp1,R_2_A_92_1_7,TCDB,TCDB.2_A_92_1_7_comp1
G_1_C_47_2_1_comp1,P_1_C_47_2_1_comp1,R_1_C_47_2_1,TCDB,TCDB.1_C_47_2_1_comp1
G_8_A_75_1_4_comp1,P_8_A_75_1_4_comp1,R_8_A_75_1_4,TCDB,TCDB.8_A_75_1_4_comp1
G_5_B_2_1_3_comp1,P_5_B_2_1_3_comp1,R_5_B_2_1_3,TCDB,TCDB.5_B_2_1_3_comp1
G_3_A_1_14_25_comp1,P_3_A_1_14_25_comp1+3_A_1_14_25_comp2+3_A_1_14_25_comp3,R_3_A_1_14_25,TCDB,TCDB.3_A_1_14_25_comp1
G_3_A_1_14_25_comp2,P_3_A_1_14_25_comp1+3_A_1_14_25_comp2+3_A_1_14_25_comp3,R_3_A_1_14_25,TCDB,TCDB.3_A_1_14_25_comp2
G_3_A_1_14_25_comp3,P_3_A_1_14_25_comp1+3_A_1_14_25_comp2+3_A_1_14_25_comp3,R_3_A_1_14_25,TCDB,TCDB.3_A_1_14_25_comp3
G_3_A_1_20_5_comp1,P_3_A_1_20_5_comp1+3_A_1_20_5_comp2+3_A_1_20_5_comp3,R_3_A_1_20_5,TCDB,TCDB.3_A_1_20_5_comp1
G_3_A_1_20_5_comp2,P_3_A_1_20_5_comp1+3_A_1_20_5_comp2+3_A_1_20_5_comp3,R_3_A_1_20_5,TCDB,TCDB.3_A_1_20_5_comp2
G_3_A_1_20_5_comp3,P_3_A_1_20_5_comp1+3_A_1_20_5_comp2+3_A_1_20_5_comp3,R_3_A_1_20_5,TCDB,TCDB.3_A_1_20_5_comp3
G_4_D_1_1_2_comp1,P_4_D_1_1_2_comp1,R_4_D_1_1_2,TCDB,TCDB.4_D_1_1_2_comp1
G_3_A_1_123_1_comp1,P_3_A_1_123_1_comp1,R_3_A_1_123_1,TCDB,TCDB.3_A_1_123_1_comp1
G_3_A_1_119_1_comp1,P_3_A_1_119_1_comp1+3_A_1_119_1_comp2,R_3_A_1_119_1,TCDB,TCDB.3_A_1_119_1_comp1
G_3_A_1_119_1_comp2,P_3_A_1_119_1_comp1+3_A_1_119_1_comp2,R_3_A_1_119_1,TCDB,TCDB.3_A_1_119_1_comp2
G_1_C_126_1_1_comp1,P_1_C_126_1_1_comp1,R_1_C_126_1_1,TCDB,TCDB.1_C_126_1_1_comp1
G_1_E_25_2_1_comp1,P_1_E_25_2_1_comp1,R_1_E_25_2_1,TCDB,TCDB.1_E_25_2_1_comp1
G_1_B_14_5_1_comp1,P_1_B_14_5_1_comp1+1_B_14_5_1_comp2,R_1_B_14_5_1,TCDB,TCDB.1_B_14_5_1_comp1
G_1_B_14_5_1_comp2,P_1_B_14_5_1_comp1+1_B_14_5_1_comp2,R_1_B_14_5_1,TCDB,TCDB.1_B_14_5_1_comp2
G_1_A_72_4_1_comp1,P_1_A_72_4_1_comp1,R_1_A_72_4_1,TCDB,TCDB.1_A_72_4_1_comp1
G_1_B_18_2_3_comp1,P_1_B_18_2_3_comp1,R_1_B_18_2_3,TCDB,TCDB.1_B_18_2_3_comp1
G_2_A_1_3_5_comp1,P_2_A_1_3_5_comp1,R_2_A_1_3_5,TCDB,TCDB.2_A_1_3_5_comp1
G_1_C_21_1_3_comp1,P_1_C_21_1_3_comp1,R_1_C_21_1_3,TCDB,TCDB.1_C_21_1_3_comp1
G_1_A_17_2_1_comp1,P_1_A_17_2_1_comp1,R_1_A_17_2_1,TCDB,TCDB.1_A_17_2_1_comp1
G_3_A_1_205_19_comp1,P_3_A_1_205_19_comp1,R_3_A_1_205_19,TCDB,TCDB.3_A_1_205_19_comp1
G_1_A_55_6_2_comp1,P_1_A_55_6_2_comp1,R_1_A_55_6_2,TCDB,TCDB.1_A_55_6_2_comp1
G_9_B_247_1_7_comp1,P_9_B_247_1_7_comp1,R_9_B_247_1_7,TCDB,TCDB.9_B_247_1_7_comp1
G_1_A_17_5_14_comp1,P_1_A_17_5_14_comp1,R_1_A_17_5_14,TCDB,TCDB.1_A_17_5_14_comp1
G_2_A_7_24_2_comp1,P_2_A_7_24_2_comp1,R_2_A_7_24_2,TCDB,TCDB.2_A_7_24_2_comp1
G_2_A_1_58_6_comp1,P_2_A_1_58_6_comp1,R_2_A_1_58_6,TCDB,TCDB.2_A_1_58_6_comp1
G_2_A_67_2_6_comp1,P_2_A_67_2_6_comp1,R_2_A_67_2_6,TCDB,TCDB.2_A_67_2_6_comp1
G_9_A_14_15_3_comp1,P_9_A_14_15_3_comp1,R_9_A_14_15_3,TCDB,TCDB.9_A_14_15_3_comp1
G_5_B_1_1_12_comp1,P_5_B_1_1_12_comp1+5_B_1_1_12_comp2+5_B_1_1_12_comp3,R_5_B_1_1_12,TCDB,TCDB.5_B_1_1_12_comp1
G_5_B_1_1_12_comp2,P_5_B_1_1_12_comp1+5_B_1_1_12_comp2+5_B_1_1_12_comp3,R_5_B_1_1_12,TCDB,TCDB.5_B_1_1_12_comp2
G_5_B_1_1_12_comp3,P_5_B_1_1_12_comp1+5_B_1_1_12_comp2+5_B_1_1_12_comp3,R_5_B_1_1_12,TCDB,TCDB.5_B_1_1_12_comp3
G_9_B_206_1_4_comp1,P_9_B_206_1_4_comp1,R_9_B_206_1_4,TCDB,TCDB.9_B_206_1_4_comp1
G_1_C_97_1_3_comp1,P_1_C_97_1_3_comp1,R_1_C_97_1_3,TCDB,TCDB.1_C_97_1_3_comp1
G_2_A_92_1_9_comp1,P_2_A_92_1_9_comp1,R_2_A_92_1_9,TCDB,TCDB.2_A_92_1_9_comp1
G_8_A_44_1_3_comp1,P_8_A_44_1_3_comp1,R_8_A_44_1_3,TCDB,TCDB.8_A_44_1_3_comp1
G_2_A_123_1_14_comp1,P_2_A_123_1_14_comp1,R_2_A_123_1_14,TCDB,TCDB.2_A_123_1_14_comp1
G_9_B_87_1_39_comp1,P_9_B_87_1_39_comp1,R_9_B_87_1_39,TCDB,TCDB.9_B_87_1_39_comp1
G_2_A_3_15_4_comp1,P_2_A_3_15_4_comp1,R_2_A_3_15_4,TCDB,TCDB.2_A_3_15_4_comp1
G_1_R_2_1_3_comp1,P_1_R_2_1_3_comp1,R_1_R_2_1_3,TCDB,TCDB.1_R_2_1_3_comp1
G_1_C_35_2_2_comp1,P_1_C_35_2_2_comp1,R_1_C_35_2_2,TCDB,TCDB.1_C_35_2_2_comp1
G_2_A_19_10_1_comp1,P_2_A_19_10_1_comp1,R_2_A_19_10_1,TCDB,TCDB.2_A_19_10_1_comp1
G_1_A_77_1_4_comp1,P_1_A_77_1_4_comp1,R_1_A_77_1_4,TCDB,TCDB.1_A_77_1_4_comp1
G_1_A_111_1_5_comp1,P_1_A_111_1_5_comp1,R_1_A_111_1_5,TCDB,TCDB.1_A_111_1_5_comp1
G_2_A_5_1_9_comp1,P_2_A_5_1_9_comp1,R_2_A_5_1_9,TCDB,TCDB.2_A_5_1_9_comp1
G_9_B_315_1_4_comp1,P_9_B_315_1_4_comp1,R_9_B_315_1_4,TCDB,TCDB.9_B_315_1_4_comp1
G_1_A_76_1_4_comp1,P_1_A_76_1_4_comp1,R_1_A_76_1_4,TCDB,TCDB.1_A_76_1_4_comp1
G_9_A_49_1_10_comp1,P_9_A_49_1_10_comp1,R_9_A_49_1_10,TCDB,TCDB.9_A_49_1_10_comp1
G_9_B_102_1_3_comp1,P_9_B_102_1_3_comp1,R_9_B_102_1_3,TCDB,TCDB.9_B_102_1_3_comp1
G_1_A_106_1_11_comp1,P_1_A_106_1_11_comp1,R_1_A_106_1_11,TCDB,TCDB.1_A_106_1_11_comp1
G_2_A_7_8_2_comp1,P_2_A_7_8_2_comp1,R_2_A_7_8_2,TCDB,TCDB.2_A_7_8_2_comp1
G_9_B_123_2_1_comp1,P_9_B_123_2_1_comp1,R_9_B_123_2_1,TCDB,TCDB.9_B_123_2_1_comp1
G_1_A_8_10_8_comp1,P_1_A_8_10_8_comp1,R_1_A_8_10_8,TCDB,TCDB.1_A_8_10_8_comp1
G_3_A_3_10_9_comp1,P_3_A_3_10_9_comp1,R_3_A_3_10_9,TCDB,TCDB.3_A_3_10_9_comp1
G_1_A_76_2_4_comp1,P_1_A_76_2_4_comp1,R_1_A_76_2_4,TCDB,TCDB.1_A_76_2_4_comp1
G_1_B_8_6_4_comp1,P_1_B_8_6_4_comp1,R_1_B_8_6_4,TCDB,TCDB.1_B_8_6_4_comp1
G_9_B_202_1_2_comp1,P_9_B_202_1_2_comp1,R_9_B_202_1_2,TCDB,TCDB.9_B_202_1_2_comp1
G_2_A_7_32_3_comp1,P_2_A_7_32_3_comp1,R_2_A_7_32_3,TCDB,TCDB.2_A_7_32_3_comp1
G_9_B_20_2_1_comp1,P_9_B_20_2_1_comp1,R_9_B_20_2_1,TCDB,TCDB.9_B_20_2_1_comp1
G_2_A_51_1_2_comp1,P_2_A_51_1_2_comp1,R_2_A_51_1_2,TCDB,TCDB.2_A_51_1_2_comp1
G_3_A_1_1_32_comp1,P_3_A_1_1_32_comp1+3_A_1_1_32_comp2+3_A_1_1_32_comp3+3_A_1_1_32_comp4,R_3_A_1_1_32,TCDB,TCDB.3_A_1_1_32_comp1
G_3_A_1_1_32_comp2,P_3_A_1_1_32_comp1+3_A_1_1_32_comp2+3_A_1_1_32_comp3+3_A_1_1_32_comp4,R_3_A_1_1_32,TCDB,TCDB.3_A_1_1_32_comp2
G_3_A_1_1_32_comp3,P_3_A_1_1_32_comp1+3_A_1_1_32_comp2+3_A_1_1_32_comp3+3_A_1_1_32_comp4,R_3_A_1_1_32,TCDB,TCDB.3_A_1_1_32_comp3
G_3_A_1_1_32_comp4,P_3_A_1_1_32_comp1+3_A_1_1_32_comp2+3_A_1_1_32_comp3+3_A_1_1_32_comp4,R_3_A_1_1_32,TCDB,TCDB.3_A_1_1_32_comp4
G_1_A_29_1_4_comp1,P_1_A_29_1_4_comp1,R_1_A_29_1_4,TCDB,TCDB.1_A_29_1_4_comp1
G_2_A_37_2_4_comp1,P_2_A_37_2_4_comp1,R_2_A_37_2_4,TCDB,TCDB.2_A_37_2_4_comp1
G_3_A_1_15_1_comp1,P_3_A_1_15_1_comp1+3_A_1_15_1_comp2+3_A_1_15_1_comp3,R_3_A_1_15_1,TCDB,TCDB.3_A_1_15_1_comp1
G_3_A_1_15_1_comp2,P_3_A_1_15_1_comp1+3_A_1_15_1_comp2+3_A_1_15_1_comp3,R_3_A_1_15_1,TCDB,TCDB.3_A_1_15_1_comp2
G_3_A_1_15_1_comp3,P_3_A_1_15_1_comp1+3_A_1_15_1_comp2+3_A_1_15_1_comp3,R_3_A_1_15_1,TCDB,TCDB.3_A_1_15_1_comp3
G_2_A_36_1_11_comp1,P_2_A_36_1_11_comp1,R_2_A_36_1_11,TCDB,TCDB.2_A_36_1_11_comp1
G_2_A_55_2_10_comp1,P_2_A_55_2_10_comp1,R_2_A_55_2_10,TCDB,TCDB.2_A_55_2_10_comp1
G_8_A_73_1_4_comp1,P_8_A_73_1_4_comp1,R_8_A_73_1_4,TCDB,TCDB.8_A_73_1_4_comp1
G_4_D_1_1_14_comp1,P_4_D_1_1_14_comp1,R_4_D_1_1_14,TCDB,TCDB.4_D_1_1_14_comp1
G_1_B_11_6_4_comp1,P_1_B_11_6_4_comp1,R_1_B_11_6_4,TCDB,TCDB.1_B_11_6_4_comp1
G_2_A_71_2_3_comp1,P_2_A_71_2_3_comp1,R_2_A_71_2_3,TCDB,TCDB.2_A_71_2_3_comp1
G_1_A_1_28_3_comp1,P_1_A_1_28_3_comp1,R_1_A_1_28_3,TCDB,TCDB.1_A_1_28_3_comp1
G_1_A_30_2_11_comp1,P_1_A_30_2_11_comp1+1_A_30_2_11_comp2+1_A_30_2_11_comp3,R_1_A_30_2_11,TCDB,TCDB.1_A_30_2_11_comp1
G_1_A_30_2_11_comp2,P_1_A_30_2_11_comp1+1_A_30_2_11_comp2+1_A_30_2_11_comp3,R_1_A_30_2_11,TCDB,TCDB.1_A_30_2_11_comp2
G_1_A_30_2_11_comp3,P_1_A_30_2_11_comp1+1_A_30_2_11_comp2+1_A_30_2_11_comp3,R_1_A_30_2_11,TCDB,TCDB.1_A_30_2_11_comp3
G_2_A_49_5_2_comp1,P_2_A_49_5_2_comp1,R_2_A_49_5_2,TCDB,TCDB.2_A_49_5_2_comp1
G_1_A_13_2_2_comp1,P_1_A_13_2_2_comp1,R_1_A_13_2_2,TCDB,TCDB.1_A_13_2_2_comp1
G_2_A_1_31_2_comp1,P_2_A_1_31_2_comp1,R_2_A_1_31_2,TCDB,TCDB.2_A_1_31_2_comp1
G_1_A_8_8_20_comp1,P_1_A_8_8_20_comp1,R_1_A_8_8_20,TCDB,TCDB.1_A_8_8_20_comp1
G_2_A_48_1_5_comp1,P_2_A_48_1_5_comp1,R_2_A_48_1_5,TCDB,TCDB.2_A_48_1_5_comp1
G_9_B_216_1_3_comp1,P_9_B_216_1_3_comp1,R_9_B_216_1_3,TCDB,TCDB.9_B_216_1_3_comp1
G_3_A_1_204_13_comp1,P_3_A_1_204_13_comp1,R_3_A_1_204_13,TCDB,TCDB.3_A_1_204_13_comp1
G_8_A_68_1_4_comp1,P_8_A_68_1_4_comp1,R_8_A_68_1_4,TCDB,TCDB.8_A_68_1_4_comp1
G_1_H_1_3_1_comp1,P_1_H_1_3_1_comp1,R_1_H_1_3_1,TCDB,TCDB.1_H_1_3_1_comp1
G_9_B_178_1_5_comp1,P_9_B_178_1_5_comp1,R_9_B_178_1_5,TCDB,TCDB.9_B_178_1_5_comp1
G_9_B_178_1_6_comp1,P_9_B_178_1_6_comp1,R_9_B_178_1_6,TCDB,TCDB.9_B_178_1_6_comp1
G_9_B_143_5_2_comp1,P_9_B_143_5_2_comp1,R_9_B_143_5_2,TCDB,TCDB.9_B_143_5_2_comp1
G_1_C_36_3_2_comp1,P_1_C_36_3_2_comp1+1_C_36_3_2_comp2,R_1_C_36_3_2,TCDB,TCDB.1_C_36_3_2_comp1
G_1_C_36_3_2_comp2,P_1_C_36_3_2_comp1+1_C_36_3_2_comp2,R_1_C_36_3_2,TCDB,TCDB.1_C_36_3_2_comp2
G_3_A_7_10_1_comp1,P_3_A_7_10_1_comp1+3_A_7_10_1_comp2+3_A_7_10_1_comp3+3_A_7_10_1_comp4+3_A_7_10_1_comp5+3_A_7_10_1_comp6+3_A_7_10_1_comp7+3_A_7_10_1_comp8+3_A_7_10_1_comp9+3_A_7_10_1_comp10,R_3_A_7_10_1,TCDB,TCDB.3_A_7_10_1_comp1
G_3_A_7_10_1_comp2,P_3_A_7_10_1_comp1+3_A_7_10_1_comp2+3_A_7_10_1_comp3+3_A_7_10_1_comp4+3_A_7_10_1_comp5+3_A_7_10_1_comp6+3_A_7_10_1_comp7+3_A_7_10_1_comp8+3_A_7_10_1_comp9+3_A_7_10_1_comp10,R_3_A_7_10_1,TCDB,TCDB.3_A_7_10_1_comp2
G_3_A_7_10_1_comp3,P_3_A_7_10_1_comp1+3_A_7_10_1_comp2+3_A_7_10_1_comp3+3_A_7_10_1_comp4+3_A_7_10_1_comp5+3_A_7_10_1_comp6+3_A_7_10_1_comp7+3_A_7_10_1_comp8+3_A_7_10_1_comp9+3_A_7_10_1_comp10,R_3_A_7_10_1,TCDB,TCDB.3_A_7_10_1_comp3
G_3_A_7_10_1_comp4,P_3_A_7_10_1_comp1+3_A_7_10_1_comp2+3_A_7_10_1_comp3+3_A_7_10_1_comp4+3_A_7_10_1_comp5+3_A_7_10_1_comp6+3_A_7_10_1_comp7+3_A_7_10_1_comp8+3_A_7_10_1_comp9+3_A_7_10_1_comp10,R_3_A_7_10_1,TCDB,TCDB.3_A_7_10_1_comp4
G_3_A_7_10_1_comp5,P_3_A_7_10_1_comp1+3_A_7_10_1_comp2+3_A_7_10_1_comp3+3_A_7_10_1_comp4+3_A_7_10_1_comp5+3_A_7_10_1_comp6+3_A_7_10_1_comp7+3_A_7_10_1_comp8+3_A_7_10_1_comp9+3_A_7_10_1_comp10,R_3_A_7_10_1,TCDB,TCDB.3_A_7_10_1_comp5
G_3_A_7_10_1_comp6,P_3_A_7_10_1_comp1+3_A_7_10_1_comp2+3_A_7_10_1_comp3+3_A_7_10_1_comp4+3_A_7_10_1_comp5+3_A_7_10_1_comp6+3_A_7_10_1_comp7+3_A_7_10_1_comp8+3_A_7_10_1_comp9+3_A_7_10_1_comp10,R_3_A_7_10_1,TCDB,TCDB.3_A_7_10_1_comp6
G_3_A_7_10_1_comp7,P_3_A_7_10_1_comp1+3_A_7_10_1_comp2+3_A_7_10_1_comp3+3_A_7_10_1_comp4+3_A_7_10_1_comp5+3_A_7_10_1_comp6+3_A_7_10_1_comp7+3_A_7_10_1_comp8+3_A_7_10_1_comp9+3_A_7_10_1_comp10,R_3_A_7_10_1,TCDB,TCDB.3_A_7_10_1_comp7
G_3_A_7_10_1_comp8,P_3_A_7_10_1_comp1+3_A_7_10_1_comp2+3_A_7_10_1_comp3+3_A_7_10_1_comp4+3_A_7_10_1_comp5+3_A_7_10_1_comp6+3_A_7_10_1_comp7+3_A_7_10_1_comp8+3_A_7_10_1_comp9+3_A_7_10_1_comp10,R_3_A_7_10_1,TCDB,TCDB.3_A_7_10_1_comp8
G_3_A_7_10_1_comp9,P_3_A_7_10_1_comp1+3_A_7_10_1_comp2+3_A_7_10_1_comp3+3_A_7_10_1_comp4+3_A_7_10_1_comp5+3_A_7_10_1_comp6+3_A_7_10_1_comp7+3_A_7_10_1_comp8+3_A_7_10_1_comp9+3_A_7_10_1_comp10,R_3_A_7_10_1,TCDB,TCDB.3_A_7_10_1_comp9
G_3_A_7_10_1_comp10,P_3_A_7_10_1_comp1+3_A_7_10_1_comp2+3_A_7_10_1_comp3+3_A_7_10_1_comp4+3_A_7_10_1_comp5+3_A_7_10_1_comp6+3_A_7_10_1_comp7+3_A_7_10_1_comp8+3_A_7_10_1_comp9+3_A_7_10_1_comp10,R_3_A_7_10_1,TCDB,TCDB.3_A_7_10_1_comp10
G_1_B_1_1_27_comp1,P_1_B_1_1_27_comp1,R_1_B_1_1_27,TCDB,TCDB.1_B_1_1_27_comp1
G_1_B_1_1_22_comp1,P_1_B_1_1_22_comp1,R_1_B_1_1_22,TCDB,TCDB.1_B_1_1_22_comp1
G_3_D_1_3_1_comp1,P_3_D_1_3_1_comp1+3_D_1_3_1_comp2+3_D_1_3_1_comp3+3_D_1_3_1_comp4+3_D_1_3_1_comp5+3_D_1_3_1_comp6+3_D_1_3_1_comp7+3_D_1_3_1_comp8+3_D_1_3_1_comp9+3_D_1_3_1_comp10+3_D_1_3_1_comp11+3_D_1_3_1_comp12+3_D_1_3_1_comp13+3_D_1_3_1_comp14+3_D_1_3_1_comp15,R_3_D_1_3_1,TCDB,TCDB.3_D_1_3_1_comp1
G_3_D_1_3_1_comp2,P_3_D_1_3_1_comp1+3_D_1_3_1_comp2+3_D_1_3_1_comp3+3_D_1_3_1_comp4+3_D_1_3_1_comp5+3_D_1_3_1_comp6+3_D_1_3_1_comp7+3_D_1_3_1_comp8+3_D_1_3_1_comp9+3_D_1_3_1_comp10+3_D_1_3_1_comp11+3_D_1_3_1_comp12+3_D_1_3_1_comp13+3_D_1_3_1_comp14+3_D_1_3_1_comp15,R_3_D_1_3_1,TCDB,TCDB.3_D_1_3_1_comp2
G_3_D_1_3_1_comp3,P_3_D_1_3_1_comp1+3_D_1_3_1_comp2+3_D_1_3_1_comp3+3_D_1_3_1_comp4+3_D_1_3_1_comp5+3_D_1_3_1_comp6+3_D_1_3_1_comp7+3_D_1_3_1_comp8+3_D_1_3_1_comp9+3_D_1_3_1_comp10+3_D_1_3_1_comp11+3_D_1_3_1_comp12+3_D_1_3_1_comp13+3_D_1_3_1_comp14+3_D_1_3_1_comp15,R_3_D_1_3_1,TCDB,TCDB.3_D_1_3_1_comp3
G_3_D_1_3_1_comp4,P_3_D_1_3_1_comp1+3_D_1_3_1_comp2+3_D_1_3_1_comp3+3_D_1_3_1_comp4+3_D_1_3_1_comp5+3_D_1_3_1_comp6+3_D_1_3_1_comp7+3_D_1_3_1_comp8+3_D_1_3_1_comp9+3_D_1_3_1_comp10+3_D_1_3_1_comp11+3_D_1_3_1_comp12+3_D_1_3_1_comp13+3_D_1_3_1_comp14+3_D_1_3_1_comp15,R_3_D_1_3_1,TCDB,TCDB.3_D_1_3_1_comp4
G_3_D_1_3_1_comp5,P_3_D_1_3_1_comp1+3_D_1_3_1_comp2+3_D_1_3_1_comp3+3_D_1_3_1_comp4+3_D_1_3_1_comp5+3_D_1_3_1_comp6+3_D_1_3_1_comp7+3_D_1_3_1_comp8+3_D_1_3_1_comp9+3_D_1_3_1_comp10+3_D_1_3_1_comp11+3_D_1_3_1_comp12+3_D_1_3_1_comp13+3_D_1_3_1_comp14+3_D_1_3_1_comp15,R_3_D_1_3_1,TCDB,TCDB.3_D_1_3_1_comp5
G_3_D_1_3_1_comp6,P_3_D_1_3_1_comp1+3_D_1_3_1_comp2+3_D_1_3_1_comp3+3_D_1_3_1_comp4+3_D_1_3_1_comp5+3_D_1_3_1_comp6+3_D_1_3_1_comp7+3_D_1_3_1_comp8+3_D_1_3_1_comp9+3_D_1_3_1_comp10+3_D_1_3_1_comp11+3_D_1_3_1_comp12+3_D_1_3_1_comp13+3_D_1_3_1_comp14+3_D_1_3_1_comp15,R_3_D_1_3_1,TCDB,TCDB.3_D_1_3_1_comp6
G_3_D_1_3_1_comp7,P_3_D_1_3_1_comp1+3_D_1_3_1_comp2+3_D_1_3_1_comp3+3_D_1_3_1_comp4+3_D_1_3_1_comp5+3_D_1_3_1_comp6+3_D_1_3_1_comp7+3_D_1_3_1_comp8+3_D_1_3_1_comp9+3_D_1_3_1_comp10+3_D_1_3_1_comp11+3_D_1_3_1_comp12+3_D_1_3_1_comp13+3_D_1_3_1_comp14+3_D_1_3_1_comp15,R_3_D_1_3_1,TCDB,TCDB.3_D_1_3_1_comp7
G_3_D_1_3_1_comp8,P_3_D_1_3_1_comp1+3_D_1_3_1_comp2+3_D_1_3_1_comp3+3_D_1_3_1_comp4+3_D_1_3_1_comp5+3_D_1_3_1_comp6+3_D_1_3_1_comp7+3_D_1_3_1_comp8+3_D_1_3_1_comp9+3_D_1_3_1_comp10+3_D_1_3_1_comp11+3_D_1_3_1_comp12+3_D_1_3_1_comp13+3_D_1_3_1_comp14+3_D_1_3_1_comp15,R_3_D_1_3_1,TCDB,TCDB.3_D_1_3_1_comp8
G_3_D_1_3_1_comp9,P_3_D_1_3_1_comp1+3_D_1_3_1_comp2+3_D_1_3_1_comp3+3_D_1_3_1_comp4+3_D_1_3_1_comp5+3_D_1_3_1_comp6+3_D_1_3_1_comp7+3_D_1_3_1_comp8+3_D_1_3_1_comp9+3_D_1_3_1_comp10+3_D_1_3_1_comp11+3_D_1_3_1_comp12+3_D_1_3_1_comp13+3_D_1_3_1_comp14+3_D_1_3_1_comp15,R_3_D_1_3_1,TCDB,TCDB.3_D_1_3_1_comp9
G_3_D_1_3_1_comp10,P_3_D_1_3_1_comp1+3_D_1_3_1_comp2+3_D_1_3_1_comp3+3_D_1_3_1_comp4+3_D_1_3_1_comp5+3_D_1_3_1_comp6+3_D_1_3_1_comp7+3_D_1_3_1_comp8+3_D_1_3_1_comp9+3_D_1_3_1_comp10+3_D_1_3_1_comp11+3_D_1_3_1_comp12+3_D_1_3_1_comp13+3_D_1_3_1_comp14+3_D_1_3_1_comp15,R_3_D_1_3_1,TCDB,TCDB.3_D_1_3_1_comp10
G_3_D_1_3_1_comp11,P_3_D_1_3_1_comp1+3_D_1_3_1_comp2+3_D_1_3_1_comp3+3_D_1_3_1_comp4+3_D_1_3_1_comp5+3_D_1_3_1_comp6+3_D_1_3_1_comp7+3_D_1_3_1_comp8+3_D_1_3_1_comp9+3_D_1_3_1_comp10+3_D_1_3_1_comp11+3_D_1_3_1_comp12+3_D_1_3_1_comp13+3_D_1_3_1_comp14+3_D_1_3_1_comp15,R_3_D_1_3_1,TCDB,TCDB.3_D_1_3_1_comp11
G_3_D_1_3_1_comp12,P_3_D_1_3_1_comp1+3_D_1_3_1_comp2+3_D_1_3_1_comp3+3_D_1_3_1_comp4+3_D_1_3_1_comp5+3_D_1_3_1_comp6+3_D_1_3_1_comp7+3_D_1_3_1_comp8+3_D_1_3_1_comp9+3_D_1_3_1_comp10+3_D_1_3_1_comp11+3_D_1_3_1_comp12+3_D_1_3_1_comp13+3_D_1_3_1_comp14+3_D_1_3_1_comp15,R_3_D_1_3_1,TCDB,TCDB.3_D_1_3_1_comp12
G_3_D_1_3_1_comp13,P_3_D_1_3_1_comp1+3_D_1_3_1_comp2+3_D_1_3_1_comp3+3_D_1_3_1_comp4+3_D_1_3_1_comp5+3_D_1_3_1_comp6+3_D_1_3_1_comp7+3_D_1_3_1_comp8+3_D_1_3_1_comp9+3_D_1_3_1_comp10+3_D_1_3_1_comp11+3_D_1_3_1_comp12+3_D_1_3_1_comp13+3_D_1_3_1_comp14+3_D_1_3_1_comp15,R_3_D_1_3_1,TCDB,TCDB.3_D_1_3_1_comp13
G_3_D_1_3_1_comp14,P_3_D_1_3_1_comp1+3_D_1_3_1_comp2+3_D_1_3_1_comp3+3_D_1_3_1_comp4+3_D_1_3_1_comp5+3_D_1_3_1_comp6+3_D_1_3_1_comp7+3_D_1_3_1_comp8+3_D_1_3_1_comp9+3_D_1_3_1_comp10+3_D_1_3_1_comp11+3_D_1_3_1_comp12+3_D_1_3_1_comp13+3_D_1_3_1_comp14+3_D_1_3_1_comp15,R_3_D_1_3_1,TCDB,TCDB.3_D_1_3_1_comp14
G_3_D_1_3_1_comp15,P_3_D_1_3_1_comp1+3_D_1_3_1_comp2+3_D_1_3_1_comp3+3_D_1_3_1_comp4+3_D_1_3_1_comp5+3_D_1_3_1_comp6+3_D_1_3_1_comp7+3_D_1_3_1_comp8+3_D_1_3_1_comp9+3_D_1_3_1_comp10+3_D_1_3_1_comp11+3_D_1_3_1_comp12+3_D_1_3_1_comp13+3_D_1_3_1_comp14+3_D_1_3_1_comp15,R_3_D_1_3_1,TCDB,TCDB.3_D_1_3_1_comp15
G_1_C_128_1_1_comp1,P_1_C_128_1_1_comp1,R_1_C_128_1_1,TCDB,TCDB.1_C_128_1_1_comp1
G_1_A_72_1_1_comp1,P_1_A_72_1_1_comp1,R_1_A_72_1_1,TCDB,TCDB.1_A_72_1_1_comp1
G_3_B_1_1_2_comp1,P_3_B_1_1_2_comp1+3_B_1_1_2_comp2+3_B_1_1_2_comp3+3_B_1_1_2_comp4+3_B_1_1_2_comp5,R_3_B_1_1_2,TCDB,TCDB.3_B_1_1_2_comp1
G_3_B_1_1_2_comp2,P_3_B_1_1_2_comp1+3_B_1_1_2_comp2+3_B_1_1_2_comp3+3_B_1_1_2_comp4+3_B_1_1_2_comp5,R_3_B_1_1_2,TCDB,TCDB.3_B_1_1_2_comp2
G_3_B_1_1_2_comp3,P_3_B_1_1_2_comp1+3_B_1_1_2_comp2+3_B_1_1_2_comp3+3_B_1_1_2_comp4+3_B_1_1_2_comp5,R_3_B_1_1_2,TCDB,TCDB.3_B_1_1_2_comp3
G_3_B_1_1_2_comp4,P_3_B_1_1_2_comp1+3_B_1_1_2_comp2+3_B_1_1_2_comp3+3_B_1_1_2_comp4+3_B_1_1_2_comp5,R_3_B_1_1_2,TCDB,TCDB.3_B_1_1_2_comp4
G_3_B_1_1_2_comp5,P_3_B_1_1_2_comp1+3_B_1_1_2_comp2+3_B_1_1_2_comp3+3_B_1_1_2_comp4+3_B_1_1_2_comp5,R_3_B_1_1_2,TCDB,TCDB.3_B_1_1_2_comp5
G_2_A_33_1_2_comp1,P_2_A_33_1_2_comp1,R_2_A_33_1_2,TCDB,TCDB.2_A_33_1_2_comp1
G_1_B_1_1_6_comp1,P_1_B_1_1_6_comp1,R_1_B_1_1_6,TCDB,TCDB.1_B_1_1_6_comp1
G_2_A_1_35_2_comp1,P_2_A_1_35_2_comp1,R_2_A_1_35_2,TCDB,TCDB.2_A_1_35_2_comp1
G_3_A_1_15_4_comp1,P_3_A_1_15_4_comp1+3_A_1_15_4_comp2+3_A_1_15_4_comp3+3_A_1_15_4_comp4,R_3_A_1_15_4,TCDB,TCDB.3_A_1_15_4_comp1
G_3_A_1_15_4_comp2,P_3_A_1_15_4_comp1+3_A_1_15_4_comp2+3_A_1_15_4_comp3+3_A_1_15_4_comp4,R_3_A_1_15_4,TCDB,TCDB.3_A_1_15_4_comp2
G_3_A_1_15_4_comp3,P_3_A_1_15_4_comp1+3_A_1_15_4_comp2+3_A_1_15_4_comp3+3_A_1_15_4_comp4,R_3_A_1_15_4,TCDB,TCDB.3_A_1_15_4_comp3
G_3_A_1_15_4_comp4,P_3_A_1_15_4_comp1+3_A_1_15_4_comp2+3_A_1_15_4_comp3+3_A_1_15_4_comp4,R_3_A_1_15_4,TCDB,TCDB.3_A_1_15_4_comp4
G_3_A_1_14_5_comp1,P_3_A_1_14_5_comp1+3_A_1_14_5_comp2+3_A_1_14_5_comp3,R_3_A_1_14_5,TCDB,TCDB.3_A_1_14_5_comp1
G_3_A_1_14_5_comp2,P_3_A_1_14_5_comp1+3_A_1_14_5_comp2+3_A_1_14_5_comp3,R_3_A_1_14_5,TCDB,TCDB.3_A_1_14_5_comp2
G_3_A_1_14_5_comp3,P_3_A_1_14_5_comp1+3_A_1_14_5_comp2+3_A_1_14_5_comp3,R_3_A_1_14_5,TCDB,TCDB.3_A_1_14_5_comp3
G_2_A_1_7_23_comp1,P_2_A_1_7_23_comp1,R_2_A_1_7_23,TCDB,TCDB.2_A_1_7_23_comp1
G_8_A_95_1_3_comp1,P_8_A_95_1_3_comp1,R_8_A_95_1_3,TCDB,TCDB.8_A_95_1_3_comp1
G_1_E_8_1_2_comp1,P_1_E_8_1_2_comp1,R_1_E_8_1_2,TCDB,TCDB.1_E_8_1_2_comp1
G_1_C_122_1_2_comp1,P_1_C_122_1_2_comp1,R_1_C_122_1_2,TCDB,TCDB.1_C_122_1_2_comp1
G_2_A_62_1_2_comp1,P_2_A_62_1_2_comp1,R_2_A_62_1_2,TCDB,TCDB.2_A_62_1_2_comp1
G_2_A_1_2_38_comp1,P_2_A_1_2_38_comp1,R_2_A_1_2_38,TCDB,TCDB.2_A_1_2_38_comp1
G_1_A_23_4_4_comp1,P_1_A_23_4_4_comp1,R_1_A_23_4_4,TCDB,TCDB.1_A_23_4_4_comp1
G_2_A_36_5_9_comp1,P_2_A_36_5_9_comp1,R_2_A_36_5_9,TCDB,TCDB.2_A_36_5_9_comp1
G_2_A_17_3_24_comp1,P_2_A_17_3_24_comp1,R_2_A_17_3_24,TCDB,TCDB.2_A_17_3_24_comp1
G_3_A_10_2_3_comp1,P_3_A_10_2_3_comp1,R_3_A_10_2_3,TCDB,TCDB.3_A_10_2_3_comp1
G_2_A_1_1_102_comp1,P_2_A_1_1_102_comp1,R_2_A_1_1_102,TCDB,TCDB.2_A_1_1_102_comp1
G_1_C_5_2_1_comp1,P_1_C_5_2_1_comp1,R_1_C_5_2_1,TCDB,TCDB.1_C_5_2_1_comp1
G_1_A_72_5_1_comp1,P_1_A_72_5_1_comp1,R_1_A_72_5_1,TCDB,TCDB.1_A_72_5_1_comp1
G_4_A_1_1_13_comp1,P_4_A_1_1_13_comp1,R_4_A_1_1_13,TCDB,TCDB.4_A_1_1_13_comp1
G_2_A_6_2_50_comp1,P_2_A_6_2_50_comp1,R_2_A_6_2_50,TCDB,TCDB.2_A_6_2_50_comp1
G_1_C_52_1_33_comp1,P_1_C_52_1_33_comp1,R_1_C_52_1_33,TCDB,TCDB.1_C_52_1_33_comp1
G_2_A_14_2_1_comp1,P_2_A_14_2_1_comp1,R_2_A_14_2_1,TCDB,TCDB.2_A_14_2_1_comp1
G_1_C_20_1_7_comp1,P_1_C_20_1_7_comp1,R_1_C_20_1_7,TCDB,TCDB.1_C_20_1_7_comp1
G_2_A_7_7_3_comp1,P_2_A_7_7_3_comp1,R_2_A_7_7_3,TCDB,TCDB.2_A_7_7_3_comp1
G_3_A_1_111_1_comp1,P_3_A_1_111_1_comp1,R_3_A_1_111_1,TCDB,TCDB.3_A_1_111_1_comp1
G_2_A_8_1_9_comp1,P_2_A_8_1_9_comp1,R_2_A_8_1_9,TCDB,TCDB.2_A_8_1_9_comp1
G_2_A_19_5_3_comp1,P_2_A_19_5_3_comp1,R_2_A_19_5_3,TCDB,TCDB.2_A_19_5_3_comp1
G_2_A_123_2_5_comp1,P_2_A_123_2_5_comp1,R_2_A_123_2_5,TCDB,TCDB.2_A_123_2_5_comp1
G_1_A_1_6_1_comp1,P_1_A_1_6_1_comp1,R_1_A_1_6_1,TCDB,TCDB.1_A_1_6_1_comp1
G_1_A_1_13_8_comp1,P_1_A_1_13_8_comp1,R_1_A_1_13_8,TCDB,TCDB.1_A_1_13_8_comp1
G_1_A_23_4_2_comp1,P_1_A_23_4_2_comp1,R_1_A_23_4_2,TCDB,TCDB.1_A_23_4_2_comp1
G_2_A_49_4_1_comp1,P_2_A_49_4_1_comp1,R_2_A_49_4_1,TCDB,TCDB.2_A_49_4_1_comp1
G_9_A_8_1_9_comp1,P_9_A_8_1_9_comp1,R_9_A_8_1_9,TCDB,TCDB.9_A_8_1_9_comp1
G_2_A_18_7_5_comp1,P_2_A_18_7_5_comp1,R_2_A_18_7_5,TCDB,TCDB.2_A_18_7_5_comp1
G_2_A_7_24_13_comp1,P_2_A_7_24_13_comp1,R_2_A_7_24_13,TCDB,TCDB.2_A_7_24_13_comp1
G_1_A_3_2_14_comp1,P_1_A_3_2_14_comp1,R_1_A_3_2_14,TCDB,TCDB.1_A_3_2_14_comp1
G_3_A_1_203_13_comp1,P_3_A_1_203_13_comp1,R_3_A_1_203_13,TCDB,TCDB.3_A_1_203_13_comp1
G_2_A_3_6_3_comp1,P_2_A_3_6_3_comp1,R_2_A_3_6_3,TCDB,TCDB.2_A_3_6_3_comp1
G_2_A_20_3_1_comp1,P_2_A_20_3_1_comp1,R_2_A_20_3_1,TCDB,TCDB.2_A_20_3_1_comp1
G_2_A_47_5_1_comp1,P_2_A_47_5_1_comp1,R_2_A_47_5_1,TCDB,TCDB.2_A_47_5_1_comp1
G_9_B_98_1_5_comp1,P_9_B_98_1_5_comp1,R_9_B_98_1_5,TCDB,TCDB.9_B_98_1_5_comp1
G_2_A_66_1_26_comp1,P_2_A_66_1_26_comp1,R_2_A_66_1_26,TCDB,TCDB.2_A_66_1_26_comp1
G_2_A_16_4_4_comp1,P_2_A_16_4_4_comp1,R_2_A_16_4_4,TCDB,TCDB.2_A_16_4_4_comp1
G_9_B_177_1_1_comp1,P_9_B_177_1_1_comp1,R_9_B_177_1_1,TCDB,TCDB.9_B_177_1_1_comp1
G_3_A_1_122_14_comp1,P_3_A_1_122_14_comp1+3_A_1_122_14_comp2,R_3_A_1_122_14,TCDB,TCDB.3_A_1_122_14_comp1
G_3_A_1_122_14_comp2,P_3_A_1_122_14_comp1+3_A_1_122_14_comp2,R_3_A_1_122_14,TCDB,TCDB.3_A_1_122_14_comp2
G_9_B_156_2_2_comp1,P_9_B_156_2_2_comp1,R_9_B_156_2_2,TCDB,TCDB.9_B_156_2_2_comp1
G_2_A_18_6_21_comp1,P_2_A_18_6_21_comp1,R_2_A_18_6_21,TCDB,TCDB.2_A_18_6_21_comp1
G_2_A_69_4_2_comp1,P_2_A_69_4_2_comp1,R_2_A_69_4_2,TCDB,TCDB.2_A_69_4_2_comp1
G_1_A_35_3_1_comp1,P_1_A_35_3_1_comp1,R_1_A_35_3_1,TCDB,TCDB.1_A_35_3_1_comp1
G_2_A_113_1_4_comp1,P_2_A_113_1_4_comp1,R_2_A_113_1_4,TCDB,TCDB.2_A_113_1_4_comp1
G_3_A_19_1_3_comp1,P_3_A_19_1_3_comp1,R_3_A_19_1_3,TCDB,TCDB.3_A_19_1_3_comp1
G_1_A_23_4_1_comp1,P_1_A_23_4_1_comp1,R_1_A_23_4_1,TCDB,TCDB.1_A_23_4_1_comp1
G_3_A_1_6_9_comp1,P_3_A_1_6_9_comp1+3_A_1_6_9_comp2+3_A_1_6_9_comp3,R_3_A_1_6_9,TCDB,TCDB.3_A_1_6_9_comp1
G_3_A_1_6_9_comp2,P_3_A_1_6_9_comp1+3_A_1_6_9_comp2+3_A_1_6_9_comp3,R_3_A_1_6_9,TCDB,TCDB.3_A_1_6_9_comp2
G_3_A_1_6_9_comp3,P_3_A_1_6_9_comp1+3_A_1_6_9_comp2+3_A_1_6_9_comp3,R_3_A_1_6_9,TCDB,TCDB.3_A_1_6_9_comp3
G_1_H_2_3_2_comp1,P_1_H_2_3_2_comp1,R_1_H_2_3_2,TCDB,TCDB.1_H_2_3_2_comp1
G_3_A_3_3_4_comp1,P_3_A_3_3_4_comp1,R_3_A_3_3_4,TCDB,TCDB.3_A_3_3_4_comp1
G_2_A_22_5_1_comp1,P_2_A_22_5_1_comp1,R_2_A_22_5_1,TCDB,TCDB.2_A_22_5_1_comp1
G_1_A_1_13_10_comp1,P_1_A_1_13_10_comp1,R_1_A_1_13_10,TCDB,TCDB.1_A_1_13_10_comp1
G_2_A_6_7_2_comp1,P_2_A_6_7_2_comp1,R_2_A_6_7_2,TCDB,TCDB.2_A_6_7_2_comp1
G_2_A_108_2_1_comp1,P_2_A_108_2_1_comp1,R_2_A_108_2_1,TCDB,TCDB.2_A_108_2_1_comp1
G_3_A_3_6_4_comp1,P_3_A_3_6_4_comp1,R_3_A_3_6_4,TCDB,TCDB.3_A_3_6_4_comp1
G_9_B_105_1_1_comp1,P_9_B_105_1_1_comp1,R_9_B_105_1_1,TCDB,TCDB.9_B_105_1_1_comp1
G_8_A_40_6_1_comp1,P_8_A_40_6_1_comp1,R_8_A_40_6_1,TCDB,TCDB.8_A_40_6_1_comp1
G_1_K_5_1_1_comp1,P_1_K_5_1_1_comp1+1_K_5_1_1_comp2,R_1_K_5_1_1,TCDB,TCDB.1_K_5_1_1_comp1
G_1_K_5_1_1_comp2,P_1_K_5_1_1_comp1+1_K_5_1_1_comp2,R_1_K_5_1_1,TCDB,TCDB.1_K_5_1_1_comp2
G_2_A_37_4_4_comp1,P_2_A_37_4_4_comp1,R_2_A_37_4_4,TCDB,TCDB.2_A_37_4_4_comp1
G_9_B_67_3_1_comp1,P_9_B_67_3_1_comp1,R_9_B_67_3_1,TCDB,TCDB.9_B_67_3_1_comp1
G_1_B_14_2_13_comp1,P_1_B_14_2_13_comp1,R_1_B_14_2_13,TCDB,TCDB.1_B_14_2_13_comp1
G_3_A_3_5_5_comp1,P_3_A_3_5_5_comp1,R_3_A_3_5_5,TCDB,TCDB.3_A_3_5_5_comp1
G_3_A_3_6_3_comp1,P_3_A_3_6_3_comp1,R_3_A_3_6_3,TCDB,TCDB.3_A_3_6_3_comp1
G_3_D_4_10_3_comp1,P_3_D_4_10_3_comp1+3_D_4_10_3_comp2,R_3_D_4_10_3,TCDB,TCDB.3_D_4_10_3_comp1
G_3_D_4_10_3_comp2,P_3_D_4_10_3_comp1+3_D_4_10_3_comp2,R_3_D_4_10_3,TCDB,TCDB.3_D_4_10_3_comp2
G_1_B_23_1_2_comp1,P_1_B_23_1_2_comp1,R_1_B_23_1_2,TCDB,TCDB.1_B_23_1_2_comp1
G_3_A_3_6_21_comp1,P_3_A_3_6_21_comp1,R_3_A_3_6_21,TCDB,TCDB.3_A_3_6_21_comp1
G_2_A_57_5_3_comp1,P_2_A_57_5_3_comp1,R_2_A_57_5_3,TCDB,TCDB.2_A_57_5_3_comp1
G_8_A_41_1_3_comp1,P_8_A_41_1_3_comp1,R_8_A_41_1_3,TCDB,TCDB.8_A_41_1_3_comp1
G_2_A_3_10_26_comp1,P_2_A_3_10_26_comp1,R_2_A_3_10_26,TCDB,TCDB.2_A_3_10_26_comp1
G_9_A_26_1_4_comp1,P_9_A_26_1_4_comp1,R_9_A_26_1_4,TCDB,TCDB.9_A_26_1_4_comp1
G_2_A_17_2_5_comp1,P_2_A_17_2_5_comp1,R_2_A_17_2_5,TCDB,TCDB.2_A_17_2_5_comp1
G_1_A_11_3_5_comp1,P_1_A_11_3_5_comp1,R_1_A_11_3_5,TCDB,TCDB.1_A_11_3_5_comp1
G_2_A_28_3_7_comp1,P_2_A_28_3_7_comp1,R_2_A_28_3_7,TCDB,TCDB.2_A_28_3_7_comp1
G_2_A_21_6_4_comp1,P_2_A_21_6_4_comp1,R_2_A_21_6_4,TCDB,TCDB.2_A_21_6_4_comp1
G_2_A_3_10_25_comp1,P_2_A_3_10_25_comp1,R_2_A_3_10_25,TCDB,TCDB.2_A_3_10_25_comp1
G_1_A_81_2_1_comp1,P_1_A_81_2_1_comp1,R_1_A_81_2_1,TCDB,TCDB.1_A_81_2_1_comp1
G_2_A_3_10_24_comp1,P_2_A_3_10_24_comp1,R_2_A_3_10_24,TCDB,TCDB.2_A_3_10_24_comp1
G_2_A_7_13_2_comp1,P_2_A_7_13_2_comp1,R_2_A_7_13_2,TCDB,TCDB.2_A_7_13_2_comp1
G_1_H_1_7_2_comp1,P_1_H_1_7_2_comp1,R_1_H_1_7_2,TCDB,TCDB.1_H_1_7_2_comp1
G_2_A_1_58_1_comp1,P_2_A_1_58_1_comp1,R_2_A_1_58_1,TCDB,TCDB.2_A_1_58_1_comp1
G_2_A_1_1_73_comp1,P_2_A_1_1_73_comp1,R_2_A_1_1_73,TCDB,TCDB.2_A_1_1_73_comp1
G_9_B_14_1_12_comp1,P_9_B_14_1_12_comp1,R_9_B_14_1_12,TCDB,TCDB.9_B_14_1_12_comp1
G_3_A_3_5_8_comp1,P_3_A_3_5_8_comp1,R_3_A_3_5_8,TCDB,TCDB.3_A_3_5_8_comp1
G_2_A_3_10_23_comp1,P_2_A_3_10_23_comp1,R_2_A_3_10_23,TCDB,TCDB.2_A_3_10_23_comp1
G_1_A_131_1_5_comp1,P_1_A_131_1_5_comp1,R_1_A_131_1_5,TCDB,TCDB.1_A_131_1_5_comp1
G_1_A_16_2_2_comp1,P_1_A_16_2_2_comp1,R_1_A_16_2_2,TCDB,TCDB.1_A_16_2_2_comp1
G_2_A_39_3_15_comp1,P_2_A_39_3_15_comp1,R_2_A_39_3_15,TCDB,TCDB.2_A_39_3_15_comp1
G_1_A_23_4_16_comp1,P_1_A_23_4_16_comp1,R_1_A_23_4_16,TCDB,TCDB.1_A_23_4_16_comp1
G_8_A_65_1_3_comp1,P_8_A_65_1_3_comp1,R_8_A_65_1_3,TCDB,TCDB.8_A_65_1_3_comp1
G_1_A_46_2_2_comp1,P_1_A_46_2_2_comp1,R_1_A_46_2_2,TCDB,TCDB.1_A_46_2_2_comp1
G_2_A_7_25_7_comp1,P_2_A_7_25_7_comp1,R_2_A_7_25_7,TCDB,TCDB.2_A_7_25_7_comp1
G_1_A_23_4_17_comp1,P_1_A_23_4_17_comp1,R_1_A_23_4_17,TCDB,TCDB.1_A_23_4_17_comp1
G_9_B_63_1_3_comp1,P_9_B_63_1_3_comp1,R_9_B_63_1_3,TCDB,TCDB.9_B_63_1_3_comp1
G_2_A_96_1_3_comp1,P_2_A_96_1_3_comp1,R_2_A_96_1_3,TCDB,TCDB.2_A_96_1_3_comp1
G_1_A_46_2_1_comp1,P_1_A_46_2_1_comp1,R_1_A_46_2_1,TCDB,TCDB.1_A_46_2_1_comp1
G_1_C_48_1_5_comp1,P_1_C_48_1_5_comp1,R_1_C_48_1_5,TCDB,TCDB.1_C_48_1_5_comp1
G_9_B_27_1_8_comp1,P_9_B_27_1_8_comp1,R_9_B_27_1_8,TCDB,TCDB.9_B_27_1_8_comp1
G_8_A_93_1_1_comp1,P_8_A_93_1_1_comp1,R_8_A_93_1_1,TCDB,TCDB.8_A_93_1_1_comp1
G_2_A_2_4_7_comp1,P_2_A_2_4_7_comp1,R_2_A_2_4_7,TCDB,TCDB.2_A_2_4_7_comp1
G_2_A_20_2_6_comp1,P_2_A_20_2_6_comp1,R_2_A_20_2_6,TCDB,TCDB.2_A_20_2_6_comp1
G_2_A_121_3_3_comp1,P_2_A_121_3_3_comp1,R_2_A_121_3_3,TCDB,TCDB.2_A_121_3_3_comp1
G_8_A_40_4_3_comp1,P_8_A_40_4_3_comp1,R_8_A_40_4_3,TCDB,TCDB.8_A_40_4_3_comp1
G_9_A_66_1_1_comp1,P_9_A_66_1_1_comp1,R_9_A_66_1_1,TCDB,TCDB.9_A_66_1_1_comp1
G_2_A_3_12_1_comp1,P_2_A_3_12_1_comp1,R_2_A_3_12_1,TCDB,TCDB.2_A_3_12_1_comp1
G_9_B_217_2_5_comp1,P_9_B_217_2_5_comp1,R_9_B_217_2_5,TCDB,TCDB.9_B_217_2_5_comp1
G_3_A_3_10_18_comp1,P_3_A_3_10_18_comp1,R_3_A_3_10_18,TCDB,TCDB.3_A_3_10_18_comp1
G_3_A_3_10_14_comp1,P_3_A_3_10_14_comp1,R_3_A_3_10_14,TCDB,TCDB.3_A_3_10_14_comp1
G_9_A_49_1_11_comp1,P_9_A_49_1_11_comp1,R_9_A_49_1_11,TCDB,TCDB.9_A_49_1_11_comp1
G_4_E_1_1_6_comp1,P_4_E_1_1_6_comp1,R_4_E_1_1_6,TCDB,TCDB.4_E_1_1_6_comp1
G_2_A_5_3_7_comp1,P_2_A_5_3_7_comp1,R_2_A_5_3_7,TCDB,TCDB.2_A_5_3_7_comp1
G_3_A_3_10_5_comp1,P_3_A_3_10_5_comp1,R_3_A_3_10_5,TCDB,TCDB.3_A_3_10_5_comp1
G_9_B_154_1_1_comp1,P_9_B_154_1_1_comp1,R_9_B_154_1_1,TCDB,TCDB.9_B_154_1_1_comp1
G_2_A_80_1_2_comp1,P_2_A_80_1_2_comp1+2_A_80_1_2_comp2+2_A_80_1_2_comp3,R_2_A_80_1_2,TCDB,TCDB.2_A_80_1_2_comp1
G_2_A_80_1_2_comp2,P_2_A_80_1_2_comp1+2_A_80_1_2_comp2+2_A_80_1_2_comp3,R_2_A_80_1_2,TCDB,TCDB.2_A_80_1_2_comp2
G_2_A_80_1_2_comp3,P_2_A_80_1_2_comp1+2_A_80_1_2_comp2+2_A_80_1_2_comp3,R_2_A_80_1_2,TCDB,TCDB.2_A_80_1_2_comp3
G_2_A_4_2_9_comp1,P_2_A_4_2_9_comp1,R_2_A_4_2_9,TCDB,TCDB.2_A_4_2_9_comp1
G_8_B_10_1_4_comp1,P_8_B_10_1_4_comp1,R_8_B_10_1_4,TCDB,TCDB.8_B_10_1_4_comp1
G_5_B_2_1_7_comp1,P_5_B_2_1_7_comp1,R_5_B_2_1_7,TCDB,TCDB.5_B_2_1_7_comp1
G_8_A_9_3_1_comp1,P_8_A_9_3_1_comp1,R_8_A_9_3_1,TCDB,TCDB.8_A_9_3_1_comp1
G_1_A_106_1_4_comp1,P_1_A_106_1_4_comp1,R_1_A_106_1_4,TCDB,TCDB.1_A_106_1_4_comp1
G_1_A_55_3_1_comp1,P_1_A_55_3_1_comp1,R_1_A_55_3_1,TCDB,TCDB.1_A_55_3_1_comp1
G_1_C_100_1_2_comp1,P_1_C_100_1_2_comp1,R_1_C_100_1_2,TCDB,TCDB.1_C_100_1_2_comp1
G_2_A_31_2_3_comp1,P_2_A_31_2_3_comp1,R_2_A_31_2_3,TCDB,TCDB.2_A_31_2_3_comp1
G_2_A_21_3_7_comp1,P_2_A_21_3_7_comp1,R_2_A_21_3_7,TCDB,TCDB.2_A_21_3_7_comp1
G_2_A_16_2_2_comp1,P_2_A_16_2_2_comp1,R_2_A_16_2_2,TCDB,TCDB.2_A_16_2_2_comp1
G_1_C_73_1_2_comp1,P_1_C_73_1_2_comp1,R_1_C_73_1_2,TCDB,TCDB.1_C_73_1_2_comp1
G_2_A_1_1_47_comp1,P_2_A_1_1_47_comp1,R_2_A_1_1_47,TCDB,TCDB.2_A_1_1_47_comp1
G_2_A_7_28_3_comp1,P_2_A_7_28_3_comp1,R_2_A_7_28_3,TCDB,TCDB.2_A_7_28_3_comp1
G_1_C_33_1_8_comp1,P_1_C_33_1_8_comp1,R_1_C_33_1_8,TCDB,TCDB.1_C_33_1_8_comp1
G_2_A_6_6_16_comp1,P_2_A_6_6_16_comp1,R_2_A_6_6_16,TCDB,TCDB.2_A_6_6_16_comp1
G_1_B_92_1_2_comp1,P_1_B_92_1_2_comp1,R_1_B_92_1_2,TCDB,TCDB.1_B_92_1_2_comp1
G_2_A_1_25_3_comp1,P_2_A_1_25_3_comp1,R_2_A_1_25_3,TCDB,TCDB.2_A_1_25_3_comp1
G_2_A_68_1_2_comp1,P_2_A_68_1_2_comp1,R_2_A_68_1_2,TCDB,TCDB.2_A_68_1_2_comp1
G_1_E_22_1_1_comp1,P_1_E_22_1_1_comp1,R_1_E_22_1_1,TCDB,TCDB.1_E_22_1_1_comp1
G_2_A_66_1_21_comp1,P_2_A_66_1_21_comp1,R_2_A_66_1_21,TCDB,TCDB.2_A_66_1_21_comp1
G_1_A_69_4_4_comp1,P_1_A_69_4_4_comp1,R_1_A_69_4_4,TCDB,TCDB.1_A_69_4_4_comp1
G_3_A_7_19_1_comp1,P_3_A_7_19_1_comp1+3_A_7_19_1_comp2+3_A_7_19_1_comp3+3_A_7_19_1_comp4+3_A_7_19_1_comp5+3_A_7_19_1_comp6+3_A_7_19_1_comp7+3_A_7_19_1_comp8+3_A_7_19_1_comp9+3_A_7_19_1_comp10+3_A_7_19_1_comp11+3_A_7_19_1_comp12+3_A_7_19_1_comp13+3_A_7_19_1_comp14+3_A_7_19_1_comp15+3_A_7_19_1_comp16+3_A_7_19_1_comp17+3_A_7_19_1_comp18,R_3_A_7_19_1,TCDB,TCDB.3_A_7_19_1_comp1
G_3_A_7_19_1_comp2,P_3_A_7_19_1_comp1+3_A_7_19_1_comp2+3_A_7_19_1_comp3+3_A_7_19_1_comp4+3_A_7_19_1_comp5+3_A_7_19_1_comp6+3_A_7_19_1_comp7+3_A_7_19_1_comp8+3_A_7_19_1_comp9+3_A_7_19_1_comp10+3_A_7_19_1_comp11+3_A_7_19_1_comp12+3_A_7_19_1_comp13+3_A_7_19_1_comp14+3_A_7_19_1_comp15+3_A_7_19_1_comp16+3_A_7_19_1_comp17+3_A_7_19_1_comp18,R_3_A_7_19_1,TCDB,TCDB.3_A_7_19_1_comp2
G_3_A_7_19_1_comp3,P_3_A_7_19_1_comp1+3_A_7_19_1_comp2+3_A_7_19_1_comp3+3_A_7_19_1_comp4+3_A_7_19_1_comp5+3_A_7_19_1_comp6+3_A_7_19_1_comp7+3_A_7_19_1_comp8+3_A_7_19_1_comp9+3_A_7_19_1_comp10+3_A_7_19_1_comp11+3_A_7_19_1_comp12+3_A_7_19_1_comp13+3_A_7_19_1_comp14+3_A_7_19_1_comp15+3_A_7_19_1_comp16+3_A_7_19_1_comp17+3_A_7_19_1_comp18,R_3_A_7_19_1,TCDB,TCDB.3_A_7_19_1_comp3
G_3_A_7_19_1_comp4,P_3_A_7_19_1_comp1+3_A_7_19_1_comp2+3_A_7_19_1_comp3+3_A_7_19_1_comp4+3_A_7_19_1_comp5+3_A_7_19_1_comp6+3_A_7_19_1_comp7+3_A_7_19_1_comp8+3_A_7_19_1_comp9+3_A_7_19_1_comp10+3_A_7_19_1_comp11+3_A_7_19_1_comp12+3_A_7_19_1_comp13+3_A_7_19_1_comp14+3_A_7_19_1_comp15+3_A_7_19_1_comp16+3_A_7_19_1_comp17+3_A_7_19_1_comp18,R_3_A_7_19_1,TCDB,TCDB.3_A_7_19_1_comp4
G_3_A_7_19_1_comp5,P_3_A_7_19_1_comp1+3_A_7_19_1_comp2+3_A_7_19_1_comp3+3_A_7_19_1_comp4+3_A_7_19_1_comp5+3_A_7_19_1_comp6+3_A_7_19_1_comp7+3_A_7_19_1_comp8+3_A_7_19_1_comp9+3_A_7_19_1_comp10+3_A_7_19_1_comp11+3_A_7_19_1_comp12+3_A_7_19_1_comp13+3_A_7_19_1_comp14+3_A_7_19_1_comp15+3_A_7_19_1_comp16+3_A_7_19_1_comp17+3_A_7_19_1_comp18,R_3_A_7_19_1,TCDB,TCDB.3_A_7_19_1_comp5
G_3_A_7_19_1_comp6,P_3_A_7_19_1_comp1+3_A_7_19_1_comp2+3_A_7_19_1_comp3+3_A_7_19_1_comp4+3_A_7_19_1_comp5+3_A_7_19_1_comp6+3_A_7_19_1_comp7+3_A_7_19_1_comp8+3_A_7_19_1_comp9+3_A_7_19_1_comp10+3_A_7_19_1_comp11+3_A_7_19_1_comp12+3_A_7_19_1_comp13+3_A_7_19_1_comp14+3_A_7_19_1_comp15+3_A_7_19_1_comp16+3_A_7_19_1_comp17+3_A_7_19_1_comp18,R_3_A_7_19_1,TCDB,TCDB.3_A_7_19_1_comp6
G_3_A_7_19_1_comp7,P_3_A_7_19_1_comp1+3_A_7_19_1_comp2+3_A_7_19_1_comp3+3_A_7_19_1_comp4+3_A_7_19_1_comp5+3_A_7_19_1_comp6+3_A_7_19_1_comp7+3_A_7_19_1_comp8+3_A_7_19_1_comp9+3_A_7_19_1_comp10+3_A_7_19_1_comp11+3_A_7_19_1_comp12+3_A_7_19_1_comp13+3_A_7_19_1_comp14+3_A_7_19_1_comp15+3_A_7_19_1_comp16+3_A_7_19_1_comp17+3_A_7_19_1_comp18,R_3_A_7_19_1,TCDB,TCDB.3_A_7_19_1_comp7
G_3_A_7_19_1_comp8,P_3_A_7_19_1_comp1+3_A_7_19_1_comp2+3_A_7_19_1_comp3+3_A_7_19_1_comp4+3_A_7_19_1_comp5+3_A_7_19_1_comp6+3_A_7_19_1_comp7+3_A_7_19_1_comp8+3_A_7_19_1_comp9+3_A_7_19_1_comp10+3_A_7_19_1_comp11+3_A_7_19_1_comp12+3_A_7_19_1_comp13+3_A_7_19_1_comp14+3_A_7_19_1_comp15+3_A_7_19_1_comp16+3_A_7_19_1_comp17+3_A_7_19_1_comp18,R_3_A_7_19_1,TCDB,TCDB.3_A_7_19_1_comp8
G_3_A_7_19_1_comp9,P_3_A_7_19_1_comp1+3_A_7_19_1_comp2+3_A_7_19_1_comp3+3_A_7_19_1_comp4+3_A_7_19_1_comp5+3_A_7_19_1_comp6+3_A_7_19_1_comp7+3_A_7_19_1_comp8+3_A_7_19_1_comp9+3_A_7_19_1_comp10+3_A_7_19_1_comp11+3_A_7_19_1_comp12+3_A_7_19_1_comp13+3_A_7_19_1_comp14+3_A_7_19_1_comp15+3_A_7_19_1_comp16+3_A_7_19_1_comp17+3_A_7_19_1_comp18,R_3_A_7_19_1,TCDB,TCDB.3_A_7_19_1_comp9
G_3_A_7_19_1_comp10,P_3_A_7_19_1_comp1+3_A_7_19_1_comp2+3_A_7_19_1_comp3+3_A_7_19_1_comp4+3_A_7_19_1_comp5+3_A_7_19_1_comp6+3_A_7_19_1_comp7+3_A_7_19_1_comp8+3_A_7_19_1_comp9+3_A_7_19_1_comp10+3_A_7_19_1_comp11+3_A_7_19_1_comp12+3_A_7_19_1_comp13+3_A_7_19_1_comp14+3_A_7_19_1_comp15+3_A_7_19_1_comp16+3_A_7_19_1_comp17+3_A_7_19_1_comp18,R_3_A_7_19_1,TCDB,TCDB.3_A_7_19_1_comp10
G_3_A_7_19_1_comp11,P_3_A_7_19_1_comp1+3_A_7_19_1_comp2+3_A_7_19_1_comp3+3_A_7_19_1_comp4+3_A_7_19_1_comp5+3_A_7_19_1_comp6+3_A_7_19_1_comp7+3_A_7_19_1_comp8+3_A_7_19_1_comp9+3_A_7_19_1_comp10+3_A_7_19_1_comp11+3_A_7_19_1_comp12+3_A_7_19_1_comp13+3_A_7_19_1_comp14+3_A_7_19_1_comp15+3_A_7_19_1_comp16+3_A_7_19_1_comp17+3_A_7_19_1_comp18,R_3_A_7_19_1,TCDB,TCDB.3_A_7_19_1_comp11
G_3_A_7_19_1_comp12,P_3_A_7_19_1_comp1+3_A_7_19_1_comp2+3_A_7_19_1_comp3+3_A_7_19_1_comp4+3_A_7_19_1_comp5+3_A_7_19_1_comp6+3_A_7_19_1_comp7+3_A_7_19_1_comp8+3_A_7_19_1_comp9+3_A_7_19_1_comp10+3_A_7_19_1_comp11+3_A_7_19_1_comp12+3_A_7_19_1_comp13+3_A_7_19_1_comp14+3_A_7_19_1_comp15+3_A_7_19_1_comp16+3_A_7_19_1_comp17+3_A_7_19_1_comp18,R_3_A_7_19_1,TCDB,TCDB.3_A_7_19_1_comp12
G_3_A_7_19_1_comp13,P_3_A_7_19_1_comp1+3_A_7_19_1_comp2+3_A_7_19_1_comp3+3_A_7_19_1_comp4+3_A_7_19_1_comp5+3_A_7_19_1_comp6+3_A_7_19_1_comp7+3_A_7_19_1_comp8+3_A_7_19_1_comp9+3_A_7_19_1_comp10+3_A_7_19_1_comp11+3_A_7_19_1_comp12+3_A_7_19_1_comp13+3_A_7_19_1_comp14+3_A_7_19_1_comp15+3_A_7_19_1_comp16+3_A_7_19_1_comp17+3_A_7_19_1_comp18,R_3_A_7_19_1,TCDB,TCDB.3_A_7_19_1_comp13
G_3_A_7_19_1_comp14,P_3_A_7_19_1_comp1+3_A_7_19_1_comp2+3_A_7_19_1_comp3+3_A_7_19_1_comp4+3_A_7_19_1_comp5+3_A_7_19_1_comp6+3_A_7_19_1_comp7+3_A_7_19_1_comp8+3_A_7_19_1_comp9+3_A_7_19_1_comp10+3_A_7_19_1_comp11+3_A_7_19_1_comp12+3_A_7_19_1_comp13+3_A_7_19_1_comp14+3_A_7_19_1_comp15+3_A_7_19_1_comp16+3_A_7_19_1_comp17+3_A_7_19_1_comp18,R_3_A_7_19_1,TCDB,TCDB.3_A_7_19_1_comp14
G_3_A_7_19_1_comp15,P_3_A_7_19_1_comp1+3_A_7_19_1_comp2+3_A_7_19_1_comp3+3_A_7_19_1_comp4+3_A_7_19_1_comp5+3_A_7_19_1_comp6+3_A_7_19_1_comp7+3_A_7_19_1_comp8+3_A_7_19_1_comp9+3_A_7_19_1_comp10+3_A_7_19_1_comp11+3_A_7_19_1_comp12+3_A_7_19_1_comp13+3_A_7_19_1_comp14+3_A_7_19_1_comp15+3_A_7_19_1_comp16+3_A_7_19_1_comp17+3_A_7_19_1_comp18,R_3_A_7_19_1,TCDB,TCDB.3_A_7_19_1_comp15
G_3_A_7_19_1_comp16,P_3_A_7_19_1_comp1+3_A_7_19_1_comp2+3_A_7_19_1_comp3+3_A_7_19_1_comp4+3_A_7_19_1_comp5+3_A_7_19_1_comp6+3_A_7_19_1_comp7+3_A_7_19_1_comp8+3_A_7_19_1_comp9+3_A_7_19_1_comp10+3_A_7_19_1_comp11+3_A_7_19_1_comp12+3_A_7_19_1_comp13+3_A_7_19_1_comp14+3_A_7_19_1_comp15+3_A_7_19_1_comp16+3_A_7_19_1_comp17+3_A_7_19_1_comp18,R_3_A_7_19_1,TCDB,TCDB.3_A_7_19_1_comp16
G_3_A_7_19_1_comp17,P_3_A_7_19_1_comp1+3_A_7_19_1_comp2+3_A_7_19_1_comp3+3_A_7_19_1_comp4+3_A_7_19_1_comp5+3_A_7_19_1_comp6+3_A_7_19_1_comp7+3_A_7_19_1_comp8+3_A_7_19_1_comp9+3_A_7_19_1_comp10+3_A_7_19_1_comp11+3_A_7_19_1_comp12+3_A_7_19_1_comp13+3_A_7_19_1_comp14+3_A_7_19_1_comp15+3_A_7_19_1_comp16+3_A_7_19_1_comp17+3_A_7_19_1_comp18,R_3_A_7_19_1,TCDB,TCDB.3_A_7_19_1_comp17
G_3_A_7_19_1_comp18,P_3_A_7_19_1_comp1+3_A_7_19_1_comp2+3_A_7_19_1_comp3+3_A_7_19_1_comp4+3_A_7_19_1_comp5+3_A_7_19_1_comp6+3_A_7_19_1_comp7+3_A_7_19_1_comp8+3_A_7_19_1_comp9+3_A_7_19_1_comp10+3_A_7_19_1_comp11+3_A_7_19_1_comp12+3_A_7_19_1_comp13+3_A_7_19_1_comp14+3_A_7_19_1_comp15+3_A_7_19_1_comp16+3_A_7_19_1_comp17+3_A_7_19_1_comp18,R_3_A_7_19_1,TCDB,TCDB.3_A_7_19_1_comp18
G_3_A_3_27_4_comp1,P_3_A_3_27_4_comp1,R_3_A_3_27_4,TCDB,TCDB.3_A_3_27_4_comp1
G_1_C_75_1_5_comp1,P_1_C_75_1_5_comp1,R_1_C_75_1_5,TCDB,TCDB.1_C_75_1_5_comp1
G_2_A_112_1_12_comp1,P_2_A_112_1_12_comp1,R_2_A_112_1_12,TCDB,TCDB.2_A_112_1_12_comp1
G_2_A_112_1_11_comp1,P_2_A_112_1_11_comp1,R_2_A_112_1_11,TCDB,TCDB.2_A_112_1_11_comp1
G_2_A_112_1_7_comp1,P_2_A_112_1_7_comp1,R_2_A_112_1_7,TCDB,TCDB.2_A_112_1_7_comp1
G_1_B_14_2_15_comp1,P_1_B_14_2_15_comp1,R_1_B_14_2_15,TCDB,TCDB.1_B_14_2_15_comp1
G_1_A_1_23_3_comp1,P_1_A_1_23_3_comp1,R_1_A_1_23_3,TCDB,TCDB.1_A_1_23_3_comp1
G_1_A_1_23_2_comp1,P_1_A_1_23_2_comp1,R_1_A_1_23_2,TCDB,TCDB.1_A_1_23_2_comp1
G_1_B_7_1_8_comp1,P_1_B_7_1_8_comp1,R_1_B_7_1_8,TCDB,TCDB.1_B_7_1_8_comp1
G_2_A_1_3_39_comp1,P_2_A_1_3_39_comp1,R_2_A_1_3_39,TCDB,TCDB.2_A_1_3_39_comp1
G_3_A_1_14_17_comp1,P_3_A_1_14_17_comp1+3_A_1_14_17_comp2+3_A_1_14_17_comp3,R_3_A_1_14_17,TCDB,TCDB.3_A_1_14_17_comp1
G_3_A_1_14_17_comp2,P_3_A_1_14_17_comp1+3_A_1_14_17_comp2+3_A_1_14_17_comp3,R_3_A_1_14_17,TCDB,TCDB.3_A_1_14_17_comp2
G_3_A_1_14_17_comp3,P_3_A_1_14_17_comp1+3_A_1_14_17_comp2+3_A_1_14_17_comp3,R_3_A_1_14_17,TCDB,TCDB.3_A_1_14_17_comp3
G_3_A_1_11_8_comp1,P_3_A_1_11_8_comp1+3_A_1_11_8_comp2+3_A_1_11_8_comp3+3_A_1_11_8_comp4,R_3_A_1_11_8,TCDB,TCDB.3_A_1_11_8_comp1
G_3_A_1_11_8_comp2,P_3_A_1_11_8_comp1+3_A_1_11_8_comp2+3_A_1_11_8_comp3+3_A_1_11_8_comp4,R_3_A_1_11_8,TCDB,TCDB.3_A_1_11_8_comp2
G_3_A_1_11_8_comp3,P_3_A_1_11_8_comp1+3_A_1_11_8_comp2+3_A_1_11_8_comp3+3_A_1_11_8_comp4,R_3_A_1_11_8,TCDB,TCDB.3_A_1_11_8_comp3
G_3_A_1_11_8_comp4,P_3_A_1_11_8_comp1+3_A_1_11_8_comp2+3_A_1_11_8_comp3+3_A_1_11_8_comp4,R_3_A_1_11_8,TCDB,TCDB.3_A_1_11_8_comp4
G_1_E_31_1_11_comp1,P_1_E_31_1_11_comp1,R_1_E_31_1_11,TCDB,TCDB.1_E_31_1_11_comp1
G_9_B_217_2_10_comp1,P_9_B_217_2_10_comp1,R_9_B_217_2_10,TCDB,TCDB.9_B_217_2_10_comp1
G_9_B_77_1_1_comp1,P_9_B_77_1_1_comp1,R_9_B_77_1_1,TCDB,TCDB.9_B_77_1_1_comp1
G_2_A_66_1_15_comp1,P_2_A_66_1_15_comp1,R_2_A_66_1_15,TCDB,TCDB.2_A_66_1_15_comp1
G_1_C_38_1_4_comp1,P_1_C_38_1_4_comp1,R_1_C_38_1_4,TCDB,TCDB.1_C_38_1_4_comp1
G_1_C_48_1_3_comp1,P_1_C_48_1_3_comp1,R_1_C_48_1_3,TCDB,TCDB.1_C_48_1_3_comp1
G_3_A_3_2_36_comp1,P_3_A_3_2_36_comp1,R_3_A_3_2_36,TCDB,TCDB.3_A_3_2_36_comp1
G_9_B_87_1_30_comp1,P_9_B_87_1_30_comp1,R_9_B_87_1_30,TCDB,TCDB.9_B_87_1_30_comp1
G_2_A_22_3_6_comp1,P_2_A_22_3_6_comp1,R_2_A_22_3_6,TCDB,TCDB.2_A_22_3_6_comp1
G_1_E_9_1_5_comp1,P_1_E_9_1_5_comp1,R_1_E_9_1_5,TCDB,TCDB.1_E_9_1_5_comp1
G_1_E_35_1_1_comp1,P_1_E_35_1_1_comp1,R_1_E_35_1_1,TCDB,TCDB.1_E_35_1_1_comp1
G_2_A_1_2_39_comp1,P_2_A_1_2_39_comp1,R_2_A_1_2_39,TCDB,TCDB.2_A_1_2_39_comp1
G_4_F_1_3_1_comp1,P_4_F_1_3_1_comp1,R_4_F_1_3_1,TCDB,TCDB.4_F_1_3_1_comp1
G_2_A_23_1_14_comp1,P_2_A_23_1_14_comp1,R_2_A_23_1_14,TCDB,TCDB.2_A_23_1_14_comp1
G_2_A_114_1_3_comp1,P_2_A_114_1_3_comp1,R_2_A_114_1_3,TCDB,TCDB.2_A_114_1_3_comp1
G_2_A_123_1_28_comp1,P_2_A_123_1_28_comp1,R_2_A_123_1_28,TCDB,TCDB.2_A_123_1_28_comp1
G_8_A_146_1_1_comp1,P_8_A_146_1_1_comp1,R_8_A_146_1_1,TCDB,TCDB.8_A_146_1_1_comp1
G_9_B_113_1_2_comp1,P_9_B_113_1_2_comp1,R_9_B_113_1_2,TCDB,TCDB.9_B_113_1_2_comp1
G_9_B_200_1_1_comp1,P_9_B_200_1_1_comp1,R_9_B_200_1_1,TCDB,TCDB.9_B_200_1_1_comp1
G_1_A_84_1_5_comp1,P_1_A_84_1_5_comp1,R_1_A_84_1_5,TCDB,TCDB.1_A_84_1_5_comp1
G_9_B_356_1_1_comp1,P_9_B_356_1_1_comp1,R_9_B_356_1_1,TCDB,TCDB.9_B_356_1_1_comp1
G_1_B_1_2_4_comp1,P_1_B_1_2_4_comp1,R_1_B_1_2_4,TCDB,TCDB.1_B_1_2_4_comp1
G_4_C_1_1_12_comp1,P_4_C_1_1_12_comp1,R_4_C_1_1_12,TCDB,TCDB.4_C_1_1_12_comp1
G_2_A_108_1_8_comp1,P_2_A_108_1_8_comp1,R_2_A_108_1_8,TCDB,TCDB.2_A_108_1_8_comp1
G_8_A_41_1_2_comp1,P_8_A_41_1_2_comp1,R_8_A_41_1_2,TCDB,TCDB.8_A_41_1_2_comp1
G_3_A_3_8_10_comp1,P_3_A_3_8_10_comp1,R_3_A_3_8_10,TCDB,TCDB.3_A_3_8_10_comp1
G_2_A_7_26_5_comp1,P_2_A_7_26_5_comp1,R_2_A_7_26_5,TCDB,TCDB.2_A_7_26_5_comp1
G_2_A_17_1_7_comp1,P_2_A_17_1_7_comp1,R_2_A_17_1_7,TCDB,TCDB.2_A_17_1_7_comp1
G_9_A_5_2_1_comp1,P_9_A_5_2_1_comp1,R_9_A_5_2_1,TCDB,TCDB.9_A_5_2_1_comp1
G_1_E_11_2_3_comp1,P_1_E_11_2_3_comp1,R_1_E_11_2_3,TCDB,TCDB.1_E_11_2_3_comp1
G_9_B_159_7_2_comp1,P_9_B_159_7_2_comp1,R_9_B_159_7_2,TCDB,TCDB.9_B_159_7_2_comp1
G_2_A_7_3_17_comp1,P_2_A_7_3_17_comp1,R_2_A_7_3_17,TCDB,TCDB.2_A_7_3_17_comp1
G_9_B_159_6_2_comp1,P_9_B_159_6_2_comp1,R_9_B_159_6_2,TCDB,TCDB.9_B_159_6_2_comp1
G_9_B_159_4_1_comp1,P_9_B_159_4_1_comp1,R_9_B_159_4_1,TCDB,TCDB.9_B_159_4_1_comp1
G_2_A_81_1_2_comp1,P_2_A_81_1_2_comp1,R_2_A_81_1_2,TCDB,TCDB.2_A_81_1_2_comp1
G_8_A_46_1_4_comp1,P_8_A_46_1_4_comp1,R_8_A_46_1_4,TCDB,TCDB.8_A_46_1_4_comp1
G_1_B_38_1_7_comp1,P_1_B_38_1_7_comp1,R_1_B_38_1_7,TCDB,TCDB.1_B_38_1_7_comp1
G_1_B_7_1_6_comp1,P_1_B_7_1_6_comp1,R_1_B_7_1_6,TCDB,TCDB.1_B_7_1_6_comp1
G_9_B_102_3_5_comp1,P_9_B_102_3_5_comp1,R_9_B_102_3_5,TCDB,TCDB.9_B_102_3_5_comp1
G_2_A_88_1_6_comp1,P_2_A_88_1_6_comp1,R_2_A_88_1_6,TCDB,TCDB.2_A_88_1_6_comp1
G_3_A_3_2_22_comp1,P_3_A_3_2_22_comp1,R_3_A_3_2_22,TCDB,TCDB.3_A_3_2_22_comp1
G_3_A_1_25_6_comp1,P_3_A_1_25_6_comp1+3_A_1_25_6_comp2+3_A_1_25_6_comp3+3_A_1_25_6_comp4,R_3_A_1_25_6,TCDB,TCDB.3_A_1_25_6_comp1
G_3_A_1_25_6_comp2,P_3_A_1_25_6_comp1+3_A_1_25_6_comp2+3_A_1_25_6_comp3+3_A_1_25_6_comp4,R_3_A_1_25_6,TCDB,TCDB.3_A_1_25_6_comp2
G_3_A_1_25_6_comp3,P_3_A_1_25_6_comp1+3_A_1_25_6_comp2+3_A_1_25_6_comp3+3_A_1_25_6_comp4,R_3_A_1_25_6,TCDB,TCDB.3_A_1_25_6_comp3
G_3_A_1_25_6_comp4,P_3_A_1_25_6_comp1+3_A_1_25_6_comp2+3_A_1_25_6_comp3+3_A_1_25_6_comp4,R_3_A_1_25_6,TCDB,TCDB.3_A_1_25_6_comp4
G_2_A_17_1_6_comp1,P_2_A_17_1_6_comp1,R_2_A_17_1_6,TCDB,TCDB.2_A_17_1_6_comp1
G_2_A_1_64_1_comp1,P_2_A_1_64_1_comp1,R_2_A_1_64_1,TCDB,TCDB.2_A_1_64_1_comp1
G_4_A_6_1_7_comp1,P_4_A_6_1_7_comp1+4_A_6_1_7_comp2+4_A_6_1_7_comp3,R_4_A_6_1_7,TCDB,TCDB.4_A_6_1_7_comp1
G_4_A_6_1_7_comp2,P_4_A_6_1_7_comp1+4_A_6_1_7_comp2+4_A_6_1_7_comp3,R_4_A_6_1_7,TCDB,TCDB.4_A_6_1_7_comp2
G_4_A_6_1_7_comp3,P_4_A_6_1_7_comp1+4_A_6_1_7_comp2+4_A_6_1_7_comp3,R_4_A_6_1_7,TCDB,TCDB.4_A_6_1_7_comp3
G_2_A_7_15_5_comp1,P_2_A_7_15_5_comp1,R_2_A_7_15_5,TCDB,TCDB.2_A_7_15_5_comp1
G_9_B_94_1_3_comp1,P_9_B_94_1_3_comp1,R_9_B_94_1_3,TCDB,TCDB.9_B_94_1_3_comp1
G_1_A_85_1_2_comp1,P_1_A_85_1_2_comp1,R_1_A_85_1_2,TCDB,TCDB.1_A_85_1_2_comp1
G_1_B_73_1_1_comp1,P_1_B_73_1_1_comp1,R_1_B_73_1_1,TCDB,TCDB.1_B_73_1_1_comp1
G_1_A_40_2_2_comp1,P_1_A_40_2_2_comp1,R_1_A_40_2_2,TCDB,TCDB.1_A_40_2_2_comp1
G_1_A_22_1_7_comp1,P_1_A_22_1_7_comp1,R_1_A_22_1_7,TCDB,TCDB.1_A_22_1_7_comp1
G_2_A_53_3_6_comp1,P_2_A_53_3_6_comp1,R_2_A_53_3_6,TCDB,TCDB.2_A_53_3_6_comp1
G_2_A_123_1_18_comp1,P_2_A_123_1_18_comp1,R_2_A_123_1_18,TCDB,TCDB.2_A_123_1_18_comp1
G_2_A_123_1_29_comp1,P_2_A_123_1_29_comp1,R_2_A_123_1_29,TCDB,TCDB.2_A_123_1_29_comp1
G_2_A_42_1_5_comp1,P_2_A_42_1_5_comp1,R_2_A_42_1_5,TCDB,TCDB.2_A_42_1_5_comp1
G_9_A_51_1_1_comp1,P_9_A_51_1_1_comp1,R_9_A_51_1_1,TCDB,TCDB.9_A_51_1_1_comp1
G_9_A_14_13_29_comp1,P_9_A_14_13_29_comp1,R_9_A_14_13_29,TCDB,TCDB.9_A_14_13_29_comp1
G_2_A_7_3_80_comp1,P_2_A_7_3_80_comp1,R_2_A_7_3_80,TCDB,TCDB.2_A_7_3_80_comp1
G_5_A_3_11_1_comp1,P_5_A_3_11_1_comp1+5_A_3_11_1_comp2+5_A_3_11_1_comp3,R_5_A_3_11_1,TCDB,TCDB.5_A_3_11_1_comp1
G_5_A_3_11_1_comp2,P_5_A_3_11_1_comp1+5_A_3_11_1_comp2+5_A_3_11_1_comp3,R_5_A_3_11_1,TCDB,TCDB.5_A_3_11_1_comp2
G_5_A_3_11_1_comp3,P_5_A_3_11_1_comp1+5_A_3_11_1_comp2+5_A_3_11_1_comp3,R_5_A_3_11_1,TCDB,TCDB.5_A_3_11_1_comp3
G_9_B_29_3_3_comp1,P_9_B_29_3_3_comp1,R_9_B_29_3_3,TCDB,TCDB.9_B_29_3_3_comp1
G_2_A_1_51_1_comp1,P_2_A_1_51_1_comp1,R_2_A_1_51_1,TCDB,TCDB.2_A_1_51_1_comp1
G_3_A_3_32_1_comp1,P_3_A_3_32_1_comp1,R_3_A_3_32_1,TCDB,TCDB.3_A_3_32_1_comp1
G_1_B_49_1_3_comp1,P_1_B_49_1_3_comp1,R_1_B_49_1_3,TCDB,TCDB.1_B_49_1_3_comp1
G_9_B_88_1_2_comp1,P_9_B_88_1_2_comp1,R_9_B_88_1_2,TCDB,TCDB.9_B_88_1_2_comp1
G_2_A_28_1_6_comp1,P_2_A_28_1_6_comp1,R_2_A_28_1_6,TCDB,TCDB.2_A_28_1_6_comp1
G_2_A_1_3_22_comp1,P_2_A_1_3_22_comp1,R_2_A_1_3_22,TCDB,TCDB.2_A_1_3_22_comp1
G_1_E_25_1_1_comp1,P_1_E_25_1_1_comp1,R_1_E_25_1_1,TCDB,TCDB.1_E_25_1_1_comp1
G_1_B_49_1_6_comp1,P_1_B_49_1_6_comp1,R_1_B_49_1_6,TCDB,TCDB.1_B_49_1_6_comp1
G_1_C_111_1_16_comp1,P_1_C_111_1_16_comp1,R_1_C_111_1_16,TCDB,TCDB.1_C_111_1_16_comp1
G_1_B_12_3_3_comp1,P_1_B_12_3_3_comp1,R_1_B_12_3_3,TCDB,TCDB.1_B_12_3_3_comp1
G_1_A_1_11_13_comp1,P_1_A_1_11_13_comp1,R_1_A_1_11_13,TCDB,TCDB.1_A_1_11_13_comp1
G_1_A_53_1_1_comp1,P_1_A_53_1_1_comp1,R_1_A_53_1_1,TCDB,TCDB.1_A_53_1_1_comp1
G_2_A_121_1_3_comp1,P_2_A_121_1_3_comp1,R_2_A_121_1_3,TCDB,TCDB.2_A_121_1_3_comp1
G_1_A_2_1_6_comp1,P_1_A_2_1_6_comp1,R_1_A_2_1_6,TCDB,TCDB.1_A_2_1_6_comp1
G_1_A_84_1_6_comp1,P_1_A_84_1_6_comp1,R_1_A_84_1_6,TCDB,TCDB.1_A_84_1_6_comp1
G_8_A_182_1_1_comp1,P_8_A_182_1_1_comp1,R_8_A_182_1_1,TCDB,TCDB.8_A_182_1_1_comp1
G_2_A_1_19_15_comp1,P_2_A_1_19_15_comp1,R_2_A_1_19_15,TCDB,TCDB.2_A_1_19_15_comp1
G_8_A_23_1_54_comp1,P_8_A_23_1_54_comp1,R_8_A_23_1_54,TCDB,TCDB.8_A_23_1_54_comp1
G_1_G_2_1_1_comp1,P_1_G_2_1_1_comp1,R_1_G_2_1_1,TCDB,TCDB.1_G_2_1_1_comp1
G_1_C_81_1_1_comp1,P_1_C_81_1_1_comp1,R_1_C_81_1_1,TCDB,TCDB.1_C_81_1_1_comp1
G_3_A_1_10_6_comp1,P_3_A_1_10_6_comp1+3_A_1_10_6_comp2+3_A_1_10_6_comp3,R_3_A_1_10_6,TCDB,TCDB.3_A_1_10_6_comp1
G_3_A_1_10_6_comp2,P_3_A_1_10_6_comp1+3_A_1_10_6_comp2+3_A_1_10_6_comp3,R_3_A_1_10_6,TCDB,TCDB.3_A_1_10_6_comp2
G_3_A_1_10_6_comp3,P_3_A_1_10_6_comp1+3_A_1_10_6_comp2+3_A_1_10_6_comp3,R_3_A_1_10_6,TCDB,TCDB.3_A_1_10_6_comp3
G_1_C_113_1_4_comp1,P_1_C_113_1_4_comp1,R_1_C_113_1_4,TCDB,TCDB.1_C_113_1_4_comp1
G_2_A_37_2_7_comp1,P_2_A_37_2_7_comp1,R_2_A_37_2_7,TCDB,TCDB.2_A_37_2_7_comp1
G_3_A_1_2_31_comp1,P_3_A_1_2_31_comp1+3_A_1_2_31_comp2+3_A_1_2_31_comp3+3_A_1_2_31_comp4,R_3_A_1_2_31,TCDB,TCDB.3_A_1_2_31_comp1
G_3_A_1_2_31_comp2,P_3_A_1_2_31_comp1+3_A_1_2_31_comp2+3_A_1_2_31_comp3+3_A_1_2_31_comp4,R_3_A_1_2_31,TCDB,TCDB.3_A_1_2_31_comp2
G_3_A_1_2_31_comp3,P_3_A_1_2_31_comp1+3_A_1_2_31_comp2+3_A_1_2_31_comp3+3_A_1_2_31_comp4,R_3_A_1_2_31,TCDB,TCDB.3_A_1_2_31_comp3
G_3_A_1_2_31_comp4,P_3_A_1_2_31_comp1+3_A_1_2_31_comp2+3_A_1_2_31_comp3+3_A_1_2_31_comp4,R_3_A_1_2_31,TCDB,TCDB.3_A_1_2_31_comp4
G_9_B_120_1_3_comp1,P_9_B_120_1_3_comp1,R_9_B_120_1_3,TCDB,TCDB.9_B_120_1_3_comp1
G_3_A_1_14_26_comp1,P_3_A_1_14_26_comp1+3_A_1_14_26_comp2+3_A_1_14_26_comp3,R_3_A_1_14_26,TCDB,TCDB.3_A_1_14_26_comp1
G_3_A_1_14_26_comp2,P_3_A_1_14_26_comp1+3_A_1_14_26_comp2+3_A_1_14_26_comp3,R_3_A_1_14_26,TCDB,TCDB.3_A_1_14_26_comp2
G_3_A_1_14_26_comp3,P_3_A_1_14_26_comp1+3_A_1_14_26_comp2+3_A_1_14_26_comp3,R_3_A_1_14_26,TCDB,TCDB.3_A_1_14_26_comp3
G_3_A_1_8_3_comp1,P_3_A_1_8_3_comp1+3_A_1_8_3_comp2+3_A_1_8_3_comp3,R_3_A_1_8_3,TCDB,TCDB.3_A_1_8_3_comp1
G_3_A_1_8_3_comp2,P_3_A_1_8_3_comp1+3_A_1_8_3_comp2+3_A_1_8_3_comp3,R_3_A_1_8_3,TCDB,TCDB.3_A_1_8_3_comp2
G_3_A_1_8_3_comp3,P_3_A_1_8_3_comp1+3_A_1_8_3_comp2+3_A_1_8_3_comp3,R_3_A_1_8_3,TCDB,TCDB.3_A_1_8_3_comp3
G_2_A_6_4_3_comp1,P_2_A_6_4_3_comp1,R_2_A_6_4_3,TCDB,TCDB.2_A_6_4_3_comp1
G_2_A_49_6_5_comp1,P_2_A_49_6_5_comp1,R_2_A_49_6_5,TCDB,TCDB.2_A_49_6_5_comp1
G_3_A_1_152_3_comp1,P_3_A_1_152_3_comp1+3_A_1_152_3_comp2,R_3_A_1_152_3,TCDB,TCDB.3_A_1_152_3_comp1
G_3_A_1_152_3_comp2,P_3_A_1_152_3_comp1+3_A_1_152_3_comp2,R_3_A_1_152_3,TCDB,TCDB.3_A_1_152_3_comp2
G_3_A_1_1_50_comp1,P_3_A_1_1_50_comp1+3_A_1_1_50_comp2+3_A_1_1_50_comp3+3_A_1_1_50_comp4,R_3_A_1_1_50,TCDB,TCDB.3_A_1_1_50_comp1
G_3_A_1_1_50_comp2,P_3_A_1_1_50_comp1+3_A_1_1_50_comp2+3_A_1_1_50_comp3+3_A_1_1_50_comp4,R_3_A_1_1_50,TCDB,TCDB.3_A_1_1_50_comp2
G_3_A_1_1_50_comp3,P_3_A_1_1_50_comp1+3_A_1_1_50_comp2+3_A_1_1_50_comp3+3_A_1_1_50_comp4,R_3_A_1_1_50,TCDB,TCDB.3_A_1_1_50_comp3
G_3_A_1_1_50_comp4,P_3_A_1_1_50_comp1+3_A_1_1_50_comp2+3_A_1_1_50_comp3+3_A_1_1_50_comp4,R_3_A_1_1_50,TCDB,TCDB.3_A_1_1_50_comp4
G_3_A_1_6_10_comp1,P_3_A_1_6_10_comp1+3_A_1_6_10_comp2+3_A_1_6_10_comp3,R_3_A_1_6_10,TCDB,TCDB.3_A_1_6_10_comp1
G_3_A_1_6_10_comp2,P_3_A_1_6_10_comp1+3_A_1_6_10_comp2+3_A_1_6_10_comp3,R_3_A_1_6_10,TCDB,TCDB.3_A_1_6_10_comp2
G_3_A_1_6_10_comp3,P_3_A_1_6_10_comp1+3_A_1_6_10_comp2+3_A_1_6_10_comp3,R_3_A_1_6_10,TCDB,TCDB.3_A_1_6_10_comp3
G_1_A_26_1_2_comp1,P_1_A_26_1_2_comp1,R_1_A_26_1_2,TCDB,TCDB.1_A_26_1_2_comp1
G_2_A_1_2_30_comp1,P_2_A_1_2_30_comp1,R_2_A_1_2_30,TCDB,TCDB.2_A_1_2_30_comp1
G_2_A_29_24_4_comp1,P_2_A_29_24_4_comp1,R_2_A_29_24_4,TCDB,TCDB.2_A_29_24_4_comp1
G_2_A_7_24_9_comp1,P_2_A_7_24_9_comp1,R_2_A_7_24_9,TCDB,TCDB.2_A_7_24_9_comp1
G_1_A_17_5_3_comp1,P_1_A_17_5_3_comp1,R_1_A_17_5_3,TCDB,TCDB.1_A_17_5_3_comp1
G_3_A_1_208_31_comp1,P_3_A_1_208_31_comp1,R_3_A_1_208_31,TCDB,TCDB.3_A_1_208_31_comp1
G_9_A_14_7_3_comp1,P_9_A_14_7_3_comp1,R_9_A_14_7_3,TCDB,TCDB.9_A_14_7_3_comp1
G_9_A_14_15_5_comp1,P_9_A_14_15_5_comp1,R_9_A_14_15_5,TCDB,TCDB.9_A_14_15_5_comp1
G_8_A_56_1_2_comp1,P_8_A_56_1_2_comp1,R_8_A_56_1_2,TCDB,TCDB.8_A_56_1_2_comp1
G_2_A_36_7_4_comp1,P_2_A_36_7_4_comp1,R_2_A_36_7_4,TCDB,TCDB.2_A_36_7_4_comp1
G_2_A_1_7_27_comp1,P_2_A_1_7_27_comp1,R_2_A_1_7_27,TCDB,TCDB.2_A_1_7_27_comp1
G_9_A_24_1_17_comp1,P_9_A_24_1_17_comp1,R_9_A_24_1_17,TCDB,TCDB.9_A_24_1_17_comp1
G_8_A_156_1_2_comp1,P_8_A_156_1_2_comp1,R_8_A_156_1_2,TCDB,TCDB.8_A_156_1_2_comp1
G_1_A_17_5_20_comp1,P_1_A_17_5_20_comp1,R_1_A_17_5_20,TCDB,TCDB.1_A_17_5_20_comp1
G_3_A_1_111_4_comp1,P_3_A_1_111_4_comp1,R_3_A_1_111_4,TCDB,TCDB.3_A_1_111_4_comp1
G_1_A_126_1_4_comp1,P_1_A_126_1_4_comp1,R_1_A_126_1_4,TCDB,TCDB.1_A_126_1_4_comp1
G_9_B_457_1_1_comp1,P_9_B_457_1_1_comp1,R_9_B_457_1_1,TCDB,TCDB.9_B_457_1_1_comp1
G_1_C_38_1_16_comp1,P_1_C_38_1_16_comp1,R_1_C_38_1_16,TCDB,TCDB.1_C_38_1_16_comp1
G_2_A_29_26_1_comp1,P_2_A_29_26_1_comp1,R_2_A_29_26_1,TCDB,TCDB.2_A_29_26_1_comp1
G_1_A_118_1_3_comp1,P_1_A_118_1_3_comp1,R_1_A_118_1_3,TCDB,TCDB.1_A_118_1_3_comp1
G_4_D_2_2_1_comp1,P_4_D_2_2_1_comp1,R_4_D_2_2_1,TCDB,TCDB.4_D_2_2_1_comp1
G_3_E_1_1_5_comp1,P_3_E_1_1_5_comp1,R_3_E_1_1_5,TCDB,TCDB.3_E_1_1_5_comp1
G_9_B_227_1_3_comp1,P_9_B_227_1_3_comp1,R_9_B_227_1_3,TCDB,TCDB.9_B_227_1_3_comp1
G_9_B_14_1_5_comp1,P_9_B_14_1_5_comp1,R_9_B_14_1_5,TCDB,TCDB.9_B_14_1_5_comp1
G_3_E_1_3_4_comp1,P_3_E_1_3_4_comp1,R_3_E_1_3_4,TCDB,TCDB.3_E_1_3_4_comp1
G_4_A_2_1_26_comp1,P_4_A_2_1_26_comp1+4_A_2_1_26_comp2+4_A_2_1_26_comp3+4_A_2_1_26_comp4+4_A_2_1_26_comp5,R_4_A_2_1_26,TCDB,TCDB.4_A_2_1_26_comp1
G_4_A_2_1_26_comp2,P_4_A_2_1_26_comp1+4_A_2_1_26_comp2+4_A_2_1_26_comp3+4_A_2_1_26_comp4+4_A_2_1_26_comp5,R_4_A_2_1_26,TCDB,TCDB.4_A_2_1_26_comp2
G_4_A_2_1_26_comp3,P_4_A_2_1_26_comp1+4_A_2_1_26_comp2+4_A_2_1_26_comp3+4_A_2_1_26_comp4+4_A_2_1_26_comp5,R_4_A_2_1_26,TCDB,TCDB.4_A_2_1_26_comp3
G_4_A_2_1_26_comp4,P_4_A_2_1_26_comp1+4_A_2_1_26_comp2+4_A_2_1_26_comp3+4_A_2_1_26_comp4+4_A_2_1_26_comp5,R_4_A_2_1_26,TCDB,TCDB.4_A_2_1_26_comp4
G_4_A_2_1_26_comp5,P_4_A_2_1_26_comp1+4_A_2_1_26_comp2+4_A_2_1_26_comp3+4_A_2_1_26_comp4+4_A_2_1_26_comp5,R_4_A_2_1_26,TCDB,TCDB.4_A_2_1_26_comp5
G_3_A_1_5_22_comp1,P_3_A_1_5_22_comp1+3_A_1_5_22_comp2+3_A_1_5_22_comp3+3_A_1_5_22_comp4+3_A_1_5_22_comp5,R_3_A_1_5_22,TCDB,TCDB.3_A_1_5_22_comp1
G_3_A_1_5_22_comp2,P_3_A_1_5_22_comp1+3_A_1_5_22_comp2+3_A_1_5_22_comp3+3_A_1_5_22_comp4+3_A_1_5_22_comp5,R_3_A_1_5_22,TCDB,TCDB.3_A_1_5_22_comp2
G_3_A_1_5_22_comp3,P_3_A_1_5_22_comp1+3_A_1_5_22_comp2+3_A_1_5_22_comp3+3_A_1_5_22_comp4+3_A_1_5_22_comp5,R_3_A_1_5_22,TCDB,TCDB.3_A_1_5_22_comp3
G_3_A_1_5_22_comp4,P_3_A_1_5_22_comp1+3_A_1_5_22_comp2+3_A_1_5_22_comp3+3_A_1_5_22_comp4+3_A_1_5_22_comp5,R_3_A_1_5_22,TCDB,TCDB.3_A_1_5_22_comp4
G_3_A_1_5_22_comp5,P_3_A_1_5_22_comp1+3_A_1_5_22_comp2+3_A_1_5_22_comp3+3_A_1_5_22_comp4+3_A_1_5_22_comp5,R_3_A_1_5_22,TCDB,TCDB.3_A_1_5_22_comp5
G_2_A_29_22_2_comp1,P_2_A_29_22_2_comp1,R_2_A_29_22_2,TCDB,TCDB.2_A_29_22_2_comp1
G_2_A_50_1_4_comp1,P_2_A_50_1_4_comp1,R_2_A_50_1_4,TCDB,TCDB.2_A_50_1_4_comp1
G_8_A_18_2_2_comp1,P_8_A_18_2_2_comp1,R_8_A_18_2_2,TCDB,TCDB.8_A_18_2_2_comp1
G_9_A_14_22_2_comp1,P_9_A_14_22_2_comp1,R_9_A_14_22_2,TCDB,TCDB.9_A_14_22_2_comp1
G_8_A_118_1_3_comp1,P_8_A_118_1_3_comp1,R_8_A_118_1_3,TCDB,TCDB.8_A_118_1_3_comp1
G_8_A_55_2_2_comp1,P_8_A_55_2_2_comp1,R_8_A_55_2_2,TCDB,TCDB.8_A_55_2_2_comp1
G_8_A_114_1_6_comp1,P_8_A_114_1_6_comp1,R_8_A_114_1_6,TCDB,TCDB.8_A_114_1_6_comp1
G_3_A_1_139_1_comp1,P_3_A_1_139_1_comp1+3_A_1_139_1_comp2,R_3_A_1_139_1,TCDB,TCDB.3_A_1_139_1_comp1
G_3_A_1_139_1_comp2,P_3_A_1_139_1_comp1+3_A_1_139_1_comp2,R_3_A_1_139_1,TCDB,TCDB.3_A_1_139_1_comp2
G_1_C_97_1_1_comp1,P_1_C_97_1_1_comp1+1_C_97_1_1_comp2,R_1_C_97_1_1,TCDB,TCDB.1_C_97_1_1_comp1
G_1_C_97_1_1_comp2,P_1_C_97_1_1_comp1+1_C_97_1_1_comp2,R_1_C_97_1_1,TCDB,TCDB.1_C_97_1_1_comp2
G_1_A_69_4_1_comp1,P_1_A_69_4_1_comp1,R_1_A_69_4_1,TCDB,TCDB.1_A_69_4_1_comp1
G_2_A_1_21_8_comp1,P_2_A_1_21_8_comp1,R_2_A_1_21_8,TCDB,TCDB.2_A_1_21_8_comp1
G_9_A_22_2_1_comp1,P_9_A_22_2_1_comp1,R_9_A_22_2_1,TCDB,TCDB.9_A_22_2_1_comp1
G_2_A_7_3_42_comp1,P_2_A_7_3_42_comp1,R_2_A_7_3_42,TCDB,TCDB.2_A_7_3_42_comp1
G_1_E_23_1_2_comp1,P_1_E_23_1_2_comp1,R_1_E_23_1_2,TCDB,TCDB.1_E_23_1_2_comp1
G_2_A_1_62_3_comp1,P_2_A_1_62_3_comp1,R_2_A_1_62_3,TCDB,TCDB.2_A_1_62_3_comp1
G_2_A_29_27_1_comp1,P_2_A_29_27_1_comp1,R_2_A_29_27_1,TCDB,TCDB.2_A_29_27_1_comp1
G_2_A_1_2_37_comp1,P_2_A_1_2_37_comp1,R_2_A_1_2_37,TCDB,TCDB.2_A_1_2_37_comp1
G_9_A_8_1_12_comp1,P_9_A_8_1_12_comp1,R_9_A_8_1_12,TCDB,TCDB.9_A_8_1_12_comp1
G_3_A_3_5_30_comp1,P_3_A_3_5_30_comp1,R_3_A_3_5_30,TCDB,TCDB.3_A_3_5_30_comp1
G_1_A_17_5_10_comp1,P_1_A_17_5_10_comp1,R_1_A_17_5_10,TCDB,TCDB.1_A_17_5_10_comp1
G_9_A_8_1_4_comp1,P_9_A_8_1_4_comp1,R_9_A_8_1_4,TCDB,TCDB.9_A_8_1_4_comp1
G_1_A_17_1_1_comp1,P_1_A_17_1_1_comp1,R_1_A_17_1_1,TCDB,TCDB.1_A_17_1_1_comp1
G_1_E_17_1_2_comp1,P_1_E_17_1_2_comp1,R_1_E_17_1_2,TCDB,TCDB.1_E_17_1_2_comp1
G_1_C_65_1_4_comp1,P_1_C_65_1_4_comp1,R_1_C_65_1_4,TCDB,TCDB.1_C_65_1_4_comp1
G_8_B_6_1_6_comp1,P_8_B_6_1_6_comp1,R_8_B_6_1_6,TCDB,TCDB.8_B_6_1_6_comp1
G_8_B_6_1_7_comp1,P_8_B_6_1_7_comp1,R_8_B_6_1_7,TCDB,TCDB.8_B_6_1_7_comp1
G_1_A_33_2_3_comp1,P_1_A_33_2_3_comp1,R_1_A_33_2_3,TCDB,TCDB.1_A_33_2_3_comp1
G_9_B_234_1_3_comp1,P_9_B_234_1_3_comp1,R_9_B_234_1_3,TCDB,TCDB.9_B_234_1_3_comp1
G_1_E_36_6_2_comp1,P_1_E_36_6_2_comp1,R_1_E_36_6_2,TCDB,TCDB.1_E_36_6_2_comp1
G_1_B_58_1_1_comp1,P_1_B_58_1_1_comp1+1_B_58_1_1_comp2,R_1_B_58_1_1,TCDB,TCDB.1_B_58_1_1_comp1
G_1_B_58_1_1_comp2,P_1_B_58_1_1_comp1+1_B_58_1_1_comp2,R_1_B_58_1_1,TCDB,TCDB.1_B_58_1_1_comp2
G_9_A_43_1_6_comp1,P_9_A_43_1_6_comp1,R_9_A_43_1_6,TCDB,TCDB.9_A_43_1_6_comp1
G_2_A_102_5_1_comp1,P_2_A_102_5_1_comp1,R_2_A_102_5_1,TCDB,TCDB.2_A_102_5_1_comp1
G_1_A_56_1_13_comp1,P_1_A_56_1_13_comp1,R_1_A_56_1_13,TCDB,TCDB.1_A_56_1_13_comp1
G_9_B_457_1_2_comp1,P_9_B_457_1_2_comp1,R_9_B_457_1_2,TCDB,TCDB.9_B_457_1_2_comp1
G_9_B_191_1_8_comp1,P_9_B_191_1_8_comp1,R_9_B_191_1_8,TCDB,TCDB.9_B_191_1_8_comp1
G_9_B_102_3_1_comp1,P_9_B_102_3_1_comp1,R_9_B_102_3_1,TCDB,TCDB.9_B_102_3_1_comp1
G_2_A_132_1_1_comp1,P_2_A_132_1_1_comp1,R_2_A_132_1_1,TCDB,TCDB.2_A_132_1_1_comp1
G_3_A_7_9_1_comp1,P_3_A_7_9_1_comp1+3_A_7_9_1_comp2+3_A_7_9_1_comp3+3_A_7_9_1_comp4+3_A_7_9_1_comp5+3_A_7_9_1_comp6+3_A_7_9_1_comp7+3_A_7_9_1_comp8+3_A_7_9_1_comp9+3_A_7_9_1_comp10+3_A_7_9_1_comp11+3_A_7_9_1_comp12+3_A_7_9_1_comp13+3_A_7_9_1_comp14+3_A_7_9_1_comp15+3_A_7_9_1_comp16+3_A_7_9_1_comp17+3_A_7_9_1_comp18+3_A_7_9_1_comp19+3_A_7_9_1_comp20+3_A_7_9_1_comp21+3_A_7_9_1_comp22+3_A_7_9_1_comp23+3_A_7_9_1_comp24+3_A_7_9_1_comp25,R_3_A_7_9_1,TCDB,TCDB.3_A_7_9_1_comp1
G_3_A_7_9_1_comp2,P_3_A_7_9_1_comp1+3_A_7_9_1_comp2+3_A_7_9_1_comp3+3_A_7_9_1_comp4+3_A_7_9_1_comp5+3_A_7_9_1_comp6+3_A_7_9_1_comp7+3_A_7_9_1_comp8+3_A_7_9_1_comp9+3_A_7_9_1_comp10+3_A_7_9_1_comp11+3_A_7_9_1_comp12+3_A_7_9_1_comp13+3_A_7_9_1_comp14+3_A_7_9_1_comp15+3_A_7_9_1_comp16+3_A_7_9_1_comp17+3_A_7_9_1_comp18+3_A_7_9_1_comp19+3_A_7_9_1_comp20+3_A_7_9_1_comp21+3_A_7_9_1_comp22+3_A_7_9_1_comp23+3_A_7_9_1_comp24+3_A_7_9_1_comp25,R_3_A_7_9_1,TCDB,TCDB.3_A_7_9_1_comp2
G_3_A_7_9_1_comp3,P_3_A_7_9_1_comp1+3_A_7_9_1_comp2+3_A_7_9_1_comp3+3_A_7_9_1_comp4+3_A_7_9_1_comp5+3_A_7_9_1_comp6+3_A_7_9_1_comp7+3_A_7_9_1_comp8+3_A_7_9_1_comp9+3_A_7_9_1_comp10+3_A_7_9_1_comp11+3_A_7_9_1_comp12+3_A_7_9_1_comp13+3_A_7_9_1_comp14+3_A_7_9_1_comp15+3_A_7_9_1_comp16+3_A_7_9_1_comp17+3_A_7_9_1_comp18+3_A_7_9_1_comp19+3_A_7_9_1_comp20+3_A_7_9_1_comp21+3_A_7_9_1_comp22+3_A_7_9_1_comp23+3_A_7_9_1_comp24+3_A_7_9_1_comp25,R_3_A_7_9_1,TCDB,TCDB.3_A_7_9_1_comp3
G_3_A_7_9_1_comp4,P_3_A_7_9_1_comp1+3_A_7_9_1_comp2+3_A_7_9_1_comp3+3_A_7_9_1_comp4+3_A_7_9_1_comp5+3_A_7_9_1_comp6+3_A_7_9_1_comp7+3_A_7_9_1_comp8+3_A_7_9_1_comp9+3_A_7_9_1_comp10+3_A_7_9_1_comp11+3_A_7_9_1_comp12+3_A_7_9_1_comp13+3_A_7_9_1_comp14+3_A_7_9_1_comp15+3_A_7_9_1_comp16+3_A_7_9_1_comp17+3_A_7_9_1_comp18+3_A_7_9_1_comp19+3_A_7_9_1_comp20+3_A_7_9_1_comp21+3_A_7_9_1_comp22+3_A_7_9_1_comp23+3_A_7_9_1_comp24+3_A_7_9_1_comp25,R_3_A_7_9_1,TCDB,TCDB.3_A_7_9_1_comp4
G_3_A_7_9_1_comp5,P_3_A_7_9_1_comp1+3_A_7_9_1_comp2+3_A_7_9_1_comp3+3_A_7_9_1_comp4+3_A_7_9_1_comp5+3_A_7_9_1_comp6+3_A_7_9_1_comp7+3_A_7_9_1_comp8+3_A_7_9_1_comp9+3_A_7_9_1_comp10+3_A_7_9_1_comp11+3_A_7_9_1_comp12+3_A_7_9_1_comp13+3_A_7_9_1_comp14+3_A_7_9_1_comp15+3_A_7_9_1_comp16+3_A_7_9_1_comp17+3_A_7_9_1_comp18+3_A_7_9_1_comp19+3_A_7_9_1_comp20+3_A_7_9_1_comp21+3_A_7_9_1_comp22+3_A_7_9_1_comp23+3_A_7_9_1_comp24+3_A_7_9_1_comp25,R_3_A_7_9_1,TCDB,TCDB.3_A_7_9_1_comp5
G_3_A_7_9_1_comp6,P_3_A_7_9_1_comp1+3_A_7_9_1_comp2+3_A_7_9_1_comp3+3_A_7_9_1_comp4+3_A_7_9_1_comp5+3_A_7_9_1_comp6+3_A_7_9_1_comp7+3_A_7_9_1_comp8+3_A_7_9_1_comp9+3_A_7_9_1_comp10+3_A_7_9_1_comp11+3_A_7_9_1_comp12+3_A_7_9_1_comp13+3_A_7_9_1_comp14+3_A_7_9_1_comp15+3_A_7_9_1_comp16+3_A_7_9_1_comp17+3_A_7_9_1_comp18+3_A_7_9_1_comp19+3_A_7_9_1_comp20+3_A_7_9_1_comp21+3_A_7_9_1_comp22+3_A_7_9_1_comp23+3_A_7_9_1_comp24+3_A_7_9_1_comp25,R_3_A_7_9_1,TCDB,TCDB.3_A_7_9_1_comp6
G_3_A_7_9_1_comp7,P_3_A_7_9_1_comp1+3_A_7_9_1_comp2+3_A_7_9_1_comp3+3_A_7_9_1_comp4+3_A_7_9_1_comp5+3_A_7_9_1_comp6+3_A_7_9_1_comp7+3_A_7_9_1_comp8+3_A_7_9_1_comp9+3_A_7_9_1_comp10+3_A_7_9_1_comp11+3_A_7_9_1_comp12+3_A_7_9_1_comp13+3_A_7_9_1_comp14+3_A_7_9_1_comp15+3_A_7_9_1_comp16+3_A_7_9_1_comp17+3_A_7_9_1_comp18+3_A_7_9_1_comp19+3_A_7_9_1_comp20+3_A_7_9_1_comp21+3_A_7_9_1_comp22+3_A_7_9_1_comp23+3_A_7_9_1_comp24+3_A_7_9_1_comp25,R_3_A_7_9_1,TCDB,TCDB.3_A_7_9_1_comp7
G_3_A_7_9_1_comp8,P_3_A_7_9_1_comp1+3_A_7_9_1_comp2+3_A_7_9_1_comp3+3_A_7_9_1_comp4+3_A_7_9_1_comp5+3_A_7_9_1_comp6+3_A_7_9_1_comp7+3_A_7_9_1_comp8+3_A_7_9_1_comp9+3_A_7_9_1_comp10+3_A_7_9_1_comp11+3_A_7_9_1_comp12+3_A_7_9_1_comp13+3_A_7_9_1_comp14+3_A_7_9_1_comp15+3_A_7_9_1_comp16+3_A_7_9_1_comp17+3_A_7_9_1_comp18+3_A_7_9_1_comp19+3_A_7_9_1_comp20+3_A_7_9_1_comp21+3_A_7_9_1_comp22+3_A_7_9_1_comp23+3_A_7_9_1_comp24+3_A_7_9_1_comp25,R_3_A_7_9_1,TCDB,TCDB.3_A_7_9_1_comp8
G_3_A_7_9_1_comp9,P_3_A_7_9_1_comp1+3_A_7_9_1_comp2+3_A_7_9_1_comp3+3_A_7_9_1_comp4+3_A_7_9_1_comp5+3_A_7_9_1_comp6+3_A_7_9_1_comp7+3_A_7_9_1_comp8+3_A_7_9_1_comp9+3_A_7_9_1_comp10+3_A_7_9_1_comp11+3_A_7_9_1_comp12+3_A_7_9_1_comp13+3_A_7_9_1_comp14+3_A_7_9_1_comp15+3_A_7_9_1_comp16+3_A_7_9_1_comp17+3_A_7_9_1_comp18+3_A_7_9_1_comp19+3_A_7_9_1_comp20+3_A_7_9_1_comp21+3_A_7_9_1_comp22+3_A_7_9_1_comp23+3_A_7_9_1_comp24+3_A_7_9_1_comp25,R_3_A_7_9_1,TCDB,TCDB.3_A_7_9_1_comp9
G_3_A_7_9_1_comp10,P_3_A_7_9_1_comp1+3_A_7_9_1_comp2+3_A_7_9_1_comp3+3_A_7_9_1_comp4+3_A_7_9_1_comp5+3_A_7_9_1_comp6+3_A_7_9_1_comp7+3_A_7_9_1_comp8+3_A_7_9_1_comp9+3_A_7_9_1_comp10+3_A_7_9_1_comp11+3_A_7_9_1_comp12+3_A_7_9_1_comp13+3_A_7_9_1_comp14+3_A_7_9_1_comp15+3_A_7_9_1_comp16+3_A_7_9_1_comp17+3_A_7_9_1_comp18+3_A_7_9_1_comp19+3_A_7_9_1_comp20+3_A_7_9_1_comp21+3_A_7_9_1_comp22+3_A_7_9_1_comp23+3_A_7_9_1_comp24+3_A_7_9_1_comp25,R_3_A_7_9_1,TCDB,TCDB.3_A_7_9_1_comp10
G_3_A_7_9_1_comp11,P_3_A_7_9_1_comp1+3_A_7_9_1_comp2+3_A_7_9_1_comp3+3_A_7_9_1_comp4+3_A_7_9_1_comp5+3_A_7_9_1_comp6+3_A_7_9_1_comp7+3_A_7_9_1_comp8+3_A_7_9_1_comp9+3_A_7_9_1_comp10+3_A_7_9_1_comp11+3_A_7_9_1_comp12+3_A_7_9_1_comp13+3_A_7_9_1_comp14+3_A_7_9_1_comp15+3_A_7_9_1_comp16+3_A_7_9_1_comp17+3_A_7_9_1_comp18+3_A_7_9_1_comp19+3_A_7_9_1_comp20+3_A_7_9_1_comp21+3_A_7_9_1_comp22+3_A_7_9_1_comp23+3_A_7_9_1_comp24+3_A_7_9_1_comp25,R_3_A_7_9_1,TCDB,TCDB.3_A_7_9_1_comp11
G_3_A_7_9_1_comp12,P_3_A_7_9_1_comp1+3_A_7_9_1_comp2+3_A_7_9_1_comp3+3_A_7_9_1_comp4+3_A_7_9_1_comp5+3_A_7_9_1_comp6+3_A_7_9_1_comp7+3_A_7_9_1_comp8+3_A_7_9_1_comp9+3_A_7_9_1_comp10+3_A_7_9_1_comp11+3_A_7_9_1_comp12+3_A_7_9_1_comp13+3_A_7_9_1_comp14+3_A_7_9_1_comp15+3_A_7_9_1_comp16+3_A_7_9_1_comp17+3_A_7_9_1_comp18+3_A_7_9_1_comp19+3_A_7_9_1_comp20+3_A_7_9_1_comp21+3_A_7_9_1_comp22+3_A_7_9_1_comp23+3_A_7_9_1_comp24+3_A_7_9_1_comp25,R_3_A_7_9_1,TCDB,TCDB.3_A_7_9_1_comp12
G_3_A_7_9_1_comp13,P_3_A_7_9_1_comp1+3_A_7_9_1_comp2+3_A_7_9_1_comp3+3_A_7_9_1_comp4+3_A_7_9_1_comp5+3_A_7_9_1_comp6+3_A_7_9_1_comp7+3_A_7_9_1_comp8+3_A_7_9_1_comp9+3_A_7_9_1_comp10+3_A_7_9_1_comp11+3_A_7_9_1_comp12+3_A_7_9_1_comp13+3_A_7_9_1_comp14+3_A_7_9_1_comp15+3_A_7_9_1_comp16+3_A_7_9_1_comp17+3_A_7_9_1_comp18+3_A_7_9_1_comp19+3_A_7_9_1_comp20+3_A_7_9_1_comp21+3_A_7_9_1_comp22+3_A_7_9_1_comp23+3_A_7_9_1_comp24+3_A_7_9_1_comp25,R_3_A_7_9_1,TCDB,TCDB.3_A_7_9_1_comp13
G_3_A_7_9_1_comp14,P_3_A_7_9_1_comp1+3_A_7_9_1_comp2+3_A_7_9_1_comp3+3_A_7_9_1_comp4+3_A_7_9_1_comp5+3_A_7_9_1_comp6+3_A_7_9_1_comp7+3_A_7_9_1_comp8+3_A_7_9_1_comp9+3_A_7_9_1_comp10+3_A_7_9_1_comp11+3_A_7_9_1_comp12+3_A_7_9_1_comp13+3_A_7_9_1_comp14+3_A_7_9_1_comp15+3_A_7_9_1_comp16+3_A_7_9_1_comp17+3_A_7_9_1_comp18+3_A_7_9_1_comp19+3_A_7_9_1_comp20+3_A_7_9_1_comp21+3_A_7_9_1_comp22+3_A_7_9_1_comp23+3_A_7_9_1_comp24+3_A_7_9_1_comp25,R_3_A_7_9_1,TCDB,TCDB.3_A_7_9_1_comp14
G_3_A_7_9_1_comp15,P_3_A_7_9_1_comp1+3_A_7_9_1_comp2+3_A_7_9_1_comp3+3_A_7_9_1_comp4+3_A_7_9_1_comp5+3_A_7_9_1_comp6+3_A_7_9_1_comp7+3_A_7_9_1_comp8+3_A_7_9_1_comp9+3_A_7_9_1_comp10+3_A_7_9_1_comp11+3_A_7_9_1_comp12+3_A_7_9_1_comp13+3_A_7_9_1_comp14+3_A_7_9_1_comp15+3_A_7_9_1_comp16+3_A_7_9_1_comp17+3_A_7_9_1_comp18+3_A_7_9_1_comp19+3_A_7_9_1_comp20+3_A_7_9_1_comp21+3_A_7_9_1_comp22+3_A_7_9_1_comp23+3_A_7_9_1_comp24+3_A_7_9_1_comp25,R_3_A_7_9_1,TCDB,TCDB.3_A_7_9_1_comp15
G_3_A_7_9_1_comp16,P_3_A_7_9_1_comp1+3_A_7_9_1_comp2+3_A_7_9_1_comp3+3_A_7_9_1_comp4+3_A_7_9_1_comp5+3_A_7_9_1_comp6+3_A_7_9_1_comp7+3_A_7_9_1_comp8+3_A_7_9_1_comp9+3_A_7_9_1_comp10+3_A_7_9_1_comp11+3_A_7_9_1_comp12+3_A_7_9_1_comp13+3_A_7_9_1_comp14+3_A_7_9_1_comp15+3_A_7_9_1_comp16+3_A_7_9_1_comp17+3_A_7_9_1_comp18+3_A_7_9_1_comp19+3_A_7_9_1_comp20+3_A_7_9_1_comp21+3_A_7_9_1_comp22+3_A_7_9_1_comp23+3_A_7_9_1_comp24+3_A_7_9_1_comp25,R_3_A_7_9_1,TCDB,TCDB.3_A_7_9_1_comp16
G_3_A_7_9_1_comp17,P_3_A_7_9_1_comp1+3_A_7_9_1_comp2+3_A_7_9_1_comp3+3_A_7_9_1_comp4+3_A_7_9_1_comp5+3_A_7_9_1_comp6+3_A_7_9_1_comp7+3_A_7_9_1_comp8+3_A_7_9_1_comp9+3_A_7_9_1_comp10+3_A_7_9_1_comp11+3_A_7_9_1_comp12+3_A_7_9_1_comp13+3_A_7_9_1_comp14+3_A_7_9_1_comp15+3_A_7_9_1_comp16+3_A_7_9_1_comp17+3_A_7_9_1_comp18+3_A_7_9_1_comp19+3_A_7_9_1_comp20+3_A_7_9_1_comp21+3_A_7_9_1_comp22+3_A_7_9_1_comp23+3_A_7_9_1_comp24+3_A_7_9_1_comp25,R_3_A_7_9_1,TCDB,TCDB.3_A_7_9_1_comp17
G_3_A_7_9_1_comp18,P_3_A_7_9_1_comp1+3_A_7_9_1_comp2+3_A_7_9_1_comp3+3_A_7_9_1_comp4+3_A_7_9_1_comp5+3_A_7_9_1_comp6+3_A_7_9_1_comp7+3_A_7_9_1_comp8+3_A_7_9_1_comp9+3_A_7_9_1_comp10+3_A_7_9_1_comp11+3_A_7_9_1_comp12+3_A_7_9_1_comp13+3_A_7_9_1_comp14+3_A_7_9_1_comp15+3_A_7_9_1_comp16+3_A_7_9_1_comp17+3_A_7_9_1_comp18+3_A_7_9_1_comp19+3_A_7_9_1_comp20+3_A_7_9_1_comp21+3_A_7_9_1_comp22+3_A_7_9_1_comp23+3_A_7_9_1_comp24+3_A_7_9_1_comp25,R_3_A_7_9_1,TCDB,TCDB.3_A_7_9_1_comp18
G_3_A_7_9_1_comp19,P_3_A_7_9_1_comp1+3_A_7_9_1_comp2+3_A_7_9_1_comp3+3_A_7_9_1_comp4+3_A_7_9_1_comp5+3_A_7_9_1_comp6+3_A_7_9_1_comp7+3_A_7_9_1_comp8+3_A_7_9_1_comp9+3_A_7_9_1_comp10+3_A_7_9_1_comp11+3_A_7_9_1_comp12+3_A_7_9_1_comp13+3_A_7_9_1_comp14+3_A_7_9_1_comp15+3_A_7_9_1_comp16+3_A_7_9_1_comp17+3_A_7_9_1_comp18+3_A_7_9_1_comp19+3_A_7_9_1_comp20+3_A_7_9_1_comp21+3_A_7_9_1_comp22+3_A_7_9_1_comp23+3_A_7_9_1_comp24+3_A_7_9_1_comp25,R_3_A_7_9_1,TCDB,TCDB.3_A_7_9_1_comp19
G_3_A_7_9_1_comp20,P_3_A_7_9_1_comp1+3_A_7_9_1_comp2+3_A_7_9_1_comp3+3_A_7_9_1_comp4+3_A_7_9_1_comp5+3_A_7_9_1_comp6+3_A_7_9_1_comp7+3_A_7_9_1_comp8+3_A_7_9_1_comp9+3_A_7_9_1_comp10+3_A_7_9_1_comp11+3_A_7_9_1_comp12+3_A_7_9_1_comp13+3_A_7_9_1_comp14+3_A_7_9_1_comp15+3_A_7_9_1_comp16+3_A_7_9_1_comp17+3_A_7_9_1_comp18+3_A_7_9_1_comp19+3_A_7_9_1_comp20+3_A_7_9_1_comp21+3_A_7_9_1_comp22+3_A_7_9_1_comp23+3_A_7_9_1_comp24+3_A_7_9_1_comp25,R_3_A_7_9_1,TCDB,TCDB.3_A_7_9_1_comp20
G_3_A_7_9_1_comp21,P_3_A_7_9_1_comp1+3_A_7_9_1_comp2+3_A_7_9_1_comp3+3_A_7_9_1_comp4+3_A_7_9_1_comp5+3_A_7_9_1_comp6+3_A_7_9_1_comp7+3_A_7_9_1_comp8+3_A_7_9_1_comp9+3_A_7_9_1_comp10+3_A_7_9_1_comp11+3_A_7_9_1_comp12+3_A_7_9_1_comp13+3_A_7_9_1_comp14+3_A_7_9_1_comp15+3_A_7_9_1_comp16+3_A_7_9_1_comp17+3_A_7_9_1_comp18+3_A_7_9_1_comp19+3_A_7_9_1_comp20+3_A_7_9_1_comp21+3_A_7_9_1_comp22+3_A_7_9_1_comp23+3_A_7_9_1_comp24+3_A_7_9_1_comp25,R_3_A_7_9_1,TCDB,TCDB.3_A_7_9_1_comp21
G_3_A_7_9_1_comp22,P_3_A_7_9_1_comp1+3_A_7_9_1_comp2+3_A_7_9_1_comp3+3_A_7_9_1_comp4+3_A_7_9_1_comp5+3_A_7_9_1_comp6+3_A_7_9_1_comp7+3_A_7_9_1_comp8+3_A_7_9_1_comp9+3_A_7_9_1_comp10+3_A_7_9_1_comp11+3_A_7_9_1_comp12+3_A_7_9_1_comp13+3_A_7_9_1_comp14+3_A_7_9_1_comp15+3_A_7_9_1_comp16+3_A_7_9_1_comp17+3_A_7_9_1_comp18+3_A_7_9_1_comp19+3_A_7_9_1_comp20+3_A_7_9_1_comp21+3_A_7_9_1_comp22+3_A_7_9_1_comp23+3_A_7_9_1_comp24+3_A_7_9_1_comp25,R_3_A_7_9_1,TCDB,TCDB.3_A_7_9_1_comp22
G_3_A_7_9_1_comp23,P_3_A_7_9_1_comp1+3_A_7_9_1_comp2+3_A_7_9_1_comp3+3_A_7_9_1_comp4+3_A_7_9_1_comp5+3_A_7_9_1_comp6+3_A_7_9_1_comp7+3_A_7_9_1_comp8+3_A_7_9_1_comp9+3_A_7_9_1_comp10+3_A_7_9_1_comp11+3_A_7_9_1_comp12+3_A_7_9_1_comp13+3_A_7_9_1_comp14+3_A_7_9_1_comp15+3_A_7_9_1_comp16+3_A_7_9_1_comp17+3_A_7_9_1_comp18+3_A_7_9_1_comp19+3_A_7_9_1_comp20+3_A_7_9_1_comp21+3_A_7_9_1_comp22+3_A_7_9_1_comp23+3_A_7_9_1_comp24+3_A_7_9_1_comp25,R_3_A_7_9_1,TCDB,TCDB.3_A_7_9_1_comp23
G_3_A_7_9_1_comp24,P_3_A_7_9_1_comp1+3_A_7_9_1_comp2+3_A_7_9_1_comp3+3_A_7_9_1_comp4+3_A_7_9_1_comp5+3_A_7_9_1_comp6+3_A_7_9_1_comp7+3_A_7_9_1_comp8+3_A_7_9_1_comp9+3_A_7_9_1_comp10+3_A_7_9_1_comp11+3_A_7_9_1_comp12+3_A_7_9_1_comp13+3_A_7_9_1_comp14+3_A_7_9_1_comp15+3_A_7_9_1_comp16+3_A_7_9_1_comp17+3_A_7_9_1_comp18+3_A_7_9_1_comp19+3_A_7_9_1_comp20+3_A_7_9_1_comp21+3_A_7_9_1_comp22+3_A_7_9_1_comp23+3_A_7_9_1_comp24+3_A_7_9_1_comp25,R_3_A_7_9_1,TCDB,TCDB.3_A_7_9_1_comp24
G_3_A_7_9_1_comp25,P_3_A_7_9_1_comp1+3_A_7_9_1_comp2+3_A_7_9_1_comp3+3_A_7_9_1_comp4+3_A_7_9_1_comp5+3_A_7_9_1_comp6+3_A_7_9_1_comp7+3_A_7_9_1_comp8+3_A_7_9_1_comp9+3_A_7_9_1_comp10+3_A_7_9_1_comp11+3_A_7_9_1_comp12+3_A_7_9_1_comp13+3_A_7_9_1_comp14+3_A_7_9_1_comp15+3_A_7_9_1_comp16+3_A_7_9_1_comp17+3_A_7_9_1_comp18+3_A_7_9_1_comp19+3_A_7_9_1_comp20+3_A_7_9_1_comp21+3_A_7_9_1_comp22+3_A_7_9_1_comp23+3_A_7_9_1_comp24+3_A_7_9_1_comp25,R_3_A_7_9_1,TCDB,TCDB.3_A_7_9_1_comp25
G_1_B_57_1_1_comp1,P_1_B_57_1_1_comp1,R_1_B_57_1_1,TCDB,TCDB.1_B_57_1_1_comp1
G_2_A_1_53_2_comp1,P_2_A_1_53_2_comp1,R_2_A_1_53_2,TCDB,TCDB.2_A_1_53_2_comp1
G_1_A_63_2_3_comp1,P_1_A_63_2_3_comp1,R_1_A_63_2_3,TCDB,TCDB.1_A_63_2_3_comp1
G_3_A_7_5_1_comp1,P_3_A_7_5_1_comp1+3_A_7_5_1_comp2+3_A_7_5_1_comp3+3_A_7_5_1_comp4+3_A_7_5_1_comp5+3_A_7_5_1_comp6+3_A_7_5_1_comp7+3_A_7_5_1_comp8+3_A_7_5_1_comp9+3_A_7_5_1_comp10+3_A_7_5_1_comp11,R_3_A_7_5_1,TCDB,TCDB.3_A_7_5_1_comp1
G_3_A_7_5_1_comp2,P_3_A_7_5_1_comp1+3_A_7_5_1_comp2+3_A_7_5_1_comp3+3_A_7_5_1_comp4+3_A_7_5_1_comp5+3_A_7_5_1_comp6+3_A_7_5_1_comp7+3_A_7_5_1_comp8+3_A_7_5_1_comp9+3_A_7_5_1_comp10+3_A_7_5_1_comp11,R_3_A_7_5_1,TCDB,TCDB.3_A_7_5_1_comp2
G_3_A_7_5_1_comp3,P_3_A_7_5_1_comp1+3_A_7_5_1_comp2+3_A_7_5_1_comp3+3_A_7_5_1_comp4+3_A_7_5_1_comp5+3_A_7_5_1_comp6+3_A_7_5_1_comp7+3_A_7_5_1_comp8+3_A_7_5_1_comp9+3_A_7_5_1_comp10+3_A_7_5_1_comp11,R_3_A_7_5_1,TCDB,TCDB.3_A_7_5_1_comp3
G_3_A_7_5_1_comp4,P_3_A_7_5_1_comp1+3_A_7_5_1_comp2+3_A_7_5_1_comp3+3_A_7_5_1_comp4+3_A_7_5_1_comp5+3_A_7_5_1_comp6+3_A_7_5_1_comp7+3_A_7_5_1_comp8+3_A_7_5_1_comp9+3_A_7_5_1_comp10+3_A_7_5_1_comp11,R_3_A_7_5_1,TCDB,TCDB.3_A_7_5_1_comp4
G_3_A_7_5_1_comp5,P_3_A_7_5_1_comp1+3_A_7_5_1_comp2+3_A_7_5_1_comp3+3_A_7_5_1_comp4+3_A_7_5_1_comp5+3_A_7_5_1_comp6+3_A_7_5_1_comp7+3_A_7_5_1_comp8+3_A_7_5_1_comp9+3_A_7_5_1_comp10+3_A_7_5_1_comp11,R_3_A_7_5_1,TCDB,TCDB.3_A_7_5_1_comp5
G_3_A_7_5_1_comp6,P_3_A_7_5_1_comp1+3_A_7_5_1_comp2+3_A_7_5_1_comp3+3_A_7_5_1_comp4+3_A_7_5_1_comp5+3_A_7_5_1_comp6+3_A_7_5_1_comp7+3_A_7_5_1_comp8+3_A_7_5_1_comp9+3_A_7_5_1_comp10+3_A_7_5_1_comp11,R_3_A_7_5_1,TCDB,TCDB.3_A_7_5_1_comp6
G_3_A_7_5_1_comp7,P_3_A_7_5_1_comp1+3_A_7_5_1_comp2+3_A_7_5_1_comp3+3_A_7_5_1_comp4+3_A_7_5_1_comp5+3_A_7_5_1_comp6+3_A_7_5_1_comp7+3_A_7_5_1_comp8+3_A_7_5_1_comp9+3_A_7_5_1_comp10+3_A_7_5_1_comp11,R_3_A_7_5_1,TCDB,TCDB.3_A_7_5_1_comp7
G_3_A_7_5_1_comp8,P_3_A_7_5_1_comp1+3_A_7_5_1_comp2+3_A_7_5_1_comp3+3_A_7_5_1_comp4+3_A_7_5_1_comp5+3_A_7_5_1_comp6+3_A_7_5_1_comp7+3_A_7_5_1_comp8+3_A_7_5_1_comp9+3_A_7_5_1_comp10+3_A_7_5_1_comp11,R_3_A_7_5_1,TCDB,TCDB.3_A_7_5_1_comp8
G_3_A_7_5_1_comp9,P_3_A_7_5_1_comp1+3_A_7_5_1_comp2+3_A_7_5_1_comp3+3_A_7_5_1_comp4+3_A_7_5_1_comp5+3_A_7_5_1_comp6+3_A_7_5_1_comp7+3_A_7_5_1_comp8+3_A_7_5_1_comp9+3_A_7_5_1_comp10+3_A_7_5_1_comp11,R_3_A_7_5_1,TCDB,TCDB.3_A_7_5_1_comp9
G_3_A_7_5_1_comp10,P_3_A_7_5_1_comp1+3_A_7_5_1_comp2+3_A_7_5_1_comp3+3_A_7_5_1_comp4+3_A_7_5_1_comp5+3_A_7_5_1_comp6+3_A_7_5_1_comp7+3_A_7_5_1_comp8+3_A_7_5_1_comp9+3_A_7_5_1_comp10+3_A_7_5_1_comp11,R_3_A_7_5_1,TCDB,TCDB.3_A_7_5_1_comp10
G_3_A_7_5_1_comp11,P_3_A_7_5_1_comp1+3_A_7_5_1_comp2+3_A_7_5_1_comp3+3_A_7_5_1_comp4+3_A_7_5_1_comp5+3_A_7_5_1_comp6+3_A_7_5_1_comp7+3_A_7_5_1_comp8+3_A_7_5_1_comp9+3_A_7_5_1_comp10+3_A_7_5_1_comp11,R_3_A_7_5_1,TCDB,TCDB.3_A_7_5_1_comp11
G_2_A_1_53_1_comp1,P_2_A_1_53_1_comp1,R_2_A_1_53_1,TCDB,TCDB.2_A_1_53_1_comp1
G_3_A_3_5_36_comp1,P_3_A_3_5_36_comp1,R_3_A_3_5_36,TCDB,TCDB.3_A_3_5_36_comp1
G_3_A_3_6_8_comp1,P_3_A_3_6_8_comp1,R_3_A_3_6_8,TCDB,TCDB.3_A_3_6_8_comp1
G_3_A_2_3_1_comp1,P_3_A_2_3_1_comp1+3_A_2_3_1_comp2+3_A_2_3_1_comp3+3_A_2_3_1_comp4+3_A_2_3_1_comp5+3_A_2_3_1_comp6+3_A_2_3_1_comp7,R_3_A_2_3_1,TCDB,TCDB.3_A_2_3_1_comp1
G_3_A_2_3_1_comp2,P_3_A_2_3_1_comp1+3_A_2_3_1_comp2+3_A_2_3_1_comp3+3_A_2_3_1_comp4+3_A_2_3_1_comp5+3_A_2_3_1_comp6+3_A_2_3_1_comp7,R_3_A_2_3_1,TCDB,TCDB.3_A_2_3_1_comp2
G_3_A_2_3_1_comp3,P_3_A_2_3_1_comp1+3_A_2_3_1_comp2+3_A_2_3_1_comp3+3_A_2_3_1_comp4+3_A_2_3_1_comp5+3_A_2_3_1_comp6+3_A_2_3_1_comp7,R_3_A_2_3_1,TCDB,TCDB.3_A_2_3_1_comp3
G_3_A_2_3_1_comp4,P_3_A_2_3_1_comp1+3_A_2_3_1_comp2+3_A_2_3_1_comp3+3_A_2_3_1_comp4+3_A_2_3_1_comp5+3_A_2_3_1_comp6+3_A_2_3_1_comp7,R_3_A_2_3_1,TCDB,TCDB.3_A_2_3_1_comp4
G_3_A_2_3_1_comp5,P_3_A_2_3_1_comp1+3_A_2_3_1_comp2+3_A_2_3_1_comp3+3_A_2_3_1_comp4+3_A_2_3_1_comp5+3_A_2_3_1_comp6+3_A_2_3_1_comp7,R_3_A_2_3_1,TCDB,TCDB.3_A_2_3_1_comp5
G_3_A_2_3_1_comp6,P_3_A_2_3_1_comp1+3_A_2_3_1_comp2+3_A_2_3_1_comp3+3_A_2_3_1_comp4+3_A_2_3_1_comp5+3_A_2_3_1_comp6+3_A_2_3_1_comp7,R_3_A_2_3_1,TCDB,TCDB.3_A_2_3_1_comp6
G_3_A_2_3_1_comp7,P_3_A_2_3_1_comp1+3_A_2_3_1_comp2+3_A_2_3_1_comp3+3_A_2_3_1_comp4+3_A_2_3_1_comp5+3_A_2_3_1_comp6+3_A_2_3_1_comp7,R_3_A_2_3_1,TCDB,TCDB.3_A_2_3_1_comp7
G_3_A_1_120_4_comp1,P_3_A_1_120_4_comp1,R_3_A_1_120_4,TCDB,TCDB.3_A_1_120_4_comp1
G_9_B_297_4_1_comp1,P_9_B_297_4_1_comp1,R_9_B_297_4_1,TCDB,TCDB.9_B_297_4_1_comp1
G_8_A_159_1_2_comp1,P_8_A_159_1_2_comp1,R_8_A_159_1_2,TCDB,TCDB.8_A_159_1_2_comp1
G_2_A_36_6_6_comp1,P_2_A_36_6_6_comp1,R_2_A_36_6_6,TCDB,TCDB.2_A_36_6_6_comp1
G_2_A_43_3_1_comp1,P_2_A_43_3_1_comp1,R_2_A_43_3_1,TCDB,TCDB.2_A_43_3_1_comp1
G_3_A_3_31_2_comp1,P_3_A_3_31_2_comp1,R_3_A_3_31_2,TCDB,TCDB.3_A_3_31_2_comp1
G_3_A_3_31_1_comp1,P_3_A_3_31_1_comp1,R_3_A_3_31_1,TCDB,TCDB.3_A_3_31_1_comp1
G_1_B_8_1_2_comp1,P_1_B_8_1_2_comp1,R_1_B_8_1_2,TCDB,TCDB.1_B_8_1_2_comp1
G_2_A_74_1_1_comp1,P_2_A_74_1_1_comp1,R_2_A_74_1_1,TCDB,TCDB.2_A_74_1_1_comp1
G_9_B_67_7_4_comp1,P_9_B_67_7_4_comp1,R_9_B_67_7_4,TCDB,TCDB.9_B_67_7_4_comp1
G_1_B_80_2_2_comp1,P_1_B_80_2_2_comp1,R_1_B_80_2_2,TCDB,TCDB.1_B_80_2_2_comp1
G_9_B_135_2_2_comp1,P_9_B_135_2_2_comp1,R_9_B_135_2_2,TCDB,TCDB.9_B_135_2_2_comp1
G_3_A_1_204_37_comp1,P_3_A_1_204_37_comp1,R_3_A_1_204_37,TCDB,TCDB.3_A_1_204_37_comp1
G_2_A_57_5_1_comp1,P_2_A_57_5_1_comp1,R_2_A_57_5_1,TCDB,TCDB.2_A_57_5_1_comp1
G_2_A_74_1_2_comp1,P_2_A_74_1_2_comp1,R_2_A_74_1_2,TCDB,TCDB.2_A_74_1_2_comp1
G_1_A_1_11_3_comp1,P_1_A_1_11_3_comp1,R_1_A_1_11_3,TCDB,TCDB.1_A_1_11_3_comp1
G_2_A_7_12_1_comp1,P_2_A_7_12_1_comp1,R_2_A_7_12_1,TCDB,TCDB.2_A_7_12_1_comp1
G_1_A_10_1_8_comp1,P_1_A_10_1_8_comp1,R_1_A_10_1_8,TCDB,TCDB.1_A_10_1_8_comp1
G_2_A_57_1_2_comp1,P_2_A_57_1_2_comp1,R_2_A_57_1_2,TCDB,TCDB.2_A_57_1_2_comp1
G_1_A_27_1_2_comp1,P_1_A_27_1_2_comp1,R_1_A_27_1_2,TCDB,TCDB.1_A_27_1_2_comp1
G_1_C_33_1_7_comp1,P_1_C_33_1_7_comp1,R_1_C_33_1_7,TCDB,TCDB.1_C_33_1_7_comp1
G_2_A_1_14_6_comp1,P_2_A_1_14_6_comp1,R_2_A_1_14_6,TCDB,TCDB.2_A_1_14_6_comp1
G_8_A_34_1_1_comp1,P_8_A_34_1_1_comp1,R_8_A_34_1_1,TCDB,TCDB.8_A_34_1_1_comp1
G_2_A_1_14_13_comp1,P_2_A_1_14_13_comp1,R_2_A_1_14_13,TCDB,TCDB.2_A_1_14_13_comp1
G_1_A_28_1_1_comp1,P_1_A_28_1_1_comp1,R_1_A_28_1_1,TCDB,TCDB.1_A_28_1_1_comp1
G_2_A_41_2_2_comp1,P_2_A_41_2_2_comp1,R_2_A_41_2_2,TCDB,TCDB.2_A_41_2_2_comp1
G_2_A_4_2_3_comp1,P_2_A_4_2_3_comp1,R_2_A_4_2_3,TCDB,TCDB.2_A_4_2_3_comp1
G_2_A_41_2_1_comp1,P_2_A_41_2_1_comp1,R_2_A_41_2_1,TCDB,TCDB.2_A_41_2_1_comp1
G_2_A_4_3_1_comp1,P_2_A_4_3_1_comp1,R_2_A_4_3_1,TCDB,TCDB.2_A_4_3_1_comp1
G_1_A_1_10_6_comp1,P_1_A_1_10_6_comp1,R_1_A_1_10_6,TCDB,TCDB.1_A_1_10_6_comp1
G_1_A_1_3_2_comp1,P_1_A_1_3_2_comp1,R_1_A_1_3_2,TCDB,TCDB.1_A_1_3_2_comp1
G_2_A_3_8_1_comp1,P_2_A_3_8_1_comp1,R_2_A_3_8_1,TCDB,TCDB.2_A_3_8_1_comp1
G_2_A_1_19_1_comp1,P_2_A_1_19_1_comp1,R_2_A_1_19_1,TCDB,TCDB.2_A_1_19_1_comp1
G_1_A_27_1_4_comp1,P_1_A_27_1_4_comp1,R_1_A_27_1_4,TCDB,TCDB.1_A_27_1_4_comp1
G_1_A_3_2_5_comp1,P_1_A_3_2_5_comp1,R_1_A_3_2_5,TCDB,TCDB.1_A_3_2_5_comp1
G_1_A_1_20_4_comp1,P_1_A_1_20_4_comp1,R_1_A_1_20_4,TCDB,TCDB.1_A_1_20_4_comp1
G_2_A_30_1_13_comp1,P_2_A_30_1_13_comp1,R_2_A_30_1_13,TCDB,TCDB.2_A_30_1_13_comp1
G_2_A_30_1_14_comp1,P_2_A_30_1_14_comp1,R_2_A_30_1_14,TCDB,TCDB.2_A_30_1_14_comp1
G_1_A_14_3_1_comp1,P_1_A_14_3_1_comp1,R_1_A_14_3_1,TCDB,TCDB.1_A_14_3_1_comp1
G_4_A_1_1_17_comp1,P_4_A_1_1_17_comp1,R_4_A_1_1_17,TCDB,TCDB.4_A_1_1_17_comp1
G_1_B_95_2_3_comp1,P_1_B_95_2_3_comp1,R_1_B_95_2_3,TCDB,TCDB.1_B_95_2_3_comp1
G_1_E_43_1_11_comp1,P_1_E_43_1_11_comp1,R_1_E_43_1_11,TCDB,TCDB.1_E_43_1_11_comp1
G_2_A_1_19_27_comp1,P_2_A_1_19_27_comp1,R_2_A_1_19_27,TCDB,TCDB.2_A_1_19_27_comp1
G_2_A_1_1_130_comp1,P_2_A_1_1_130_comp1,R_2_A_1_1_130,TCDB,TCDB.2_A_1_1_130_comp1
G_2_A_22_6_1_comp1,P_2_A_22_6_1_comp1,R_2_A_22_6_1,TCDB,TCDB.2_A_22_6_1_comp1
G_8_A_9_2_1_comp1,P_8_A_9_2_1_comp1,R_8_A_9_2_1,TCDB,TCDB.8_A_9_2_1_comp1
G_9_B_97_3_1_comp1,P_9_B_97_3_1_comp1,R_9_B_97_3_1,TCDB,TCDB.9_B_97_3_1_comp1
G_1_A_7_1_12_comp1,P_1_A_7_1_12_comp1,R_1_A_7_1_12,TCDB,TCDB.1_A_7_1_12_comp1
G_1_B_4_2_18_comp1,P_1_B_4_2_18_comp1,R_1_B_4_2_18,TCDB,TCDB.1_B_4_2_18_comp1
G_3_A_1_5_25_comp1,P_3_A_1_5_25_comp1+3_A_1_5_25_comp2+3_A_1_5_25_comp3+3_A_1_5_25_comp4+3_A_1_5_25_comp5+3_A_1_5_25_comp6,R_3_A_1_5_25,TCDB,TCDB.3_A_1_5_25_comp1
G_3_A_1_5_25_comp2,P_3_A_1_5_25_comp1+3_A_1_5_25_comp2+3_A_1_5_25_comp3+3_A_1_5_25_comp4+3_A_1_5_25_comp5+3_A_1_5_25_comp6,R_3_A_1_5_25,TCDB,TCDB.3_A_1_5_25_comp2
G_3_A_1_5_25_comp3,P_3_A_1_5_25_comp1+3_A_1_5_25_comp2+3_A_1_5_25_comp3+3_A_1_5_25_comp4+3_A_1_5_25_comp5+3_A_1_5_25_comp6,R_3_A_1_5_25,TCDB,TCDB.3_A_1_5_25_comp3
G_3_A_1_5_25_comp4,P_3_A_1_5_25_comp1+3_A_1_5_25_comp2+3_A_1_5_25_comp3+3_A_1_5_25_comp4+3_A_1_5_25_comp5+3_A_1_5_25_comp6,R_3_A_1_5_25,TCDB,TCDB.3_A_1_5_25_comp4
G_3_A_1_5_25_comp5,P_3_A_1_5_25_comp1+3_A_1_5_25_comp2+3_A_1_5_25_comp3+3_A_1_5_25_comp4+3_A_1_5_25_comp5+3_A_1_5_25_comp6,R_3_A_1_5_25,TCDB,TCDB.3_A_1_5_25_comp5
G_3_A_1_5_25_comp6,P_3_A_1_5_25_comp1+3_A_1_5_25_comp2+3_A_1_5_25_comp3+3_A_1_5_25_comp4+3_A_1_5_25_comp5+3_A_1_5_25_comp6,R_3_A_1_5_25,TCDB,TCDB.3_A_1_5_25_comp6
G_2_A_1_1_40_comp1,P_2_A_1_1_40_comp1,R_2_A_1_1_40,TCDB,TCDB.2_A_1_1_40_comp1
G_9_B_171_1_2_comp1,P_9_B_171_1_2_comp1,R_9_B_171_1_2,TCDB,TCDB.9_B_171_1_2_comp1
G_1_B_6_7_1_comp1,P_1_B_6_7_1_comp1,R_1_B_6_7_1,TCDB,TCDB.1_B_6_7_1_comp1
G_2_A_124_1_4_comp1,P_2_A_124_1_4_comp1,R_2_A_124_1_4,TCDB,TCDB.2_A_124_1_4_comp1
G_1_B_14_6_8_comp1,P_1_B_14_6_8_comp1,R_1_B_14_6_8,TCDB,TCDB.1_B_14_6_8_comp1
G_1_C_39_13_2_comp1,P_1_C_39_13_2_comp1,R_1_C_39_13_2,TCDB,TCDB.1_C_39_13_2_comp1
G_1_C_39_13_3_comp1,P_1_C_39_13_3_comp1,R_1_C_39_13_3,TCDB,TCDB.1_C_39_13_3_comp1
G_2_A_7_34_3_comp1,P_2_A_7_34_3_comp1,R_2_A_7_34_3,TCDB,TCDB.2_A_7_34_3_comp1
G_9_B_104_3_2_comp1,P_9_B_104_3_2_comp1,R_9_B_104_3_2,TCDB,TCDB.9_B_104_3_2_comp1
G_1_G_23_1_1_comp1,P_1_G_23_1_1_comp1+1_G_23_1_1_comp2,R_1_G_23_1_1,TCDB,TCDB.1_G_23_1_1_comp1
G_1_G_23_1_1_comp2,P_1_G_23_1_1_comp1+1_G_23_1_1_comp2,R_1_G_23_1_1,TCDB,TCDB.1_G_23_1_1_comp2
G_1_A_95_1_1_comp1,P_1_A_95_1_1_comp1,R_1_A_95_1_1,TCDB,TCDB.1_A_95_1_1_comp1
G_5_B_6_1_1_comp1,P_5_B_6_1_1_comp1,R_5_B_6_1_1,TCDB,TCDB.5_B_6_1_1_comp1
G_3_A_1_121_6_comp1,P_3_A_1_121_6_comp1,R_3_A_1_121_6,TCDB,TCDB.3_A_1_121_6_comp1
G_3_A_1_131_2_comp1,P_3_A_1_131_2_comp1+3_A_1_131_2_comp2,R_3_A_1_131_2,TCDB,TCDB.3_A_1_131_2_comp1
G_3_A_1_131_2_comp2,P_3_A_1_131_2_comp1+3_A_1_131_2_comp2,R_3_A_1_131_2,TCDB,TCDB.3_A_1_131_2_comp2
G_3_D_10_1_1_comp1,P_3_D_10_1_1_comp1+3_D_10_1_1_comp2+3_D_10_1_1_comp3,R_3_D_10_1_1,TCDB,TCDB.3_D_10_1_1_comp1
G_3_D_10_1_1_comp2,P_3_D_10_1_1_comp1+3_D_10_1_1_comp2+3_D_10_1_1_comp3,R_3_D_10_1_1,TCDB,TCDB.3_D_10_1_1_comp2
G_3_D_10_1_1_comp3,P_3_D_10_1_1_comp1+3_D_10_1_1_comp2+3_D_10_1_1_comp3,R_3_D_10_1_1,TCDB,TCDB.3_D_10_1_1_comp3
G_1_E_27_1_4_comp1,P_1_E_27_1_4_comp1,R_1_E_27_1_4,TCDB,TCDB.1_E_27_1_4_comp1
G_2_A_47_1_18_comp1,P_2_A_47_1_18_comp1,R_2_A_47_1_18,TCDB,TCDB.2_A_47_1_18_comp1
G_2_A_47_1_13_comp1,P_2_A_47_1_13_comp1,R_2_A_47_1_13,TCDB,TCDB.2_A_47_1_13_comp1
G_1_C_64_1_5_comp1,P_1_C_64_1_5_comp1,R_1_C_64_1_5,TCDB,TCDB.1_C_64_1_5_comp1
G_1_H_1_5_1_comp1,P_1_H_1_5_1_comp1,R_1_H_1_5_1,TCDB,TCDB.1_H_1_5_1_comp1
G_1_H_1_5_2_comp1,P_1_H_1_5_2_comp1,R_1_H_1_5_2,TCDB,TCDB.1_H_1_5_2_comp1
G_2_A_66_4_2_comp1,P_2_A_66_4_2_comp1,R_2_A_66_4_2,TCDB,TCDB.2_A_66_4_2_comp1
G_1_G_20_2_1_comp1,P_1_G_20_2_1_comp1,R_1_G_20_2_1,TCDB,TCDB.1_G_20_2_1_comp1
G_3_A_1_15_18_comp1,P_3_A_1_15_18_comp1,R_3_A_1_15_18,TCDB,TCDB.3_A_1_15_18_comp1
G_5_B_1_3_1_comp1,P_5_B_1_3_1_comp1,R_5_B_1_3_1,TCDB,TCDB.5_B_1_3_1_comp1
G_1_A_8_10_16_comp1,P_1_A_8_10_16_comp1,R_1_A_8_10_16,TCDB,TCDB.1_A_8_10_16_comp1
G_3_A_1_135_13_comp1,P_3_A_1_135_13_comp1+3_A_1_135_13_comp2,R_3_A_1_135_13,TCDB,TCDB.3_A_1_135_13_comp1
G_3_A_1_135_13_comp2,P_3_A_1_135_13_comp1+3_A_1_135_13_comp2,R_3_A_1_135_13,TCDB,TCDB.3_A_1_135_13_comp2
G_1_C_107_1_1_comp1,P_1_C_107_1_1_comp1,R_1_C_107_1_1,TCDB,TCDB.1_C_107_1_1_comp1
G_1_C_4_6_1_comp1,P_1_C_4_6_1_comp1,R_1_C_4_6_1,TCDB,TCDB.1_C_4_6_1_comp1
G_3_A_1_201_39_comp1,P_3_A_1_201_39_comp1,R_3_A_1_201_39,TCDB,TCDB.3_A_1_201_39_comp1
G_1_A_39_1_1_comp1,P_1_A_39_1_1_comp1,R_1_A_39_1_1,TCDB,TCDB.1_A_39_1_1_comp1
G_2_A_69_1_5_comp1,P_2_A_69_1_5_comp1,R_2_A_69_1_5,TCDB,TCDB.2_A_69_1_5_comp1
G_2_A_66_5_1_comp1,P_2_A_66_5_1_comp1,R_2_A_66_5_1,TCDB,TCDB.2_A_66_5_1_comp1
G_2_A_6_2_4_comp1,P_2_A_6_2_4_comp1+2_A_6_2_4_comp2,R_2_A_6_2_4,TCDB,TCDB.2_A_6_2_4_comp1
G_2_A_6_2_4_comp2,P_2_A_6_2_4_comp1+2_A_6_2_4_comp2,R_2_A_6_2_4,TCDB,TCDB.2_A_6_2_4_comp2
G_9_B_151_1_3_comp1,P_9_B_151_1_3_comp1,R_9_B_151_1_3,TCDB,TCDB.9_B_151_1_3_comp1
G_1_A_8_12_5_comp1,P_1_A_8_12_5_comp1,R_1_A_8_12_5,TCDB,TCDB.1_A_8_12_5_comp1
G_1_A_112_1_8_comp1,P_1_A_112_1_8_comp1,R_1_A_112_1_8,TCDB,TCDB.1_A_112_1_8_comp1
G_5_B_6_1_3_comp1,P_5_B_6_1_3_comp1,R_5_B_6_1_3,TCDB,TCDB.5_B_6_1_3_comp1
G_9_B_169_4_1_comp1,P_9_B_169_4_1_comp1,R_9_B_169_4_1,TCDB,TCDB.9_B_169_4_1_comp1
G_9_A_54_3_5_comp1,P_9_A_54_3_5_comp1,R_9_A_54_3_5,TCDB,TCDB.9_A_54_3_5_comp1
G_2_A_36_5_1_comp1,P_2_A_36_5_1_comp1,R_2_A_36_5_1,TCDB,TCDB.2_A_36_5_1_comp1
G_9_B_315_1_3_comp1,P_9_B_315_1_3_comp1,R_9_B_315_1_3,TCDB,TCDB.9_B_315_1_3_comp1
G_2_A_88_1_2_comp1,P_2_A_88_1_2_comp1,R_2_A_88_1_2,TCDB,TCDB.2_A_88_1_2_comp1
G_1_C_107_1_3_comp1,P_1_C_107_1_3_comp1,R_1_C_107_1_3,TCDB,TCDB.1_C_107_1_3_comp1
G_1_A_53_1_11_comp1,P_1_A_53_1_11_comp1,R_1_A_53_1_11,TCDB,TCDB.1_A_53_1_11_comp1
G_2_A_22_6_3_comp1,P_2_A_22_6_3_comp1+2_A_22_6_3_comp2+2_A_22_6_3_comp3+2_A_22_6_3_comp4,R_2_A_22_6_3,TCDB,TCDB.2_A_22_6_3_comp1
G_2_A_22_6_3_comp2,P_2_A_22_6_3_comp1+2_A_22_6_3_comp2+2_A_22_6_3_comp3+2_A_22_6_3_comp4,R_2_A_22_6_3,TCDB,TCDB.2_A_22_6_3_comp2
G_2_A_22_6_3_comp3,P_2_A_22_6_3_comp1+2_A_22_6_3_comp2+2_A_22_6_3_comp3+2_A_22_6_3_comp4,R_2_A_22_6_3,TCDB,TCDB.2_A_22_6_3_comp3
G_2_A_22_6_3_comp4,P_2_A_22_6_3_comp1+2_A_22_6_3_comp2+2_A_22_6_3_comp3+2_A_22_6_3_comp4,R_2_A_22_6_3,TCDB,TCDB.2_A_22_6_3_comp4
G_1_A_41_1_4_comp1,P_1_A_41_1_4_comp1,R_1_A_41_1_4,TCDB,TCDB.1_A_41_1_4_comp1
G_2_A_2_4_11_comp1,P_2_A_2_4_11_comp1,R_2_A_2_4_11,TCDB,TCDB.2_A_2_4_11_comp1
G_3_B_1_1_6_comp1,P_3_B_1_1_6_comp1+3_B_1_1_6_comp2+3_B_1_1_6_comp3,R_3_B_1_1_6,TCDB,TCDB.3_B_1_1_6_comp1
G_3_B_1_1_6_comp2,P_3_B_1_1_6_comp1+3_B_1_1_6_comp2+3_B_1_1_6_comp3,R_3_B_1_1_6,TCDB,TCDB.3_B_1_1_6_comp2
G_3_B_1_1_6_comp3,P_3_B_1_1_6_comp1+3_B_1_1_6_comp2+3_B_1_1_6_comp3,R_3_B_1_1_6,TCDB,TCDB.3_B_1_1_6_comp3
G_2_A_102_1_1_comp1,P_2_A_102_1_1_comp1,R_2_A_102_1_1,TCDB,TCDB.2_A_102_1_1_comp1
G_4_F_1_1_7_comp1,P_4_F_1_1_7_comp1,R_4_F_1_1_7,TCDB,TCDB.4_F_1_1_7_comp1
G_1_E_57_1_3_comp1,P_1_E_57_1_3_comp1,R_1_E_57_1_3,TCDB,TCDB.1_E_57_1_3_comp1
G_2_A_36_1_18_comp1,P_2_A_36_1_18_comp1,R_2_A_36_1_18,TCDB,TCDB.2_A_36_1_18_comp1
G_9_B_50_1_5_comp1,P_9_B_50_1_5_comp1,R_9_B_50_1_5,TCDB,TCDB.9_B_50_1_5_comp1
G_1_A_77_3_34_comp1,P_1_A_77_3_34_comp1,R_1_A_77_3_34,TCDB,TCDB.1_A_77_3_34_comp1
G_1_A_14_3_9_comp1,P_1_A_14_3_9_comp1,R_1_A_14_3_9,TCDB,TCDB.1_A_14_3_9_comp1
G_3_A_10_2_2_comp1,P_3_A_10_2_2_comp1,R_3_A_10_2_2,TCDB,TCDB.3_A_10_2_2_comp1
G_1_R_2_1_2_comp1,P_1_R_2_1_2_comp1,R_1_R_2_1_2,TCDB,TCDB.1_R_2_1_2_comp1
G_1_C_2_1_8_comp1,P_1_C_2_1_8_comp1,R_1_C_2_1_8,TCDB,TCDB.1_C_2_1_8_comp1
G_1_C_64_1_13_comp1,P_1_C_64_1_13_comp1,R_1_C_64_1_13,TCDB,TCDB.1_C_64_1_13_comp1
G_3_A_3_1_14_comp1,P_3_A_3_1_14_comp1,R_3_A_3_1_14,TCDB,TCDB.3_A_3_1_14_comp1
G_2_A_38_2_4_comp1,P_2_A_38_2_4_comp1,R_2_A_38_2_4,TCDB,TCDB.2_A_38_2_4_comp1
G_9_B_235_1_7_comp1,P_9_B_235_1_7_comp1,R_9_B_235_1_7,TCDB,TCDB.9_B_235_1_7_comp1
G_9_B_213_1_3_comp1,P_9_B_213_1_3_comp1,R_9_B_213_1_3,TCDB,TCDB.9_B_213_1_3_comp1
G_2_A_47_3_4_comp1,P_2_A_47_3_4_comp1,R_2_A_47_3_4,TCDB,TCDB.2_A_47_3_4_comp1
G_2_A_2_5_2_comp1,P_2_A_2_5_2_comp1,R_2_A_2_5_2,TCDB,TCDB.2_A_2_5_2_comp1
G_1_B_35_1_2_comp1,P_1_B_35_1_2_comp1,R_1_B_35_1_2,TCDB,TCDB.1_B_35_1_2_comp1
G_8_A_48_1_5_comp1,P_8_A_48_1_5_comp1,R_8_A_48_1_5,TCDB,TCDB.8_A_48_1_5_comp1
G_8_A_102_1_1_comp1,P_8_A_102_1_1_comp1,R_8_A_102_1_1,TCDB,TCDB.8_A_102_1_1_comp1
G_1_N_5_1_7_comp1,P_1_N_5_1_7_comp1,R_1_N_5_1_7,TCDB,TCDB.1_N_5_1_7_comp1
G_8_A_91_1_2_comp1,P_8_A_91_1_2_comp1,R_8_A_91_1_2,TCDB,TCDB.8_A_91_1_2_comp1
G_2_A_1_1_139_comp1,P_2_A_1_1_139_comp1,R_2_A_1_1_139,TCDB,TCDB.2_A_1_1_139_comp1
G_2_A_1_40_1_comp1,P_2_A_1_40_1_comp1,R_2_A_1_40_1,TCDB,TCDB.2_A_1_40_1_comp1
G_9_A_46_1_4_comp1,P_9_A_46_1_4_comp1,R_9_A_46_1_4,TCDB,TCDB.9_A_46_1_4_comp1
G_9_A_57_1_6_comp1,P_9_A_57_1_6_comp1,R_9_A_57_1_6,TCDB,TCDB.9_A_57_1_6_comp1
G_1_C_111_1_11_comp1,P_1_C_111_1_11_comp1,R_1_C_111_1_11,TCDB,TCDB.1_C_111_1_11_comp1
G_9_A_14_13_25_comp1,P_9_A_14_13_25_comp1,R_9_A_14_13_25,TCDB,TCDB.9_A_14_13_25_comp1
G_9_B_86_1_1_comp1,P_9_B_86_1_1_comp1,R_9_B_86_1_1,TCDB,TCDB.9_B_86_1_1_comp1
G_2_A_29_11_3_comp1,P_2_A_29_11_3_comp1,R_2_A_29_11_3,TCDB,TCDB.2_A_29_11_3_comp1
G_3_A_1_103_2_comp1,P_3_A_1_103_2_comp1+3_A_1_103_2_comp2,R_3_A_1_103_2,TCDB,TCDB.3_A_1_103_2_comp1
G_3_A_1_103_2_comp2,P_3_A_1_103_2_comp1+3_A_1_103_2_comp2,R_3_A_1_103_2,TCDB,TCDB.3_A_1_103_2_comp2
G_5_B_1_4_3_comp1,P_5_B_1_4_3_comp1,R_5_B_1_4_3,TCDB,TCDB.5_B_1_4_3_comp1
G_1_C_19_1_7_comp1,P_1_C_19_1_7_comp1,R_1_C_19_1_7,TCDB,TCDB.1_C_19_1_7_comp1
G_9_A_39_1_5_comp1,P_9_A_39_1_5_comp1+9_A_39_1_5_comp2,R_9_A_39_1_5,TCDB,TCDB.9_A_39_1_5_comp1
G_9_A_39_1_5_comp2,P_9_A_39_1_5_comp1+9_A_39_1_5_comp2,R_9_A_39_1_5,TCDB,TCDB.9_A_39_1_5_comp2
G_2_A_87_4_1_comp1,P_2_A_87_4_1_comp1,R_2_A_87_4_1,TCDB,TCDB.2_A_87_4_1_comp1
G_2_A_3_8_31_comp1,P_2_A_3_8_31_comp1,R_2_A_3_8_31,TCDB,TCDB.2_A_3_8_31_comp1
G_2_A_15_1_9_comp1,P_2_A_15_1_9_comp1,R_2_A_15_1_9,TCDB,TCDB.2_A_15_1_9_comp1
G_2_A_1_15_7_comp1,P_2_A_1_15_7_comp1,R_2_A_1_15_7,TCDB,TCDB.2_A_1_15_7_comp1
G_1_B_25_1_36_comp1,P_1_B_25_1_36_comp1,R_1_B_25_1_36,TCDB,TCDB.1_B_25_1_36_comp1
G_1_B_25_1_6_comp1,P_1_B_25_1_6_comp1,R_1_B_25_1_6,TCDB,TCDB.1_B_25_1_6_comp1
G_8_A_10_1_2_comp1,P_8_A_10_1_2_comp1,R_8_A_10_1_2,TCDB,TCDB.8_A_10_1_2_comp1
G_2_A_1_2_115_comp1,P_2_A_1_2_115_comp1,R_2_A_1_2_115,TCDB,TCDB.2_A_1_2_115_comp1
G_3_A_1_205_13_comp1,P_3_A_1_205_13_comp1,R_3_A_1_205_13,TCDB,TCDB.3_A_1_205_13_comp1
G_1_B_12_12_1_comp1,P_1_B_12_12_1_comp1,R_1_B_12_12_1,TCDB,TCDB.1_B_12_12_1_comp1
G_9_A_39_1_1_comp1,P_9_A_39_1_1_comp1,R_9_A_39_1_1,TCDB,TCDB.9_A_39_1_1_comp1
G_1_B_69_2_5_comp1,P_1_B_69_2_5_comp1,R_1_B_69_2_5,TCDB,TCDB.1_B_69_2_5_comp1
G_2_A_88_1_1_comp1,P_2_A_88_1_1_comp1,R_2_A_88_1_1,TCDB,TCDB.2_A_88_1_1_comp1
G_3_A_1_25_1_comp1,P_3_A_1_25_1_comp1+3_A_1_25_1_comp2+3_A_1_25_1_comp3,R_3_A_1_25_1,TCDB,TCDB.3_A_1_25_1_comp1
G_3_A_1_25_1_comp2,P_3_A_1_25_1_comp1+3_A_1_25_1_comp2+3_A_1_25_1_comp3,R_3_A_1_25_1,TCDB,TCDB.3_A_1_25_1_comp2
G_3_A_1_25_1_comp3,P_3_A_1_25_1_comp1+3_A_1_25_1_comp2+3_A_1_25_1_comp3,R_3_A_1_25_1,TCDB,TCDB.3_A_1_25_1_comp3
G_2_A_6_2_31_comp1,P_2_A_6_2_31_comp1+2_A_6_2_31_comp2+2_A_6_2_31_comp3,R_2_A_6_2_31,TCDB,TCDB.2_A_6_2_31_comp1
G_2_A_6_2_31_comp2,P_2_A_6_2_31_comp1+2_A_6_2_31_comp2+2_A_6_2_31_comp3,R_2_A_6_2_31,TCDB,TCDB.2_A_6_2_31_comp2
G_2_A_6_2_31_comp3,P_2_A_6_2_31_comp1+2_A_6_2_31_comp2+2_A_6_2_31_comp3,R_2_A_6_2_31,TCDB,TCDB.2_A_6_2_31_comp3
G_1_B_49_1_8_comp1,P_1_B_49_1_8_comp1,R_1_B_49_1_8,TCDB,TCDB.1_B_49_1_8_comp1
G_1_A_46_1_4_comp1,P_1_A_46_1_4_comp1,R_1_A_46_1_4,TCDB,TCDB.1_A_46_1_4_comp1
G_2_A_67_2_11_comp1,P_2_A_67_2_11_comp1,R_2_A_67_2_11,TCDB,TCDB.2_A_67_2_11_comp1
G_1_C_47_1_7_comp1,P_1_C_47_1_7_comp1,R_1_C_47_1_7,TCDB,TCDB.1_C_47_1_7_comp1
G_9_B_12_1_3_comp1,P_9_B_12_1_3_comp1,R_9_B_12_1_3,TCDB,TCDB.9_B_12_1_3_comp1
G_5_B_2_1_6_comp1,P_5_B_2_1_6_comp1,R_5_B_2_1_6,TCDB,TCDB.5_B_2_1_6_comp1
G_9_A_24_1_1_comp1,P_9_A_24_1_1_comp1,R_9_A_24_1_1,TCDB,TCDB.9_A_24_1_1_comp1
G_2_A_7_9_11_comp1,P_2_A_7_9_11_comp1,R_2_A_7_9_11,TCDB,TCDB.2_A_7_9_11_comp1
G_2_A_4_4_6_comp1,P_2_A_4_4_6_comp1,R_2_A_4_4_6,TCDB,TCDB.2_A_4_4_6_comp1
G_1_B_29_1_4_comp1,P_1_B_29_1_4_comp1,R_1_B_29_1_4,TCDB,TCDB.1_B_29_1_4_comp1
G_8_A_143_1_5_comp1,P_8_A_143_1_5_comp1,R_8_A_143_1_5,TCDB,TCDB.8_A_143_1_5_comp1
G_8_A_135_1_3_comp1,P_8_A_135_1_3_comp1,R_8_A_135_1_3,TCDB,TCDB.8_A_135_1_3_comp1
G_9_A_14_6_12_comp1,P_9_A_14_6_12_comp1,R_9_A_14_6_12,TCDB,TCDB.9_A_14_6_12_comp1
G_1_C_39_3_2_comp1,P_1_C_39_3_2_comp1,R_1_C_39_3_2,TCDB,TCDB.1_C_39_3_2_comp1
G_1_N_2_1_4_comp1,P_1_N_2_1_4_comp1,R_1_N_2_1_4,TCDB,TCDB.1_N_2_1_4_comp1
G_2_A_30_1_8_comp1,P_2_A_30_1_8_comp1,R_2_A_30_1_8,TCDB,TCDB.2_A_30_1_8_comp1
G_1_A_8_9_12_comp1,P_1_A_8_9_12_comp1,R_1_A_8_9_12,TCDB,TCDB.1_A_8_9_12_comp1
G_2_A_18_4_2_comp1,P_2_A_18_4_2_comp1,R_2_A_18_4_2,TCDB,TCDB.2_A_18_4_2_comp1
G_2_A_15_1_12_comp1,P_2_A_15_1_12_comp1,R_2_A_15_1_12,TCDB,TCDB.2_A_15_1_12_comp1
G_1_A_5_1_5_comp1,P_1_A_5_1_5_comp1,R_1_A_5_1_5,TCDB,TCDB.1_A_5_1_5_comp1
G_1_A_17_1_27_comp1,P_1_A_17_1_27_comp1,R_1_A_17_1_27,TCDB,TCDB.1_A_17_1_27_comp1
G_3_A_1_208_14_comp1,P_3_A_1_208_14_comp1,R_3_A_1_208_14,TCDB,TCDB.3_A_1_208_14_comp1
G_2_A_19_4_4_comp1,P_2_A_19_4_4_comp1,R_2_A_19_4_4,TCDB,TCDB.2_A_19_4_4_comp1
G_1_B_70_1_12_comp1,P_1_B_70_1_12_comp1,R_1_B_70_1_12,TCDB,TCDB.1_B_70_1_12_comp1
G_1_A_4_2_12_comp1,P_1_A_4_2_12_comp1,R_1_A_4_2_12,TCDB,TCDB.1_A_4_2_12_comp1
G_1_A_1_5_21_comp1,P_1_A_1_5_21_comp1,R_1_A_1_5_21,TCDB,TCDB.1_A_1_5_21_comp1
G_2_A_29_23_1_comp1,P_2_A_29_23_1_comp1,R_2_A_29_23_1,TCDB,TCDB.2_A_29_23_1_comp1
G_1_A_77_3_44_comp1,P_1_A_77_3_44_comp1,R_1_A_77_3_44,TCDB,TCDB.1_A_77_3_44_comp1
G_3_A_1_138_1_comp1,P_3_A_1_138_1_comp1+3_A_1_138_1_comp2,R_3_A_1_138_1,TCDB,TCDB.3_A_1_138_1_comp1
G_3_A_1_138_1_comp2,P_3_A_1_138_1_comp1+3_A_1_138_1_comp2,R_3_A_1_138_1,TCDB,TCDB.3_A_1_138_1_comp2
G_3_A_4_1_2_comp1,P_3_A_4_1_2_comp1+3_A_4_1_2_comp2,R_3_A_4_1_2,TCDB,TCDB.3_A_4_1_2_comp1
G_3_A_4_1_2_comp2,P_3_A_4_1_2_comp1+3_A_4_1_2_comp2,R_3_A_4_1_2,TCDB,TCDB.3_A_4_1_2_comp2
G_2_A_3_15_1_comp1,P_2_A_3_15_1_comp1,R_2_A_3_15_1,TCDB,TCDB.2_A_3_15_1_comp1
G_1_C_78_1_3_comp1,P_1_C_78_1_3_comp1,R_1_C_78_1_3,TCDB,TCDB.1_C_78_1_3_comp1
G_2_A_5_4_2_comp1,P_2_A_5_4_2_comp1,R_2_A_5_4_2,TCDB,TCDB.2_A_5_4_2_comp1
G_9_B_102_1_21_comp1,P_9_B_102_1_21_comp1,R_9_B_102_1_21,TCDB,TCDB.9_B_102_1_21_comp1
G_1_B_35_4_1_comp1,P_1_B_35_4_1_comp1,R_1_B_35_4_1,TCDB,TCDB.1_B_35_4_1_comp1
G_9_B_160_1_8_comp1,P_9_B_160_1_8_comp1,R_9_B_160_1_8,TCDB,TCDB.9_B_160_1_8_comp1
G_2_A_25_1_3_comp1,P_2_A_25_1_3_comp1,R_2_A_25_1_3,TCDB,TCDB.2_A_25_1_3_comp1
G_1_A_16_2_3_comp1,P_1_A_16_2_3_comp1,R_1_A_16_2_3,TCDB,TCDB.1_A_16_2_3_comp1
G_2_A_7_34_4_comp1,P_2_A_7_34_4_comp1,R_2_A_7_34_4,TCDB,TCDB.2_A_7_34_4_comp1
G_2_A_1_54_1_comp1,P_2_A_1_54_1_comp1,R_2_A_1_54_1,TCDB,TCDB.2_A_1_54_1_comp1
G_2_A_35_2_1_comp1,P_2_A_35_2_1_comp1,R_2_A_35_2_1,TCDB,TCDB.2_A_35_2_1_comp1
G_1_A_54_4_1_comp1,P_1_A_54_4_1_comp1,R_1_A_54_4_1,TCDB,TCDB.1_A_54_4_1_comp1
G_2_A_7_21_3_comp1,P_2_A_7_21_3_comp1,R_2_A_7_21_3,TCDB,TCDB.2_A_7_21_3_comp1
G_1_B_59_1_2_comp1,P_1_B_59_1_2_comp1,R_1_B_59_1_2,TCDB,TCDB.1_B_59_1_2_comp1
G_9_B_28_1_1_comp1,P_9_B_28_1_1_comp1,R_9_B_28_1_1,TCDB,TCDB.9_B_28_1_1_comp1
G_2_A_1_15_11_comp1,P_2_A_1_15_11_comp1,R_2_A_1_15_11,TCDB,TCDB.2_A_1_15_11_comp1
G_2_A_42_1_6_comp1,P_2_A_42_1_6_comp1,R_2_A_42_1_6,TCDB,TCDB.2_A_42_1_6_comp1
G_1_B_72_1_6_comp1,P_1_B_72_1_6_comp1,R_1_B_72_1_6,TCDB,TCDB.1_B_72_1_6_comp1
G_1_B_72_1_1_comp1,P_1_B_72_1_1_comp1,R_1_B_72_1_1,TCDB,TCDB.1_B_72_1_1_comp1
G_3_A_7_16_1_comp1,P_3_A_7_16_1_comp1+3_A_7_16_1_comp2+3_A_7_16_1_comp3+3_A_7_16_1_comp4+3_A_7_16_1_comp5+3_A_7_16_1_comp6+3_A_7_16_1_comp7+3_A_7_16_1_comp8+3_A_7_16_1_comp9+3_A_7_16_1_comp10+3_A_7_16_1_comp11+3_A_7_16_1_comp12+3_A_7_16_1_comp13,R_3_A_7_16_1,TCDB,TCDB.3_A_7_16_1_comp1
G_3_A_7_16_1_comp2,P_3_A_7_16_1_comp1+3_A_7_16_1_comp2+3_A_7_16_1_comp3+3_A_7_16_1_comp4+3_A_7_16_1_comp5+3_A_7_16_1_comp6+3_A_7_16_1_comp7+3_A_7_16_1_comp8+3_A_7_16_1_comp9+3_A_7_16_1_comp10+3_A_7_16_1_comp11+3_A_7_16_1_comp12+3_A_7_16_1_comp13,R_3_A_7_16_1,TCDB,TCDB.3_A_7_16_1_comp2
G_3_A_7_16_1_comp3,P_3_A_7_16_1_comp1+3_A_7_16_1_comp2+3_A_7_16_1_comp3+3_A_7_16_1_comp4+3_A_7_16_1_comp5+3_A_7_16_1_comp6+3_A_7_16_1_comp7+3_A_7_16_1_comp8+3_A_7_16_1_comp9+3_A_7_16_1_comp10+3_A_7_16_1_comp11+3_A_7_16_1_comp12+3_A_7_16_1_comp13,R_3_A_7_16_1,TCDB,TCDB.3_A_7_16_1_comp3
G_3_A_7_16_1_comp4,P_3_A_7_16_1_comp1+3_A_7_16_1_comp2+3_A_7_16_1_comp3+3_A_7_16_1_comp4+3_A_7_16_1_comp5+3_A_7_16_1_comp6+3_A_7_16_1_comp7+3_A_7_16_1_comp8+3_A_7_16_1_comp9+3_A_7_16_1_comp10+3_A_7_16_1_comp11+3_A_7_16_1_comp12+3_A_7_16_1_comp13,R_3_A_7_16_1,TCDB,TCDB.3_A_7_16_1_comp4
G_3_A_7_16_1_comp5,P_3_A_7_16_1_comp1+3_A_7_16_1_comp2+3_A_7_16_1_comp3+3_A_7_16_1_comp4+3_A_7_16_1_comp5+3_A_7_16_1_comp6+3_A_7_16_1_comp7+3_A_7_16_1_comp8+3_A_7_16_1_comp9+3_A_7_16_1_comp10+3_A_7_16_1_comp11+3_A_7_16_1_comp12+3_A_7_16_1_comp13,R_3_A_7_16_1,TCDB,TCDB.3_A_7_16_1_comp5
G_3_A_7_16_1_comp6,P_3_A_7_16_1_comp1+3_A_7_16_1_comp2+3_A_7_16_1_comp3+3_A_7_16_1_comp4+3_A_7_16_1_comp5+3_A_7_16_1_comp6+3_A_7_16_1_comp7+3_A_7_16_1_comp8+3_A_7_16_1_comp9+3_A_7_16_1_comp10+3_A_7_16_1_comp11+3_A_7_16_1_comp12+3_A_7_16_1_comp13,R_3_A_7_16_1,TCDB,TCDB.3_A_7_16_1_comp6
G_3_A_7_16_1_comp7,P_3_A_7_16_1_comp1+3_A_7_16_1_comp2+3_A_7_16_1_comp3+3_A_7_16_1_comp4+3_A_7_16_1_comp5+3_A_7_16_1_comp6+3_A_7_16_1_comp7+3_A_7_16_1_comp8+3_A_7_16_1_comp9+3_A_7_16_1_comp10+3_A_7_16_1_comp11+3_A_7_16_1_comp12+3_A_7_16_1_comp13,R_3_A_7_16_1,TCDB,TCDB.3_A_7_16_1_comp7
G_3_A_7_16_1_comp8,P_3_A_7_16_1_comp1+3_A_7_16_1_comp2+3_A_7_16_1_comp3+3_A_7_16_1_comp4+3_A_7_16_1_comp5+3_A_7_16_1_comp6+3_A_7_16_1_comp7+3_A_7_16_1_comp8+3_A_7_16_1_comp9+3_A_7_16_1_comp10+3_A_7_16_1_comp11+3_A_7_16_1_comp12+3_A_7_16_1_comp13,R_3_A_7_16_1,TCDB,TCDB.3_A_7_16_1_comp8
G_3_A_7_16_1_comp9,P_3_A_7_16_1_comp1+3_A_7_16_1_comp2+3_A_7_16_1_comp3+3_A_7_16_1_comp4+3_A_7_16_1_comp5+3_A_7_16_1_comp6+3_A_7_16_1_comp7+3_A_7_16_1_comp8+3_A_7_16_1_comp9+3_A_7_16_1_comp10+3_A_7_16_1_comp11+3_A_7_16_1_comp12+3_A_7_16_1_comp13,R_3_A_7_16_1,TCDB,TCDB.3_A_7_16_1_comp9
G_3_A_7_16_1_comp10,P_3_A_7_16_1_comp1+3_A_7_16_1_comp2+3_A_7_16_1_comp3+3_A_7_16_1_comp4+3_A_7_16_1_comp5+3_A_7_16_1_comp6+3_A_7_16_1_comp7+3_A_7_16_1_comp8+3_A_7_16_1_comp9+3_A_7_16_1_comp10+3_A_7_16_1_comp11+3_A_7_16_1_comp12+3_A_7_16_1_comp13,R_3_A_7_16_1,TCDB,TCDB.3_A_7_16_1_comp10
G_3_A_7_16_1_comp11,P_3_A_7_16_1_comp1+3_A_7_16_1_comp2+3_A_7_16_1_comp3+3_A_7_16_1_comp4+3_A_7_16_1_comp5+3_A_7_16_1_comp6+3_A_7_16_1_comp7+3_A_7_16_1_comp8+3_A_7_16_1_comp9+3_A_7_16_1_comp10+3_A_7_16_1_comp11+3_A_7_16_1_comp12+3_A_7_16_1_comp13,R_3_A_7_16_1,TCDB,TCDB.3_A_7_16_1_comp11
G_3_A_7_16_1_comp12,P_3_A_7_16_1_comp1+3_A_7_16_1_comp2+3_A_7_16_1_comp3+3_A_7_16_1_comp4+3_A_7_16_1_comp5+3_A_7_16_1_comp6+3_A_7_16_1_comp7+3_A_7_16_1_comp8+3_A_7_16_1_comp9+3_A_7_16_1_comp10+3_A_7_16_1_comp11+3_A_7_16_1_comp12+3_A_7_16_1_comp13,R_3_A_7_16_1,TCDB,TCDB.3_A_7_16_1_comp12
G_3_A_7_16_1_comp13,P_3_A_7_16_1_comp1+3_A_7_16_1_comp2+3_A_7_16_1_comp3+3_A_7_16_1_comp4+3_A_7_16_1_comp5+3_A_7_16_1_comp6+3_A_7_16_1_comp7+3_A_7_16_1_comp8+3_A_7_16_1_comp9+3_A_7_16_1_comp10+3_A_7_16_1_comp11+3_A_7_16_1_comp12+3_A_7_16_1_comp13,R_3_A_7_16_1,TCDB,TCDB.3_A_7_16_1_comp13
G_2_A_12_1_9_comp1,P_2_A_12_1_9_comp1,R_2_A_12_1_9,TCDB,TCDB.2_A_12_1_9_comp1
G_1_B_72_1_2_comp1,P_1_B_72_1_2_comp1,R_1_B_72_1_2,TCDB,TCDB.1_B_72_1_2_comp1
G_2_A_12_1_18_comp1,P_2_A_12_1_18_comp1,R_2_A_12_1_18,TCDB,TCDB.2_A_12_1_18_comp1
G_2_A_12_1_6_comp1,P_2_A_12_1_6_comp1,R_2_A_12_1_6,TCDB,TCDB.2_A_12_1_6_comp1
G_2_A_12_1_7_comp1,P_2_A_12_1_7_comp1,R_2_A_12_1_7,TCDB,TCDB.2_A_12_1_7_comp1
G_2_A_12_1_8_comp1,P_2_A_12_1_8_comp1,R_2_A_12_1_8,TCDB,TCDB.2_A_12_1_8_comp1
G_1_B_14_16_1_comp1,P_1_B_14_16_1_comp1,R_1_B_14_16_1,TCDB,TCDB.1_B_14_16_1_comp1
G_2_A_64_1_3_comp1,P_2_A_64_1_3_comp1+2_A_64_1_3_comp2+2_A_64_1_3_comp3+2_A_64_1_3_comp4,R_2_A_64_1_3,TCDB,TCDB.2_A_64_1_3_comp1
G_2_A_64_1_3_comp2,P_2_A_64_1_3_comp1+2_A_64_1_3_comp2+2_A_64_1_3_comp3+2_A_64_1_3_comp4,R_2_A_64_1_3,TCDB,TCDB.2_A_64_1_3_comp2
G_2_A_64_1_3_comp3,P_2_A_64_1_3_comp1+2_A_64_1_3_comp2+2_A_64_1_3_comp3+2_A_64_1_3_comp4,R_2_A_64_1_3,TCDB,TCDB.2_A_64_1_3_comp3
G_2_A_64_1_3_comp4,P_2_A_64_1_3_comp1+2_A_64_1_3_comp2+2_A_64_1_3_comp3+2_A_64_1_3_comp4,R_2_A_64_1_3,TCDB,TCDB.2_A_64_1_3_comp4
G_1_B_46_1_6_comp1,P_1_B_46_1_6_comp1,R_1_B_46_1_6,TCDB,TCDB.1_B_46_1_6_comp1
G_3_A_1_137_2_comp1,P_3_A_1_137_2_comp1+3_A_1_137_2_comp2+3_A_1_137_2_comp3,R_3_A_1_137_2,TCDB,TCDB.3_A_1_137_2_comp1
G_3_A_1_137_2_comp2,P_3_A_1_137_2_comp1+3_A_1_137_2_comp2+3_A_1_137_2_comp3,R_3_A_1_137_2,TCDB,TCDB.3_A_1_137_2_comp2
G_3_A_1_137_2_comp3,P_3_A_1_137_2_comp1+3_A_1_137_2_comp2+3_A_1_137_2_comp3,R_3_A_1_137_2,TCDB,TCDB.3_A_1_137_2_comp3
G_9_B_142_12_1_comp1,P_9_B_142_12_1_comp1,R_9_B_142_12_1,TCDB,TCDB.9_B_142_12_1_comp1
G_9_B_15_2_11_comp1,P_9_B_15_2_11_comp1,R_9_B_15_2_11,TCDB,TCDB.9_B_15_2_11_comp1
G_3_A_1_15_17_comp1,P_3_A_1_15_17_comp1+3_A_1_15_17_comp2+3_A_1_15_17_comp3,R_3_A_1_15_17,TCDB,TCDB.3_A_1_15_17_comp1
G_3_A_1_15_17_comp2,P_3_A_1_15_17_comp1+3_A_1_15_17_comp2+3_A_1_15_17_comp3,R_3_A_1_15_17,TCDB,TCDB.3_A_1_15_17_comp2
G_3_A_1_15_17_comp3,P_3_A_1_15_17_comp1+3_A_1_15_17_comp2+3_A_1_15_17_comp3,R_3_A_1_15_17,TCDB,TCDB.3_A_1_15_17_comp3
G_1_B_71_1_7_comp1,P_1_B_71_1_7_comp1,R_1_B_71_1_7,TCDB,TCDB.1_B_71_1_7_comp1
G_9_B_105_1_8_comp1,P_9_B_105_1_8_comp1,R_9_B_105_1_8,TCDB,TCDB.9_B_105_1_8_comp1
G_3_A_5_1_3_comp1,P_3_A_5_1_3_comp1+3_A_5_1_3_comp2+3_A_5_1_3_comp3+3_A_5_1_3_comp4,R_3_A_5_1_3,TCDB,TCDB.3_A_5_1_3_comp1
G_3_A_5_1_3_comp2,P_3_A_5_1_3_comp1+3_A_5_1_3_comp2+3_A_5_1_3_comp3+3_A_5_1_3_comp4,R_3_A_5_1_3,TCDB,TCDB.3_A_5_1_3_comp2
G_3_A_5_1_3_comp3,P_3_A_5_1_3_comp1+3_A_5_1_3_comp2+3_A_5_1_3_comp3+3_A_5_1_3_comp4,R_3_A_5_1_3,TCDB,TCDB.3_A_5_1_3_comp3
G_3_A_5_1_3_comp4,P_3_A_5_1_3_comp1+3_A_5_1_3_comp2+3_A_5_1_3_comp3+3_A_5_1_3_comp4,R_3_A_5_1_3,TCDB,TCDB.3_A_5_1_3_comp4
G_4_D_2_2_3_comp1,P_4_D_2_2_3_comp1,R_4_D_2_2_3,TCDB,TCDB.4_D_2_2_3_comp1
G_9_A_31_1_3_comp1,P_9_A_31_1_3_comp1+9_A_31_1_3_comp2,R_9_A_31_1_3,TCDB,TCDB.9_A_31_1_3_comp1
G_9_A_31_1_3_comp2,P_9_A_31_1_3_comp1+9_A_31_1_3_comp2,R_9_A_31_1_3,TCDB,TCDB.9_A_31_1_3_comp2
G_2_C_1_1_4_comp1,P_2_C_1_1_4_comp1,R_2_C_1_1_4,TCDB,TCDB.2_C_1_1_4_comp1
G_3_A_3_27_6_comp1,P_3_A_3_27_6_comp1,R_3_A_3_27_6,TCDB,TCDB.3_A_3_27_6_comp1
G_3_A_1_208_37_comp1,P_3_A_1_208_37_comp1,R_3_A_1_208_37,TCDB,TCDB.3_A_1_208_37_comp1
G_9_B_150_1_4_comp1,P_9_B_150_1_4_comp1,R_9_B_150_1_4,TCDB,TCDB.9_B_150_1_4_comp1
G_3_A_1_208_38_comp1,P_3_A_1_208_38_comp1+3_A_1_208_38_comp2,R_3_A_1_208_38,TCDB,TCDB.3_A_1_208_38_comp1
G_3_A_1_208_38_comp2,P_3_A_1_208_38_comp1+3_A_1_208_38_comp2,R_3_A_1_208_38,TCDB,TCDB.3_A_1_208_38_comp2
G_9_B_121_6_4_comp1,P_9_B_121_6_4_comp1,R_9_B_121_6_4,TCDB,TCDB.9_B_121_6_4_comp1
G_9_B_105_1_7_comp1,P_9_B_105_1_7_comp1,R_9_B_105_1_7,TCDB,TCDB.9_B_105_1_7_comp1
G_1_A_30_3_4_comp1,P_1_A_30_3_4_comp1+1_A_30_3_4_comp2+1_A_30_3_4_comp3,R_1_A_30_3_4,TCDB,TCDB.1_A_30_3_4_comp1
G_1_A_30_3_4_comp2,P_1_A_30_3_4_comp1+1_A_30_3_4_comp2+1_A_30_3_4_comp3,R_1_A_30_3_4,TCDB,TCDB.1_A_30_3_4_comp2
G_1_A_30_3_4_comp3,P_1_A_30_3_4_comp1+1_A_30_3_4_comp2+1_A_30_3_4_comp3,R_1_A_30_3_4,TCDB,TCDB.1_A_30_3_4_comp3
G_2_A_37_2_6_comp1,P_2_A_37_2_6_comp1,R_2_A_37_2_6,TCDB,TCDB.2_A_37_2_6_comp1
G_1_A_23_4_12_comp1,P_1_A_23_4_12_comp1,R_1_A_23_4_12,TCDB,TCDB.1_A_23_4_12_comp1
G_2_A_100_2_1_comp1,P_2_A_100_2_1_comp1,R_2_A_100_2_1,TCDB,TCDB.2_A_100_2_1_comp1
G_1_A_46_2_5_comp1,P_1_A_46_2_5_comp1,R_1_A_46_2_5,TCDB,TCDB.1_A_46_2_5_comp1
G_9_A_31_1_5_comp1,P_9_A_31_1_5_comp1+9_A_31_1_5_comp2,R_9_A_31_1_5,TCDB,TCDB.9_A_31_1_5_comp1
G_9_A_31_1_5_comp2,P_9_A_31_1_5_comp1+9_A_31_1_5_comp2,R_9_A_31_1_5,TCDB,TCDB.9_A_31_1_5_comp2
G_9_B_149_1_11_comp1,P_9_B_149_1_11_comp1,R_9_B_149_1_11,TCDB,TCDB.9_B_149_1_11_comp1
G_3_A_1_105_20_comp1,P_3_A_1_105_20_comp1+3_A_1_105_20_comp2+3_A_1_105_20_comp3+3_A_1_105_20_comp4+3_A_1_105_20_comp5,R_3_A_1_105_20,TCDB,TCDB.3_A_1_105_20_comp1
G_3_A_1_105_20_comp2,P_3_A_1_105_20_comp1+3_A_1_105_20_comp2+3_A_1_105_20_comp3+3_A_1_105_20_comp4+3_A_1_105_20_comp5,R_3_A_1_105_20,TCDB,TCDB.3_A_1_105_20_comp2
G_3_A_1_105_20_comp3,P_3_A_1_105_20_comp1+3_A_1_105_20_comp2+3_A_1_105_20_comp3+3_A_1_105_20_comp4+3_A_1_105_20_comp5,R_3_A_1_105_20,TCDB,TCDB.3_A_1_105_20_comp3
G_3_A_1_105_20_comp4,P_3_A_1_105_20_comp1+3_A_1_105_20_comp2+3_A_1_105_20_comp3+3_A_1_105_20_comp4+3_A_1_105_20_comp5,R_3_A_1_105_20,TCDB,TCDB.3_A_1_105_20_comp4
G_3_A_1_105_20_comp5,P_3_A_1_105_20_comp1+3_A_1_105_20_comp2+3_A_1_105_20_comp3+3_A_1_105_20_comp4+3_A_1_105_20_comp5,R_3_A_1_105_20,TCDB,TCDB.3_A_1_105_20_comp5
G_1_B_17_2_11_comp1,P_1_B_17_2_11_comp1,R_1_B_17_2_11,TCDB,TCDB.1_B_17_2_11_comp1
G_3_A_1_142_2_comp1,P_3_A_1_142_2_comp1+3_A_1_142_2_comp2,R_3_A_1_142_2,TCDB,TCDB.3_A_1_142_2_comp1
G_3_A_1_142_2_comp2,P_3_A_1_142_2_comp1+3_A_1_142_2_comp2,R_3_A_1_142_2,TCDB,TCDB.3_A_1_142_2_comp2
G_2_A_106_3_2_comp1,P_2_A_106_3_2_comp1,R_2_A_106_3_2,TCDB,TCDB.2_A_106_3_2_comp1
G_9_B_18_2_1_comp1,P_9_B_18_2_1_comp1,R_9_B_18_2_1,TCDB,TCDB.9_B_18_2_1_comp1
G_9_B_67_4_3_comp1,P_9_B_67_4_3_comp1,R_9_B_67_4_3,TCDB,TCDB.9_B_67_4_3_comp1
G_2_A_6_6_11_comp1,P_2_A_6_6_11_comp1,R_2_A_6_6_11,TCDB,TCDB.2_A_6_6_11_comp1
G_1_B_17_1_7_comp1,P_1_B_17_1_7_comp1,R_1_B_17_1_7,TCDB,TCDB.1_B_17_1_7_comp1
G_9_B_20_3_4_comp1,P_9_B_20_3_4_comp1,R_9_B_20_3_4,TCDB,TCDB.9_B_20_3_4_comp1
G_2_A_102_4_11_comp1,P_2_A_102_4_11_comp1,R_2_A_102_4_11,TCDB,TCDB.2_A_102_4_11_comp1
G_1_E_43_1_13_comp1,P_1_E_43_1_13_comp1,R_1_E_43_1_13,TCDB,TCDB.1_E_43_1_13_comp1
G_2_A_133_1_6_comp1,P_2_A_133_1_6_comp1,R_2_A_133_1_6,TCDB,TCDB.2_A_133_1_6_comp1
G_3_A_1_1_51_comp1,P_3_A_1_1_51_comp1+3_A_1_1_51_comp2+3_A_1_1_51_comp3,R_3_A_1_1_51,TCDB,TCDB.3_A_1_1_51_comp1
G_3_A_1_1_51_comp2,P_3_A_1_1_51_comp1+3_A_1_1_51_comp2+3_A_1_1_51_comp3,R_3_A_1_1_51,TCDB,TCDB.3_A_1_1_51_comp2
G_3_A_1_1_51_comp3,P_3_A_1_1_51_comp1+3_A_1_1_51_comp2+3_A_1_1_51_comp3,R_3_A_1_1_51,TCDB,TCDB.3_A_1_1_51_comp3
G_1_A_30_5_1_comp1,P_1_A_30_5_1_comp1,R_1_A_30_5_1,TCDB,TCDB.1_A_30_5_1_comp1
G_8_A_85_1_4_comp1,P_8_A_85_1_4_comp1,R_8_A_85_1_4,TCDB,TCDB.8_A_85_1_4_comp1
G_3_A_1_136_2_comp1,P_3_A_1_136_2_comp1+3_A_1_136_2_comp2,R_3_A_1_136_2,TCDB,TCDB.3_A_1_136_2_comp1
G_3_A_1_136_2_comp2,P_3_A_1_136_2_comp1+3_A_1_136_2_comp2,R_3_A_1_136_2,TCDB,TCDB.3_A_1_136_2_comp2
G_3_A_3_30_1_comp1,P_3_A_3_30_1_comp1,R_3_A_3_30_1,TCDB,TCDB.3_A_3_30_1_comp1
G_9_B_186_1_4_comp1,P_9_B_186_1_4_comp1,R_9_B_186_1_4,TCDB,TCDB.9_B_186_1_4_comp1
G_2_C_1_1_5_comp1,P_2_C_1_1_5_comp1,R_2_C_1_1_5,TCDB,TCDB.2_C_1_1_5_comp1
G_1_B_3_3_1_comp1,P_1_B_3_3_1_comp1,R_1_B_3_3_1,TCDB,TCDB.1_B_3_3_1_comp1
G_1_B_60_1_10_comp1,P_1_B_60_1_10_comp1,R_1_B_60_1_10,TCDB,TCDB.1_B_60_1_10_comp1
G_1_A_30_3_3_comp1,P_1_A_30_3_3_comp1+1_A_30_3_3_comp2+1_A_30_3_3_comp3,R_1_A_30_3_3,TCDB,TCDB.1_A_30_3_3_comp1
G_1_A_30_3_3_comp2,P_1_A_30_3_3_comp1+1_A_30_3_3_comp2+1_A_30_3_3_comp3,R_1_A_30_3_3,TCDB,TCDB.1_A_30_3_3_comp2
G_1_A_30_3_3_comp3,P_1_A_30_3_3_comp1+1_A_30_3_3_comp2+1_A_30_3_3_comp3,R_1_A_30_3_3,TCDB,TCDB.1_A_30_3_3_comp3
G_9_B_170_1_2_comp1,P_9_B_170_1_2_comp1,R_9_B_170_1_2,TCDB,TCDB.9_B_170_1_2_comp1
G_1_B_22_5_2_comp1,P_1_B_22_5_2_comp1,R_1_B_22_5_2,TCDB,TCDB.1_B_22_5_2_comp1
G_9_B_14_4_3_comp1,P_9_B_14_4_3_comp1,R_9_B_14_4_3,TCDB,TCDB.9_B_14_4_3_comp1
G_2_A_121_2_6_comp1,P_2_A_121_2_6_comp1,R_2_A_121_2_6,TCDB,TCDB.2_A_121_2_6_comp1
G_1_A_1_7_9_comp1,P_1_A_1_7_9_comp1,R_1_A_1_7_9,TCDB,TCDB.1_A_1_7_9_comp1
G_8_A_105_1_3_comp1,P_8_A_105_1_3_comp1,R_8_A_105_1_3,TCDB,TCDB.8_A_105_1_3_comp1
G_2_A_1_40_2_comp1,P_2_A_1_40_2_comp1,R_2_A_1_40_2,TCDB,TCDB.2_A_1_40_2_comp1
G_2_A_79_2_2_comp1,P_2_A_79_2_2_comp1,R_2_A_79_2_2,TCDB,TCDB.2_A_79_2_2_comp1
G_9_B_163_2_1_comp1,P_9_B_163_2_1_comp1,R_9_B_163_2_1,TCDB,TCDB.9_B_163_2_1_comp1
G_3_A_1_4_11_comp1,P_3_A_1_4_11_comp1+3_A_1_4_11_comp2+3_A_1_4_11_comp3+3_A_1_4_11_comp4,R_3_A_1_4_11,TCDB,TCDB.3_A_1_4_11_comp1
G_3_A_1_4_11_comp2,P_3_A_1_4_11_comp1+3_A_1_4_11_comp2+3_A_1_4_11_comp3+3_A_1_4_11_comp4,R_3_A_1_4_11,TCDB,TCDB.3_A_1_4_11_comp2
G_3_A_1_4_11_comp3,P_3_A_1_4_11_comp1+3_A_1_4_11_comp2+3_A_1_4_11_comp3+3_A_1_4_11_comp4,R_3_A_1_4_11,TCDB,TCDB.3_A_1_4_11_comp3
G_3_A_1_4_11_comp4,P_3_A_1_4_11_comp1+3_A_1_4_11_comp2+3_A_1_4_11_comp3+3_A_1_4_11_comp4,R_3_A_1_4_11,TCDB,TCDB.3_A_1_4_11_comp4
G_9_B_34_1_6_comp1,P_9_B_34_1_6_comp1,R_9_B_34_1_6,TCDB,TCDB.9_B_34_1_6_comp1
G_2_A_56_1_10_comp1,P_2_A_56_1_10_comp1+2_A_56_1_10_comp2+2_A_56_1_10_comp3,R_2_A_56_1_10,TCDB,TCDB.2_A_56_1_10_comp1
G_2_A_56_1_10_comp2,P_2_A_56_1_10_comp1+2_A_56_1_10_comp2+2_A_56_1_10_comp3,R_2_A_56_1_10,TCDB,TCDB.2_A_56_1_10_comp2
G_2_A_56_1_10_comp3,P_2_A_56_1_10_comp1+2_A_56_1_10_comp2+2_A_56_1_10_comp3,R_2_A_56_1_10,TCDB,TCDB.2_A_56_1_10_comp3
G_2_A_4_7_3_comp1,P_2_A_4_7_3_comp1,R_2_A_4_7_3,TCDB,TCDB.2_A_4_7_3_comp1
G_2_A_45_2_3_comp1,P_2_A_45_2_3_comp1,R_2_A_45_2_3,TCDB,TCDB.2_A_45_2_3_comp1
G_2_A_4_7_4_comp1,P_2_A_4_7_4_comp1,R_2_A_4_7_4,TCDB,TCDB.2_A_4_7_4_comp1
G_2_A_1_43_1_comp1,P_2_A_1_43_1_comp1,R_2_A_1_43_1,TCDB,TCDB.2_A_1_43_1_comp1
G_9_B_89_1_1_comp1,P_9_B_89_1_1_comp1,R_9_B_89_1_1,TCDB,TCDB.9_B_89_1_1_comp1
G_9_B_95_1_1_comp1,P_9_B_95_1_1_comp1,R_9_B_95_1_1,TCDB,TCDB.9_B_95_1_1_comp1
G_1_C_95_1_2_comp1,P_1_C_95_1_2_comp1,R_1_C_95_1_2,TCDB,TCDB.1_C_95_1_2_comp1
G_3_A_3_5_35_comp1,P_3_A_3_5_35_comp1,R_3_A_3_5_35,TCDB,TCDB.3_A_3_5_35_comp1
G_3_A_1_203_8_comp1,P_3_A_1_203_8_comp1,R_3_A_1_203_8,TCDB,TCDB.3_A_1_203_8_comp1
G_2_A_7_11_7_comp1,P_2_A_7_11_7_comp1,R_2_A_7_11_7,TCDB,TCDB.2_A_7_11_7_comp1
G_2_A_1_49_5_comp1,P_2_A_1_49_5_comp1,R_2_A_1_49_5,TCDB,TCDB.2_A_1_49_5_comp1
G_1_A_25_3_1_comp1,P_1_A_25_3_1_comp1+1_A_25_3_1_comp2+1_A_25_3_1_comp3+1_A_25_3_1_comp4+1_A_25_3_1_comp5,R_1_A_25_3_1,TCDB,TCDB.1_A_25_3_1_comp1
G_1_A_25_3_1_comp2,P_1_A_25_3_1_comp1+1_A_25_3_1_comp2+1_A_25_3_1_comp3+1_A_25_3_1_comp4+1_A_25_3_1_comp5,R_1_A_25_3_1,TCDB,TCDB.1_A_25_3_1_comp2
G_1_A_25_3_1_comp3,P_1_A_25_3_1_comp1+1_A_25_3_1_comp2+1_A_25_3_1_comp3+1_A_25_3_1_comp4+1_A_25_3_1_comp5,R_1_A_25_3_1,TCDB,TCDB.1_A_25_3_1_comp3
G_1_A_25_3_1_comp4,P_1_A_25_3_1_comp1+1_A_25_3_1_comp2+1_A_25_3_1_comp3+1_A_25_3_1_comp4+1_A_25_3_1_comp5,R_1_A_25_3_1,TCDB,TCDB.1_A_25_3_1_comp4
G_1_A_25_3_1_comp5,P_1_A_25_3_1_comp1+1_A_25_3_1_comp2+1_A_25_3_1_comp3+1_A_25_3_1_comp4+1_A_25_3_1_comp5,R_1_A_25_3_1,TCDB,TCDB.1_A_25_3_1_comp5
G_2_A_1_2_57_comp1,P_2_A_1_2_57_comp1,R_2_A_1_2_57,TCDB,TCDB.2_A_1_2_57_comp1
G_9_B_104_4_4_comp1,P_9_B_104_4_4_comp1,R_9_B_104_4_4,TCDB,TCDB.9_B_104_4_4_comp1
G_2_A_29_23_8_comp1,P_2_A_29_23_8_comp1,R_2_A_29_23_8,TCDB,TCDB.2_A_29_23_8_comp1
G_8_A_209_1_1_comp1,P_8_A_209_1_1_comp1,R_8_A_209_1_1,TCDB,TCDB.8_A_209_1_1_comp1
G_2_A_2_7_3_comp1,P_2_A_2_7_3_comp1,R_2_A_2_7_3,TCDB,TCDB.2_A_2_7_3_comp1
G_9_B_188_1_10_comp1,P_9_B_188_1_10_comp1,R_9_B_188_1_10,TCDB,TCDB.9_B_188_1_10_comp1
G_2_A_4_4_4_comp1,P_2_A_4_4_4_comp1,R_2_A_4_4_4,TCDB,TCDB.2_A_4_4_4_comp1
G_1_A_7_1_8_comp1,P_1_A_7_1_8_comp1,R_1_A_7_1_8,TCDB,TCDB.1_A_7_1_8_comp1
G_5_B_2_1_5_comp1,P_5_B_2_1_5_comp1,R_5_B_2_1_5,TCDB,TCDB.5_B_2_1_5_comp1
G_2_A_110_1_1_comp1,P_2_A_110_1_1_comp1,R_2_A_110_1_1,TCDB,TCDB.2_A_110_1_1_comp1
G_4_C_1_1_10_comp1,P_4_C_1_1_10_comp1,R_4_C_1_1_10,TCDB,TCDB.4_C_1_1_10_comp1
G_2_A_97_1_7_comp1,P_2_A_97_1_7_comp1,R_2_A_97_1_7,TCDB,TCDB.2_A_97_1_7_comp1
G_2_A_7_25_3_comp1,P_2_A_7_25_3_comp1,R_2_A_7_25_3,TCDB,TCDB.2_A_7_25_3_comp1
G_2_A_54_1_3_comp1,P_2_A_54_1_3_comp1,R_2_A_54_1_3,TCDB,TCDB.2_A_54_1_3_comp1
G_1_A_112_1_4_comp1,P_1_A_112_1_4_comp1,R_1_A_112_1_4,TCDB,TCDB.1_A_112_1_4_comp1
G_2_A_5_4_1_comp1,P_2_A_5_4_1_comp1,R_2_A_5_4_1,TCDB,TCDB.2_A_5_4_1_comp1
G_4_C_1_1_9_comp1,P_4_C_1_1_9_comp1,R_4_C_1_1_9,TCDB,TCDB.4_C_1_1_9_comp1
G_8_A_23_1_2_comp1,P_8_A_23_1_2_comp1,R_8_A_23_1_2,TCDB,TCDB.8_A_23_1_2_comp1
G_8_A_203_1_1_comp1,P_8_A_203_1_1_comp1,R_8_A_203_1_1,TCDB,TCDB.8_A_203_1_1_comp1
G_2_A_47_1_19_comp1,P_2_A_47_1_19_comp1,R_2_A_47_1_19,TCDB,TCDB.2_A_47_1_19_comp1
G_8_A_16_2_12_comp1,P_8_A_16_2_12_comp1,R_8_A_16_2_12,TCDB,TCDB.8_A_16_2_12_comp1
G_2_A_7_9_10_comp1,P_2_A_7_9_10_comp1,R_2_A_7_9_10,TCDB,TCDB.2_A_7_9_10_comp1
G_8_A_61_1_8_comp1,P_8_A_61_1_8_comp1,R_8_A_61_1_8,TCDB,TCDB.8_A_61_1_8_comp1
G_8_A_205_1_1_comp1,P_8_A_205_1_1_comp1,R_8_A_205_1_1,TCDB,TCDB.8_A_205_1_1_comp1
G_8_A_82_2_2_comp1,P_8_A_82_2_2_comp1,R_8_A_82_2_2,TCDB,TCDB.8_A_82_2_2_comp1
G_2_A_40_6_4_comp1,P_2_A_40_6_4_comp1,R_2_A_40_6_4,TCDB,TCDB.2_A_40_6_4_comp1
G_2_A_29_15_3_comp1,P_2_A_29_15_3_comp1,R_2_A_29_15_3,TCDB,TCDB.2_A_29_15_3_comp1
G_2_A_4_6_1_comp1,P_2_A_4_6_1_comp1,R_2_A_4_6_1,TCDB,TCDB.2_A_4_6_1_comp1
G_2_A_112_1_6_comp1,P_2_A_112_1_6_comp1,R_2_A_112_1_6,TCDB,TCDB.2_A_112_1_6_comp1
G_2_A_22_1_11_comp1,P_2_A_22_1_11_comp1,R_2_A_22_1_11,TCDB,TCDB.2_A_22_1_11_comp1
G_2_A_1_1_37_comp1,P_2_A_1_1_37_comp1,R_2_A_1_1_37,TCDB,TCDB.2_A_1_1_37_comp1
G_2_A_29_8_10_comp1,P_2_A_29_8_10_comp1,R_2_A_29_8_10,TCDB,TCDB.2_A_29_8_10_comp1
G_1_J_1_1_2_comp1,P_1_J_1_1_2_comp1,R_1_J_1_1_2,TCDB,TCDB.1_J_1_1_2_comp1
G_1_A_8_9_3_comp1,P_1_A_8_9_3_comp1,R_1_A_8_9_3,TCDB,TCDB.1_A_8_9_3_comp1
G_4_C_3_1_1_comp1,P_4_C_3_1_1_comp1,R_4_C_3_1_1,TCDB,TCDB.4_C_3_1_1_comp1
G_1_W_2_1_1_comp1,P_1_W_2_1_1_comp1,R_1_W_2_1_1,TCDB,TCDB.1_W_2_1_1_comp1
G_1_E_8_1_4_comp1,P_1_E_8_1_4_comp1,R_1_E_8_1_4,TCDB,TCDB.1_E_8_1_4_comp1
G_3_A_1_6_7_comp1,P_3_A_1_6_7_comp1+3_A_1_6_7_comp2+3_A_1_6_7_comp3+3_A_1_6_7_comp4,R_3_A_1_6_7,TCDB,TCDB.3_A_1_6_7_comp1
G_3_A_1_6_7_comp2,P_3_A_1_6_7_comp1+3_A_1_6_7_comp2+3_A_1_6_7_comp3+3_A_1_6_7_comp4,R_3_A_1_6_7,TCDB,TCDB.3_A_1_6_7_comp2
G_3_A_1_6_7_comp3,P_3_A_1_6_7_comp1+3_A_1_6_7_comp2+3_A_1_6_7_comp3+3_A_1_6_7_comp4,R_3_A_1_6_7,TCDB,TCDB.3_A_1_6_7_comp3
G_3_A_1_6_7_comp4,P_3_A_1_6_7_comp1+3_A_1_6_7_comp2+3_A_1_6_7_comp3+3_A_1_6_7_comp4,R_3_A_1_6_7,TCDB,TCDB.3_A_1_6_7_comp4
G_1_C_117_1_3_comp1,P_1_C_117_1_3_comp1,R_1_C_117_1_3,TCDB,TCDB.1_C_117_1_3_comp1
G_9_B_410_2_2_comp1,P_9_B_410_2_2_comp1,R_9_B_410_2_2,TCDB,TCDB.9_B_410_2_2_comp1
G_9_B_410_1_3_comp1,P_9_B_410_1_3_comp1,R_9_B_410_1_3,TCDB,TCDB.9_B_410_1_3_comp1
G_8_A_190_1_1_comp1,P_8_A_190_1_1_comp1,R_8_A_190_1_1,TCDB,TCDB.8_A_190_1_1_comp1
G_8_A_188_1_1_comp1,P_8_A_188_1_1_comp1,R_8_A_188_1_1,TCDB,TCDB.8_A_188_1_1_comp1
G_2_A_67_2_3_comp1,P_2_A_67_2_3_comp1,R_2_A_67_2_3,TCDB,TCDB.2_A_67_2_3_comp1
G_2_A_67_2_2_comp1,P_2_A_67_2_2_comp1,R_2_A_67_2_2,TCDB,TCDB.2_A_67_2_2_comp1
G_2_A_98_1_1_comp1,P_2_A_98_1_1_comp1,R_2_A_98_1_1,TCDB,TCDB.2_A_98_1_1_comp1
G_2_A_98_1_2_comp1,P_2_A_98_1_2_comp1,R_2_A_98_1_2,TCDB,TCDB.2_A_98_1_2_comp1
G_1_B_1_1_12_comp1,P_1_B_1_1_12_comp1,R_1_B_1_1_12,TCDB,TCDB.1_B_1_1_12_comp1
G_3_A_3_2_39_comp1,P_3_A_3_2_39_comp1,R_3_A_3_2_39,TCDB,TCDB.3_A_3_2_39_comp1
G_1_B_6_1_24_comp1,P_1_B_6_1_24_comp1,R_1_B_6_1_24,TCDB,TCDB.1_B_6_1_24_comp1
G_2_A_7_19_1_comp1,P_2_A_7_19_1_comp1,R_2_A_7_19_1,TCDB,TCDB.2_A_7_19_1_comp1
G_2_A_7_3_67_comp1,P_2_A_7_3_67_comp1,R_2_A_7_3_67,TCDB,TCDB.2_A_7_3_67_comp1
G_3_A_3_2_44_comp1,P_3_A_3_2_44_comp1,R_3_A_3_2_44,TCDB,TCDB.3_A_3_2_44_comp1
G_2_A_38_1_2_comp1,P_2_A_38_1_2_comp1,R_2_A_38_1_2,TCDB,TCDB.2_A_38_1_2_comp1
G_2_A_38_1_3_comp1,P_2_A_38_1_3_comp1,R_2_A_38_1_3,TCDB,TCDB.2_A_38_1_3_comp1
G_2_A_1_19_33_comp1,P_2_A_1_19_33_comp1,R_2_A_1_19_33,TCDB,TCDB.2_A_1_19_33_comp1
G_3_A_1_112_11_comp1,P_3_A_1_112_11_comp1,R_3_A_1_112_11,TCDB,TCDB.3_A_1_112_11_comp1
G_1_C_24_1_15_comp1,P_1_C_24_1_15_comp1,R_1_C_24_1_15,TCDB,TCDB.1_C_24_1_15_comp1
G_1_C_36_2_3_comp1,P_1_C_36_2_3_comp1+1_C_36_2_3_comp2,R_1_C_36_2_3,TCDB,TCDB.1_C_36_2_3_comp1
G_1_C_36_2_3_comp2,P_1_C_36_2_3_comp1+1_C_36_2_3_comp2,R_1_C_36_2_3,TCDB,TCDB.1_C_36_2_3_comp2
G_1_A_1_14_4_comp1,P_1_A_1_14_4_comp1,R_1_A_1_14_4,TCDB,TCDB.1_A_1_14_4_comp1
G_2_A_76_2_2_comp1,P_2_A_76_2_2_comp1,R_2_A_76_2_2,TCDB,TCDB.2_A_76_2_2_comp1
G_1_A_24_2_2_comp1,P_1_A_24_2_2_comp1,R_1_A_24_2_2,TCDB,TCDB.1_A_24_2_2_comp1
G_2_A_31_2_14_comp1,P_2_A_31_2_14_comp1,R_2_A_31_2_14,TCDB,TCDB.2_A_31_2_14_comp1
G_1_A_1_14_3_comp1,P_1_A_1_14_3_comp1,R_1_A_1_14_3,TCDB,TCDB.1_A_1_14_3_comp1
G_2_A_1_3_83_comp1,P_2_A_1_3_83_comp1,R_2_A_1_3_83,TCDB,TCDB.2_A_1_3_83_comp1
G_2_A_36_7_7_comp1,P_2_A_36_7_7_comp1,R_2_A_36_7_7,TCDB,TCDB.2_A_36_7_7_comp1
G_1_E_5_1_6_comp1,P_1_E_5_1_6_comp1,R_1_E_5_1_6,TCDB,TCDB.1_E_5_1_6_comp1
G_1_A_72_3_1_comp1,P_1_A_72_3_1_comp1+1_A_72_3_1_comp2,R_1_A_72_3_1,TCDB,TCDB.1_A_72_3_1_comp1
G_1_A_72_3_1_comp2,P_1_A_72_3_1_comp1+1_A_72_3_1_comp2,R_1_A_72_3_1,TCDB,TCDB.1_A_72_3_1_comp2
G_3_D_12_1_1_comp1,P_3_D_12_1_1_comp1+3_D_12_1_1_comp2+3_D_12_1_1_comp3+3_D_12_1_1_comp4,R_3_D_12_1_1,TCDB,TCDB.3_D_12_1_1_comp1
G_3_D_12_1_1_comp2,P_3_D_12_1_1_comp1+3_D_12_1_1_comp2+3_D_12_1_1_comp3+3_D_12_1_1_comp4,R_3_D_12_1_1,TCDB,TCDB.3_D_12_1_1_comp2
G_3_D_12_1_1_comp3,P_3_D_12_1_1_comp1+3_D_12_1_1_comp2+3_D_12_1_1_comp3+3_D_12_1_1_comp4,R_3_D_12_1_1,TCDB,TCDB.3_D_12_1_1_comp3
G_3_D_12_1_1_comp4,P_3_D_12_1_1_comp1+3_D_12_1_1_comp2+3_D_12_1_1_comp3+3_D_12_1_1_comp4,R_3_D_12_1_1,TCDB,TCDB.3_D_12_1_1_comp4
G_1_C_71_2_1_comp1,P_1_C_71_2_1_comp1,R_1_C_71_2_1,TCDB,TCDB.1_C_71_2_1_comp1
G_1_A_1_3_6_comp1,P_1_A_1_3_6_comp1,R_1_A_1_3_6,TCDB,TCDB.1_A_1_3_6_comp1
G_9_B_87_5_1_comp1,P_9_B_87_5_1_comp1,R_9_B_87_5_1,TCDB,TCDB.9_B_87_5_1_comp1
G_9_A_55_1_1_comp1,P_9_A_55_1_1_comp1,R_9_A_55_1_1,TCDB,TCDB.9_A_55_1_1_comp1
G_2_A_37_1_11_comp1,P_2_A_37_1_11_comp1,R_2_A_37_1_11,TCDB,TCDB.2_A_37_1_11_comp1
G_8_A_113_1_9_comp1,P_8_A_113_1_9_comp1,R_8_A_113_1_9,TCDB,TCDB.8_A_113_1_9_comp1
G_2_A_112_1_14_comp1,P_2_A_112_1_14_comp1,R_2_A_112_1_14,TCDB,TCDB.2_A_112_1_14_comp1
G_2_A_1_28_8_comp1,P_2_A_1_28_8_comp1,R_2_A_1_28_8,TCDB,TCDB.2_A_1_28_8_comp1
G_1_C_108_3_1_comp1,P_1_C_108_3_1_comp1,R_1_C_108_3_1,TCDB,TCDB.1_C_108_3_1_comp1
G_8_A_16_5_3_comp1,P_8_A_16_5_3_comp1,R_8_A_16_5_3,TCDB,TCDB.8_A_16_5_3_comp1
G_8_A_55_2_1_comp1,P_8_A_55_2_1_comp1,R_8_A_55_2_1,TCDB,TCDB.8_A_55_2_1_comp1
G_1_A_17_4_16_comp1,P_1_A_17_4_16_comp1,R_1_A_17_4_16,TCDB,TCDB.1_A_17_4_16_comp1
G_2_A_66_3_3_comp1,P_2_A_66_3_3_comp1,R_2_A_66_3_3,TCDB,TCDB.2_A_66_3_3_comp1
G_2_A_6_2_18_comp1,P_2_A_6_2_18_comp1+2_A_6_2_18_comp2+2_A_6_2_18_comp3,R_2_A_6_2_18,TCDB,TCDB.2_A_6_2_18_comp1
G_2_A_6_2_18_comp2,P_2_A_6_2_18_comp1+2_A_6_2_18_comp2+2_A_6_2_18_comp3,R_2_A_6_2_18,TCDB,TCDB.2_A_6_2_18_comp2
G_2_A_6_2_18_comp3,P_2_A_6_2_18_comp1+2_A_6_2_18_comp2+2_A_6_2_18_comp3,R_2_A_6_2_18,TCDB,TCDB.2_A_6_2_18_comp3
G_1_B_40_2_2_comp1,P_1_B_40_2_2_comp1,R_1_B_40_2_2,TCDB,TCDB.1_B_40_2_2_comp1
G_2_A_5_1_19_comp1,P_2_A_5_1_19_comp1,R_2_A_5_1_19,TCDB,TCDB.2_A_5_1_19_comp1
G_2_A_5_1_20_comp1,P_2_A_5_1_20_comp1,R_2_A_5_1_20,TCDB,TCDB.2_A_5_1_20_comp1
G_2_A_5_1_18_comp1,P_2_A_5_1_18_comp1,R_2_A_5_1_18,TCDB,TCDB.2_A_5_1_18_comp1
G_1_C_22_1_7_comp1,P_1_C_22_1_7_comp1,R_1_C_22_1_7,TCDB,TCDB.1_C_22_1_7_comp1
G_2_A_22_2_8_comp1,P_2_A_22_2_8_comp1,R_2_A_22_2_8,TCDB,TCDB.2_A_22_2_8_comp1
G_1_A_1_18_1_comp1,P_1_A_1_18_1_comp1,R_1_A_1_18_1,TCDB,TCDB.1_A_1_18_1_comp1
G_2_A_6_2_23_comp1,P_2_A_6_2_23_comp1+2_A_6_2_23_comp2+2_A_6_2_23_comp3,R_2_A_6_2_23,TCDB,TCDB.2_A_6_2_23_comp1
G_2_A_6_2_23_comp2,P_2_A_6_2_23_comp1+2_A_6_2_23_comp2+2_A_6_2_23_comp3,R_2_A_6_2_23,TCDB,TCDB.2_A_6_2_23_comp2
G_2_A_6_2_23_comp3,P_2_A_6_2_23_comp1+2_A_6_2_23_comp2+2_A_6_2_23_comp3,R_2_A_6_2_23,TCDB,TCDB.2_A_6_2_23_comp3
G_2_A_72_3_7_comp1,P_2_A_72_3_7_comp1,R_2_A_72_3_7,TCDB,TCDB.2_A_72_3_7_comp1
G_3_A_3_8_3_comp1,P_3_A_3_8_3_comp1,R_3_A_3_8_3,TCDB,TCDB.3_A_3_8_3_comp1
G_9_A_14_10_5_comp1,P_9_A_14_10_5_comp1,R_9_A_14_10_5,TCDB,TCDB.9_A_14_10_5_comp1
G_1_A_90_1_1_comp1,P_1_A_90_1_1_comp1,R_1_A_90_1_1,TCDB,TCDB.1_A_90_1_1_comp1
G_1_A_90_1_2_comp1,P_1_A_90_1_2_comp1,R_1_A_90_1_2,TCDB,TCDB.1_A_90_1_2_comp1
G_8_B_2_2_1_comp1,P_8_B_2_2_1_comp1,R_8_B_2_2_1,TCDB,TCDB.8_B_2_2_1_comp1
G_1_C_1_1_4_comp1,P_1_C_1_1_4_comp1,R_1_C_1_1_4,TCDB,TCDB.1_C_1_1_4_comp1
G_8_B_24_2_2_comp1,P_8_B_24_2_2_comp1,R_8_B_24_2_2,TCDB,TCDB.8_B_24_2_2_comp1
G_1_C_1_1_3_comp1,P_1_C_1_1_3_comp1,R_1_C_1_1_3,TCDB,TCDB.1_C_1_1_3_comp1
G_1_A_1_7_2_comp1,P_1_A_1_7_2_comp1,R_1_A_1_7_2,TCDB,TCDB.1_A_1_7_2_comp1
G_2_A_92_1_1_comp1,P_2_A_92_1_1_comp1,R_2_A_92_1_1,TCDB,TCDB.2_A_92_1_1_comp1
G_1_B_11_6_1_comp1,P_1_B_11_6_1_comp1,R_1_B_11_6_1,TCDB,TCDB.1_B_11_6_1_comp1
G_1_M_2_1_1_comp1,P_1_M_2_1_1_comp1,R_1_M_2_1_1,TCDB,TCDB.1_M_2_1_1_comp1
G_1_E_37_1_1_comp1,P_1_E_37_1_1_comp1,R_1_E_37_1_1,TCDB,TCDB.1_E_37_1_1_comp1
G_2_A_4_2_5_comp1,P_2_A_4_2_5_comp1,R_2_A_4_2_5,TCDB,TCDB.2_A_4_2_5_comp1
G_1_B_20_3_4_comp1,P_1_B_20_3_4_comp1,R_1_B_20_3_4,TCDB,TCDB.1_B_20_3_4_comp1
G_1_E_11_1_8_comp1,P_1_E_11_1_8_comp1,R_1_E_11_1_8,TCDB,TCDB.1_E_11_1_8_comp1
G_1_A_40_2_4_comp1,P_1_A_40_2_4_comp1,R_1_A_40_2_4,TCDB,TCDB.1_A_40_2_4_comp1
G_2_A_18_8_5_comp1,P_2_A_18_8_5_comp1,R_2_A_18_8_5,TCDB,TCDB.2_A_18_8_5_comp1
G_9_B_27_5_1_comp1,P_9_B_27_5_1_comp1,R_9_B_27_5_1,TCDB,TCDB.9_B_27_5_1_comp1
G_1_B_49_1_1_comp1,P_1_B_49_1_1_comp1,R_1_B_49_1_1,TCDB,TCDB.1_B_49_1_1_comp1
G_2_A_88_7_1_comp1,P_2_A_88_7_1_comp1,R_2_A_88_7_1,TCDB,TCDB.2_A_88_7_1_comp1
G_2_A_123_1_6_comp1,P_2_A_123_1_6_comp1,R_2_A_123_1_6,TCDB,TCDB.2_A_123_1_6_comp1
G_1_A_56_1_12_comp1,P_1_A_56_1_12_comp1,R_1_A_56_1_12,TCDB,TCDB.1_A_56_1_12_comp1
G_1_A_8_12_2_comp1,P_1_A_8_12_2_comp1,R_1_A_8_12_2,TCDB,TCDB.1_A_8_12_2_comp1
G_2_A_3_12_5_comp1,P_2_A_3_12_5_comp1,R_2_A_3_12_5,TCDB,TCDB.2_A_3_12_5_comp1
G_1_A_2_2_4_comp1,P_1_A_2_2_4_comp1,R_1_A_2_2_4,TCDB,TCDB.1_A_2_2_4_comp1
G_2_A_55_2_5_comp1,P_2_A_55_2_5_comp1,R_2_A_55_2_5,TCDB,TCDB.2_A_55_2_5_comp1
G_2_A_82_1_9_comp1,P_2_A_82_1_9_comp1,R_2_A_82_1_9,TCDB,TCDB.2_A_82_1_9_comp1
G_2_A_1_49_12_comp1,P_2_A_1_49_12_comp1,R_2_A_1_49_12,TCDB,TCDB.2_A_1_49_12_comp1
G_2_A_5_4_10_comp1,P_2_A_5_4_10_comp1,R_2_A_5_4_10,TCDB,TCDB.2_A_5_4_10_comp1
G_8_A_23_1_35_comp1,P_8_A_23_1_35_comp1,R_8_A_23_1_35,TCDB,TCDB.8_A_23_1_35_comp1
G_8_A_131_1_7_comp1,P_8_A_131_1_7_comp1,R_8_A_131_1_7,TCDB,TCDB.8_A_131_1_7_comp1
G_1_F_1_2_3_comp1,P_1_F_1_2_3_comp1,R_1_F_1_2_3,TCDB,TCDB.1_F_1_2_3_comp1
G_8_A_58_2_3_comp1,P_8_A_58_2_3_comp1,R_8_A_58_2_3,TCDB,TCDB.8_A_58_2_3_comp1
G_2_A_43_2_1_comp1,P_2_A_43_2_1_comp1,R_2_A_43_2_1,TCDB,TCDB.2_A_43_2_1_comp1
G_2_A_60_1_11_comp1,P_2_A_60_1_11_comp1,R_2_A_60_1_11,TCDB,TCDB.2_A_60_1_11_comp1
G_8_A_43_1_8_comp1,P_8_A_43_1_8_comp1,R_8_A_43_1_8,TCDB,TCDB.8_A_43_1_8_comp1
G_8_A_83_1_1_comp1,P_8_A_83_1_1_comp1,R_8_A_83_1_1,TCDB,TCDB.8_A_83_1_1_comp1
G_2_A_1_13_14_comp1,P_2_A_1_13_14_comp1,R_2_A_1_13_14,TCDB,TCDB.2_A_1_13_14_comp1
G_2_A_1_65_13_comp1,P_2_A_1_65_13_comp1,R_2_A_1_65_13,TCDB,TCDB.2_A_1_65_13_comp1
G_2_A_29_8_8_comp1,P_2_A_29_8_8_comp1,R_2_A_29_8_8,TCDB,TCDB.2_A_29_8_8_comp1
G_9_B_422_1_1_comp1,P_9_B_422_1_1_comp1,R_9_B_422_1_1,TCDB,TCDB.9_B_422_1_1_comp1
G_8_A_25_1_5_comp1,P_8_A_25_1_5_comp1,R_8_A_25_1_5,TCDB,TCDB.8_A_25_1_5_comp1
G_9_B_201_1_1_comp1,P_9_B_201_1_1_comp1,R_9_B_201_1_1,TCDB,TCDB.9_B_201_1_1_comp1
G_1_A_8_9_21_comp1,P_1_A_8_9_21_comp1,R_1_A_8_9_21,TCDB,TCDB.1_A_8_9_21_comp1
G_1_A_8_9_4_comp1,P_1_A_8_9_4_comp1,R_1_A_8_9_4,TCDB,TCDB.1_A_8_9_4_comp1
G_8_A_95_1_1_comp1,P_8_A_95_1_1_comp1,R_8_A_95_1_1,TCDB,TCDB.8_A_95_1_1_comp1
G_2_A_39_2_3_comp1,P_2_A_39_2_3_comp1,R_2_A_39_2_3,TCDB,TCDB.2_A_39_2_3_comp1
G_1_E_11_1_3_comp1,P_1_E_11_1_3_comp1,R_1_E_11_1_3,TCDB,TCDB.1_E_11_1_3_comp1
G_1_A_6_1_7_comp1,P_1_A_6_1_7_comp1,R_1_A_6_1_7,TCDB,TCDB.1_A_6_1_7_comp1
G_1_A_6_1_6_comp1,P_1_A_6_1_6_comp1,R_1_A_6_1_6,TCDB,TCDB.1_A_6_1_6_comp1
G_2_A_28_1_3_comp1,P_2_A_28_1_3_comp1,R_2_A_28_1_3,TCDB,TCDB.2_A_28_1_3_comp1
G_2_A_29_18_3_comp1,P_2_A_29_18_3_comp1,R_2_A_29_18_3,TCDB,TCDB.2_A_29_18_3_comp1
G_3_A_1_105_3_comp1,P_3_A_1_105_3_comp1+3_A_1_105_3_comp2,R_3_A_1_105_3,TCDB,TCDB.3_A_1_105_3_comp1
G_3_A_1_105_3_comp2,P_3_A_1_105_3_comp1+3_A_1_105_3_comp2,R_3_A_1_105_3,TCDB,TCDB.3_A_1_105_3_comp2
G_1_A_87_2_14_comp1,P_1_A_87_2_14_comp1,R_1_A_87_2_14,TCDB,TCDB.1_A_87_2_14_comp1
G_2_A_49_2_7_comp1,P_2_A_49_2_7_comp1,R_2_A_49_2_7,TCDB,TCDB.2_A_49_2_7_comp1
G_2_A_1_2_23_comp1,P_2_A_1_2_23_comp1,R_2_A_1_2_23,TCDB,TCDB.2_A_1_2_23_comp1
G_1_A_9_2_3_comp1,P_1_A_9_2_3_comp1,R_1_A_9_2_3,TCDB,TCDB.1_A_9_2_3_comp1
G_1_C_4_5_3_comp1,P_1_C_4_5_3_comp1,R_1_C_4_5_3,TCDB,TCDB.1_C_4_5_3_comp1
G_2_A_19_4_6_comp1,P_2_A_19_4_6_comp1,R_2_A_19_4_6,TCDB,TCDB.2_A_19_4_6_comp1
G_2_A_69_1_8_comp1,P_2_A_69_1_8_comp1,R_2_A_69_1_8,TCDB,TCDB.2_A_69_1_8_comp1
G_1_E_4_1_2_comp1,P_1_E_4_1_2_comp1,R_1_E_4_1_2,TCDB,TCDB.1_E_4_1_2_comp1
G_8_A_173_1_1_comp1,P_8_A_173_1_1_comp1,R_8_A_173_1_1,TCDB,TCDB.8_A_173_1_1_comp1
G_4_A_5_1_2_comp1,P_4_A_5_1_2_comp1+4_A_5_1_2_comp2+4_A_5_1_2_comp3,R_4_A_5_1_2,TCDB,TCDB.4_A_5_1_2_comp1
G_4_A_5_1_2_comp2,P_4_A_5_1_2_comp1+4_A_5_1_2_comp2+4_A_5_1_2_comp3,R_4_A_5_1_2,TCDB,TCDB.4_A_5_1_2_comp2
G_4_A_5_1_2_comp3,P_4_A_5_1_2_comp1+4_A_5_1_2_comp2+4_A_5_1_2_comp3,R_4_A_5_1_2,TCDB,TCDB.4_A_5_1_2_comp3
G_3_A_1_25_8_comp1,P_3_A_1_25_8_comp1+3_A_1_25_8_comp2+3_A_1_25_8_comp3+3_A_1_25_8_comp4,R_3_A_1_25_8,TCDB,TCDB.3_A_1_25_8_comp1
G_3_A_1_25_8_comp2,P_3_A_1_25_8_comp1+3_A_1_25_8_comp2+3_A_1_25_8_comp3+3_A_1_25_8_comp4,R_3_A_1_25_8,TCDB,TCDB.3_A_1_25_8_comp2
G_3_A_1_25_8_comp3,P_3_A_1_25_8_comp1+3_A_1_25_8_comp2+3_A_1_25_8_comp3+3_A_1_25_8_comp4,R_3_A_1_25_8,TCDB,TCDB.3_A_1_25_8_comp3
G_3_A_1_25_8_comp4,P_3_A_1_25_8_comp1+3_A_1_25_8_comp2+3_A_1_25_8_comp3+3_A_1_25_8_comp4,R_3_A_1_25_8,TCDB,TCDB.3_A_1_25_8_comp4
G_4_A_1_2_13_comp1,P_4_A_1_2_13_comp1,R_4_A_1_2_13,TCDB,TCDB.4_A_1_2_13_comp1
G_3_D_1_4_4_comp1,P_3_D_1_4_4_comp1+3_D_1_4_4_comp2+3_D_1_4_4_comp3+3_D_1_4_4_comp4+3_D_1_4_4_comp5+3_D_1_4_4_comp6,R_3_D_1_4_4,TCDB,TCDB.3_D_1_4_4_comp1
G_3_D_1_4_4_comp2,P_3_D_1_4_4_comp1+3_D_1_4_4_comp2+3_D_1_4_4_comp3+3_D_1_4_4_comp4+3_D_1_4_4_comp5+3_D_1_4_4_comp6,R_3_D_1_4_4,TCDB,TCDB.3_D_1_4_4_comp2
G_3_D_1_4_4_comp3,P_3_D_1_4_4_comp1+3_D_1_4_4_comp2+3_D_1_4_4_comp3+3_D_1_4_4_comp4+3_D_1_4_4_comp5+3_D_1_4_4_comp6,R_3_D_1_4_4,TCDB,TCDB.3_D_1_4_4_comp3
G_3_D_1_4_4_comp4,P_3_D_1_4_4_comp1+3_D_1_4_4_comp2+3_D_1_4_4_comp3+3_D_1_4_4_comp4+3_D_1_4_4_comp5+3_D_1_4_4_comp6,R_3_D_1_4_4,TCDB,TCDB.3_D_1_4_4_comp4
G_3_D_1_4_4_comp5,P_3_D_1_4_4_comp1+3_D_1_4_4_comp2+3_D_1_4_4_comp3+3_D_1_4_4_comp4+3_D_1_4_4_comp5+3_D_1_4_4_comp6,R_3_D_1_4_4,TCDB,TCDB.3_D_1_4_4_comp5
G_3_D_1_4_4_comp6,P_3_D_1_4_4_comp1+3_D_1_4_4_comp2+3_D_1_4_4_comp3+3_D_1_4_4_comp4+3_D_1_4_4_comp5+3_D_1_4_4_comp6,R_3_D_1_4_4,TCDB,TCDB.3_D_1_4_4_comp6
G_1_B_61_1_7_comp1,P_1_B_61_1_7_comp1,R_1_B_61_1_7,TCDB,TCDB.1_B_61_1_7_comp1
G_9_B_156_2_1_comp1,P_9_B_156_2_1_comp1,R_9_B_156_2_1,TCDB,TCDB.9_B_156_2_1_comp1
G_5_B_11_1_1_comp1,P_5_B_11_1_1_comp1+5_B_11_1_1_comp2+5_B_11_1_1_comp3+5_B_11_1_1_comp4,R_5_B_11_1_1,TCDB,TCDB.5_B_11_1_1_comp1
G_5_B_11_1_1_comp2,P_5_B_11_1_1_comp1+5_B_11_1_1_comp2+5_B_11_1_1_comp3+5_B_11_1_1_comp4,R_5_B_11_1_1,TCDB,TCDB.5_B_11_1_1_comp2
G_5_B_11_1_1_comp3,P_5_B_11_1_1_comp1+5_B_11_1_1_comp2+5_B_11_1_1_comp3+5_B_11_1_1_comp4,R_5_B_11_1_1,TCDB,TCDB.5_B_11_1_1_comp3
G_5_B_11_1_1_comp4,P_5_B_11_1_1_comp1+5_B_11_1_1_comp2+5_B_11_1_1_comp3+5_B_11_1_1_comp4,R_5_B_11_1_1,TCDB,TCDB.5_B_11_1_1_comp4
G_1_E_19_5_1_comp1,P_1_E_19_5_1_comp1,R_1_E_19_5_1,TCDB,TCDB.1_E_19_5_1_comp1
G_2_A_5_5_10_comp1,P_2_A_5_5_10_comp1,R_2_A_5_5_10,TCDB,TCDB.2_A_5_5_10_comp1
G_3_D_2_2_2_comp1,P_3_D_2_2_2_comp1+3_D_2_2_2_comp2+3_D_2_2_2_comp3,R_3_D_2_2_2,TCDB,TCDB.3_D_2_2_2_comp1
G_3_D_2_2_2_comp2,P_3_D_2_2_2_comp1+3_D_2_2_2_comp2+3_D_2_2_2_comp3,R_3_D_2_2_2,TCDB,TCDB.3_D_2_2_2_comp2
G_3_D_2_2_2_comp3,P_3_D_2_2_2_comp1+3_D_2_2_2_comp2+3_D_2_2_2_comp3,R_3_D_2_2_2,TCDB,TCDB.3_D_2_2_2_comp3
G_3_A_1_1_25_comp1,P_3_A_1_1_25_comp1+3_A_1_1_25_comp2+3_A_1_1_25_comp3+3_A_1_1_25_comp4,R_3_A_1_1_25,TCDB,TCDB.3_A_1_1_25_comp1
G_3_A_1_1_25_comp2,P_3_A_1_1_25_comp1+3_A_1_1_25_comp2+3_A_1_1_25_comp3+3_A_1_1_25_comp4,R_3_A_1_1_25,TCDB,TCDB.3_A_1_1_25_comp2
G_3_A_1_1_25_comp3,P_3_A_1_1_25_comp1+3_A_1_1_25_comp2+3_A_1_1_25_comp3+3_A_1_1_25_comp4,R_3_A_1_1_25,TCDB,TCDB.3_A_1_1_25_comp3
G_3_A_1_1_25_comp4,P_3_A_1_1_25_comp1+3_A_1_1_25_comp2+3_A_1_1_25_comp3+3_A_1_1_25_comp4,R_3_A_1_1_25,TCDB,TCDB.3_A_1_1_25_comp4
G_9_B_126_2_8_comp1,P_9_B_126_2_8_comp1,R_9_B_126_2_8,TCDB,TCDB.9_B_126_2_8_comp1
G_9_B_151_2_1_comp1,P_9_B_151_2_1_comp1,R_9_B_151_2_1,TCDB,TCDB.9_B_151_2_1_comp1
G_5_A_1_2_10_comp1,P_5_A_1_2_10_comp1,R_5_A_1_2_10,TCDB,TCDB.5_A_1_2_10_comp1
G_9_B_150_1_2_comp1,P_9_B_150_1_2_comp1,R_9_B_150_1_2,TCDB,TCDB.9_B_150_1_2_comp1
G_3_A_1_106_18_comp1,P_3_A_1_106_18_comp1+3_A_1_106_18_comp2,R_3_A_1_106_18,TCDB,TCDB.3_A_1_106_18_comp1
G_3_A_1_106_18_comp2,P_3_A_1_106_18_comp1+3_A_1_106_18_comp2,R_3_A_1_106_18,TCDB,TCDB.3_A_1_106_18_comp2
G_1_B_6_8_1_comp1,P_1_B_6_8_1_comp1,R_1_B_6_8_1,TCDB,TCDB.1_B_6_8_1_comp1
G_3_A_1_1_24_comp1,P_3_A_1_1_24_comp1+3_A_1_1_24_comp2+3_A_1_1_24_comp3+3_A_1_1_24_comp4,R_3_A_1_1_24,TCDB,TCDB.3_A_1_1_24_comp1
G_3_A_1_1_24_comp2,P_3_A_1_1_24_comp1+3_A_1_1_24_comp2+3_A_1_1_24_comp3+3_A_1_1_24_comp4,R_3_A_1_1_24,TCDB,TCDB.3_A_1_1_24_comp2
G_3_A_1_1_24_comp3,P_3_A_1_1_24_comp1+3_A_1_1_24_comp2+3_A_1_1_24_comp3+3_A_1_1_24_comp4,R_3_A_1_1_24,TCDB,TCDB.3_A_1_1_24_comp3
G_3_A_1_1_24_comp4,P_3_A_1_1_24_comp1+3_A_1_1_24_comp2+3_A_1_1_24_comp3+3_A_1_1_24_comp4,R_3_A_1_1_24,TCDB,TCDB.3_A_1_1_24_comp4
G_3_A_3_5_23_comp1,P_3_A_3_5_23_comp1,R_3_A_3_5_23,TCDB,TCDB.3_A_3_5_23_comp1
G_1_B_74_1_1_comp1,P_1_B_74_1_1_comp1,R_1_B_74_1_1,TCDB,TCDB.1_B_74_1_1_comp1
G_3_A_3_4_2_comp1,P_3_A_3_4_2_comp1,R_3_A_3_4_2,TCDB,TCDB.3_A_3_4_2_comp1
G_1_B_42_1_10_comp1,P_1_B_42_1_10_comp1,R_1_B_42_1_10,TCDB,TCDB.1_B_42_1_10_comp1
G_9_B_50_1_9_comp1,P_9_B_50_1_9_comp1,R_9_B_50_1_9,TCDB,TCDB.9_B_50_1_9_comp1
G_2_A_5_5_11_comp1,P_2_A_5_5_11_comp1,R_2_A_5_5_11,TCDB,TCDB.2_A_5_5_11_comp1
G_4_A_3_2_8_comp1,P_4_A_3_2_8_comp1+4_A_3_2_8_comp2+4_A_3_2_8_comp3,R_4_A_3_2_8,TCDB,TCDB.4_A_3_2_8_comp1
G_4_A_3_2_8_comp2,P_4_A_3_2_8_comp1+4_A_3_2_8_comp2+4_A_3_2_8_comp3,R_4_A_3_2_8,TCDB,TCDB.4_A_3_2_8_comp2
G_4_A_3_2_8_comp3,P_4_A_3_2_8_comp1+4_A_3_2_8_comp2+4_A_3_2_8_comp3,R_4_A_3_2_8,TCDB,TCDB.4_A_3_2_8_comp3
G_9_A_24_1_13_comp1,P_9_A_24_1_13_comp1,R_9_A_24_1_13,TCDB,TCDB.9_A_24_1_13_comp1
G_9_A_4_3_1_comp1,P_9_A_4_3_1_comp1,R_9_A_4_3_1,TCDB,TCDB.9_A_4_3_1_comp1
G_3_A_1_31_2_comp1,P_3_A_1_31_2_comp1+3_A_1_31_2_comp2+3_A_1_31_2_comp3,R_3_A_1_31_2,TCDB,TCDB.3_A_1_31_2_comp1
G_3_A_1_31_2_comp2,P_3_A_1_31_2_comp1+3_A_1_31_2_comp2+3_A_1_31_2_comp3,R_3_A_1_31_2,TCDB,TCDB.3_A_1_31_2_comp2
G_3_A_1_31_2_comp3,P_3_A_1_31_2_comp1+3_A_1_31_2_comp2+3_A_1_31_2_comp3,R_3_A_1_31_2,TCDB,TCDB.3_A_1_31_2_comp3
G_2_A_51_1_6_comp1,P_2_A_51_1_6_comp1+2_A_51_1_6_comp2,R_2_A_51_1_6,TCDB,TCDB.2_A_51_1_6_comp1
G_2_A_51_1_6_comp2,P_2_A_51_1_6_comp1+2_A_51_1_6_comp2,R_2_A_51_1_6,TCDB,TCDB.2_A_51_1_6_comp2
G_2_A_1_84_1_comp1,P_2_A_1_84_1_comp1,R_2_A_1_84_1,TCDB,TCDB.2_A_1_84_1_comp1
G_3_A_1_136_1_comp1,P_3_A_1_136_1_comp1+3_A_1_136_1_comp2,R_3_A_1_136_1,TCDB,TCDB.3_A_1_136_1_comp1
G_3_A_1_136_1_comp2,P_3_A_1_136_1_comp1+3_A_1_136_1_comp2,R_3_A_1_136_1,TCDB,TCDB.3_A_1_136_1_comp2
G_3_A_1_122_8_comp1,P_3_A_1_122_8_comp1+3_A_1_122_8_comp2+3_A_1_122_8_comp3,R_3_A_1_122_8,TCDB,TCDB.3_A_1_122_8_comp1
G_3_A_1_122_8_comp2,P_3_A_1_122_8_comp1+3_A_1_122_8_comp2+3_A_1_122_8_comp3,R_3_A_1_122_8,TCDB,TCDB.3_A_1_122_8_comp2
G_3_A_1_122_8_comp3,P_3_A_1_122_8_comp1+3_A_1_122_8_comp2+3_A_1_122_8_comp3,R_3_A_1_122_8,TCDB,TCDB.3_A_1_122_8_comp3
G_1_E_49_1_1_comp1,P_1_E_49_1_1_comp1,R_1_E_49_1_1,TCDB,TCDB.1_E_49_1_1_comp1
G_2_A_23_3_4_comp1,P_2_A_23_3_4_comp1,R_2_A_23_3_4,TCDB,TCDB.2_A_23_3_4_comp1
G_3_A_1_5_47_comp1,P_3_A_1_5_47_comp1+3_A_1_5_47_comp2+3_A_1_5_47_comp3+3_A_1_5_47_comp4+3_A_1_5_47_comp5,R_3_A_1_5_47,TCDB,TCDB.3_A_1_5_47_comp1
G_3_A_1_5_47_comp2,P_3_A_1_5_47_comp1+3_A_1_5_47_comp2+3_A_1_5_47_comp3+3_A_1_5_47_comp4+3_A_1_5_47_comp5,R_3_A_1_5_47,TCDB,TCDB.3_A_1_5_47_comp2
G_3_A_1_5_47_comp3,P_3_A_1_5_47_comp1+3_A_1_5_47_comp2+3_A_1_5_47_comp3+3_A_1_5_47_comp4+3_A_1_5_47_comp5,R_3_A_1_5_47,TCDB,TCDB.3_A_1_5_47_comp3
G_3_A_1_5_47_comp4,P_3_A_1_5_47_comp1+3_A_1_5_47_comp2+3_A_1_5_47_comp3+3_A_1_5_47_comp4+3_A_1_5_47_comp5,R_3_A_1_5_47,TCDB,TCDB.3_A_1_5_47_comp4
G_3_A_1_5_47_comp5,P_3_A_1_5_47_comp1+3_A_1_5_47_comp2+3_A_1_5_47_comp3+3_A_1_5_47_comp4+3_A_1_5_47_comp5,R_3_A_1_5_47,TCDB,TCDB.3_A_1_5_47_comp5
G_1_B_56_1_2_comp1,P_1_B_56_1_2_comp1,R_1_B_56_1_2,TCDB,TCDB.1_B_56_1_2_comp1
G_1_B_48_6_1_comp1,P_1_B_48_6_1_comp1,R_1_B_48_6_1,TCDB,TCDB.1_B_48_6_1_comp1
G_2_A_79_1_5_comp1,P_2_A_79_1_5_comp1+2_A_79_1_5_comp2,R_2_A_79_1_5,TCDB,TCDB.2_A_79_1_5_comp1
G_2_A_79_1_5_comp2,P_2_A_79_1_5_comp1+2_A_79_1_5_comp2,R_2_A_79_1_5,TCDB,TCDB.2_A_79_1_5_comp2
G_2_A_7_3_59_comp1,P_2_A_7_3_59_comp1,R_2_A_7_3_59,TCDB,TCDB.2_A_7_3_59_comp1
G_3_A_3_32_5_comp1,P_3_A_3_32_5_comp1,R_3_A_3_32_5,TCDB,TCDB.3_A_3_32_5_comp1
G_3_A_1_19_2_comp1,P_3_A_1_19_2_comp1+3_A_1_19_2_comp2+3_A_1_19_2_comp3,R_3_A_1_19_2,TCDB,TCDB.3_A_1_19_2_comp1
G_3_A_1_19_2_comp2,P_3_A_1_19_2_comp1+3_A_1_19_2_comp2+3_A_1_19_2_comp3,R_3_A_1_19_2,TCDB,TCDB.3_A_1_19_2_comp2
G_3_A_1_19_2_comp3,P_3_A_1_19_2_comp1+3_A_1_19_2_comp2+3_A_1_19_2_comp3,R_3_A_1_19_2,TCDB,TCDB.3_A_1_19_2_comp3
G_2_A_113_1_14_comp1,P_2_A_113_1_14_comp1,R_2_A_113_1_14,TCDB,TCDB.2_A_113_1_14_comp1
G_2_A_2_3_12_comp1,P_2_A_2_3_12_comp1,R_2_A_2_3_12,TCDB,TCDB.2_A_2_3_12_comp1
G_3_D_1_5_1_comp1,P_3_D_1_5_1_comp1+3_D_1_5_1_comp2+3_D_1_5_1_comp3+3_D_1_5_1_comp4+3_D_1_5_1_comp5+3_D_1_5_1_comp6+3_D_1_5_1_comp7+3_D_1_5_1_comp8+3_D_1_5_1_comp9+3_D_1_5_1_comp10+3_D_1_5_1_comp11+3_D_1_5_1_comp12+3_D_1_5_1_comp13+3_D_1_5_1_comp14,R_3_D_1_5_1,TCDB,TCDB.3_D_1_5_1_comp1
G_3_D_1_5_1_comp2,P_3_D_1_5_1_comp1+3_D_1_5_1_comp2+3_D_1_5_1_comp3+3_D_1_5_1_comp4+3_D_1_5_1_comp5+3_D_1_5_1_comp6+3_D_1_5_1_comp7+3_D_1_5_1_comp8+3_D_1_5_1_comp9+3_D_1_5_1_comp10+3_D_1_5_1_comp11+3_D_1_5_1_comp12+3_D_1_5_1_comp13+3_D_1_5_1_comp14,R_3_D_1_5_1,TCDB,TCDB.3_D_1_5_1_comp2
G_3_D_1_5_1_comp3,P_3_D_1_5_1_comp1+3_D_1_5_1_comp2+3_D_1_5_1_comp3+3_D_1_5_1_comp4+3_D_1_5_1_comp5+3_D_1_5_1_comp6+3_D_1_5_1_comp7+3_D_1_5_1_comp8+3_D_1_5_1_comp9+3_D_1_5_1_comp10+3_D_1_5_1_comp11+3_D_1_5_1_comp12+3_D_1_5_1_comp13+3_D_1_5_1_comp14,R_3_D_1_5_1,TCDB,TCDB.3_D_1_5_1_comp3
G_3_D_1_5_1_comp4,P_3_D_1_5_1_comp1+3_D_1_5_1_comp2+3_D_1_5_1_comp3+3_D_1_5_1_comp4+3_D_1_5_1_comp5+3_D_1_5_1_comp6+3_D_1_5_1_comp7+3_D_1_5_1_comp8+3_D_1_5_1_comp9+3_D_1_5_1_comp10+3_D_1_5_1_comp11+3_D_1_5_1_comp12+3_D_1_5_1_comp13+3_D_1_5_1_comp14,R_3_D_1_5_1,TCDB,TCDB.3_D_1_5_1_comp4
G_3_D_1_5_1_comp5,P_3_D_1_5_1_comp1+3_D_1_5_1_comp2+3_D_1_5_1_comp3+3_D_1_5_1_comp4+3_D_1_5_1_comp5+3_D_1_5_1_comp6+3_D_1_5_1_comp7+3_D_1_5_1_comp8+3_D_1_5_1_comp9+3_D_1_5_1_comp10+3_D_1_5_1_comp11+3_D_1_5_1_comp12+3_D_1_5_1_comp13+3_D_1_5_1_comp14,R_3_D_1_5_1,TCDB,TCDB.3_D_1_5_1_comp5
G_3_D_1_5_1_comp6,P_3_D_1_5_1_comp1+3_D_1_5_1_comp2+3_D_1_5_1_comp3+3_D_1_5_1_comp4+3_D_1_5_1_comp5+3_D_1_5_1_comp6+3_D_1_5_1_comp7+3_D_1_5_1_comp8+3_D_1_5_1_comp9+3_D_1_5_1_comp10+3_D_1_5_1_comp11+3_D_1_5_1_comp12+3_D_1_5_1_comp13+3_D_1_5_1_comp14,R_3_D_1_5_1,TCDB,TCDB.3_D_1_5_1_comp6
G_3_D_1_5_1_comp7,P_3_D_1_5_1_comp1+3_D_1_5_1_comp2+3_D_1_5_1_comp3+3_D_1_5_1_comp4+3_D_1_5_1_comp5+3_D_1_5_1_comp6+3_D_1_5_1_comp7+3_D_1_5_1_comp8+3_D_1_5_1_comp9+3_D_1_5_1_comp10+3_D_1_5_1_comp11+3_D_1_5_1_comp12+3_D_1_5_1_comp13+3_D_1_5_1_comp14,R_3_D_1_5_1,TCDB,TCDB.3_D_1_5_1_comp7
G_3_D_1_5_1_comp8,P_3_D_1_5_1_comp1+3_D_1_5_1_comp2+3_D_1_5_1_comp3+3_D_1_5_1_comp4+3_D_1_5_1_comp5+3_D_1_5_1_comp6+3_D_1_5_1_comp7+3_D_1_5_1_comp8+3_D_1_5_1_comp9+3_D_1_5_1_comp10+3_D_1_5_1_comp11+3_D_1_5_1_comp12+3_D_1_5_1_comp13+3_D_1_5_1_comp14,R_3_D_1_5_1,TCDB,TCDB.3_D_1_5_1_comp8
G_3_D_1_5_1_comp9,P_3_D_1_5_1_comp1+3_D_1_5_1_comp2+3_D_1_5_1_comp3+3_D_1_5_1_comp4+3_D_1_5_1_comp5+3_D_1_5_1_comp6+3_D_1_5_1_comp7+3_D_1_5_1_comp8+3_D_1_5_1_comp9+3_D_1_5_1_comp10+3_D_1_5_1_comp11+3_D_1_5_1_comp12+3_D_1_5_1_comp13+3_D_1_5_1_comp14,R_3_D_1_5_1,TCDB,TCDB.3_D_1_5_1_comp9
G_3_D_1_5_1_comp10,P_3_D_1_5_1_comp1+3_D_1_5_1_comp2+3_D_1_5_1_comp3+3_D_1_5_1_comp4+3_D_1_5_1_comp5+3_D_1_5_1_comp6+3_D_1_5_1_comp7+3_D_1_5_1_comp8+3_D_1_5_1_comp9+3_D_1_5_1_comp10+3_D_1_5_1_comp11+3_D_1_5_1_comp12+3_D_1_5_1_comp13+3_D_1_5_1_comp14,R_3_D_1_5_1,TCDB,TCDB.3_D_1_5_1_comp10
G_3_D_1_5_1_comp11,P_3_D_1_5_1_comp1+3_D_1_5_1_comp2+3_D_1_5_1_comp3+3_D_1_5_1_comp4+3_D_1_5_1_comp5+3_D_1_5_1_comp6+3_D_1_5_1_comp7+3_D_1_5_1_comp8+3_D_1_5_1_comp9+3_D_1_5_1_comp10+3_D_1_5_1_comp11+3_D_1_5_1_comp12+3_D_1_5_1_comp13+3_D_1_5_1_comp14,R_3_D_1_5_1,TCDB,TCDB.3_D_1_5_1_comp11
G_3_D_1_5_1_comp12,P_3_D_1_5_1_comp1+3_D_1_5_1_comp2+3_D_1_5_1_comp3+3_D_1_5_1_comp4+3_D_1_5_1_comp5+3_D_1_5_1_comp6+3_D_1_5_1_comp7+3_D_1_5_1_comp8+3_D_1_5_1_comp9+3_D_1_5_1_comp10+3_D_1_5_1_comp11+3_D_1_5_1_comp12+3_D_1_5_1_comp13+3_D_1_5_1_comp14,R_3_D_1_5_1,TCDB,TCDB.3_D_1_5_1_comp12
G_3_D_1_5_1_comp13,P_3_D_1_5_1_comp1+3_D_1_5_1_comp2+3_D_1_5_1_comp3+3_D_1_5_1_comp4+3_D_1_5_1_comp5+3_D_1_5_1_comp6+3_D_1_5_1_comp7+3_D_1_5_1_comp8+3_D_1_5_1_comp9+3_D_1_5_1_comp10+3_D_1_5_1_comp11+3_D_1_5_1_comp12+3_D_1_5_1_comp13+3_D_1_5_1_comp14,R_3_D_1_5_1,TCDB,TCDB.3_D_1_5_1_comp13
G_3_D_1_5_1_comp14,P_3_D_1_5_1_comp1+3_D_1_5_1_comp2+3_D_1_5_1_comp3+3_D_1_5_1_comp4+3_D_1_5_1_comp5+3_D_1_5_1_comp6+3_D_1_5_1_comp7+3_D_1_5_1_comp8+3_D_1_5_1_comp9+3_D_1_5_1_comp10+3_D_1_5_1_comp11+3_D_1_5_1_comp12+3_D_1_5_1_comp13+3_D_1_5_1_comp14,R_3_D_1_5_1,TCDB,TCDB.3_D_1_5_1_comp14
G_2_A_1_54_2_comp1,P_2_A_1_54_2_comp1,R_2_A_1_54_2,TCDB,TCDB.2_A_1_54_2_comp1
G_3_A_23_5_1_comp1,P_3_A_23_5_1_comp1+3_A_23_5_1_comp2+3_A_23_5_1_comp3+3_A_23_5_1_comp4+3_A_23_5_1_comp5+3_A_23_5_1_comp6+3_A_23_5_1_comp7+3_A_23_5_1_comp8+3_A_23_5_1_comp9+3_A_23_5_1_comp10+3_A_23_5_1_comp11+3_A_23_5_1_comp12,R_3_A_23_5_1,TCDB,TCDB.3_A_23_5_1_comp1
G_3_A_23_5_1_comp2,P_3_A_23_5_1_comp1+3_A_23_5_1_comp2+3_A_23_5_1_comp3+3_A_23_5_1_comp4+3_A_23_5_1_comp5+3_A_23_5_1_comp6+3_A_23_5_1_comp7+3_A_23_5_1_comp8+3_A_23_5_1_comp9+3_A_23_5_1_comp10+3_A_23_5_1_comp11+3_A_23_5_1_comp12,R_3_A_23_5_1,TCDB,TCDB.3_A_23_5_1_comp2
G_3_A_23_5_1_comp3,P_3_A_23_5_1_comp1+3_A_23_5_1_comp2+3_A_23_5_1_comp3+3_A_23_5_1_comp4+3_A_23_5_1_comp5+3_A_23_5_1_comp6+3_A_23_5_1_comp7+3_A_23_5_1_comp8+3_A_23_5_1_comp9+3_A_23_5_1_comp10+3_A_23_5_1_comp11+3_A_23_5_1_comp12,R_3_A_23_5_1,TCDB,TCDB.3_A_23_5_1_comp3
G_3_A_23_5_1_comp4,P_3_A_23_5_1_comp1+3_A_23_5_1_comp2+3_A_23_5_1_comp3+3_A_23_5_1_comp4+3_A_23_5_1_comp5+3_A_23_5_1_comp6+3_A_23_5_1_comp7+3_A_23_5_1_comp8+3_A_23_5_1_comp9+3_A_23_5_1_comp10+3_A_23_5_1_comp11+3_A_23_5_1_comp12,R_3_A_23_5_1,TCDB,TCDB.3_A_23_5_1_comp4
G_3_A_23_5_1_comp5,P_3_A_23_5_1_comp1+3_A_23_5_1_comp2+3_A_23_5_1_comp3+3_A_23_5_1_comp4+3_A_23_5_1_comp5+3_A_23_5_1_comp6+3_A_23_5_1_comp7+3_A_23_5_1_comp8+3_A_23_5_1_comp9+3_A_23_5_1_comp10+3_A_23_5_1_comp11+3_A_23_5_1_comp12,R_3_A_23_5_1,TCDB,TCDB.3_A_23_5_1_comp5
G_3_A_23_5_1_comp6,P_3_A_23_5_1_comp1+3_A_23_5_1_comp2+3_A_23_5_1_comp3+3_A_23_5_1_comp4+3_A_23_5_1_comp5+3_A_23_5_1_comp6+3_A_23_5_1_comp7+3_A_23_5_1_comp8+3_A_23_5_1_comp9+3_A_23_5_1_comp10+3_A_23_5_1_comp11+3_A_23_5_1_comp12,R_3_A_23_5_1,TCDB,TCDB.3_A_23_5_1_comp6
G_3_A_23_5_1_comp7,P_3_A_23_5_1_comp1+3_A_23_5_1_comp2+3_A_23_5_1_comp3+3_A_23_5_1_comp4+3_A_23_5_1_comp5+3_A_23_5_1_comp6+3_A_23_5_1_comp7+3_A_23_5_1_comp8+3_A_23_5_1_comp9+3_A_23_5_1_comp10+3_A_23_5_1_comp11+3_A_23_5_1_comp12,R_3_A_23_5_1,TCDB,TCDB.3_A_23_5_1_comp7
G_3_A_23_5_1_comp8,P_3_A_23_5_1_comp1+3_A_23_5_1_comp2+3_A_23_5_1_comp3+3_A_23_5_1_comp4+3_A_23_5_1_comp5+3_A_23_5_1_comp6+3_A_23_5_1_comp7+3_A_23_5_1_comp8+3_A_23_5_1_comp9+3_A_23_5_1_comp10+3_A_23_5_1_comp11+3_A_23_5_1_comp12,R_3_A_23_5_1,TCDB,TCDB.3_A_23_5_1_comp8
G_3_A_23_5_1_comp9,P_3_A_23_5_1_comp1+3_A_23_5_1_comp2+3_A_23_5_1_comp3+3_A_23_5_1_comp4+3_A_23_5_1_comp5+3_A_23_5_1_comp6+3_A_23_5_1_comp7+3_A_23_5_1_comp8+3_A_23_5_1_comp9+3_A_23_5_1_comp10+3_A_23_5_1_comp11+3_A_23_5_1_comp12,R_3_A_23_5_1,TCDB,TCDB.3_A_23_5_1_comp9
G_3_A_23_5_1_comp10,P_3_A_23_5_1_comp1+3_A_23_5_1_comp2+3_A_23_5_1_comp3+3_A_23_5_1_comp4+3_A_23_5_1_comp5+3_A_23_5_1_comp6+3_A_23_5_1_comp7+3_A_23_5_1_comp8+3_A_23_5_1_comp9+3_A_23_5_1_comp10+3_A_23_5_1_comp11+3_A_23_5_1_comp12,R_3_A_23_5_1,TCDB,TCDB.3_A_23_5_1_comp10
G_3_A_23_5_1_comp11,P_3_A_23_5_1_comp1+3_A_23_5_1_comp2+3_A_23_5_1_comp3+3_A_23_5_1_comp4+3_A_23_5_1_comp5+3_A_23_5_1_comp6+3_A_23_5_1_comp7+3_A_23_5_1_comp8+3_A_23_5_1_comp9+3_A_23_5_1_comp10+3_A_23_5_1_comp11+3_A_23_5_1_comp12,R_3_A_23_5_1,TCDB,TCDB.3_A_23_5_1_comp11
G_3_A_23_5_1_comp12,P_3_A_23_5_1_comp1+3_A_23_5_1_comp2+3_A_23_5_1_comp3+3_A_23_5_1_comp4+3_A_23_5_1_comp5+3_A_23_5_1_comp6+3_A_23_5_1_comp7+3_A_23_5_1_comp8+3_A_23_5_1_comp9+3_A_23_5_1_comp10+3_A_23_5_1_comp11+3_A_23_5_1_comp12,R_3_A_23_5_1,TCDB,TCDB.3_A_23_5_1_comp12
G_1_B_16_1_2_comp1,P_1_B_16_1_2_comp1,R_1_B_16_1_2,TCDB,TCDB.1_B_16_1_2_comp1
G_5_B_8_1_1_comp1,P_5_B_8_1_1_comp1+5_B_8_1_1_comp2+5_B_8_1_1_comp3,R_5_B_8_1_1,TCDB,TCDB.5_B_8_1_1_comp1
G_5_B_8_1_1_comp2,P_5_B_8_1_1_comp1+5_B_8_1_1_comp2+5_B_8_1_1_comp3,R_5_B_8_1_1,TCDB,TCDB.5_B_8_1_1_comp2
G_5_B_8_1_1_comp3,P_5_B_8_1_1_comp1+5_B_8_1_1_comp2+5_B_8_1_1_comp3,R_5_B_8_1_1,TCDB,TCDB.5_B_8_1_1_comp3
G_5_B_3_1_1_comp1,P_5_B_3_1_1_comp1+5_B_3_1_1_comp2+5_B_3_1_1_comp3+5_B_3_1_1_comp4+5_B_3_1_1_comp5,R_5_B_3_1_1,TCDB,TCDB.5_B_3_1_1_comp1
G_5_B_3_1_1_comp2,P_5_B_3_1_1_comp1+5_B_3_1_1_comp2+5_B_3_1_1_comp3+5_B_3_1_1_comp4+5_B_3_1_1_comp5,R_5_B_3_1_1,TCDB,TCDB.5_B_3_1_1_comp2
G_5_B_3_1_1_comp3,P_5_B_3_1_1_comp1+5_B_3_1_1_comp2+5_B_3_1_1_comp3+5_B_3_1_1_comp4+5_B_3_1_1_comp5,R_5_B_3_1_1,TCDB,TCDB.5_B_3_1_1_comp3
G_5_B_3_1_1_comp4,P_5_B_3_1_1_comp1+5_B_3_1_1_comp2+5_B_3_1_1_comp3+5_B_3_1_1_comp4+5_B_3_1_1_comp5,R_5_B_3_1_1,TCDB,TCDB.5_B_3_1_1_comp4
G_5_B_3_1_1_comp5,P_5_B_3_1_1_comp1+5_B_3_1_1_comp2+5_B_3_1_1_comp3+5_B_3_1_1_comp4+5_B_3_1_1_comp5,R_5_B_3_1_1,TCDB,TCDB.5_B_3_1_1_comp5
G_5_B_8_1_2_comp1,P_5_B_8_1_2_comp1+5_B_8_1_2_comp2+5_B_8_1_2_comp3,R_5_B_8_1_2,TCDB,TCDB.5_B_8_1_2_comp1
G_5_B_8_1_2_comp2,P_5_B_8_1_2_comp1+5_B_8_1_2_comp2+5_B_8_1_2_comp3,R_5_B_8_1_2,TCDB,TCDB.5_B_8_1_2_comp2
G_5_B_8_1_2_comp3,P_5_B_8_1_2_comp1+5_B_8_1_2_comp2+5_B_8_1_2_comp3,R_5_B_8_1_2,TCDB,TCDB.5_B_8_1_2_comp3
G_5_B_8_1_3_comp1,P_5_B_8_1_3_comp1+5_B_8_1_3_comp2+5_B_8_1_3_comp3,R_5_B_8_1_3,TCDB,TCDB.5_B_8_1_3_comp1
G_5_B_8_1_3_comp2,P_5_B_8_1_3_comp1+5_B_8_1_3_comp2+5_B_8_1_3_comp3,R_5_B_8_1_3,TCDB,TCDB.5_B_8_1_3_comp2
G_5_B_8_1_3_comp3,P_5_B_8_1_3_comp1+5_B_8_1_3_comp2+5_B_8_1_3_comp3,R_5_B_8_1_3,TCDB,TCDB.5_B_8_1_3_comp3
G_9_B_102_4_3_comp1,P_9_B_102_4_3_comp1,R_9_B_102_4_3,TCDB,TCDB.9_B_102_4_3_comp1
G_9_B_167_1_1_comp1,P_9_B_167_1_1_comp1,R_9_B_167_1_1,TCDB,TCDB.9_B_167_1_1_comp1
G_9_B_144_1_3_comp1,P_9_B_144_1_3_comp1,R_9_B_144_1_3,TCDB,TCDB.9_B_144_1_3_comp1
G_3_A_1_29_1_comp1,P_3_A_1_29_1_comp1+3_A_1_29_1_comp2+3_A_1_29_1_comp3,R_3_A_1_29_1,TCDB,TCDB.3_A_1_29_1_comp1
G_3_A_1_29_1_comp2,P_3_A_1_29_1_comp1+3_A_1_29_1_comp2+3_A_1_29_1_comp3,R_3_A_1_29_1,TCDB,TCDB.3_A_1_29_1_comp2
G_3_A_1_29_1_comp3,P_3_A_1_29_1_comp1+3_A_1_29_1_comp2+3_A_1_29_1_comp3,R_3_A_1_29_1,TCDB,TCDB.3_A_1_29_1_comp3
G_8_A_30_2_3_comp1,P_8_A_30_2_3_comp1,R_8_A_30_2_3,TCDB,TCDB.8_A_30_2_3_comp1
G_2_A_121_2_8_comp1,P_2_A_121_2_8_comp1,R_2_A_121_2_8,TCDB,TCDB.2_A_121_2_8_comp1
G_1_A_8_5_2_comp1,P_1_A_8_5_2_comp1,R_1_A_8_5_2,TCDB,TCDB.1_A_8_5_2_comp1
G_8_A_40_4_1_comp1,P_8_A_40_4_1_comp1,R_8_A_40_4_1,TCDB,TCDB.8_A_40_4_1_comp1
G_9_A_14_3_13_comp1,P_9_A_14_3_13_comp1,R_9_A_14_3_13,TCDB,TCDB.9_A_14_3_13_comp1
G_1_A_17_1_2_comp1,P_1_A_17_1_2_comp1,R_1_A_17_1_2,TCDB,TCDB.1_A_17_1_2_comp1
G_9_B_351_1_1_comp1,P_9_B_351_1_1_comp1,R_9_B_351_1_1,TCDB,TCDB.9_B_351_1_1_comp1
G_3_A_1_124_3_comp1,P_3_A_1_124_3_comp1+3_A_1_124_3_comp2+3_A_1_124_3_comp3,R_3_A_1_124_3,TCDB,TCDB.3_A_1_124_3_comp1
G_3_A_1_124_3_comp2,P_3_A_1_124_3_comp1+3_A_1_124_3_comp2+3_A_1_124_3_comp3,R_3_A_1_124_3,TCDB,TCDB.3_A_1_124_3_comp2
G_3_A_1_124_3_comp3,P_3_A_1_124_3_comp1+3_A_1_124_3_comp2+3_A_1_124_3_comp3,R_3_A_1_124_3,TCDB,TCDB.3_A_1_124_3_comp3
G_3_A_1_111_7_comp1,P_3_A_1_111_7_comp1,R_3_A_1_111_7,TCDB,TCDB.3_A_1_111_7_comp1
G_1_A_17_1_21_comp1,P_1_A_17_1_21_comp1,R_1_A_17_1_21,TCDB,TCDB.1_A_17_1_21_comp1
G_1_G_16_1_1_comp1,P_1_G_16_1_1_comp1,R_1_G_16_1_1,TCDB,TCDB.1_G_16_1_1_comp1
G_2_A_22_2_6_comp1,P_2_A_22_2_6_comp1,R_2_A_22_2_6,TCDB,TCDB.2_A_22_2_6_comp1
G_2_A_19_2_10_comp1,P_2_A_19_2_10_comp1,R_2_A_19_2_10,TCDB,TCDB.2_A_19_2_10_comp1
G_1_C_38_1_5_comp1,P_1_C_38_1_5_comp1,R_1_C_38_1_5,TCDB,TCDB.1_C_38_1_5_comp1
G_1_C_39_10_1_comp1,P_1_C_39_10_1_comp1,R_1_C_39_10_1,TCDB,TCDB.1_C_39_10_1_comp1
G_2_A_7_15_1_comp1,P_2_A_7_15_1_comp1,R_2_A_7_15_1,TCDB,TCDB.2_A_7_15_1_comp1
G_2_A_85_2_5_comp1,P_2_A_85_2_5_comp1,R_2_A_85_2_5,TCDB,TCDB.2_A_85_2_5_comp1
G_2_A_1_19_40_comp1,P_2_A_1_19_40_comp1,R_2_A_1_19_40,TCDB,TCDB.2_A_1_19_40_comp1
G_1_B_8_2_6_comp1,P_1_B_8_2_6_comp1,R_1_B_8_2_6,TCDB,TCDB.1_B_8_2_6_comp1
G_1_W_4_1_6_comp1,P_1_W_4_1_6_comp1,R_1_W_4_1_6,TCDB,TCDB.1_W_4_1_6_comp1
G_1_E_44_1_1_comp1,P_1_E_44_1_1_comp1,R_1_E_44_1_1,TCDB,TCDB.1_E_44_1_1_comp1
G_8_B_25_1_5_comp1,P_8_B_25_1_5_comp1,R_8_B_25_1_5,TCDB,TCDB.8_B_25_1_5_comp1
G_1_C_46_2_1_comp1,P_1_C_46_2_1_comp1,R_1_C_46_2_1,TCDB,TCDB.1_C_46_2_1_comp1
G_1_A_1_13_4_comp1,P_1_A_1_13_4_comp1,R_1_A_1_13_4,TCDB,TCDB.1_A_1_13_4_comp1
G_2_A_1_2_25_comp1,P_2_A_1_2_25_comp1,R_2_A_1_2_25,TCDB,TCDB.2_A_1_2_25_comp1
G_2_C_1_1_2_comp1,P_2_C_1_1_2_comp1,R_2_C_1_1_2,TCDB,TCDB.2_C_1_1_2_comp1
G_3_A_1_23_1_comp1,P_3_A_1_23_1_comp1+3_A_1_23_1_comp2+3_A_1_23_1_comp3,R_3_A_1_23_1,TCDB,TCDB.3_A_1_23_1_comp1
G_3_A_1_23_1_comp2,P_3_A_1_23_1_comp1+3_A_1_23_1_comp2+3_A_1_23_1_comp3,R_3_A_1_23_1,TCDB,TCDB.3_A_1_23_1_comp2
G_3_A_1_23_1_comp3,P_3_A_1_23_1_comp1+3_A_1_23_1_comp2+3_A_1_23_1_comp3,R_3_A_1_23_1,TCDB,TCDB.3_A_1_23_1_comp3
G_8_B_24_5_1_comp1,P_8_B_24_5_1_comp1,R_8_B_24_5_1,TCDB,TCDB.8_B_24_5_1_comp1
G_2_A_1_21_2_comp1,P_2_A_1_21_2_comp1,R_2_A_1_21_2,TCDB,TCDB.2_A_1_21_2_comp1
G_1_B_34_1_1_comp1,P_1_B_34_1_1_comp1,R_1_B_34_1_1,TCDB,TCDB.1_B_34_1_1_comp1
G_2_A_79_1_1_comp1,P_2_A_79_1_1_comp1,R_2_A_79_1_1,TCDB,TCDB.2_A_79_1_1_comp1
G_3_D_4_4_2_comp1,P_3_D_4_4_2_comp1+3_D_4_4_2_comp2+3_D_4_4_2_comp3+3_D_4_4_2_comp4,R_3_D_4_4_2,TCDB,TCDB.3_D_4_4_2_comp1
G_3_D_4_4_2_comp2,P_3_D_4_4_2_comp1+3_D_4_4_2_comp2+3_D_4_4_2_comp3+3_D_4_4_2_comp4,R_3_D_4_4_2,TCDB,TCDB.3_D_4_4_2_comp2
G_3_D_4_4_2_comp3,P_3_D_4_4_2_comp1+3_D_4_4_2_comp2+3_D_4_4_2_comp3+3_D_4_4_2_comp4,R_3_D_4_4_2,TCDB,TCDB.3_D_4_4_2_comp3
G_3_D_4_4_2_comp4,P_3_D_4_4_2_comp1+3_D_4_4_2_comp2+3_D_4_4_2_comp3+3_D_4_4_2_comp4,R_3_D_4_4_2,TCDB,TCDB.3_D_4_4_2_comp4
G_2_A_15_1_2_comp1,P_2_A_15_1_2_comp1,R_2_A_15_1_2,TCDB,TCDB.2_A_15_1_2_comp1
G_1_A_11_1_3_comp1,P_1_A_11_1_3_comp1,R_1_A_11_1_3,TCDB,TCDB.1_A_11_1_3_comp1
G_3_A_1_4_6_comp1,P_3_A_1_4_6_comp1+3_A_1_4_6_comp2+3_A_1_4_6_comp3+3_A_1_4_6_comp4+3_A_1_4_6_comp5,R_3_A_1_4_6,TCDB,TCDB.3_A_1_4_6_comp1
G_3_A_1_4_6_comp2,P_3_A_1_4_6_comp1+3_A_1_4_6_comp2+3_A_1_4_6_comp3+3_A_1_4_6_comp4+3_A_1_4_6_comp5,R_3_A_1_4_6,TCDB,TCDB.3_A_1_4_6_comp2
G_3_A_1_4_6_comp3,P_3_A_1_4_6_comp1+3_A_1_4_6_comp2+3_A_1_4_6_comp3+3_A_1_4_6_comp4+3_A_1_4_6_comp5,R_3_A_1_4_6,TCDB,TCDB.3_A_1_4_6_comp3
G_3_A_1_4_6_comp4,P_3_A_1_4_6_comp1+3_A_1_4_6_comp2+3_A_1_4_6_comp3+3_A_1_4_6_comp4+3_A_1_4_6_comp5,R_3_A_1_4_6,TCDB,TCDB.3_A_1_4_6_comp4
G_3_A_1_4_6_comp5,P_3_A_1_4_6_comp1+3_A_1_4_6_comp2+3_A_1_4_6_comp3+3_A_1_4_6_comp4+3_A_1_4_6_comp5,R_3_A_1_4_6,TCDB,TCDB.3_A_1_4_6_comp5
G_3_A_3_5_19_comp1,P_3_A_3_5_19_comp1,R_3_A_3_5_19,TCDB,TCDB.3_A_3_5_19_comp1
G_2_A_1_3_61_comp1,P_2_A_1_3_61_comp1,R_2_A_1_3_61,TCDB,TCDB.2_A_1_3_61_comp1
G_3_A_1_122_4_comp1,P_3_A_1_122_4_comp1+3_A_1_122_4_comp2,R_3_A_1_122_4,TCDB,TCDB.3_A_1_122_4_comp1
G_3_A_1_122_4_comp2,P_3_A_1_122_4_comp1+3_A_1_122_4_comp2,R_3_A_1_122_4,TCDB,TCDB.3_A_1_122_4_comp2
G_2_A_21_2_2_comp1,P_2_A_21_2_2_comp1,R_2_A_21_2_2,TCDB,TCDB.2_A_21_2_2_comp1
G_2_A_1_3_23_comp1,P_2_A_1_3_23_comp1,R_2_A_1_3_23,TCDB,TCDB.2_A_1_3_23_comp1
G_2_A_6_8_2_comp1,P_2_A_6_8_2_comp1,R_2_A_6_8_2,TCDB,TCDB.2_A_6_8_2_comp1
G_2_A_63_1_2_comp1,P_2_A_63_1_2_comp1+2_A_63_1_2_comp2+2_A_63_1_2_comp3+2_A_63_1_2_comp4+2_A_63_1_2_comp5+2_A_63_1_2_comp6+2_A_63_1_2_comp7,R_2_A_63_1_2,TCDB,TCDB.2_A_63_1_2_comp1
G_2_A_63_1_2_comp2,P_2_A_63_1_2_comp1+2_A_63_1_2_comp2+2_A_63_1_2_comp3+2_A_63_1_2_comp4+2_A_63_1_2_comp5+2_A_63_1_2_comp6+2_A_63_1_2_comp7,R_2_A_63_1_2,TCDB,TCDB.2_A_63_1_2_comp2
G_2_A_63_1_2_comp3,P_2_A_63_1_2_comp1+2_A_63_1_2_comp2+2_A_63_1_2_comp3+2_A_63_1_2_comp4+2_A_63_1_2_comp5+2_A_63_1_2_comp6+2_A_63_1_2_comp7,R_2_A_63_1_2,TCDB,TCDB.2_A_63_1_2_comp3
G_2_A_63_1_2_comp4,P_2_A_63_1_2_comp1+2_A_63_1_2_comp2+2_A_63_1_2_comp3+2_A_63_1_2_comp4+2_A_63_1_2_comp5+2_A_63_1_2_comp6+2_A_63_1_2_comp7,R_2_A_63_1_2,TCDB,TCDB.2_A_63_1_2_comp4
G_2_A_63_1_2_comp5,P_2_A_63_1_2_comp1+2_A_63_1_2_comp2+2_A_63_1_2_comp3+2_A_63_1_2_comp4+2_A_63_1_2_comp5+2_A_63_1_2_comp6+2_A_63_1_2_comp7,R_2_A_63_1_2,TCDB,TCDB.2_A_63_1_2_comp5
G_2_A_63_1_2_comp6,P_2_A_63_1_2_comp1+2_A_63_1_2_comp2+2_A_63_1_2_comp3+2_A_63_1_2_comp4+2_A_63_1_2_comp5+2_A_63_1_2_comp6+2_A_63_1_2_comp7,R_2_A_63_1_2,TCDB,TCDB.2_A_63_1_2_comp6
G_2_A_63_1_2_comp7,P_2_A_63_1_2_comp1+2_A_63_1_2_comp2+2_A_63_1_2_comp3+2_A_63_1_2_comp4+2_A_63_1_2_comp5+2_A_63_1_2_comp6+2_A_63_1_2_comp7,R_2_A_63_1_2,TCDB,TCDB.2_A_63_1_2_comp7
G_3_A_1_105_14_comp1,P_3_A_1_105_14_comp1+3_A_1_105_14_comp2,R_3_A_1_105_14,TCDB,TCDB.3_A_1_105_14_comp1
G_3_A_1_105_14_comp2,P_3_A_1_105_14_comp1+3_A_1_105_14_comp2,R_3_A_1_105_14,TCDB,TCDB.3_A_1_105_14_comp2
G_3_A_1_1_44_comp1,P_3_A_1_1_44_comp1+3_A_1_1_44_comp2+3_A_1_1_44_comp3,R_3_A_1_1_44,TCDB,TCDB.3_A_1_1_44_comp1
G_3_A_1_1_44_comp2,P_3_A_1_1_44_comp1+3_A_1_1_44_comp2+3_A_1_1_44_comp3,R_3_A_1_1_44,TCDB,TCDB.3_A_1_1_44_comp2
G_3_A_1_1_44_comp3,P_3_A_1_1_44_comp1+3_A_1_1_44_comp2+3_A_1_1_44_comp3,R_3_A_1_1_44,TCDB,TCDB.3_A_1_1_44_comp3
G_3_A_1_122_3_comp1,P_3_A_1_122_3_comp1+3_A_1_122_3_comp2+3_A_1_122_3_comp3,R_3_A_1_122_3,TCDB,TCDB.3_A_1_122_3_comp1
G_3_A_1_122_3_comp2,P_3_A_1_122_3_comp1+3_A_1_122_3_comp2+3_A_1_122_3_comp3,R_3_A_1_122_3,TCDB,TCDB.3_A_1_122_3_comp2
G_3_A_1_122_3_comp3,P_3_A_1_122_3_comp1+3_A_1_122_3_comp2+3_A_1_122_3_comp3,R_3_A_1_122_3,TCDB,TCDB.3_A_1_122_3_comp3
G_1_B_38_3_2_comp1,P_1_B_38_3_2_comp1,R_1_B_38_3_2,TCDB,TCDB.1_B_38_3_2_comp1
G_2_A_109_1_1_comp1,P_2_A_109_1_1_comp1,R_2_A_109_1_1,TCDB,TCDB.2_A_109_1_1_comp1
G_9_B_67_4_1_comp1,P_9_B_67_4_1_comp1,R_9_B_67_4_1,TCDB,TCDB.9_B_67_4_1_comp1
G_4_A_6_1_15_comp1,P_4_A_6_1_15_comp1+4_A_6_1_15_comp2+4_A_6_1_15_comp3,R_4_A_6_1_15,TCDB,TCDB.4_A_6_1_15_comp1
G_4_A_6_1_15_comp2,P_4_A_6_1_15_comp1+4_A_6_1_15_comp2+4_A_6_1_15_comp3,R_4_A_6_1_15,TCDB,TCDB.4_A_6_1_15_comp2
G_4_A_6_1_15_comp3,P_4_A_6_1_15_comp1+4_A_6_1_15_comp2+4_A_6_1_15_comp3,R_4_A_6_1_15,TCDB,TCDB.4_A_6_1_15_comp3
G_1_B_12_1_2_comp1,P_1_B_12_1_2_comp1,R_1_B_12_1_2,TCDB,TCDB.1_B_12_1_2_comp1
G_2_A_1_1_35_comp1,P_2_A_1_1_35_comp1,R_2_A_1_1_35,TCDB,TCDB.2_A_1_1_35_comp1
G_2_A_133_1_7_comp1,P_2_A_133_1_7_comp1,R_2_A_133_1_7,TCDB,TCDB.2_A_133_1_7_comp1
G_2_A_1_21_22_comp1,P_2_A_1_21_22_comp1,R_2_A_1_21_22,TCDB,TCDB.2_A_1_21_22_comp1
G_1_B_165_1_2_comp1,P_1_B_165_1_2_comp1,R_1_B_165_1_2,TCDB,TCDB.1_B_165_1_2_comp1
G_1_B_12_4_5_comp1,P_1_B_12_4_5_comp1,R_1_B_12_4_5,TCDB,TCDB.1_B_12_4_5_comp1
G_1_B_36_1_1_comp1,P_1_B_36_1_1_comp1,R_1_B_36_1_1,TCDB,TCDB.1_B_36_1_1_comp1
G_3_A_1_2_9_comp1,P_3_A_1_2_9_comp1+3_A_1_2_9_comp2+3_A_1_2_9_comp3,R_3_A_1_2_9,TCDB,TCDB.3_A_1_2_9_comp1
G_3_A_1_2_9_comp2,P_3_A_1_2_9_comp1+3_A_1_2_9_comp2+3_A_1_2_9_comp3,R_3_A_1_2_9,TCDB,TCDB.3_A_1_2_9_comp2
G_3_A_1_2_9_comp3,P_3_A_1_2_9_comp1+3_A_1_2_9_comp2+3_A_1_2_9_comp3,R_3_A_1_2_9,TCDB,TCDB.3_A_1_2_9_comp3
G_1_B_12_4_3_comp1,P_1_B_12_4_3_comp1,R_1_B_12_4_3,TCDB,TCDB.1_B_12_4_3_comp1
G_1_B_20_1_11_comp1,P_1_B_20_1_11_comp1,R_1_B_20_1_11,TCDB,TCDB.1_B_20_1_11_comp1
G_1_B_14_9_3_comp1,P_1_B_14_9_3_comp1,R_1_B_14_9_3,TCDB,TCDB.1_B_14_9_3_comp1
G_1_B_40_1_3_comp1,P_1_B_40_1_3_comp1,R_1_B_40_1_3,TCDB,TCDB.1_B_40_1_3_comp1
G_1_B_40_1_4_comp1,P_1_B_40_1_4_comp1,R_1_B_40_1_4,TCDB,TCDB.1_B_40_1_4_comp1
G_9_B_209_1_2_comp1,P_9_B_209_1_2_comp1,R_9_B_209_1_2,TCDB,TCDB.9_B_209_1_2_comp1
G_3_A_7_13_1_comp1,P_3_A_7_13_1_comp1+3_A_7_13_1_comp2+3_A_7_13_1_comp3+3_A_7_13_1_comp4+3_A_7_13_1_comp5+3_A_7_13_1_comp6+3_A_7_13_1_comp7+3_A_7_13_1_comp8+3_A_7_13_1_comp9+3_A_7_13_1_comp10+3_A_7_13_1_comp11+3_A_7_13_1_comp12+3_A_7_13_1_comp13+3_A_7_13_1_comp14+3_A_7_13_1_comp15+3_A_7_13_1_comp16+3_A_7_13_1_comp17+3_A_7_13_1_comp18,R_3_A_7_13_1,TCDB,TCDB.3_A_7_13_1_comp1
G_3_A_7_13_1_comp2,P_3_A_7_13_1_comp1+3_A_7_13_1_comp2+3_A_7_13_1_comp3+3_A_7_13_1_comp4+3_A_7_13_1_comp5+3_A_7_13_1_comp6+3_A_7_13_1_comp7+3_A_7_13_1_comp8+3_A_7_13_1_comp9+3_A_7_13_1_comp10+3_A_7_13_1_comp11+3_A_7_13_1_comp12+3_A_7_13_1_comp13+3_A_7_13_1_comp14+3_A_7_13_1_comp15+3_A_7_13_1_comp16+3_A_7_13_1_comp17+3_A_7_13_1_comp18,R_3_A_7_13_1,TCDB,TCDB.3_A_7_13_1_comp2
G_3_A_7_13_1_comp3,P_3_A_7_13_1_comp1+3_A_7_13_1_comp2+3_A_7_13_1_comp3+3_A_7_13_1_comp4+3_A_7_13_1_comp5+3_A_7_13_1_comp6+3_A_7_13_1_comp7+3_A_7_13_1_comp8+3_A_7_13_1_comp9+3_A_7_13_1_comp10+3_A_7_13_1_comp11+3_A_7_13_1_comp12+3_A_7_13_1_comp13+3_A_7_13_1_comp14+3_A_7_13_1_comp15+3_A_7_13_1_comp16+3_A_7_13_1_comp17+3_A_7_13_1_comp18,R_3_A_7_13_1,TCDB,TCDB.3_A_7_13_1_comp3
G_3_A_7_13_1_comp4,P_3_A_7_13_1_comp1+3_A_7_13_1_comp2+3_A_7_13_1_comp3+3_A_7_13_1_comp4+3_A_7_13_1_comp5+3_A_7_13_1_comp6+3_A_7_13_1_comp7+3_A_7_13_1_comp8+3_A_7_13_1_comp9+3_A_7_13_1_comp10+3_A_7_13_1_comp11+3_A_7_13_1_comp12+3_A_7_13_1_comp13+3_A_7_13_1_comp14+3_A_7_13_1_comp15+3_A_7_13_1_comp16+3_A_7_13_1_comp17+3_A_7_13_1_comp18,R_3_A_7_13_1,TCDB,TCDB.3_A_7_13_1_comp4
G_3_A_7_13_1_comp5,P_3_A_7_13_1_comp1+3_A_7_13_1_comp2+3_A_7_13_1_comp3+3_A_7_13_1_comp4+3_A_7_13_1_comp5+3_A_7_13_1_comp6+3_A_7_13_1_comp7+3_A_7_13_1_comp8+3_A_7_13_1_comp9+3_A_7_13_1_comp10+3_A_7_13_1_comp11+3_A_7_13_1_comp12+3_A_7_13_1_comp13+3_A_7_13_1_comp14+3_A_7_13_1_comp15+3_A_7_13_1_comp16+3_A_7_13_1_comp17+3_A_7_13_1_comp18,R_3_A_7_13_1,TCDB,TCDB.3_A_7_13_1_comp5
G_3_A_7_13_1_comp6,P_3_A_7_13_1_comp1+3_A_7_13_1_comp2+3_A_7_13_1_comp3+3_A_7_13_1_comp4+3_A_7_13_1_comp5+3_A_7_13_1_comp6+3_A_7_13_1_comp7+3_A_7_13_1_comp8+3_A_7_13_1_comp9+3_A_7_13_1_comp10+3_A_7_13_1_comp11+3_A_7_13_1_comp12+3_A_7_13_1_comp13+3_A_7_13_1_comp14+3_A_7_13_1_comp15+3_A_7_13_1_comp16+3_A_7_13_1_comp17+3_A_7_13_1_comp18,R_3_A_7_13_1,TCDB,TCDB.3_A_7_13_1_comp6
G_3_A_7_13_1_comp7,P_3_A_7_13_1_comp1+3_A_7_13_1_comp2+3_A_7_13_1_comp3+3_A_7_13_1_comp4+3_A_7_13_1_comp5+3_A_7_13_1_comp6+3_A_7_13_1_comp7+3_A_7_13_1_comp8+3_A_7_13_1_comp9+3_A_7_13_1_comp10+3_A_7_13_1_comp11+3_A_7_13_1_comp12+3_A_7_13_1_comp13+3_A_7_13_1_comp14+3_A_7_13_1_comp15+3_A_7_13_1_comp16+3_A_7_13_1_comp17+3_A_7_13_1_comp18,R_3_A_7_13_1,TCDB,TCDB.3_A_7_13_1_comp7
G_3_A_7_13_1_comp8,P_3_A_7_13_1_comp1+3_A_7_13_1_comp2+3_A_7_13_1_comp3+3_A_7_13_1_comp4+3_A_7_13_1_comp5+3_A_7_13_1_comp6+3_A_7_13_1_comp7+3_A_7_13_1_comp8+3_A_7_13_1_comp9+3_A_7_13_1_comp10+3_A_7_13_1_comp11+3_A_7_13_1_comp12+3_A_7_13_1_comp13+3_A_7_13_1_comp14+3_A_7_13_1_comp15+3_A_7_13_1_comp16+3_A_7_13_1_comp17+3_A_7_13_1_comp18,R_3_A_7_13_1,TCDB,TCDB.3_A_7_13_1_comp8
G_3_A_7_13_1_comp9,P_3_A_7_13_1_comp1+3_A_7_13_1_comp2+3_A_7_13_1_comp3+3_A_7_13_1_comp4+3_A_7_13_1_comp5+3_A_7_13_1_comp6+3_A_7_13_1_comp7+3_A_7_13_1_comp8+3_A_7_13_1_comp9+3_A_7_13_1_comp10+3_A_7_13_1_comp11+3_A_7_13_1_comp12+3_A_7_13_1_comp13+3_A_7_13_1_comp14+3_A_7_13_1_comp15+3_A_7_13_1_comp16+3_A_7_13_1_comp17+3_A_7_13_1_comp18,R_3_A_7_13_1,TCDB,TCDB.3_A_7_13_1_comp9
G_3_A_7_13_1_comp10,P_3_A_7_13_1_comp1+3_A_7_13_1_comp2+3_A_7_13_1_comp3+3_A_7_13_1_comp4+3_A_7_13_1_comp5+3_A_7_13_1_comp6+3_A_7_13_1_comp7+3_A_7_13_1_comp8+3_A_7_13_1_comp9+3_A_7_13_1_comp10+3_A_7_13_1_comp11+3_A_7_13_1_comp12+3_A_7_13_1_comp13+3_A_7_13_1_comp14+3_A_7_13_1_comp15+3_A_7_13_1_comp16+3_A_7_13_1_comp17+3_A_7_13_1_comp18,R_3_A_7_13_1,TCDB,TCDB.3_A_7_13_1_comp10
G_3_A_7_13_1_comp11,P_3_A_7_13_1_comp1+3_A_7_13_1_comp2+3_A_7_13_1_comp3+3_A_7_13_1_comp4+3_A_7_13_1_comp5+3_A_7_13_1_comp6+3_A_7_13_1_comp7+3_A_7_13_1_comp8+3_A_7_13_1_comp9+3_A_7_13_1_comp10+3_A_7_13_1_comp11+3_A_7_13_1_comp12+3_A_7_13_1_comp13+3_A_7_13_1_comp14+3_A_7_13_1_comp15+3_A_7_13_1_comp16+3_A_7_13_1_comp17+3_A_7_13_1_comp18,R_3_A_7_13_1,TCDB,TCDB.3_A_7_13_1_comp11
G_3_A_7_13_1_comp12,P_3_A_7_13_1_comp1+3_A_7_13_1_comp2+3_A_7_13_1_comp3+3_A_7_13_1_comp4+3_A_7_13_1_comp5+3_A_7_13_1_comp6+3_A_7_13_1_comp7+3_A_7_13_1_comp8+3_A_7_13_1_comp9+3_A_7_13_1_comp10+3_A_7_13_1_comp11+3_A_7_13_1_comp12+3_A_7_13_1_comp13+3_A_7_13_1_comp14+3_A_7_13_1_comp15+3_A_7_13_1_comp16+3_A_7_13_1_comp17+3_A_7_13_1_comp18,R_3_A_7_13_1,TCDB,TCDB.3_A_7_13_1_comp12
G_3_A_7_13_1_comp13,P_3_A_7_13_1_comp1+3_A_7_13_1_comp2+3_A_7_13_1_comp3+3_A_7_13_1_comp4+3_A_7_13_1_comp5+3_A_7_13_1_comp6+3_A_7_13_1_comp7+3_A_7_13_1_comp8+3_A_7_13_1_comp9+3_A_7_13_1_comp10+3_A_7_13_1_comp11+3_A_7_13_1_comp12+3_A_7_13_1_comp13+3_A_7_13_1_comp14+3_A_7_13_1_comp15+3_A_7_13_1_comp16+3_A_7_13_1_comp17+3_A_7_13_1_comp18,R_3_A_7_13_1,TCDB,TCDB.3_A_7_13_1_comp13
G_3_A_7_13_1_comp14,P_3_A_7_13_1_comp1+3_A_7_13_1_comp2+3_A_7_13_1_comp3+3_A_7_13_1_comp4+3_A_7_13_1_comp5+3_A_7_13_1_comp6+3_A_7_13_1_comp7+3_A_7_13_1_comp8+3_A_7_13_1_comp9+3_A_7_13_1_comp10+3_A_7_13_1_comp11+3_A_7_13_1_comp12+3_A_7_13_1_comp13+3_A_7_13_1_comp14+3_A_7_13_1_comp15+3_A_7_13_1_comp16+3_A_7_13_1_comp17+3_A_7_13_1_comp18,R_3_A_7_13_1,TCDB,TCDB.3_A_7_13_1_comp14
G_3_A_7_13_1_comp15,P_3_A_7_13_1_comp1+3_A_7_13_1_comp2+3_A_7_13_1_comp3+3_A_7_13_1_comp4+3_A_7_13_1_comp5+3_A_7_13_1_comp6+3_A_7_13_1_comp7+3_A_7_13_1_comp8+3_A_7_13_1_comp9+3_A_7_13_1_comp10+3_A_7_13_1_comp11+3_A_7_13_1_comp12+3_A_7_13_1_comp13+3_A_7_13_1_comp14+3_A_7_13_1_comp15+3_A_7_13_1_comp16+3_A_7_13_1_comp17+3_A_7_13_1_comp18,R_3_A_7_13_1,TCDB,TCDB.3_A_7_13_1_comp15
G_3_A_7_13_1_comp16,P_3_A_7_13_1_comp1+3_A_7_13_1_comp2+3_A_7_13_1_comp3+3_A_7_13_1_comp4+3_A_7_13_1_comp5+3_A_7_13_1_comp6+3_A_7_13_1_comp7+3_A_7_13_1_comp8+3_A_7_13_1_comp9+3_A_7_13_1_comp10+3_A_7_13_1_comp11+3_A_7_13_1_comp12+3_A_7_13_1_comp13+3_A_7_13_1_comp14+3_A_7_13_1_comp15+3_A_7_13_1_comp16+3_A_7_13_1_comp17+3_A_7_13_1_comp18,R_3_A_7_13_1,TCDB,TCDB.3_A_7_13_1_comp16
G_3_A_7_13_1_comp17,P_3_A_7_13_1_comp1+3_A_7_13_1_comp2+3_A_7_13_1_comp3+3_A_7_13_1_comp4+3_A_7_13_1_comp5+3_A_7_13_1_comp6+3_A_7_13_1_comp7+3_A_7_13_1_comp8+3_A_7_13_1_comp9+3_A_7_13_1_comp10+3_A_7_13_1_comp11+3_A_7_13_1_comp12+3_A_7_13_1_comp13+3_A_7_13_1_comp14+3_A_7_13_1_comp15+3_A_7_13_1_comp16+3_A_7_13_1_comp17+3_A_7_13_1_comp18,R_3_A_7_13_1,TCDB,TCDB.3_A_7_13_1_comp17
G_3_A_7_13_1_comp18,P_3_A_7_13_1_comp1+3_A_7_13_1_comp2+3_A_7_13_1_comp3+3_A_7_13_1_comp4+3_A_7_13_1_comp5+3_A_7_13_1_comp6+3_A_7_13_1_comp7+3_A_7_13_1_comp8+3_A_7_13_1_comp9+3_A_7_13_1_comp10+3_A_7_13_1_comp11+3_A_7_13_1_comp12+3_A_7_13_1_comp13+3_A_7_13_1_comp14+3_A_7_13_1_comp15+3_A_7_13_1_comp16+3_A_7_13_1_comp17+3_A_7_13_1_comp18,R_3_A_7_13_1,TCDB,TCDB.3_A_7_13_1_comp18
G_3_A_1_5_24_comp1,P_3_A_1_5_24_comp1+3_A_1_5_24_comp2+3_A_1_5_24_comp3+3_A_1_5_24_comp4,R_3_A_1_5_24,TCDB,TCDB.3_A_1_5_24_comp1
G_3_A_1_5_24_comp2,P_3_A_1_5_24_comp1+3_A_1_5_24_comp2+3_A_1_5_24_comp3+3_A_1_5_24_comp4,R_3_A_1_5_24,TCDB,TCDB.3_A_1_5_24_comp2
G_3_A_1_5_24_comp3,P_3_A_1_5_24_comp1+3_A_1_5_24_comp2+3_A_1_5_24_comp3+3_A_1_5_24_comp4,R_3_A_1_5_24,TCDB,TCDB.3_A_1_5_24_comp3
G_3_A_1_5_24_comp4,P_3_A_1_5_24_comp1+3_A_1_5_24_comp2+3_A_1_5_24_comp3+3_A_1_5_24_comp4,R_3_A_1_5_24,TCDB,TCDB.3_A_1_5_24_comp4
G_1_B_14_7_2_comp1,P_1_B_14_7_2_comp1,R_1_B_14_7_2,TCDB,TCDB.1_B_14_7_2_comp1
G_2_A_40_4_6_comp1,P_2_A_40_4_6_comp1,R_2_A_40_4_6,TCDB,TCDB.2_A_40_4_6_comp1
G_1_A_72_5_2_comp1,P_1_A_72_5_2_comp1,R_1_A_72_5_2,TCDB,TCDB.1_A_72_5_2_comp1
G_3_A_1_208_21_comp1,P_3_A_1_208_21_comp1,R_3_A_1_208_21,TCDB,TCDB.3_A_1_208_21_comp1
G_9_A_14_3_20_comp1,P_9_A_14_3_20_comp1,R_9_A_14_3_20,TCDB,TCDB.9_A_14_3_20_comp1
G_8_A_107_1_3_comp1,P_8_A_107_1_3_comp1,R_8_A_107_1_3,TCDB,TCDB.8_A_107_1_3_comp1
G_8_A_110_1_6_comp1,P_8_A_110_1_6_comp1,R_8_A_110_1_6,TCDB,TCDB.8_A_110_1_6_comp1
G_2_A_123_1_12_comp1,P_2_A_123_1_12_comp1,R_2_A_123_1_12,TCDB,TCDB.2_A_123_1_12_comp1
G_8_A_45_1_2_comp1,P_8_A_45_1_2_comp1,R_8_A_45_1_2,TCDB,TCDB.8_A_45_1_2_comp1
G_2_A_5_3_6_comp1,P_2_A_5_3_6_comp1,R_2_A_5_3_6,TCDB,TCDB.2_A_5_3_6_comp1
G_8_A_40_1_7_comp1,P_8_A_40_1_7_comp1,R_8_A_40_1_7,TCDB,TCDB.8_A_40_1_7_comp1
G_2_A_29_16_2_comp1,P_2_A_29_16_2_comp1,R_2_A_29_16_2,TCDB,TCDB.2_A_29_16_2_comp1
G_9_B_132_1_1_comp1,P_9_B_132_1_1_comp1,R_9_B_132_1_1,TCDB,TCDB.9_B_132_1_1_comp1
G_2_A_22_1_7_comp1,P_2_A_22_1_7_comp1,R_2_A_22_1_7,TCDB,TCDB.2_A_22_1_7_comp1
G_1_X_1_1_2_comp1,P_1_X_1_1_2_comp1,R_1_X_1_1_2,TCDB,TCDB.1_X_1_1_2_comp1
G_2_A_105_1_3_comp1,P_2_A_105_1_3_comp1+2_A_105_1_3_comp2,R_2_A_105_1_3,TCDB,TCDB.2_A_105_1_3_comp1
G_2_A_105_1_3_comp2,P_2_A_105_1_3_comp1+2_A_105_1_3_comp2,R_2_A_105_1_3,TCDB,TCDB.2_A_105_1_3_comp2
G_2_A_29_7_4_comp1,P_2_A_29_7_4_comp1,R_2_A_29_7_4,TCDB,TCDB.2_A_29_7_4_comp1
G_1_A_6_4_2_comp1,P_1_A_6_4_2_comp1,R_1_A_6_4_2,TCDB,TCDB.1_A_6_4_2_comp1
G_2_A_1_65_1_comp1,P_2_A_1_65_1_comp1,R_2_A_1_65_1,TCDB,TCDB.2_A_1_65_1_comp1
G_1_A_1_16_3_comp1,P_1_A_1_16_3_comp1,R_1_A_1_16_3,TCDB,TCDB.1_A_1_16_3_comp1
G_8_A_174_1_1_comp1,P_8_A_174_1_1_comp1,R_8_A_174_1_1,TCDB,TCDB.8_A_174_1_1_comp1
G_2_A_1_22_7_comp1,P_2_A_1_22_7_comp1,R_2_A_1_22_7,TCDB,TCDB.2_A_1_22_7_comp1
G_2_A_53_2_15_comp1,P_2_A_53_2_15_comp1,R_2_A_53_2_15,TCDB,TCDB.2_A_53_2_15_comp1
G_1_C_57_3_4_comp1,P_1_C_57_3_4_comp1,R_1_C_57_3_4,TCDB,TCDB.1_C_57_3_4_comp1
G_1_B_31_1_2_comp1,P_1_B_31_1_2_comp1,R_1_B_31_1_2,TCDB,TCDB.1_B_31_1_2_comp1
G_9_A_8_1_6_comp1,P_9_A_8_1_6_comp1,R_9_A_8_1_6,TCDB,TCDB.9_A_8_1_6_comp1
G_9_B_67_6_1_comp1,P_9_B_67_6_1_comp1,R_9_B_67_6_1,TCDB,TCDB.9_B_67_6_1_comp1
G_9_A_8_1_5_comp1,P_9_A_8_1_5_comp1,R_9_A_8_1_5,TCDB,TCDB.9_A_8_1_5_comp1
G_1_C_107_1_4_comp1,P_1_C_107_1_4_comp1+1_C_107_1_4_comp2+1_C_107_1_4_comp3,R_1_C_107_1_4,TCDB,TCDB.1_C_107_1_4_comp1
G_1_C_107_1_4_comp2,P_1_C_107_1_4_comp1+1_C_107_1_4_comp2+1_C_107_1_4_comp3,R_1_C_107_1_4,TCDB,TCDB.1_C_107_1_4_comp2
G_1_C_107_1_4_comp3,P_1_C_107_1_4_comp1+1_C_107_1_4_comp2+1_C_107_1_4_comp3,R_1_C_107_1_4,TCDB,TCDB.1_C_107_1_4_comp3
G_1_C_39_4_1_comp1,P_1_C_39_4_1_comp1,R_1_C_39_4_1,TCDB,TCDB.1_C_39_4_1_comp1
G_1_A_9_8_1_comp1,P_1_A_9_8_1_comp1,R_1_A_9_8_1,TCDB,TCDB.1_A_9_8_1_comp1
G_3_A_1_18_2_comp1,P_3_A_1_18_2_comp1+3_A_1_18_2_comp2+3_A_1_18_2_comp3,R_3_A_1_18_2,TCDB,TCDB.3_A_1_18_2_comp1
G_3_A_1_18_2_comp2,P_3_A_1_18_2_comp1+3_A_1_18_2_comp2+3_A_1_18_2_comp3,R_3_A_1_18_2,TCDB,TCDB.3_A_1_18_2_comp2
G_3_A_1_18_2_comp3,P_3_A_1_18_2_comp1+3_A_1_18_2_comp2+3_A_1_18_2_comp3,R_3_A_1_18_2,TCDB,TCDB.3_A_1_18_2_comp3
G_1_B_14_10_4_comp1,P_1_B_14_10_4_comp1,R_1_B_14_10_4,TCDB,TCDB.1_B_14_10_4_comp1
G_3_A_1_132_10_comp1,P_3_A_1_132_10_comp1+3_A_1_132_10_comp2,R_3_A_1_132_10,TCDB,TCDB.3_A_1_132_10_comp1
G_3_A_1_132_10_comp2,P_3_A_1_132_10_comp1+3_A_1_132_10_comp2,R_3_A_1_132_10,TCDB,TCDB.3_A_1_132_10_comp2
G_3_A_1_106_11_comp1,P_3_A_1_106_11_comp1,R_3_A_1_106_11,TCDB,TCDB.3_A_1_106_11_comp1
G_3_A_1_106_12_comp1,P_3_A_1_106_12_comp1,R_3_A_1_106_12,TCDB,TCDB.3_A_1_106_12_comp1
G_2_A_52_2_6_comp1,P_2_A_52_2_6_comp1,R_2_A_52_2_6,TCDB,TCDB.2_A_52_2_6_comp1
G_3_A_1_145_2_comp1,P_3_A_1_145_2_comp1,R_3_A_1_145_2,TCDB,TCDB.3_A_1_145_2_comp1
G_5_B_7_2_1_comp1,P_5_B_7_2_1_comp1,R_5_B_7_2_1,TCDB,TCDB.5_B_7_2_1_comp1
G_3_E_1_6_3_comp1,P_3_E_1_6_3_comp1,R_3_E_1_6_3,TCDB,TCDB.3_E_1_6_3_comp1
G_1_C_75_1_6_comp1,P_1_C_75_1_6_comp1,R_1_C_75_1_6,TCDB,TCDB.1_C_75_1_6_comp1
G_1_B_20_1_9_comp1,P_1_B_20_1_9_comp1,R_1_B_20_1_9,TCDB,TCDB.1_B_20_1_9_comp1
G_1_A_2_2_3_comp1,P_1_A_2_2_3_comp1,R_1_A_2_2_3,TCDB,TCDB.1_A_2_2_3_comp1
G_1_B_12_5_8_comp1,P_1_B_12_5_8_comp1,R_1_B_12_5_8,TCDB,TCDB.1_B_12_5_8_comp1
G_1_B_14_16_2_comp1,P_1_B_14_16_2_comp1,R_1_B_14_16_2,TCDB,TCDB.1_B_14_16_2_comp1
G_9_B_126_2_2_comp1,P_9_B_126_2_2_comp1,R_9_B_126_2_2,TCDB,TCDB.9_B_126_2_2_comp1
G_3_A_1_205_22_comp1,P_3_A_1_205_22_comp1,R_3_A_1_205_22,TCDB,TCDB.3_A_1_205_22_comp1
G_3_A_1_205_23_comp1,P_3_A_1_205_23_comp1,R_3_A_1_205_23,TCDB,TCDB.3_A_1_205_23_comp1
G_1_A_3_1_3_comp1,P_1_A_3_1_3_comp1,R_1_A_3_1_3,TCDB,TCDB.1_A_3_1_3_comp1
G_1_A_2_1_15_comp1,P_1_A_2_1_15_comp1,R_1_A_2_1_15,TCDB,TCDB.1_A_2_1_15_comp1
G_2_A_1_65_3_comp1,P_2_A_1_65_3_comp1,R_2_A_1_65_3,TCDB,TCDB.2_A_1_65_3_comp1
G_8_A_96_1_2_comp1,P_8_A_96_1_2_comp1,R_8_A_96_1_2,TCDB,TCDB.8_A_96_1_2_comp1
G_2_A_1_22_3_comp1,P_2_A_1_22_3_comp1,R_2_A_1_22_3,TCDB,TCDB.2_A_1_22_3_comp1
G_1_C_105_2_1_comp1,P_1_C_105_2_1_comp1,R_1_C_105_2_1,TCDB,TCDB.1_C_105_2_1_comp1
G_1_A_38_3_1_comp1,P_1_A_38_3_1_comp1,R_1_A_38_3_1,TCDB,TCDB.1_A_38_3_1_comp1
G_1_A_110_1_2_comp1,P_1_A_110_1_2_comp1,R_1_A_110_1_2,TCDB,TCDB.1_A_110_1_2_comp1
G_2_A_7_25_1_comp1,P_2_A_7_25_1_comp1,R_2_A_7_25_1,TCDB,TCDB.2_A_7_25_1_comp1
G_1_A_110_1_4_comp1,P_1_A_110_1_4_comp1,R_1_A_110_1_4,TCDB,TCDB.1_A_110_1_4_comp1
G_1_A_110_1_3_comp1,P_1_A_110_1_3_comp1,R_1_A_110_1_3,TCDB,TCDB.1_A_110_1_3_comp1
G_2_A_57_1_5_comp1,P_2_A_57_1_5_comp1,R_2_A_57_1_5,TCDB,TCDB.2_A_57_1_5_comp1
G_8_A_186_1_1_comp1,P_8_A_186_1_1_comp1,R_8_A_186_1_1,TCDB,TCDB.8_A_186_1_1_comp1
G_9_A_14_7_10_comp1,P_9_A_14_7_10_comp1,R_9_A_14_7_10,TCDB,TCDB.9_A_14_7_10_comp1
G_9_A_14_7_5_comp1,P_9_A_14_7_5_comp1,R_9_A_14_7_5,TCDB,TCDB.9_A_14_7_5_comp1
G_2_A_1_13_12_comp1,P_2_A_1_13_12_comp1,R_2_A_1_13_12,TCDB,TCDB.2_A_1_13_12_comp1
G_2_A_1_13_17_comp1,P_2_A_1_13_17_comp1,R_2_A_1_13_17,TCDB,TCDB.2_A_1_13_17_comp1
G_2_A_1_13_16_comp1,P_2_A_1_13_16_comp1,R_2_A_1_13_16,TCDB,TCDB.2_A_1_13_16_comp1
G_2_A_1_9_2_comp1,P_2_A_1_9_2_comp1,R_2_A_1_9_2,TCDB,TCDB.2_A_1_9_2_comp1
G_2_A_7_25_6_comp1,P_2_A_7_25_6_comp1,R_2_A_7_25_6,TCDB,TCDB.2_A_7_25_6_comp1
G_8_A_111_1_3_comp1,P_8_A_111_1_3_comp1,R_8_A_111_1_3,TCDB,TCDB.8_A_111_1_3_comp1
G_2_A_52_1_8_comp1,P_2_A_52_1_8_comp1,R_2_A_52_1_8,TCDB,TCDB.2_A_52_1_8_comp1
G_1_A_77_1_5_comp1,P_1_A_77_1_5_comp1,R_1_A_77_1_5,TCDB,TCDB.1_A_77_1_5_comp1
G_9_A_27_1_6_comp1,P_9_A_27_1_6_comp1,R_9_A_27_1_6,TCDB,TCDB.9_A_27_1_6_comp1
G_1_A_43_2_6_comp1,P_1_A_43_2_6_comp1,R_1_A_43_2_6,TCDB,TCDB.1_A_43_2_6_comp1
G_5_B_2_3_4_comp1,P_5_B_2_3_4_comp1,R_5_B_2_3_4,TCDB,TCDB.5_B_2_3_4_comp1
G_2_A_1_1_82_comp1,P_2_A_1_1_82_comp1,R_2_A_1_1_82,TCDB,TCDB.2_A_1_1_82_comp1
G_2_A_1_1_83_comp1,P_2_A_1_1_83_comp1,R_2_A_1_1_83,TCDB,TCDB.2_A_1_1_83_comp1
G_2_A_21_6_5_comp1,P_2_A_21_6_5_comp1,R_2_A_21_6_5,TCDB,TCDB.2_A_21_6_5_comp1
G_8_A_52_1_5_comp1,P_8_A_52_1_5_comp1,R_8_A_52_1_5,TCDB,TCDB.8_A_52_1_5_comp1
G_5_A_3_6_1_comp1,P_5_A_3_6_1_comp1+5_A_3_6_1_comp2,R_5_A_3_6_1,TCDB,TCDB.5_A_3_6_1_comp1
G_5_A_3_6_1_comp2,P_5_A_3_6_1_comp1+5_A_3_6_1_comp2,R_5_A_3_6_1,TCDB,TCDB.5_A_3_6_1_comp2
G_2_A_1_7_15_comp1,P_2_A_1_7_15_comp1,R_2_A_1_7_15,TCDB,TCDB.2_A_1_7_15_comp1
G_1_C_39_14_4_comp1,P_1_C_39_14_4_comp1,R_1_C_39_14_4,TCDB,TCDB.1_C_39_14_4_comp1
G_3_A_3_10_2_comp1,P_3_A_3_10_2_comp1,R_3_A_3_10_2,TCDB,TCDB.3_A_3_10_2_comp1
G_1_A_114_1_2_comp1,P_1_A_114_1_2_comp1,R_1_A_114_1_2,TCDB,TCDB.1_A_114_1_2_comp1
G_1_A_4_7_1_comp1,P_1_A_4_7_1_comp1,R_1_A_4_7_1,TCDB,TCDB.1_A_4_7_1_comp1
G_8_B_9_1_2_comp1,P_8_B_9_1_2_comp1,R_8_B_9_1_2,TCDB,TCDB.8_B_9_1_2_comp1
G_2_A_21_5_4_comp1,P_2_A_21_5_4_comp1,R_2_A_21_5_4,TCDB,TCDB.2_A_21_5_4_comp1
G_1_C_99_1_1_comp1,P_1_C_99_1_1_comp1,R_1_C_99_1_1,TCDB,TCDB.1_C_99_1_1_comp1
G_8_A_72_1_2_comp1,P_8_A_72_1_2_comp1,R_8_A_72_1_2,TCDB,TCDB.8_A_72_1_2_comp1
G_1_A_4_5_12_comp1,P_1_A_4_5_12_comp1,R_1_A_4_5_12,TCDB,TCDB.1_A_4_5_12_comp1
G_1_A_17_4_2_comp1,P_1_A_17_4_2_comp1,R_1_A_17_4_2,TCDB,TCDB.1_A_17_4_2_comp1
G_1_C_85_1_4_comp1,P_1_C_85_1_4_comp1,R_1_C_85_1_4,TCDB,TCDB.1_C_85_1_4_comp1
G_1_A_17_4_12_comp1,P_1_A_17_4_12_comp1,R_1_A_17_4_12,TCDB,TCDB.1_A_17_4_12_comp1
G_2_A_116_2_2_comp1,P_2_A_116_2_2_comp1,R_2_A_116_2_2,TCDB,TCDB.2_A_116_2_2_comp1
G_3_A_3_24_1_comp1,P_3_A_3_24_1_comp1,R_3_A_3_24_1,TCDB,TCDB.3_A_3_24_1_comp1
G_2_A_53_3_2_comp1,P_2_A_53_3_2_comp1,R_2_A_53_3_2,TCDB,TCDB.2_A_53_3_2_comp1
G_1_B_75_3_1_comp1,P_1_B_75_3_1_comp1,R_1_B_75_3_1,TCDB,TCDB.1_B_75_3_1_comp1
G_3_A_1_105_8_comp1,P_3_A_1_105_8_comp1+3_A_1_105_8_comp2,R_3_A_1_105_8,TCDB,TCDB.3_A_1_105_8_comp1
G_3_A_1_105_8_comp2,P_3_A_1_105_8_comp1+3_A_1_105_8_comp2,R_3_A_1_105_8,TCDB,TCDB.3_A_1_105_8_comp2
G_9_B_147_1_1_comp1,P_9_B_147_1_1_comp1,R_9_B_147_1_1,TCDB,TCDB.9_B_147_1_1_comp1
G_9_B_105_1_4_comp1,P_9_B_105_1_4_comp1,R_9_B_105_1_4,TCDB,TCDB.9_B_105_1_4_comp1
G_2_A_6_7_6_comp1,P_2_A_6_7_6_comp1,R_2_A_6_7_6,TCDB,TCDB.2_A_6_7_6_comp1
G_1_B_66_1_1_comp1,P_1_B_66_1_1_comp1,R_1_B_66_1_1,TCDB,TCDB.1_B_66_1_1_comp1
G_1_B_16_2_8_comp1,P_1_B_16_2_8_comp1,R_1_B_16_2_8,TCDB,TCDB.1_B_16_2_8_comp1
G_2_A_113_1_6_comp1,P_2_A_113_1_6_comp1,R_2_A_113_1_6,TCDB,TCDB.2_A_113_1_6_comp1
G_9_A_47_2_1_comp1,P_9_A_47_2_1_comp1+9_A_47_2_1_comp2+9_A_47_2_1_comp3,R_9_A_47_2_1,TCDB,TCDB.9_A_47_2_1_comp1
G_9_A_47_2_1_comp2,P_9_A_47_2_1_comp1+9_A_47_2_1_comp2+9_A_47_2_1_comp3,R_9_A_47_2_1,TCDB,TCDB.9_A_47_2_1_comp2
G_9_A_47_2_1_comp3,P_9_A_47_2_1_comp1+9_A_47_2_1_comp2+9_A_47_2_1_comp3,R_9_A_47_2_1,TCDB,TCDB.9_A_47_2_1_comp3
G_2_A_109_2_1_comp1,P_2_A_109_2_1_comp1,R_2_A_109_2_1,TCDB,TCDB.2_A_109_2_1_comp1
G_9_B_136_3_1_comp1,P_9_B_136_3_1_comp1,R_9_B_136_3_1,TCDB,TCDB.9_B_136_3_1_comp1
G_9_B_144_1_1_comp1,P_9_B_144_1_1_comp1,R_9_B_144_1_1,TCDB,TCDB.9_B_144_1_1_comp1
G_9_B_142_9_1_comp1,P_9_B_142_9_1_comp1,R_9_B_142_9_1,TCDB,TCDB.9_B_142_9_1_comp1
G_9_B_104_5_1_comp1,P_9_B_104_5_1_comp1,R_9_B_104_5_1,TCDB,TCDB.9_B_104_5_1_comp1
G_1_B_19_1_7_comp1,P_1_B_19_1_7_comp1,R_1_B_19_1_7,TCDB,TCDB.1_B_19_1_7_comp1
G_9_B_163_3_2_comp1,P_9_B_163_3_2_comp1,R_9_B_163_3_2,TCDB,TCDB.9_B_163_3_2_comp1
G_9_B_147_2_1_comp1,P_9_B_147_2_1_comp1,R_9_B_147_2_1,TCDB,TCDB.9_B_147_2_1_comp1
G_9_B_27_4_1_comp1,P_9_B_27_4_1_comp1,R_9_B_27_4_1,TCDB,TCDB.9_B_27_4_1_comp1
G_2_A_7_3_46_comp1,P_2_A_7_3_46_comp1,R_2_A_7_3_46,TCDB,TCDB.2_A_7_3_46_comp1
G_9_B_146_1_1_comp1,P_9_B_146_1_1_comp1,R_9_B_146_1_1,TCDB,TCDB.9_B_146_1_1_comp1
G_3_A_1_115_2_comp1,P_3_A_1_115_2_comp1+3_A_1_115_2_comp2,R_3_A_1_115_2,TCDB,TCDB.3_A_1_115_2_comp1
G_3_A_1_115_2_comp2,P_3_A_1_115_2_comp1+3_A_1_115_2_comp2,R_3_A_1_115_2,TCDB,TCDB.3_A_1_115_2_comp2
G_2_A_102_2_3_comp1,P_2_A_102_2_3_comp1,R_2_A_102_2_3,TCDB,TCDB.2_A_102_2_3_comp1
G_2_A_109_2_2_comp1,P_2_A_109_2_2_comp1,R_2_A_109_2_2,TCDB,TCDB.2_A_109_2_2_comp1
G_2_A_7_30_1_comp1,P_2_A_7_30_1_comp1,R_2_A_7_30_1,TCDB,TCDB.2_A_7_30_1_comp1
G_9_B_62_3_5_comp1,P_9_B_62_3_5_comp1,R_9_B_62_3_5,TCDB,TCDB.9_B_62_3_5_comp1
G_9_B_27_1_4_comp1,P_9_B_27_1_4_comp1,R_9_B_27_1_4,TCDB,TCDB.9_B_27_1_4_comp1
G_9_B_163_1_1_comp1,P_9_B_163_1_1_comp1,R_9_B_163_1_1,TCDB,TCDB.9_B_163_1_1_comp1
G_1_B_5_1_3_comp1,P_1_B_5_1_3_comp1,R_1_B_5_1_3,TCDB,TCDB.1_B_5_1_3_comp1
G_2_A_1_77_1_comp1,P_2_A_1_77_1_comp1,R_2_A_1_77_1,TCDB,TCDB.2_A_1_77_1_comp1
G_1_A_14_3_7_comp1,P_1_A_14_3_7_comp1,R_1_A_14_3_7,TCDB,TCDB.1_A_14_3_7_comp1
G_1_B_77_1_2_comp1,P_1_B_77_1_2_comp1,R_1_B_77_1_2,TCDB,TCDB.1_B_77_1_2_comp1
G_2_A_7_3_70_comp1,P_2_A_7_3_70_comp1,R_2_A_7_3_70,TCDB,TCDB.2_A_7_3_70_comp1
G_9_B_145_1_1_comp1,P_9_B_145_1_1_comp1,R_9_B_145_1_1,TCDB,TCDB.9_B_145_1_1_comp1
G_3_A_1_132_7_comp1,P_3_A_1_132_7_comp1,R_3_A_1_132_7,TCDB,TCDB.3_A_1_132_7_comp1
G_9_B_148_2_1_comp1,P_9_B_148_2_1_comp1,R_9_B_148_2_1,TCDB,TCDB.9_B_148_2_1_comp1
G_2_A_7_3_45_comp1,P_2_A_7_3_45_comp1,R_2_A_7_3_45,TCDB,TCDB.2_A_7_3_45_comp1
G_9_B_153_1_1_comp1,P_9_B_153_1_1_comp1,R_9_B_153_1_1,TCDB,TCDB.9_B_153_1_1_comp1
G_1_B_5_1_10_comp1,P_1_B_5_1_10_comp1,R_1_B_5_1_10,TCDB,TCDB.1_B_5_1_10_comp1
G_8_A_1_6_4_comp1,P_8_A_1_6_4_comp1,R_8_A_1_6_4,TCDB,TCDB.8_A_1_6_4_comp1
G_1_E_34_3_1_comp1,P_1_E_34_3_1_comp1,R_1_E_34_3_1,TCDB,TCDB.1_E_34_3_1_comp1
G_2_A_7_28_11_comp1,P_2_A_7_28_11_comp1,R_2_A_7_28_11,TCDB,TCDB.2_A_7_28_11_comp1
G_9_B_104_3_1_comp1,P_9_B_104_3_1_comp1,R_9_B_104_3_1,TCDB,TCDB.9_B_104_3_1_comp1
G_1_B_75_3_2_comp1,P_1_B_75_3_2_comp1,R_1_B_75_3_2,TCDB,TCDB.1_B_75_3_2_comp1
G_9_B_14_3_2_comp1,P_9_B_14_3_2_comp1,R_9_B_14_3_2,TCDB,TCDB.9_B_14_3_2_comp1
G_1_B_1_11_1_comp1,P_1_B_1_11_1_comp1,R_1_B_1_11_1,TCDB,TCDB.1_B_1_11_1_comp1
G_1_B_27_2_2_comp1,P_1_B_27_2_2_comp1,R_1_B_27_2_2,TCDB,TCDB.1_B_27_2_2_comp1
G_9_B_14_3_1_comp1,P_9_B_14_3_1_comp1,R_9_B_14_3_1,TCDB,TCDB.9_B_14_3_1_comp1
G_1_B_27_2_1_comp1,P_1_B_27_2_1_comp1,R_1_B_27_2_1,TCDB,TCDB.1_B_27_2_1_comp1
G_1_B_14_1_25_comp1,P_1_B_14_1_25_comp1,R_1_B_14_1_25,TCDB,TCDB.1_B_14_1_25_comp1
G_8_A_79_1_2_comp1,P_8_A_79_1_2_comp1,R_8_A_79_1_2,TCDB,TCDB.8_A_79_1_2_comp1
G_9_B_159_6_3_comp1,P_9_B_159_6_3_comp1,R_9_B_159_6_3,TCDB,TCDB.9_B_159_6_3_comp1
G_1_B_14_2_8_comp1,P_1_B_14_2_8_comp1,R_1_B_14_2_8,TCDB,TCDB.1_B_14_2_8_comp1
G_3_A_1_14_20_comp1,P_3_A_1_14_20_comp1+3_A_1_14_20_comp2+3_A_1_14_20_comp3,R_3_A_1_14_20,TCDB,TCDB.3_A_1_14_20_comp1
G_3_A_1_14_20_comp2,P_3_A_1_14_20_comp1+3_A_1_14_20_comp2+3_A_1_14_20_comp3,R_3_A_1_14_20,TCDB,TCDB.3_A_1_14_20_comp2
G_3_A_1_14_20_comp3,P_3_A_1_14_20_comp1+3_A_1_14_20_comp2+3_A_1_14_20_comp3,R_3_A_1_14_20,TCDB,TCDB.3_A_1_14_20_comp3
G_2_A_1_2_27_comp1,P_2_A_1_2_27_comp1,R_2_A_1_2_27,TCDB,TCDB.2_A_1_2_27_comp1
G_2_A_1_34_1_comp1,P_2_A_1_34_1_comp1,R_2_A_1_34_1,TCDB,TCDB.2_A_1_34_1_comp1
G_1_B_12_5_7_comp1,P_1_B_12_5_7_comp1,R_1_B_12_5_7,TCDB,TCDB.1_B_12_5_7_comp1
G_1_A_43_1_17_comp1,P_1_A_43_1_17_comp1,R_1_A_43_1_17,TCDB,TCDB.1_A_43_1_17_comp1
G_1_B_12_9_2_comp1,P_1_B_12_9_2_comp1,R_1_B_12_9_2,TCDB,TCDB.1_B_12_9_2_comp1
G_2_A_1_46_1_comp1,P_2_A_1_46_1_comp1,R_2_A_1_46_1,TCDB,TCDB.2_A_1_46_1_comp1
G_1_B_54_1_5_comp1,P_1_B_54_1_5_comp1,R_1_B_54_1_5,TCDB,TCDB.1_B_54_1_5_comp1
G_1_B_1_4_9_comp1,P_1_B_1_4_9_comp1,R_1_B_1_4_9,TCDB,TCDB.1_B_1_4_9_comp1
G_1_E_25_1_3_comp1,P_1_E_25_1_3_comp1,R_1_E_25_1_3,TCDB,TCDB.1_E_25_1_3_comp1
G_5_A_3_10_1_comp1,P_5_A_3_10_1_comp1+5_A_3_10_1_comp2+5_A_3_10_1_comp3,R_5_A_3_10_1,TCDB,TCDB.5_A_3_10_1_comp1
G_5_A_3_10_1_comp2,P_5_A_3_10_1_comp1+5_A_3_10_1_comp2+5_A_3_10_1_comp3,R_5_A_3_10_1,TCDB,TCDB.5_A_3_10_1_comp2
G_5_A_3_10_1_comp3,P_5_A_3_10_1_comp1+5_A_3_10_1_comp2+5_A_3_10_1_comp3,R_5_A_3_10_1,TCDB,TCDB.5_A_3_10_1_comp3
G_5_B_1_3_2_comp1,P_5_B_1_3_2_comp1,R_5_B_1_3_2,TCDB,TCDB.5_B_1_3_2_comp1
G_3_A_1_1_20_comp1,P_3_A_1_1_20_comp1+3_A_1_1_20_comp2+3_A_1_1_20_comp3+3_A_1_1_20_comp4,R_3_A_1_1_20,TCDB,TCDB.3_A_1_1_20_comp1
G_3_A_1_1_20_comp2,P_3_A_1_1_20_comp1+3_A_1_1_20_comp2+3_A_1_1_20_comp3+3_A_1_1_20_comp4,R_3_A_1_1_20,TCDB,TCDB.3_A_1_1_20_comp2
G_3_A_1_1_20_comp3,P_3_A_1_1_20_comp1+3_A_1_1_20_comp2+3_A_1_1_20_comp3+3_A_1_1_20_comp4,R_3_A_1_1_20,TCDB,TCDB.3_A_1_1_20_comp3
G_3_A_1_1_20_comp4,P_3_A_1_1_20_comp1+3_A_1_1_20_comp2+3_A_1_1_20_comp3+3_A_1_1_20_comp4,R_3_A_1_1_20,TCDB,TCDB.3_A_1_1_20_comp4
G_2_A_66_1_37_comp1,P_2_A_66_1_37_comp1,R_2_A_66_1_37,TCDB,TCDB.2_A_66_1_37_comp1
G_1_C_4_4_4_comp1,P_1_C_4_4_4_comp1,R_1_C_4_4_4,TCDB,TCDB.1_C_4_4_4_comp1
G_1_B_1_4_3_comp1,P_1_B_1_4_3_comp1,R_1_B_1_4_3,TCDB,TCDB.1_B_1_4_3_comp1
G_2_A_1_6_8_comp1,P_2_A_1_6_8_comp1,R_2_A_1_6_8,TCDB,TCDB.2_A_1_6_8_comp1
G_8_A_112_1_6_comp1,P_8_A_112_1_6_comp1,R_8_A_112_1_6,TCDB,TCDB.8_A_112_1_6_comp1
G_2_A_21_6_3_comp1,P_2_A_21_6_3_comp1,R_2_A_21_6_3,TCDB,TCDB.2_A_21_6_3_comp1
G_2_A_122_2_3_comp1,P_2_A_122_2_3_comp1,R_2_A_122_2_3,TCDB,TCDB.2_A_122_2_3_comp1
G_2_A_38_3_5_comp1,P_2_A_38_3_5_comp1,R_2_A_38_3_5,TCDB,TCDB.2_A_38_3_5_comp1
G_2_A_36_5_7_comp1,P_2_A_36_5_7_comp1,R_2_A_36_5_7,TCDB,TCDB.2_A_36_5_7_comp1
G_8_A_52_1_7_comp1,P_8_A_52_1_7_comp1,R_8_A_52_1_7,TCDB,TCDB.8_A_52_1_7_comp1
G_3_A_3_5_12_comp1,P_3_A_3_5_12_comp1,R_3_A_3_5_12,TCDB,TCDB.3_A_3_5_12_comp1
G_1_E_61_1_1_comp1,P_1_E_61_1_1_comp1,R_1_E_61_1_1,TCDB,TCDB.1_E_61_1_1_comp1
G_1_E_28_1_1_comp1,P_1_E_28_1_1_comp1,R_1_E_28_1_1,TCDB,TCDB.1_E_28_1_1_comp1
G_1_A_44_1_1_comp1,P_1_A_44_1_1_comp1,R_1_A_44_1_1,TCDB,TCDB.1_A_44_1_1_comp1
G_2_A_1_14_15_comp1,P_2_A_1_14_15_comp1,R_2_A_1_14_15,TCDB,TCDB.2_A_1_14_15_comp1
G_3_A_1_208_30_comp1,P_3_A_1_208_30_comp1,R_3_A_1_208_30,TCDB,TCDB.3_A_1_208_30_comp1
G_8_B_3_1_9_comp1,P_8_B_3_1_9_comp1,R_8_B_3_1_9,TCDB,TCDB.8_B_3_1_9_comp1
G_2_A_110_1_5_comp1,P_2_A_110_1_5_comp1,R_2_A_110_1_5,TCDB,TCDB.2_A_110_1_5_comp1
G_9_B_61_1_1_comp1,P_9_B_61_1_1_comp1,R_9_B_61_1_1,TCDB,TCDB.9_B_61_1_1_comp1
G_2_A_20_2_5_comp1,P_2_A_20_2_5_comp1,R_2_A_20_2_5,TCDB,TCDB.2_A_20_2_5_comp1
G_1_A_10_1_22_comp1,P_1_A_10_1_22_comp1,R_1_A_10_1_22,TCDB,TCDB.1_A_10_1_22_comp1
G_1_C_114_1_5_comp1,P_1_C_114_1_5_comp1,R_1_C_114_1_5,TCDB,TCDB.1_C_114_1_5_comp1
G_1_A_1_11_28_comp1,P_1_A_1_11_28_comp1,R_1_A_1_11_28,TCDB,TCDB.1_A_1_11_28_comp1
G_8_B_21_1_8_comp1,P_8_B_21_1_8_comp1,R_8_B_21_1_8,TCDB,TCDB.8_B_21_1_8_comp1
G_1_A_4_6_2_comp1,P_1_A_4_6_2_comp1,R_1_A_4_6_2,TCDB,TCDB.1_A_4_6_2_comp1
G_1_A_1_5_34_comp1,P_1_A_1_5_34_comp1,R_1_A_1_5_34,TCDB,TCDB.1_A_1_5_34_comp1
G_1_A_5_2_3_comp1,P_1_A_5_2_3_comp1,R_1_A_5_2_3,TCDB,TCDB.1_A_5_2_3_comp1
G_2_A_18_8_7_comp1,P_2_A_18_8_7_comp1,R_2_A_18_8_7,TCDB,TCDB.2_A_18_8_7_comp1
G_1_A_4_5_7_comp1,P_1_A_4_5_7_comp1,R_1_A_4_5_7,TCDB,TCDB.1_A_4_5_7_comp1
G_2_A_69_3_8_comp1,P_2_A_69_3_8_comp1,R_2_A_69_3_8,TCDB,TCDB.2_A_69_3_8_comp1
G_2_A_1_50_3_comp1,P_2_A_1_50_3_comp1,R_2_A_1_50_3,TCDB,TCDB.2_A_1_50_3_comp1
G_8_A_18_3_2_comp1,P_8_A_18_3_2_comp1,R_8_A_18_3_2,TCDB,TCDB.8_A_18_3_2_comp1
G_8_A_136_1_13_comp1,P_8_A_136_1_13_comp1,R_8_A_136_1_13,TCDB,TCDB.8_A_136_1_13_comp1
G_1_A_17_4_10_comp1,P_1_A_17_4_10_comp1,R_1_A_17_4_10,TCDB,TCDB.1_A_17_4_10_comp1
G_1_A_17_4_14_comp1,P_1_A_17_4_14_comp1,R_1_A_17_4_14,TCDB,TCDB.1_A_17_4_14_comp1
G_1_A_14_3_14_comp1,P_1_A_14_3_14_comp1,R_1_A_14_3_14,TCDB,TCDB.1_A_14_3_14_comp1
G_1_A_5_1_8_comp1,P_1_A_5_1_8_comp1,R_1_A_5_1_8,TCDB,TCDB.1_A_5_1_8_comp1
G_1_A_5_1_2_comp1,P_1_A_5_1_2_comp1,R_1_A_5_1_2,TCDB,TCDB.1_A_5_1_2_comp1
G_1_A_4_5_2_comp1,P_1_A_4_5_2_comp1,R_1_A_4_5_2,TCDB,TCDB.1_A_4_5_2_comp1
G_8_A_71_1_1_comp1,P_8_A_71_1_1_comp1,R_8_A_71_1_1,TCDB,TCDB.8_A_71_1_1_comp1
G_8_A_114_1_5_comp1,P_8_A_114_1_5_comp1+8_A_114_1_5_comp2,R_8_A_114_1_5,TCDB,TCDB.8_A_114_1_5_comp1
G_8_A_114_1_5_comp2,P_8_A_114_1_5_comp1+8_A_114_1_5_comp2,R_8_A_114_1_5,TCDB,TCDB.8_A_114_1_5_comp2
G_8_A_94_1_6_comp1,P_8_A_94_1_6_comp1,R_8_A_94_1_6,TCDB,TCDB.8_A_94_1_6_comp1
G_2_A_7_8_3_comp1,P_2_A_7_8_3_comp1,R_2_A_7_8_3,TCDB,TCDB.2_A_7_8_3_comp1
G_8_A_58_2_1_comp1,P_8_A_58_2_1_comp1,R_8_A_58_2_1,TCDB,TCDB.8_A_58_2_1_comp1
G_2_A_7_9_15_comp1,P_2_A_7_9_15_comp1,R_2_A_7_9_15,TCDB,TCDB.2_A_7_9_15_comp1
G_1_R_2_1_4_comp1,P_1_R_2_1_4_comp1,R_1_R_2_1_4,TCDB,TCDB.1_R_2_1_4_comp1
G_1_A_82_1_7_comp1,P_1_A_82_1_7_comp1,R_1_A_82_1_7,TCDB,TCDB.1_A_82_1_7_comp1
G_9_B_201_1_2_comp1,P_9_B_201_1_2_comp1,R_9_B_201_1_2,TCDB,TCDB.9_B_201_1_2_comp1
G_2_A_40_7_1_comp1,P_2_A_40_7_1_comp1,R_2_A_40_7_1,TCDB,TCDB.2_A_40_7_1_comp1
G_1_C_4_4_3_comp1,P_1_C_4_4_3_comp1,R_1_C_4_4_3,TCDB,TCDB.1_C_4_4_3_comp1
G_2_A_1_2_108_comp1,P_2_A_1_2_108_comp1,R_2_A_1_2_108,TCDB,TCDB.2_A_1_2_108_comp1
G_1_G_9_2_5_comp1,P_1_G_9_2_5_comp1,R_1_G_9_2_5,TCDB,TCDB.1_G_9_2_5_comp1
G_1_A_25_2_4_comp1,P_1_A_25_2_4_comp1,R_1_A_25_2_4,TCDB,TCDB.1_A_25_2_4_comp1
G_1_A_76_1_3_comp1,P_1_A_76_1_3_comp1,R_1_A_76_1_3,TCDB,TCDB.1_A_76_1_3_comp1
G_1_A_110_1_5_comp1,P_1_A_110_1_5_comp1,R_1_A_110_1_5,TCDB,TCDB.1_A_110_1_5_comp1
G_8_A_91_1_3_comp1,P_8_A_91_1_3_comp1,R_8_A_91_1_3,TCDB,TCDB.8_A_91_1_3_comp1
G_1_C_52_1_14_comp1,P_1_C_52_1_14_comp1,R_1_C_52_1_14,TCDB,TCDB.1_C_52_1_14_comp1
G_1_C_52_1_9_comp1,P_1_C_52_1_9_comp1,R_1_C_52_1_9,TCDB,TCDB.1_C_52_1_9_comp1
G_1_C_52_1_10_comp1,P_1_C_52_1_10_comp1,R_1_C_52_1_10,TCDB,TCDB.1_C_52_1_10_comp1
G_1_G_13_1_1_comp1,P_1_G_13_1_1_comp1,R_1_G_13_1_1,TCDB,TCDB.1_G_13_1_1_comp1
G_1_A_90_1_3_comp1,P_1_A_90_1_3_comp1,R_1_A_90_1_3,TCDB,TCDB.1_A_90_1_3_comp1
G_8_B_25_2_3_comp1,P_8_B_25_2_3_comp1,R_8_B_25_2_3,TCDB,TCDB.8_B_25_2_3_comp1
G_2_A_1_7_4_comp1,P_2_A_1_7_4_comp1,R_2_A_1_7_4,TCDB,TCDB.2_A_1_7_4_comp1
G_2_A_1_19_16_comp1,P_2_A_1_19_16_comp1,R_2_A_1_19_16,TCDB,TCDB.2_A_1_19_16_comp1
G_1_A_110_1_1_comp1,P_1_A_110_1_1_comp1,R_1_A_110_1_1,TCDB,TCDB.1_A_110_1_1_comp1
G_8_A_23_1_16_comp1,P_8_A_23_1_16_comp1,R_8_A_23_1_16,TCDB,TCDB.8_A_23_1_16_comp1
G_1_A_5_2_2_comp1,P_1_A_5_2_2_comp1,R_1_A_5_2_2,TCDB,TCDB.1_A_5_2_2_comp1
G_1_A_29_1_6_comp1,P_1_A_29_1_6_comp1,R_1_A_29_1_6,TCDB,TCDB.1_A_29_1_6_comp1
G_1_C_12_1_3_comp1,P_1_C_12_1_3_comp1,R_1_C_12_1_3,TCDB,TCDB.1_C_12_1_3_comp1
G_2_A_45_3_1_comp1,P_2_A_45_3_1_comp1,R_2_A_45_3_1,TCDB,TCDB.2_A_45_3_1_comp1
G_2_A_1_26_3_comp1,P_2_A_1_26_3_comp1,R_2_A_1_26_3,TCDB,TCDB.2_A_1_26_3_comp1
G_2_A_8_1_14_comp1,P_2_A_8_1_14_comp1,R_2_A_8_1_14,TCDB,TCDB.2_A_8_1_14_comp1
G_1_A_1_21_1_comp1,P_1_A_1_21_1_comp1,R_1_A_1_21_1,TCDB,TCDB.1_A_1_21_1_comp1
G_9_B_33_1_1_comp1,P_9_B_33_1_1_comp1,R_9_B_33_1_1,TCDB,TCDB.9_B_33_1_1_comp1
G_9_A_4_2_1_comp1,P_9_A_4_2_1_comp1,R_9_A_4_2_1,TCDB,TCDB.9_A_4_2_1_comp1
G_2_A_111_2_2_comp1,P_2_A_111_2_2_comp1,R_2_A_111_2_2,TCDB,TCDB.2_A_111_2_2_comp1
G_9_B_159_9_3_comp1,P_9_B_159_9_3_comp1,R_9_B_159_9_3,TCDB,TCDB.9_B_159_9_3_comp1
G_9_B_159_9_2_comp1,P_9_B_159_9_2_comp1,R_9_B_159_9_2,TCDB,TCDB.9_B_159_9_2_comp1
G_9_B_159_7_1_comp1,P_9_B_159_7_1_comp1,R_9_B_159_7_1,TCDB,TCDB.9_B_159_7_1_comp1
G_9_B_159_11_1_comp1,P_9_B_159_11_1_comp1,R_9_B_159_11_1,TCDB,TCDB.9_B_159_11_1_comp1
G_1_G_9_2_2_comp1,P_1_G_9_2_2_comp1,R_1_G_9_2_2,TCDB,TCDB.1_G_9_2_2_comp1
G_1_A_77_5_2_comp1,P_1_A_77_5_2_comp1,R_1_A_77_5_2,TCDB,TCDB.1_A_77_5_2_comp1
G_9_B_122_2_1_comp1,P_9_B_122_2_1_comp1,R_9_B_122_2_1,TCDB,TCDB.9_B_122_2_1_comp1
G_1_B_14_1_10_comp1,P_1_B_14_1_10_comp1,R_1_B_14_1_10,TCDB,TCDB.1_B_14_1_10_comp1
G_3_A_1_10_4_comp1,P_3_A_1_10_4_comp1+3_A_1_10_4_comp2+3_A_1_10_4_comp3,R_3_A_1_10_4,TCDB,TCDB.3_A_1_10_4_comp1
G_3_A_1_10_4_comp2,P_3_A_1_10_4_comp1+3_A_1_10_4_comp2+3_A_1_10_4_comp3,R_3_A_1_10_4,TCDB,TCDB.3_A_1_10_4_comp2
G_3_A_1_10_4_comp3,P_3_A_1_10_4_comp1+3_A_1_10_4_comp2+3_A_1_10_4_comp3,R_3_A_1_10_4,TCDB,TCDB.3_A_1_10_4_comp3
G_1_A_11_4_4_comp1,P_1_A_11_4_4_comp1,R_1_A_11_4_4,TCDB,TCDB.1_A_11_4_4_comp1
G_4_A_6_1_8_comp1,P_4_A_6_1_8_comp1+4_A_6_1_8_comp2+4_A_6_1_8_comp3+4_A_6_1_8_comp4,R_4_A_6_1_8,TCDB,TCDB.4_A_6_1_8_comp1
G_4_A_6_1_8_comp2,P_4_A_6_1_8_comp1+4_A_6_1_8_comp2+4_A_6_1_8_comp3+4_A_6_1_8_comp4,R_4_A_6_1_8,TCDB,TCDB.4_A_6_1_8_comp2
G_4_A_6_1_8_comp3,P_4_A_6_1_8_comp1+4_A_6_1_8_comp2+4_A_6_1_8_comp3+4_A_6_1_8_comp4,R_4_A_6_1_8,TCDB,TCDB.4_A_6_1_8_comp3
G_4_A_6_1_8_comp4,P_4_A_6_1_8_comp1+4_A_6_1_8_comp2+4_A_6_1_8_comp3+4_A_6_1_8_comp4,R_4_A_6_1_8,TCDB,TCDB.4_A_6_1_8_comp4
G_1_E_24_1_2_comp1,P_1_E_24_1_2_comp1,R_1_E_24_1_2,TCDB,TCDB.1_E_24_1_2_comp1
G_3_A_1_26_7_comp1,P_3_A_1_26_7_comp1+3_A_1_26_7_comp2+3_A_1_26_7_comp3+3_A_1_26_7_comp4,R_3_A_1_26_7,TCDB,TCDB.3_A_1_26_7_comp1
G_3_A_1_26_7_comp2,P_3_A_1_26_7_comp1+3_A_1_26_7_comp2+3_A_1_26_7_comp3+3_A_1_26_7_comp4,R_3_A_1_26_7,TCDB,TCDB.3_A_1_26_7_comp2
G_3_A_1_26_7_comp3,P_3_A_1_26_7_comp1+3_A_1_26_7_comp2+3_A_1_26_7_comp3+3_A_1_26_7_comp4,R_3_A_1_26_7,TCDB,TCDB.3_A_1_26_7_comp3
G_3_A_1_26_7_comp4,P_3_A_1_26_7_comp1+3_A_1_26_7_comp2+3_A_1_26_7_comp3+3_A_1_26_7_comp4,R_3_A_1_26_7,TCDB,TCDB.3_A_1_26_7_comp4
G_3_A_3_25_3_comp1,P_3_A_3_25_3_comp1,R_3_A_3_25_3,TCDB,TCDB.3_A_3_25_3_comp1
G_3_A_1_135_9_comp1,P_3_A_1_135_9_comp1+3_A_1_135_9_comp2,R_3_A_1_135_9,TCDB,TCDB.3_A_1_135_9_comp1
G_3_A_1_135_9_comp2,P_3_A_1_135_9_comp1+3_A_1_135_9_comp2,R_3_A_1_135_9,TCDB,TCDB.3_A_1_135_9_comp2
G_3_A_3_23_2_comp1,P_3_A_3_23_2_comp1,R_3_A_3_23_2,TCDB,TCDB.3_A_3_23_2_comp1
G_3_A_1_135_8_comp1,P_3_A_1_135_8_comp1+3_A_1_135_8_comp2,R_3_A_1_135_8,TCDB,TCDB.3_A_1_135_8_comp1
G_3_A_1_135_8_comp2,P_3_A_1_135_8_comp1+3_A_1_135_8_comp2,R_3_A_1_135_8,TCDB,TCDB.3_A_1_135_8_comp2
G_4_B_1_1_6_comp1,P_4_B_1_1_6_comp1,R_4_B_1_1_6,TCDB,TCDB.4_B_1_1_6_comp1
G_2_A_35_1_3_comp1,P_2_A_35_1_3_comp1,R_2_A_35_1_3,TCDB,TCDB.2_A_35_1_3_comp1
G_2_A_35_2_5_comp1,P_2_A_35_2_5_comp1,R_2_A_35_2_5,TCDB,TCDB.2_A_35_2_5_comp1
G_1_B_43_1_1_comp1,P_1_B_43_1_1_comp1,R_1_B_43_1_1,TCDB,TCDB.1_B_43_1_1_comp1
G_2_A_103_1_7_comp1,P_2_A_103_1_7_comp1,R_2_A_103_1_7,TCDB,TCDB.2_A_103_1_7_comp1
G_2_A_1_46_2_comp1,P_2_A_1_46_2_comp1,R_2_A_1_46_2,TCDB,TCDB.2_A_1_46_2_comp1
G_1_C_31_1_3_comp1,P_1_C_31_1_3_comp1,R_1_C_31_1_3,TCDB,TCDB.1_C_31_1_3_comp1
G_3_E_2_1_3_comp1,P_3_E_2_1_3_comp1+3_E_2_1_3_comp2+3_E_2_1_3_comp3+3_E_2_1_3_comp4,R_3_E_2_1_3,TCDB,TCDB.3_E_2_1_3_comp1
G_3_E_2_1_3_comp2,P_3_E_2_1_3_comp1+3_E_2_1_3_comp2+3_E_2_1_3_comp3+3_E_2_1_3_comp4,R_3_E_2_1_3,TCDB,TCDB.3_E_2_1_3_comp2
G_3_E_2_1_3_comp3,P_3_E_2_1_3_comp1+3_E_2_1_3_comp2+3_E_2_1_3_comp3+3_E_2_1_3_comp4,R_3_E_2_1_3,TCDB,TCDB.3_E_2_1_3_comp3
G_3_E_2_1_3_comp4,P_3_E_2_1_3_comp1+3_E_2_1_3_comp2+3_E_2_1_3_comp3+3_E_2_1_3_comp4,R_3_E_2_1_3,TCDB,TCDB.3_E_2_1_3_comp4
G_9_B_325_1_1_comp1,P_9_B_325_1_1_comp1+9_B_325_1_1_comp2,R_9_B_325_1_1,TCDB,TCDB.9_B_325_1_1_comp1
G_9_B_325_1_1_comp2,P_9_B_325_1_1_comp1+9_B_325_1_1_comp2,R_9_B_325_1_1,TCDB,TCDB.9_B_325_1_1_comp2
G_2_A_1_61_1_comp1,P_2_A_1_61_1_comp1,R_2_A_1_61_1,TCDB,TCDB.2_A_1_61_1_comp1
G_1_G_1_1_2_comp1,P_1_G_1_1_2_comp1,R_1_G_1_1_2,TCDB,TCDB.1_G_1_1_2_comp1
G_1_C_31_1_2_comp1,P_1_C_31_1_2_comp1,R_1_C_31_1_2,TCDB,TCDB.1_C_31_1_2_comp1
G_2_A_12_1_3_comp1,P_2_A_12_1_3_comp1,R_2_A_12_1_3,TCDB,TCDB.2_A_12_1_3_comp1
G_1_C_106_1_2_comp1,P_1_C_106_1_2_comp1,R_1_C_106_1_2,TCDB,TCDB.1_C_106_1_2_comp1
G_1_A_1_12_1_comp1,P_1_A_1_12_1_comp1,R_1_A_1_12_1,TCDB,TCDB.1_A_1_12_1_comp1
G_2_A_1_45_1_comp1,P_2_A_1_45_1_comp1,R_2_A_1_45_1,TCDB,TCDB.2_A_1_45_1_comp1
G_2_A_81_1_6_comp1,P_2_A_81_1_6_comp1,R_2_A_81_1_6,TCDB,TCDB.2_A_81_1_6_comp1
G_2_A_23_1_10_comp1,P_2_A_23_1_10_comp1,R_2_A_23_1_10,TCDB,TCDB.2_A_23_1_10_comp1
G_1_A_89_1_4_comp1,P_1_A_89_1_4_comp1,R_1_A_89_1_4,TCDB,TCDB.1_A_89_1_4_comp1
G_1_B_38_1_2_comp1,P_1_B_38_1_2_comp1,R_1_B_38_1_2,TCDB,TCDB.1_B_38_1_2_comp1
G_2_A_1_76_4_comp1,P_2_A_1_76_4_comp1,R_2_A_1_76_4,TCDB,TCDB.2_A_1_76_4_comp1
G_1_A_30_3_2_comp1,P_1_A_30_3_2_comp1+1_A_30_3_2_comp2,R_1_A_30_3_2,TCDB,TCDB.1_A_30_3_2_comp1
G_1_A_30_3_2_comp2,P_1_A_30_3_2_comp1+1_A_30_3_2_comp2,R_1_A_30_3_2,TCDB,TCDB.1_A_30_3_2_comp2
G_1_B_14_8_6_comp1,P_1_B_14_8_6_comp1,R_1_B_14_8_6,TCDB,TCDB.1_B_14_8_6_comp1
G_4_D_3_1_7_comp1,P_4_D_3_1_7_comp1+4_D_3_1_7_comp2+4_D_3_1_7_comp3,R_4_D_3_1_7,TCDB,TCDB.4_D_3_1_7_comp1
G_4_D_3_1_7_comp2,P_4_D_3_1_7_comp1+4_D_3_1_7_comp2+4_D_3_1_7_comp3,R_4_D_3_1_7,TCDB,TCDB.4_D_3_1_7_comp2
G_4_D_3_1_7_comp3,P_4_D_3_1_7_comp1+4_D_3_1_7_comp2+4_D_3_1_7_comp3,R_4_D_3_1_7,TCDB,TCDB.4_D_3_1_7_comp3
G_2_A_66_1_54_comp1,P_2_A_66_1_54_comp1,R_2_A_66_1_54,TCDB,TCDB.2_A_66_1_54_comp1
G_2_A_7_13_4_comp1,P_2_A_7_13_4_comp1,R_2_A_7_13_4,TCDB,TCDB.2_A_7_13_4_comp1
G_8_A_68_1_5_comp1,P_8_A_68_1_5_comp1,R_8_A_68_1_5,TCDB,TCDB.8_A_68_1_5_comp1
G_3_A_1_211_11_comp1,P_3_A_1_211_11_comp1,R_3_A_1_211_11,TCDB,TCDB.3_A_1_211_11_comp1
G_2_A_3_3_3_comp1,P_2_A_3_3_3_comp1,R_2_A_3_3_3,TCDB,TCDB.2_A_3_3_3_comp1
G_8_A_96_1_5_comp1,P_8_A_96_1_5_comp1,R_8_A_96_1_5,TCDB,TCDB.8_A_96_1_5_comp1
G_3_A_1_204_28_comp1,P_3_A_1_204_28_comp1,R_3_A_1_204_28,TCDB,TCDB.3_A_1_204_28_comp1
G_2_A_38_3_2_comp1,P_2_A_38_3_2_comp1,R_2_A_38_3_2,TCDB,TCDB.2_A_38_3_2_comp1
G_2_A_29_8_6_comp1,P_2_A_29_8_6_comp1,R_2_A_29_8_6,TCDB,TCDB.2_A_29_8_6_comp1
G_4_D_3_1_8_comp1,P_4_D_3_1_8_comp1,R_4_D_3_1_8,TCDB,TCDB.4_D_3_1_8_comp1
G_8_A_21_2_3_comp1,P_8_A_21_2_3_comp1,R_8_A_21_2_3,TCDB,TCDB.8_A_21_2_3_comp1
G_2_A_105_1_4_comp1,P_2_A_105_1_4_comp1+2_A_105_1_4_comp2+2_A_105_1_4_comp3,R_2_A_105_1_4,TCDB,TCDB.2_A_105_1_4_comp1
G_2_A_105_1_4_comp2,P_2_A_105_1_4_comp1+2_A_105_1_4_comp2+2_A_105_1_4_comp3,R_2_A_105_1_4,TCDB,TCDB.2_A_105_1_4_comp2
G_2_A_105_1_4_comp3,P_2_A_105_1_4_comp1+2_A_105_1_4_comp2+2_A_105_1_4_comp3,R_2_A_105_1_4,TCDB,TCDB.2_A_105_1_4_comp3
G_1_A_10_1_24_comp1,P_1_A_10_1_24_comp1,R_1_A_10_1_24,TCDB,TCDB.1_A_10_1_24_comp1
G_2_A_18_2_6_comp1,P_2_A_18_2_6_comp1,R_2_A_18_2_6,TCDB,TCDB.2_A_18_2_6_comp1
G_2_A_5_1_12_comp1,P_2_A_5_1_12_comp1,R_2_A_5_1_12,TCDB,TCDB.2_A_5_1_12_comp1
G_1_E_36_5_1_comp1,P_1_E_36_5_1_comp1,R_1_E_36_5_1,TCDB,TCDB.1_E_36_5_1_comp1
G_1_E_40_1_3_comp1,P_1_E_40_1_3_comp1,R_1_E_40_1_3,TCDB,TCDB.1_E_40_1_3_comp1
G_1_E_36_2_3_comp1,P_1_E_36_2_3_comp1,R_1_E_36_2_3,TCDB,TCDB.1_E_36_2_3_comp1
G_1_E_35_1_3_comp1,P_1_E_35_1_3_comp1,R_1_E_35_1_3,TCDB,TCDB.1_E_35_1_3_comp1
G_1_E_18_1_5_comp1,P_1_E_18_1_5_comp1,R_1_E_18_1_5,TCDB,TCDB.1_E_18_1_5_comp1
G_1_E_36_5_2_comp1,P_1_E_36_5_2_comp1,R_1_E_36_5_2,TCDB,TCDB.1_E_36_5_2_comp1
G_1_E_36_1_1_comp1,P_1_E_36_1_1_comp1,R_1_E_36_1_1,TCDB,TCDB.1_E_36_1_1_comp1
G_9_B_106_1_2_comp1,P_9_B_106_1_2_comp1,R_9_B_106_1_2,TCDB,TCDB.9_B_106_1_2_comp1
G_1_E_6_1_3_comp1,P_1_E_6_1_3_comp1,R_1_E_6_1_3,TCDB,TCDB.1_E_6_1_3_comp1
G_1_E_38_1_1_comp1,P_1_E_38_1_1_comp1,R_1_E_38_1_1,TCDB,TCDB.1_E_38_1_1_comp1
G_1_E_19_2_2_comp1,P_1_E_19_2_2_comp1,R_1_E_19_2_2,TCDB,TCDB.1_E_19_2_2_comp1
G_1_C_96_1_1_comp1,P_1_C_96_1_1_comp1,R_1_C_96_1_1,TCDB,TCDB.1_C_96_1_1_comp1
G_2_A_55_2_9_comp1,P_2_A_55_2_9_comp1,R_2_A_55_2_9,TCDB,TCDB.2_A_55_2_9_comp1
G_2_A_7_10_3_comp1,P_2_A_7_10_3_comp1,R_2_A_7_10_3,TCDB,TCDB.2_A_7_10_3_comp1
G_9_B_87_1_2_comp1,P_9_B_87_1_2_comp1,R_9_B_87_1_2,TCDB,TCDB.9_B_87_1_2_comp1
G_1_A_1_10_11_comp1,P_1_A_1_10_11_comp1,R_1_A_1_10_11,TCDB,TCDB.1_A_1_10_11_comp1
G_3_A_3_3_5_comp1,P_3_A_3_3_5_comp1,R_3_A_3_3_5,TCDB,TCDB.3_A_3_3_5_comp1
G_2_A_29_11_5_comp1,P_2_A_29_11_5_comp1,R_2_A_29_11_5,TCDB,TCDB.2_A_29_11_5_comp1
G_8_B_28_1_1_comp1,P_8_B_28_1_1_comp1,R_8_B_28_1_1,TCDB,TCDB.8_B_28_1_1_comp1
G_8_A_113_1_4_comp1,P_8_A_113_1_4_comp1,R_8_A_113_1_4,TCDB,TCDB.8_A_113_1_4_comp1
G_1_C_38_1_11_comp1,P_1_C_38_1_11_comp1,R_1_C_38_1_11,TCDB,TCDB.1_C_38_1_11_comp1
G_8_A_39_1_1_comp1,P_8_A_39_1_1_comp1,R_8_A_39_1_1,TCDB,TCDB.8_A_39_1_1_comp1
G_2_A_18_6_9_comp1,P_2_A_18_6_9_comp1,R_2_A_18_6_9,TCDB,TCDB.2_A_18_6_9_comp1
G_1_A_1_2_8_comp1,P_1_A_1_2_8_comp1+1_A_1_2_8_comp2,R_1_A_1_2_8,TCDB,TCDB.1_A_1_2_8_comp1
G_1_A_1_2_8_comp2,P_1_A_1_2_8_comp1+1_A_1_2_8_comp2,R_1_A_1_2_8,TCDB,TCDB.1_A_1_2_8_comp2
G_9_B_135_1_3_comp1,P_9_B_135_1_3_comp1,R_9_B_135_1_3,TCDB,TCDB.9_B_135_1_3_comp1
G_1_A_77_4_2_comp1,P_1_A_77_4_2_comp1,R_1_A_77_4_2,TCDB,TCDB.1_A_77_4_2_comp1
G_1_C_35_4_1_comp1,P_1_C_35_4_1_comp1,R_1_C_35_4_1,TCDB,TCDB.1_C_35_4_1_comp1
G_1_A_7_2_1_comp1,P_1_A_7_2_1_comp1,R_1_A_7_2_1,TCDB,TCDB.1_A_7_2_1_comp1
G_1_C_4_4_1_comp1,P_1_C_4_4_1_comp1,R_1_C_4_4_1,TCDB,TCDB.1_C_4_4_1_comp1
G_1_C_114_1_2_comp1,P_1_C_114_1_2_comp1,R_1_C_114_1_2,TCDB,TCDB.1_C_114_1_2_comp1
G_2_A_57_2_5_comp1,P_2_A_57_2_5_comp1,R_2_A_57_2_5,TCDB,TCDB.2_A_57_2_5_comp1
G_8_B_32_1_7_comp1,P_8_B_32_1_7_comp1,R_8_B_32_1_7,TCDB,TCDB.8_B_32_1_7_comp1
G_8_A_113_1_2_comp1,P_8_A_113_1_2_comp1,R_8_A_113_1_2,TCDB,TCDB.8_A_113_1_2_comp1
G_8_A_87_1_4_comp1,P_8_A_87_1_4_comp1,R_8_A_87_1_4,TCDB,TCDB.8_A_87_1_4_comp1
G_8_A_65_1_1_comp1,P_8_A_65_1_1_comp1,R_8_A_65_1_1,TCDB,TCDB.8_A_65_1_1_comp1
G_3_A_16_1_4_comp1,P_3_A_16_1_4_comp1+3_A_16_1_4_comp2+3_A_16_1_4_comp3+3_A_16_1_4_comp4+3_A_16_1_4_comp5+3_A_16_1_4_comp6+3_A_16_1_4_comp7+3_A_16_1_4_comp8,R_3_A_16_1_4,TCDB,TCDB.3_A_16_1_4_comp1
G_3_A_16_1_4_comp2,P_3_A_16_1_4_comp1+3_A_16_1_4_comp2+3_A_16_1_4_comp3+3_A_16_1_4_comp4+3_A_16_1_4_comp5+3_A_16_1_4_comp6+3_A_16_1_4_comp7+3_A_16_1_4_comp8,R_3_A_16_1_4,TCDB,TCDB.3_A_16_1_4_comp2
G_3_A_16_1_4_comp3,P_3_A_16_1_4_comp1+3_A_16_1_4_comp2+3_A_16_1_4_comp3+3_A_16_1_4_comp4+3_A_16_1_4_comp5+3_A_16_1_4_comp6+3_A_16_1_4_comp7+3_A_16_1_4_comp8,R_3_A_16_1_4,TCDB,TCDB.3_A_16_1_4_comp3
G_3_A_16_1_4_comp4,P_3_A_16_1_4_comp1+3_A_16_1_4_comp2+3_A_16_1_4_comp3+3_A_16_1_4_comp4+3_A_16_1_4_comp5+3_A_16_1_4_comp6+3_A_16_1_4_comp7+3_A_16_1_4_comp8,R_3_A_16_1_4,TCDB,TCDB.3_A_16_1_4_comp4
G_3_A_16_1_4_comp5,P_3_A_16_1_4_comp1+3_A_16_1_4_comp2+3_A_16_1_4_comp3+3_A_16_1_4_comp4+3_A_16_1_4_comp5+3_A_16_1_4_comp6+3_A_16_1_4_comp7+3_A_16_1_4_comp8,R_3_A_16_1_4,TCDB,TCDB.3_A_16_1_4_comp5
G_3_A_16_1_4_comp6,P_3_A_16_1_4_comp1+3_A_16_1_4_comp2+3_A_16_1_4_comp3+3_A_16_1_4_comp4+3_A_16_1_4_comp5+3_A_16_1_4_comp6+3_A_16_1_4_comp7+3_A_16_1_4_comp8,R_3_A_16_1_4,TCDB,TCDB.3_A_16_1_4_comp6
G_3_A_16_1_4_comp7,P_3_A_16_1_4_comp1+3_A_16_1_4_comp2+3_A_16_1_4_comp3+3_A_16_1_4_comp4+3_A_16_1_4_comp5+3_A_16_1_4_comp6+3_A_16_1_4_comp7+3_A_16_1_4_comp8,R_3_A_16_1_4,TCDB,TCDB.3_A_16_1_4_comp7
G_3_A_16_1_4_comp8,P_3_A_16_1_4_comp1+3_A_16_1_4_comp2+3_A_16_1_4_comp3+3_A_16_1_4_comp4+3_A_16_1_4_comp5+3_A_16_1_4_comp6+3_A_16_1_4_comp7+3_A_16_1_4_comp8,R_3_A_16_1_4,TCDB,TCDB.3_A_16_1_4_comp8
G_8_A_159_1_9_comp1,P_8_A_159_1_9_comp1,R_8_A_159_1_9,TCDB,TCDB.8_A_159_1_9_comp1
G_2_A_36_2_2_comp1,P_2_A_36_2_2_comp1,R_2_A_36_2_2,TCDB,TCDB.2_A_36_2_2_comp1
G_8_A_43_1_11_comp1,P_8_A_43_1_11_comp1,R_8_A_43_1_11,TCDB,TCDB.8_A_43_1_11_comp1
G_8_A_40_1_11_comp1,P_8_A_40_1_11_comp1,R_8_A_40_1_11,TCDB,TCDB.8_A_40_1_11_comp1
G_2_A_60_1_17_comp1,P_2_A_60_1_17_comp1,R_2_A_60_1_17,TCDB,TCDB.2_A_60_1_17_comp1
G_3_A_1_211_13_comp1,P_3_A_1_211_13_comp1,R_3_A_1_211_13,TCDB,TCDB.3_A_1_211_13_comp1
G_8_A_24_1_6_comp1,P_8_A_24_1_6_comp1,R_8_A_24_1_6,TCDB,TCDB.8_A_24_1_6_comp1
G_3_A_1_211_18_comp1,P_3_A_1_211_18_comp1,R_3_A_1_211_18,TCDB,TCDB.3_A_1_211_18_comp1
G_2_A_82_1_2_comp1,P_2_A_82_1_2_comp1+2_A_82_1_2_comp2,R_2_A_82_1_2,TCDB,TCDB.2_A_82_1_2_comp1
G_2_A_82_1_2_comp2,P_2_A_82_1_2_comp1+2_A_82_1_2_comp2,R_2_A_82_1_2,TCDB,TCDB.2_A_82_1_2_comp2
G_1_C_113_1_11_comp1,P_1_C_113_1_11_comp1,R_1_C_113_1_11,TCDB,TCDB.1_C_113_1_11_comp1
G_2_A_29_12_2_comp1,P_2_A_29_12_2_comp1,R_2_A_29_12_2,TCDB,TCDB.2_A_29_12_2_comp1
G_9_A_29_3_5_comp1,P_9_A_29_3_5_comp1,R_9_A_29_3_5,TCDB,TCDB.9_A_29_3_5_comp1
G_8_A_43_1_20_comp1,P_8_A_43_1_20_comp1,R_8_A_43_1_20,TCDB,TCDB.8_A_43_1_20_comp1
G_2_A_74_1_3_comp1,P_2_A_74_1_3_comp1,R_2_A_74_1_3,TCDB,TCDB.2_A_74_1_3_comp1
G_2_A_66_1_20_comp1,P_2_A_66_1_20_comp1,R_2_A_66_1_20,TCDB,TCDB.2_A_66_1_20_comp1
G_2_A_1_19_12_comp1,P_2_A_1_19_12_comp1,R_2_A_1_19_12,TCDB,TCDB.2_A_1_19_12_comp1
G_2_A_53_1_10_comp1,P_2_A_53_1_10_comp1,R_2_A_53_1_10,TCDB,TCDB.2_A_53_1_10_comp1
G_2_A_1_58_9_comp1,P_2_A_1_58_9_comp1,R_2_A_1_58_9,TCDB,TCDB.2_A_1_58_9_comp1
G_8_A_43_1_10_comp1,P_8_A_43_1_10_comp1,R_8_A_43_1_10,TCDB,TCDB.8_A_43_1_10_comp1
G_1_A_140_1_1_comp1,P_1_A_140_1_1_comp1,R_1_A_140_1_1,TCDB,TCDB.1_A_140_1_1_comp1
G_9_B_204_1_1_comp1,P_9_B_204_1_1_comp1,R_9_B_204_1_1,TCDB,TCDB.9_B_204_1_1_comp1
G_1_A_84_1_3_comp1,P_1_A_84_1_3_comp1,R_1_A_84_1_3,TCDB,TCDB.1_A_84_1_3_comp1
G_8_A_43_2_1_comp1,P_8_A_43_2_1_comp1,R_8_A_43_2_1,TCDB,TCDB.8_A_43_2_1_comp1
G_8_A_23_3_1_comp1,P_8_A_23_3_1_comp1,R_8_A_23_3_1,TCDB,TCDB.8_A_23_3_1_comp1
G_8_A_128_8_1_comp1,P_8_A_128_8_1_comp1,R_8_A_128_8_1,TCDB,TCDB.8_A_128_8_1_comp1
G_2_A_47_1_9_comp1,P_2_A_47_1_9_comp1,R_2_A_47_1_9,TCDB,TCDB.2_A_47_1_9_comp1
G_8_A_49_1_2_comp1,P_8_A_49_1_2_comp1,R_8_A_49_1_2,TCDB,TCDB.8_A_49_1_2_comp1
G_8_B_25_1_1_comp1,P_8_B_25_1_1_comp1,R_8_B_25_1_1,TCDB,TCDB.8_B_25_1_1_comp1
G_2_A_1_16_7_comp1,P_2_A_1_16_7_comp1,R_2_A_1_16_7,TCDB,TCDB.2_A_1_16_7_comp1
G_8_A_41_1_6_comp1,P_8_A_41_1_6_comp1,R_8_A_41_1_6,TCDB,TCDB.8_A_41_1_6_comp1
G_2_A_1_3_71_comp1,P_2_A_1_3_71_comp1,R_2_A_1_3_71,TCDB,TCDB.2_A_1_3_71_comp1
G_2_A_41_2_7_comp1,P_2_A_41_2_7_comp1,R_2_A_41_2_7,TCDB,TCDB.2_A_41_2_7_comp1
G_2_A_49_1_3_comp1,P_2_A_49_1_3_comp1,R_2_A_49_1_3,TCDB,TCDB.2_A_49_1_3_comp1
G_2_A_1_1_149_comp1,P_2_A_1_1_149_comp1,R_2_A_1_1_149,TCDB,TCDB.2_A_1_1_149_comp1
G_1_G_16_1_2_comp1,P_1_G_16_1_2_comp1,R_1_G_16_1_2,TCDB,TCDB.1_G_16_1_2_comp1
G_2_A_36_6_3_comp1,P_2_A_36_6_3_comp1,R_2_A_36_6_3,TCDB,TCDB.2_A_36_6_3_comp1
G_1_B_1_1_30_comp1,P_1_B_1_1_30_comp1,R_1_B_1_1_30,TCDB,TCDB.1_B_1_1_30_comp1
G_1_A_35_4_2_comp1,P_1_A_35_4_2_comp1,R_1_A_35_4_2,TCDB,TCDB.1_A_35_4_2_comp1
G_2_A_34_1_2_comp1,P_2_A_34_1_2_comp1,R_2_A_34_1_2,TCDB,TCDB.2_A_34_1_2_comp1
G_1_C_87_1_1_comp1,P_1_C_87_1_1_comp1,R_1_C_87_1_1,TCDB,TCDB.1_C_87_1_1_comp1
G_2_A_117_1_13_comp1,P_2_A_117_1_13_comp1,R_2_A_117_1_13,TCDB,TCDB.2_A_117_1_13_comp1
G_1_B_48_5_1_comp1,P_1_B_48_5_1_comp1,R_1_B_48_5_1,TCDB,TCDB.1_B_48_5_1_comp1
G_1_B_35_3_1_comp1,P_1_B_35_3_1_comp1,R_1_B_35_3_1,TCDB,TCDB.1_B_35_3_1_comp1
G_1_B_14_16_10_comp1,P_1_B_14_16_10_comp1,R_1_B_14_16_10,TCDB,TCDB.1_B_14_16_10_comp1
G_2_A_38_1_5_comp1,P_2_A_38_1_5_comp1,R_2_A_38_1_5,TCDB,TCDB.2_A_38_1_5_comp1
G_2_A_49_9_5_comp1,P_2_A_49_9_5_comp1,R_2_A_49_9_5,TCDB,TCDB.2_A_49_9_5_comp1
G_3_A_1_12_10_comp1,P_3_A_1_12_10_comp1+3_A_1_12_10_comp2+3_A_1_12_10_comp3,R_3_A_1_12_10,TCDB,TCDB.3_A_1_12_10_comp1
G_3_A_1_12_10_comp2,P_3_A_1_12_10_comp1+3_A_1_12_10_comp2+3_A_1_12_10_comp3,R_3_A_1_12_10,TCDB,TCDB.3_A_1_12_10_comp2
G_3_A_1_12_10_comp3,P_3_A_1_12_10_comp1+3_A_1_12_10_comp2+3_A_1_12_10_comp3,R_3_A_1_12_10,TCDB,TCDB.3_A_1_12_10_comp3
G_1_C_131_1_5_comp1,P_1_C_131_1_5_comp1,R_1_C_131_1_5,TCDB,TCDB.1_C_131_1_5_comp1
G_2_A_1_21_20_comp1,P_2_A_1_21_20_comp1,R_2_A_1_21_20,TCDB,TCDB.2_A_1_21_20_comp1
G_8_A_48_1_6_comp1,P_8_A_48_1_6_comp1,R_8_A_48_1_6,TCDB,TCDB.8_A_48_1_6_comp1
G_3_A_3_6_12_comp1,P_3_A_3_6_12_comp1,R_3_A_3_6_12,TCDB,TCDB.3_A_3_6_12_comp1
G_1_B_25_1_37_comp1,P_1_B_25_1_37_comp1,R_1_B_25_1_37,TCDB,TCDB.1_B_25_1_37_comp1
G_2_A_46_1_10_comp1,P_2_A_46_1_10_comp1,R_2_A_46_1_10,TCDB,TCDB.2_A_46_1_10_comp1
G_2_A_1_15_16_comp1,P_2_A_1_15_16_comp1,R_2_A_1_15_16,TCDB,TCDB.2_A_1_15_16_comp1
G_3_A_1_3_19_comp1,P_3_A_1_3_19_comp1+3_A_1_3_19_comp2+3_A_1_3_19_comp3+3_A_1_3_19_comp4,R_3_A_1_3_19,TCDB,TCDB.3_A_1_3_19_comp1
G_3_A_1_3_19_comp2,P_3_A_1_3_19_comp1+3_A_1_3_19_comp2+3_A_1_3_19_comp3+3_A_1_3_19_comp4,R_3_A_1_3_19,TCDB,TCDB.3_A_1_3_19_comp2
G_3_A_1_3_19_comp3,P_3_A_1_3_19_comp1+3_A_1_3_19_comp2+3_A_1_3_19_comp3+3_A_1_3_19_comp4,R_3_A_1_3_19,TCDB,TCDB.3_A_1_3_19_comp3
G_3_A_1_3_19_comp4,P_3_A_1_3_19_comp1+3_A_1_3_19_comp2+3_A_1_3_19_comp3+3_A_1_3_19_comp4,R_3_A_1_3_19,TCDB,TCDB.3_A_1_3_19_comp4
G_3_A_1_1_30_comp1,P_3_A_1_1_30_comp1+3_A_1_1_30_comp2+3_A_1_1_30_comp3+3_A_1_1_30_comp4,R_3_A_1_1_30,TCDB,TCDB.3_A_1_1_30_comp1
G_3_A_1_1_30_comp2,P_3_A_1_1_30_comp1+3_A_1_1_30_comp2+3_A_1_1_30_comp3+3_A_1_1_30_comp4,R_3_A_1_1_30,TCDB,TCDB.3_A_1_1_30_comp2
G_3_A_1_1_30_comp3,P_3_A_1_1_30_comp1+3_A_1_1_30_comp2+3_A_1_1_30_comp3+3_A_1_1_30_comp4,R_3_A_1_1_30,TCDB,TCDB.3_A_1_1_30_comp3
G_3_A_1_1_30_comp4,P_3_A_1_1_30_comp1+3_A_1_1_30_comp2+3_A_1_1_30_comp3+3_A_1_1_30_comp4,R_3_A_1_1_30,TCDB,TCDB.3_A_1_1_30_comp4
G_3_A_1_109_3_comp1,P_3_A_1_109_3_comp1,R_3_A_1_109_3,TCDB,TCDB.3_A_1_109_3_comp1
G_2_A_6_1_5_comp1,P_2_A_6_1_5_comp1+2_A_6_1_5_comp2+2_A_6_1_5_comp3,R_2_A_6_1_5,TCDB,TCDB.2_A_6_1_5_comp1
G_2_A_6_1_5_comp2,P_2_A_6_1_5_comp1+2_A_6_1_5_comp2+2_A_6_1_5_comp3,R_2_A_6_1_5,TCDB,TCDB.2_A_6_1_5_comp2
G_2_A_6_1_5_comp3,P_2_A_6_1_5_comp1+2_A_6_1_5_comp2+2_A_6_1_5_comp3,R_2_A_6_1_5,TCDB,TCDB.2_A_6_1_5_comp3
G_3_A_3_6_11_comp1,P_3_A_3_6_11_comp1,R_3_A_3_6_11,TCDB,TCDB.3_A_3_6_11_comp1
G_2_A_1_47_1_comp1,P_2_A_1_47_1_comp1,R_2_A_1_47_1,TCDB,TCDB.2_A_1_47_1_comp1
G_8_B_25_1_2_comp1,P_8_B_25_1_2_comp1,R_8_B_25_1_2,TCDB,TCDB.8_B_25_1_2_comp1
G_1_A_99_1_1_comp1,P_1_A_99_1_1_comp1,R_1_A_99_1_1,TCDB,TCDB.1_A_99_1_1_comp1
G_9_B_102_1_4_comp1,P_9_B_102_1_4_comp1,R_9_B_102_1_4,TCDB,TCDB.9_B_102_1_4_comp1
G_3_A_10_1_7_comp1,P_3_A_10_1_7_comp1,R_3_A_10_1_7,TCDB,TCDB.3_A_10_1_7_comp1
G_2_A_123_2_14_comp1,P_2_A_123_2_14_comp1,R_2_A_123_2_14,TCDB,TCDB.2_A_123_2_14_comp1
G_2_A_55_2_6_comp1,P_2_A_55_2_6_comp1,R_2_A_55_2_6,TCDB,TCDB.2_A_55_2_6_comp1
G_2_A_1_42_2_comp1,P_2_A_1_42_2_comp1,R_2_A_1_42_2,TCDB,TCDB.2_A_1_42_2_comp1
G_2_A_102_4_6_comp1,P_2_A_102_4_6_comp1,R_2_A_102_4_6,TCDB,TCDB.2_A_102_4_6_comp1
G_1_B_4_2_16_comp1,P_1_B_4_2_16_comp1,R_1_B_4_2_16,TCDB,TCDB.1_B_4_2_16_comp1
G_2_A_1_7_18_comp1,P_2_A_1_7_18_comp1,R_2_A_1_7_18,TCDB,TCDB.2_A_1_7_18_comp1
G_2_A_7_3_57_comp1,P_2_A_7_3_57_comp1,R_2_A_7_3_57,TCDB,TCDB.2_A_7_3_57_comp1
G_8_A_46_2_2_comp1,P_8_A_46_2_2_comp1,R_8_A_46_2_2,TCDB,TCDB.8_A_46_2_2_comp1
G_8_A_46_1_1_comp1,P_8_A_46_1_1_comp1,R_8_A_46_1_1,TCDB,TCDB.8_A_46_1_1_comp1
G_8_A_9_1_3_comp1,P_8_A_9_1_3_comp1,R_8_A_9_1_3,TCDB,TCDB.8_A_9_1_3_comp1
G_1_C_39_13_4_comp1,P_1_C_39_13_4_comp1,R_1_C_39_13_4,TCDB,TCDB.1_C_39_13_4_comp1
G_1_C_39_13_1_comp1,P_1_C_39_13_1_comp1,R_1_C_39_13_1,TCDB,TCDB.1_C_39_13_1_comp1
G_1_B_14_14_1_comp1,P_1_B_14_14_1_comp1,R_1_B_14_14_1,TCDB,TCDB.1_B_14_14_1_comp1
G_2_A_1_7_16_comp1,P_2_A_1_7_16_comp1,R_2_A_1_7_16,TCDB,TCDB.2_A_1_7_16_comp1
G_1_B_14_6_17_comp1,P_1_B_14_6_17_comp1,R_1_B_14_6_17,TCDB,TCDB.1_B_14_6_17_comp1
G_1_B_38_1_10_comp1,P_1_B_38_1_10_comp1,R_1_B_38_1_10,TCDB,TCDB.1_B_38_1_10_comp1
G_2_A_1_7_17_comp1,P_2_A_1_7_17_comp1,R_2_A_1_7_17,TCDB,TCDB.2_A_1_7_17_comp1
G_2_A_35_1_8_comp1,P_2_A_35_1_8_comp1,R_2_A_35_1_8,TCDB,TCDB.2_A_35_1_8_comp1
G_8_A_46_2_1_comp1,P_8_A_46_2_1_comp1,R_8_A_46_2_1,TCDB,TCDB.8_A_46_2_1_comp1
G_1_B_14_6_13_comp1,P_1_B_14_6_13_comp1,R_1_B_14_6_13,TCDB,TCDB.1_B_14_6_13_comp1
G_9_B_168_1_2_comp1,P_9_B_168_1_2_comp1,R_9_B_168_1_2,TCDB,TCDB.9_B_168_1_2_comp1
G_2_A_21_3_19_comp1,P_2_A_21_3_19_comp1,R_2_A_21_3_19,TCDB,TCDB.2_A_21_3_19_comp1
G_2_A_55_2_24_comp1,P_2_A_55_2_24_comp1,R_2_A_55_2_24,TCDB,TCDB.2_A_55_2_24_comp1
G_9_B_387_2_2_comp1,P_9_B_387_2_2_comp1,R_9_B_387_2_2,TCDB,TCDB.9_B_387_2_2_comp1
G_2_A_1_82_3_comp1,P_2_A_1_82_3_comp1,R_2_A_1_82_3,TCDB,TCDB.2_A_1_82_3_comp1
G_2_A_1_14_23_comp1,P_2_A_1_14_23_comp1,R_2_A_1_14_23,TCDB,TCDB.2_A_1_14_23_comp1
G_1_A_82_1_2_comp1,P_1_A_82_1_2_comp1,R_1_A_82_1_2,TCDB,TCDB.1_A_82_1_2_comp1
G_9_B_130_1_1_comp1,P_9_B_130_1_1_comp1,R_9_B_130_1_1,TCDB,TCDB.9_B_130_1_1_comp1
G_1_A_52_1_3_comp1,P_1_A_52_1_3_comp1,R_1_A_52_1_3,TCDB,TCDB.1_A_52_1_3_comp1
G_2_A_18_8_2_comp1,P_2_A_18_8_2_comp1,R_2_A_18_8_2,TCDB,TCDB.2_A_18_8_2_comp1
G_1_A_17_1_25_comp1,P_1_A_17_1_25_comp1,R_1_A_17_1_25,TCDB,TCDB.1_A_17_1_25_comp1
G_9_B_113_1_1_comp1,P_9_B_113_1_1_comp1,R_9_B_113_1_1,TCDB,TCDB.9_B_113_1_1_comp1
G_2_A_1_58_3_comp1,P_2_A_1_58_3_comp1,R_2_A_1_58_3,TCDB,TCDB.2_A_1_58_3_comp1
G_2_A_29_8_5_comp1,P_2_A_29_8_5_comp1,R_2_A_29_8_5,TCDB,TCDB.2_A_29_8_5_comp1
G_1_A_4_6_1_comp1,P_1_A_4_6_1_comp1,R_1_A_4_6_1,TCDB,TCDB.1_A_4_6_1_comp1
G_2_A_50_1_3_comp1,P_2_A_50_1_3_comp1,R_2_A_50_1_3,TCDB,TCDB.2_A_50_1_3_comp1
G_2_A_7_25_9_comp1,P_2_A_7_25_9_comp1,R_2_A_7_25_9,TCDB,TCDB.2_A_7_25_9_comp1
G_1_A_24_2_1_comp1,P_1_A_24_2_1_comp1,R_1_A_24_2_1,TCDB,TCDB.1_A_24_2_1_comp1
G_1_C_111_1_12_comp1,P_1_C_111_1_12_comp1,R_1_C_111_1_12,TCDB,TCDB.1_C_111_1_12_comp1
G_2_A_53_2_10_comp1,P_2_A_53_2_10_comp1,R_2_A_53_2_10,TCDB,TCDB.2_A_53_2_10_comp1
G_2_A_22_3_7_comp1,P_2_A_22_3_7_comp1,R_2_A_22_3_7,TCDB,TCDB.2_A_22_3_7_comp1
G_1_A_74_2_1_comp1,P_1_A_74_2_1_comp1,R_1_A_74_2_1,TCDB,TCDB.1_A_74_2_1_comp1
G_2_A_7_28_1_comp1,P_2_A_7_28_1_comp1,R_2_A_7_28_1,TCDB,TCDB.2_A_7_28_1_comp1
G_2_A_92_1_2_comp1,P_2_A_92_1_2_comp1,R_2_A_92_1_2,TCDB,TCDB.2_A_92_1_2_comp1
G_2_A_5_4_9_comp1,P_2_A_5_4_9_comp1,R_2_A_5_4_9,TCDB,TCDB.2_A_5_4_9_comp1
G_2_A_112_1_3_comp1,P_2_A_112_1_3_comp1,R_2_A_112_1_3,TCDB,TCDB.2_A_112_1_3_comp1
G_2_A_1_2_72_comp1,P_2_A_1_2_72_comp1,R_2_A_1_2_72,TCDB,TCDB.2_A_1_2_72_comp1
G_2_A_43_3_2_comp1,P_2_A_43_3_2_comp1,R_2_A_43_3_2,TCDB,TCDB.2_A_43_3_2_comp1
G_2_A_1_65_6_comp1,P_2_A_1_65_6_comp1,R_2_A_1_65_6,TCDB,TCDB.2_A_1_65_6_comp1
G_2_A_1_28_2_comp1,P_2_A_1_28_2_comp1,R_2_A_1_28_2,TCDB,TCDB.2_A_1_28_2_comp1
G_8_A_30_1_1_comp1,P_8_A_30_1_1_comp1+8_A_30_1_1_comp2,R_8_A_30_1_1,TCDB,TCDB.8_A_30_1_1_comp1
G_8_A_30_1_1_comp2,P_8_A_30_1_1_comp1+8_A_30_1_1_comp2,R_8_A_30_1_1,TCDB,TCDB.8_A_30_1_1_comp2
G_2_A_1_19_14_comp1,P_2_A_1_19_14_comp1,R_2_A_1_19_14,TCDB,TCDB.2_A_1_19_14_comp1
G_1_H_1_2_1_comp1,P_1_H_1_2_1_comp1,R_1_H_1_2_1,TCDB,TCDB.1_H_1_2_1_comp1
G_8_A_28_1_4_comp1,P_8_A_28_1_4_comp1,R_8_A_28_1_4,TCDB,TCDB.8_A_28_1_4_comp1
G_3_A_1_5_36_comp1,P_3_A_1_5_36_comp1+3_A_1_5_36_comp2+3_A_1_5_36_comp3+3_A_1_5_36_comp4+3_A_1_5_36_comp5,R_3_A_1_5_36,TCDB,TCDB.3_A_1_5_36_comp1
G_3_A_1_5_36_comp2,P_3_A_1_5_36_comp1+3_A_1_5_36_comp2+3_A_1_5_36_comp3+3_A_1_5_36_comp4+3_A_1_5_36_comp5,R_3_A_1_5_36,TCDB,TCDB.3_A_1_5_36_comp2
G_3_A_1_5_36_comp3,P_3_A_1_5_36_comp1+3_A_1_5_36_comp2+3_A_1_5_36_comp3+3_A_1_5_36_comp4+3_A_1_5_36_comp5,R_3_A_1_5_36,TCDB,TCDB.3_A_1_5_36_comp3
G_3_A_1_5_36_comp4,P_3_A_1_5_36_comp1+3_A_1_5_36_comp2+3_A_1_5_36_comp3+3_A_1_5_36_comp4+3_A_1_5_36_comp5,R_3_A_1_5_36,TCDB,TCDB.3_A_1_5_36_comp4
G_3_A_1_5_36_comp5,P_3_A_1_5_36_comp1+3_A_1_5_36_comp2+3_A_1_5_36_comp3+3_A_1_5_36_comp4+3_A_1_5_36_comp5,R_3_A_1_5_36,TCDB,TCDB.3_A_1_5_36_comp5
G_2_A_120_1_1_comp1,P_2_A_120_1_1_comp1,R_2_A_120_1_1,TCDB,TCDB.2_A_120_1_1_comp1
G_1_B_11_3_5_comp1,P_1_B_11_3_5_comp1,R_1_B_11_3_5,TCDB,TCDB.1_B_11_3_5_comp1
G_3_A_11_1_2_comp1,P_3_A_11_1_2_comp1+3_A_11_1_2_comp2+3_A_11_1_2_comp3,R_3_A_11_1_2,TCDB,TCDB.3_A_11_1_2_comp1
G_3_A_11_1_2_comp2,P_3_A_11_1_2_comp1+3_A_11_1_2_comp2+3_A_11_1_2_comp3,R_3_A_11_1_2,TCDB,TCDB.3_A_11_1_2_comp2
G_3_A_11_1_2_comp3,P_3_A_11_1_2_comp1+3_A_11_1_2_comp2+3_A_11_1_2_comp3,R_3_A_11_1_2,TCDB,TCDB.3_A_11_1_2_comp3
G_1_C_70_1_1_comp1,P_1_C_70_1_1_comp1,R_1_C_70_1_1,TCDB,TCDB.1_C_70_1_1_comp1
G_2_A_6_3_6_comp1,P_2_A_6_3_6_comp1,R_2_A_6_3_6,TCDB,TCDB.2_A_6_3_6_comp1
G_3_D_4_4_4_comp1,P_3_D_4_4_4_comp1+3_D_4_4_4_comp2+3_D_4_4_4_comp3,R_3_D_4_4_4,TCDB,TCDB.3_D_4_4_4_comp1
G_3_D_4_4_4_comp2,P_3_D_4_4_4_comp1+3_D_4_4_4_comp2+3_D_4_4_4_comp3,R_3_D_4_4_4,TCDB,TCDB.3_D_4_4_4_comp2
G_3_D_4_4_4_comp3,P_3_D_4_4_4_comp1+3_D_4_4_4_comp2+3_D_4_4_4_comp3,R_3_D_4_4_4,TCDB,TCDB.3_D_4_4_4_comp3
G_3_D_4_3_4_comp1,P_3_D_4_3_4_comp1+3_D_4_3_4_comp2,R_3_D_4_3_4,TCDB,TCDB.3_D_4_3_4_comp1
G_3_D_4_3_4_comp2,P_3_D_4_3_4_comp1+3_D_4_3_4_comp2,R_3_D_4_3_4,TCDB,TCDB.3_D_4_3_4_comp2
G_3_D_1_8_2_comp1,P_3_D_1_8_2_comp1+3_D_1_8_2_comp2+3_D_1_8_2_comp3+3_D_1_8_2_comp4+3_D_1_8_2_comp5+3_D_1_8_2_comp6+3_D_1_8_2_comp7+3_D_1_8_2_comp8+3_D_1_8_2_comp9+3_D_1_8_2_comp10+3_D_1_8_2_comp11+3_D_1_8_2_comp12+3_D_1_8_2_comp13+3_D_1_8_2_comp14+3_D_1_8_2_comp15+3_D_1_8_2_comp16,R_3_D_1_8_2,TCDB,TCDB.3_D_1_8_2_comp1
G_3_D_1_8_2_comp2,P_3_D_1_8_2_comp1+3_D_1_8_2_comp2+3_D_1_8_2_comp3+3_D_1_8_2_comp4+3_D_1_8_2_comp5+3_D_1_8_2_comp6+3_D_1_8_2_comp7+3_D_1_8_2_comp8+3_D_1_8_2_comp9+3_D_1_8_2_comp10+3_D_1_8_2_comp11+3_D_1_8_2_comp12+3_D_1_8_2_comp13+3_D_1_8_2_comp14+3_D_1_8_2_comp15+3_D_1_8_2_comp16,R_3_D_1_8_2,TCDB,TCDB.3_D_1_8_2_comp2
G_3_D_1_8_2_comp3,P_3_D_1_8_2_comp1+3_D_1_8_2_comp2+3_D_1_8_2_comp3+3_D_1_8_2_comp4+3_D_1_8_2_comp5+3_D_1_8_2_comp6+3_D_1_8_2_comp7+3_D_1_8_2_comp8+3_D_1_8_2_comp9+3_D_1_8_2_comp10+3_D_1_8_2_comp11+3_D_1_8_2_comp12+3_D_1_8_2_comp13+3_D_1_8_2_comp14+3_D_1_8_2_comp15+3_D_1_8_2_comp16,R_3_D_1_8_2,TCDB,TCDB.3_D_1_8_2_comp3
G_3_D_1_8_2_comp4,P_3_D_1_8_2_comp1+3_D_1_8_2_comp2+3_D_1_8_2_comp3+3_D_1_8_2_comp4+3_D_1_8_2_comp5+3_D_1_8_2_comp6+3_D_1_8_2_comp7+3_D_1_8_2_comp8+3_D_1_8_2_comp9+3_D_1_8_2_comp10+3_D_1_8_2_comp11+3_D_1_8_2_comp12+3_D_1_8_2_comp13+3_D_1_8_2_comp14+3_D_1_8_2_comp15+3_D_1_8_2_comp16,R_3_D_1_8_2,TCDB,TCDB.3_D_1_8_2_comp4
G_3_D_1_8_2_comp5,P_3_D_1_8_2_comp1+3_D_1_8_2_comp2+3_D_1_8_2_comp3+3_D_1_8_2_comp4+3_D_1_8_2_comp5+3_D_1_8_2_comp6+3_D_1_8_2_comp7+3_D_1_8_2_comp8+3_D_1_8_2_comp9+3_D_1_8_2_comp10+3_D_1_8_2_comp11+3_D_1_8_2_comp12+3_D_1_8_2_comp13+3_D_1_8_2_comp14+3_D_1_8_2_comp15+3_D_1_8_2_comp16,R_3_D_1_8_2,TCDB,TCDB.3_D_1_8_2_comp5
G_3_D_1_8_2_comp6,P_3_D_1_8_2_comp1+3_D_1_8_2_comp2+3_D_1_8_2_comp3+3_D_1_8_2_comp4+3_D_1_8_2_comp5+3_D_1_8_2_comp6+3_D_1_8_2_comp7+3_D_1_8_2_comp8+3_D_1_8_2_comp9+3_D_1_8_2_comp10+3_D_1_8_2_comp11+3_D_1_8_2_comp12+3_D_1_8_2_comp13+3_D_1_8_2_comp14+3_D_1_8_2_comp15+3_D_1_8_2_comp16,R_3_D_1_8_2,TCDB,TCDB.3_D_1_8_2_comp6
G_3_D_1_8_2_comp7,P_3_D_1_8_2_comp1+3_D_1_8_2_comp2+3_D_1_8_2_comp3+3_D_1_8_2_comp4+3_D_1_8_2_comp5+3_D_1_8_2_comp6+3_D_1_8_2_comp7+3_D_1_8_2_comp8+3_D_1_8_2_comp9+3_D_1_8_2_comp10+3_D_1_8_2_comp11+3_D_1_8_2_comp12+3_D_1_8_2_comp13+3_D_1_8_2_comp14+3_D_1_8_2_comp15+3_D_1_8_2_comp16,R_3_D_1_8_2,TCDB,TCDB.3_D_1_8_2_comp7
G_3_D_1_8_2_comp8,P_3_D_1_8_2_comp1+3_D_1_8_2_comp2+3_D_1_8_2_comp3+3_D_1_8_2_comp4+3_D_1_8_2_comp5+3_D_1_8_2_comp6+3_D_1_8_2_comp7+3_D_1_8_2_comp8+3_D_1_8_2_comp9+3_D_1_8_2_comp10+3_D_1_8_2_comp11+3_D_1_8_2_comp12+3_D_1_8_2_comp13+3_D_1_8_2_comp14+3_D_1_8_2_comp15+3_D_1_8_2_comp16,R_3_D_1_8_2,TCDB,TCDB.3_D_1_8_2_comp8
G_3_D_1_8_2_comp9,P_3_D_1_8_2_comp1+3_D_1_8_2_comp2+3_D_1_8_2_comp3+3_D_1_8_2_comp4+3_D_1_8_2_comp5+3_D_1_8_2_comp6+3_D_1_8_2_comp7+3_D_1_8_2_comp8+3_D_1_8_2_comp9+3_D_1_8_2_comp10+3_D_1_8_2_comp11+3_D_1_8_2_comp12+3_D_1_8_2_comp13+3_D_1_8_2_comp14+3_D_1_8_2_comp15+3_D_1_8_2_comp16,R_3_D_1_8_2,TCDB,TCDB.3_D_1_8_2_comp9
G_3_D_1_8_2_comp10,P_3_D_1_8_2_comp1+3_D_1_8_2_comp2+3_D_1_8_2_comp3+3_D_1_8_2_comp4+3_D_1_8_2_comp5+3_D_1_8_2_comp6+3_D_1_8_2_comp7+3_D_1_8_2_comp8+3_D_1_8_2_comp9+3_D_1_8_2_comp10+3_D_1_8_2_comp11+3_D_1_8_2_comp12+3_D_1_8_2_comp13+3_D_1_8_2_comp14+3_D_1_8_2_comp15+3_D_1_8_2_comp16,R_3_D_1_8_2,TCDB,TCDB.3_D_1_8_2_comp10
G_3_D_1_8_2_comp11,P_3_D_1_8_2_comp1+3_D_1_8_2_comp2+3_D_1_8_2_comp3+3_D_1_8_2_comp4+3_D_1_8_2_comp5+3_D_1_8_2_comp6+3_D_1_8_2_comp7+3_D_1_8_2_comp8+3_D_1_8_2_comp9+3_D_1_8_2_comp10+3_D_1_8_2_comp11+3_D_1_8_2_comp12+3_D_1_8_2_comp13+3_D_1_8_2_comp14+3_D_1_8_2_comp15+3_D_1_8_2_comp16,R_3_D_1_8_2,TCDB,TCDB.3_D_1_8_2_comp11
G_3_D_1_8_2_comp12,P_3_D_1_8_2_comp1+3_D_1_8_2_comp2+3_D_1_8_2_comp3+3_D_1_8_2_comp4+3_D_1_8_2_comp5+3_D_1_8_2_comp6+3_D_1_8_2_comp7+3_D_1_8_2_comp8+3_D_1_8_2_comp9+3_D_1_8_2_comp10+3_D_1_8_2_comp11+3_D_1_8_2_comp12+3_D_1_8_2_comp13+3_D_1_8_2_comp14+3_D_1_8_2_comp15+3_D_1_8_2_comp16,R_3_D_1_8_2,TCDB,TCDB.3_D_1_8_2_comp12
G_3_D_1_8_2_comp13,P_3_D_1_8_2_comp1+3_D_1_8_2_comp2+3_D_1_8_2_comp3+3_D_1_8_2_comp4+3_D_1_8_2_comp5+3_D_1_8_2_comp6+3_D_1_8_2_comp7+3_D_1_8_2_comp8+3_D_1_8_2_comp9+3_D_1_8_2_comp10+3_D_1_8_2_comp11+3_D_1_8_2_comp12+3_D_1_8_2_comp13+3_D_1_8_2_comp14+3_D_1_8_2_comp15+3_D_1_8_2_comp16,R_3_D_1_8_2,TCDB,TCDB.3_D_1_8_2_comp13
G_3_D_1_8_2_comp14,P_3_D_1_8_2_comp1+3_D_1_8_2_comp2+3_D_1_8_2_comp3+3_D_1_8_2_comp4+3_D_1_8_2_comp5+3_D_1_8_2_comp6+3_D_1_8_2_comp7+3_D_1_8_2_comp8+3_D_1_8_2_comp9+3_D_1_8_2_comp10+3_D_1_8_2_comp11+3_D_1_8_2_comp12+3_D_1_8_2_comp13+3_D_1_8_2_comp14+3_D_1_8_2_comp15+3_D_1_8_2_comp16,R_3_D_1_8_2,TCDB,TCDB.3_D_1_8_2_comp14
G_3_D_1_8_2_comp15,P_3_D_1_8_2_comp1+3_D_1_8_2_comp2+3_D_1_8_2_comp3+3_D_1_8_2_comp4+3_D_1_8_2_comp5+3_D_1_8_2_comp6+3_D_1_8_2_comp7+3_D_1_8_2_comp8+3_D_1_8_2_comp9+3_D_1_8_2_comp10+3_D_1_8_2_comp11+3_D_1_8_2_comp12+3_D_1_8_2_comp13+3_D_1_8_2_comp14+3_D_1_8_2_comp15+3_D_1_8_2_comp16,R_3_D_1_8_2,TCDB,TCDB.3_D_1_8_2_comp15
G_3_D_1_8_2_comp16,P_3_D_1_8_2_comp1+3_D_1_8_2_comp2+3_D_1_8_2_comp3+3_D_1_8_2_comp4+3_D_1_8_2_comp5+3_D_1_8_2_comp6+3_D_1_8_2_comp7+3_D_1_8_2_comp8+3_D_1_8_2_comp9+3_D_1_8_2_comp10+3_D_1_8_2_comp11+3_D_1_8_2_comp12+3_D_1_8_2_comp13+3_D_1_8_2_comp14+3_D_1_8_2_comp15+3_D_1_8_2_comp16,R_3_D_1_8_2,TCDB,TCDB.3_D_1_8_2_comp16
G_3_A_3_32_8_comp1,P_3_A_3_32_8_comp1,R_3_A_3_32_8,TCDB,TCDB.3_A_3_32_8_comp1
G_3_A_1_142_1_comp1,P_3_A_1_142_1_comp1+3_A_1_142_1_comp2,R_3_A_1_142_1,TCDB,TCDB.3_A_1_142_1_comp1
G_3_A_1_142_1_comp2,P_3_A_1_142_1_comp1+3_A_1_142_1_comp2,R_3_A_1_142_1,TCDB,TCDB.3_A_1_142_1_comp2
G_2_A_4_1_7_comp1,P_2_A_4_1_7_comp1,R_2_A_4_1_7,TCDB,TCDB.2_A_4_1_7_comp1
G_2_A_66_2_22_comp1,P_2_A_66_2_22_comp1,R_2_A_66_2_22,TCDB,TCDB.2_A_66_2_22_comp1
G_2_A_66_1_41_comp1,P_2_A_66_1_41_comp1,R_2_A_66_1_41,TCDB,TCDB.2_A_66_1_41_comp1
G_3_A_1_134_4_comp1,P_3_A_1_134_4_comp1+3_A_1_134_4_comp2,R_3_A_1_134_4,TCDB,TCDB.3_A_1_134_4_comp1
G_3_A_1_134_4_comp2,P_3_A_1_134_4_comp1+3_A_1_134_4_comp2,R_3_A_1_134_4,TCDB,TCDB.3_A_1_134_4_comp2
G_3_A_1_122_20_comp1,P_3_A_1_122_20_comp1+3_A_1_122_20_comp2+3_A_1_122_20_comp3,R_3_A_1_122_20,TCDB,TCDB.3_A_1_122_20_comp1
G_3_A_1_122_20_comp2,P_3_A_1_122_20_comp1+3_A_1_122_20_comp2+3_A_1_122_20_comp3,R_3_A_1_122_20,TCDB,TCDB.3_A_1_122_20_comp2
G_3_A_1_122_20_comp3,P_3_A_1_122_20_comp1+3_A_1_122_20_comp2+3_A_1_122_20_comp3,R_3_A_1_122_20,TCDB,TCDB.3_A_1_122_20_comp3
G_3_A_1_4_10_comp1,P_3_A_1_4_10_comp1+3_A_1_4_10_comp2+3_A_1_4_10_comp3+3_A_1_4_10_comp4+3_A_1_4_10_comp5,R_3_A_1_4_10,TCDB,TCDB.3_A_1_4_10_comp1
G_3_A_1_4_10_comp2,P_3_A_1_4_10_comp1+3_A_1_4_10_comp2+3_A_1_4_10_comp3+3_A_1_4_10_comp4+3_A_1_4_10_comp5,R_3_A_1_4_10,TCDB,TCDB.3_A_1_4_10_comp2
G_3_A_1_4_10_comp3,P_3_A_1_4_10_comp1+3_A_1_4_10_comp2+3_A_1_4_10_comp3+3_A_1_4_10_comp4+3_A_1_4_10_comp5,R_3_A_1_4_10,TCDB,TCDB.3_A_1_4_10_comp3
G_3_A_1_4_10_comp4,P_3_A_1_4_10_comp1+3_A_1_4_10_comp2+3_A_1_4_10_comp3+3_A_1_4_10_comp4+3_A_1_4_10_comp5,R_3_A_1_4_10,TCDB,TCDB.3_A_1_4_10_comp4
G_3_A_1_4_10_comp5,P_3_A_1_4_10_comp1+3_A_1_4_10_comp2+3_A_1_4_10_comp3+3_A_1_4_10_comp4+3_A_1_4_10_comp5,R_3_A_1_4_10,TCDB,TCDB.3_A_1_4_10_comp5
G_4_A_6_1_14_comp1,P_4_A_6_1_14_comp1+4_A_6_1_14_comp2+4_A_6_1_14_comp3+4_A_6_1_14_comp4,R_4_A_6_1_14,TCDB,TCDB.4_A_6_1_14_comp1
G_4_A_6_1_14_comp2,P_4_A_6_1_14_comp1+4_A_6_1_14_comp2+4_A_6_1_14_comp3+4_A_6_1_14_comp4,R_4_A_6_1_14,TCDB,TCDB.4_A_6_1_14_comp2
G_4_A_6_1_14_comp3,P_4_A_6_1_14_comp1+4_A_6_1_14_comp2+4_A_6_1_14_comp3+4_A_6_1_14_comp4,R_4_A_6_1_14,TCDB,TCDB.4_A_6_1_14_comp3
G_4_A_6_1_14_comp4,P_4_A_6_1_14_comp1+4_A_6_1_14_comp2+4_A_6_1_14_comp3+4_A_6_1_14_comp4,R_4_A_6_1_14,TCDB,TCDB.4_A_6_1_14_comp4
G_4_A_1_1_11_comp1,P_4_A_1_1_11_comp1,R_4_A_1_1_11,TCDB,TCDB.4_A_1_1_11_comp1
G_9_A_38_1_1_comp1,P_9_A_38_1_1_comp1,R_9_A_38_1_1,TCDB,TCDB.9_A_38_1_1_comp1
G_1_A_11_1_9_comp1,P_1_A_11_1_9_comp1,R_1_A_11_1_9,TCDB,TCDB.1_A_11_1_9_comp1
G_3_A_1_1_27_comp1,P_3_A_1_1_27_comp1+3_A_1_1_27_comp2+3_A_1_1_27_comp3+3_A_1_1_27_comp4,R_3_A_1_1_27,TCDB,TCDB.3_A_1_1_27_comp1
G_3_A_1_1_27_comp2,P_3_A_1_1_27_comp1+3_A_1_1_27_comp2+3_A_1_1_27_comp3+3_A_1_1_27_comp4,R_3_A_1_1_27,TCDB,TCDB.3_A_1_1_27_comp2
G_3_A_1_1_27_comp3,P_3_A_1_1_27_comp1+3_A_1_1_27_comp2+3_A_1_1_27_comp3+3_A_1_1_27_comp4,R_3_A_1_1_27,TCDB,TCDB.3_A_1_1_27_comp3
G_3_A_1_1_27_comp4,P_3_A_1_1_27_comp1+3_A_1_1_27_comp2+3_A_1_1_27_comp3+3_A_1_1_27_comp4,R_3_A_1_1_27,TCDB,TCDB.3_A_1_1_27_comp4
G_3_A_1_2_12_comp1,P_3_A_1_2_12_comp1+3_A_1_2_12_comp2+3_A_1_2_12_comp3+3_A_1_2_12_comp4,R_3_A_1_2_12,TCDB,TCDB.3_A_1_2_12_comp1
G_3_A_1_2_12_comp2,P_3_A_1_2_12_comp1+3_A_1_2_12_comp2+3_A_1_2_12_comp3+3_A_1_2_12_comp4,R_3_A_1_2_12,TCDB,TCDB.3_A_1_2_12_comp2
G_3_A_1_2_12_comp3,P_3_A_1_2_12_comp1+3_A_1_2_12_comp2+3_A_1_2_12_comp3+3_A_1_2_12_comp4,R_3_A_1_2_12,TCDB,TCDB.3_A_1_2_12_comp3
G_3_A_1_2_12_comp4,P_3_A_1_2_12_comp1+3_A_1_2_12_comp2+3_A_1_2_12_comp3+3_A_1_2_12_comp4,R_3_A_1_2_12,TCDB,TCDB.3_A_1_2_12_comp4
G_2_A_11_1_3_comp1,P_2_A_11_1_3_comp1,R_2_A_11_1_3,TCDB,TCDB.2_A_11_1_3_comp1
G_9_B_2_1_16_comp1,P_9_B_2_1_16_comp1,R_9_B_2_1_16,TCDB,TCDB.9_B_2_1_16_comp1
G_3_A_3_5_40_comp1,P_3_A_3_5_40_comp1,R_3_A_3_5_40,TCDB,TCDB.3_A_3_5_40_comp1
G_3_A_1_15_20_comp1,P_3_A_1_15_20_comp1+3_A_1_15_20_comp2+3_A_1_15_20_comp3,R_3_A_1_15_20,TCDB,TCDB.3_A_1_15_20_comp1
G_3_A_1_15_20_comp2,P_3_A_1_15_20_comp1+3_A_1_15_20_comp2+3_A_1_15_20_comp3,R_3_A_1_15_20,TCDB,TCDB.3_A_1_15_20_comp2
G_3_A_1_15_20_comp3,P_3_A_1_15_20_comp1+3_A_1_15_20_comp2+3_A_1_15_20_comp3,R_3_A_1_15_20,TCDB,TCDB.3_A_1_15_20_comp3
G_5_B_5_1_1_comp1,P_5_B_5_1_1_comp1+5_B_5_1_1_comp2+5_B_5_1_1_comp3+5_B_5_1_1_comp4,R_5_B_5_1_1,TCDB,TCDB.5_B_5_1_1_comp1
G_5_B_5_1_1_comp2,P_5_B_5_1_1_comp1+5_B_5_1_1_comp2+5_B_5_1_1_comp3+5_B_5_1_1_comp4,R_5_B_5_1_1,TCDB,TCDB.5_B_5_1_1_comp2
G_5_B_5_1_1_comp3,P_5_B_5_1_1_comp1+5_B_5_1_1_comp2+5_B_5_1_1_comp3+5_B_5_1_1_comp4,R_5_B_5_1_1,TCDB,TCDB.5_B_5_1_1_comp3
G_5_B_5_1_1_comp4,P_5_B_5_1_1_comp1+5_B_5_1_1_comp2+5_B_5_1_1_comp3+5_B_5_1_1_comp4,R_5_B_5_1_1,TCDB,TCDB.5_B_5_1_1_comp4
G_2_A_3_13_3_comp1,P_2_A_3_13_3_comp1,R_2_A_3_13_3,TCDB,TCDB.2_A_3_13_3_comp1
G_2_A_4_7_5_comp1,P_2_A_4_7_5_comp1,R_2_A_4_7_5,TCDB,TCDB.2_A_4_7_5_comp1
G_2_A_22_5_5_comp1,P_2_A_22_5_5_comp1,R_2_A_22_5_5,TCDB,TCDB.2_A_22_5_5_comp1
G_1_A_26_1_7_comp1,P_1_A_26_1_7_comp1,R_1_A_26_1_7,TCDB,TCDB.1_A_26_1_7_comp1
G_1_B_1_9_2_comp1,P_1_B_1_9_2_comp1,R_1_B_1_9_2,TCDB,TCDB.1_B_1_9_2_comp1
G_1_B_6_1_22_comp1,P_1_B_6_1_22_comp1,R_1_B_6_1_22,TCDB,TCDB.1_B_6_1_22_comp1
G_2_A_1_7_8_comp1,P_2_A_1_7_8_comp1,R_2_A_1_7_8,TCDB,TCDB.2_A_1_7_8_comp1
G_9_B_155_1_3_comp1,P_9_B_155_1_3_comp1,R_9_B_155_1_3,TCDB,TCDB.9_B_155_1_3_comp1
G_2_A_6_3_13_comp1,P_2_A_6_3_13_comp1,R_2_A_6_3_13,TCDB,TCDB.2_A_6_3_13_comp1
G_2_A_102_3_4_comp1,P_2_A_102_3_4_comp1,R_2_A_102_3_4,TCDB,TCDB.2_A_102_3_4_comp1
G_1_B_14_8_4_comp1,P_1_B_14_8_4_comp1,R_1_B_14_8_4,TCDB,TCDB.1_B_14_8_4_comp1
G_4_B_1_1_4_comp1,P_4_B_1_1_4_comp1,R_4_B_1_1_4,TCDB,TCDB.4_B_1_1_4_comp1
G_2_A_2_6_3_comp1,P_2_A_2_6_3_comp1,R_2_A_2_6_3,TCDB,TCDB.2_A_2_6_3_comp1
G_9_A_8_1_19_comp1,P_9_A_8_1_19_comp1+9_A_8_1_19_comp2,R_9_A_8_1_19,TCDB,TCDB.9_A_8_1_19_comp1
G_9_A_8_1_19_comp2,P_9_A_8_1_19_comp1+9_A_8_1_19_comp2,R_9_A_8_1_19,TCDB,TCDB.9_A_8_1_19_comp2
G_5_B_5_1_3_comp1,P_5_B_5_1_3_comp1+5_B_5_1_3_comp2+5_B_5_1_3_comp3,R_5_B_5_1_3,TCDB,TCDB.5_B_5_1_3_comp1
G_5_B_5_1_3_comp2,P_5_B_5_1_3_comp1+5_B_5_1_3_comp2+5_B_5_1_3_comp3,R_5_B_5_1_3,TCDB,TCDB.5_B_5_1_3_comp2
G_5_B_5_1_3_comp3,P_5_B_5_1_3_comp1+5_B_5_1_3_comp2+5_B_5_1_3_comp3,R_5_B_5_1_3,TCDB,TCDB.5_B_5_1_3_comp3
G_2_A_8_1_6_comp1,P_2_A_8_1_6_comp1,R_2_A_8_1_6,TCDB,TCDB.2_A_8_1_6_comp1
G_5_B_5_1_4_comp1,P_5_B_5_1_4_comp1,R_5_B_5_1_4,TCDB,TCDB.5_B_5_1_4_comp1
G_2_A_133_2_1_comp1,P_2_A_133_2_1_comp1,R_2_A_133_2_1,TCDB,TCDB.2_A_133_2_1_comp1
G_2_A_102_4_13_comp1,P_2_A_102_4_13_comp1,R_2_A_102_4_13,TCDB,TCDB.2_A_102_4_13_comp1
G_9_A_5_1_1_comp1,P_9_A_5_1_1_comp1,R_9_A_5_1_1,TCDB,TCDB.9_A_5_1_1_comp1
G_2_A_35_1_5_comp1,P_2_A_35_1_5_comp1,R_2_A_35_1_5,TCDB,TCDB.2_A_35_1_5_comp1
G_2_A_106_1_8_comp1,P_2_A_106_1_8_comp1,R_2_A_106_1_8,TCDB,TCDB.2_A_106_1_8_comp1
G_3_A_1_14_23_comp1,P_3_A_1_14_23_comp1+3_A_1_14_23_comp2,R_3_A_1_14_23,TCDB,TCDB.3_A_1_14_23_comp1
G_3_A_1_14_23_comp2,P_3_A_1_14_23_comp1+3_A_1_14_23_comp2,R_3_A_1_14_23,TCDB,TCDB.3_A_1_14_23_comp2
G_2_A_35_2_2_comp1,P_2_A_35_2_2_comp1,R_2_A_35_2_2,TCDB,TCDB.2_A_35_2_2_comp1
G_2_A_25_1_4_comp1,P_2_A_25_1_4_comp1,R_2_A_25_1_4,TCDB,TCDB.2_A_25_1_4_comp1
G_2_A_59_1_3_comp1,P_2_A_59_1_3_comp1,R_2_A_59_1_3,TCDB,TCDB.2_A_59_1_3_comp1
G_2_A_56_1_12_comp1,P_2_A_56_1_12_comp1+2_A_56_1_12_comp2,R_2_A_56_1_12,TCDB,TCDB.2_A_56_1_12_comp1
G_2_A_56_1_12_comp2,P_2_A_56_1_12_comp1+2_A_56_1_12_comp2,R_2_A_56_1_12,TCDB,TCDB.2_A_56_1_12_comp2
G_9_B_283_1_3_comp1,P_9_B_283_1_3_comp1,R_9_B_283_1_3,TCDB,TCDB.9_B_283_1_3_comp1
G_2_A_119_1_6_comp1,P_2_A_119_1_6_comp1,R_2_A_119_1_6,TCDB,TCDB.2_A_119_1_6_comp1
G_2_A_17_4_7_comp1,P_2_A_17_4_7_comp1,R_2_A_17_4_7,TCDB,TCDB.2_A_17_4_7_comp1
G_1_B_40_3_2_comp1,P_1_B_40_3_2_comp1,R_1_B_40_3_2,TCDB,TCDB.1_B_40_3_2_comp1
G_1_B_48_1_9_comp1,P_1_B_48_1_9_comp1,R_1_B_48_1_9,TCDB,TCDB.1_B_48_1_9_comp1
G_1_A_30_2_8_comp1,P_1_A_30_2_8_comp1+1_A_30_2_8_comp2,R_1_A_30_2_8,TCDB,TCDB.1_A_30_2_8_comp1
G_1_A_30_2_8_comp2,P_1_A_30_2_8_comp1+1_A_30_2_8_comp2,R_1_A_30_2_8,TCDB,TCDB.1_A_30_2_8_comp2
G_2_A_1_2_82_comp1,P_2_A_1_2_82_comp1,R_2_A_1_2_82,TCDB,TCDB.2_A_1_2_82_comp1
G_9_B_1_1_5_comp1,P_9_B_1_1_5_comp1,R_9_B_1_1_5,TCDB,TCDB.9_B_1_1_5_comp1
G_1_B_48_1_7_comp1,P_1_B_48_1_7_comp1,R_1_B_48_1_7,TCDB,TCDB.1_B_48_1_7_comp1
G_3_D_1_9_3_comp1,P_3_D_1_9_3_comp1+3_D_1_9_3_comp2+3_D_1_9_3_comp3+3_D_1_9_3_comp4+3_D_1_9_3_comp5+3_D_1_9_3_comp6+3_D_1_9_3_comp7+3_D_1_9_3_comp8,R_3_D_1_9_3,TCDB,TCDB.3_D_1_9_3_comp1
G_3_D_1_9_3_comp2,P_3_D_1_9_3_comp1+3_D_1_9_3_comp2+3_D_1_9_3_comp3+3_D_1_9_3_comp4+3_D_1_9_3_comp5+3_D_1_9_3_comp6+3_D_1_9_3_comp7+3_D_1_9_3_comp8,R_3_D_1_9_3,TCDB,TCDB.3_D_1_9_3_comp2
G_3_D_1_9_3_comp3,P_3_D_1_9_3_comp1+3_D_1_9_3_comp2+3_D_1_9_3_comp3+3_D_1_9_3_comp4+3_D_1_9_3_comp5+3_D_1_9_3_comp6+3_D_1_9_3_comp7+3_D_1_9_3_comp8,R_3_D_1_9_3,TCDB,TCDB.3_D_1_9_3_comp3
G_3_D_1_9_3_comp4,P_3_D_1_9_3_comp1+3_D_1_9_3_comp2+3_D_1_9_3_comp3+3_D_1_9_3_comp4+3_D_1_9_3_comp5+3_D_1_9_3_comp6+3_D_1_9_3_comp7+3_D_1_9_3_comp8,R_3_D_1_9_3,TCDB,TCDB.3_D_1_9_3_comp4
G_3_D_1_9_3_comp5,P_3_D_1_9_3_comp1+3_D_1_9_3_comp2+3_D_1_9_3_comp3+3_D_1_9_3_comp4+3_D_1_9_3_comp5+3_D_1_9_3_comp6+3_D_1_9_3_comp7+3_D_1_9_3_comp8,R_3_D_1_9_3,TCDB,TCDB.3_D_1_9_3_comp5
G_3_D_1_9_3_comp6,P_3_D_1_9_3_comp1+3_D_1_9_3_comp2+3_D_1_9_3_comp3+3_D_1_9_3_comp4+3_D_1_9_3_comp5+3_D_1_9_3_comp6+3_D_1_9_3_comp7+3_D_1_9_3_comp8,R_3_D_1_9_3,TCDB,TCDB.3_D_1_9_3_comp6
G_3_D_1_9_3_comp7,P_3_D_1_9_3_comp1+3_D_1_9_3_comp2+3_D_1_9_3_comp3+3_D_1_9_3_comp4+3_D_1_9_3_comp5+3_D_1_9_3_comp6+3_D_1_9_3_comp7+3_D_1_9_3_comp8,R_3_D_1_9_3,TCDB,TCDB.3_D_1_9_3_comp7
G_3_D_1_9_3_comp8,P_3_D_1_9_3_comp1+3_D_1_9_3_comp2+3_D_1_9_3_comp3+3_D_1_9_3_comp4+3_D_1_9_3_comp5+3_D_1_9_3_comp6+3_D_1_9_3_comp7+3_D_1_9_3_comp8,R_3_D_1_9_3,TCDB,TCDB.3_D_1_9_3_comp8
G_9_B_97_1_6_comp1,P_9_B_97_1_6_comp1,R_9_B_97_1_6,TCDB,TCDB.9_B_97_1_6_comp1
G_9_B_29_1_1_comp1,P_9_B_29_1_1_comp1,R_9_B_29_1_1,TCDB,TCDB.9_B_29_1_1_comp1
G_2_A_121_4_6_comp1,P_2_A_121_4_6_comp1,R_2_A_121_4_6,TCDB,TCDB.2_A_121_4_6_comp1
G_1_E_40_3_6_comp1,P_1_E_40_3_6_comp1,R_1_E_40_3_6,TCDB,TCDB.1_E_40_3_6_comp1
G_1_A_30_2_9_comp1,P_1_A_30_2_9_comp1+1_A_30_2_9_comp2,R_1_A_30_2_9,TCDB,TCDB.1_A_30_2_9_comp1
G_1_A_30_2_9_comp2,P_1_A_30_2_9_comp1+1_A_30_2_9_comp2,R_1_A_30_2_9,TCDB,TCDB.1_A_30_2_9_comp2
G_9_B_105_2_1_comp1,P_9_B_105_2_1_comp1,R_9_B_105_2_1,TCDB,TCDB.9_B_105_2_1_comp1
G_2_A_66_2_21_comp1,P_2_A_66_2_21_comp1,R_2_A_66_2_21,TCDB,TCDB.2_A_66_2_21_comp1
G_2_A_111_1_1_comp1,P_2_A_111_1_1_comp1,R_2_A_111_1_1,TCDB,TCDB.2_A_111_1_1_comp1
G_9_B_104_1_5_comp1,P_9_B_104_1_5_comp1,R_9_B_104_1_5,TCDB,TCDB.9_B_104_1_5_comp1
G_9_B_157_1_4_comp1,P_9_B_157_1_4_comp1+9_B_157_1_4_comp2+9_B_157_1_4_comp3,R_9_B_157_1_4,TCDB,TCDB.9_B_157_1_4_comp1
G_9_B_157_1_4_comp2,P_9_B_157_1_4_comp1+9_B_157_1_4_comp2+9_B_157_1_4_comp3,R_9_B_157_1_4,TCDB,TCDB.9_B_157_1_4_comp2
G_9_B_157_1_4_comp3,P_9_B_157_1_4_comp1+9_B_157_1_4_comp2+9_B_157_1_4_comp3,R_9_B_157_1_4,TCDB,TCDB.9_B_157_1_4_comp3
G_9_B_126_2_3_comp1,P_9_B_126_2_3_comp1,R_9_B_126_2_3,TCDB,TCDB.9_B_126_2_3_comp1
G_1_A_12_2_2_comp1,P_1_A_12_2_2_comp1,R_1_A_12_2_2,TCDB,TCDB.1_A_12_2_2_comp1
G_3_A_15_4_1_comp1,P_3_A_15_4_1_comp1+3_A_15_4_1_comp2+3_A_15_4_1_comp3+3_A_15_4_1_comp4+3_A_15_4_1_comp5+3_A_15_4_1_comp6+3_A_15_4_1_comp7+3_A_15_4_1_comp8+3_A_15_4_1_comp9+3_A_15_4_1_comp10+3_A_15_4_1_comp11+3_A_15_4_1_comp12,R_3_A_15_4_1,TCDB,TCDB.3_A_15_4_1_comp1
G_3_A_15_4_1_comp2,P_3_A_15_4_1_comp1+3_A_15_4_1_comp2+3_A_15_4_1_comp3+3_A_15_4_1_comp4+3_A_15_4_1_comp5+3_A_15_4_1_comp6+3_A_15_4_1_comp7+3_A_15_4_1_comp8+3_A_15_4_1_comp9+3_A_15_4_1_comp10+3_A_15_4_1_comp11+3_A_15_4_1_comp12,R_3_A_15_4_1,TCDB,TCDB.3_A_15_4_1_comp2
G_3_A_15_4_1_comp3,P_3_A_15_4_1_comp1+3_A_15_4_1_comp2+3_A_15_4_1_comp3+3_A_15_4_1_comp4+3_A_15_4_1_comp5+3_A_15_4_1_comp6+3_A_15_4_1_comp7+3_A_15_4_1_comp8+3_A_15_4_1_comp9+3_A_15_4_1_comp10+3_A_15_4_1_comp11+3_A_15_4_1_comp12,R_3_A_15_4_1,TCDB,TCDB.3_A_15_4_1_comp3
G_3_A_15_4_1_comp4,P_3_A_15_4_1_comp1+3_A_15_4_1_comp2+3_A_15_4_1_comp3+3_A_15_4_1_comp4+3_A_15_4_1_comp5+3_A_15_4_1_comp6+3_A_15_4_1_comp7+3_A_15_4_1_comp8+3_A_15_4_1_comp9+3_A_15_4_1_comp10+3_A_15_4_1_comp11+3_A_15_4_1_comp12,R_3_A_15_4_1,TCDB,TCDB.3_A_15_4_1_comp4
G_3_A_15_4_1_comp5,P_3_A_15_4_1_comp1+3_A_15_4_1_comp2+3_A_15_4_1_comp3+3_A_15_4_1_comp4+3_A_15_4_1_comp5+3_A_15_4_1_comp6+3_A_15_4_1_comp7+3_A_15_4_1_comp8+3_A_15_4_1_comp9+3_A_15_4_1_comp10+3_A_15_4_1_comp11+3_A_15_4_1_comp12,R_3_A_15_4_1,TCDB,TCDB.3_A_15_4_1_comp5
G_3_A_15_4_1_comp6,P_3_A_15_4_1_comp1+3_A_15_4_1_comp2+3_A_15_4_1_comp3+3_A_15_4_1_comp4+3_A_15_4_1_comp5+3_A_15_4_1_comp6+3_A_15_4_1_comp7+3_A_15_4_1_comp8+3_A_15_4_1_comp9+3_A_15_4_1_comp10+3_A_15_4_1_comp11+3_A_15_4_1_comp12,R_3_A_15_4_1,TCDB,TCDB.3_A_15_4_1_comp6
G_3_A_15_4_1_comp7,P_3_A_15_4_1_comp1+3_A_15_4_1_comp2+3_A_15_4_1_comp3+3_A_15_4_1_comp4+3_A_15_4_1_comp5+3_A_15_4_1_comp6+3_A_15_4_1_comp7+3_A_15_4_1_comp8+3_A_15_4_1_comp9+3_A_15_4_1_comp10+3_A_15_4_1_comp11+3_A_15_4_1_comp12,R_3_A_15_4_1,TCDB,TCDB.3_A_15_4_1_comp7
G_3_A_15_4_1_comp8,P_3_A_15_4_1_comp1+3_A_15_4_1_comp2+3_A_15_4_1_comp3+3_A_15_4_1_comp4+3_A_15_4_1_comp5+3_A_15_4_1_comp6+3_A_15_4_1_comp7+3_A_15_4_1_comp8+3_A_15_4_1_comp9+3_A_15_4_1_comp10+3_A_15_4_1_comp11+3_A_15_4_1_comp12,R_3_A_15_4_1,TCDB,TCDB.3_A_15_4_1_comp8
G_3_A_15_4_1_comp9,P_3_A_15_4_1_comp1+3_A_15_4_1_comp2+3_A_15_4_1_comp3+3_A_15_4_1_comp4+3_A_15_4_1_comp5+3_A_15_4_1_comp6+3_A_15_4_1_comp7+3_A_15_4_1_comp8+3_A_15_4_1_comp9+3_A_15_4_1_comp10+3_A_15_4_1_comp11+3_A_15_4_1_comp12,R_3_A_15_4_1,TCDB,TCDB.3_A_15_4_1_comp9
G_3_A_15_4_1_comp10,P_3_A_15_4_1_comp1+3_A_15_4_1_comp2+3_A_15_4_1_comp3+3_A_15_4_1_comp4+3_A_15_4_1_comp5+3_A_15_4_1_comp6+3_A_15_4_1_comp7+3_A_15_4_1_comp8+3_A_15_4_1_comp9+3_A_15_4_1_comp10+3_A_15_4_1_comp11+3_A_15_4_1_comp12,R_3_A_15_4_1,TCDB,TCDB.3_A_15_4_1_comp10
G_3_A_15_4_1_comp11,P_3_A_15_4_1_comp1+3_A_15_4_1_comp2+3_A_15_4_1_comp3+3_A_15_4_1_comp4+3_A_15_4_1_comp5+3_A_15_4_1_comp6+3_A_15_4_1_comp7+3_A_15_4_1_comp8+3_A_15_4_1_comp9+3_A_15_4_1_comp10+3_A_15_4_1_comp11+3_A_15_4_1_comp12,R_3_A_15_4_1,TCDB,TCDB.3_A_15_4_1_comp11
G_3_A_15_4_1_comp12,P_3_A_15_4_1_comp1+3_A_15_4_1_comp2+3_A_15_4_1_comp3+3_A_15_4_1_comp4+3_A_15_4_1_comp5+3_A_15_4_1_comp6+3_A_15_4_1_comp7+3_A_15_4_1_comp8+3_A_15_4_1_comp9+3_A_15_4_1_comp10+3_A_15_4_1_comp11+3_A_15_4_1_comp12,R_3_A_15_4_1,TCDB,TCDB.3_A_15_4_1_comp12
G_2_A_123_2_4_comp1,P_2_A_123_2_4_comp1,R_2_A_123_2_4,TCDB,TCDB.2_A_123_2_4_comp1
G_9_B_8_2_1_comp1,P_9_B_8_2_1_comp1,R_9_B_8_2_1,TCDB,TCDB.9_B_8_2_1_comp1
G_9_B_146_1_3_comp1,P_9_B_146_1_3_comp1,R_9_B_146_1_3,TCDB,TCDB.9_B_146_1_3_comp1
G_9_B_142_4_3_comp1,P_9_B_142_4_3_comp1,R_9_B_142_4_3,TCDB,TCDB.9_B_142_4_3_comp1
G_3_D_10_1_2_comp1,P_3_D_10_1_2_comp1+3_D_10_1_2_comp2+3_D_10_1_2_comp3,R_3_D_10_1_2,TCDB,TCDB.3_D_10_1_2_comp1
G_3_D_10_1_2_comp2,P_3_D_10_1_2_comp1+3_D_10_1_2_comp2+3_D_10_1_2_comp3,R_3_D_10_1_2,TCDB,TCDB.3_D_10_1_2_comp2
G_3_D_10_1_2_comp3,P_3_D_10_1_2_comp1+3_D_10_1_2_comp2+3_D_10_1_2_comp3,R_3_D_10_1_2,TCDB,TCDB.3_D_10_1_2_comp3
G_1_B_33_4_1_comp1,P_1_B_33_4_1_comp1,R_1_B_33_4_1,TCDB,TCDB.1_B_33_4_1_comp1
G_1_B_9_3_3_comp1,P_1_B_9_3_3_comp1,R_1_B_9_3_3,TCDB,TCDB.1_B_9_3_3_comp1
G_2_A_1_66_2_comp1,P_2_A_1_66_2_comp1,R_2_A_1_66_2,TCDB,TCDB.2_A_1_66_2_comp1
G_1_B_14_6_6_comp1,P_1_B_14_6_6_comp1,R_1_B_14_6_6,TCDB,TCDB.1_B_14_6_6_comp1
G_1_B_48_3_4_comp1,P_1_B_48_3_4_comp1,R_1_B_48_3_4,TCDB,TCDB.1_B_48_3_4_comp1
G_2_A_53_3_8_comp1,P_2_A_53_3_8_comp1,R_2_A_53_3_8,TCDB,TCDB.2_A_53_3_8_comp1
G_9_B_14_1_10_comp1,P_9_B_14_1_10_comp1,R_9_B_14_1_10,TCDB,TCDB.9_B_14_1_10_comp1
G_1_B_6_1_17_comp1,P_1_B_6_1_17_comp1,R_1_B_6_1_17,TCDB,TCDB.1_B_6_1_17_comp1
G_9_B_105_1_6_comp1,P_9_B_105_1_6_comp1,R_9_B_105_1_6,TCDB,TCDB.9_B_105_1_6_comp1
G_2_A_56_1_8_comp1,P_2_A_56_1_8_comp1+2_A_56_1_8_comp2+2_A_56_1_8_comp3,R_2_A_56_1_8,TCDB,TCDB.2_A_56_1_8_comp1
G_2_A_56_1_8_comp2,P_2_A_56_1_8_comp1+2_A_56_1_8_comp2+2_A_56_1_8_comp3,R_2_A_56_1_8,TCDB,TCDB.2_A_56_1_8_comp2
G_2_A_56_1_8_comp3,P_2_A_56_1_8_comp1+2_A_56_1_8_comp2+2_A_56_1_8_comp3,R_2_A_56_1_8,TCDB,TCDB.2_A_56_1_8_comp3
G_4_A_5_1_4_comp1,P_4_A_5_1_4_comp1+4_A_5_1_4_comp2+4_A_5_1_4_comp3,R_4_A_5_1_4,TCDB,TCDB.4_A_5_1_4_comp1
G_4_A_5_1_4_comp2,P_4_A_5_1_4_comp1+4_A_5_1_4_comp2+4_A_5_1_4_comp3,R_4_A_5_1_4,TCDB,TCDB.4_A_5_1_4_comp2
G_4_A_5_1_4_comp3,P_4_A_5_1_4_comp1+4_A_5_1_4_comp2+4_A_5_1_4_comp3,R_4_A_5_1_4,TCDB,TCDB.4_A_5_1_4_comp3
G_2_A_1_14_14_comp1,P_2_A_1_14_14_comp1,R_2_A_1_14_14,TCDB,TCDB.2_A_1_14_14_comp1
G_1_B_12_4_6_comp1,P_1_B_12_4_6_comp1,R_1_B_12_4_6,TCDB,TCDB.1_B_12_4_6_comp1
G_2_A_49_5_3_comp1,P_2_A_49_5_3_comp1,R_2_A_49_5_3,TCDB,TCDB.2_A_49_5_3_comp1
G_9_B_102_1_12_comp1,P_9_B_102_1_12_comp1,R_9_B_102_1_12,TCDB,TCDB.9_B_102_1_12_comp1
G_1_B_59_1_1_comp1,P_1_B_59_1_1_comp1,R_1_B_59_1_1,TCDB,TCDB.1_B_59_1_1_comp1
G_9_B_217_2_8_comp1,P_9_B_217_2_8_comp1,R_9_B_217_2_8,TCDB,TCDB.9_B_217_2_8_comp1
G_1_B_41_1_5_comp1,P_1_B_41_1_5_comp1,R_1_B_41_1_5,TCDB,TCDB.1_B_41_1_5_comp1
G_9_B_36_1_3_comp1,P_9_B_36_1_3_comp1,R_9_B_36_1_3,TCDB,TCDB.9_B_36_1_3_comp1
G_3_A_1_2_22_comp1,P_3_A_1_2_22_comp1+3_A_1_2_22_comp2+3_A_1_2_22_comp3,R_3_A_1_2_22,TCDB,TCDB.3_A_1_2_22_comp1
G_3_A_1_2_22_comp2,P_3_A_1_2_22_comp1+3_A_1_2_22_comp2+3_A_1_2_22_comp3,R_3_A_1_2_22,TCDB,TCDB.3_A_1_2_22_comp2
G_3_A_1_2_22_comp3,P_3_A_1_2_22_comp1+3_A_1_2_22_comp2+3_A_1_2_22_comp3,R_3_A_1_2_22,TCDB,TCDB.3_A_1_2_22_comp3
G_2_A_1_1_42_comp1,P_2_A_1_1_42_comp1,R_2_A_1_1_42,TCDB,TCDB.2_A_1_1_42_comp1
G_2_A_33_1_5_comp1,P_2_A_33_1_5_comp1,R_2_A_33_1_5,TCDB,TCDB.2_A_33_1_5_comp1
G_3_A_1_31_1_comp1,P_3_A_1_31_1_comp1+3_A_1_31_1_comp2+3_A_1_31_1_comp3,R_3_A_1_31_1,TCDB,TCDB.3_A_1_31_1_comp1
G_3_A_1_31_1_comp2,P_3_A_1_31_1_comp1+3_A_1_31_1_comp2+3_A_1_31_1_comp3,R_3_A_1_31_1,TCDB,TCDB.3_A_1_31_1_comp2
G_3_A_1_31_1_comp3,P_3_A_1_31_1_comp1+3_A_1_31_1_comp2+3_A_1_31_1_comp3,R_3_A_1_31_1,TCDB,TCDB.3_A_1_31_1_comp3
G_1_E_31_1_8_comp1,P_1_E_31_1_8_comp1,R_1_E_31_1_8,TCDB,TCDB.1_E_31_1_8_comp1
G_3_A_1_2_23_comp1,P_3_A_1_2_23_comp1+3_A_1_2_23_comp2+3_A_1_2_23_comp3+3_A_1_2_23_comp4,R_3_A_1_2_23,TCDB,TCDB.3_A_1_2_23_comp1
G_3_A_1_2_23_comp2,P_3_A_1_2_23_comp1+3_A_1_2_23_comp2+3_A_1_2_23_comp3+3_A_1_2_23_comp4,R_3_A_1_2_23,TCDB,TCDB.3_A_1_2_23_comp2
G_3_A_1_2_23_comp3,P_3_A_1_2_23_comp1+3_A_1_2_23_comp2+3_A_1_2_23_comp3+3_A_1_2_23_comp4,R_3_A_1_2_23,TCDB,TCDB.3_A_1_2_23_comp3
G_3_A_1_2_23_comp4,P_3_A_1_2_23_comp1+3_A_1_2_23_comp2+3_A_1_2_23_comp3+3_A_1_2_23_comp4,R_3_A_1_2_23,TCDB,TCDB.3_A_1_2_23_comp4
G_1_B_49_1_9_comp1,P_1_B_49_1_9_comp1,R_1_B_49_1_9,TCDB,TCDB.1_B_49_1_9_comp1
G_1_B_14_1_26_comp1,P_1_B_14_1_26_comp1,R_1_B_14_1_26,TCDB,TCDB.1_B_14_1_26_comp1
G_2_A_7_1_8_comp1,P_2_A_7_1_8_comp1+2_A_7_1_8_comp2,R_2_A_7_1_8,TCDB,TCDB.2_A_7_1_8_comp1
G_2_A_7_1_8_comp2,P_2_A_7_1_8_comp1+2_A_7_1_8_comp2,R_2_A_7_1_8,TCDB,TCDB.2_A_7_1_8_comp2
G_1_C_28_2_1_comp1,P_1_C_28_2_1_comp1,R_1_C_28_2_1,TCDB,TCDB.1_C_28_2_1_comp1
G_4_A_1_1_5_comp1,P_4_A_1_1_5_comp1+4_A_1_1_5_comp2+4_A_1_1_5_comp3,R_4_A_1_1_5,TCDB,TCDB.4_A_1_1_5_comp1
G_4_A_1_1_5_comp2,P_4_A_1_1_5_comp1+4_A_1_1_5_comp2+4_A_1_1_5_comp3,R_4_A_1_1_5,TCDB,TCDB.4_A_1_1_5_comp2
G_4_A_1_1_5_comp3,P_4_A_1_1_5_comp1+4_A_1_1_5_comp2+4_A_1_1_5_comp3,R_4_A_1_1_5,TCDB,TCDB.4_A_1_1_5_comp3
G_2_A_6_2_19_comp1,P_2_A_6_2_19_comp1+2_A_6_2_19_comp2+2_A_6_2_19_comp3,R_2_A_6_2_19,TCDB,TCDB.2_A_6_2_19_comp1
G_2_A_6_2_19_comp2,P_2_A_6_2_19_comp1+2_A_6_2_19_comp2+2_A_6_2_19_comp3,R_2_A_6_2_19,TCDB,TCDB.2_A_6_2_19_comp2
G_2_A_6_2_19_comp3,P_2_A_6_2_19_comp1+2_A_6_2_19_comp2+2_A_6_2_19_comp3,R_2_A_6_2_19,TCDB,TCDB.2_A_6_2_19_comp3
G_9_B_327_1_1_comp1,P_9_B_327_1_1_comp1+9_B_327_1_1_comp2,R_9_B_327_1_1,TCDB,TCDB.9_B_327_1_1_comp1
G_9_B_327_1_1_comp2,P_9_B_327_1_1_comp1+9_B_327_1_1_comp2,R_9_B_327_1_1,TCDB,TCDB.9_B_327_1_1_comp2
G_9_A_47_1_1_comp1,P_9_A_47_1_1_comp1+9_A_47_1_1_comp2+9_A_47_1_1_comp3+9_A_47_1_1_comp4+9_A_47_1_1_comp5,R_9_A_47_1_1,TCDB,TCDB.9_A_47_1_1_comp1
G_9_A_47_1_1_comp2,P_9_A_47_1_1_comp1+9_A_47_1_1_comp2+9_A_47_1_1_comp3+9_A_47_1_1_comp4+9_A_47_1_1_comp5,R_9_A_47_1_1,TCDB,TCDB.9_A_47_1_1_comp2
G_9_A_47_1_1_comp3,P_9_A_47_1_1_comp1+9_A_47_1_1_comp2+9_A_47_1_1_comp3+9_A_47_1_1_comp4+9_A_47_1_1_comp5,R_9_A_47_1_1,TCDB,TCDB.9_A_47_1_1_comp3
G_9_A_47_1_1_comp4,P_9_A_47_1_1_comp1+9_A_47_1_1_comp2+9_A_47_1_1_comp3+9_A_47_1_1_comp4+9_A_47_1_1_comp5,R_9_A_47_1_1,TCDB,TCDB.9_A_47_1_1_comp4
G_9_A_47_1_1_comp5,P_9_A_47_1_1_comp1+9_A_47_1_1_comp2+9_A_47_1_1_comp3+9_A_47_1_1_comp4+9_A_47_1_1_comp5,R_9_A_47_1_1,TCDB,TCDB.9_A_47_1_1_comp5
G_1_B_1_1_9_comp1,P_1_B_1_1_9_comp1,R_1_B_1_1_9,TCDB,TCDB.1_B_1_1_9_comp1
G_1_B_27_1_11_comp1,P_1_B_27_1_11_comp1,R_1_B_27_1_11,TCDB,TCDB.1_B_27_1_11_comp1
G_4_A_1_2_5_comp1,P_4_A_1_2_5_comp1,R_4_A_1_2_5,TCDB,TCDB.4_A_1_2_5_comp1
G_1_B_12_9_1_comp1,P_1_B_12_9_1_comp1,R_1_B_12_9_1,TCDB,TCDB.1_B_12_9_1_comp1
G_1_B_40_2_4_comp1,P_1_B_40_2_4_comp1,R_1_B_40_2_4,TCDB,TCDB.1_B_40_2_4_comp1
G_2_A_76_2_1_comp1,P_2_A_76_2_1_comp1,R_2_A_76_2_1,TCDB,TCDB.2_A_76_2_1_comp1
G_9_B_183_1_6_comp1,P_9_B_183_1_6_comp1,R_9_B_183_1_6,TCDB,TCDB.9_B_183_1_6_comp1
G_2_A_1_39_1_comp1,P_2_A_1_39_1_comp1,R_2_A_1_39_1,TCDB,TCDB.2_A_1_39_1_comp1
G_3_A_1_14_8_comp1,P_3_A_1_14_8_comp1+3_A_1_14_8_comp2+3_A_1_14_8_comp3+3_A_1_14_8_comp4,R_3_A_1_14_8,TCDB,TCDB.3_A_1_14_8_comp1
G_3_A_1_14_8_comp2,P_3_A_1_14_8_comp1+3_A_1_14_8_comp2+3_A_1_14_8_comp3+3_A_1_14_8_comp4,R_3_A_1_14_8,TCDB,TCDB.3_A_1_14_8_comp2
G_3_A_1_14_8_comp3,P_3_A_1_14_8_comp1+3_A_1_14_8_comp2+3_A_1_14_8_comp3+3_A_1_14_8_comp4,R_3_A_1_14_8,TCDB,TCDB.3_A_1_14_8_comp3
G_3_A_1_14_8_comp4,P_3_A_1_14_8_comp1+3_A_1_14_8_comp2+3_A_1_14_8_comp3+3_A_1_14_8_comp4,R_3_A_1_14_8,TCDB,TCDB.3_A_1_14_8_comp4
G_9_B_36_2_1_comp1,P_9_B_36_2_1_comp1,R_9_B_36_2_1,TCDB,TCDB.9_B_36_2_1_comp1
G_9_B_1_2_5_comp1,P_9_B_1_2_5_comp1,R_9_B_1_2_5,TCDB,TCDB.9_B_1_2_5_comp1
G_8_A_67_1_2_comp1,P_8_A_67_1_2_comp1,R_8_A_67_1_2,TCDB,TCDB.8_A_67_1_2_comp1
G_1_A_56_1_14_comp1,P_1_A_56_1_14_comp1,R_1_A_56_1_14,TCDB,TCDB.1_A_56_1_14_comp1
G_2_A_1_14_45_comp1,P_2_A_1_14_45_comp1,R_2_A_1_14_45,TCDB,TCDB.2_A_1_14_45_comp1
G_2_A_49_6_3_comp1,P_2_A_49_6_3_comp1,R_2_A_49_6_3,TCDB,TCDB.2_A_49_6_3_comp1
G_1_A_1_4_8_comp1,P_1_A_1_4_8_comp1,R_1_A_1_4_8,TCDB,TCDB.1_A_1_4_8_comp1
G_1_A_10_1_10_comp1,P_1_A_10_1_10_comp1+1_A_10_1_10_comp2,R_1_A_10_1_10,TCDB,TCDB.1_A_10_1_10_comp1
G_1_A_10_1_10_comp2,P_1_A_10_1_10_comp1+1_A_10_1_10_comp2,R_1_A_10_1_10,TCDB,TCDB.1_A_10_1_10_comp2
G_3_A_1_205_28_comp1,P_3_A_1_205_28_comp1,R_3_A_1_205_28,TCDB,TCDB.3_A_1_205_28_comp1
G_3_E_1_6_4_comp1,P_3_E_1_6_4_comp1,R_3_E_1_6_4,TCDB,TCDB.3_E_1_6_4_comp1
G_2_A_1_75_5_comp1,P_2_A_1_75_5_comp1,R_2_A_1_75_5,TCDB,TCDB.2_A_1_75_5_comp1
G_2_A_17_3_16_comp1,P_2_A_17_3_16_comp1,R_2_A_17_3_16,TCDB,TCDB.2_A_17_3_16_comp1
G_2_A_4_6_2_comp1,P_2_A_4_6_2_comp1,R_2_A_4_6_2,TCDB,TCDB.2_A_4_6_2_comp1
G_3_A_1_26_12_comp1,P_3_A_1_26_12_comp1+3_A_1_26_12_comp2,R_3_A_1_26_12,TCDB,TCDB.3_A_1_26_12_comp1
G_3_A_1_26_12_comp2,P_3_A_1_26_12_comp1+3_A_1_26_12_comp2,R_3_A_1_26_12,TCDB,TCDB.3_A_1_26_12_comp2
G_3_A_3_6_17_comp1,P_3_A_3_6_17_comp1,R_3_A_3_6_17,TCDB,TCDB.3_A_3_6_17_comp1
G_2_A_55_2_19_comp1,P_2_A_55_2_19_comp1,R_2_A_55_2_19,TCDB,TCDB.2_A_55_2_19_comp1
G_2_A_1_9_5_comp1,P_2_A_1_9_5_comp1,R_2_A_1_9_5,TCDB,TCDB.2_A_1_9_5_comp1
G_8_B_8_1_2_comp1,P_8_B_8_1_2_comp1,R_8_B_8_1_2,TCDB,TCDB.8_B_8_1_2_comp1
G_2_A_19_9_1_comp1,P_2_A_19_9_1_comp1,R_2_A_19_9_1,TCDB,TCDB.2_A_19_9_1_comp1
G_2_A_7_9_24_comp1,P_2_A_7_9_24_comp1,R_2_A_7_9_24,TCDB,TCDB.2_A_7_9_24_comp1
G_1_A_36_2_1_comp1,P_1_A_36_2_1_comp1,R_1_A_36_2_1,TCDB,TCDB.1_A_36_2_1_comp1
G_2_A_97_1_8_comp1,P_2_A_97_1_8_comp1,R_2_A_97_1_8,TCDB,TCDB.2_A_97_1_8_comp1
G_2_A_29_10_12_comp1,P_2_A_29_10_12_comp1,R_2_A_29_10_12,TCDB,TCDB.2_A_29_10_12_comp1
G_2_A_1_90_5_comp1,P_2_A_1_90_5_comp1,R_2_A_1_90_5,TCDB,TCDB.2_A_1_90_5_comp1
G_2_A_1_90_2_comp1,P_2_A_1_90_2_comp1,R_2_A_1_90_2,TCDB,TCDB.2_A_1_90_2_comp1
G_2_A_57_4_4_comp1,P_2_A_57_4_4_comp1,R_2_A_57_4_4,TCDB,TCDB.2_A_57_4_4_comp1
G_2_A_1_14_47_comp1,P_2_A_1_14_47_comp1,R_2_A_1_14_47,TCDB,TCDB.2_A_1_14_47_comp1
G_2_A_1_90_3_comp1,P_2_A_1_90_3_comp1,R_2_A_1_90_3,TCDB,TCDB.2_A_1_90_3_comp1
G_2_A_29_23_11_comp1,P_2_A_29_23_11_comp1,R_2_A_29_23_11,TCDB,TCDB.2_A_29_23_11_comp1
G_2_A_29_5_9_comp1,P_2_A_29_5_9_comp1,R_2_A_29_5_9,TCDB,TCDB.2_A_29_5_9_comp1
G_3_A_3_5_43_comp1,P_3_A_3_5_43_comp1,R_3_A_3_5_43,TCDB,TCDB.3_A_3_5_43_comp1
G_2_A_2_3_17_comp1,P_2_A_2_3_17_comp1,R_2_A_2_3_17,TCDB,TCDB.2_A_2_3_17_comp1
G_2_A_55_2_25_comp1,P_2_A_55_2_25_comp1,R_2_A_55_2_25,TCDB,TCDB.2_A_55_2_25_comp1
G_3_A_3_10_23_comp1,P_3_A_3_10_23_comp1,R_3_A_3_10_23,TCDB,TCDB.3_A_3_10_23_comp1
G_2_A_22_6_11_comp1,P_2_A_22_6_11_comp1,R_2_A_22_6_11,TCDB,TCDB.2_A_22_6_11_comp1
G_2_A_7_9_25_comp1,P_2_A_7_9_25_comp1,R_2_A_7_9_25,TCDB,TCDB.2_A_7_9_25_comp1
G_2_A_7_12_17_comp1,P_2_A_7_12_17_comp1,R_2_A_7_12_17,TCDB,TCDB.2_A_7_12_17_comp1
G_3_A_3_10_24_comp1,P_3_A_3_10_24_comp1,R_3_A_3_10_24,TCDB,TCDB.3_A_3_10_24_comp1
G_1_A_1_2_20_comp1,P_1_A_1_2_20_comp1,R_1_A_1_2_20,TCDB,TCDB.1_A_1_2_20_comp1
G_1_A_17_1_10_comp1,P_1_A_17_1_10_comp1,R_1_A_17_1_10,TCDB,TCDB.1_A_17_1_10_comp1
G_1_A_1_16_4_comp1,P_1_A_1_16_4_comp1,R_1_A_1_16_4,TCDB,TCDB.1_A_1_16_4_comp1
G_9_A_35_1_7_comp1,P_9_A_35_1_7_comp1,R_9_A_35_1_7,TCDB,TCDB.9_A_35_1_7_comp1
G_2_A_29_18_8_comp1,P_2_A_29_18_8_comp1,R_2_A_29_18_8,TCDB,TCDB.2_A_29_18_8_comp1
G_3_A_10_2_6_comp1,P_3_A_10_2_6_comp1,R_3_A_10_2_6,TCDB,TCDB.3_A_10_2_6_comp1
G_1_C_105_2_17_comp1,P_1_C_105_2_17_comp1,R_1_C_105_2_17,TCDB,TCDB.1_C_105_2_17_comp1
G_2_A_18_2_12_comp1,P_2_A_18_2_12_comp1,R_2_A_18_2_12,TCDB,TCDB.2_A_18_2_12_comp1
G_1_A_1_26_2_comp1,P_1_A_1_26_2_comp1,R_1_A_1_26_2,TCDB,TCDB.1_A_1_26_2_comp1
G_2_A_89_1_13_comp1,P_2_A_89_1_13_comp1,R_2_A_89_1_13,TCDB,TCDB.2_A_89_1_13_comp1
G_3_A_3_8_29_comp1,P_3_A_3_8_29_comp1,R_3_A_3_8_29,TCDB,TCDB.3_A_3_8_29_comp1
G_3_A_3_8_27_comp1,P_3_A_3_8_27_comp1,R_3_A_3_8_27,TCDB,TCDB.3_A_3_8_27_comp1
G_2_A_7_9_26_comp1,P_2_A_7_9_26_comp1,R_2_A_7_9_26,TCDB,TCDB.2_A_7_9_26_comp1
G_9_A_14_26_1_comp1,P_9_A_14_26_1_comp1,R_9_A_14_26_1,TCDB,TCDB.9_A_14_26_1_comp1
G_3_A_1_201_49_comp1,P_3_A_1_201_49_comp1,R_3_A_1_201_49,TCDB,TCDB.3_A_1_201_49_comp1
G_2_A_18_2_11_comp1,P_2_A_18_2_11_comp1,R_2_A_18_2_11,TCDB,TCDB.2_A_18_2_11_comp1
G_2_A_29_4_7_comp1,P_2_A_29_4_7_comp1,R_2_A_29_4_7,TCDB,TCDB.2_A_29_4_7_comp1
G_8_B_22_1_2_comp1,P_8_B_22_1_2_comp1,R_8_B_22_1_2,TCDB,TCDB.8_B_22_1_2_comp1
G_8_A_32_1_6_comp1,P_8_A_32_1_6_comp1,R_8_A_32_1_6,TCDB,TCDB.8_A_32_1_6_comp1
G_2_A_31_2_7_comp1,P_2_A_31_2_7_comp1,R_2_A_31_2_7,TCDB,TCDB.2_A_31_2_7_comp1
G_1_A_106_1_3_comp1,P_1_A_106_1_3_comp1,R_1_A_106_1_3,TCDB,TCDB.1_A_106_1_3_comp1
G_2_A_29_23_12_comp1,P_2_A_29_23_12_comp1,R_2_A_29_23_12,TCDB,TCDB.2_A_29_23_12_comp1
G_1_C_39_6_5_comp1,P_1_C_39_6_5_comp1,R_1_C_39_6_5,TCDB,TCDB.1_C_39_6_5_comp1
G_2_A_29_2_10_comp1,P_2_A_29_2_10_comp1,R_2_A_29_2_10,TCDB,TCDB.2_A_29_2_10_comp1
G_2_A_57_4_2_comp1,P_2_A_57_4_2_comp1,R_2_A_57_4_2,TCDB,TCDB.2_A_57_4_2_comp1
G_2_A_71_2_7_comp1,P_2_A_71_2_7_comp1,R_2_A_71_2_7,TCDB,TCDB.2_A_71_2_7_comp1
G_3_A_3_10_25_comp1,P_3_A_3_10_25_comp1,R_3_A_3_10_25,TCDB,TCDB.3_A_3_10_25_comp1
G_2_A_7_45_1_comp1,P_2_A_7_45_1_comp1,R_2_A_7_45_1,TCDB,TCDB.2_A_7_45_1_comp1
G_2_A_29_11_8_comp1,P_2_A_29_11_8_comp1,R_2_A_29_11_8,TCDB,TCDB.2_A_29_11_8_comp1
G_1_A_106_1_12_comp1,P_1_A_106_1_12_comp1,R_1_A_106_1_12,TCDB,TCDB.1_A_106_1_12_comp1
G_1_A_111_1_9_comp1,P_1_A_111_1_9_comp1,R_1_A_111_1_9,TCDB,TCDB.1_A_111_1_9_comp1
G_2_A_105_1_14_comp1,P_2_A_105_1_14_comp1,R_2_A_105_1_14,TCDB,TCDB.2_A_105_1_14_comp1
G_1_A_47_3_1_comp1,P_1_A_47_3_1_comp1,R_1_A_47_3_1,TCDB,TCDB.1_A_47_3_1_comp1
G_3_A_1_209_5_comp1,P_3_A_1_209_5_comp1,R_3_A_1_209_5,TCDB,TCDB.3_A_1_209_5_comp1
G_3_A_3_8_31_comp1,P_3_A_3_8_31_comp1,R_3_A_3_8_31,TCDB,TCDB.3_A_3_8_31_comp1
G_2_A_22_7_1_comp1,P_2_A_22_7_1_comp1,R_2_A_22_7_1,TCDB,TCDB.2_A_22_7_1_comp1
G_2_A_1_90_4_comp1,P_2_A_1_90_4_comp1,R_2_A_1_90_4,TCDB,TCDB.2_A_1_90_4_comp1
G_1_A_35_5_8_comp1,P_1_A_35_5_8_comp1,R_1_A_35_5_8,TCDB,TCDB.1_A_35_5_8_comp1
G_2_A_1_91_1_comp1,P_2_A_1_91_1_comp1,R_2_A_1_91_1,TCDB,TCDB.2_A_1_91_1_comp1
G_2_A_7_11_10_comp1,P_2_A_7_11_10_comp1,R_2_A_7_11_10,TCDB,TCDB.2_A_7_11_10_comp1
G_1_A_23_4_20_comp1,P_1_A_23_4_20_comp1,R_1_A_23_4_20,TCDB,TCDB.1_A_23_4_20_comp1
G_2_A_1_59_5_comp1,P_2_A_1_59_5_comp1,R_2_A_1_59_5,TCDB,TCDB.2_A_1_59_5_comp1
G_2_A_1_25_7_comp1,P_2_A_1_25_7_comp1,R_2_A_1_25_7,TCDB,TCDB.2_A_1_25_7_comp1
G_9_A_36_1_7_comp1,P_9_A_36_1_7_comp1,R_9_A_36_1_7,TCDB,TCDB.9_A_36_1_7_comp1
G_2_A_5_3_12_comp1,P_2_A_5_3_12_comp1,R_2_A_5_3_12,TCDB,TCDB.2_A_5_3_12_comp1
G_2_A_53_3_15_comp1,P_2_A_53_3_15_comp1,R_2_A_53_3_15,TCDB,TCDB.2_A_53_3_15_comp1
G_2_A_105_1_15_comp1,P_2_A_105_1_15_comp1,R_2_A_105_1_15,TCDB,TCDB.2_A_105_1_15_comp1
G_2_A_57_2_11_comp1,P_2_A_57_2_11_comp1,R_2_A_57_2_11,TCDB,TCDB.2_A_57_2_11_comp1
G_3_A_3_8_30_comp1,P_3_A_3_8_30_comp1,R_3_A_3_8_30,TCDB,TCDB.3_A_3_8_30_comp1
G_3_A_10_1_19_comp1,P_3_A_10_1_19_comp1,R_3_A_10_1_19,TCDB,TCDB.3_A_10_1_19_comp1
G_1_A_56_1_15_comp1,P_1_A_56_1_15_comp1,R_1_A_56_1_15,TCDB,TCDB.1_A_56_1_15_comp1
G_1_A_1_26_3_comp1,P_1_A_1_26_3_comp1,R_1_A_1_26_3,TCDB,TCDB.1_A_1_26_3_comp1
G_1_B_8_5_2_comp1,P_1_B_8_5_2_comp1,R_1_B_8_5_2,TCDB,TCDB.1_B_8_5_2_comp1
G_2_A_1_66_7_comp1,P_2_A_1_66_7_comp1,R_2_A_1_66_7,TCDB,TCDB.2_A_1_66_7_comp1
G_1_A_35_5_10_comp1,P_1_A_35_5_10_comp1,R_1_A_35_5_10,TCDB,TCDB.1_A_35_5_10_comp1
G_3_A_1_204_43_comp1,P_3_A_1_204_43_comp1,R_3_A_1_204_43,TCDB,TCDB.3_A_1_204_43_comp1
G_1_A_56_1_20_comp1,P_1_A_56_1_20_comp1,R_1_A_56_1_20,TCDB,TCDB.1_A_56_1_20_comp1
G_9_B_421_1_1_comp1,P_9_B_421_1_1_comp1,R_9_B_421_1_1,TCDB,TCDB.9_B_421_1_1_comp1
G_2_A_112_1_5_comp1,P_2_A_112_1_5_comp1,R_2_A_112_1_5,TCDB,TCDB.2_A_112_1_5_comp1
G_1_A_17_4_11_comp1,P_1_A_17_4_11_comp1,R_1_A_17_4_11,TCDB,TCDB.1_A_17_4_11_comp1
G_1_A_84_1_1_comp1,P_1_A_84_1_1_comp1,R_1_A_84_1_1,TCDB,TCDB.1_A_84_1_1_comp1
G_3_A_1_211_16_comp1,P_3_A_1_211_16_comp1,R_3_A_1_211_16,TCDB,TCDB.3_A_1_211_16_comp1
G_8_A_114_1_7_comp1,P_8_A_114_1_7_comp1,R_8_A_114_1_7,TCDB,TCDB.8_A_114_1_7_comp1
G_8_A_114_1_1_comp1,P_8_A_114_1_1_comp1,R_8_A_114_1_1,TCDB,TCDB.8_A_114_1_1_comp1
G_8_A_133_1_1_comp1,P_8_A_133_1_1_comp1,R_8_A_133_1_1,TCDB,TCDB.8_A_133_1_1_comp1
G_9_B_317_1_1_comp1,P_9_B_317_1_1_comp1,R_9_B_317_1_1,TCDB,TCDB.9_B_317_1_1_comp1
G_8_A_60_1_1_comp1,P_8_A_60_1_1_comp1,R_8_A_60_1_1,TCDB,TCDB.8_A_60_1_1_comp1
G_2_A_36_1_19_comp1,P_2_A_36_1_19_comp1,R_2_A_36_1_19,TCDB,TCDB.2_A_36_1_19_comp1
G_1_A_26_2_1_comp1,P_1_A_26_2_1_comp1,R_1_A_26_2_1,TCDB,TCDB.1_A_26_2_1_comp1
G_2_A_1_19_18_comp1,P_2_A_1_19_18_comp1,R_2_A_1_19_18,TCDB,TCDB.2_A_1_19_18_comp1
G_8_A_118_1_5_comp1,P_8_A_118_1_5_comp1,R_8_A_118_1_5,TCDB,TCDB.8_A_118_1_5_comp1
G_2_A_1_49_6_comp1,P_2_A_1_49_6_comp1,R_2_A_1_49_6,TCDB,TCDB.2_A_1_49_6_comp1
G_2_A_92_1_4_comp1,P_2_A_92_1_4_comp1,R_2_A_92_1_4,TCDB,TCDB.2_A_92_1_4_comp1
G_8_A_23_1_18_comp1,P_8_A_23_1_18_comp1,R_8_A_23_1_18,TCDB,TCDB.8_A_23_1_18_comp1
G_2_A_1_65_10_comp1,P_2_A_1_65_10_comp1,R_2_A_1_65_10,TCDB,TCDB.2_A_1_65_10_comp1
G_8_A_17_2_2_comp1,P_8_A_17_2_2_comp1,R_8_A_17_2_2,TCDB,TCDB.8_A_17_2_2_comp1
G_2_A_4_3_5_comp1,P_2_A_4_3_5_comp1,R_2_A_4_3_5,TCDB,TCDB.2_A_4_3_5_comp1
G_1_A_8_4_2_comp1,P_1_A_8_4_2_comp1,R_1_A_8_4_2,TCDB,TCDB.1_A_8_4_2_comp1
G_2_A_7_24_10_comp1,P_2_A_7_24_10_comp1,R_2_A_7_24_10,TCDB,TCDB.2_A_7_24_10_comp1
G_2_A_17_3_9_comp1,P_2_A_17_3_9_comp1,R_2_A_17_3_9,TCDB,TCDB.2_A_17_3_9_comp1
G_1_C_113_2_3_comp1,P_1_C_113_2_3_comp1,R_1_C_113_2_3,TCDB,TCDB.1_C_113_2_3_comp1
G_2_A_7_24_8_comp1,P_2_A_7_24_8_comp1,R_2_A_7_24_8,TCDB,TCDB.2_A_7_24_8_comp1
G_9_B_134_1_1_comp1,P_9_B_134_1_1_comp1,R_9_B_134_1_1,TCDB,TCDB.9_B_134_1_1_comp1
G_8_A_74_1_4_comp1,P_8_A_74_1_4_comp1,R_8_A_74_1_4,TCDB,TCDB.8_A_74_1_4_comp1
G_9_B_198_2_7_comp1,P_9_B_198_2_7_comp1,R_9_B_198_2_7,TCDB,TCDB.9_B_198_2_7_comp1
G_8_A_44_1_2_comp1,P_8_A_44_1_2_comp1,R_8_A_44_1_2,TCDB,TCDB.8_A_44_1_2_comp1
G_8_A_55_1_1_comp1,P_8_A_55_1_1_comp1,R_8_A_55_1_1,TCDB,TCDB.8_A_55_1_1_comp1
G_8_A_122_1_1_comp1,P_8_A_122_1_1_comp1,R_8_A_122_1_1,TCDB,TCDB.8_A_122_1_1_comp1
G_1_A_64_5_5_comp1,P_1_A_64_5_5_comp1,R_1_A_64_5_5,TCDB,TCDB.1_A_64_5_5_comp1
G_2_A_1_19_32_comp1,P_2_A_1_19_32_comp1,R_2_A_1_19_32,TCDB,TCDB.2_A_1_19_32_comp1
G_1_A_1_11_15_comp1,P_1_A_1_11_15_comp1+1_A_1_11_15_comp2+1_A_1_11_15_comp3,R_1_A_1_11_15,TCDB,TCDB.1_A_1_11_15_comp1
G_1_A_1_11_15_comp2,P_1_A_1_11_15_comp1+1_A_1_11_15_comp2+1_A_1_11_15_comp3,R_1_A_1_11_15,TCDB,TCDB.1_A_1_11_15_comp2
G_1_A_1_11_15_comp3,P_1_A_1_11_15_comp1+1_A_1_11_15_comp2+1_A_1_11_15_comp3,R_1_A_1_11_15,TCDB,TCDB.1_A_1_11_15_comp3
G_1_A_5_3_3_comp1,P_1_A_5_3_3_comp1,R_1_A_5_3_3,TCDB,TCDB.1_A_5_3_3_comp1
G_2_A_18_6_11_comp1,P_2_A_18_6_11_comp1,R_2_A_18_6_11,TCDB,TCDB.2_A_18_6_11_comp1
G_9_A_14_6_10_comp1,P_9_A_14_6_10_comp1,R_9_A_14_6_10,TCDB,TCDB.9_A_14_6_10_comp1
G_1_A_64_4_4_comp1,P_1_A_64_4_4_comp1,R_1_A_64_4_4,TCDB,TCDB.1_A_64_4_4_comp1
G_8_A_18_3_1_comp1,P_8_A_18_3_1_comp1,R_8_A_18_3_1,TCDB,TCDB.8_A_18_3_1_comp1
G_3_A_1_211_10_comp1,P_3_A_1_211_10_comp1,R_3_A_1_211_10,TCDB,TCDB.3_A_1_211_10_comp1
G_8_A_40_2_1_comp1,P_8_A_40_2_1_comp1,R_8_A_40_2_1,TCDB,TCDB.8_A_40_2_1_comp1
G_2_A_1_1_58_comp1,P_2_A_1_1_58_comp1,R_2_A_1_1_58,TCDB,TCDB.2_A_1_1_58_comp1
G_2_A_1_1_57_comp1,P_2_A_1_1_57_comp1,R_2_A_1_1_57,TCDB,TCDB.2_A_1_1_57_comp1
G_2_A_3_10_17_comp1,P_2_A_3_10_17_comp1,R_2_A_3_10_17,TCDB,TCDB.2_A_3_10_17_comp1
G_3_A_1_208_40_comp1,P_3_A_1_208_40_comp1,R_3_A_1_208_40,TCDB,TCDB.3_A_1_208_40_comp1
G_2_A_95_1_4_comp1,P_2_A_95_1_4_comp1,R_2_A_95_1_4,TCDB,TCDB.2_A_95_1_4_comp1
G_1_A_24_1_4_comp1,P_1_A_24_1_4_comp1,R_1_A_24_1_4,TCDB,TCDB.1_A_24_1_4_comp1
G_8_A_26_1_4_comp1,P_8_A_26_1_4_comp1,R_8_A_26_1_4,TCDB,TCDB.8_A_26_1_4_comp1
G_8_A_26_1_3_comp1,P_8_A_26_1_3_comp1,R_8_A_26_1_3,TCDB,TCDB.8_A_26_1_3_comp1
G_8_A_26_1_2_comp1,P_8_A_26_1_2_comp1,R_8_A_26_1_2,TCDB,TCDB.8_A_26_1_2_comp1
G_8_B_9_1_1_comp1,P_8_B_9_1_1_comp1,R_8_B_9_1_1,TCDB,TCDB.8_B_9_1_1_comp1
G_8_A_107_1_2_comp1,P_8_A_107_1_2_comp1,R_8_A_107_1_2,TCDB,TCDB.8_A_107_1_2_comp1
G_1_G_1_1_4_comp1,P_1_G_1_1_4_comp1,R_1_G_1_1_4,TCDB,TCDB.1_G_1_1_4_comp1
G_1_G_7_2_2_comp1,P_1_G_7_2_2_comp1,R_1_G_7_2_2,TCDB,TCDB.1_G_7_2_2_comp1
G_2_A_66_1_18_comp1,P_2_A_66_1_18_comp1,R_2_A_66_1_18,TCDB,TCDB.2_A_66_1_18_comp1
G_2_A_53_2_8_comp1,P_2_A_53_2_8_comp1,R_2_A_53_2_8,TCDB,TCDB.2_A_53_2_8_comp1
G_1_A_67_1_1_comp1,P_1_A_67_1_1_comp1,R_1_A_67_1_1,TCDB,TCDB.1_A_67_1_1_comp1
G_9_B_329_1_3_comp1,P_9_B_329_1_3_comp1,R_9_B_329_1_3,TCDB,TCDB.9_B_329_1_3_comp1
G_8_A_116_1_1_comp1,P_8_A_116_1_1_comp1,R_8_A_116_1_1,TCDB,TCDB.8_A_116_1_1_comp1
G_2_A_18_8_1_comp1,P_2_A_18_8_1_comp1,R_2_A_18_8_1,TCDB,TCDB.2_A_18_8_1_comp1
G_2_A_2_4_4_comp1,P_2_A_2_4_4_comp1,R_2_A_2_4_4,TCDB,TCDB.2_A_2_4_4_comp1
G_3_A_1_24_3_comp1,P_3_A_1_24_3_comp1+3_A_1_24_3_comp2+3_A_1_24_3_comp3,R_3_A_1_24_3,TCDB,TCDB.3_A_1_24_3_comp1
G_3_A_1_24_3_comp2,P_3_A_1_24_3_comp1+3_A_1_24_3_comp2+3_A_1_24_3_comp3,R_3_A_1_24_3,TCDB,TCDB.3_A_1_24_3_comp2
G_3_A_1_24_3_comp3,P_3_A_1_24_3_comp1+3_A_1_24_3_comp2+3_A_1_24_3_comp3,R_3_A_1_24_3,TCDB,TCDB.3_A_1_24_3_comp3
G_3_D_10_1_5_comp1,P_3_D_10_1_5_comp1+3_D_10_1_5_comp2+3_D_10_1_5_comp3,R_3_D_10_1_5,TCDB,TCDB.3_D_10_1_5_comp1
G_3_D_10_1_5_comp2,P_3_D_10_1_5_comp1+3_D_10_1_5_comp2+3_D_10_1_5_comp3,R_3_D_10_1_5,TCDB,TCDB.3_D_10_1_5_comp2
G_3_D_10_1_5_comp3,P_3_D_10_1_5_comp1+3_D_10_1_5_comp2+3_D_10_1_5_comp3,R_3_D_10_1_5,TCDB,TCDB.3_D_10_1_5_comp3
G_1_E_9_1_11_comp1,P_1_E_9_1_11_comp1,R_1_E_9_1_11,TCDB,TCDB.1_E_9_1_11_comp1
G_1_B_93_2_2_comp1,P_1_B_93_2_2_comp1,R_1_B_93_2_2,TCDB,TCDB.1_B_93_2_2_comp1
G_1_A_77_2_4_comp1,P_1_A_77_2_4_comp1,R_1_A_77_2_4,TCDB,TCDB.1_A_77_2_4_comp1
G_1_B_39_1_5_comp1,P_1_B_39_1_5_comp1,R_1_B_39_1_5,TCDB,TCDB.1_B_39_1_5_comp1
G_3_A_1_1_33_comp1,P_3_A_1_1_33_comp1+3_A_1_1_33_comp2+3_A_1_1_33_comp3+3_A_1_1_33_comp4,R_3_A_1_1_33,TCDB,TCDB.3_A_1_1_33_comp1
G_3_A_1_1_33_comp2,P_3_A_1_1_33_comp1+3_A_1_1_33_comp2+3_A_1_1_33_comp3+3_A_1_1_33_comp4,R_3_A_1_1_33,TCDB,TCDB.3_A_1_1_33_comp2
G_3_A_1_1_33_comp3,P_3_A_1_1_33_comp1+3_A_1_1_33_comp2+3_A_1_1_33_comp3+3_A_1_1_33_comp4,R_3_A_1_1_33,TCDB,TCDB.3_A_1_1_33_comp3
G_3_A_1_1_33_comp4,P_3_A_1_1_33_comp1+3_A_1_1_33_comp2+3_A_1_1_33_comp3+3_A_1_1_33_comp4,R_3_A_1_1_33,TCDB,TCDB.3_A_1_1_33_comp4
G_8_A_95_1_8_comp1,P_8_A_95_1_8_comp1,R_8_A_95_1_8,TCDB,TCDB.8_A_95_1_8_comp1
G_9_A_39_1_4_comp1,P_9_A_39_1_4_comp1,R_9_A_39_1_4,TCDB,TCDB.9_A_39_1_4_comp1
G_2_A_56_1_19_comp1,P_2_A_56_1_19_comp1,R_2_A_56_1_19,TCDB,TCDB.2_A_56_1_19_comp1
G_1_C_80_1_1_comp1,P_1_C_80_1_1_comp1,R_1_C_80_1_1,TCDB,TCDB.1_C_80_1_1_comp1
G_1_A_77_3_28_comp1,P_1_A_77_3_28_comp1,R_1_A_77_3_28,TCDB,TCDB.1_A_77_3_28_comp1
G_1_C_57_3_2_comp1,P_1_C_57_3_2_comp1,R_1_C_57_3_2,TCDB,TCDB.1_C_57_3_2_comp1
G_2_A_66_2_16_comp1,P_2_A_66_2_16_comp1,R_2_A_66_2_16,TCDB,TCDB.2_A_66_2_16_comp1
G_1_B_6_1_4_comp1,P_1_B_6_1_4_comp1,R_1_B_6_1_4,TCDB,TCDB.1_B_6_1_4_comp1
G_1_C_2_1_5_comp1,P_1_C_2_1_5_comp1,R_1_C_2_1_5,TCDB,TCDB.1_C_2_1_5_comp1
G_1_B_25_1_39_comp1,P_1_B_25_1_39_comp1,R_1_B_25_1_39,TCDB,TCDB.1_B_25_1_39_comp1
G_3_A_1_1_19_comp1,P_3_A_1_1_19_comp1+3_A_1_1_19_comp2+3_A_1_1_19_comp3+3_A_1_1_19_comp4,R_3_A_1_1_19,TCDB,TCDB.3_A_1_1_19_comp1
G_3_A_1_1_19_comp2,P_3_A_1_1_19_comp1+3_A_1_1_19_comp2+3_A_1_1_19_comp3+3_A_1_1_19_comp4,R_3_A_1_1_19,TCDB,TCDB.3_A_1_1_19_comp2
G_3_A_1_1_19_comp3,P_3_A_1_1_19_comp1+3_A_1_1_19_comp2+3_A_1_1_19_comp3+3_A_1_1_19_comp4,R_3_A_1_1_19,TCDB,TCDB.3_A_1_1_19_comp3
G_3_A_1_1_19_comp4,P_3_A_1_1_19_comp1+3_A_1_1_19_comp2+3_A_1_1_19_comp3+3_A_1_1_19_comp4,R_3_A_1_1_19,TCDB,TCDB.3_A_1_1_19_comp4
G_3_A_3_6_5_comp1,P_3_A_3_6_5_comp1,R_3_A_3_6_5,TCDB,TCDB.3_A_3_6_5_comp1
G_1_A_1_14_2_comp1,P_1_A_1_14_2_comp1,R_1_A_1_14_2,TCDB,TCDB.1_A_1_14_2_comp1
G_4_A_3_2_5_comp1,P_4_A_3_2_5_comp1+4_A_3_2_5_comp2+4_A_3_2_5_comp3,R_4_A_3_2_5,TCDB,TCDB.4_A_3_2_5_comp1
G_4_A_3_2_5_comp2,P_4_A_3_2_5_comp1+4_A_3_2_5_comp2+4_A_3_2_5_comp3,R_4_A_3_2_5,TCDB,TCDB.4_A_3_2_5_comp2
G_4_A_3_2_5_comp3,P_4_A_3_2_5_comp1+4_A_3_2_5_comp2+4_A_3_2_5_comp3,R_4_A_3_2_5,TCDB,TCDB.4_A_3_2_5_comp3
G_2_A_81_1_1_comp1,P_2_A_81_1_1_comp1,R_2_A_81_1_1,TCDB,TCDB.2_A_81_1_1_comp1
G_3_A_1_27_2_comp1,P_3_A_1_27_2_comp1+3_A_1_27_2_comp2+3_A_1_27_2_comp3,R_3_A_1_27_2,TCDB,TCDB.3_A_1_27_2_comp1
G_3_A_1_27_2_comp2,P_3_A_1_27_2_comp1+3_A_1_27_2_comp2+3_A_1_27_2_comp3,R_3_A_1_27_2,TCDB,TCDB.3_A_1_27_2_comp2
G_3_A_1_27_2_comp3,P_3_A_1_27_2_comp1+3_A_1_27_2_comp2+3_A_1_27_2_comp3,R_3_A_1_27_2,TCDB,TCDB.3_A_1_27_2_comp3
G_9_B_231_1_5_comp1,P_9_B_231_1_5_comp1,R_9_B_231_1_5,TCDB,TCDB.9_B_231_1_5_comp1
G_2_A_1_1_45_comp1,P_2_A_1_1_45_comp1,R_2_A_1_1_45,TCDB,TCDB.2_A_1_1_45_comp1
G_1_A_87_2_20_comp1,P_1_A_87_2_20_comp1,R_1_A_87_2_20,TCDB,TCDB.1_A_87_2_20_comp1
G_2_A_4_7_2_comp1,P_2_A_4_7_2_comp1,R_2_A_4_7_2,TCDB,TCDB.2_A_4_7_2_comp1
G_8_A_109_2_2_comp1,P_8_A_109_2_2_comp1,R_8_A_109_2_2,TCDB,TCDB.8_A_109_2_2_comp1
G_2_A_102_5_4_comp1,P_2_A_102_5_4_comp1,R_2_A_102_5_4,TCDB,TCDB.2_A_102_5_4_comp1
G_1_A_87_1_1_comp1,P_1_A_87_1_1_comp1,R_1_A_87_1_1,TCDB,TCDB.1_A_87_1_1_comp1
G_1_A_1_5_36_comp1,P_1_A_1_5_36_comp1,R_1_A_1_5_36,TCDB,TCDB.1_A_1_5_36_comp1
G_2_A_123_1_9_comp1,P_2_A_123_1_9_comp1,R_2_A_123_1_9,TCDB,TCDB.2_A_123_1_9_comp1
G_1_A_8_12_6_comp1,P_1_A_8_12_6_comp1,R_1_A_8_12_6,TCDB,TCDB.1_A_8_12_6_comp1
G_2_A_29_1_6_comp1,P_2_A_29_1_6_comp1,R_2_A_29_1_6,TCDB,TCDB.2_A_29_1_6_comp1
G_2_A_123_1_30_comp1,P_2_A_123_1_30_comp1,R_2_A_123_1_30,TCDB,TCDB.2_A_123_1_30_comp1
G_1_A_1_7_3_comp1,P_1_A_1_7_3_comp1,R_1_A_1_7_3,TCDB,TCDB.1_A_1_7_3_comp1
G_2_A_9_2_1_comp1,P_2_A_9_2_1_comp1,R_2_A_9_2_1,TCDB,TCDB.2_A_9_2_1_comp1
G_8_A_234_1_1_comp1,P_8_A_234_1_1_comp1,R_8_A_234_1_1,TCDB,TCDB.8_A_234_1_1_comp1
G_8_A_155_1_2_comp1,P_8_A_155_1_2_comp1,R_8_A_155_1_2,TCDB,TCDB.8_A_155_1_2_comp1
G_8_A_155_1_4_comp1,P_8_A_155_1_4_comp1,R_8_A_155_1_4,TCDB,TCDB.8_A_155_1_4_comp1
G_9_B_56_1_2_comp1,P_9_B_56_1_2_comp1,R_9_B_56_1_2,TCDB,TCDB.9_B_56_1_2_comp1
G_2_A_7_12_15_comp1,P_2_A_7_12_15_comp1,R_2_A_7_12_15,TCDB,TCDB.2_A_7_12_15_comp1
G_2_A_123_1_5_comp1,P_2_A_123_1_5_comp1,R_2_A_123_1_5,TCDB,TCDB.2_A_123_1_5_comp1
G_1_A_8_12_7_comp1,P_1_A_8_12_7_comp1,R_1_A_8_12_7,TCDB,TCDB.1_A_8_12_7_comp1
G_2_A_47_1_6_comp1,P_2_A_47_1_6_comp1,R_2_A_47_1_6,TCDB,TCDB.2_A_47_1_6_comp1
G_2_A_55_2_20_comp1,P_2_A_55_2_20_comp1,R_2_A_55_2_20,TCDB,TCDB.2_A_55_2_20_comp1
G_2_A_108_1_6_comp1,P_2_A_108_1_6_comp1,R_2_A_108_1_6,TCDB,TCDB.2_A_108_1_6_comp1
G_9_B_119_1_5_comp1,P_9_B_119_1_5_comp1,R_9_B_119_1_5,TCDB,TCDB.9_B_119_1_5_comp1
G_2_A_1_1_84_comp1,P_2_A_1_1_84_comp1+2_A_1_1_84_comp2,R_2_A_1_1_84,TCDB,TCDB.2_A_1_1_84_comp1
G_2_A_1_1_84_comp2,P_2_A_1_1_84_comp1+2_A_1_1_84_comp2,R_2_A_1_1_84,TCDB,TCDB.2_A_1_1_84_comp2
G_9_A_43_1_14_comp1,P_9_A_43_1_14_comp1,R_9_A_43_1_14,TCDB,TCDB.9_A_43_1_14_comp1
G_9_B_411_1_4_comp1,P_9_B_411_1_4_comp1,R_9_B_411_1_4,TCDB,TCDB.9_B_411_1_4_comp1
G_9_B_115_4_1_comp1,P_9_B_115_4_1_comp1,R_9_B_115_4_1,TCDB,TCDB.9_B_115_4_1_comp1
G_9_B_19_1_2_comp1,P_9_B_19_1_2_comp1,R_9_B_19_1_2,TCDB,TCDB.9_B_19_1_2_comp1
G_8_A_57_1_2_comp1,P_8_A_57_1_2_comp1,R_8_A_57_1_2,TCDB,TCDB.8_A_57_1_2_comp1
G_9_A_14_11_1_comp1,P_9_A_14_11_1_comp1,R_9_A_14_11_1,TCDB,TCDB.9_A_14_11_1_comp1
G_5_B_2_2_3_comp1,P_5_B_2_2_3_comp1,R_5_B_2_2_3,TCDB,TCDB.5_B_2_2_3_comp1
G_1_A_101_1_5_comp1,P_1_A_101_1_5_comp1,R_1_A_101_1_5,TCDB,TCDB.1_A_101_1_5_comp1
G_8_A_117_1_3_comp1,P_8_A_117_1_3_comp1,R_8_A_117_1_3,TCDB,TCDB.8_A_117_1_3_comp1
G_8_A_83_1_7_comp1,P_8_A_83_1_7_comp1,R_8_A_83_1_7,TCDB,TCDB.8_A_83_1_7_comp1
G_2_A_58_1_3_comp1,P_2_A_58_1_3_comp1,R_2_A_58_1_3,TCDB,TCDB.2_A_58_1_3_comp1
G_3_A_1_211_15_comp1,P_3_A_1_211_15_comp1,R_3_A_1_211_15,TCDB,TCDB.3_A_1_211_15_comp1
G_1_A_46_1_8_comp1,P_1_A_46_1_8_comp1,R_1_A_46_1_8,TCDB,TCDB.1_A_46_1_8_comp1
G_2_A_5_5_2_comp1,P_2_A_5_5_2_comp1,R_2_A_5_5_2,TCDB,TCDB.2_A_5_5_2_comp1
G_9_B_411_1_2_comp1,P_9_B_411_1_2_comp1,R_9_B_411_1_2,TCDB,TCDB.9_B_411_1_2_comp1
G_8_A_117_1_2_comp1,P_8_A_117_1_2_comp1,R_8_A_117_1_2,TCDB,TCDB.8_A_117_1_2_comp1
G_2_A_43_2_15_comp1,P_2_A_43_2_15_comp1,R_2_A_43_2_15,TCDB,TCDB.2_A_43_2_15_comp1
G_8_A_189_1_1_comp1,P_8_A_189_1_1_comp1,R_8_A_189_1_1,TCDB,TCDB.8_A_189_1_1_comp1
G_2_A_7_12_13_comp1,P_2_A_7_12_13_comp1,R_2_A_7_12_13,TCDB,TCDB.2_A_7_12_13_comp1
G_2_A_1_44_2_comp1,P_2_A_1_44_2_comp1,R_2_A_1_44_2,TCDB,TCDB.2_A_1_44_2_comp1
G_8_A_225_1_1_comp1,P_8_A_225_1_1_comp1,R_8_A_225_1_1,TCDB,TCDB.8_A_225_1_1_comp1
G_2_A_29_8_7_comp1,P_2_A_29_8_7_comp1,R_2_A_29_8_7,TCDB,TCDB.2_A_29_8_7_comp1
G_2_A_1_82_6_comp1,P_2_A_1_82_6_comp1,R_2_A_1_82_6,TCDB,TCDB.2_A_1_82_6_comp1
G_8_A_23_1_6_comp1,P_8_A_23_1_6_comp1,R_8_A_23_1_6,TCDB,TCDB.8_A_23_1_6_comp1
G_2_A_1_7_24_comp1,P_2_A_1_7_24_comp1,R_2_A_1_7_24,TCDB,TCDB.2_A_1_7_24_comp1
G_9_A_14_16_7_comp1,P_9_A_14_16_7_comp1,R_9_A_14_16_7,TCDB,TCDB.9_A_14_16_7_comp1
G_8_A_91_1_8_comp1,P_8_A_91_1_8_comp1,R_8_A_91_1_8,TCDB,TCDB.8_A_91_1_8_comp1
G_1_C_40_1_6_comp1,P_1_C_40_1_6_comp1,R_1_C_40_1_6,TCDB,TCDB.1_C_40_1_6_comp1
G_2_A_92_1_3_comp1,P_2_A_92_1_3_comp1,R_2_A_92_1_3,TCDB,TCDB.2_A_92_1_3_comp1
G_9_B_41_2_1_comp1,P_9_B_41_2_1_comp1,R_9_B_41_2_1,TCDB,TCDB.9_B_41_2_1_comp1
G_9_B_206_1_1_comp1,P_9_B_206_1_1_comp1,R_9_B_206_1_1,TCDB,TCDB.9_B_206_1_1_comp1
G_1_A_84_1_7_comp1,P_1_A_84_1_7_comp1,R_1_A_84_1_7,TCDB,TCDB.1_A_84_1_7_comp1
G_8_A_38_1_1_comp1,P_8_A_38_1_1_comp1,R_8_A_38_1_1,TCDB,TCDB.8_A_38_1_1_comp1
G_2_A_29_23_6_comp1,P_2_A_29_23_6_comp1,R_2_A_29_23_6,TCDB,TCDB.2_A_29_23_6_comp1
G_8_A_51_1_2_comp1,P_8_A_51_1_2_comp1,R_8_A_51_1_2,TCDB,TCDB.8_A_51_1_2_comp1
G_9_B_311_2_3_comp1,P_9_B_311_2_3_comp1,R_9_B_311_2_3,TCDB,TCDB.9_B_311_2_3_comp1
G_8_A_113_1_8_comp1,P_8_A_113_1_8_comp1,R_8_A_113_1_8,TCDB,TCDB.8_A_113_1_8_comp1
G_2_A_21_5_3_comp1,P_2_A_21_5_3_comp1,R_2_A_21_5_3,TCDB,TCDB.2_A_21_5_3_comp1
G_2_A_17_3_11_comp1,P_2_A_17_3_11_comp1,R_2_A_17_3_11,TCDB,TCDB.2_A_17_3_11_comp1
G_1_H_1_1_5_comp1,P_1_H_1_1_5_comp1,R_1_H_1_1_5,TCDB,TCDB.1_H_1_1_5_comp1
G_8_A_208_1_1_comp1,P_8_A_208_1_1_comp1,R_8_A_208_1_1,TCDB,TCDB.8_A_208_1_1_comp1
G_9_B_287_1_1_comp1,P_9_B_287_1_1_comp1,R_9_B_287_1_1,TCDB,TCDB.9_B_287_1_1_comp1
G_9_A_14_1_11_comp1,P_9_A_14_1_11_comp1,R_9_A_14_1_11,TCDB,TCDB.9_A_14_1_11_comp1
G_8_A_82_4_1_comp1,P_8_A_82_4_1_comp1,R_8_A_82_4_1,TCDB,TCDB.8_A_82_4_1_comp1
G_1_H_1_1_3_comp1,P_1_H_1_1_3_comp1,R_1_H_1_1_3,TCDB,TCDB.1_H_1_1_3_comp1
G_2_A_7_28_7_comp1,P_2_A_7_28_7_comp1,R_2_A_7_28_7,TCDB,TCDB.2_A_7_28_7_comp1
G_8_A_118_1_4_comp1,P_8_A_118_1_4_comp1,R_8_A_118_1_4,TCDB,TCDB.8_A_118_1_4_comp1
G_2_A_9_1_3_comp1,P_2_A_9_1_3_comp1,R_2_A_9_1_3,TCDB,TCDB.2_A_9_1_3_comp1
G_2_A_7_25_2_comp1,P_2_A_7_25_2_comp1,R_2_A_7_25_2,TCDB,TCDB.2_A_7_25_2_comp1
G_2_A_29_8_9_comp1,P_2_A_29_8_9_comp1,R_2_A_29_8_9,TCDB,TCDB.2_A_29_8_9_comp1
G_8_A_82_5_2_comp1,P_8_A_82_5_2_comp1,R_8_A_82_5_2,TCDB,TCDB.8_A_82_5_2_comp1
G_2_A_2_3_8_comp1,P_2_A_2_3_8_comp1,R_2_A_2_3_8,TCDB,TCDB.2_A_2_3_8_comp1
G_8_A_167_1_3_comp1,P_8_A_167_1_3_comp1,R_8_A_167_1_3,TCDB,TCDB.8_A_167_1_3_comp1
G_1_A_105_1_1_comp1,P_1_A_105_1_1_comp1,R_1_A_105_1_1,TCDB,TCDB.1_A_105_1_1_comp1
G_3_A_3_8_14_comp1,P_3_A_3_8_14_comp1,R_3_A_3_8_14,TCDB,TCDB.3_A_3_8_14_comp1
G_2_A_1_44_3_comp1,P_2_A_1_44_3_comp1,R_2_A_1_44_3,TCDB,TCDB.2_A_1_44_3_comp1
G_1_A_79_1_3_comp1,P_1_A_79_1_3_comp1,R_1_A_79_1_3,TCDB,TCDB.1_A_79_1_3_comp1
G_8_A_16_2_8_comp1,P_8_A_16_2_8_comp1,R_8_A_16_2_8,TCDB,TCDB.8_A_16_2_8_comp1
G_9_A_14_22_4_comp1,P_9_A_14_22_4_comp1,R_9_A_14_22_4,TCDB,TCDB.9_A_14_22_4_comp1
G_2_A_1_2_105_comp1,P_2_A_1_2_105_comp1,R_2_A_1_2_105,TCDB,TCDB.2_A_1_2_105_comp1
G_1_A_8_4_1_comp1,P_1_A_8_4_1_comp1,R_1_A_8_4_1,TCDB,TCDB.1_A_8_4_1_comp1
G_2_A_31_1_5_comp1,P_2_A_31_1_5_comp1,R_2_A_31_1_5,TCDB,TCDB.2_A_31_1_5_comp1
G_9_A_14_26_4_comp1,P_9_A_14_26_4_comp1,R_9_A_14_26_4,TCDB,TCDB.9_A_14_26_4_comp1
G_2_A_18_9_1_comp1,P_2_A_18_9_1_comp1,R_2_A_18_9_1,TCDB,TCDB.2_A_18_9_1_comp1
G_8_A_47_1_2_comp1,P_8_A_47_1_2_comp1,R_8_A_47_1_2,TCDB,TCDB.8_A_47_1_2_comp1
G_2_A_1_4_9_comp1,P_2_A_1_4_9_comp1,R_2_A_1_4_9,TCDB,TCDB.2_A_1_4_9_comp1
G_2_A_1_13_13_comp1,P_2_A_1_13_13_comp1,R_2_A_1_13_13,TCDB,TCDB.2_A_1_13_13_comp1
G_1_A_1_20_9_comp1,P_1_A_1_20_9_comp1,R_1_A_1_20_9,TCDB,TCDB.1_A_1_20_9_comp1
G_9_A_46_1_3_comp1,P_9_A_46_1_3_comp1,R_9_A_46_1_3,TCDB,TCDB.9_A_46_1_3_comp1
G_2_A_92_1_5_comp1,P_2_A_92_1_5_comp1,R_2_A_92_1_5,TCDB,TCDB.2_A_92_1_5_comp1
G_2_A_1_14_32_comp1,P_2_A_1_14_32_comp1,R_2_A_1_14_32,TCDB,TCDB.2_A_1_14_32_comp1
G_2_A_18_10_1_comp1,P_2_A_18_10_1_comp1,R_2_A_18_10_1,TCDB,TCDB.2_A_18_10_1_comp1
G_1_A_112_1_3_comp1,P_1_A_112_1_3_comp1,R_1_A_112_1_3,TCDB,TCDB.1_A_112_1_3_comp1
G_3_A_1_121_8_comp1,P_3_A_1_121_8_comp1,R_3_A_1_121_8,TCDB,TCDB.3_A_1_121_8_comp1
G_8_A_129_1_1_comp1,P_8_A_129_1_1_comp1,R_8_A_129_1_1,TCDB,TCDB.8_A_129_1_1_comp1
G_1_A_4_2_13_comp1,P_1_A_4_2_13_comp1,R_1_A_4_2_13,TCDB,TCDB.1_A_4_2_13_comp1
G_1_A_4_2_9_comp1,P_1_A_4_2_9_comp1,R_1_A_4_2_9,TCDB,TCDB.1_A_4_2_9_comp1
G_2_A_4_4_5_comp1,P_2_A_4_4_5_comp1,R_2_A_4_4_5,TCDB,TCDB.2_A_4_4_5_comp1
G_8_A_116_1_2_comp1,P_8_A_116_1_2_comp1,R_8_A_116_1_2,TCDB,TCDB.8_A_116_1_2_comp1
G_1_A_9_1_22_comp1,P_1_A_9_1_22_comp1+1_A_9_1_22_comp2+1_A_9_1_22_comp3,R_1_A_9_1_22,TCDB,TCDB.1_A_9_1_22_comp1
G_1_A_9_1_22_comp2,P_1_A_9_1_22_comp1+1_A_9_1_22_comp2+1_A_9_1_22_comp3,R_1_A_9_1_22,TCDB,TCDB.1_A_9_1_22_comp2
G_1_A_9_1_22_comp3,P_1_A_9_1_22_comp1+1_A_9_1_22_comp2+1_A_9_1_22_comp3,R_1_A_9_1_22,TCDB,TCDB.1_A_9_1_22_comp3
G_2_A_19_4_5_comp1,P_2_A_19_4_5_comp1,R_2_A_19_4_5,TCDB,TCDB.2_A_19_4_5_comp1
G_1_A_24_1_7_comp1,P_1_A_24_1_7_comp1,R_1_A_24_1_7,TCDB,TCDB.1_A_24_1_7_comp1
G_9_A_14_15_4_comp1,P_9_A_14_15_4_comp1,R_9_A_14_15_4,TCDB,TCDB.9_A_14_15_4_comp1
G_5_B_6_1_2_comp1,P_5_B_6_1_2_comp1,R_5_B_6_1_2,TCDB,TCDB.5_B_6_1_2_comp1
G_1_A_46_1_7_comp1,P_1_A_46_1_7_comp1,R_1_A_46_1_7,TCDB,TCDB.1_A_46_1_7_comp1
G_1_A_46_1_2_comp1,P_1_A_46_1_2_comp1,R_1_A_46_1_2,TCDB,TCDB.1_A_46_1_2_comp1
G_8_A_117_1_1_comp1,P_8_A_117_1_1_comp1,R_8_A_117_1_1,TCDB,TCDB.8_A_117_1_1_comp1
G_2_A_53_2_13_comp1,P_2_A_53_2_13_comp1,R_2_A_53_2_13,TCDB,TCDB.2_A_53_2_13_comp1
G_8_A_40_1_21_comp1,P_8_A_40_1_21_comp1,R_8_A_40_1_21,TCDB,TCDB.8_A_40_1_21_comp1
G_8_A_109_1_5_comp1,P_8_A_109_1_5_comp1+8_A_109_1_5_comp2+8_A_109_1_5_comp3,R_8_A_109_1_5,TCDB,TCDB.8_A_109_1_5_comp1
G_8_A_109_1_5_comp2,P_8_A_109_1_5_comp1+8_A_109_1_5_comp2+8_A_109_1_5_comp3,R_8_A_109_1_5,TCDB,TCDB.8_A_109_1_5_comp2
G_8_A_109_1_5_comp3,P_8_A_109_1_5_comp1+8_A_109_1_5_comp2+8_A_109_1_5_comp3,R_8_A_109_1_5,TCDB,TCDB.8_A_109_1_5_comp3
G_2_A_1_2_56_comp1,P_2_A_1_2_56_comp1,R_2_A_1_2_56,TCDB,TCDB.2_A_1_2_56_comp1
G_1_A_1_11_19_comp1,P_1_A_1_11_19_comp1,R_1_A_1_11_19,TCDB,TCDB.1_A_1_11_19_comp1
G_8_A_126_1_1_comp1,P_8_A_126_1_1_comp1,R_8_A_126_1_1,TCDB,TCDB.8_A_126_1_1_comp1
G_8_A_31_1_2_comp1,P_8_A_31_1_2_comp1,R_8_A_31_1_2,TCDB,TCDB.8_A_31_1_2_comp1
G_9_A_27_1_7_comp1,P_9_A_27_1_7_comp1,R_9_A_27_1_7,TCDB,TCDB.9_A_27_1_7_comp1
G_2_A_1_1_33_comp1,P_2_A_1_1_33_comp1,R_2_A_1_1_33,TCDB,TCDB.2_A_1_1_33_comp1
G_2_A_3_10_18_comp1,P_2_A_3_10_18_comp1,R_2_A_3_10_18,TCDB,TCDB.2_A_3_10_18_comp1
G_1_A_11_3_3_comp1,P_1_A_11_3_3_comp1,R_1_A_11_3_3,TCDB,TCDB.1_A_11_3_3_comp1
G_2_A_1_2_77_comp1,P_2_A_1_2_77_comp1,R_2_A_1_2_77,TCDB,TCDB.2_A_1_2_77_comp1
G_2_A_1_1_54_comp1,P_2_A_1_1_54_comp1,R_2_A_1_1_54,TCDB,TCDB.2_A_1_1_54_comp1
G_2_A_1_15_10_comp1,P_2_A_1_15_10_comp1,R_2_A_1_15_10,TCDB,TCDB.2_A_1_15_10_comp1
G_2_A_1_2_87_comp1,P_2_A_1_2_87_comp1,R_2_A_1_2_87,TCDB,TCDB.2_A_1_2_87_comp1
G_2_A_6_5_10_comp1,P_2_A_6_5_10_comp1,R_2_A_6_5_10,TCDB,TCDB.2_A_6_5_10_comp1
G_2_A_1_81_3_comp1,P_2_A_1_81_3_comp1,R_2_A_1_81_3,TCDB,TCDB.2_A_1_81_3_comp1
G_2_A_102_4_8_comp1,P_2_A_102_4_8_comp1,R_2_A_102_4_8,TCDB,TCDB.2_A_102_4_8_comp1
G_4_A_1_2_12_comp1,P_4_A_1_2_12_comp1,R_4_A_1_2_12,TCDB,TCDB.4_A_1_2_12_comp1
G_2_A_1_3_74_comp1,P_2_A_1_3_74_comp1,R_2_A_1_3_74,TCDB,TCDB.2_A_1_3_74_comp1
G_3_A_1_1_45_comp1,P_3_A_1_1_45_comp1+3_A_1_1_45_comp2+3_A_1_1_45_comp3+3_A_1_1_45_comp4,R_3_A_1_1_45,TCDB,TCDB.3_A_1_1_45_comp1
G_3_A_1_1_45_comp2,P_3_A_1_1_45_comp1+3_A_1_1_45_comp2+3_A_1_1_45_comp3+3_A_1_1_45_comp4,R_3_A_1_1_45,TCDB,TCDB.3_A_1_1_45_comp2
G_3_A_1_1_45_comp3,P_3_A_1_1_45_comp1+3_A_1_1_45_comp2+3_A_1_1_45_comp3+3_A_1_1_45_comp4,R_3_A_1_1_45,TCDB,TCDB.3_A_1_1_45_comp3
G_3_A_1_1_45_comp4,P_3_A_1_1_45_comp1+3_A_1_1_45_comp2+3_A_1_1_45_comp3+3_A_1_1_45_comp4,R_3_A_1_1_45,TCDB,TCDB.3_A_1_1_45_comp4
G_9_B_62_3_9_comp1,P_9_B_62_3_9_comp1,R_9_B_62_3_9,TCDB,TCDB.9_B_62_3_9_comp1
G_2_A_15_1_7_comp1,P_2_A_15_1_7_comp1,R_2_A_15_1_7,TCDB,TCDB.2_A_15_1_7_comp1
G_2_A_81_1_3_comp1,P_2_A_81_1_3_comp1,R_2_A_81_1_3,TCDB,TCDB.2_A_81_1_3_comp1
G_9_B_225_1_1_comp1,P_9_B_225_1_1_comp1,R_9_B_225_1_1,TCDB,TCDB.9_B_225_1_1_comp1
G_8_A_21_2_10_comp1,P_8_A_21_2_10_comp1,R_8_A_21_2_10,TCDB,TCDB.8_A_21_2_10_comp1
G_2_A_59_1_7_comp1,P_2_A_59_1_7_comp1,R_2_A_59_1_7,TCDB,TCDB.2_A_59_1_7_comp1
G_2_A_1_2_24_comp1,P_2_A_1_2_24_comp1,R_2_A_1_2_24,TCDB,TCDB.2_A_1_2_24_comp1
G_2_A_22_4_3_comp1,P_2_A_22_4_3_comp1+2_A_22_4_3_comp2,R_2_A_22_4_3,TCDB,TCDB.2_A_22_4_3_comp1
G_2_A_22_4_3_comp2,P_2_A_22_4_3_comp1+2_A_22_4_3_comp2,R_2_A_22_4_3,TCDB,TCDB.2_A_22_4_3_comp2
G_1_B_41_1_1_comp1,P_1_B_41_1_1_comp1,R_1_B_41_1_1,TCDB,TCDB.1_B_41_1_1_comp1
G_1_B_41_1_2_comp1,P_1_B_41_1_2_comp1,R_1_B_41_1_2,TCDB,TCDB.1_B_41_1_2_comp1
G_3_A_1_4_5_comp1,P_3_A_1_4_5_comp1+3_A_1_4_5_comp2+3_A_1_4_5_comp3+3_A_1_4_5_comp4+3_A_1_4_5_comp5,R_3_A_1_4_5,TCDB,TCDB.3_A_1_4_5_comp1
G_3_A_1_4_5_comp2,P_3_A_1_4_5_comp1+3_A_1_4_5_comp2+3_A_1_4_5_comp3+3_A_1_4_5_comp4+3_A_1_4_5_comp5,R_3_A_1_4_5,TCDB,TCDB.3_A_1_4_5_comp2
G_3_A_1_4_5_comp3,P_3_A_1_4_5_comp1+3_A_1_4_5_comp2+3_A_1_4_5_comp3+3_A_1_4_5_comp4+3_A_1_4_5_comp5,R_3_A_1_4_5,TCDB,TCDB.3_A_1_4_5_comp3
G_3_A_1_4_5_comp4,P_3_A_1_4_5_comp1+3_A_1_4_5_comp2+3_A_1_4_5_comp3+3_A_1_4_5_comp4+3_A_1_4_5_comp5,R_3_A_1_4_5,TCDB,TCDB.3_A_1_4_5_comp4
G_3_A_1_4_5_comp5,P_3_A_1_4_5_comp1+3_A_1_4_5_comp2+3_A_1_4_5_comp3+3_A_1_4_5_comp4+3_A_1_4_5_comp5,R_3_A_1_4_5,TCDB,TCDB.3_A_1_4_5_comp5
G_2_A_21_7_3_comp1,P_2_A_21_7_3_comp1,R_2_A_21_7_3,TCDB,TCDB.2_A_21_7_3_comp1
G_3_A_1_24_4_comp1,P_3_A_1_24_4_comp1+3_A_1_24_4_comp2+3_A_1_24_4_comp3,R_3_A_1_24_4,TCDB,TCDB.3_A_1_24_4_comp1
G_3_A_1_24_4_comp2,P_3_A_1_24_4_comp1+3_A_1_24_4_comp2+3_A_1_24_4_comp3,R_3_A_1_24_4,TCDB,TCDB.3_A_1_24_4_comp2
G_3_A_1_24_4_comp3,P_3_A_1_24_4_comp1+3_A_1_24_4_comp2+3_A_1_24_4_comp3,R_3_A_1_24_4,TCDB,TCDB.3_A_1_24_4_comp3
G_2_A_78_1_2_comp1,P_2_A_78_1_2_comp1+2_A_78_1_2_comp2,R_2_A_78_1_2,TCDB,TCDB.2_A_78_1_2_comp1
G_2_A_78_1_2_comp2,P_2_A_78_1_2_comp1+2_A_78_1_2_comp2,R_2_A_78_1_2,TCDB,TCDB.2_A_78_1_2_comp2
G_2_A_6_5_11_comp1,P_2_A_6_5_11_comp1,R_2_A_6_5_11,TCDB,TCDB.2_A_6_5_11_comp1
G_2_A_1_1_53_comp1,P_2_A_1_1_53_comp1,R_2_A_1_1_53,TCDB,TCDB.2_A_1_1_53_comp1
G_2_A_7_41_1_comp1,P_2_A_7_41_1_comp1,R_2_A_7_41_1,TCDB,TCDB.2_A_7_41_1_comp1
G_4_B_1_1_5_comp1,P_4_B_1_1_5_comp1,R_4_B_1_1_5,TCDB,TCDB.4_B_1_1_5_comp1
G_9_B_46_1_1_comp1,P_9_B_46_1_1_comp1,R_9_B_46_1_1,TCDB,TCDB.9_B_46_1_1_comp1
G_1_B_14_13_1_comp1,P_1_B_14_13_1_comp1,R_1_B_14_13_1,TCDB,TCDB.1_B_14_13_1_comp1
G_2_A_1_63_2_comp1,P_2_A_1_63_2_comp1,R_2_A_1_63_2,TCDB,TCDB.2_A_1_63_2_comp1
G_9_B_36_1_7_comp1,P_9_B_36_1_7_comp1,R_9_B_36_1_7,TCDB,TCDB.9_B_36_1_7_comp1
G_2_A_80_2_1_comp1,P_2_A_80_2_1_comp1,R_2_A_80_2_1,TCDB,TCDB.2_A_80_2_1_comp1
G_3_D_9_1_1_comp1,P_3_D_9_1_1_comp1+3_D_9_1_1_comp2+3_D_9_1_1_comp3+3_D_9_1_1_comp4+3_D_9_1_1_comp5+3_D_9_1_1_comp6+3_D_9_1_1_comp7+3_D_9_1_1_comp8+3_D_9_1_1_comp9+3_D_9_1_1_comp10+3_D_9_1_1_comp11+3_D_9_1_1_comp12+3_D_9_1_1_comp13,R_3_D_9_1_1,TCDB,TCDB.3_D_9_1_1_comp1
G_3_D_9_1_1_comp2,P_3_D_9_1_1_comp1+3_D_9_1_1_comp2+3_D_9_1_1_comp3+3_D_9_1_1_comp4+3_D_9_1_1_comp5+3_D_9_1_1_comp6+3_D_9_1_1_comp7+3_D_9_1_1_comp8+3_D_9_1_1_comp9+3_D_9_1_1_comp10+3_D_9_1_1_comp11+3_D_9_1_1_comp12+3_D_9_1_1_comp13,R_3_D_9_1_1,TCDB,TCDB.3_D_9_1_1_comp2
G_3_D_9_1_1_comp3,P_3_D_9_1_1_comp1+3_D_9_1_1_comp2+3_D_9_1_1_comp3+3_D_9_1_1_comp4+3_D_9_1_1_comp5+3_D_9_1_1_comp6+3_D_9_1_1_comp7+3_D_9_1_1_comp8+3_D_9_1_1_comp9+3_D_9_1_1_comp10+3_D_9_1_1_comp11+3_D_9_1_1_comp12+3_D_9_1_1_comp13,R_3_D_9_1_1,TCDB,TCDB.3_D_9_1_1_comp3
G_3_D_9_1_1_comp4,P_3_D_9_1_1_comp1+3_D_9_1_1_comp2+3_D_9_1_1_comp3+3_D_9_1_1_comp4+3_D_9_1_1_comp5+3_D_9_1_1_comp6+3_D_9_1_1_comp7+3_D_9_1_1_comp8+3_D_9_1_1_comp9+3_D_9_1_1_comp10+3_D_9_1_1_comp11+3_D_9_1_1_comp12+3_D_9_1_1_comp13,R_3_D_9_1_1,TCDB,TCDB.3_D_9_1_1_comp4
G_3_D_9_1_1_comp5,P_3_D_9_1_1_comp1+3_D_9_1_1_comp2+3_D_9_1_1_comp3+3_D_9_1_1_comp4+3_D_9_1_1_comp5+3_D_9_1_1_comp6+3_D_9_1_1_comp7+3_D_9_1_1_comp8+3_D_9_1_1_comp9+3_D_9_1_1_comp10+3_D_9_1_1_comp11+3_D_9_1_1_comp12+3_D_9_1_1_comp13,R_3_D_9_1_1,TCDB,TCDB.3_D_9_1_1_comp5
G_3_D_9_1_1_comp6,P_3_D_9_1_1_comp1+3_D_9_1_1_comp2+3_D_9_1_1_comp3+3_D_9_1_1_comp4+3_D_9_1_1_comp5+3_D_9_1_1_comp6+3_D_9_1_1_comp7+3_D_9_1_1_comp8+3_D_9_1_1_comp9+3_D_9_1_1_comp10+3_D_9_1_1_comp11+3_D_9_1_1_comp12+3_D_9_1_1_comp13,R_3_D_9_1_1,TCDB,TCDB.3_D_9_1_1_comp6
G_3_D_9_1_1_comp7,P_3_D_9_1_1_comp1+3_D_9_1_1_comp2+3_D_9_1_1_comp3+3_D_9_1_1_comp4+3_D_9_1_1_comp5+3_D_9_1_1_comp6+3_D_9_1_1_comp7+3_D_9_1_1_comp8+3_D_9_1_1_comp9+3_D_9_1_1_comp10+3_D_9_1_1_comp11+3_D_9_1_1_comp12+3_D_9_1_1_comp13,R_3_D_9_1_1,TCDB,TCDB.3_D_9_1_1_comp7
G_3_D_9_1_1_comp8,P_3_D_9_1_1_comp1+3_D_9_1_1_comp2+3_D_9_1_1_comp3+3_D_9_1_1_comp4+3_D_9_1_1_comp5+3_D_9_1_1_comp6+3_D_9_1_1_comp7+3_D_9_1_1_comp8+3_D_9_1_1_comp9+3_D_9_1_1_comp10+3_D_9_1_1_comp11+3_D_9_1_1_comp12+3_D_9_1_1_comp13,R_3_D_9_1_1,TCDB,TCDB.3_D_9_1_1_comp8
G_3_D_9_1_1_comp9,P_3_D_9_1_1_comp1+3_D_9_1_1_comp2+3_D_9_1_1_comp3+3_D_9_1_1_comp4+3_D_9_1_1_comp5+3_D_9_1_1_comp6+3_D_9_1_1_comp7+3_D_9_1_1_comp8+3_D_9_1_1_comp9+3_D_9_1_1_comp10+3_D_9_1_1_comp11+3_D_9_1_1_comp12+3_D_9_1_1_comp13,R_3_D_9_1_1,TCDB,TCDB.3_D_9_1_1_comp9
G_3_D_9_1_1_comp10,P_3_D_9_1_1_comp1+3_D_9_1_1_comp2+3_D_9_1_1_comp3+3_D_9_1_1_comp4+3_D_9_1_1_comp5+3_D_9_1_1_comp6+3_D_9_1_1_comp7+3_D_9_1_1_comp8+3_D_9_1_1_comp9+3_D_9_1_1_comp10+3_D_9_1_1_comp11+3_D_9_1_1_comp12+3_D_9_1_1_comp13,R_3_D_9_1_1,TCDB,TCDB.3_D_9_1_1_comp10
G_3_D_9_1_1_comp11,P_3_D_9_1_1_comp1+3_D_9_1_1_comp2+3_D_9_1_1_comp3+3_D_9_1_1_comp4+3_D_9_1_1_comp5+3_D_9_1_1_comp6+3_D_9_1_1_comp7+3_D_9_1_1_comp8+3_D_9_1_1_comp9+3_D_9_1_1_comp10+3_D_9_1_1_comp11+3_D_9_1_1_comp12+3_D_9_1_1_comp13,R_3_D_9_1_1,TCDB,TCDB.3_D_9_1_1_comp11
G_3_D_9_1_1_comp12,P_3_D_9_1_1_comp1+3_D_9_1_1_comp2+3_D_9_1_1_comp3+3_D_9_1_1_comp4+3_D_9_1_1_comp5+3_D_9_1_1_comp6+3_D_9_1_1_comp7+3_D_9_1_1_comp8+3_D_9_1_1_comp9+3_D_9_1_1_comp10+3_D_9_1_1_comp11+3_D_9_1_1_comp12+3_D_9_1_1_comp13,R_3_D_9_1_1,TCDB,TCDB.3_D_9_1_1_comp12
G_3_D_9_1_1_comp13,P_3_D_9_1_1_comp1+3_D_9_1_1_comp2+3_D_9_1_1_comp3+3_D_9_1_1_comp4+3_D_9_1_1_comp5+3_D_9_1_1_comp6+3_D_9_1_1_comp7+3_D_9_1_1_comp8+3_D_9_1_1_comp9+3_D_9_1_1_comp10+3_D_9_1_1_comp11+3_D_9_1_1_comp12+3_D_9_1_1_comp13,R_3_D_9_1_1,TCDB,TCDB.3_D_9_1_1_comp13
G_9_B_143_2_3_comp1,P_9_B_143_2_3_comp1,R_9_B_143_2_3,TCDB,TCDB.9_B_143_2_3_comp1
G_9_B_125_2_2_comp1,P_9_B_125_2_2_comp1,R_9_B_125_2_2,TCDB,TCDB.9_B_125_2_2_comp1
G_2_A_88_8_4_comp1,P_2_A_88_8_4_comp1,R_2_A_88_8_4,TCDB,TCDB.2_A_88_8_4_comp1
G_2_A_21_2_7_comp1,P_2_A_21_2_7_comp1,R_2_A_21_2_7,TCDB,TCDB.2_A_21_2_7_comp1
G_2_A_47_6_1_comp1,P_2_A_47_6_1_comp1,R_2_A_47_6_1,TCDB,TCDB.2_A_47_6_1_comp1
G_5_A_1_2_3_comp1,P_5_A_1_2_3_comp1,R_5_A_1_2_3,TCDB,TCDB.5_A_1_2_3_comp1
G_2_A_7_26_6_comp1,P_2_A_7_26_6_comp1,R_2_A_7_26_6,TCDB,TCDB.2_A_7_26_6_comp1
G_3_A_10_2_4_comp1,P_3_A_10_2_4_comp1,R_3_A_10_2_4,TCDB,TCDB.3_A_10_2_4_comp1
G_3_A_10_1_14_comp1,P_3_A_10_1_14_comp1,R_3_A_10_1_14,TCDB,TCDB.3_A_10_1_14_comp1
G_3_A_1_12_11_comp1,P_3_A_1_12_11_comp1+3_A_1_12_11_comp2+3_A_1_12_11_comp3+3_A_1_12_11_comp4,R_3_A_1_12_11,TCDB,TCDB.3_A_1_12_11_comp1
G_3_A_1_12_11_comp2,P_3_A_1_12_11_comp1+3_A_1_12_11_comp2+3_A_1_12_11_comp3+3_A_1_12_11_comp4,R_3_A_1_12_11,TCDB,TCDB.3_A_1_12_11_comp2
G_3_A_1_12_11_comp3,P_3_A_1_12_11_comp1+3_A_1_12_11_comp2+3_A_1_12_11_comp3+3_A_1_12_11_comp4,R_3_A_1_12_11,TCDB,TCDB.3_A_1_12_11_comp3
G_3_A_1_12_11_comp4,P_3_A_1_12_11_comp1+3_A_1_12_11_comp2+3_A_1_12_11_comp3+3_A_1_12_11_comp4,R_3_A_1_12_11,TCDB,TCDB.3_A_1_12_11_comp4
G_1_C_52_1_7_comp1,P_1_C_52_1_7_comp1,R_1_C_52_1_7,TCDB,TCDB.1_C_52_1_7_comp1
G_1_C_74_1_8_comp1,P_1_C_74_1_8_comp1,R_1_C_74_1_8,TCDB,TCDB.1_C_74_1_8_comp1
G_1_A_56_1_19_comp1,P_1_A_56_1_19_comp1,R_1_A_56_1_19,TCDB,TCDB.1_A_56_1_19_comp1
G_1_A_1_12_3_comp1,P_1_A_1_12_3_comp1,R_1_A_1_12_3,TCDB,TCDB.1_A_1_12_3_comp1
G_1_G_1_1_5_comp1,P_1_G_1_1_5_comp1,R_1_G_1_1_5,TCDB,TCDB.1_G_1_1_5_comp1
G_1_A_14_4_2_comp1,P_1_A_14_4_2_comp1,R_1_A_14_4_2,TCDB,TCDB.1_A_14_4_2_comp1
G_2_A_1_19_20_comp1,P_2_A_1_19_20_comp1,R_2_A_1_19_20,TCDB,TCDB.2_A_1_19_20_comp1
G_2_A_29_5_4_comp1,P_2_A_29_5_4_comp1,R_2_A_29_5_4,TCDB,TCDB.2_A_29_5_4_comp1
G_8_A_114_1_3_comp1,P_8_A_114_1_3_comp1,R_8_A_114_1_3,TCDB,TCDB.8_A_114_1_3_comp1
G_1_A_67_1_2_comp1,P_1_A_67_1_2_comp1,R_1_A_67_1_2,TCDB,TCDB.1_A_67_1_2_comp1
G_8_A_22_1_1_comp1,P_8_A_22_1_1_comp1,R_8_A_22_1_1,TCDB,TCDB.8_A_22_1_1_comp1
G_1_A_5_3_2_comp1,P_1_A_5_3_2_comp1,R_1_A_5_3_2,TCDB,TCDB.1_A_5_3_2_comp1
G_2_A_36_1_4_comp1,P_2_A_36_1_4_comp1,R_2_A_36_1_4,TCDB,TCDB.2_A_36_1_4_comp1
G_1_A_17_4_1_comp1,P_1_A_17_4_1_comp1,R_1_A_17_4_1,TCDB,TCDB.1_A_17_4_1_comp1
G_1_A_17_4_6_comp1,P_1_A_17_4_6_comp1,R_1_A_17_4_6,TCDB,TCDB.1_A_17_4_6_comp1
G_1_A_1_2_17_comp1,P_1_A_1_2_17_comp1,R_1_A_1_2_17,TCDB,TCDB.1_A_1_2_17_comp1
G_3_A_1_141_2_comp1,P_3_A_1_141_2_comp1+3_A_1_141_2_comp2+3_A_1_141_2_comp3,R_3_A_1_141_2,TCDB,TCDB.3_A_1_141_2_comp1
G_3_A_1_141_2_comp2,P_3_A_1_141_2_comp1+3_A_1_141_2_comp2+3_A_1_141_2_comp3,R_3_A_1_141_2,TCDB,TCDB.3_A_1_141_2_comp2
G_3_A_1_141_2_comp3,P_3_A_1_141_2_comp1+3_A_1_141_2_comp2+3_A_1_141_2_comp3,R_3_A_1_141_2,TCDB,TCDB.3_A_1_141_2_comp3
G_2_A_3_3_22_comp1,P_2_A_3_3_22_comp1,R_2_A_3_3_22,TCDB,TCDB.2_A_3_3_22_comp1
G_2_A_1_65_8_comp1,P_2_A_1_65_8_comp1,R_2_A_1_65_8,TCDB,TCDB.2_A_1_65_8_comp1
G_3_A_1_140_2_comp1,P_3_A_1_140_2_comp1+3_A_1_140_2_comp2,R_3_A_1_140_2,TCDB,TCDB.3_A_1_140_2_comp1
G_3_A_1_140_2_comp2,P_3_A_1_140_2_comp1+3_A_1_140_2_comp2,R_3_A_1_140_2,TCDB,TCDB.3_A_1_140_2_comp2
G_3_A_1_23_4_comp1,P_3_A_1_23_4_comp1+3_A_1_23_4_comp2,R_3_A_1_23_4,TCDB,TCDB.3_A_1_23_4_comp1
G_3_A_1_23_4_comp2,P_3_A_1_23_4_comp1+3_A_1_23_4_comp2,R_3_A_1_23_4,TCDB,TCDB.3_A_1_23_4_comp2
G_3_A_1_33_1_comp1,P_3_A_1_33_1_comp1+3_A_1_33_1_comp2+3_A_1_33_1_comp3,R_3_A_1_33_1,TCDB,TCDB.3_A_1_33_1_comp1
G_3_A_1_33_1_comp2,P_3_A_1_33_1_comp1+3_A_1_33_1_comp2+3_A_1_33_1_comp3,R_3_A_1_33_1,TCDB,TCDB.3_A_1_33_1_comp2
G_3_A_1_33_1_comp3,P_3_A_1_33_1_comp1+3_A_1_33_1_comp2+3_A_1_33_1_comp3,R_3_A_1_33_1,TCDB,TCDB.3_A_1_33_1_comp3
G_3_A_1_3_27_comp1,P_3_A_1_3_27_comp1,R_3_A_1_3_27,TCDB,TCDB.3_A_1_3_27_comp1
G_3_A_1_23_5_comp1,P_3_A_1_23_5_comp1+3_A_1_23_5_comp2+3_A_1_23_5_comp3+3_A_1_23_5_comp4,R_3_A_1_23_5,TCDB,TCDB.3_A_1_23_5_comp1
G_3_A_1_23_5_comp2,P_3_A_1_23_5_comp1+3_A_1_23_5_comp2+3_A_1_23_5_comp3+3_A_1_23_5_comp4,R_3_A_1_23_5,TCDB,TCDB.3_A_1_23_5_comp2
G_3_A_1_23_5_comp3,P_3_A_1_23_5_comp1+3_A_1_23_5_comp2+3_A_1_23_5_comp3+3_A_1_23_5_comp4,R_3_A_1_23_5,TCDB,TCDB.3_A_1_23_5_comp3
G_3_A_1_23_5_comp4,P_3_A_1_23_5_comp1+3_A_1_23_5_comp2+3_A_1_23_5_comp3+3_A_1_23_5_comp4,R_3_A_1_23_5,TCDB,TCDB.3_A_1_23_5_comp4
G_4_A_6_1_27_comp1,P_4_A_6_1_27_comp1+4_A_6_1_27_comp2+4_A_6_1_27_comp3,R_4_A_6_1_27,TCDB,TCDB.4_A_6_1_27_comp1
G_4_A_6_1_27_comp2,P_4_A_6_1_27_comp1+4_A_6_1_27_comp2+4_A_6_1_27_comp3,R_4_A_6_1_27,TCDB,TCDB.4_A_6_1_27_comp2
G_4_A_6_1_27_comp3,P_4_A_6_1_27_comp1+4_A_6_1_27_comp2+4_A_6_1_27_comp3,R_4_A_6_1_27,TCDB,TCDB.4_A_6_1_27_comp3
G_9_B_14_1_15_comp1,P_9_B_14_1_15_comp1,R_9_B_14_1_15,TCDB,TCDB.9_B_14_1_15_comp1
G_3_A_3_32_4_comp1,P_3_A_3_32_4_comp1,R_3_A_3_32_4,TCDB,TCDB.3_A_3_32_4_comp1
G_2_A_113_1_8_comp1,P_2_A_113_1_8_comp1,R_2_A_113_1_8,TCDB,TCDB.2_A_113_1_8_comp1
G_2_A_56_1_13_comp1,P_2_A_56_1_13_comp1,R_2_A_56_1_13,TCDB,TCDB.2_A_56_1_13_comp1
G_2_A_8_1_13_comp1,P_2_A_8_1_13_comp1,R_2_A_8_1_13,TCDB,TCDB.2_A_8_1_13_comp1
G_9_B_8_2_10_comp1,P_9_B_8_2_10_comp1,R_9_B_8_2_10,TCDB,TCDB.9_B_8_2_10_comp1
G_2_A_22_5_2_comp1,P_2_A_22_5_2_comp1,R_2_A_22_5_2,TCDB,TCDB.2_A_22_5_2_comp1
G_3_A_1_1_18_comp1,P_3_A_1_1_18_comp1+3_A_1_1_18_comp2+3_A_1_1_18_comp3,R_3_A_1_1_18,TCDB,TCDB.3_A_1_1_18_comp1
G_3_A_1_1_18_comp2,P_3_A_1_1_18_comp1+3_A_1_1_18_comp2+3_A_1_1_18_comp3,R_3_A_1_1_18,TCDB,TCDB.3_A_1_1_18_comp2
G_3_A_1_1_18_comp3,P_3_A_1_1_18_comp1+3_A_1_1_18_comp2+3_A_1_1_18_comp3,R_3_A_1_1_18,TCDB,TCDB.3_A_1_1_18_comp3
G_1_B_92_1_1_comp1,P_1_B_92_1_1_comp1,R_1_B_92_1_1,TCDB,TCDB.1_B_92_1_1_comp1
G_3_A_1_106_7_comp1,P_3_A_1_106_7_comp1,R_3_A_1_106_7,TCDB,TCDB.3_A_1_106_7_comp1
G_1_B_38_3_3_comp1,P_1_B_38_3_3_comp1,R_1_B_38_3_3,TCDB,TCDB.1_B_38_3_3_comp1
G_3_A_1_126_1_comp1,P_3_A_1_126_1_comp1+3_A_1_126_1_comp2,R_3_A_1_126_1,TCDB,TCDB.3_A_1_126_1_comp1
G_3_A_1_126_1_comp2,P_3_A_1_126_1_comp1+3_A_1_126_1_comp2,R_3_A_1_126_1,TCDB,TCDB.3_A_1_126_1_comp2
G_3_A_7_8_1_comp1,P_3_A_7_8_1_comp1+3_A_7_8_1_comp2+3_A_7_8_1_comp3+3_A_7_8_1_comp4+3_A_7_8_1_comp5+3_A_7_8_1_comp6+3_A_7_8_1_comp7,R_3_A_7_8_1,TCDB,TCDB.3_A_7_8_1_comp1
G_3_A_7_8_1_comp2,P_3_A_7_8_1_comp1+3_A_7_8_1_comp2+3_A_7_8_1_comp3+3_A_7_8_1_comp4+3_A_7_8_1_comp5+3_A_7_8_1_comp6+3_A_7_8_1_comp7,R_3_A_7_8_1,TCDB,TCDB.3_A_7_8_1_comp2
G_3_A_7_8_1_comp3,P_3_A_7_8_1_comp1+3_A_7_8_1_comp2+3_A_7_8_1_comp3+3_A_7_8_1_comp4+3_A_7_8_1_comp5+3_A_7_8_1_comp6+3_A_7_8_1_comp7,R_3_A_7_8_1,TCDB,TCDB.3_A_7_8_1_comp3
G_3_A_7_8_1_comp4,P_3_A_7_8_1_comp1+3_A_7_8_1_comp2+3_A_7_8_1_comp3+3_A_7_8_1_comp4+3_A_7_8_1_comp5+3_A_7_8_1_comp6+3_A_7_8_1_comp7,R_3_A_7_8_1,TCDB,TCDB.3_A_7_8_1_comp4
G_3_A_7_8_1_comp5,P_3_A_7_8_1_comp1+3_A_7_8_1_comp2+3_A_7_8_1_comp3+3_A_7_8_1_comp4+3_A_7_8_1_comp5+3_A_7_8_1_comp6+3_A_7_8_1_comp7,R_3_A_7_8_1,TCDB,TCDB.3_A_7_8_1_comp5
G_3_A_7_8_1_comp6,P_3_A_7_8_1_comp1+3_A_7_8_1_comp2+3_A_7_8_1_comp3+3_A_7_8_1_comp4+3_A_7_8_1_comp5+3_A_7_8_1_comp6+3_A_7_8_1_comp7,R_3_A_7_8_1,TCDB,TCDB.3_A_7_8_1_comp6
G_3_A_7_8_1_comp7,P_3_A_7_8_1_comp1+3_A_7_8_1_comp2+3_A_7_8_1_comp3+3_A_7_8_1_comp4+3_A_7_8_1_comp5+3_A_7_8_1_comp6+3_A_7_8_1_comp7,R_3_A_7_8_1,TCDB,TCDB.3_A_7_8_1_comp7
G_9_B_66_1_2_comp1,P_9_B_66_1_2_comp1,R_9_B_66_1_2,TCDB,TCDB.9_B_66_1_2_comp1
G_3_A_1_12_7_comp1,P_3_A_1_12_7_comp1+3_A_1_12_7_comp2+3_A_1_12_7_comp3,R_3_A_1_12_7,TCDB,TCDB.3_A_1_12_7_comp1
G_3_A_1_12_7_comp2,P_3_A_1_12_7_comp1+3_A_1_12_7_comp2+3_A_1_12_7_comp3,R_3_A_1_12_7,TCDB,TCDB.3_A_1_12_7_comp2
G_3_A_1_12_7_comp3,P_3_A_1_12_7_comp1+3_A_1_12_7_comp2+3_A_1_12_7_comp3,R_3_A_1_12_7,TCDB,TCDB.3_A_1_12_7_comp3
G_1_B_49_1_5_comp1,P_1_B_49_1_5_comp1,R_1_B_49_1_5,TCDB,TCDB.1_B_49_1_5_comp1
G_2_A_6_2_22_comp1,P_2_A_6_2_22_comp1+2_A_6_2_22_comp2+2_A_6_2_22_comp3,R_2_A_6_2_22,TCDB,TCDB.2_A_6_2_22_comp1
G_2_A_6_2_22_comp2,P_2_A_6_2_22_comp1+2_A_6_2_22_comp2+2_A_6_2_22_comp3,R_2_A_6_2_22,TCDB,TCDB.2_A_6_2_22_comp2
G_2_A_6_2_22_comp3,P_2_A_6_2_22_comp1+2_A_6_2_22_comp2+2_A_6_2_22_comp3,R_2_A_6_2_22,TCDB,TCDB.2_A_6_2_22_comp3
G_3_E_1_7_2_comp1,P_3_E_1_7_2_comp1,R_3_E_1_7_2,TCDB,TCDB.3_E_1_7_2_comp1
G_2_A_29_10_10_comp1,P_2_A_29_10_10_comp1,R_2_A_29_10_10,TCDB,TCDB.2_A_29_10_10_comp1
G_2_A_1_2_58_comp1,P_2_A_1_2_58_comp1,R_2_A_1_2_58,TCDB,TCDB.2_A_1_2_58_comp1
G_2_A_17_3_15_comp1,P_2_A_17_3_15_comp1,R_2_A_17_3_15,TCDB,TCDB.2_A_17_3_15_comp1
G_9_B_1_1_2_comp1,P_9_B_1_1_2_comp1,R_9_B_1_1_2,TCDB,TCDB.9_B_1_1_2_comp1
G_1_A_112_1_9_comp1,P_1_A_112_1_9_comp1,R_1_A_112_1_9,TCDB,TCDB.1_A_112_1_9_comp1
G_1_A_43_2_7_comp1,P_1_A_43_2_7_comp1,R_1_A_43_2_7,TCDB,TCDB.1_A_43_2_7_comp1
G_2_A_36_5_8_comp1,P_2_A_36_5_8_comp1,R_2_A_36_5_8,TCDB,TCDB.2_A_36_5_8_comp1
G_5_A_1_2_4_comp1,P_5_A_1_2_4_comp1,R_5_A_1_2_4,TCDB,TCDB.5_A_1_2_4_comp1
G_2_A_94_1_1_comp1,P_2_A_94_1_1_comp1,R_2_A_94_1_1,TCDB,TCDB.2_A_94_1_1_comp1
G_9_B_392_2_2_comp1,P_9_B_392_2_2_comp1,R_9_B_392_2_2,TCDB,TCDB.9_B_392_2_2_comp1
G_1_E_19_4_1_comp1,P_1_E_19_4_1_comp1,R_1_E_19_4_1,TCDB,TCDB.1_E_19_4_1_comp1
G_2_A_29_2_6_comp1,P_2_A_29_2_6_comp1,R_2_A_29_2_6,TCDB,TCDB.2_A_29_2_6_comp1
G_3_A_1_204_14_comp1,P_3_A_1_204_14_comp1,R_3_A_1_204_14,TCDB,TCDB.3_A_1_204_14_comp1
G_2_A_12_1_10_comp1,P_2_A_12_1_10_comp1,R_2_A_12_1_10,TCDB,TCDB.2_A_12_1_10_comp1
G_3_A_3_10_6_comp1,P_3_A_3_10_6_comp1,R_3_A_3_10_6,TCDB,TCDB.3_A_3_10_6_comp1
G_1_A_8_10_17_comp1,P_1_A_8_10_17_comp1,R_1_A_8_10_17,TCDB,TCDB.1_A_8_10_17_comp1
G_3_A_1_207_3_comp1,P_3_A_1_207_3_comp1,R_3_A_1_207_3,TCDB,TCDB.3_A_1_207_3_comp1
G_2_A_12_1_11_comp1,P_2_A_12_1_11_comp1,R_2_A_12_1_11,TCDB,TCDB.2_A_12_1_11_comp1
G_2_A_12_1_12_comp1,P_2_A_12_1_12_comp1,R_2_A_12_1_12,TCDB,TCDB.2_A_12_1_12_comp1
G_2_A_12_1_13_comp1,P_2_A_12_1_13_comp1,R_2_A_12_1_13,TCDB,TCDB.2_A_12_1_13_comp1
G_1_B_8_2_11_comp1,P_1_B_8_2_11_comp1,R_1_B_8_2_11,TCDB,TCDB.1_B_8_2_11_comp1
G_8_A_123_1_2_comp1,P_8_A_123_1_2_comp1,R_8_A_123_1_2,TCDB,TCDB.8_A_123_1_2_comp1
G_9_B_206_1_2_comp1,P_9_B_206_1_2_comp1,R_9_B_206_1_2,TCDB,TCDB.9_B_206_1_2_comp1
G_9_B_188_1_6_comp1,P_9_B_188_1_6_comp1,R_9_B_188_1_6,TCDB,TCDB.9_B_188_1_6_comp1
G_2_A_23_2_4_comp1,P_2_A_23_2_4_comp1,R_2_A_23_2_4,TCDB,TCDB.2_A_23_2_4_comp1
G_1_C_86_1_1_comp1,P_1_C_86_1_1_comp1,R_1_C_86_1_1,TCDB,TCDB.1_C_86_1_1_comp1
G_9_A_14_1_9_comp1,P_9_A_14_1_9_comp1,R_9_A_14_1_9,TCDB,TCDB.9_A_14_1_9_comp1
G_3_A_1_211_7_comp1,P_3_A_1_211_7_comp1,R_3_A_1_211_7,TCDB,TCDB.3_A_1_211_7_comp1
G_3_A_1_211_19_comp1,P_3_A_1_211_19_comp1,R_3_A_1_211_19,TCDB,TCDB.3_A_1_211_19_comp1
G_2_A_19_4_3_comp1,P_2_A_19_4_3_comp1,R_2_A_19_4_3,TCDB,TCDB.2_A_19_4_3_comp1
G_9_B_191_1_2_comp1,P_9_B_191_1_2_comp1,R_9_B_191_1_2,TCDB,TCDB.9_B_191_1_2_comp1
G_3_A_1_201_23_comp1,P_3_A_1_201_23_comp1,R_3_A_1_201_23,TCDB,TCDB.3_A_1_201_23_comp1
G_9_B_369_1_1_comp1,P_9_B_369_1_1_comp1,R_9_B_369_1_1,TCDB,TCDB.9_B_369_1_1_comp1
G_8_A_103_1_5_comp1,P_8_A_103_1_5_comp1,R_8_A_103_1_5,TCDB,TCDB.8_A_103_1_5_comp1
G_2_A_4_4_3_comp1,P_2_A_4_4_3_comp1,R_2_A_4_4_3,TCDB,TCDB.2_A_4_4_3_comp1
G_1_A_82_1_1_comp1,P_1_A_82_1_1_comp1,R_1_A_82_1_1,TCDB,TCDB.1_A_82_1_1_comp1
G_8_A_21_1_3_comp1,P_8_A_21_1_3_comp1,R_8_A_21_1_3,TCDB,TCDB.8_A_21_1_3_comp1
G_1_C_123_1_3_comp1,P_1_C_123_1_3_comp1,R_1_C_123_1_3,TCDB,TCDB.1_C_123_1_3_comp1
G_8_A_206_1_1_comp1,P_8_A_206_1_1_comp1,R_8_A_206_1_1,TCDB,TCDB.8_A_206_1_1_comp1
G_2_A_7_11_3_comp1,P_2_A_7_11_3_comp1,R_2_A_7_11_3,TCDB,TCDB.2_A_7_11_3_comp1
G_8_A_202_1_1_comp1,P_8_A_202_1_1_comp1,R_8_A_202_1_1,TCDB,TCDB.8_A_202_1_1_comp1
G_9_B_392_1_1_comp1,P_9_B_392_1_1_comp1,R_9_B_392_1_1,TCDB,TCDB.9_B_392_1_1_comp1
G_2_A_3_3_7_comp1,P_2_A_3_3_7_comp1,R_2_A_3_3_7,TCDB,TCDB.2_A_3_3_7_comp1
G_8_A_61_1_10_comp1,P_8_A_61_1_10_comp1,R_8_A_61_1_10,TCDB,TCDB.8_A_61_1_10_comp1
G_2_A_7_28_2_comp1,P_2_A_7_28_2_comp1,R_2_A_7_28_2,TCDB,TCDB.2_A_7_28_2_comp1
G_2_A_29_14_6_comp1,P_2_A_29_14_6_comp1,R_2_A_29_14_6,TCDB,TCDB.2_A_29_14_6_comp1
G_1_A_76_2_10_comp1,P_1_A_76_2_10_comp1,R_1_A_76_2_10,TCDB,TCDB.1_A_76_2_10_comp1
G_2_A_4_8_3_comp1,P_2_A_4_8_3_comp1,R_2_A_4_8_3,TCDB,TCDB.2_A_4_8_3_comp1
G_2_A_1_19_34_comp1,P_2_A_1_19_34_comp1,R_2_A_1_19_34,TCDB,TCDB.2_A_1_19_34_comp1
G_8_A_159_1_1_comp1,P_8_A_159_1_1_comp1,R_8_A_159_1_1,TCDB,TCDB.8_A_159_1_1_comp1
G_1_A_54_3_2_comp1,P_1_A_54_3_2_comp1,R_1_A_54_3_2,TCDB,TCDB.1_A_54_3_2_comp1
G_1_A_54_3_5_comp1,P_1_A_54_3_5_comp1,R_1_A_54_3_5,TCDB,TCDB.1_A_54_3_5_comp1
G_2_A_3_8_24_comp1,P_2_A_3_8_24_comp1,R_2_A_3_8_24,TCDB,TCDB.2_A_3_8_24_comp1
G_9_A_14_13_38_comp1,P_9_A_14_13_38_comp1,R_9_A_14_13_38,TCDB,TCDB.9_A_14_13_38_comp1
G_2_A_1_1_87_comp1,P_2_A_1_1_87_comp1,R_2_A_1_1_87,TCDB,TCDB.2_A_1_1_87_comp1
G_1_A_4_5_4_comp1,P_1_A_4_5_4_comp1,R_1_A_4_5_4,TCDB,TCDB.1_A_4_5_4_comp1
G_2_A_1_1_90_comp1,P_2_A_1_1_90_comp1,R_2_A_1_1_90,TCDB,TCDB.2_A_1_1_90_comp1
G_1_A_5_3_4_comp1,P_1_A_5_3_4_comp1,R_1_A_5_3_4,TCDB,TCDB.1_A_5_3_4_comp1
G_8_A_47_1_1_comp1,P_8_A_47_1_1_comp1,R_8_A_47_1_1,TCDB,TCDB.8_A_47_1_1_comp1
G_1_A_17_4_15_comp1,P_1_A_17_4_15_comp1,R_1_A_17_4_15,TCDB,TCDB.1_A_17_4_15_comp1
G_8_A_92_1_13_comp1,P_8_A_92_1_13_comp1,R_8_A_92_1_13,TCDB,TCDB.8_A_92_1_13_comp1
G_1_A_1_2_26_comp1,P_1_A_1_2_26_comp1,R_1_A_1_2_26,TCDB,TCDB.1_A_1_2_26_comp1
G_1_A_1_2_23_comp1,P_1_A_1_2_23_comp1,R_1_A_1_2_23,TCDB,TCDB.1_A_1_2_23_comp1
G_9_A_14_21_1_comp1,P_9_A_14_21_1_comp1,R_9_A_14_21_1,TCDB,TCDB.9_A_14_21_1_comp1
G_1_A_5_1_3_comp1,P_1_A_5_1_3_comp1+1_A_5_1_3_comp2,R_1_A_5_1_3,TCDB,TCDB.1_A_5_1_3_comp1
G_1_A_5_1_3_comp2,P_1_A_5_1_3_comp1+1_A_5_1_3_comp2,R_1_A_5_1_3,TCDB,TCDB.1_A_5_1_3_comp2
G_9_A_14_7_4_comp1,P_9_A_14_7_4_comp1,R_9_A_14_7_4,TCDB,TCDB.9_A_14_7_4_comp1
G_2_A_53_2_6_comp1,P_2_A_53_2_6_comp1,R_2_A_53_2_6,TCDB,TCDB.2_A_53_2_6_comp1
G_9_B_104_4_1_comp1,P_9_B_104_4_1_comp1,R_9_B_104_4_1,TCDB,TCDB.9_B_104_4_1_comp1
G_2_A_1_4_8_comp1,P_2_A_1_4_8_comp1,R_2_A_1_4_8,TCDB,TCDB.2_A_1_4_8_comp1
G_1_C_113_1_12_comp1,P_1_C_113_1_12_comp1,R_1_C_113_1_12,TCDB,TCDB.1_C_113_1_12_comp1
G_8_A_43_1_13_comp1,P_8_A_43_1_13_comp1,R_8_A_43_1_13,TCDB,TCDB.8_A_43_1_13_comp1
G_2_A_1_13_8_comp1,P_2_A_1_13_8_comp1,R_2_A_1_13_8,TCDB,TCDB.2_A_1_13_8_comp1
G_2_A_29_1_4_comp1,P_2_A_29_1_4_comp1,R_2_A_29_1_4,TCDB,TCDB.2_A_29_1_4_comp1
G_3_A_3_1_10_comp1,P_3_A_3_1_10_comp1,R_3_A_3_1_10,TCDB,TCDB.3_A_3_1_10_comp1
G_2_A_7_26_2_comp1,P_2_A_7_26_2_comp1,R_2_A_7_26_2,TCDB,TCDB.2_A_7_26_2_comp1
G_3_A_1_8_2_comp1,P_3_A_1_8_2_comp1+3_A_1_8_2_comp2+3_A_1_8_2_comp3,R_3_A_1_8_2,TCDB,TCDB.3_A_1_8_2_comp1
G_3_A_1_8_2_comp2,P_3_A_1_8_2_comp1+3_A_1_8_2_comp2+3_A_1_8_2_comp3,R_3_A_1_8_2,TCDB,TCDB.3_A_1_8_2_comp2
G_3_A_1_8_2_comp3,P_3_A_1_8_2_comp1+3_A_1_8_2_comp2+3_A_1_8_2_comp3,R_3_A_1_8_2,TCDB,TCDB.3_A_1_8_2_comp3
G_3_A_3_6_16_comp1,P_3_A_3_6_16_comp1,R_3_A_3_6_16,TCDB,TCDB.3_A_3_6_16_comp1
G_2_A_72_1_2_comp1,P_2_A_72_1_2_comp1,R_2_A_72_1_2,TCDB,TCDB.2_A_72_1_2_comp1
G_3_A_1_122_6_comp1,P_3_A_1_122_6_comp1+3_A_1_122_6_comp2,R_3_A_1_122_6,TCDB,TCDB.3_A_1_122_6_comp1
G_3_A_1_122_6_comp2,P_3_A_1_122_6_comp1+3_A_1_122_6_comp2,R_3_A_1_122_6,TCDB,TCDB.3_A_1_122_6_comp2
G_1_A_77_2_9_comp1,P_1_A_77_2_9_comp1,R_1_A_77_2_9,TCDB,TCDB.1_A_77_2_9_comp1
G_2_A_3_6_2_comp1,P_2_A_3_6_2_comp1,R_2_A_3_6_2,TCDB,TCDB.2_A_3_6_2_comp1
G_1_A_22_1_11_comp1,P_1_A_22_1_11_comp1,R_1_A_22_1_11,TCDB,TCDB.1_A_22_1_11_comp1
G_9_B_169_2_1_comp1,P_9_B_169_2_1_comp1,R_9_B_169_2_1,TCDB,TCDB.9_B_169_2_1_comp1
G_9_B_8_3_1_comp1,P_9_B_8_3_1_comp1,R_9_B_8_3_1,TCDB,TCDB.9_B_8_3_1_comp1
G_2_A_19_5_4_comp1,P_2_A_19_5_4_comp1,R_2_A_19_5_4,TCDB,TCDB.2_A_19_5_4_comp1
G_2_A_7_18_3_comp1,P_2_A_7_18_3_comp1,R_2_A_7_18_3,TCDB,TCDB.2_A_7_18_3_comp1
G_3_A_1_33_2_comp1,P_3_A_1_33_2_comp1+3_A_1_33_2_comp2+3_A_1_33_2_comp3,R_3_A_1_33_2,TCDB,TCDB.3_A_1_33_2_comp1
G_3_A_1_33_2_comp2,P_3_A_1_33_2_comp1+3_A_1_33_2_comp2+3_A_1_33_2_comp3,R_3_A_1_33_2,TCDB,TCDB.3_A_1_33_2_comp2
G_3_A_1_33_2_comp3,P_3_A_1_33_2_comp1+3_A_1_33_2_comp2+3_A_1_33_2_comp3,R_3_A_1_33_2,TCDB,TCDB.3_A_1_33_2_comp3
G_3_D_6_1_3_comp1,P_3_D_6_1_3_comp1+3_D_6_1_3_comp2+3_D_6_1_3_comp3+3_D_6_1_3_comp4+3_D_6_1_3_comp5+3_D_6_1_3_comp6+3_D_6_1_3_comp7,R_3_D_6_1_3,TCDB,TCDB.3_D_6_1_3_comp1
G_3_D_6_1_3_comp2,P_3_D_6_1_3_comp1+3_D_6_1_3_comp2+3_D_6_1_3_comp3+3_D_6_1_3_comp4+3_D_6_1_3_comp5+3_D_6_1_3_comp6+3_D_6_1_3_comp7,R_3_D_6_1_3,TCDB,TCDB.3_D_6_1_3_comp2
G_3_D_6_1_3_comp3,P_3_D_6_1_3_comp1+3_D_6_1_3_comp2+3_D_6_1_3_comp3+3_D_6_1_3_comp4+3_D_6_1_3_comp5+3_D_6_1_3_comp6+3_D_6_1_3_comp7,R_3_D_6_1_3,TCDB,TCDB.3_D_6_1_3_comp3
G_3_D_6_1_3_comp4,P_3_D_6_1_3_comp1+3_D_6_1_3_comp2+3_D_6_1_3_comp3+3_D_6_1_3_comp4+3_D_6_1_3_comp5+3_D_6_1_3_comp6+3_D_6_1_3_comp7,R_3_D_6_1_3,TCDB,TCDB.3_D_6_1_3_comp4
G_3_D_6_1_3_comp5,P_3_D_6_1_3_comp1+3_D_6_1_3_comp2+3_D_6_1_3_comp3+3_D_6_1_3_comp4+3_D_6_1_3_comp5+3_D_6_1_3_comp6+3_D_6_1_3_comp7,R_3_D_6_1_3,TCDB,TCDB.3_D_6_1_3_comp5
G_3_D_6_1_3_comp6,P_3_D_6_1_3_comp1+3_D_6_1_3_comp2+3_D_6_1_3_comp3+3_D_6_1_3_comp4+3_D_6_1_3_comp5+3_D_6_1_3_comp6+3_D_6_1_3_comp7,R_3_D_6_1_3,TCDB,TCDB.3_D_6_1_3_comp6
G_3_D_6_1_3_comp7,P_3_D_6_1_3_comp1+3_D_6_1_3_comp2+3_D_6_1_3_comp3+3_D_6_1_3_comp4+3_D_6_1_3_comp5+3_D_6_1_3_comp6+3_D_6_1_3_comp7,R_3_D_6_1_3,TCDB,TCDB.3_D_6_1_3_comp7
G_2_A_7_18_2_comp1,P_2_A_7_18_2_comp1,R_2_A_7_18_2,TCDB,TCDB.2_A_7_18_2_comp1
G_9_A_44_2_2_comp1,P_9_A_44_2_2_comp1,R_9_A_44_2_2,TCDB,TCDB.9_A_44_2_2_comp1
G_2_A_3_5_2_comp1,P_2_A_3_5_2_comp1,R_2_A_3_5_2,TCDB,TCDB.2_A_3_5_2_comp1
G_2_A_14_1_4_comp1,P_2_A_14_1_4_comp1,R_2_A_14_1_4,TCDB,TCDB.2_A_14_1_4_comp1
G_3_A_5_7_2_comp1,P_3_A_5_7_2_comp1+3_A_5_7_2_comp2+3_A_5_7_2_comp3+3_A_5_7_2_comp4+3_A_5_7_2_comp5+3_A_5_7_2_comp6+3_A_5_7_2_comp7+3_A_5_7_2_comp8,R_3_A_5_7_2,TCDB,TCDB.3_A_5_7_2_comp1
G_3_A_5_7_2_comp2,P_3_A_5_7_2_comp1+3_A_5_7_2_comp2+3_A_5_7_2_comp3+3_A_5_7_2_comp4+3_A_5_7_2_comp5+3_A_5_7_2_comp6+3_A_5_7_2_comp7+3_A_5_7_2_comp8,R_3_A_5_7_2,TCDB,TCDB.3_A_5_7_2_comp2
G_3_A_5_7_2_comp3,P_3_A_5_7_2_comp1+3_A_5_7_2_comp2+3_A_5_7_2_comp3+3_A_5_7_2_comp4+3_A_5_7_2_comp5+3_A_5_7_2_comp6+3_A_5_7_2_comp7+3_A_5_7_2_comp8,R_3_A_5_7_2,TCDB,TCDB.3_A_5_7_2_comp3
G_3_A_5_7_2_comp4,P_3_A_5_7_2_comp1+3_A_5_7_2_comp2+3_A_5_7_2_comp3+3_A_5_7_2_comp4+3_A_5_7_2_comp5+3_A_5_7_2_comp6+3_A_5_7_2_comp7+3_A_5_7_2_comp8,R_3_A_5_7_2,TCDB,TCDB.3_A_5_7_2_comp4
G_3_A_5_7_2_comp5,P_3_A_5_7_2_comp1+3_A_5_7_2_comp2+3_A_5_7_2_comp3+3_A_5_7_2_comp4+3_A_5_7_2_comp5+3_A_5_7_2_comp6+3_A_5_7_2_comp7+3_A_5_7_2_comp8,R_3_A_5_7_2,TCDB,TCDB.3_A_5_7_2_comp5
G_3_A_5_7_2_comp6,P_3_A_5_7_2_comp1+3_A_5_7_2_comp2+3_A_5_7_2_comp3+3_A_5_7_2_comp4+3_A_5_7_2_comp5+3_A_5_7_2_comp6+3_A_5_7_2_comp7+3_A_5_7_2_comp8,R_3_A_5_7_2,TCDB,TCDB.3_A_5_7_2_comp6
G_3_A_5_7_2_comp7,P_3_A_5_7_2_comp1+3_A_5_7_2_comp2+3_A_5_7_2_comp3+3_A_5_7_2_comp4+3_A_5_7_2_comp5+3_A_5_7_2_comp6+3_A_5_7_2_comp7+3_A_5_7_2_comp8,R_3_A_5_7_2,TCDB,TCDB.3_A_5_7_2_comp7
G_3_A_5_7_2_comp8,P_3_A_5_7_2_comp1+3_A_5_7_2_comp2+3_A_5_7_2_comp3+3_A_5_7_2_comp4+3_A_5_7_2_comp5+3_A_5_7_2_comp6+3_A_5_7_2_comp7+3_A_5_7_2_comp8,R_3_A_5_7_2,TCDB,TCDB.3_A_5_7_2_comp8
G_2_A_1_2_88_comp1,P_2_A_1_2_88_comp1,R_2_A_1_2_88,TCDB,TCDB.2_A_1_2_88_comp1
G_2_A_66_1_45_comp1,P_2_A_66_1_45_comp1,R_2_A_66_1_45,TCDB,TCDB.2_A_66_1_45_comp1
G_1_E_14_1_6_comp1,P_1_E_14_1_6_comp1,R_1_E_14_1_6,TCDB,TCDB.1_E_14_1_6_comp1
G_1_A_1_29_2_comp1,P_1_A_1_29_2_comp1,R_1_A_1_29_2,TCDB,TCDB.1_A_1_29_2_comp1
G_9_B_98_1_1_comp1,P_9_B_98_1_1_comp1,R_9_B_98_1_1,TCDB,TCDB.9_B_98_1_1_comp1
G_3_D_1_4_1_comp1,P_3_D_1_4_1_comp1+3_D_1_4_1_comp2+3_D_1_4_1_comp3+3_D_1_4_1_comp4+3_D_1_4_1_comp5+3_D_1_4_1_comp6+3_D_1_4_1_comp7+3_D_1_4_1_comp8+3_D_1_4_1_comp9+3_D_1_4_1_comp10+3_D_1_4_1_comp11+3_D_1_4_1_comp12+3_D_1_4_1_comp13+3_D_1_4_1_comp14,R_3_D_1_4_1,TCDB,TCDB.3_D_1_4_1_comp1
G_3_D_1_4_1_comp2,P_3_D_1_4_1_comp1+3_D_1_4_1_comp2+3_D_1_4_1_comp3+3_D_1_4_1_comp4+3_D_1_4_1_comp5+3_D_1_4_1_comp6+3_D_1_4_1_comp7+3_D_1_4_1_comp8+3_D_1_4_1_comp9+3_D_1_4_1_comp10+3_D_1_4_1_comp11+3_D_1_4_1_comp12+3_D_1_4_1_comp13+3_D_1_4_1_comp14,R_3_D_1_4_1,TCDB,TCDB.3_D_1_4_1_comp2
G_3_D_1_4_1_comp3,P_3_D_1_4_1_comp1+3_D_1_4_1_comp2+3_D_1_4_1_comp3+3_D_1_4_1_comp4+3_D_1_4_1_comp5+3_D_1_4_1_comp6+3_D_1_4_1_comp7+3_D_1_4_1_comp8+3_D_1_4_1_comp9+3_D_1_4_1_comp10+3_D_1_4_1_comp11+3_D_1_4_1_comp12+3_D_1_4_1_comp13+3_D_1_4_1_comp14,R_3_D_1_4_1,TCDB,TCDB.3_D_1_4_1_comp3
G_3_D_1_4_1_comp4,P_3_D_1_4_1_comp1+3_D_1_4_1_comp2+3_D_1_4_1_comp3+3_D_1_4_1_comp4+3_D_1_4_1_comp5+3_D_1_4_1_comp6+3_D_1_4_1_comp7+3_D_1_4_1_comp8+3_D_1_4_1_comp9+3_D_1_4_1_comp10+3_D_1_4_1_comp11+3_D_1_4_1_comp12+3_D_1_4_1_comp13+3_D_1_4_1_comp14,R_3_D_1_4_1,TCDB,TCDB.3_D_1_4_1_comp4
G_3_D_1_4_1_comp5,P_3_D_1_4_1_comp1+3_D_1_4_1_comp2+3_D_1_4_1_comp3+3_D_1_4_1_comp4+3_D_1_4_1_comp5+3_D_1_4_1_comp6+3_D_1_4_1_comp7+3_D_1_4_1_comp8+3_D_1_4_1_comp9+3_D_1_4_1_comp10+3_D_1_4_1_comp11+3_D_1_4_1_comp12+3_D_1_4_1_comp13+3_D_1_4_1_comp14,R_3_D_1_4_1,TCDB,TCDB.3_D_1_4_1_comp5
G_3_D_1_4_1_comp6,P_3_D_1_4_1_comp1+3_D_1_4_1_comp2+3_D_1_4_1_comp3+3_D_1_4_1_comp4+3_D_1_4_1_comp5+3_D_1_4_1_comp6+3_D_1_4_1_comp7+3_D_1_4_1_comp8+3_D_1_4_1_comp9+3_D_1_4_1_comp10+3_D_1_4_1_comp11+3_D_1_4_1_comp12+3_D_1_4_1_comp13+3_D_1_4_1_comp14,R_3_D_1_4_1,TCDB,TCDB.3_D_1_4_1_comp6
G_3_D_1_4_1_comp7,P_3_D_1_4_1_comp1+3_D_1_4_1_comp2+3_D_1_4_1_comp3+3_D_1_4_1_comp4+3_D_1_4_1_comp5+3_D_1_4_1_comp6+3_D_1_4_1_comp7+3_D_1_4_1_comp8+3_D_1_4_1_comp9+3_D_1_4_1_comp10+3_D_1_4_1_comp11+3_D_1_4_1_comp12+3_D_1_4_1_comp13+3_D_1_4_1_comp14,R_3_D_1_4_1,TCDB,TCDB.3_D_1_4_1_comp7
G_3_D_1_4_1_comp8,P_3_D_1_4_1_comp1+3_D_1_4_1_comp2+3_D_1_4_1_comp3+3_D_1_4_1_comp4+3_D_1_4_1_comp5+3_D_1_4_1_comp6+3_D_1_4_1_comp7+3_D_1_4_1_comp8+3_D_1_4_1_comp9+3_D_1_4_1_comp10+3_D_1_4_1_comp11+3_D_1_4_1_comp12+3_D_1_4_1_comp13+3_D_1_4_1_comp14,R_3_D_1_4_1,TCDB,TCDB.3_D_1_4_1_comp8
G_3_D_1_4_1_comp9,P_3_D_1_4_1_comp1+3_D_1_4_1_comp2+3_D_1_4_1_comp3+3_D_1_4_1_comp4+3_D_1_4_1_comp5+3_D_1_4_1_comp6+3_D_1_4_1_comp7+3_D_1_4_1_comp8+3_D_1_4_1_comp9+3_D_1_4_1_comp10+3_D_1_4_1_comp11+3_D_1_4_1_comp12+3_D_1_4_1_comp13+3_D_1_4_1_comp14,R_3_D_1_4_1,TCDB,TCDB.3_D_1_4_1_comp9
G_3_D_1_4_1_comp10,P_3_D_1_4_1_comp1+3_D_1_4_1_comp2+3_D_1_4_1_comp3+3_D_1_4_1_comp4+3_D_1_4_1_comp5+3_D_1_4_1_comp6+3_D_1_4_1_comp7+3_D_1_4_1_comp8+3_D_1_4_1_comp9+3_D_1_4_1_comp10+3_D_1_4_1_comp11+3_D_1_4_1_comp12+3_D_1_4_1_comp13+3_D_1_4_1_comp14,R_3_D_1_4_1,TCDB,TCDB.3_D_1_4_1_comp10
G_3_D_1_4_1_comp11,P_3_D_1_4_1_comp1+3_D_1_4_1_comp2+3_D_1_4_1_comp3+3_D_1_4_1_comp4+3_D_1_4_1_comp5+3_D_1_4_1_comp6+3_D_1_4_1_comp7+3_D_1_4_1_comp8+3_D_1_4_1_comp9+3_D_1_4_1_comp10+3_D_1_4_1_comp11+3_D_1_4_1_comp12+3_D_1_4_1_comp13+3_D_1_4_1_comp14,R_3_D_1_4_1,TCDB,TCDB.3_D_1_4_1_comp11
G_3_D_1_4_1_comp12,P_3_D_1_4_1_comp1+3_D_1_4_1_comp2+3_D_1_4_1_comp3+3_D_1_4_1_comp4+3_D_1_4_1_comp5+3_D_1_4_1_comp6+3_D_1_4_1_comp7+3_D_1_4_1_comp8+3_D_1_4_1_comp9+3_D_1_4_1_comp10+3_D_1_4_1_comp11+3_D_1_4_1_comp12+3_D_1_4_1_comp13+3_D_1_4_1_comp14,R_3_D_1_4_1,TCDB,TCDB.3_D_1_4_1_comp12
G_3_D_1_4_1_comp13,P_3_D_1_4_1_comp1+3_D_1_4_1_comp2+3_D_1_4_1_comp3+3_D_1_4_1_comp4+3_D_1_4_1_comp5+3_D_1_4_1_comp6+3_D_1_4_1_comp7+3_D_1_4_1_comp8+3_D_1_4_1_comp9+3_D_1_4_1_comp10+3_D_1_4_1_comp11+3_D_1_4_1_comp12+3_D_1_4_1_comp13+3_D_1_4_1_comp14,R_3_D_1_4_1,TCDB,TCDB.3_D_1_4_1_comp13
G_3_D_1_4_1_comp14,P_3_D_1_4_1_comp1+3_D_1_4_1_comp2+3_D_1_4_1_comp3+3_D_1_4_1_comp4+3_D_1_4_1_comp5+3_D_1_4_1_comp6+3_D_1_4_1_comp7+3_D_1_4_1_comp8+3_D_1_4_1_comp9+3_D_1_4_1_comp10+3_D_1_4_1_comp11+3_D_1_4_1_comp12+3_D_1_4_1_comp13+3_D_1_4_1_comp14,R_3_D_1_4_1,TCDB,TCDB.3_D_1_4_1_comp14
G_2_A_40_2_3_comp1,P_2_A_40_2_3_comp1,R_2_A_40_2_3,TCDB,TCDB.2_A_40_2_3_comp1
G_3_A_1_5_6_comp1,P_3_A_1_5_6_comp1+3_A_1_5_6_comp2+3_A_1_5_6_comp3+3_A_1_5_6_comp4+3_A_1_5_6_comp5,R_3_A_1_5_6,TCDB,TCDB.3_A_1_5_6_comp1
G_3_A_1_5_6_comp2,P_3_A_1_5_6_comp1+3_A_1_5_6_comp2+3_A_1_5_6_comp3+3_A_1_5_6_comp4+3_A_1_5_6_comp5,R_3_A_1_5_6,TCDB,TCDB.3_A_1_5_6_comp2
G_3_A_1_5_6_comp3,P_3_A_1_5_6_comp1+3_A_1_5_6_comp2+3_A_1_5_6_comp3+3_A_1_5_6_comp4+3_A_1_5_6_comp5,R_3_A_1_5_6,TCDB,TCDB.3_A_1_5_6_comp3
G_3_A_1_5_6_comp4,P_3_A_1_5_6_comp1+3_A_1_5_6_comp2+3_A_1_5_6_comp3+3_A_1_5_6_comp4+3_A_1_5_6_comp5,R_3_A_1_5_6,TCDB,TCDB.3_A_1_5_6_comp4
G_3_A_1_5_6_comp5,P_3_A_1_5_6_comp1+3_A_1_5_6_comp2+3_A_1_5_6_comp3+3_A_1_5_6_comp4+3_A_1_5_6_comp5,R_3_A_1_5_6,TCDB,TCDB.3_A_1_5_6_comp5
G_3_A_1_150_2_comp1,P_3_A_1_150_2_comp1+3_A_1_150_2_comp2+3_A_1_150_2_comp3+3_A_1_150_2_comp4,R_3_A_1_150_2,TCDB,TCDB.3_A_1_150_2_comp1
G_3_A_1_150_2_comp2,P_3_A_1_150_2_comp1+3_A_1_150_2_comp2+3_A_1_150_2_comp3+3_A_1_150_2_comp4,R_3_A_1_150_2,TCDB,TCDB.3_A_1_150_2_comp2
G_3_A_1_150_2_comp3,P_3_A_1_150_2_comp1+3_A_1_150_2_comp2+3_A_1_150_2_comp3+3_A_1_150_2_comp4,R_3_A_1_150_2,TCDB,TCDB.3_A_1_150_2_comp3
G_3_A_1_150_2_comp4,P_3_A_1_150_2_comp1+3_A_1_150_2_comp2+3_A_1_150_2_comp3+3_A_1_150_2_comp4,R_3_A_1_150_2,TCDB,TCDB.3_A_1_150_2_comp4
G_2_A_66_1_55_comp1,P_2_A_66_1_55_comp1,R_2_A_66_1_55,TCDB,TCDB.2_A_66_1_55_comp1
G_2_A_59_1_4_comp1,P_2_A_59_1_4_comp1,R_2_A_59_1_4,TCDB,TCDB.2_A_59_1_4_comp1
G_3_A_1_6_5_comp1,P_3_A_1_6_5_comp1+3_A_1_6_5_comp2+3_A_1_6_5_comp3,R_3_A_1_6_5,TCDB,TCDB.3_A_1_6_5_comp1
G_3_A_1_6_5_comp2,P_3_A_1_6_5_comp1+3_A_1_6_5_comp2+3_A_1_6_5_comp3,R_3_A_1_6_5,TCDB,TCDB.3_A_1_6_5_comp2
G_3_A_1_6_5_comp3,P_3_A_1_6_5_comp1+3_A_1_6_5_comp2+3_A_1_6_5_comp3,R_3_A_1_6_5,TCDB,TCDB.3_A_1_6_5_comp3
G_3_A_1_12_9_comp1,P_3_A_1_12_9_comp1+3_A_1_12_9_comp2+3_A_1_12_9_comp3,R_3_A_1_12_9,TCDB,TCDB.3_A_1_12_9_comp1
G_3_A_1_12_9_comp2,P_3_A_1_12_9_comp1+3_A_1_12_9_comp2+3_A_1_12_9_comp3,R_3_A_1_12_9,TCDB,TCDB.3_A_1_12_9_comp2
G_3_A_1_12_9_comp3,P_3_A_1_12_9_comp1+3_A_1_12_9_comp2+3_A_1_12_9_comp3,R_3_A_1_12_9,TCDB,TCDB.3_A_1_12_9_comp3
G_3_E_1_3_5_comp1,P_3_E_1_3_5_comp1,R_3_E_1_3_5,TCDB,TCDB.3_E_1_3_5_comp1
G_1_C_101_1_1_comp1,P_1_C_101_1_1_comp1,R_1_C_101_1_1,TCDB,TCDB.1_C_101_1_1_comp1
G_2_A_60_1_13_comp1,P_2_A_60_1_13_comp1,R_2_A_60_1_13,TCDB,TCDB.2_A_60_1_13_comp1
G_8_A_17_3_1_comp1,P_8_A_17_3_1_comp1,R_8_A_17_3_1,TCDB,TCDB.8_A_17_3_1_comp1
G_1_A_53_1_8_comp1,P_1_A_53_1_8_comp1,R_1_A_53_1_8,TCDB,TCDB.1_A_53_1_8_comp1
G_1_J_1_1_1_comp1,P_1_J_1_1_1_comp1,R_1_J_1_1_1,TCDB,TCDB.1_J_1_1_1_comp1
G_2_A_7_9_8_comp1,P_2_A_7_9_8_comp1,R_2_A_7_9_8,TCDB,TCDB.2_A_7_9_8_comp1
G_2_A_29_4_5_comp1,P_2_A_29_4_5_comp1,R_2_A_29_4_5,TCDB,TCDB.2_A_29_4_5_comp1
G_8_A_16_2_4_comp1,P_8_A_16_2_4_comp1,R_8_A_16_2_4,TCDB,TCDB.8_A_16_2_4_comp1
G_2_A_3_8_14_comp1,P_2_A_3_8_14_comp1,R_2_A_3_8_14,TCDB,TCDB.2_A_3_8_14_comp1
G_1_B_94_1_8_comp1,P_1_B_94_1_8_comp1,R_1_B_94_1_8,TCDB,TCDB.1_B_94_1_8_comp1
G_2_A_4_7_10_comp1,P_2_A_4_7_10_comp1,R_2_A_4_7_10,TCDB,TCDB.2_A_4_7_10_comp1
G_3_A_1_4_3_comp1,P_3_A_1_4_3_comp1+3_A_1_4_3_comp2+3_A_1_4_3_comp3+3_A_1_4_3_comp4,R_3_A_1_4_3,TCDB,TCDB.3_A_1_4_3_comp1
G_3_A_1_4_3_comp2,P_3_A_1_4_3_comp1+3_A_1_4_3_comp2+3_A_1_4_3_comp3+3_A_1_4_3_comp4,R_3_A_1_4_3,TCDB,TCDB.3_A_1_4_3_comp2
G_3_A_1_4_3_comp3,P_3_A_1_4_3_comp1+3_A_1_4_3_comp2+3_A_1_4_3_comp3+3_A_1_4_3_comp4,R_3_A_1_4_3,TCDB,TCDB.3_A_1_4_3_comp3
G_3_A_1_4_3_comp4,P_3_A_1_4_3_comp1+3_A_1_4_3_comp2+3_A_1_4_3_comp3+3_A_1_4_3_comp4,R_3_A_1_4_3,TCDB,TCDB.3_A_1_4_3_comp4
G_2_A_21_4_1_comp1,P_2_A_21_4_1_comp1,R_2_A_21_4_1,TCDB,TCDB.2_A_21_4_1_comp1
G_1_B_14_2_17_comp1,P_1_B_14_2_17_comp1,R_1_B_14_2_17,TCDB,TCDB.1_B_14_2_17_comp1
G_2_A_56_1_11_comp1,P_2_A_56_1_11_comp1+2_A_56_1_11_comp2+2_A_56_1_11_comp3,R_2_A_56_1_11,TCDB,TCDB.2_A_56_1_11_comp1
G_2_A_56_1_11_comp2,P_2_A_56_1_11_comp1+2_A_56_1_11_comp2+2_A_56_1_11_comp3,R_2_A_56_1_11,TCDB,TCDB.2_A_56_1_11_comp2
G_2_A_56_1_11_comp3,P_2_A_56_1_11_comp1+2_A_56_1_11_comp2+2_A_56_1_11_comp3,R_2_A_56_1_11,TCDB,TCDB.2_A_56_1_11_comp3
G_3_A_3_5_16_comp1,P_3_A_3_5_16_comp1,R_3_A_3_5_16,TCDB,TCDB.3_A_3_5_16_comp1
G_2_A_24_2_5_comp1,P_2_A_24_2_5_comp1,R_2_A_24_2_5,TCDB,TCDB.2_A_24_2_5_comp1
G_3_A_1_134_2_comp1,P_3_A_1_134_2_comp1+3_A_1_134_2_comp2,R_3_A_1_134_2,TCDB,TCDB.3_A_1_134_2_comp1
G_3_A_1_134_2_comp2,P_3_A_1_134_2_comp1+3_A_1_134_2_comp2,R_3_A_1_134_2,TCDB,TCDB.3_A_1_134_2_comp2
G_2_A_1_15_14_comp1,P_2_A_1_15_14_comp1,R_2_A_1_15_14,TCDB,TCDB.2_A_1_15_14_comp1
G_1_A_1_4_3_comp1,P_1_A_1_4_3_comp1,R_1_A_1_4_3,TCDB,TCDB.1_A_1_4_3_comp1
G_8_A_86_1_1_comp1,P_8_A_86_1_1_comp1,R_8_A_86_1_1,TCDB,TCDB.8_A_86_1_1_comp1
G_2_A_37_4_5_comp1,P_2_A_37_4_5_comp1,R_2_A_37_4_5,TCDB,TCDB.2_A_37_4_5_comp1
G_2_A_1_9_9_comp1,P_2_A_1_9_9_comp1,R_2_A_1_9_9,TCDB,TCDB.2_A_1_9_9_comp1
G_2_A_31_3_1_comp1,P_2_A_31_3_1_comp1,R_2_A_31_3_1,TCDB,TCDB.2_A_31_3_1_comp1
G_2_A_37_1_8_comp1,P_2_A_37_1_8_comp1,R_2_A_37_1_8,TCDB,TCDB.2_A_37_1_8_comp1
G_2_A_1_1_34_comp1,P_2_A_1_1_34_comp1,R_2_A_1_1_34,TCDB,TCDB.2_A_1_1_34_comp1
G_8_A_125_1_3_comp1,P_8_A_125_1_3_comp1,R_8_A_125_1_3,TCDB,TCDB.8_A_125_1_3_comp1
G_1_A_23_4_11_comp1,P_1_A_23_4_11_comp1,R_1_A_23_4_11,TCDB,TCDB.1_A_23_4_11_comp1
G_2_A_1_1_66_comp1,P_2_A_1_1_66_comp1,R_2_A_1_1_66,TCDB,TCDB.2_A_1_1_66_comp1
G_2_A_17_3_23_comp1,P_2_A_17_3_23_comp1,R_2_A_17_3_23,TCDB,TCDB.2_A_17_3_23_comp1
G_2_A_29_20_2_comp1,P_2_A_29_20_2_comp1,R_2_A_29_20_2,TCDB,TCDB.2_A_29_20_2_comp1
G_1_A_8_12_8_comp1,P_1_A_8_12_8_comp1,R_1_A_8_12_8,TCDB,TCDB.1_A_8_12_8_comp1
G_1_A_8_12_4_comp1,P_1_A_8_12_4_comp1,R_1_A_8_12_4,TCDB,TCDB.1_A_8_12_4_comp1
G_2_A_100_1_2_comp1,P_2_A_100_1_2_comp1,R_2_A_100_1_2,TCDB,TCDB.2_A_100_1_2_comp1
G_2_A_3_3_14_comp1,P_2_A_3_3_14_comp1,R_2_A_3_3_14,TCDB,TCDB.2_A_3_3_14_comp1
G_1_A_8_9_13_comp1,P_1_A_8_9_13_comp1,R_1_A_8_9_13,TCDB,TCDB.1_A_8_9_13_comp1
G_8_A_43_1_4_comp1,P_8_A_43_1_4_comp1,R_8_A_43_1_4,TCDB,TCDB.8_A_43_1_4_comp1
G_1_A_9_3_3_comp1,P_1_A_9_3_3_comp1,R_1_A_9_3_3,TCDB,TCDB.1_A_9_3_3_comp1
G_1_A_69_1_2_comp1,P_1_A_69_1_2_comp1,R_1_A_69_1_2,TCDB,TCDB.1_A_69_1_2_comp1
G_9_B_39_1_3_comp1,P_9_B_39_1_3_comp1,R_9_B_39_1_3,TCDB,TCDB.9_B_39_1_3_comp1
G_2_A_1_19_8_comp1,P_2_A_1_19_8_comp1,R_2_A_1_19_8,TCDB,TCDB.2_A_1_19_8_comp1
G_8_A_101_1_1_comp1,P_8_A_101_1_1_comp1,R_8_A_101_1_1,TCDB,TCDB.8_A_101_1_1_comp1
G_2_A_20_2_7_comp1,P_2_A_20_2_7_comp1,R_2_A_20_2_7,TCDB,TCDB.2_A_20_2_7_comp1
G_2_A_29_23_7_comp1,P_2_A_29_23_7_comp1,R_2_A_29_23_7,TCDB,TCDB.2_A_29_23_7_comp1
G_8_A_193_1_1_comp1,P_8_A_193_1_1_comp1,R_8_A_193_1_1,TCDB,TCDB.8_A_193_1_1_comp1
G_2_A_18_6_15_comp1,P_2_A_18_6_15_comp1,R_2_A_18_6_15,TCDB,TCDB.2_A_18_6_15_comp1
G_9_B_200_1_2_comp1,P_9_B_200_1_2_comp1,R_9_B_200_1_2,TCDB,TCDB.9_B_200_1_2_comp1
G_2_A_7_24_6_comp1,P_2_A_7_24_6_comp1,R_2_A_7_24_6,TCDB,TCDB.2_A_7_24_6_comp1
G_8_A_70_1_1_comp1,P_8_A_70_1_1_comp1,R_8_A_70_1_1,TCDB,TCDB.8_A_70_1_1_comp1
G_9_B_68_1_1_comp1,P_9_B_68_1_1_comp1,R_9_B_68_1_1,TCDB,TCDB.9_B_68_1_1_comp1
G_1_A_50_6_1_comp1,P_1_A_50_6_1_comp1,R_1_A_50_6_1,TCDB,TCDB.1_A_50_6_1_comp1
G_1_A_121_1_1_comp1,P_1_A_121_1_1_comp1,R_1_A_121_1_1,TCDB,TCDB.1_A_121_1_1_comp1
G_2_A_92_1_6_comp1,P_2_A_92_1_6_comp1,R_2_A_92_1_6,TCDB,TCDB.2_A_92_1_6_comp1
G_1_A_107_1_5_comp1,P_1_A_107_1_5_comp1,R_1_A_107_1_5,TCDB,TCDB.1_A_107_1_5_comp1
G_2_A_47_1_15_comp1,P_2_A_47_1_15_comp1,R_2_A_47_1_15,TCDB,TCDB.2_A_47_1_15_comp1
G_2_A_21_3_6_comp1,P_2_A_21_3_6_comp1,R_2_A_21_3_6,TCDB,TCDB.2_A_21_3_6_comp1
G_3_A_1_211_17_comp1,P_3_A_1_211_17_comp1,R_3_A_1_211_17,TCDB,TCDB.3_A_1_211_17_comp1
G_3_A_1_211_9_comp1,P_3_A_1_211_9_comp1,R_3_A_1_211_9,TCDB,TCDB.3_A_1_211_9_comp1
G_1_N_5_1_1_comp1,P_1_N_5_1_1_comp1,R_1_N_5_1_1,TCDB,TCDB.1_N_5_1_1_comp1
G_9_A_14_6_11_comp1,P_9_A_14_6_11_comp1,R_9_A_14_6_11,TCDB,TCDB.9_A_14_6_11_comp1
G_8_A_110_1_5_comp1,P_8_A_110_1_5_comp1,R_8_A_110_1_5,TCDB,TCDB.8_A_110_1_5_comp1
G_8_A_16_2_6_comp1,P_8_A_16_2_6_comp1,R_8_A_16_2_6,TCDB,TCDB.8_A_16_2_6_comp1
G_2_A_3_3_10_comp1,P_2_A_3_3_10_comp1,R_2_A_3_3_10,TCDB,TCDB.2_A_3_3_10_comp1
G_9_A_63_1_5_comp1,P_9_A_63_1_5_comp1,R_9_A_63_1_5,TCDB,TCDB.9_A_63_1_5_comp1
G_1_A_74_2_2_comp1,P_1_A_74_2_2_comp1,R_1_A_74_2_2,TCDB,TCDB.1_A_74_2_2_comp1
G_2_A_7_32_1_comp1,P_2_A_7_32_1_comp1,R_2_A_7_32_1,TCDB,TCDB.2_A_7_32_1_comp1
G_9_B_371_2_1_comp1,P_9_B_371_2_1_comp1,R_9_B_371_2_1,TCDB,TCDB.9_B_371_2_1_comp1
G_8_A_53_1_1_comp1,P_8_A_53_1_1_comp1,R_8_A_53_1_1,TCDB,TCDB.8_A_53_1_1_comp1
G_3_A_1_205_6_comp1,P_3_A_1_205_6_comp1,R_3_A_1_205_6,TCDB,TCDB.3_A_1_205_6_comp1
G_2_A_1_8_13_comp1,P_2_A_1_8_13_comp1,R_2_A_1_8_13,TCDB,TCDB.2_A_1_8_13_comp1
G_1_B_12_2_7_comp1,P_1_B_12_2_7_comp1,R_1_B_12_2_7,TCDB,TCDB.1_B_12_2_7_comp1
G_2_A_85_1_6_comp1,P_2_A_85_1_6_comp1,R_2_A_85_1_6,TCDB,TCDB.2_A_85_1_6_comp1
G_1_B_12_1_6_comp1,P_1_B_12_1_6_comp1,R_1_B_12_1_6,TCDB,TCDB.1_B_12_1_6_comp1
G_2_A_102_2_9_comp1,P_2_A_102_2_9_comp1,R_2_A_102_2_9,TCDB,TCDB.2_A_102_2_9_comp1
G_1_B_20_1_4_comp1,P_1_B_20_1_4_comp1,R_1_B_20_1_4,TCDB,TCDB.1_B_20_1_4_comp1
G_5_B_7_1_1_comp1,P_5_B_7_1_1_comp1,R_5_B_7_1_1,TCDB,TCDB.5_B_7_1_1_comp1
G_1_B_68_1_1_comp1,P_1_B_68_1_1_comp1,R_1_B_68_1_1,TCDB,TCDB.1_B_68_1_1_comp1
G_2_A_1_7_5_comp1,P_2_A_1_7_5_comp1,R_2_A_1_7_5,TCDB,TCDB.2_A_1_7_5_comp1
G_9_A_72_1_1_comp1,P_9_A_72_1_1_comp1,R_9_A_72_1_1,TCDB,TCDB.9_A_72_1_1_comp1
G_2_A_117_1_3_comp1,P_2_A_117_1_3_comp1,R_2_A_117_1_3,TCDB,TCDB.2_A_117_1_3_comp1
G_3_A_1_28_1_comp1,P_3_A_1_28_1_comp1+3_A_1_28_1_comp2+3_A_1_28_1_comp3+3_A_1_28_1_comp4,R_3_A_1_28_1,TCDB,TCDB.3_A_1_28_1_comp1
G_3_A_1_28_1_comp2,P_3_A_1_28_1_comp1+3_A_1_28_1_comp2+3_A_1_28_1_comp3+3_A_1_28_1_comp4,R_3_A_1_28_1,TCDB,TCDB.3_A_1_28_1_comp2
G_3_A_1_28_1_comp3,P_3_A_1_28_1_comp1+3_A_1_28_1_comp2+3_A_1_28_1_comp3+3_A_1_28_1_comp4,R_3_A_1_28_1,TCDB,TCDB.3_A_1_28_1_comp3
G_3_A_1_28_1_comp4,P_3_A_1_28_1_comp1+3_A_1_28_1_comp2+3_A_1_28_1_comp3+3_A_1_28_1_comp4,R_3_A_1_28_1,TCDB,TCDB.3_A_1_28_1_comp4
G_2_A_114_1_4_comp1,P_2_A_114_1_4_comp1,R_2_A_114_1_4,TCDB,TCDB.2_A_114_1_4_comp1
G_1_C_65_1_2_comp1,P_1_C_65_1_2_comp1,R_1_C_65_1_2,TCDB,TCDB.1_C_65_1_2_comp1
G_1_C_65_1_3_comp1,P_1_C_65_1_3_comp1,R_1_C_65_1_3,TCDB,TCDB.1_C_65_1_3_comp1
G_2_A_113_1_3_comp1,P_2_A_113_1_3_comp1,R_2_A_113_1_3,TCDB,TCDB.2_A_113_1_3_comp1
G_2_A_66_1_36_comp1,P_2_A_66_1_36_comp1,R_2_A_66_1_36,TCDB,TCDB.2_A_66_1_36_comp1
G_1_B_46_1_3_comp1,P_1_B_46_1_3_comp1+1_B_46_1_3_comp2,R_1_B_46_1_3,TCDB,TCDB.1_B_46_1_3_comp1
G_1_B_46_1_3_comp2,P_1_B_46_1_3_comp1+1_B_46_1_3_comp2,R_1_B_46_1_3,TCDB,TCDB.1_B_46_1_3_comp2
G_2_A_6_2_45_comp1,P_2_A_6_2_45_comp1+2_A_6_2_45_comp2,R_2_A_6_2_45,TCDB,TCDB.2_A_6_2_45_comp1
G_2_A_6_2_45_comp2,P_2_A_6_2_45_comp1+2_A_6_2_45_comp2,R_2_A_6_2_45,TCDB,TCDB.2_A_6_2_45_comp2
G_4_A_3_2_11_comp1,P_4_A_3_2_11_comp1+4_A_3_2_11_comp2+4_A_3_2_11_comp3+4_A_3_2_11_comp4+4_A_3_2_11_comp5,R_4_A_3_2_11,TCDB,TCDB.4_A_3_2_11_comp1
G_4_A_3_2_11_comp2,P_4_A_3_2_11_comp1+4_A_3_2_11_comp2+4_A_3_2_11_comp3+4_A_3_2_11_comp4+4_A_3_2_11_comp5,R_4_A_3_2_11,TCDB,TCDB.4_A_3_2_11_comp2
G_4_A_3_2_11_comp3,P_4_A_3_2_11_comp1+4_A_3_2_11_comp2+4_A_3_2_11_comp3+4_A_3_2_11_comp4+4_A_3_2_11_comp5,R_4_A_3_2_11,TCDB,TCDB.4_A_3_2_11_comp3
G_4_A_3_2_11_comp4,P_4_A_3_2_11_comp1+4_A_3_2_11_comp2+4_A_3_2_11_comp3+4_A_3_2_11_comp4+4_A_3_2_11_comp5,R_4_A_3_2_11,TCDB,TCDB.4_A_3_2_11_comp4
G_4_A_3_2_11_comp5,P_4_A_3_2_11_comp1+4_A_3_2_11_comp2+4_A_3_2_11_comp3+4_A_3_2_11_comp4+4_A_3_2_11_comp5,R_4_A_3_2_11,TCDB,TCDB.4_A_3_2_11_comp5
G_5_B_14_1_1_comp1,P_5_B_14_1_1_comp1+5_B_14_1_1_comp2+5_B_14_1_1_comp3+5_B_14_1_1_comp4+5_B_14_1_1_comp5+5_B_14_1_1_comp6+5_B_14_1_1_comp7,R_5_B_14_1_1,TCDB,TCDB.5_B_14_1_1_comp1
G_5_B_14_1_1_comp2,P_5_B_14_1_1_comp1+5_B_14_1_1_comp2+5_B_14_1_1_comp3+5_B_14_1_1_comp4+5_B_14_1_1_comp5+5_B_14_1_1_comp6+5_B_14_1_1_comp7,R_5_B_14_1_1,TCDB,TCDB.5_B_14_1_1_comp2
G_5_B_14_1_1_comp3,P_5_B_14_1_1_comp1+5_B_14_1_1_comp2+5_B_14_1_1_comp3+5_B_14_1_1_comp4+5_B_14_1_1_comp5+5_B_14_1_1_comp6+5_B_14_1_1_comp7,R_5_B_14_1_1,TCDB,TCDB.5_B_14_1_1_comp3
G_5_B_14_1_1_comp4,P_5_B_14_1_1_comp1+5_B_14_1_1_comp2+5_B_14_1_1_comp3+5_B_14_1_1_comp4+5_B_14_1_1_comp5+5_B_14_1_1_comp6+5_B_14_1_1_comp7,R_5_B_14_1_1,TCDB,TCDB.5_B_14_1_1_comp4
G_5_B_14_1_1_comp5,P_5_B_14_1_1_comp1+5_B_14_1_1_comp2+5_B_14_1_1_comp3+5_B_14_1_1_comp4+5_B_14_1_1_comp5+5_B_14_1_1_comp6+5_B_14_1_1_comp7,R_5_B_14_1_1,TCDB,TCDB.5_B_14_1_1_comp5
G_5_B_14_1_1_comp6,P_5_B_14_1_1_comp1+5_B_14_1_1_comp2+5_B_14_1_1_comp3+5_B_14_1_1_comp4+5_B_14_1_1_comp5+5_B_14_1_1_comp6+5_B_14_1_1_comp7,R_5_B_14_1_1,TCDB,TCDB.5_B_14_1_1_comp6
G_5_B_14_1_1_comp7,P_5_B_14_1_1_comp1+5_B_14_1_1_comp2+5_B_14_1_1_comp3+5_B_14_1_1_comp4+5_B_14_1_1_comp5+5_B_14_1_1_comp6+5_B_14_1_1_comp7,R_5_B_14_1_1,TCDB,TCDB.5_B_14_1_1_comp7
G_3_A_1_134_12_comp1,P_3_A_1_134_12_comp1+3_A_1_134_12_comp2,R_3_A_1_134_12,TCDB,TCDB.3_A_1_134_12_comp1
G_3_A_1_134_12_comp2,P_3_A_1_134_12_comp1+3_A_1_134_12_comp2,R_3_A_1_134_12,TCDB,TCDB.3_A_1_134_12_comp2
G_1_A_1_17_2_comp1,P_1_A_1_17_2_comp1,R_1_A_1_17_2,TCDB,TCDB.1_A_1_17_2_comp1
G_2_A_87_1_4_comp1,P_2_A_87_1_4_comp1,R_2_A_87_1_4,TCDB,TCDB.2_A_87_1_4_comp1
G_1_A_8_2_11_comp1,P_1_A_8_2_11_comp1,R_1_A_8_2_11,TCDB,TCDB.1_A_8_2_11_comp1
G_9_B_144_1_8_comp1,P_9_B_144_1_8_comp1,R_9_B_144_1_8,TCDB,TCDB.9_B_144_1_8_comp1
G_4_A_6_1_16_comp1,P_4_A_6_1_16_comp1+4_A_6_1_16_comp2+4_A_6_1_16_comp3+4_A_6_1_16_comp4,R_4_A_6_1_16,TCDB,TCDB.4_A_6_1_16_comp1
G_4_A_6_1_16_comp2,P_4_A_6_1_16_comp1+4_A_6_1_16_comp2+4_A_6_1_16_comp3+4_A_6_1_16_comp4,R_4_A_6_1_16,TCDB,TCDB.4_A_6_1_16_comp2
G_4_A_6_1_16_comp3,P_4_A_6_1_16_comp1+4_A_6_1_16_comp2+4_A_6_1_16_comp3+4_A_6_1_16_comp4,R_4_A_6_1_16,TCDB,TCDB.4_A_6_1_16_comp3
G_4_A_6_1_16_comp4,P_4_A_6_1_16_comp1+4_A_6_1_16_comp2+4_A_6_1_16_comp3+4_A_6_1_16_comp4,R_4_A_6_1_16,TCDB,TCDB.4_A_6_1_16_comp4
G_4_A_6_1_29_comp1,P_4_A_6_1_29_comp1+4_A_6_1_29_comp2+4_A_6_1_29_comp3+4_A_6_1_29_comp4,R_4_A_6_1_29,TCDB,TCDB.4_A_6_1_29_comp1
G_4_A_6_1_29_comp2,P_4_A_6_1_29_comp1+4_A_6_1_29_comp2+4_A_6_1_29_comp3+4_A_6_1_29_comp4,R_4_A_6_1_29,TCDB,TCDB.4_A_6_1_29_comp2
G_4_A_6_1_29_comp3,P_4_A_6_1_29_comp1+4_A_6_1_29_comp2+4_A_6_1_29_comp3+4_A_6_1_29_comp4,R_4_A_6_1_29,TCDB,TCDB.4_A_6_1_29_comp3
G_4_A_6_1_29_comp4,P_4_A_6_1_29_comp1+4_A_6_1_29_comp2+4_A_6_1_29_comp3+4_A_6_1_29_comp4,R_4_A_6_1_29,TCDB,TCDB.4_A_6_1_29_comp4
G_3_A_3_6_24_comp1,P_3_A_3_6_24_comp1,R_3_A_3_6_24,TCDB,TCDB.3_A_3_6_24_comp1
G_4_A_5_1_7_comp1,P_4_A_5_1_7_comp1+4_A_5_1_7_comp2+4_A_5_1_7_comp3,R_4_A_5_1_7,TCDB,TCDB.4_A_5_1_7_comp1
G_4_A_5_1_7_comp2,P_4_A_5_1_7_comp1+4_A_5_1_7_comp2+4_A_5_1_7_comp3,R_4_A_5_1_7,TCDB,TCDB.4_A_5_1_7_comp2
G_4_A_5_1_7_comp3,P_4_A_5_1_7_comp1+4_A_5_1_7_comp2+4_A_5_1_7_comp3,R_4_A_5_1_7,TCDB,TCDB.4_A_5_1_7_comp3
G_2_A_108_2_2_comp1,P_2_A_108_2_2_comp1,R_2_A_108_2_2,TCDB,TCDB.2_A_108_2_2_comp1
G_3_A_1_1_52_comp1,P_3_A_1_1_52_comp1+3_A_1_1_52_comp2+3_A_1_1_52_comp3+3_A_1_1_52_comp4+3_A_1_1_52_comp5,R_3_A_1_1_52,TCDB,TCDB.3_A_1_1_52_comp1
G_3_A_1_1_52_comp2,P_3_A_1_1_52_comp1+3_A_1_1_52_comp2+3_A_1_1_52_comp3+3_A_1_1_52_comp4+3_A_1_1_52_comp5,R_3_A_1_1_52,TCDB,TCDB.3_A_1_1_52_comp2
G_3_A_1_1_52_comp3,P_3_A_1_1_52_comp1+3_A_1_1_52_comp2+3_A_1_1_52_comp3+3_A_1_1_52_comp4+3_A_1_1_52_comp5,R_3_A_1_1_52,TCDB,TCDB.3_A_1_1_52_comp3
G_3_A_1_1_52_comp4,P_3_A_1_1_52_comp1+3_A_1_1_52_comp2+3_A_1_1_52_comp3+3_A_1_1_52_comp4+3_A_1_1_52_comp5,R_3_A_1_1_52,TCDB,TCDB.3_A_1_1_52_comp4
G_3_A_1_1_52_comp5,P_3_A_1_1_52_comp1+3_A_1_1_52_comp2+3_A_1_1_52_comp3+3_A_1_1_52_comp4+3_A_1_1_52_comp5,R_3_A_1_1_52,TCDB,TCDB.3_A_1_1_52_comp5
G_3_A_1_3_18_comp1,P_3_A_1_3_18_comp1+3_A_1_3_18_comp2+3_A_1_3_18_comp3,R_3_A_1_3_18,TCDB,TCDB.3_A_1_3_18_comp1
G_3_A_1_3_18_comp2,P_3_A_1_3_18_comp1+3_A_1_3_18_comp2+3_A_1_3_18_comp3,R_3_A_1_3_18,TCDB,TCDB.3_A_1_3_18_comp2
G_3_A_1_3_18_comp3,P_3_A_1_3_18_comp1+3_A_1_3_18_comp2+3_A_1_3_18_comp3,R_3_A_1_3_18,TCDB,TCDB.3_A_1_3_18_comp3
G_3_A_1_3_17_comp1,P_3_A_1_3_17_comp1,R_3_A_1_3_17,TCDB,TCDB.3_A_1_3_17_comp1
G_3_E_1_1_6_comp1,P_3_E_1_1_6_comp1,R_3_E_1_1_6,TCDB,TCDB.3_E_1_1_6_comp1
G_2_A_56_3_3_comp1,P_2_A_56_3_3_comp1+2_A_56_3_3_comp2+2_A_56_3_3_comp3,R_2_A_56_3_3,TCDB,TCDB.2_A_56_3_3_comp1
G_2_A_56_3_3_comp2,P_2_A_56_3_3_comp1+2_A_56_3_3_comp2+2_A_56_3_3_comp3,R_2_A_56_3_3,TCDB,TCDB.2_A_56_3_3_comp2
G_2_A_56_3_3_comp3,P_2_A_56_3_3_comp1+2_A_56_3_3_comp2+2_A_56_3_3_comp3,R_2_A_56_3_3,TCDB,TCDB.2_A_56_3_3_comp3
G_3_A_1_4_12_comp1,P_3_A_1_4_12_comp1+3_A_1_4_12_comp2+3_A_1_4_12_comp3+3_A_1_4_12_comp4+3_A_1_4_12_comp5,R_3_A_1_4_12,TCDB,TCDB.3_A_1_4_12_comp1
G_3_A_1_4_12_comp2,P_3_A_1_4_12_comp1+3_A_1_4_12_comp2+3_A_1_4_12_comp3+3_A_1_4_12_comp4+3_A_1_4_12_comp5,R_3_A_1_4_12,TCDB,TCDB.3_A_1_4_12_comp2
G_3_A_1_4_12_comp3,P_3_A_1_4_12_comp1+3_A_1_4_12_comp2+3_A_1_4_12_comp3+3_A_1_4_12_comp4+3_A_1_4_12_comp5,R_3_A_1_4_12,TCDB,TCDB.3_A_1_4_12_comp3
G_3_A_1_4_12_comp4,P_3_A_1_4_12_comp1+3_A_1_4_12_comp2+3_A_1_4_12_comp3+3_A_1_4_12_comp4+3_A_1_4_12_comp5,R_3_A_1_4_12,TCDB,TCDB.3_A_1_4_12_comp4
G_3_A_1_4_12_comp5,P_3_A_1_4_12_comp1+3_A_1_4_12_comp2+3_A_1_4_12_comp3+3_A_1_4_12_comp4+3_A_1_4_12_comp5,R_3_A_1_4_12,TCDB,TCDB.3_A_1_4_12_comp5
G_2_A_7_3_75_comp1,P_2_A_7_3_75_comp1,R_2_A_7_3_75,TCDB,TCDB.2_A_7_3_75_comp1
G_2_A_1_2_107_comp1,P_2_A_1_2_107_comp1,R_2_A_1_2_107,TCDB,TCDB.2_A_1_2_107_comp1
G_1_C_12_3_1_comp1,P_1_C_12_3_1_comp1,R_1_C_12_3_1,TCDB,TCDB.1_C_12_3_1_comp1
G_2_A_23_1_12_comp1,P_2_A_23_1_12_comp1,R_2_A_23_1_12,TCDB,TCDB.2_A_23_1_12_comp1
G_8_A_198_1_1_comp1,P_8_A_198_1_1_comp1,R_8_A_198_1_1,TCDB,TCDB.8_A_198_1_1_comp1
G_9_B_121_5_2_comp1,P_9_B_121_5_2_comp1,R_9_B_121_5_2,TCDB,TCDB.9_B_121_5_2_comp1
G_2_A_114_1_10_comp1,P_2_A_114_1_10_comp1,R_2_A_114_1_10,TCDB,TCDB.2_A_114_1_10_comp1
G_2_A_3_13_2_comp1,P_2_A_3_13_2_comp1,R_2_A_3_13_2,TCDB,TCDB.2_A_3_13_2_comp1
G_2_A_13_1_3_comp1,P_2_A_13_1_3_comp1,R_2_A_13_1_3,TCDB,TCDB.2_A_13_1_3_comp1
G_1_B_39_1_1_comp1,P_1_B_39_1_1_comp1,R_1_B_39_1_1,TCDB,TCDB.1_B_39_1_1_comp1
G_1_B_54_1_8_comp1,P_1_B_54_1_8_comp1+1_B_54_1_8_comp2,R_1_B_54_1_8,TCDB,TCDB.1_B_54_1_8_comp1
G_1_B_54_1_8_comp2,P_1_B_54_1_8_comp1+1_B_54_1_8_comp2,R_1_B_54_1_8,TCDB,TCDB.1_B_54_1_8_comp2
G_3_A_1_12_14_comp1,P_3_A_1_12_14_comp1+3_A_1_12_14_comp2+3_A_1_12_14_comp3+3_A_1_12_14_comp4,R_3_A_1_12_14,TCDB,TCDB.3_A_1_12_14_comp1
G_3_A_1_12_14_comp2,P_3_A_1_12_14_comp1+3_A_1_12_14_comp2+3_A_1_12_14_comp3+3_A_1_12_14_comp4,R_3_A_1_12_14,TCDB,TCDB.3_A_1_12_14_comp2
G_3_A_1_12_14_comp3,P_3_A_1_12_14_comp1+3_A_1_12_14_comp2+3_A_1_12_14_comp3+3_A_1_12_14_comp4,R_3_A_1_12_14,TCDB,TCDB.3_A_1_12_14_comp3
G_3_A_1_12_14_comp4,P_3_A_1_12_14_comp1+3_A_1_12_14_comp2+3_A_1_12_14_comp3+3_A_1_12_14_comp4,R_3_A_1_12_14,TCDB,TCDB.3_A_1_12_14_comp4
G_2_A_85_1_5_comp1,P_2_A_85_1_5_comp1,R_2_A_85_1_5,TCDB,TCDB.2_A_85_1_5_comp1
G_2_A_21_3_10_comp1,P_2_A_21_3_10_comp1,R_2_A_21_3_10,TCDB,TCDB.2_A_21_3_10_comp1
G_2_A_1_38_3_comp1,P_2_A_1_38_3_comp1,R_2_A_1_38_3,TCDB,TCDB.2_A_1_38_3_comp1
G_3_A_3_5_20_comp1,P_3_A_3_5_20_comp1,R_3_A_3_5_20,TCDB,TCDB.3_A_3_5_20_comp1
G_2_A_6_2_25_comp1,P_2_A_6_2_25_comp1+2_A_6_2_25_comp2+2_A_6_2_25_comp3,R_2_A_6_2_25,TCDB,TCDB.2_A_6_2_25_comp1
G_2_A_6_2_25_comp2,P_2_A_6_2_25_comp1+2_A_6_2_25_comp2+2_A_6_2_25_comp3,R_2_A_6_2_25,TCDB,TCDB.2_A_6_2_25_comp2
G_2_A_6_2_25_comp3,P_2_A_6_2_25_comp1+2_A_6_2_25_comp2+2_A_6_2_25_comp3,R_2_A_6_2_25,TCDB,TCDB.2_A_6_2_25_comp3
G_1_A_136_1_1_comp1,P_1_A_136_1_1_comp1+1_A_136_1_1_comp2+1_A_136_1_1_comp3+1_A_136_1_1_comp4+1_A_136_1_1_comp5,R_1_A_136_1_1,TCDB,TCDB.1_A_136_1_1_comp1
G_1_A_136_1_1_comp2,P_1_A_136_1_1_comp1+1_A_136_1_1_comp2+1_A_136_1_1_comp3+1_A_136_1_1_comp4+1_A_136_1_1_comp5,R_1_A_136_1_1,TCDB,TCDB.1_A_136_1_1_comp2
G_1_A_136_1_1_comp3,P_1_A_136_1_1_comp1+1_A_136_1_1_comp2+1_A_136_1_1_comp3+1_A_136_1_1_comp4+1_A_136_1_1_comp5,R_1_A_136_1_1,TCDB,TCDB.1_A_136_1_1_comp3
G_1_A_136_1_1_comp4,P_1_A_136_1_1_comp1+1_A_136_1_1_comp2+1_A_136_1_1_comp3+1_A_136_1_1_comp4+1_A_136_1_1_comp5,R_1_A_136_1_1,TCDB,TCDB.1_A_136_1_1_comp4
G_1_A_136_1_1_comp5,P_1_A_136_1_1_comp1+1_A_136_1_1_comp2+1_A_136_1_1_comp3+1_A_136_1_1_comp4+1_A_136_1_1_comp5,R_1_A_136_1_1,TCDB,TCDB.1_A_136_1_1_comp5
G_3_A_3_6_13_comp1,P_3_A_3_6_13_comp1,R_3_A_3_6_13,TCDB,TCDB.3_A_3_6_13_comp1
G_3_A_3_5_25_comp1,P_3_A_3_5_25_comp1,R_3_A_3_5_25,TCDB,TCDB.3_A_3_5_25_comp1
G_2_A_1_2_49_comp1,P_2_A_1_2_49_comp1,R_2_A_1_2_49,TCDB,TCDB.2_A_1_2_49_comp1
G_3_A_10_3_1_comp1,P_3_A_10_3_1_comp1,R_3_A_10_3_1,TCDB,TCDB.3_A_10_3_1_comp1
G_1_E_5_2_9_comp1,P_1_E_5_2_9_comp1,R_1_E_5_2_9,TCDB,TCDB.1_E_5_2_9_comp1
G_2_A_124_1_5_comp1,P_2_A_124_1_5_comp1,R_2_A_124_1_5,TCDB,TCDB.2_A_124_1_5_comp1
G_1_E_43_2_6_comp1,P_1_E_43_2_6_comp1,R_1_E_43_2_6,TCDB,TCDB.1_E_43_2_6_comp1
G_3_A_3_1_11_comp1,P_3_A_3_1_11_comp1,R_3_A_3_1_11,TCDB,TCDB.3_A_3_1_11_comp1
G_2_A_82_1_1_comp1,P_2_A_82_1_1_comp1+2_A_82_1_1_comp2,R_2_A_82_1_1,TCDB,TCDB.2_A_82_1_1_comp1
G_2_A_82_1_1_comp2,P_2_A_82_1_1_comp1+2_A_82_1_1_comp2,R_2_A_82_1_1,TCDB,TCDB.2_A_82_1_1_comp2
G_3_A_1_201_9_comp1,P_3_A_1_201_9_comp1,R_3_A_1_201_9,TCDB,TCDB.3_A_1_201_9_comp1
G_1_C_62_1_1_comp1,P_1_C_62_1_1_comp1,R_1_C_62_1_1,TCDB,TCDB.1_C_62_1_1_comp1
G_9_B_41_1_3_comp1,P_9_B_41_1_3_comp1,R_9_B_41_1_3,TCDB,TCDB.9_B_41_1_3_comp1
G_8_B_9_1_3_comp1,P_8_B_9_1_3_comp1,R_8_B_9_1_3,TCDB,TCDB.8_B_9_1_3_comp1
G_1_C_125_1_1_comp1,P_1_C_125_1_1_comp1+1_C_125_1_1_comp2,R_1_C_125_1_1,TCDB,TCDB.1_C_125_1_1_comp1
G_1_C_125_1_1_comp2,P_1_C_125_1_1_comp1+1_C_125_1_1_comp2,R_1_C_125_1_1,TCDB,TCDB.1_C_125_1_1_comp2
G_8_A_58_1_5_comp1,P_8_A_58_1_5_comp1,R_8_A_58_1_5,TCDB,TCDB.8_A_58_1_5_comp1
G_1_A_36_1_5_comp1,P_1_A_36_1_5_comp1,R_1_A_36_1_5,TCDB,TCDB.1_A_36_1_5_comp1
G_1_G_13_2_1_comp1,P_1_G_13_2_1_comp1,R_1_G_13_2_1,TCDB,TCDB.1_G_13_2_1_comp1
G_1_A_10_1_12_comp1,P_1_A_10_1_12_comp1,R_1_A_10_1_12,TCDB,TCDB.1_A_10_1_12_comp1
G_1_A_116_1_6_comp1,P_1_A_116_1_6_comp1,R_1_A_116_1_6,TCDB,TCDB.1_A_116_1_6_comp1
G_1_A_85_1_3_comp1,P_1_A_85_1_3_comp1,R_1_A_85_1_3,TCDB,TCDB.1_A_85_1_3_comp1
G_2_A_54_1_6_comp1,P_2_A_54_1_6_comp1,R_2_A_54_1_6,TCDB,TCDB.2_A_54_1_6_comp1
G_4_C_1_1_1_comp1,P_4_C_1_1_1_comp1,R_4_C_1_1_1,TCDB,TCDB.4_C_1_1_1_comp1
G_1_C_15_1_2_comp1,P_1_C_15_1_2_comp1,R_1_C_15_1_2,TCDB,TCDB.1_C_15_1_2_comp1
G_2_A_5_4_8_comp1,P_2_A_5_4_8_comp1,R_2_A_5_4_8,TCDB,TCDB.2_A_5_4_8_comp1
G_2_A_3_8_8_comp1,P_2_A_3_8_8_comp1,R_2_A_3_8_8,TCDB,TCDB.2_A_3_8_8_comp1
G_2_A_1_13_2_comp1,P_2_A_1_13_2_comp1,R_2_A_1_13_2,TCDB,TCDB.2_A_1_13_2_comp1
G_1_A_2_1_4_comp1,P_1_A_2_1_4_comp1,R_1_A_2_1_4,TCDB,TCDB.1_A_2_1_4_comp1
G_2_A_29_5_5_comp1,P_2_A_29_5_5_comp1,R_2_A_29_5_5,TCDB,TCDB.2_A_29_5_5_comp1
G_1_A_24_1_12_comp1,P_1_A_24_1_12_comp1,R_1_A_24_1_12,TCDB,TCDB.1_A_24_1_12_comp1
G_2_A_1_1_23_comp1,P_2_A_1_1_23_comp1,R_2_A_1_1_23,TCDB,TCDB.2_A_1_1_23_comp1
G_2_A_1_16_9_comp1,P_2_A_1_16_9_comp1,R_2_A_1_16_9,TCDB,TCDB.2_A_1_16_9_comp1
G_1_A_8_9_24_comp1,P_1_A_8_9_24_comp1,R_1_A_8_9_24,TCDB,TCDB.1_A_8_9_24_comp1
G_9_B_87_1_9_comp1,P_9_B_87_1_9_comp1,R_9_B_87_1_9,TCDB,TCDB.9_B_87_1_9_comp1
G_9_B_17_2_1_comp1,P_9_B_17_2_1_comp1,R_9_B_17_2_1,TCDB,TCDB.9_B_17_2_1_comp1
G_2_A_5_4_3_comp1,P_2_A_5_4_3_comp1,R_2_A_5_4_3,TCDB,TCDB.2_A_5_4_3_comp1
G_1_A_75_1_1_comp1,P_1_A_75_1_1_comp1+1_A_75_1_1_comp2+1_A_75_1_1_comp3,R_1_A_75_1_1,TCDB,TCDB.1_A_75_1_1_comp1
G_1_A_75_1_1_comp2,P_1_A_75_1_1_comp1+1_A_75_1_1_comp2+1_A_75_1_1_comp3,R_1_A_75_1_1,TCDB,TCDB.1_A_75_1_1_comp2
G_1_A_75_1_1_comp3,P_1_A_75_1_1_comp1+1_A_75_1_1_comp2+1_A_75_1_1_comp3,R_1_A_75_1_1,TCDB,TCDB.1_A_75_1_1_comp3
G_2_A_3_8_23_comp1,P_2_A_3_8_23_comp1,R_2_A_3_8_23,TCDB,TCDB.2_A_3_8_23_comp1
G_8_A_68_1_3_comp1,P_8_A_68_1_3_comp1,R_8_A_68_1_3,TCDB,TCDB.8_A_68_1_3_comp1
G_8_A_86_1_18_comp1,P_8_A_86_1_18_comp1,R_8_A_86_1_18,TCDB,TCDB.8_A_86_1_18_comp1
G_2_A_36_1_14_comp1,P_2_A_36_1_14_comp1,R_2_A_36_1_14,TCDB,TCDB.2_A_36_1_14_comp1
G_1_A_6_1_8_comp1,P_1_A_6_1_8_comp1,R_1_A_6_1_8,TCDB,TCDB.1_A_6_1_8_comp1
G_2_A_54_1_5_comp1,P_2_A_54_1_5_comp1,R_2_A_54_1_5,TCDB,TCDB.2_A_54_1_5_comp1
G_8_A_87_2_1_comp1,P_8_A_87_2_1_comp1,R_8_A_87_2_1,TCDB,TCDB.8_A_87_2_1_comp1
G_9_B_87_1_17_comp1,P_9_B_87_1_17_comp1,R_9_B_87_1_17,TCDB,TCDB.9_B_87_1_17_comp1
G_2_A_1_1_74_comp1,P_2_A_1_1_74_comp1,R_2_A_1_1_74,TCDB,TCDB.2_A_1_1_74_comp1
G_1_A_3_1_1_comp1,P_1_A_3_1_1_comp1,R_1_A_3_1_1,TCDB,TCDB.1_A_3_1_1_comp1
G_1_A_2_1_19_comp1,P_1_A_2_1_19_comp1,R_1_A_2_1_19,TCDB,TCDB.1_A_2_1_19_comp1
G_4_D_1_1_18_comp1,P_4_D_1_1_18_comp1,R_4_D_1_1_18,TCDB,TCDB.4_D_1_1_18_comp1
G_4_D_1_1_10_comp1,P_4_D_1_1_10_comp1,R_4_D_1_1_10,TCDB,TCDB.4_D_1_1_10_comp1
G_1_A_21_1_5_comp1,P_1_A_21_1_5_comp1,R_1_A_21_1_5,TCDB,TCDB.1_A_21_1_5_comp1
G_9_A_14_1_6_comp1,P_9_A_14_1_6_comp1,R_9_A_14_1_6,TCDB,TCDB.9_A_14_1_6_comp1
G_3_A_1_208_2_comp1,P_3_A_1_208_2_comp1,R_3_A_1_208_2,TCDB,TCDB.3_A_1_208_2_comp1
G_2_A_21_5_1_comp1,P_2_A_21_5_1_comp1,R_2_A_21_5_1,TCDB,TCDB.2_A_21_5_1_comp1
G_8_A_128_1_12_comp1,P_8_A_128_1_12_comp1,R_8_A_128_1_12,TCDB,TCDB.8_A_128_1_12_comp1
G_1_A_1_16_6_comp1,P_1_A_1_16_6_comp1,R_1_A_1_16_6,TCDB,TCDB.1_A_1_16_6_comp1
G_1_A_1_2_25_comp1,P_1_A_1_2_25_comp1,R_1_A_1_2_25,TCDB,TCDB.1_A_1_2_25_comp1
G_2_A_60_1_19_comp1,P_2_A_60_1_19_comp1,R_2_A_60_1_19,TCDB,TCDB.2_A_60_1_19_comp1
G_9_B_453_1_1_comp1,P_9_B_453_1_1_comp1,R_9_B_453_1_1,TCDB,TCDB.9_B_453_1_1_comp1
G_1_E_11_1_6_comp1,P_1_E_11_1_6_comp1,R_1_E_11_1_6,TCDB,TCDB.1_E_11_1_6_comp1
G_8_A_43_1_5_comp1,P_8_A_43_1_5_comp1,R_8_A_43_1_5,TCDB,TCDB.8_A_43_1_5_comp1
G_3_A_1_15_9_comp1,P_3_A_1_15_9_comp1+3_A_1_15_9_comp2+3_A_1_15_9_comp3+3_A_1_15_9_comp4,R_3_A_1_15_9,TCDB,TCDB.3_A_1_15_9_comp1
G_3_A_1_15_9_comp2,P_3_A_1_15_9_comp1+3_A_1_15_9_comp2+3_A_1_15_9_comp3+3_A_1_15_9_comp4,R_3_A_1_15_9,TCDB,TCDB.3_A_1_15_9_comp2
G_3_A_1_15_9_comp3,P_3_A_1_15_9_comp1+3_A_1_15_9_comp2+3_A_1_15_9_comp3+3_A_1_15_9_comp4,R_3_A_1_15_9,TCDB,TCDB.3_A_1_15_9_comp3
G_3_A_1_15_9_comp4,P_3_A_1_15_9_comp1+3_A_1_15_9_comp2+3_A_1_15_9_comp3+3_A_1_15_9_comp4,R_3_A_1_15_9,TCDB,TCDB.3_A_1_15_9_comp4
G_1_B_14_2_7_comp1,P_1_B_14_2_7_comp1,R_1_B_14_2_7,TCDB,TCDB.1_B_14_2_7_comp1
G_2_A_4_7_7_comp1,P_2_A_4_7_7_comp1,R_2_A_4_7_7,TCDB,TCDB.2_A_4_7_7_comp1
G_3_A_1_5_17_comp1,P_3_A_1_5_17_comp1+3_A_1_5_17_comp2+3_A_1_5_17_comp3+3_A_1_5_17_comp4,R_3_A_1_5_17,TCDB,TCDB.3_A_1_5_17_comp1
G_3_A_1_5_17_comp2,P_3_A_1_5_17_comp1+3_A_1_5_17_comp2+3_A_1_5_17_comp3+3_A_1_5_17_comp4,R_3_A_1_5_17,TCDB,TCDB.3_A_1_5_17_comp2
G_3_A_1_5_17_comp3,P_3_A_1_5_17_comp1+3_A_1_5_17_comp2+3_A_1_5_17_comp3+3_A_1_5_17_comp4,R_3_A_1_5_17,TCDB,TCDB.3_A_1_5_17_comp3
G_3_A_1_5_17_comp4,P_3_A_1_5_17_comp1+3_A_1_5_17_comp2+3_A_1_5_17_comp3+3_A_1_5_17_comp4,R_3_A_1_5_17,TCDB,TCDB.3_A_1_5_17_comp4
G_2_A_4_3_13_comp1,P_2_A_4_3_13_comp1,R_2_A_4_3_13,TCDB,TCDB.2_A_4_3_13_comp1
G_1_B_17_1_4_comp1,P_1_B_17_1_4_comp1,R_1_B_17_1_4,TCDB,TCDB.1_B_17_1_4_comp1
G_1_A_8_12_10_comp1,P_1_A_8_12_10_comp1,R_1_A_8_12_10,TCDB,TCDB.1_A_8_12_10_comp1
G_1_B_70_1_11_comp1,P_1_B_70_1_11_comp1,R_1_B_70_1_11,TCDB,TCDB.1_B_70_1_11_comp1
G_3_A_1_1_58_comp1,P_3_A_1_1_58_comp1+3_A_1_1_58_comp2+3_A_1_1_58_comp3+3_A_1_1_58_comp4,R_3_A_1_1_58,TCDB,TCDB.3_A_1_1_58_comp1
G_3_A_1_1_58_comp2,P_3_A_1_1_58_comp1+3_A_1_1_58_comp2+3_A_1_1_58_comp3+3_A_1_1_58_comp4,R_3_A_1_1_58,TCDB,TCDB.3_A_1_1_58_comp2
G_3_A_1_1_58_comp3,P_3_A_1_1_58_comp1+3_A_1_1_58_comp2+3_A_1_1_58_comp3+3_A_1_1_58_comp4,R_3_A_1_1_58,TCDB,TCDB.3_A_1_1_58_comp3
G_3_A_1_1_58_comp4,P_3_A_1_1_58_comp1+3_A_1_1_58_comp2+3_A_1_1_58_comp3+3_A_1_1_58_comp4,R_3_A_1_1_58,TCDB,TCDB.3_A_1_1_58_comp4
G_3_A_3_6_14_comp1,P_3_A_3_6_14_comp1,R_3_A_3_6_14,TCDB,TCDB.3_A_3_6_14_comp1
G_3_A_1_4_7_comp1,P_3_A_1_4_7_comp1+3_A_1_4_7_comp2+3_A_1_4_7_comp3+3_A_1_4_7_comp4+3_A_1_4_7_comp5,R_3_A_1_4_7,TCDB,TCDB.3_A_1_4_7_comp1
G_3_A_1_4_7_comp2,P_3_A_1_4_7_comp1+3_A_1_4_7_comp2+3_A_1_4_7_comp3+3_A_1_4_7_comp4+3_A_1_4_7_comp5,R_3_A_1_4_7,TCDB,TCDB.3_A_1_4_7_comp2
G_3_A_1_4_7_comp3,P_3_A_1_4_7_comp1+3_A_1_4_7_comp2+3_A_1_4_7_comp3+3_A_1_4_7_comp4+3_A_1_4_7_comp5,R_3_A_1_4_7,TCDB,TCDB.3_A_1_4_7_comp3
G_3_A_1_4_7_comp4,P_3_A_1_4_7_comp1+3_A_1_4_7_comp2+3_A_1_4_7_comp3+3_A_1_4_7_comp4+3_A_1_4_7_comp5,R_3_A_1_4_7,TCDB,TCDB.3_A_1_4_7_comp4
G_3_A_1_4_7_comp5,P_3_A_1_4_7_comp1+3_A_1_4_7_comp2+3_A_1_4_7_comp3+3_A_1_4_7_comp4+3_A_1_4_7_comp5,R_3_A_1_4_7,TCDB,TCDB.3_A_1_4_7_comp5
G_3_A_1_2_11_comp1,P_3_A_1_2_11_comp1+3_A_1_2_11_comp2+3_A_1_2_11_comp3,R_3_A_1_2_11,TCDB,TCDB.3_A_1_2_11_comp1
G_3_A_1_2_11_comp2,P_3_A_1_2_11_comp1+3_A_1_2_11_comp2+3_A_1_2_11_comp3,R_3_A_1_2_11,TCDB,TCDB.3_A_1_2_11_comp2
G_3_A_1_2_11_comp3,P_3_A_1_2_11_comp1+3_A_1_2_11_comp2+3_A_1_2_11_comp3,R_3_A_1_2_11,TCDB,TCDB.3_A_1_2_11_comp3
G_2_A_15_1_5_comp1,P_2_A_15_1_5_comp1,R_2_A_15_1_5,TCDB,TCDB.2_A_15_1_5_comp1
G_2_A_1_57_2_comp1,P_2_A_1_57_2_comp1,R_2_A_1_57_2,TCDB,TCDB.2_A_1_57_2_comp1
G_3_A_3_25_2_comp1,P_3_A_3_25_2_comp1,R_3_A_3_25_2,TCDB,TCDB.3_A_3_25_2_comp1
G_1_A_1_27_3_comp1,P_1_A_1_27_3_comp1,R_1_A_1_27_3,TCDB,TCDB.1_A_1_27_3_comp1
G_1_A_7_1_11_comp1,P_1_A_7_1_11_comp1,R_1_A_7_1_11,TCDB,TCDB.1_A_7_1_11_comp1
G_2_A_56_1_7_comp1,P_2_A_56_1_7_comp1+2_A_56_1_7_comp2+2_A_56_1_7_comp3,R_2_A_56_1_7,TCDB,TCDB.2_A_56_1_7_comp1
G_2_A_56_1_7_comp2,P_2_A_56_1_7_comp1+2_A_56_1_7_comp2+2_A_56_1_7_comp3,R_2_A_56_1_7,TCDB,TCDB.2_A_56_1_7_comp2
G_2_A_56_1_7_comp3,P_2_A_56_1_7_comp1+2_A_56_1_7_comp2+2_A_56_1_7_comp3,R_2_A_56_1_7,TCDB,TCDB.2_A_56_1_7_comp3
G_1_C_38_1_9_comp1,P_1_C_38_1_9_comp1,R_1_C_38_1_9,TCDB,TCDB.1_C_38_1_9_comp1
G_8_A_47_1_4_comp1,P_8_A_47_1_4_comp1,R_8_A_47_1_4,TCDB,TCDB.8_A_47_1_4_comp1
G_2_A_1_58_2_comp1,P_2_A_1_58_2_comp1,R_2_A_1_58_2,TCDB,TCDB.2_A_1_58_2_comp1
G_9_A_13_1_1_comp1,P_9_A_13_1_1_comp1,R_9_A_13_1_1,TCDB,TCDB.9_A_13_1_1_comp1
G_1_B_35_1_1_comp1,P_1_B_35_1_1_comp1,R_1_B_35_1_1,TCDB,TCDB.1_B_35_1_1_comp1
G_1_A_55_1_3_comp1,P_1_A_55_1_3_comp1,R_1_A_55_1_3,TCDB,TCDB.1_A_55_1_3_comp1
G_2_A_47_1_7_comp1,P_2_A_47_1_7_comp1,R_2_A_47_1_7,TCDB,TCDB.2_A_47_1_7_comp1
G_1_C_40_1_5_comp1,P_1_C_40_1_5_comp1,R_1_C_40_1_5,TCDB,TCDB.1_C_40_1_5_comp1
G_2_A_7_12_4_comp1,P_2_A_7_12_4_comp1,R_2_A_7_12_4,TCDB,TCDB.2_A_7_12_4_comp1
G_1_A_4_5_10_comp1,P_1_A_4_5_10_comp1,R_1_A_4_5_10,TCDB,TCDB.1_A_4_5_10_comp1
G_2_A_1_3_28_comp1,P_2_A_1_3_28_comp1,R_2_A_1_3_28,TCDB,TCDB.2_A_1_3_28_comp1
G_1_C_4_7_2_comp1,P_1_C_4_7_2_comp1,R_1_C_4_7_2,TCDB,TCDB.1_C_4_7_2_comp1
G_5_A_1_2_7_comp1,P_5_A_1_2_7_comp1,R_5_A_1_2_7,TCDB,TCDB.5_A_1_2_7_comp1
G_3_A_1_12_8_comp1,P_3_A_1_12_8_comp1+3_A_1_12_8_comp2,R_3_A_1_12_8,TCDB,TCDB.3_A_1_12_8_comp1
G_3_A_1_12_8_comp2,P_3_A_1_12_8_comp1+3_A_1_12_8_comp2,R_3_A_1_12_8,TCDB,TCDB.3_A_1_12_8_comp2
G_2_A_15_1_8_comp1,P_2_A_15_1_8_comp1,R_2_A_15_1_8,TCDB,TCDB.2_A_15_1_8_comp1
G_2_A_1_3_21_comp1,P_2_A_1_3_21_comp1,R_2_A_1_3_21,TCDB,TCDB.2_A_1_3_21_comp1
G_1_B_14_9_2_comp1,P_1_B_14_9_2_comp1,R_1_B_14_9_2,TCDB,TCDB.1_B_14_9_2_comp1
G_9_B_90_1_1_comp1,P_9_B_90_1_1_comp1,R_9_B_90_1_1,TCDB,TCDB.9_B_90_1_1_comp1
G_8_A_3_2_3_comp1,P_8_A_3_2_3_comp1+8_A_3_2_3_comp2,R_8_A_3_2_3,TCDB,TCDB.8_A_3_2_3_comp1
G_8_A_3_2_3_comp2,P_8_A_3_2_3_comp1+8_A_3_2_3_comp2,R_8_A_3_2_3,TCDB,TCDB.8_A_3_2_3_comp2
G_3_A_1_123_2_comp1,P_3_A_1_123_2_comp1,R_3_A_1_123_2,TCDB,TCDB.3_A_1_123_2_comp1
G_3_A_1_112_13_comp1,P_3_A_1_112_13_comp1+3_A_1_112_13_comp2,R_3_A_1_112_13,TCDB,TCDB.3_A_1_112_13_comp1
G_3_A_1_112_13_comp2,P_3_A_1_112_13_comp1+3_A_1_112_13_comp2,R_3_A_1_112_13,TCDB,TCDB.3_A_1_112_13_comp2
G_9_B_2_1_9_comp1,P_9_B_2_1_9_comp1,R_9_B_2_1_9,TCDB,TCDB.9_B_2_1_9_comp1
G_2_A_66_1_7_comp1,P_2_A_66_1_7_comp1,R_2_A_66_1_7,TCDB,TCDB.2_A_66_1_7_comp1
G_2_A_36_7_1_comp1,P_2_A_36_7_1_comp1,R_2_A_36_7_1,TCDB,TCDB.2_A_36_7_1_comp1
G_1_A_11_2_3_comp1,P_1_A_11_2_3_comp1,R_1_A_11_2_3,TCDB,TCDB.1_A_11_2_3_comp1
G_2_A_1_71_2_comp1,P_2_A_1_71_2_comp1,R_2_A_1_71_2,TCDB,TCDB.2_A_1_71_2_comp1
G_3_A_1_1_36_comp1,P_3_A_1_1_36_comp1+3_A_1_1_36_comp2+3_A_1_1_36_comp3+3_A_1_1_36_comp4,R_3_A_1_1_36,TCDB,TCDB.3_A_1_1_36_comp1
G_3_A_1_1_36_comp2,P_3_A_1_1_36_comp1+3_A_1_1_36_comp2+3_A_1_1_36_comp3+3_A_1_1_36_comp4,R_3_A_1_1_36,TCDB,TCDB.3_A_1_1_36_comp2
G_3_A_1_1_36_comp3,P_3_A_1_1_36_comp1+3_A_1_1_36_comp2+3_A_1_1_36_comp3+3_A_1_1_36_comp4,R_3_A_1_1_36,TCDB,TCDB.3_A_1_1_36_comp3
G_3_A_1_1_36_comp4,P_3_A_1_1_36_comp1+3_A_1_1_36_comp2+3_A_1_1_36_comp3+3_A_1_1_36_comp4,R_3_A_1_1_36,TCDB,TCDB.3_A_1_1_36_comp4
G_2_A_55_3_4_comp1,P_2_A_55_3_4_comp1,R_2_A_55_3_4,TCDB,TCDB.2_A_55_3_4_comp1
G_2_A_118_1_1_comp1,P_2_A_118_1_1_comp1,R_2_A_118_1_1,TCDB,TCDB.2_A_118_1_1_comp1
G_3_A_1_1_11_comp1,P_3_A_1_1_11_comp1+3_A_1_1_11_comp2+3_A_1_1_11_comp3+3_A_1_1_11_comp4,R_3_A_1_1_11,TCDB,TCDB.3_A_1_1_11_comp1
G_3_A_1_1_11_comp2,P_3_A_1_1_11_comp1+3_A_1_1_11_comp2+3_A_1_1_11_comp3+3_A_1_1_11_comp4,R_3_A_1_1_11,TCDB,TCDB.3_A_1_1_11_comp2
G_3_A_1_1_11_comp3,P_3_A_1_1_11_comp1+3_A_1_1_11_comp2+3_A_1_1_11_comp3+3_A_1_1_11_comp4,R_3_A_1_1_11,TCDB,TCDB.3_A_1_1_11_comp3
G_3_A_1_1_11_comp4,P_3_A_1_1_11_comp1+3_A_1_1_11_comp2+3_A_1_1_11_comp3+3_A_1_1_11_comp4,R_3_A_1_1_11,TCDB,TCDB.3_A_1_1_11_comp4
G_2_A_2_5_1_comp1,P_2_A_2_5_1_comp1,R_2_A_2_5_1,TCDB,TCDB.2_A_2_5_1_comp1
G_3_A_1_6_2_comp1,P_3_A_1_6_2_comp1+3_A_1_6_2_comp2+3_A_1_6_2_comp3,R_3_A_1_6_2,TCDB,TCDB.3_A_1_6_2_comp1
G_3_A_1_6_2_comp2,P_3_A_1_6_2_comp1+3_A_1_6_2_comp2+3_A_1_6_2_comp3,R_3_A_1_6_2,TCDB,TCDB.3_A_1_6_2_comp2
G_3_A_1_6_2_comp3,P_3_A_1_6_2_comp1+3_A_1_6_2_comp2+3_A_1_6_2_comp3,R_3_A_1_6_2,TCDB,TCDB.3_A_1_6_2_comp3
G_1_C_69_1_1_comp1,P_1_C_69_1_1_comp1,R_1_C_69_1_1,TCDB,TCDB.1_C_69_1_1_comp1
G_2_A_21_9_2_comp1,P_2_A_21_9_2_comp1,R_2_A_21_9_2,TCDB,TCDB.2_A_21_9_2_comp1
G_9_B_75_1_1_comp1,P_9_B_75_1_1_comp1,R_9_B_75_1_1,TCDB,TCDB.9_B_75_1_1_comp1
G_8_A_3_2_2_comp1,P_8_A_3_2_2_comp1+8_A_3_2_2_comp2,R_8_A_3_2_2,TCDB,TCDB.8_A_3_2_2_comp1
G_8_A_3_2_2_comp2,P_8_A_3_2_2_comp1+8_A_3_2_2_comp2,R_8_A_3_2_2,TCDB,TCDB.8_A_3_2_2_comp2
G_5_A_3_9_1_comp1,P_5_A_3_9_1_comp1+5_A_3_9_1_comp2+5_A_3_9_1_comp3,R_5_A_3_9_1,TCDB,TCDB.5_A_3_9_1_comp1
G_5_A_3_9_1_comp2,P_5_A_3_9_1_comp1+5_A_3_9_1_comp2+5_A_3_9_1_comp3,R_5_A_3_9_1,TCDB,TCDB.5_A_3_9_1_comp2
G_5_A_3_9_1_comp3,P_5_A_3_9_1_comp1+5_A_3_9_1_comp2+5_A_3_9_1_comp3,R_5_A_3_9_1,TCDB,TCDB.5_A_3_9_1_comp3
G_1_A_29_1_5_comp1,P_1_A_29_1_5_comp1,R_1_A_29_1_5,TCDB,TCDB.1_A_29_1_5_comp1
G_3_A_1_14_7_comp1,P_3_A_1_14_7_comp1+3_A_1_14_7_comp2+3_A_1_14_7_comp3+3_A_1_14_7_comp4,R_3_A_1_14_7,TCDB,TCDB.3_A_1_14_7_comp1
G_3_A_1_14_7_comp2,P_3_A_1_14_7_comp1+3_A_1_14_7_comp2+3_A_1_14_7_comp3+3_A_1_14_7_comp4,R_3_A_1_14_7,TCDB,TCDB.3_A_1_14_7_comp2
G_3_A_1_14_7_comp3,P_3_A_1_14_7_comp1+3_A_1_14_7_comp2+3_A_1_14_7_comp3+3_A_1_14_7_comp4,R_3_A_1_14_7,TCDB,TCDB.3_A_1_14_7_comp3
G_3_A_1_14_7_comp4,P_3_A_1_14_7_comp1+3_A_1_14_7_comp2+3_A_1_14_7_comp3+3_A_1_14_7_comp4,R_3_A_1_14_7,TCDB,TCDB.3_A_1_14_7_comp4
G_2_A_6_2_11_comp1,P_2_A_6_2_11_comp1+2_A_6_2_11_comp2+2_A_6_2_11_comp3,R_2_A_6_2_11,TCDB,TCDB.2_A_6_2_11_comp1
G_2_A_6_2_11_comp2,P_2_A_6_2_11_comp1+2_A_6_2_11_comp2+2_A_6_2_11_comp3,R_2_A_6_2_11,TCDB,TCDB.2_A_6_2_11_comp2
G_2_A_6_2_11_comp3,P_2_A_6_2_11_comp1+2_A_6_2_11_comp2+2_A_6_2_11_comp3,R_2_A_6_2_11,TCDB,TCDB.2_A_6_2_11_comp3
G_3_A_1_14_19_comp1,P_3_A_1_14_19_comp1+3_A_1_14_19_comp2+3_A_1_14_19_comp3,R_3_A_1_14_19,TCDB,TCDB.3_A_1_14_19_comp1
G_3_A_1_14_19_comp2,P_3_A_1_14_19_comp1+3_A_1_14_19_comp2+3_A_1_14_19_comp3,R_3_A_1_14_19,TCDB,TCDB.3_A_1_14_19_comp2
G_3_A_1_14_19_comp3,P_3_A_1_14_19_comp1+3_A_1_14_19_comp2+3_A_1_14_19_comp3,R_3_A_1_14_19,TCDB,TCDB.3_A_1_14_19_comp3
G_1_B_14_2_6_comp1,P_1_B_14_2_6_comp1,R_1_B_14_2_6,TCDB,TCDB.1_B_14_2_6_comp1
G_1_B_14_6_2_comp1,P_1_B_14_6_2_comp1,R_1_B_14_6_2,TCDB,TCDB.1_B_14_6_2_comp1
G_9_B_67_8_4_comp1,P_9_B_67_8_4_comp1,R_9_B_67_8_4,TCDB,TCDB.9_B_67_8_4_comp1
G_1_C_3_4_6_comp1,P_1_C_3_4_6_comp1,R_1_C_3_4_6,TCDB,TCDB.1_C_3_4_6_comp1
G_2_A_126_2_4_comp1,P_2_A_126_2_4_comp1,R_2_A_126_2_4,TCDB,TCDB.2_A_126_2_4_comp1
G_1_A_56_1_11_comp1,P_1_A_56_1_11_comp1,R_1_A_56_1_11,TCDB,TCDB.1_A_56_1_11_comp1
G_3_E_1_7_1_comp1,P_3_E_1_7_1_comp1,R_3_E_1_7_1,TCDB,TCDB.3_E_1_7_1_comp1
G_2_A_5_1_7_comp1,P_2_A_5_1_7_comp1,R_2_A_5_1_7,TCDB,TCDB.2_A_5_1_7_comp1
G_2_A_29_8_16_comp1,P_2_A_29_8_16_comp1,R_2_A_29_8_16,TCDB,TCDB.2_A_29_8_16_comp1
G_8_A_40_5_2_comp1,P_8_A_40_5_2_comp1,R_8_A_40_5_2,TCDB,TCDB.8_A_40_5_2_comp1
G_3_A_10_1_2_comp1,P_3_A_10_1_2_comp1,R_3_A_10_1_2,TCDB,TCDB.3_A_10_1_2_comp1
G_2_A_36_1_5_comp1,P_2_A_36_1_5_comp1,R_2_A_36_1_5,TCDB,TCDB.2_A_36_1_5_comp1
G_2_A_31_3_3_comp1,P_2_A_31_3_3_comp1,R_2_A_31_3_3,TCDB,TCDB.2_A_31_3_3_comp1
G_2_A_7_19_3_comp1,P_2_A_7_19_3_comp1,R_2_A_7_19_3,TCDB,TCDB.2_A_7_19_3_comp1
G_2_A_19_2_5_comp1,P_2_A_19_2_5_comp1,R_2_A_19_2_5,TCDB,TCDB.2_A_19_2_5_comp1
G_1_A_35_5_4_comp1,P_1_A_35_5_4_comp1,R_1_A_35_5_4,TCDB,TCDB.1_A_35_5_4_comp1
G_2_A_69_1_3_comp1,P_2_A_69_1_3_comp1,R_2_A_69_1_3,TCDB,TCDB.2_A_69_1_3_comp1
G_2_A_7_13_3_comp1,P_2_A_7_13_3_comp1,R_2_A_7_13_3,TCDB,TCDB.2_A_7_13_3_comp1
G_2_A_67_2_5_comp1,P_2_A_67_2_5_comp1,R_2_A_67_2_5,TCDB,TCDB.2_A_67_2_5_comp1
G_2_A_53_2_20_comp1,P_2_A_53_2_20_comp1,R_2_A_53_2_20,TCDB,TCDB.2_A_53_2_20_comp1
G_2_A_1_14_49_comp1,P_2_A_1_14_49_comp1,R_2_A_1_14_49,TCDB,TCDB.2_A_1_14_49_comp1
G_2_A_17_3_17_comp1,P_2_A_17_3_17_comp1,R_2_A_17_3_17,TCDB,TCDB.2_A_17_3_17_comp1
G_2_A_57_1_10_comp1,P_2_A_57_1_10_comp1,R_2_A_57_1_10,TCDB,TCDB.2_A_57_1_10_comp1
G_2_A_66_1_11_comp1,P_2_A_66_1_11_comp1,R_2_A_66_1_11,TCDB,TCDB.2_A_66_1_11_comp1
G_2_A_19_2_9_comp1,P_2_A_19_2_9_comp1,R_2_A_19_2_9,TCDB,TCDB.2_A_19_2_9_comp1
G_2_A_7_24_12_comp1,P_2_A_7_24_12_comp1,R_2_A_7_24_12,TCDB,TCDB.2_A_7_24_12_comp1
G_1_A_9_4_1_comp1,P_1_A_9_4_1_comp1,R_1_A_9_4_1,TCDB,TCDB.1_A_9_4_1_comp1
G_1_B_8_1_6_comp1,P_1_B_8_1_6_comp1,R_1_B_8_1_6,TCDB,TCDB.1_B_8_1_6_comp1
G_3_A_1_205_21_comp1,P_3_A_1_205_21_comp1,R_3_A_1_205_21,TCDB,TCDB.3_A_1_205_21_comp1
G_3_A_1_205_18_comp1,P_3_A_1_205_18_comp1,R_3_A_1_205_18,TCDB,TCDB.3_A_1_205_18_comp1
G_2_A_126_1_16_comp1,P_2_A_126_1_16_comp1,R_2_A_126_1_16,TCDB,TCDB.2_A_126_1_16_comp1
G_1_A_1_4_4_comp1,P_1_A_1_4_4_comp1,R_1_A_1_4_4,TCDB,TCDB.1_A_1_4_4_comp1
G_2_A_29_18_2_comp1,P_2_A_29_18_2_comp1,R_2_A_29_18_2,TCDB,TCDB.2_A_29_18_2_comp1
G_9_B_166_1_1_comp1,P_9_B_166_1_1_comp1,R_9_B_166_1_1,TCDB,TCDB.9_B_166_1_1_comp1
G_2_A_92_1_10_comp1,P_2_A_92_1_10_comp1,R_2_A_92_1_10,TCDB,TCDB.2_A_92_1_10_comp1
G_1_A_1_5_7_comp1,P_1_A_1_5_7_comp1,R_1_A_1_5_7,TCDB,TCDB.1_A_1_5_7_comp1
G_2_A_106_1_5_comp1,P_2_A_106_1_5_comp1,R_2_A_106_1_5,TCDB,TCDB.2_A_106_1_5_comp1
G_2_A_1_1_50_comp1,P_2_A_1_1_50_comp1,R_2_A_1_1_50,TCDB,TCDB.2_A_1_1_50_comp1
G_2_A_7_9_6_comp1,P_2_A_7_9_6_comp1,R_2_A_7_9_6,TCDB,TCDB.2_A_7_9_6_comp1
G_2_A_1_2_111_comp1,P_2_A_1_2_111_comp1,R_2_A_1_2_111,TCDB,TCDB.2_A_1_2_111_comp1
G_9_B_230_1_1_comp1,P_9_B_230_1_1_comp1,R_9_B_230_1_1,TCDB,TCDB.9_B_230_1_1_comp1
G_2_A_5_3_4_comp1,P_2_A_5_3_4_comp1,R_2_A_5_3_4,TCDB,TCDB.2_A_5_3_4_comp1
G_3_A_1_203_5_comp1,P_3_A_1_203_5_comp1,R_3_A_1_203_5,TCDB,TCDB.3_A_1_203_5_comp1
G_2_A_7_14_4_comp1,P_2_A_7_14_4_comp1,R_2_A_7_14_4,TCDB,TCDB.2_A_7_14_4_comp1
G_1_A_1_11_26_comp1,P_1_A_1_11_26_comp1,R_1_A_1_11_26,TCDB,TCDB.1_A_1_11_26_comp1
G_9_B_14_1_11_comp1,P_9_B_14_1_11_comp1,R_9_B_14_1_11,TCDB,TCDB.9_B_14_1_11_comp1
G_8_A_70_1_2_comp1,P_8_A_70_1_2_comp1,R_8_A_70_1_2,TCDB,TCDB.8_A_70_1_2_comp1
G_1_A_9_4_4_comp1,P_1_A_9_4_4_comp1,R_1_A_9_4_4,TCDB,TCDB.1_A_9_4_4_comp1
G_2_A_4_2_4_comp1,P_2_A_4_2_4_comp1,R_2_A_4_2_4,TCDB,TCDB.2_A_4_2_4_comp1
G_8_A_56_1_1_comp1,P_8_A_56_1_1_comp1,R_8_A_56_1_1,TCDB,TCDB.8_A_56_1_1_comp1
G_1_A_55_1_2_comp1,P_1_A_55_1_2_comp1,R_1_A_55_1_2,TCDB,TCDB.1_A_55_1_2_comp1
G_1_A_1_3_3_comp1,P_1_A_1_3_3_comp1,R_1_A_1_3_3,TCDB,TCDB.1_A_1_3_3_comp1
G_1_A_5_1_6_comp1,P_1_A_5_1_6_comp1,R_1_A_5_1_6,TCDB,TCDB.1_A_5_1_6_comp1
G_2_A_22_1_5_comp1,P_2_A_22_1_5_comp1,R_2_A_22_1_5,TCDB,TCDB.2_A_22_1_5_comp1
G_2_A_7_24_3_comp1,P_2_A_7_24_3_comp1,R_2_A_7_24_3,TCDB,TCDB.2_A_7_24_3_comp1
G_1_A_1_2_21_comp1,P_1_A_1_2_21_comp1,R_1_A_1_2_21,TCDB,TCDB.1_A_1_2_21_comp1
G_2_A_55_2_15_comp1,P_2_A_55_2_15_comp1,R_2_A_55_2_15,TCDB,TCDB.2_A_55_2_15_comp1
G_2_A_43_2_2_comp1,P_2_A_43_2_2_comp1,R_2_A_43_2_2,TCDB,TCDB.2_A_43_2_2_comp1
G_2_A_1_65_12_comp1,P_2_A_1_65_12_comp1,R_2_A_1_65_12,TCDB,TCDB.2_A_1_65_12_comp1
G_2_A_6_6_18_comp1,P_2_A_6_6_18_comp1,R_2_A_6_6_18,TCDB,TCDB.2_A_6_6_18_comp1
G_2_A_7_15_3_comp1,P_2_A_7_15_3_comp1,R_2_A_7_15_3,TCDB,TCDB.2_A_7_15_3_comp1
G_9_A_46_2_3_comp1,P_9_A_46_2_3_comp1,R_9_A_46_2_3,TCDB,TCDB.9_A_46_2_3_comp1
G_2_A_1_50_4_comp1,P_2_A_1_50_4_comp1,R_2_A_1_50_4,TCDB,TCDB.2_A_1_50_4_comp1
G_2_A_18_1_1_comp1,P_2_A_18_1_1_comp1,R_2_A_18_1_1,TCDB,TCDB.2_A_18_1_1_comp1
G_2_A_49_3_1_comp1,P_2_A_49_3_1_comp1,R_2_A_49_3_1,TCDB,TCDB.2_A_49_3_1_comp1
G_2_A_22_1_10_comp1,P_2_A_22_1_10_comp1,R_2_A_22_1_10,TCDB,TCDB.2_A_22_1_10_comp1
G_1_A_53_1_5_comp1,P_1_A_53_1_5_comp1,R_1_A_53_1_5,TCDB,TCDB.1_A_53_1_5_comp1
G_8_A_23_1_30_comp1,P_8_A_23_1_30_comp1,R_8_A_23_1_30,TCDB,TCDB.8_A_23_1_30_comp1
G_8_A_103_1_4_comp1,P_8_A_103_1_4_comp1,R_8_A_103_1_4,TCDB,TCDB.8_A_103_1_4_comp1
G_9_A_14_13_14_comp1,P_9_A_14_13_14_comp1,R_9_A_14_13_14,TCDB,TCDB.9_A_14_13_14_comp1
G_2_A_18_6_17_comp1,P_2_A_18_6_17_comp1,R_2_A_18_6_17,TCDB,TCDB.2_A_18_6_17_comp1
G_2_A_7_10_2_comp1,P_2_A_7_10_2_comp1,R_2_A_7_10_2,TCDB,TCDB.2_A_7_10_2_comp1
G_8_A_76_1_1_comp1,P_8_A_76_1_1_comp1,R_8_A_76_1_1,TCDB,TCDB.8_A_76_1_1_comp1
G_8_A_144_1_1_comp1,P_8_A_144_1_1_comp1,R_8_A_144_1_1,TCDB,TCDB.8_A_144_1_1_comp1
G_1_A_14_3_10_comp1,P_1_A_14_3_10_comp1,R_1_A_14_3_10,TCDB,TCDB.1_A_14_3_10_comp1
G_9_B_23_1_5_comp1,P_9_B_23_1_5_comp1,R_9_B_23_1_5,TCDB,TCDB.9_B_23_1_5_comp1
G_2_A_7_16_1_comp1,P_2_A_7_16_1_comp1,R_2_A_7_16_1,TCDB,TCDB.2_A_7_16_1_comp1
G_8_A_142_1_1_comp1,P_8_A_142_1_1_comp1+8_A_142_1_1_comp2,R_8_A_142_1_1,TCDB,TCDB.8_A_142_1_1_comp1
G_8_A_142_1_1_comp2,P_8_A_142_1_1_comp1+8_A_142_1_1_comp2,R_8_A_142_1_1,TCDB,TCDB.8_A_142_1_1_comp2
G_2_A_29_5_8_comp1,P_2_A_29_5_8_comp1,R_2_A_29_5_8,TCDB,TCDB.2_A_29_5_8_comp1
G_1_C_113_1_9_comp1,P_1_C_113_1_9_comp1,R_1_C_113_1_9,TCDB,TCDB.1_C_113_1_9_comp1
G_9_B_232_1_1_comp1,P_9_B_232_1_1_comp1,R_9_B_232_1_1,TCDB,TCDB.9_B_232_1_1_comp1
G_1_A_64_6_1_comp1,P_1_A_64_6_1_comp1,R_1_A_64_6_1,TCDB,TCDB.1_A_64_6_1_comp1
G_2_A_66_3_2_comp1,P_2_A_66_3_2_comp1,R_2_A_66_3_2,TCDB,TCDB.2_A_66_3_2_comp1
G_2_A_29_30_1_comp1,P_2_A_29_30_1_comp1,R_2_A_29_30_1,TCDB,TCDB.2_A_29_30_1_comp1
G_1_A_25_3_7_comp1,P_1_A_25_3_7_comp1,R_1_A_25_3_7,TCDB,TCDB.1_A_25_3_7_comp1
G_9_A_14_13_7_comp1,P_9_A_14_13_7_comp1,R_9_A_14_13_7,TCDB,TCDB.9_A_14_13_7_comp1
G_1_H_1_1_4_comp1,P_1_H_1_1_4_comp1,R_1_H_1_1_4,TCDB,TCDB.1_H_1_1_4_comp1
G_9_B_228_1_1_comp1,P_9_B_228_1_1_comp1,R_9_B_228_1_1,TCDB,TCDB.9_B_228_1_1_comp1
G_8_A_136_1_11_comp1,P_8_A_136_1_11_comp1,R_8_A_136_1_11,TCDB,TCDB.8_A_136_1_11_comp1
G_2_A_60_1_9_comp1,P_2_A_60_1_9_comp1,R_2_A_60_1_9,TCDB,TCDB.2_A_60_1_9_comp1
G_2_A_1_2_53_comp1,P_2_A_1_2_53_comp1,R_2_A_1_2_53,TCDB,TCDB.2_A_1_2_53_comp1
G_1_A_121_1_2_comp1,P_1_A_121_1_2_comp1,R_1_A_121_1_2,TCDB,TCDB.1_A_121_1_2_comp1
G_8_A_111_1_1_comp1,P_8_A_111_1_1_comp1,R_8_A_111_1_1,TCDB,TCDB.8_A_111_1_1_comp1
G_9_A_57_1_8_comp1,P_9_A_57_1_8_comp1,R_9_A_57_1_8,TCDB,TCDB.9_A_57_1_8_comp1
G_8_A_75_1_2_comp1,P_8_A_75_1_2_comp1,R_8_A_75_1_2,TCDB,TCDB.8_A_75_1_2_comp1
G_9_B_198_2_6_comp1,P_9_B_198_2_6_comp1,R_9_B_198_2_6,TCDB,TCDB.9_B_198_2_6_comp1
G_2_A_29_10_6_comp1,P_2_A_29_10_6_comp1,R_2_A_29_10_6,TCDB,TCDB.2_A_29_10_6_comp1
G_8_A_157_1_1_comp1,P_8_A_157_1_1_comp1,R_8_A_157_1_1,TCDB,TCDB.8_A_157_1_1_comp1
G_1_A_51_1_2_comp1,P_1_A_51_1_2_comp1,R_1_A_51_1_2,TCDB,TCDB.1_A_51_1_2_comp1
G_1_A_27_3_1_comp1,P_1_A_27_3_1_comp1,R_1_A_27_3_1,TCDB,TCDB.1_A_27_3_1_comp1
G_2_A_29_5_6_comp1,P_2_A_29_5_6_comp1,R_2_A_29_5_6,TCDB,TCDB.2_A_29_5_6_comp1
G_8_A_75_1_3_comp1,P_8_A_75_1_3_comp1,R_8_A_75_1_3,TCDB,TCDB.8_A_75_1_3_comp1
G_1_A_64_5_8_comp1,P_1_A_64_5_8_comp1,R_1_A_64_5_8,TCDB,TCDB.1_A_64_5_8_comp1
G_8_A_150_1_1_comp1,P_8_A_150_1_1_comp1,R_8_A_150_1_1,TCDB,TCDB.8_A_150_1_1_comp1
G_2_A_28_1_7_comp1,P_2_A_28_1_7_comp1,R_2_A_28_1_7,TCDB,TCDB.2_A_28_1_7_comp1
G_8_A_43_1_15_comp1,P_8_A_43_1_15_comp1,R_8_A_43_1_15,TCDB,TCDB.8_A_43_1_15_comp1
G_2_A_66_1_14_comp1,P_2_A_66_1_14_comp1,R_2_A_66_1_14,TCDB,TCDB.2_A_66_1_14_comp1
G_8_A_81_1_3_comp1,P_8_A_81_1_3_comp1,R_8_A_81_1_3,TCDB,TCDB.8_A_81_1_3_comp1
G_8_A_16_4_3_comp1,P_8_A_16_4_3_comp1,R_8_A_16_4_3,TCDB,TCDB.8_A_16_4_3_comp1
G_1_A_64_5_1_comp1,P_1_A_64_5_1_comp1,R_1_A_64_5_1,TCDB,TCDB.1_A_64_5_1_comp1
G_2_A_7_12_12_comp1,P_2_A_7_12_12_comp1,R_2_A_7_12_12,TCDB,TCDB.2_A_7_12_12_comp1
G_8_A_97_1_1_comp1,P_8_A_97_1_1_comp1,R_8_A_97_1_1,TCDB,TCDB.8_A_97_1_1_comp1
G_4_C_3_2_1_comp1,P_4_C_3_2_1_comp1,R_4_C_3_2_1,TCDB,TCDB.4_C_3_2_1_comp1
G_8_A_161_1_1_comp1,P_8_A_161_1_1_comp1,R_8_A_161_1_1,TCDB,TCDB.8_A_161_1_1_comp1
G_1_A_26_2_3_comp1,P_1_A_26_2_3_comp1,R_1_A_26_2_3,TCDB,TCDB.1_A_26_2_3_comp1
G_2_A_5_4_12_comp1,P_2_A_5_4_12_comp1,R_2_A_5_4_12,TCDB,TCDB.2_A_5_4_12_comp1
G_2_A_29_14_7_comp1,P_2_A_29_14_7_comp1,R_2_A_29_14_7,TCDB,TCDB.2_A_29_14_7_comp1
G_8_A_141_1_1_comp1,P_8_A_141_1_1_comp1,R_8_A_141_1_1,TCDB,TCDB.8_A_141_1_1_comp1
G_1_A_37_8_2_comp1,P_1_A_37_8_2_comp1,R_1_A_37_8_2,TCDB,TCDB.1_A_37_8_2_comp1
G_8_A_108_1_9_comp1,P_8_A_108_1_9_comp1,R_8_A_108_1_9,TCDB,TCDB.8_A_108_1_9_comp1
G_8_A_87_1_5_comp1,P_8_A_87_1_5_comp1,R_8_A_87_1_5,TCDB,TCDB.8_A_87_1_5_comp1
G_9_B_27_1_9_comp1,P_9_B_27_1_9_comp1,R_9_B_27_1_9,TCDB,TCDB.9_B_27_1_9_comp1
G_8_A_92_1_17_comp1,P_8_A_92_1_17_comp1,R_8_A_92_1_17,TCDB,TCDB.8_A_92_1_17_comp1
G_9_B_365_3_1_comp1,P_9_B_365_3_1_comp1,R_9_B_365_3_1,TCDB,TCDB.9_B_365_3_1_comp1
G_3_A_1_208_29_comp1,P_3_A_1_208_29_comp1,R_3_A_1_208_29,TCDB,TCDB.3_A_1_208_29_comp1
G_3_A_1_208_13_comp1,P_3_A_1_208_13_comp1,R_3_A_1_208_13,TCDB,TCDB.3_A_1_208_13_comp1
G_8_A_23_1_50_comp1,P_8_A_23_1_50_comp1,R_8_A_23_1_50,TCDB,TCDB.8_A_23_1_50_comp1
G_8_A_43_1_21_comp1,P_8_A_43_1_21_comp1,R_8_A_43_1_21,TCDB,TCDB.8_A_43_1_21_comp1
G_1_A_37_3_1_comp1,P_1_A_37_3_1_comp1,R_1_A_37_3_1,TCDB,TCDB.1_A_37_3_1_comp1
G_8_A_88_2_3_comp1,P_8_A_88_2_3_comp1,R_8_A_88_2_3,TCDB,TCDB.8_A_88_2_3_comp1
G_2_A_2_4_8_comp1,P_2_A_2_4_8_comp1,R_2_A_2_4_8,TCDB,TCDB.2_A_2_4_8_comp1
G_1_A_26_2_2_comp1,P_1_A_26_2_2_comp1,R_1_A_26_2_2,TCDB,TCDB.1_A_26_2_2_comp1
G_2_A_7_9_9_comp1,P_2_A_7_9_9_comp1,R_2_A_7_9_9,TCDB,TCDB.2_A_7_9_9_comp1
G_9_A_14_22_5_comp1,P_9_A_14_22_5_comp1,R_9_A_14_22_5,TCDB,TCDB.9_A_14_22_5_comp1
G_8_A_125_1_5_comp1,P_8_A_125_1_5_comp1,R_8_A_125_1_5,TCDB,TCDB.8_A_125_1_5_comp1
G_1_A_1_2_7_comp1,P_1_A_1_2_7_comp1,R_1_A_1_2_7,TCDB,TCDB.1_A_1_2_7_comp1
G_1_A_24_1_8_comp1,P_1_A_24_1_8_comp1,R_1_A_24_1_8,TCDB,TCDB.1_A_24_1_8_comp1
G_2_A_7_28_5_comp1,P_2_A_7_28_5_comp1,R_2_A_7_28_5,TCDB,TCDB.2_A_7_28_5_comp1
G_2_A_1_2_104_comp1,P_2_A_1_2_104_comp1,R_2_A_1_2_104,TCDB,TCDB.2_A_1_2_104_comp1
G_8_A_207_1_1_comp1,P_8_A_207_1_1_comp1,R_8_A_207_1_1,TCDB,TCDB.8_A_207_1_1_comp1
G_8_A_34_1_3_comp1,P_8_A_34_1_3_comp1,R_8_A_34_1_3,TCDB,TCDB.8_A_34_1_3_comp1
G_9_B_446_1_1_comp1,P_9_B_446_1_1_comp1,R_9_B_446_1_1,TCDB,TCDB.9_B_446_1_1_comp1
G_8_A_23_1_56_comp1,P_8_A_23_1_56_comp1,R_8_A_23_1_56,TCDB,TCDB.8_A_23_1_56_comp1
G_2_A_50_2_5_comp1,P_2_A_50_2_5_comp1,R_2_A_50_2_5,TCDB,TCDB.2_A_50_2_5_comp1
G_2_A_22_6_4_comp1,P_2_A_22_6_4_comp1,R_2_A_22_6_4,TCDB,TCDB.2_A_22_6_4_comp1
G_2_A_54_1_8_comp1,P_2_A_54_1_8_comp1,R_2_A_54_1_8,TCDB,TCDB.2_A_54_1_8_comp1
G_8_A_122_2_1_comp1,P_8_A_122_2_1_comp1,R_8_A_122_2_1,TCDB,TCDB.8_A_122_2_1_comp1
G_2_A_1_50_1_comp1,P_2_A_1_50_1_comp1,R_2_A_1_50_1,TCDB,TCDB.2_A_1_50_1_comp1
G_1_A_12_1_4_comp1,P_1_A_12_1_4_comp1,R_1_A_12_1_4,TCDB,TCDB.1_A_12_1_4_comp1
G_1_A_1_19_2_comp1,P_1_A_1_19_2_comp1,R_1_A_1_19_2,TCDB,TCDB.1_A_1_19_2_comp1
G_9_B_113_1_4_comp1,P_9_B_113_1_4_comp1,R_9_B_113_1_4,TCDB,TCDB.9_B_113_1_4_comp1
G_1_A_37_2_1_comp1,P_1_A_37_2_1_comp1,R_1_A_37_2_1,TCDB,TCDB.1_A_37_2_1_comp1
G_5_B_1_1_5_comp1,P_5_B_1_1_5_comp1,R_5_B_1_1_5,TCDB,TCDB.5_B_1_1_5_comp1
G_1_A_8_9_5_comp1,P_1_A_8_9_5_comp1,R_1_A_8_9_5,TCDB,TCDB.1_A_8_9_5_comp1
G_8_A_121_1_1_comp1,P_8_A_121_1_1_comp1,R_8_A_121_1_1,TCDB,TCDB.8_A_121_1_1_comp1
G_2_A_31_2_13_comp1,P_2_A_31_2_13_comp1,R_2_A_31_2_13,TCDB,TCDB.2_A_31_2_13_comp1
G_1_C_123_1_2_comp1,P_1_C_123_1_2_comp1,R_1_C_123_1_2,TCDB,TCDB.1_C_123_1_2_comp1
G_2_A_18_6_5_comp1,P_2_A_18_6_5_comp1,R_2_A_18_6_5,TCDB,TCDB.2_A_18_6_5_comp1
G_2_A_1_1_25_comp1,P_2_A_1_1_25_comp1,R_2_A_1_1_25,TCDB,TCDB.2_A_1_1_25_comp1
G_8_A_43_1_43_comp1,P_8_A_43_1_43_comp1,R_8_A_43_1_43,TCDB,TCDB.8_A_43_1_43_comp1
G_1_A_4_5_1_comp1,P_1_A_4_5_1_comp1,R_1_A_4_5_1,TCDB,TCDB.1_A_4_5_1_comp1
G_1_A_25_2_3_comp1,P_1_A_25_2_3_comp1,R_1_A_25_2_3,TCDB,TCDB.1_A_25_2_3_comp1
G_1_A_25_2_2_comp1,P_1_A_25_2_2_comp1,R_1_A_25_2_2,TCDB,TCDB.1_A_25_2_2_comp1
G_1_A_25_2_1_comp1,P_1_A_25_2_1_comp1,R_1_A_25_2_1,TCDB,TCDB.1_A_25_2_1_comp1
G_1_R_2_1_6_comp1,P_1_R_2_1_6_comp1,R_1_R_2_1_6,TCDB,TCDB.1_R_2_1_6_comp1
G_2_A_53_2_14_comp1,P_2_A_53_2_14_comp1,R_2_A_53_2_14,TCDB,TCDB.2_A_53_2_14_comp1
G_2_A_1_19_11_comp1,P_2_A_1_19_11_comp1,R_2_A_1_19_11,TCDB,TCDB.2_A_1_19_11_comp1
G_1_A_36_1_1_comp1,P_1_A_36_1_1_comp1,R_1_A_36_1_1,TCDB,TCDB.1_A_36_1_1_comp1
G_1_A_64_3_1_comp1,P_1_A_64_3_1_comp1,R_1_A_64_3_1,TCDB,TCDB.1_A_64_3_1_comp1
G_8_A_136_1_12_comp1,P_8_A_136_1_12_comp1,R_8_A_136_1_12,TCDB,TCDB.8_A_136_1_12_comp1
G_8_A_40_1_23_comp1,P_8_A_40_1_23_comp1,R_8_A_40_1_23,TCDB,TCDB.8_A_40_1_23_comp1
G_2_A_1_28_6_comp1,P_2_A_1_28_6_comp1,R_2_A_1_28_6,TCDB,TCDB.2_A_1_28_6_comp1
G_8_A_162_1_1_comp1,P_8_A_162_1_1_comp1,R_8_A_162_1_1,TCDB,TCDB.8_A_162_1_1_comp1
G_2_A_50_2_6_comp1,P_2_A_50_2_6_comp1,R_2_A_50_2_6,TCDB,TCDB.2_A_50_2_6_comp1
G_1_A_1_9_6_comp1,P_1_A_1_9_6_comp1,R_1_A_1_9_6,TCDB,TCDB.1_A_1_9_6_comp1
G_1_A_1_9_10_comp1,P_1_A_1_9_10_comp1,R_1_A_1_9_10,TCDB,TCDB.1_A_1_9_10_comp1
G_2_A_36_1_3_comp1,P_2_A_36_1_3_comp1,R_2_A_36_1_3,TCDB,TCDB.2_A_36_1_3_comp1
G_1_A_11_3_4_comp1,P_1_A_11_3_4_comp1,R_1_A_11_3_4,TCDB,TCDB.1_A_11_3_4_comp1
G_8_A_156_1_1_comp1,P_8_A_156_1_1_comp1,R_8_A_156_1_1,TCDB,TCDB.8_A_156_1_1_comp1
G_2_A_1_3_84_comp1,P_2_A_1_3_84_comp1,R_2_A_1_3_84,TCDB,TCDB.2_A_1_3_84_comp1
G_2_A_1_33_3_comp1,P_2_A_1_33_3_comp1,R_2_A_1_33_3,TCDB,TCDB.2_A_1_33_3_comp1
G_3_A_1_122_10_comp1,P_3_A_1_122_10_comp1+3_A_1_122_10_comp2+3_A_1_122_10_comp3,R_3_A_1_122_10,TCDB,TCDB.3_A_1_122_10_comp1
G_3_A_1_122_10_comp2,P_3_A_1_122_10_comp1+3_A_1_122_10_comp2+3_A_1_122_10_comp3,R_3_A_1_122_10,TCDB,TCDB.3_A_1_122_10_comp2
G_3_A_1_122_10_comp3,P_3_A_1_122_10_comp1+3_A_1_122_10_comp2+3_A_1_122_10_comp3,R_3_A_1_122_10,TCDB,TCDB.3_A_1_122_10_comp3
G_1_A_54_6_1_comp1,P_1_A_54_6_1_comp1,R_1_A_54_6_1,TCDB,TCDB.1_A_54_6_1_comp1
G_3_A_3_5_26_comp1,P_3_A_3_5_26_comp1,R_3_A_3_5_26,TCDB,TCDB.3_A_3_5_26_comp1
G_1_A_1_13_3_comp1,P_1_A_1_13_3_comp1,R_1_A_1_13_3,TCDB,TCDB.1_A_1_13_3_comp1
G_9_B_248_1_3_comp1,P_9_B_248_1_3_comp1,R_9_B_248_1_3,TCDB,TCDB.9_B_248_1_3_comp1
G_9_B_149_1_10_comp1,P_9_B_149_1_10_comp1,R_9_B_149_1_10,TCDB,TCDB.9_B_149_1_10_comp1
G_2_A_7_21_8_comp1,P_2_A_7_21_8_comp1,R_2_A_7_21_8,TCDB,TCDB.2_A_7_21_8_comp1
G_2_A_88_2_1_comp1,P_2_A_88_2_1_comp1,R_2_A_88_2_1,TCDB,TCDB.2_A_88_2_1_comp1
G_3_A_1_23_2_comp1,P_3_A_1_23_2_comp1+3_A_1_23_2_comp2+3_A_1_23_2_comp3+3_A_1_23_2_comp4,R_3_A_1_23_2,TCDB,TCDB.3_A_1_23_2_comp1
G_3_A_1_23_2_comp2,P_3_A_1_23_2_comp1+3_A_1_23_2_comp2+3_A_1_23_2_comp3+3_A_1_23_2_comp4,R_3_A_1_23_2,TCDB,TCDB.3_A_1_23_2_comp2
G_3_A_1_23_2_comp3,P_3_A_1_23_2_comp1+3_A_1_23_2_comp2+3_A_1_23_2_comp3+3_A_1_23_2_comp4,R_3_A_1_23_2,TCDB,TCDB.3_A_1_23_2_comp3
G_3_A_1_23_2_comp4,P_3_A_1_23_2_comp1+3_A_1_23_2_comp2+3_A_1_23_2_comp3+3_A_1_23_2_comp4,R_3_A_1_23_2,TCDB,TCDB.3_A_1_23_2_comp4
G_3_A_3_2_20_comp1,P_3_A_3_2_20_comp1,R_3_A_3_2_20,TCDB,TCDB.3_A_3_2_20_comp1
G_1_E_26_3_2_comp1,P_1_E_26_3_2_comp1,R_1_E_26_3_2,TCDB,TCDB.1_E_26_3_2_comp1
G_4_A_6_1_9_comp1,P_4_A_6_1_9_comp1+4_A_6_1_9_comp2+4_A_6_1_9_comp3+4_A_6_1_9_comp4,R_4_A_6_1_9,TCDB,TCDB.4_A_6_1_9_comp1
G_4_A_6_1_9_comp2,P_4_A_6_1_9_comp1+4_A_6_1_9_comp2+4_A_6_1_9_comp3+4_A_6_1_9_comp4,R_4_A_6_1_9,TCDB,TCDB.4_A_6_1_9_comp2
G_4_A_6_1_9_comp3,P_4_A_6_1_9_comp1+4_A_6_1_9_comp2+4_A_6_1_9_comp3+4_A_6_1_9_comp4,R_4_A_6_1_9,TCDB,TCDB.4_A_6_1_9_comp3
G_4_A_6_1_9_comp4,P_4_A_6_1_9_comp1+4_A_6_1_9_comp2+4_A_6_1_9_comp3+4_A_6_1_9_comp4,R_4_A_6_1_9,TCDB,TCDB.4_A_6_1_9_comp4
G_2_A_66_1_34_comp1,P_2_A_66_1_34_comp1,R_2_A_66_1_34,TCDB,TCDB.2_A_66_1_34_comp1
G_9_B_67_1_2_comp1,P_9_B_67_1_2_comp1,R_9_B_67_1_2,TCDB,TCDB.9_B_67_1_2_comp1
G_2_A_4_7_6_comp1,P_2_A_4_7_6_comp1,R_2_A_4_7_6,TCDB,TCDB.2_A_4_7_6_comp1
G_3_A_1_11_7_comp1,P_3_A_1_11_7_comp1+3_A_1_11_7_comp2+3_A_1_11_7_comp3+3_A_1_11_7_comp4,R_3_A_1_11_7,TCDB,TCDB.3_A_1_11_7_comp1
G_3_A_1_11_7_comp2,P_3_A_1_11_7_comp1+3_A_1_11_7_comp2+3_A_1_11_7_comp3+3_A_1_11_7_comp4,R_3_A_1_11_7,TCDB,TCDB.3_A_1_11_7_comp2
G_3_A_1_11_7_comp3,P_3_A_1_11_7_comp1+3_A_1_11_7_comp2+3_A_1_11_7_comp3+3_A_1_11_7_comp4,R_3_A_1_11_7,TCDB,TCDB.3_A_1_11_7_comp3
G_3_A_1_11_7_comp4,P_3_A_1_11_7_comp1+3_A_1_11_7_comp2+3_A_1_11_7_comp3+3_A_1_11_7_comp4,R_3_A_1_11_7,TCDB,TCDB.3_A_1_11_7_comp4
G_2_A_88_10_1_comp1,P_2_A_88_10_1_comp1,R_2_A_88_10_1,TCDB,TCDB.2_A_88_10_1_comp1
G_3_A_1_30_2_comp1,P_3_A_1_30_2_comp1+3_A_1_30_2_comp2+3_A_1_30_2_comp3,R_3_A_1_30_2,TCDB,TCDB.3_A_1_30_2_comp1
G_3_A_1_30_2_comp2,P_3_A_1_30_2_comp1+3_A_1_30_2_comp2+3_A_1_30_2_comp3,R_3_A_1_30_2,TCDB,TCDB.3_A_1_30_2_comp2
G_3_A_1_30_2_comp3,P_3_A_1_30_2_comp1+3_A_1_30_2_comp2+3_A_1_30_2_comp3,R_3_A_1_30_2,TCDB,TCDB.3_A_1_30_2_comp3
G_9_B_102_1_10_comp1,P_9_B_102_1_10_comp1,R_9_B_102_1_10,TCDB,TCDB.9_B_102_1_10_comp1
G_3_A_1_1_14_comp1,P_3_A_1_1_14_comp1+3_A_1_1_14_comp2+3_A_1_1_14_comp3+3_A_1_1_14_comp4,R_3_A_1_1_14,TCDB,TCDB.3_A_1_1_14_comp1
G_3_A_1_1_14_comp2,P_3_A_1_1_14_comp1+3_A_1_1_14_comp2+3_A_1_1_14_comp3+3_A_1_1_14_comp4,R_3_A_1_1_14,TCDB,TCDB.3_A_1_1_14_comp2
G_3_A_1_1_14_comp3,P_3_A_1_1_14_comp1+3_A_1_1_14_comp2+3_A_1_1_14_comp3+3_A_1_1_14_comp4,R_3_A_1_1_14,TCDB,TCDB.3_A_1_1_14_comp3
G_3_A_1_1_14_comp4,P_3_A_1_1_14_comp1+3_A_1_1_14_comp2+3_A_1_1_14_comp3+3_A_1_1_14_comp4,R_3_A_1_1_14,TCDB,TCDB.3_A_1_1_14_comp4
G_3_A_1_5_8_comp1,P_3_A_1_5_8_comp1+3_A_1_5_8_comp2+3_A_1_5_8_comp3+3_A_1_5_8_comp4,R_3_A_1_5_8,TCDB,TCDB.3_A_1_5_8_comp1
G_3_A_1_5_8_comp2,P_3_A_1_5_8_comp1+3_A_1_5_8_comp2+3_A_1_5_8_comp3+3_A_1_5_8_comp4,R_3_A_1_5_8,TCDB,TCDB.3_A_1_5_8_comp2
G_3_A_1_5_8_comp3,P_3_A_1_5_8_comp1+3_A_1_5_8_comp2+3_A_1_5_8_comp3+3_A_1_5_8_comp4,R_3_A_1_5_8,TCDB,TCDB.3_A_1_5_8_comp3
G_3_A_1_5_8_comp4,P_3_A_1_5_8_comp1+3_A_1_5_8_comp2+3_A_1_5_8_comp3+3_A_1_5_8_comp4,R_3_A_1_5_8,TCDB,TCDB.3_A_1_5_8_comp4
G_3_A_3_5_13_comp1,P_3_A_3_5_13_comp1,R_3_A_3_5_13,TCDB,TCDB.3_A_3_5_13_comp1
G_3_A_1_1_13_comp1,P_3_A_1_1_13_comp1+3_A_1_1_13_comp2+3_A_1_1_13_comp3+3_A_1_1_13_comp4,R_3_A_1_1_13,TCDB,TCDB.3_A_1_1_13_comp1
G_3_A_1_1_13_comp2,P_3_A_1_1_13_comp1+3_A_1_1_13_comp2+3_A_1_1_13_comp3+3_A_1_1_13_comp4,R_3_A_1_1_13,TCDB,TCDB.3_A_1_1_13_comp2
G_3_A_1_1_13_comp3,P_3_A_1_1_13_comp1+3_A_1_1_13_comp2+3_A_1_1_13_comp3+3_A_1_1_13_comp4,R_3_A_1_1_13,TCDB,TCDB.3_A_1_1_13_comp3
G_3_A_1_1_13_comp4,P_3_A_1_1_13_comp1+3_A_1_1_13_comp2+3_A_1_1_13_comp3+3_A_1_1_13_comp4,R_3_A_1_1_13,TCDB,TCDB.3_A_1_1_13_comp4
G_3_A_1_5_9_comp1,P_3_A_1_5_9_comp1+3_A_1_5_9_comp2+3_A_1_5_9_comp3+3_A_1_5_9_comp4+3_A_1_5_9_comp5,R_3_A_1_5_9,TCDB,TCDB.3_A_1_5_9_comp1
G_3_A_1_5_9_comp2,P_3_A_1_5_9_comp1+3_A_1_5_9_comp2+3_A_1_5_9_comp3+3_A_1_5_9_comp4+3_A_1_5_9_comp5,R_3_A_1_5_9,TCDB,TCDB.3_A_1_5_9_comp2
G_3_A_1_5_9_comp3,P_3_A_1_5_9_comp1+3_A_1_5_9_comp2+3_A_1_5_9_comp3+3_A_1_5_9_comp4+3_A_1_5_9_comp5,R_3_A_1_5_9,TCDB,TCDB.3_A_1_5_9_comp3
G_3_A_1_5_9_comp4,P_3_A_1_5_9_comp1+3_A_1_5_9_comp2+3_A_1_5_9_comp3+3_A_1_5_9_comp4+3_A_1_5_9_comp5,R_3_A_1_5_9,TCDB,TCDB.3_A_1_5_9_comp4
G_3_A_1_5_9_comp5,P_3_A_1_5_9_comp1+3_A_1_5_9_comp2+3_A_1_5_9_comp3+3_A_1_5_9_comp4+3_A_1_5_9_comp5,R_3_A_1_5_9,TCDB,TCDB.3_A_1_5_9_comp5
G_3_A_3_5_24_comp1,P_3_A_3_5_24_comp1,R_3_A_3_5_24,TCDB,TCDB.3_A_3_5_24_comp1
G_2_A_1_1_118_comp1,P_2_A_1_1_118_comp1,R_2_A_1_1_118,TCDB,TCDB.2_A_1_1_118_comp1
G_2_A_1_3_70_comp1,P_2_A_1_3_70_comp1,R_2_A_1_3_70,TCDB,TCDB.2_A_1_3_70_comp1
G_9_B_323_2_1_comp1,P_9_B_323_2_1_comp1,R_9_B_323_2_1,TCDB,TCDB.9_B_323_2_1_comp1
G_2_A_3_15_3_comp1,P_2_A_3_15_3_comp1,R_2_A_3_15_3,TCDB,TCDB.2_A_3_15_3_comp1
G_3_A_1_1_15_comp1,P_3_A_1_1_15_comp1+3_A_1_1_15_comp2+3_A_1_1_15_comp3+3_A_1_1_15_comp4,R_3_A_1_1_15,TCDB,TCDB.3_A_1_1_15_comp1
G_3_A_1_1_15_comp2,P_3_A_1_1_15_comp1+3_A_1_1_15_comp2+3_A_1_1_15_comp3+3_A_1_1_15_comp4,R_3_A_1_1_15,TCDB,TCDB.3_A_1_1_15_comp2
G_3_A_1_1_15_comp3,P_3_A_1_1_15_comp1+3_A_1_1_15_comp2+3_A_1_1_15_comp3+3_A_1_1_15_comp4,R_3_A_1_1_15,TCDB,TCDB.3_A_1_1_15_comp3
G_3_A_1_1_15_comp4,P_3_A_1_1_15_comp1+3_A_1_1_15_comp2+3_A_1_1_15_comp3+3_A_1_1_15_comp4,R_3_A_1_1_15,TCDB,TCDB.3_A_1_1_15_comp4
G_1_A_62_3_1_comp1,P_1_A_62_3_1_comp1,R_1_A_62_3_1,TCDB,TCDB.1_A_62_3_1_comp1
G_2_A_1_8_16_comp1,P_2_A_1_8_16_comp1,R_2_A_1_8_16,TCDB,TCDB.2_A_1_8_16_comp1
G_9_A_18_1_5_comp1,P_9_A_18_1_5_comp1,R_9_A_18_1_5,TCDB,TCDB.9_A_18_1_5_comp1
G_2_A_1_36_5_comp1,P_2_A_1_36_5_comp1,R_2_A_1_36_5,TCDB,TCDB.2_A_1_36_5_comp1
G_9_B_147_1_6_comp1,P_9_B_147_1_6_comp1,R_9_B_147_1_6,TCDB,TCDB.9_B_147_1_6_comp1
G_2_A_99_1_3_comp1,P_2_A_99_1_3_comp1,R_2_A_99_1_3,TCDB,TCDB.2_A_99_1_3_comp1
G_1_A_1_25_1_comp1,P_1_A_1_25_1_comp1,R_1_A_1_25_1,TCDB,TCDB.1_A_1_25_1_comp1
G_2_A_69_3_6_comp1,P_2_A_69_3_6_comp1,R_2_A_69_3_6,TCDB,TCDB.2_A_69_3_6_comp1
G_9_B_130_1_6_comp1,P_9_B_130_1_6_comp1,R_9_B_130_1_6,TCDB,TCDB.9_B_130_1_6_comp1
G_1_A_7_1_4_comp1,P_1_A_7_1_4_comp1,R_1_A_7_1_4,TCDB,TCDB.1_A_7_1_4_comp1
G_1_C_16_1_5_comp1,P_1_C_16_1_5_comp1,R_1_C_16_1_5,TCDB,TCDB.1_C_16_1_5_comp1
G_1_E_31_1_6_comp1,P_1_E_31_1_6_comp1,R_1_E_31_1_6,TCDB,TCDB.1_E_31_1_6_comp1
G_8_A_67_1_5_comp1,P_8_A_67_1_5_comp1,R_8_A_67_1_5,TCDB,TCDB.8_A_67_1_5_comp1
G_1_A_1_10_12_comp1,P_1_A_1_10_12_comp1,R_1_A_1_10_12,TCDB,TCDB.1_A_1_10_12_comp1
G_2_A_36_4_1_comp1,P_2_A_36_4_1_comp1,R_2_A_36_4_1,TCDB,TCDB.2_A_36_4_1_comp1
G_1_N_5_1_6_comp1,P_1_N_5_1_6_comp1,R_1_N_5_1_6,TCDB,TCDB.1_N_5_1_6_comp1
G_2_A_29_2_5_comp1,P_2_A_29_2_5_comp1,R_2_A_29_2_5,TCDB,TCDB.2_A_29_2_5_comp1
G_1_A_41_1_1_comp1,P_1_A_41_1_1_comp1,R_1_A_41_1_1,TCDB,TCDB.1_A_41_1_1_comp1
G_2_A_19_2_2_comp1,P_2_A_19_2_2_comp1,R_2_A_19_2_2,TCDB,TCDB.2_A_19_2_2_comp1
G_1_G_21_1_2_comp1,P_1_G_21_1_2_comp1,R_1_G_21_1_2,TCDB,TCDB.1_G_21_1_2_comp1
G_1_A_15_1_6_comp1,P_1_A_15_1_6_comp1,R_1_A_15_1_6,TCDB,TCDB.1_A_15_1_6_comp1
G_9_A_71_1_1_comp1,P_9_A_71_1_1_comp1,R_9_A_71_1_1,TCDB,TCDB.9_A_71_1_1_comp1
G_8_A_34_1_2_comp1,P_8_A_34_1_2_comp1,R_8_A_34_1_2,TCDB,TCDB.8_A_34_1_2_comp1
G_9_A_63_1_3_comp1,P_9_A_63_1_3_comp1,R_9_A_63_1_3,TCDB,TCDB.9_A_63_1_3_comp1
G_9_A_14_13_19_comp1,P_9_A_14_13_19_comp1,R_9_A_14_13_19,TCDB,TCDB.9_A_14_13_19_comp1
G_1_A_7_1_5_comp1,P_1_A_7_1_5_comp1,R_1_A_7_1_5,TCDB,TCDB.1_A_7_1_5_comp1
G_1_A_7_1_3_comp1,P_1_A_7_1_3_comp1,R_1_A_7_1_3,TCDB,TCDB.1_A_7_1_3_comp1
G_2_A_18_6_3_comp1,P_2_A_18_6_3_comp1,R_2_A_18_6_3,TCDB,TCDB.2_A_18_6_3_comp1
G_8_A_82_1_6_comp1,P_8_A_82_1_6_comp1,R_8_A_82_1_6,TCDB,TCDB.8_A_82_1_6_comp1
G_9_A_14_13_9_comp1,P_9_A_14_13_9_comp1,R_9_A_14_13_9,TCDB,TCDB.9_A_14_13_9_comp1
G_9_A_14_13_42_comp1,P_9_A_14_13_42_comp1,R_9_A_14_13_42,TCDB,TCDB.9_A_14_13_42_comp1
G_9_A_14_13_6_comp1,P_9_A_14_13_6_comp1,R_9_A_14_13_6,TCDB,TCDB.9_A_14_13_6_comp1
G_8_A_63_1_1_comp1,P_8_A_63_1_1_comp1,R_8_A_63_1_1,TCDB,TCDB.8_A_63_1_1_comp1
G_2_A_4_3_2_comp1,P_2_A_4_3_2_comp1,R_2_A_4_3_2,TCDB,TCDB.2_A_4_3_2_comp1
G_1_A_75_1_2_comp1,P_1_A_75_1_2_comp1+1_A_75_1_2_comp2+1_A_75_1_2_comp3,R_1_A_75_1_2,TCDB,TCDB.1_A_75_1_2_comp1
G_1_A_75_1_2_comp2,P_1_A_75_1_2_comp1+1_A_75_1_2_comp2+1_A_75_1_2_comp3,R_1_A_75_1_2,TCDB,TCDB.1_A_75_1_2_comp2
G_1_A_75_1_2_comp3,P_1_A_75_1_2_comp1+1_A_75_1_2_comp2+1_A_75_1_2_comp3,R_1_A_75_1_2,TCDB,TCDB.1_A_75_1_2_comp3
G_3_A_1_211_5_comp1,P_3_A_1_211_5_comp1,R_3_A_1_211_5,TCDB,TCDB.3_A_1_211_5_comp1
G_8_A_24_2_3_comp1,P_8_A_24_2_3_comp1,R_8_A_24_2_3,TCDB,TCDB.8_A_24_2_3_comp1
G_9_A_14_13_15_comp1,P_9_A_14_13_15_comp1,R_9_A_14_13_15,TCDB,TCDB.9_A_14_13_15_comp1
G_8_A_68_1_6_comp1,P_8_A_68_1_6_comp1,R_8_A_68_1_6,TCDB,TCDB.8_A_68_1_6_comp1
G_2_A_57_1_1_comp1,P_2_A_57_1_1_comp1,R_2_A_57_1_1,TCDB,TCDB.2_A_57_1_1_comp1
G_8_A_82_1_9_comp1,P_8_A_82_1_9_comp1,R_8_A_82_1_9,TCDB,TCDB.8_A_82_1_9_comp1
G_8_A_210_1_1_comp1,P_8_A_210_1_1_comp1,R_8_A_210_1_1,TCDB,TCDB.8_A_210_1_1_comp1
G_9_A_14_16_4_comp1,P_9_A_14_16_4_comp1,R_9_A_14_16_4,TCDB,TCDB.9_A_14_16_4_comp1
G_2_A_22_2_11_comp1,P_2_A_22_2_11_comp1,R_2_A_22_2_11,TCDB,TCDB.2_A_22_2_11_comp1
G_2_A_60_1_25_comp1,P_2_A_60_1_25_comp1,R_2_A_60_1_25,TCDB,TCDB.2_A_60_1_25_comp1
G_2_A_53_2_5_comp1,P_2_A_53_2_5_comp1,R_2_A_53_2_5,TCDB,TCDB.2_A_53_2_5_comp1
G_1_C_21_1_6_comp1,P_1_C_21_1_6_comp1,R_1_C_21_1_6,TCDB,TCDB.1_C_21_1_6_comp1
G_2_A_1_3_60_comp1,P_2_A_1_3_60_comp1,R_2_A_1_3_60,TCDB,TCDB.2_A_1_3_60_comp1
G_9_A_5_2_2_comp1,P_9_A_5_2_2_comp1,R_9_A_5_2_2,TCDB,TCDB.9_A_5_2_2_comp1
G_1_C_90_2_1_comp1,P_1_C_90_2_1_comp1,R_1_C_90_2_1,TCDB,TCDB.1_C_90_2_1_comp1
G_9_B_79_1_1_comp1,P_9_B_79_1_1_comp1,R_9_B_79_1_1,TCDB,TCDB.9_B_79_1_1_comp1
G_2_A_88_5_1_comp1,P_2_A_88_5_1_comp1,R_2_A_88_5_1,TCDB,TCDB.2_A_88_5_1_comp1
G_9_B_2_1_10_comp1,P_9_B_2_1_10_comp1,R_9_B_2_1_10,TCDB,TCDB.9_B_2_1_10_comp1
G_3_A_1_132_6_comp1,P_3_A_1_132_6_comp1+3_A_1_132_6_comp2,R_3_A_1_132_6,TCDB,TCDB.3_A_1_132_6_comp1
G_3_A_1_132_6_comp2,P_3_A_1_132_6_comp1+3_A_1_132_6_comp2,R_3_A_1_132_6,TCDB,TCDB.3_A_1_132_6_comp2
G_3_A_1_34_1_comp1,P_3_A_1_34_1_comp1+3_A_1_34_1_comp2+3_A_1_34_1_comp3,R_3_A_1_34_1,TCDB,TCDB.3_A_1_34_1_comp1
G_3_A_1_34_1_comp2,P_3_A_1_34_1_comp1+3_A_1_34_1_comp2+3_A_1_34_1_comp3,R_3_A_1_34_1,TCDB,TCDB.3_A_1_34_1_comp2
G_3_A_1_34_1_comp3,P_3_A_1_34_1_comp1+3_A_1_34_1_comp2+3_A_1_34_1_comp3,R_3_A_1_34_1,TCDB,TCDB.3_A_1_34_1_comp3
G_2_A_16_6_1_comp1,P_2_A_16_6_1_comp1,R_2_A_16_6_1,TCDB,TCDB.2_A_16_6_1_comp1
G_3_A_1_105_7_comp1,P_3_A_1_105_7_comp1+3_A_1_105_7_comp2+3_A_1_105_7_comp3,R_3_A_1_105_7,TCDB,TCDB.3_A_1_105_7_comp1
G_3_A_1_105_7_comp2,P_3_A_1_105_7_comp1+3_A_1_105_7_comp2+3_A_1_105_7_comp3,R_3_A_1_105_7,TCDB,TCDB.3_A_1_105_7_comp2
G_3_A_1_105_7_comp3,P_3_A_1_105_7_comp1+3_A_1_105_7_comp2+3_A_1_105_7_comp3,R_3_A_1_105_7,TCDB,TCDB.3_A_1_105_7_comp3
G_9_B_143_2_1_comp1,P_9_B_143_2_1_comp1,R_9_B_143_2_1,TCDB,TCDB.9_B_143_2_1_comp1
G_3_A_1_3_20_comp1,P_3_A_1_3_20_comp1+3_A_1_3_20_comp2,R_3_A_1_3_20,TCDB,TCDB.3_A_1_3_20_comp1
G_3_A_1_3_20_comp2,P_3_A_1_3_20_comp1+3_A_1_3_20_comp2,R_3_A_1_3_20,TCDB,TCDB.3_A_1_3_20_comp2
G_3_A_1_135_2_comp1,P_3_A_1_135_2_comp1+3_A_1_135_2_comp2,R_3_A_1_135_2,TCDB,TCDB.3_A_1_135_2_comp1
G_3_A_1_135_2_comp2,P_3_A_1_135_2_comp1+3_A_1_135_2_comp2,R_3_A_1_135_2,TCDB,TCDB.3_A_1_135_2_comp2
G_2_A_67_4_3_comp1,P_2_A_67_4_3_comp1,R_2_A_67_4_3,TCDB,TCDB.2_A_67_4_3_comp1
G_1_B_14_12_1_comp1,P_1_B_14_12_1_comp1,R_1_B_14_12_1,TCDB,TCDB.1_B_14_12_1_comp1
G_2_A_2_6_2_comp1,P_2_A_2_6_2_comp1,R_2_A_2_6_2,TCDB,TCDB.2_A_2_6_2_comp1
G_1_B_33_1_4_comp1,P_1_B_33_1_4_comp1+1_B_33_1_4_comp2+1_B_33_1_4_comp3+1_B_33_1_4_comp4,R_1_B_33_1_4,TCDB,TCDB.1_B_33_1_4_comp1
G_1_B_33_1_4_comp2,P_1_B_33_1_4_comp1+1_B_33_1_4_comp2+1_B_33_1_4_comp3+1_B_33_1_4_comp4,R_1_B_33_1_4,TCDB,TCDB.1_B_33_1_4_comp2
G_1_B_33_1_4_comp3,P_1_B_33_1_4_comp1+1_B_33_1_4_comp2+1_B_33_1_4_comp3+1_B_33_1_4_comp4,R_1_B_33_1_4,TCDB,TCDB.1_B_33_1_4_comp3
G_1_B_33_1_4_comp4,P_1_B_33_1_4_comp1+1_B_33_1_4_comp2+1_B_33_1_4_comp3+1_B_33_1_4_comp4,R_1_B_33_1_4,TCDB,TCDB.1_B_33_1_4_comp4
G_1_B_39_1_8_comp1,P_1_B_39_1_8_comp1,R_1_B_39_1_8,TCDB,TCDB.1_B_39_1_8_comp1
G_1_B_39_1_7_comp1,P_1_B_39_1_7_comp1,R_1_B_39_1_7,TCDB,TCDB.1_B_39_1_7_comp1
G_1_B_14_12_2_comp1,P_1_B_14_12_2_comp1,R_1_B_14_12_2,TCDB,TCDB.1_B_14_12_2_comp1
G_2_A_1_36_4_comp1,P_2_A_1_36_4_comp1,R_2_A_1_36_4,TCDB,TCDB.2_A_1_36_4_comp1
G_3_A_5_10_1_comp1,P_3_A_5_10_1_comp1+3_A_5_10_1_comp2+3_A_5_10_1_comp3+3_A_5_10_1_comp4+3_A_5_10_1_comp5,R_3_A_5_10_1,TCDB,TCDB.3_A_5_10_1_comp1
G_3_A_5_10_1_comp2,P_3_A_5_10_1_comp1+3_A_5_10_1_comp2+3_A_5_10_1_comp3+3_A_5_10_1_comp4+3_A_5_10_1_comp5,R_3_A_5_10_1,TCDB,TCDB.3_A_5_10_1_comp2
G_3_A_5_10_1_comp3,P_3_A_5_10_1_comp1+3_A_5_10_1_comp2+3_A_5_10_1_comp3+3_A_5_10_1_comp4+3_A_5_10_1_comp5,R_3_A_5_10_1,TCDB,TCDB.3_A_5_10_1_comp3
G_3_A_5_10_1_comp4,P_3_A_5_10_1_comp1+3_A_5_10_1_comp2+3_A_5_10_1_comp3+3_A_5_10_1_comp4+3_A_5_10_1_comp5,R_3_A_5_10_1,TCDB,TCDB.3_A_5_10_1_comp4
G_3_A_5_10_1_comp5,P_3_A_5_10_1_comp1+3_A_5_10_1_comp2+3_A_5_10_1_comp3+3_A_5_10_1_comp4+3_A_5_10_1_comp5,R_3_A_5_10_1,TCDB,TCDB.3_A_5_10_1_comp5
G_3_E_1_6_12_comp1,P_3_E_1_6_12_comp1,R_3_E_1_6_12,TCDB,TCDB.3_E_1_6_12_comp1
G_4_A_1_1_10_comp1,P_4_A_1_1_10_comp1,R_4_A_1_1_10,TCDB,TCDB.4_A_1_1_10_comp1
G_1_B_1_1_13_comp1,P_1_B_1_1_13_comp1,R_1_B_1_1_13,TCDB,TCDB.1_B_1_1_13_comp1
G_3_A_1_1_12_comp1,P_3_A_1_1_12_comp1+3_A_1_1_12_comp2+3_A_1_1_12_comp3+3_A_1_1_12_comp4,R_3_A_1_1_12,TCDB,TCDB.3_A_1_1_12_comp1
G_3_A_1_1_12_comp2,P_3_A_1_1_12_comp1+3_A_1_1_12_comp2+3_A_1_1_12_comp3+3_A_1_1_12_comp4,R_3_A_1_1_12,TCDB,TCDB.3_A_1_1_12_comp2
G_3_A_1_1_12_comp3,P_3_A_1_1_12_comp1+3_A_1_1_12_comp2+3_A_1_1_12_comp3+3_A_1_1_12_comp4,R_3_A_1_1_12,TCDB,TCDB.3_A_1_1_12_comp3
G_3_A_1_1_12_comp4,P_3_A_1_1_12_comp1+3_A_1_1_12_comp2+3_A_1_1_12_comp3+3_A_1_1_12_comp4,R_3_A_1_1_12,TCDB,TCDB.3_A_1_1_12_comp4
G_1_C_105_2_6_comp1,P_1_C_105_2_6_comp1,R_1_C_105_2_6,TCDB,TCDB.1_C_105_2_6_comp1
G_2_A_85_10_2_comp1,P_2_A_85_10_2_comp1,R_2_A_85_10_2,TCDB,TCDB.2_A_85_10_2_comp1
G_2_A_69_3_1_comp1,P_2_A_69_3_1_comp1,R_2_A_69_3_1,TCDB,TCDB.2_A_69_3_1_comp1
G_9_B_36_1_2_comp1,P_9_B_36_1_2_comp1,R_9_B_36_1_2,TCDB,TCDB.9_B_36_1_2_comp1
G_2_A_7_3_41_comp1,P_2_A_7_3_41_comp1,R_2_A_7_3_41,TCDB,TCDB.2_A_7_3_41_comp1
G_2_A_7_3_33_comp1,P_2_A_7_3_33_comp1,R_2_A_7_3_33,TCDB,TCDB.2_A_7_3_33_comp1
G_1_B_14_2_5_comp1,P_1_B_14_2_5_comp1,R_1_B_14_2_5,TCDB,TCDB.1_B_14_2_5_comp1
G_2_A_3_3_13_comp1,P_2_A_3_3_13_comp1,R_2_A_3_3_13,TCDB,TCDB.2_A_3_3_13_comp1
G_9_B_216_1_6_comp1,P_9_B_216_1_6_comp1,R_9_B_216_1_6,TCDB,TCDB.9_B_216_1_6_comp1
G_2_A_67_2_1_comp1,P_2_A_67_2_1_comp1,R_2_A_67_2_1,TCDB,TCDB.2_A_67_2_1_comp1
G_1_A_5_3_7_comp1,P_1_A_5_3_7_comp1,R_1_A_5_3_7,TCDB,TCDB.1_A_5_3_7_comp1
G_9_B_311_1_30_comp1,P_9_B_311_1_30_comp1,R_9_B_311_1_30,TCDB,TCDB.9_B_311_1_30_comp1
G_1_A_11_2_9_comp1,P_1_A_11_2_9_comp1,R_1_A_11_2_9,TCDB,TCDB.1_A_11_2_9_comp1
G_1_A_11_1_7_comp1,P_1_A_11_1_7_comp1,R_1_A_11_1_7,TCDB,TCDB.1_A_11_1_7_comp1
G_1_C_47_1_5_comp1,P_1_C_47_1_5_comp1,R_1_C_47_1_5,TCDB,TCDB.1_C_47_1_5_comp1
G_2_A_49_2_13_comp1,P_2_A_49_2_13_comp1,R_2_A_49_2_13,TCDB,TCDB.2_A_49_2_13_comp1
G_8_B_4_1_2_comp1,P_8_B_4_1_2_comp1,R_8_B_4_1_2,TCDB,TCDB.8_B_4_1_2_comp1
G_8_B_28_1_7_comp1,P_8_B_28_1_7_comp1,R_8_B_28_1_7,TCDB,TCDB.8_B_28_1_7_comp1
G_8_A_44_1_1_comp1,P_8_A_44_1_1_comp1,R_8_A_44_1_1,TCDB,TCDB.8_A_44_1_1_comp1
G_9_B_329_1_2_comp1,P_9_B_329_1_2_comp1,R_9_B_329_1_2,TCDB,TCDB.9_B_329_1_2_comp1
G_1_A_1_2_15_comp1,P_1_A_1_2_15_comp1,R_1_A_1_2_15,TCDB,TCDB.1_A_1_2_15_comp1
G_8_A_16_4_4_comp1,P_8_A_16_4_4_comp1,R_8_A_16_4_4,TCDB,TCDB.8_A_16_4_4_comp1
G_8_A_25_1_8_comp1,P_8_A_25_1_8_comp1,R_8_A_25_1_8,TCDB,TCDB.8_A_25_1_8_comp1
G_8_A_105_1_1_comp1,P_8_A_105_1_1_comp1,R_8_A_105_1_1,TCDB,TCDB.8_A_105_1_1_comp1
G_9_B_17_2_4_comp1,P_9_B_17_2_4_comp1,R_9_B_17_2_4,TCDB,TCDB.9_B_17_2_4_comp1
G_2_A_29_2_4_comp1,P_2_A_29_2_4_comp1,R_2_A_29_2_4,TCDB,TCDB.2_A_29_2_4_comp1
G_8_A_110_1_4_comp1,P_8_A_110_1_4_comp1,R_8_A_110_1_4,TCDB,TCDB.8_A_110_1_4_comp1
G_2_A_4_3_6_comp1,P_2_A_4_3_6_comp1,R_2_A_4_3_6,TCDB,TCDB.2_A_4_3_6_comp1
G_8_A_82_3_1_comp1,P_8_A_82_3_1_comp1,R_8_A_82_3_1,TCDB,TCDB.8_A_82_3_1_comp1
G_1_A_52_1_2_comp1,P_1_A_52_1_2_comp1,R_1_A_52_1_2,TCDB,TCDB.1_A_52_1_2_comp1
G_2_A_123_1_4_comp1,P_2_A_123_1_4_comp1,R_2_A_123_1_4,TCDB,TCDB.2_A_123_1_4_comp1
G_2_A_5_3_3_comp1,P_2_A_5_3_3_comp1,R_2_A_5_3_3,TCDB,TCDB.2_A_5_3_3_comp1
G_2_A_7_12_14_comp1,P_2_A_7_12_14_comp1,R_2_A_7_12_14,TCDB,TCDB.2_A_7_12_14_comp1
G_1_A_48_1_3_comp1,P_1_A_48_1_3_comp1,R_1_A_48_1_3,TCDB,TCDB.1_A_48_1_3_comp1
G_1_A_78_1_1_comp1,P_1_A_78_1_1_comp1,R_1_A_78_1_1,TCDB,TCDB.1_A_78_1_1_comp1
G_8_A_227_1_1_comp1,P_8_A_227_1_1_comp1,R_8_A_227_1_1,TCDB,TCDB.8_A_227_1_1_comp1
G_9_B_92_2_1_comp1,P_9_B_92_2_1_comp1,R_9_B_92_2_1,TCDB,TCDB.9_B_92_2_1_comp1
G_9_A_57_1_1_comp1,P_9_A_57_1_1_comp1,R_9_A_57_1_1,TCDB,TCDB.9_A_57_1_1_comp1
G_2_A_29_10_7_comp1,P_2_A_29_10_7_comp1,R_2_A_29_10_7,TCDB,TCDB.2_A_29_10_7_comp1
G_8_A_130_1_1_comp1,P_8_A_130_1_1_comp1,R_8_A_130_1_1,TCDB,TCDB.8_A_130_1_1_comp1
G_8_A_90_2_2_comp1,P_8_A_90_2_2_comp1,R_8_A_90_2_2,TCDB,TCDB.8_A_90_2_2_comp1
G_9_B_26_1_1_comp1,P_9_B_26_1_1_comp1,R_9_B_26_1_1,TCDB,TCDB.9_B_26_1_1_comp1
G_8_A_96_1_1_comp1,P_8_A_96_1_1_comp1,R_8_A_96_1_1,TCDB,TCDB.8_A_96_1_1_comp1
G_8_A_156_3_1_comp1,P_8_A_156_3_1_comp1,R_8_A_156_3_1,TCDB,TCDB.8_A_156_3_1_comp1
G_8_A_133_1_11_comp1,P_8_A_133_1_11_comp1,R_8_A_133_1_11,TCDB,TCDB.8_A_133_1_11_comp1
G_2_A_29_23_5_comp1,P_2_A_29_23_5_comp1,R_2_A_29_23_5,TCDB,TCDB.2_A_29_23_5_comp1
G_1_A_74_1_2_comp1,P_1_A_74_1_2_comp1,R_1_A_74_1_2,TCDB,TCDB.1_A_74_1_2_comp1
G_9_B_188_1_9_comp1,P_9_B_188_1_9_comp1,R_9_B_188_1_9,TCDB,TCDB.9_B_188_1_9_comp1
G_8_A_145_1_1_comp1,P_8_A_145_1_1_comp1,R_8_A_145_1_1,TCDB,TCDB.8_A_145_1_1_comp1
G_8_A_62_1_1_comp1,P_8_A_62_1_1_comp1,R_8_A_62_1_1,TCDB,TCDB.8_A_62_1_1_comp1
G_9_B_23_1_4_comp1,P_9_B_23_1_4_comp1,R_9_B_23_1_4,TCDB,TCDB.9_B_23_1_4_comp1
G_8_A_221_1_5_comp1,P_8_A_221_1_5_comp1,R_8_A_221_1_5,TCDB,TCDB.8_A_221_1_5_comp1
G_8_A_112_1_5_comp1,P_8_A_112_1_5_comp1,R_8_A_112_1_5,TCDB,TCDB.8_A_112_1_5_comp1
G_9_B_135_2_7_comp1,P_9_B_135_2_7_comp1,R_9_B_135_2_7,TCDB,TCDB.9_B_135_2_7_comp1
G_1_A_14_3_16_comp1,P_1_A_14_3_16_comp1,R_1_A_14_3_16,TCDB,TCDB.1_A_14_3_16_comp1
G_8_A_196_1_2_comp1,P_8_A_196_1_2_comp1,R_8_A_196_1_2,TCDB,TCDB.8_A_196_1_2_comp1
G_2_A_90_1_3_comp1,P_2_A_90_1_3_comp1,R_2_A_90_1_3,TCDB,TCDB.2_A_90_1_3_comp1
G_1_A_4_5_8_comp1,P_1_A_4_5_8_comp1,R_1_A_4_5_8,TCDB,TCDB.1_A_4_5_8_comp1
G_8_A_215_1_1_comp1,P_8_A_215_1_1_comp1,R_8_A_215_1_1,TCDB,TCDB.8_A_215_1_1_comp1
G_9_A_14_13_4_comp1,P_9_A_14_13_4_comp1,R_9_A_14_13_4,TCDB,TCDB.9_A_14_13_4_comp1
G_2_A_29_19_1_comp1,P_2_A_29_19_1_comp1,R_2_A_29_19_1,TCDB,TCDB.2_A_29_19_1_comp1
G_1_A_119_1_2_comp1,P_1_A_119_1_2_comp1,R_1_A_119_1_2,TCDB,TCDB.1_A_119_1_2_comp1
G_2_A_30_1_6_comp1,P_2_A_30_1_6_comp1,R_2_A_30_1_6,TCDB,TCDB.2_A_30_1_6_comp1
G_8_A_84_1_4_comp1,P_8_A_84_1_4_comp1,R_8_A_84_1_4,TCDB,TCDB.8_A_84_1_4_comp1
G_2_A_53_2_7_comp1,P_2_A_53_2_7_comp1,R_2_A_53_2_7,TCDB,TCDB.2_A_53_2_7_comp1
G_8_A_16_1_2_comp1,P_8_A_16_1_2_comp1,R_8_A_16_1_2,TCDB,TCDB.8_A_16_1_2_comp1
G_2_A_31_2_8_comp1,P_2_A_31_2_8_comp1,R_2_A_31_2_8,TCDB,TCDB.2_A_31_2_8_comp1
G_2_A_1_50_2_comp1,P_2_A_1_50_2_comp1,R_2_A_1_50_2,TCDB,TCDB.2_A_1_50_2_comp1
G_8_A_28_1_7_comp1,P_8_A_28_1_7_comp1,R_8_A_28_1_7,TCDB,TCDB.8_A_28_1_7_comp1
G_8_A_131_1_13_comp1,P_8_A_131_1_13_comp1,R_8_A_131_1_13,TCDB,TCDB.8_A_131_1_13_comp1
G_8_A_139_1_1_comp1,P_8_A_139_1_1_comp1,R_8_A_139_1_1,TCDB,TCDB.8_A_139_1_1_comp1
G_1_C_123_1_4_comp1,P_1_C_123_1_4_comp1,R_1_C_123_1_4,TCDB,TCDB.1_C_123_1_4_comp1
G_2_A_1_14_21_comp1,P_2_A_1_14_21_comp1,R_2_A_1_14_21,TCDB,TCDB.2_A_1_14_21_comp1
G_1_A_17_1_20_comp1,P_1_A_17_1_20_comp1,R_1_A_17_1_20,TCDB,TCDB.1_A_17_1_20_comp1
G_2_A_1_1_44_comp1,P_2_A_1_1_44_comp1,R_2_A_1_1_44,TCDB,TCDB.2_A_1_1_44_comp1
G_3_A_1_211_3_comp1,P_3_A_1_211_3_comp1,R_3_A_1_211_3,TCDB,TCDB.3_A_1_211_3_comp1
G_2_A_57_1_6_comp1,P_2_A_57_1_6_comp1,R_2_A_57_1_6,TCDB,TCDB.2_A_57_1_6_comp1
G_2_D_1_1_2_comp1,P_2_D_1_1_2_comp1,R_2_D_1_1_2,TCDB,TCDB.2_D_1_1_2_comp1
G_8_A_31_1_1_comp1,P_8_A_31_1_1_comp1,R_8_A_31_1_1,TCDB,TCDB.8_A_31_1_1_comp1
G_2_A_29_14_8_comp1,P_2_A_29_14_8_comp1,R_2_A_29_14_8,TCDB,TCDB.2_A_29_14_8_comp1
G_2_A_48_1_4_comp1,P_2_A_48_1_4_comp1,R_2_A_48_1_4,TCDB,TCDB.2_A_48_1_4_comp1
G_2_A_47_1_16_comp1,P_2_A_47_1_16_comp1,R_2_A_47_1_16,TCDB,TCDB.2_A_47_1_16_comp1
G_8_A_93_2_1_comp1,P_8_A_93_2_1_comp1,R_8_A_93_2_1,TCDB,TCDB.8_A_93_2_1_comp1
G_8_A_93_2_4_comp1,P_8_A_93_2_4_comp1,R_8_A_93_2_4,TCDB,TCDB.8_A_93_2_4_comp1
G_1_C_39_17_2_comp1,P_1_C_39_17_2_comp1,R_1_C_39_17_2,TCDB,TCDB.1_C_39_17_2_comp1
G_1_A_48_1_4_comp1,P_1_A_48_1_4_comp1,R_1_A_48_1_4,TCDB,TCDB.1_A_48_1_4_comp1
G_2_A_5_4_15_comp1,P_2_A_5_4_15_comp1,R_2_A_5_4_15,TCDB,TCDB.2_A_5_4_15_comp1
G_2_A_1_19_38_comp1,P_2_A_1_19_38_comp1,R_2_A_1_19_38,TCDB,TCDB.2_A_1_19_38_comp1
G_2_A_1_3_47_comp1,P_2_A_1_3_47_comp1,R_2_A_1_3_47,TCDB,TCDB.2_A_1_3_47_comp1
G_1_A_8_13_2_comp1,P_1_A_8_13_2_comp1,R_1_A_8_13_2,TCDB,TCDB.1_A_8_13_2_comp1
G_2_A_7_14_2_comp1,P_2_A_7_14_2_comp1,R_2_A_7_14_2,TCDB,TCDB.2_A_7_14_2_comp1
G_2_A_7_12_3_comp1,P_2_A_7_12_3_comp1,R_2_A_7_12_3,TCDB,TCDB.2_A_7_12_3_comp1
G_1_B_33_2_2_comp1,P_1_B_33_2_2_comp1,R_1_B_33_2_2,TCDB,TCDB.1_B_33_2_2_comp1
G_2_A_29_2_16_comp1,P_2_A_29_2_16_comp1,R_2_A_29_2_16,TCDB,TCDB.2_A_29_2_16_comp1
G_2_A_69_1_1_comp1,P_2_A_69_1_1_comp1,R_2_A_69_1_1,TCDB,TCDB.2_A_69_1_1_comp1
G_3_A_1_204_29_comp1,P_3_A_1_204_29_comp1,R_3_A_1_204_29,TCDB,TCDB.3_A_1_204_29_comp1
G_2_A_1_1_63_comp1,P_2_A_1_1_63_comp1,R_2_A_1_1_63,TCDB,TCDB.2_A_1_1_63_comp1
G_8_A_61_1_9_comp1,P_8_A_61_1_9_comp1,R_8_A_61_1_9,TCDB,TCDB.8_A_61_1_9_comp1
G_3_A_1_201_33_comp1,P_3_A_1_201_33_comp1,R_3_A_1_201_33,TCDB,TCDB.3_A_1_201_33_comp1
G_1_C_39_11_3_comp1,P_1_C_39_11_3_comp1,R_1_C_39_11_3,TCDB,TCDB.1_C_39_11_3_comp1
G_3_A_1_208_20_comp1,P_3_A_1_208_20_comp1,R_3_A_1_208_20,TCDB,TCDB.3_A_1_208_20_comp1
G_3_A_1_208_43_comp1,P_3_A_1_208_43_comp1,R_3_A_1_208_43,TCDB,TCDB.3_A_1_208_43_comp1
G_3_A_1_204_24_comp1,P_3_A_1_204_24_comp1,R_3_A_1_204_24,TCDB,TCDB.3_A_1_204_24_comp1
G_3_A_1_204_4_comp1,P_3_A_1_204_4_comp1,R_3_A_1_204_4,TCDB,TCDB.3_A_1_204_4_comp1
G_2_A_2_4_12_comp1,P_2_A_2_4_12_comp1,R_2_A_2_4_12,TCDB,TCDB.2_A_2_4_12_comp1
G_2_A_66_1_52_comp1,P_2_A_66_1_52_comp1,R_2_A_66_1_52,TCDB,TCDB.2_A_66_1_52_comp1
G_3_A_1_139_4_comp1,P_3_A_1_139_4_comp1+3_A_1_139_4_comp2,R_3_A_1_139_4,TCDB,TCDB.3_A_1_139_4_comp1
G_3_A_1_139_4_comp2,P_3_A_1_139_4_comp1+3_A_1_139_4_comp2,R_3_A_1_139_4,TCDB,TCDB.3_A_1_139_4_comp2
G_2_A_29_8_13_comp1,P_2_A_29_8_13_comp1,R_2_A_29_8_13,TCDB,TCDB.2_A_29_8_13_comp1
G_2_A_1_19_13_comp1,P_2_A_1_19_13_comp1,R_2_A_1_19_13,TCDB,TCDB.2_A_1_19_13_comp1
G_2_A_7_5_3_comp1,P_2_A_7_5_3_comp1,R_2_A_7_5_3,TCDB,TCDB.2_A_7_5_3_comp1
G_3_A_1_3_25_comp1,P_3_A_1_3_25_comp1+3_A_1_3_25_comp2,R_3_A_1_3_25,TCDB,TCDB.3_A_1_3_25_comp1
G_3_A_1_3_25_comp2,P_3_A_1_3_25_comp1+3_A_1_3_25_comp2,R_3_A_1_3_25,TCDB,TCDB.3_A_1_3_25_comp2
G_2_A_40_1_2_comp1,P_2_A_40_1_2_comp1,R_2_A_40_1_2,TCDB,TCDB.2_A_40_1_2_comp1
G_2_A_72_1_3_comp1,P_2_A_72_1_3_comp1,R_2_A_72_1_3,TCDB,TCDB.2_A_72_1_3_comp1
G_4_A_3_2_4_comp1,P_4_A_3_2_4_comp1+4_A_3_2_4_comp2+4_A_3_2_4_comp3,R_4_A_3_2_4,TCDB,TCDB.4_A_3_2_4_comp1
G_4_A_3_2_4_comp2,P_4_A_3_2_4_comp1+4_A_3_2_4_comp2+4_A_3_2_4_comp3,R_4_A_3_2_4,TCDB,TCDB.4_A_3_2_4_comp2
G_4_A_3_2_4_comp3,P_4_A_3_2_4_comp1+4_A_3_2_4_comp2+4_A_3_2_4_comp3,R_4_A_3_2_4,TCDB,TCDB.4_A_3_2_4_comp3
G_3_A_1_135_1_comp1,P_3_A_1_135_1_comp1+3_A_1_135_1_comp2,R_3_A_1_135_1,TCDB,TCDB.3_A_1_135_1_comp1
G_3_A_1_135_1_comp2,P_3_A_1_135_1_comp1+3_A_1_135_1_comp2,R_3_A_1_135_1,TCDB,TCDB.3_A_1_135_1_comp2
G_3_A_1_17_6_comp1,P_3_A_1_17_6_comp1+3_A_1_17_6_comp2+3_A_1_17_6_comp3,R_3_A_1_17_6,TCDB,TCDB.3_A_1_17_6_comp1
G_3_A_1_17_6_comp2,P_3_A_1_17_6_comp1+3_A_1_17_6_comp2+3_A_1_17_6_comp3,R_3_A_1_17_6,TCDB,TCDB.3_A_1_17_6_comp2
G_3_A_1_17_6_comp3,P_3_A_1_17_6_comp1+3_A_1_17_6_comp2+3_A_1_17_6_comp3,R_3_A_1_17_6,TCDB,TCDB.3_A_1_17_6_comp3
G_1_B_1_1_14_comp1,P_1_B_1_1_14_comp1,R_1_B_1_1_14,TCDB,TCDB.1_B_1_1_14_comp1
G_2_A_29_24_2_comp1,P_2_A_29_24_2_comp1,R_2_A_29_24_2,TCDB,TCDB.2_A_29_24_2_comp1
G_2_A_29_2_11_comp1,P_2_A_29_2_11_comp1,R_2_A_29_2_11,TCDB,TCDB.2_A_29_2_11_comp1
G_1_A_24_1_9_comp1,P_1_A_24_1_9_comp1,R_1_A_24_1_9,TCDB,TCDB.1_A_24_1_9_comp1
G_2_A_123_1_8_comp1,P_2_A_123_1_8_comp1,R_2_A_123_1_8,TCDB,TCDB.2_A_123_1_8_comp1
G_2_A_50_1_2_comp1,P_2_A_50_1_2_comp1,R_2_A_50_1_2,TCDB,TCDB.2_A_50_1_2_comp1
G_2_A_1_2_73_comp1,P_2_A_1_2_73_comp1,R_2_A_1_2_73,TCDB,TCDB.2_A_1_2_73_comp1
G_8_A_16_2_7_comp1,P_8_A_16_2_7_comp1,R_8_A_16_2_7,TCDB,TCDB.8_A_16_2_7_comp1
G_8_A_10_2_1_comp1,P_8_A_10_2_1_comp1,R_8_A_10_2_1,TCDB,TCDB.8_A_10_2_1_comp1
G_3_A_31_1_4_comp1,P_3_A_31_1_4_comp1,R_3_A_31_1_4,TCDB,TCDB.3_A_31_1_4_comp1
G_8_A_40_1_8_comp1,P_8_A_40_1_8_comp1,R_8_A_40_1_8,TCDB,TCDB.8_A_40_1_8_comp1
G_1_A_64_5_7_comp1,P_1_A_64_5_7_comp1,R_1_A_64_5_7,TCDB,TCDB.1_A_64_5_7_comp1
G_1_A_64_5_6_comp1,P_1_A_64_5_6_comp1,R_1_A_64_5_6,TCDB,TCDB.1_A_64_5_6_comp1
G_1_A_62_1_2_comp1,P_1_A_62_1_2_comp1,R_1_A_62_1_2,TCDB,TCDB.1_A_62_1_2_comp1
G_2_A_90_2_5_comp1,P_2_A_90_2_5_comp1,R_2_A_90_2_5,TCDB,TCDB.2_A_90_2_5_comp1
G_2_A_18_6_2_comp1,P_2_A_18_6_2_comp1,R_2_A_18_6_2,TCDB,TCDB.2_A_18_6_2_comp1
G_1_A_9_3_6_comp1,P_1_A_9_3_6_comp1,R_1_A_9_3_6,TCDB,TCDB.1_A_9_3_6_comp1
G_2_A_55_2_23_comp1,P_2_A_55_2_23_comp1,R_2_A_55_2_23,TCDB,TCDB.2_A_55_2_23_comp1
G_1_C_85_3_2_comp1,P_1_C_85_3_2_comp1,R_1_C_85_3_2,TCDB,TCDB.1_C_85_3_2_comp1
G_9_B_329_1_1_comp1,P_9_B_329_1_1_comp1,R_9_B_329_1_1,TCDB,TCDB.9_B_329_1_1_comp1
G_2_A_60_1_6_comp1,P_2_A_60_1_6_comp1,R_2_A_60_1_6,TCDB,TCDB.2_A_60_1_6_comp1
G_2_A_60_1_10_comp1,P_2_A_60_1_10_comp1,R_2_A_60_1_10,TCDB,TCDB.2_A_60_1_10_comp1
G_8_A_37_1_1_comp1,P_8_A_37_1_1_comp1,R_8_A_37_1_1,TCDB,TCDB.8_A_37_1_1_comp1
G_2_A_18_6_7_comp1,P_2_A_18_6_7_comp1,R_2_A_18_6_7,TCDB,TCDB.2_A_18_6_7_comp1
G_1_A_1_11_22_comp1,P_1_A_1_11_22_comp1,R_1_A_1_11_22,TCDB,TCDB.1_A_1_11_22_comp1
G_2_A_41_2_6_comp1,P_2_A_41_2_6_comp1,R_2_A_41_2_6,TCDB,TCDB.2_A_41_2_6_comp1
G_1_A_4_2_5_comp1,P_1_A_4_2_5_comp1,R_1_A_4_2_5,TCDB,TCDB.1_A_4_2_5_comp1
G_2_A_17_4_4_comp1,P_2_A_17_4_4_comp1,R_2_A_17_4_4,TCDB,TCDB.2_A_17_4_4_comp1
G_8_A_102_1_2_comp1,P_8_A_102_1_2_comp1,R_8_A_102_1_2,TCDB,TCDB.8_A_102_1_2_comp1
G_8_A_23_1_32_comp1,P_8_A_23_1_32_comp1,R_8_A_23_1_32,TCDB,TCDB.8_A_23_1_32_comp1
G_9_B_159_5_2_comp1,P_9_B_159_5_2_comp1,R_9_B_159_5_2,TCDB,TCDB.9_B_159_5_2_comp1
G_1_A_23_1_2_comp1,P_1_A_23_1_2_comp1,R_1_A_23_1_2,TCDB,TCDB.1_A_23_1_2_comp1
G_1_C_3_2_3_comp1,P_1_C_3_2_3_comp1,R_1_C_3_2_3,TCDB,TCDB.1_C_3_2_3_comp1
G_4_B_1_1_3_comp1,P_4_B_1_1_3_comp1,R_4_B_1_1_3,TCDB,TCDB.4_B_1_1_3_comp1
G_1_A_77_2_8_comp1,P_1_A_77_2_8_comp1,R_1_A_77_2_8,TCDB,TCDB.1_A_77_2_8_comp1
G_2_A_6_8_1_comp1,P_2_A_6_8_1_comp1,R_2_A_6_8_1,TCDB,TCDB.2_A_6_8_1_comp1
G_1_A_35_4_1_comp1,P_1_A_35_4_1_comp1,R_1_A_35_4_1,TCDB,TCDB.1_A_35_4_1_comp1
G_1_B_12_4_1_comp1,P_1_B_12_4_1_comp1,R_1_B_12_4_1,TCDB,TCDB.1_B_12_4_1_comp1
G_2_A_1_2_101_comp1,P_2_A_1_2_101_comp1,R_2_A_1_2_101,TCDB,TCDB.2_A_1_2_101_comp1
G_2_A_111_2_1_comp1,P_2_A_111_2_1_comp1,R_2_A_111_2_1,TCDB,TCDB.2_A_111_2_1_comp1
G_2_A_6_2_42_comp1,P_2_A_6_2_42_comp1+2_A_6_2_42_comp2+2_A_6_2_42_comp3,R_2_A_6_2_42,TCDB,TCDB.2_A_6_2_42_comp1
G_2_A_6_2_42_comp2,P_2_A_6_2_42_comp1+2_A_6_2_42_comp2+2_A_6_2_42_comp3,R_2_A_6_2_42,TCDB,TCDB.2_A_6_2_42_comp2
G_2_A_6_2_42_comp3,P_2_A_6_2_42_comp1+2_A_6_2_42_comp2+2_A_6_2_42_comp3,R_2_A_6_2_42,TCDB,TCDB.2_A_6_2_42_comp3
G_1_B_12_5_10_comp1,P_1_B_12_5_10_comp1,R_1_B_12_5_10,TCDB,TCDB.1_B_12_5_10_comp1
G_9_B_106_1_1_comp1,P_9_B_106_1_1_comp1,R_9_B_106_1_1,TCDB,TCDB.9_B_106_1_1_comp1
G_2_A_3_3_17_comp1,P_2_A_3_3_17_comp1,R_2_A_3_3_17,TCDB,TCDB.2_A_3_3_17_comp1
G_3_A_1_105_13_comp1,P_3_A_1_105_13_comp1+3_A_1_105_13_comp2,R_3_A_1_105_13,TCDB,TCDB.3_A_1_105_13_comp1
G_3_A_1_105_13_comp2,P_3_A_1_105_13_comp1+3_A_1_105_13_comp2,R_3_A_1_105_13,TCDB,TCDB.3_A_1_105_13_comp2
G_3_A_1_5_35_comp1,P_3_A_1_5_35_comp1+3_A_1_5_35_comp2+3_A_1_5_35_comp3+3_A_1_5_35_comp4+3_A_1_5_35_comp5,R_3_A_1_5_35,TCDB,TCDB.3_A_1_5_35_comp1
G_3_A_1_5_35_comp2,P_3_A_1_5_35_comp1+3_A_1_5_35_comp2+3_A_1_5_35_comp3+3_A_1_5_35_comp4+3_A_1_5_35_comp5,R_3_A_1_5_35,TCDB,TCDB.3_A_1_5_35_comp2
G_3_A_1_5_35_comp3,P_3_A_1_5_35_comp1+3_A_1_5_35_comp2+3_A_1_5_35_comp3+3_A_1_5_35_comp4+3_A_1_5_35_comp5,R_3_A_1_5_35,TCDB,TCDB.3_A_1_5_35_comp3
G_3_A_1_5_35_comp4,P_3_A_1_5_35_comp1+3_A_1_5_35_comp2+3_A_1_5_35_comp3+3_A_1_5_35_comp4+3_A_1_5_35_comp5,R_3_A_1_5_35,TCDB,TCDB.3_A_1_5_35_comp4
G_3_A_1_5_35_comp5,P_3_A_1_5_35_comp1+3_A_1_5_35_comp2+3_A_1_5_35_comp3+3_A_1_5_35_comp4+3_A_1_5_35_comp5,R_3_A_1_5_35,TCDB,TCDB.3_A_1_5_35_comp5
G_3_A_1_3_24_comp1,P_3_A_1_3_24_comp1+3_A_1_3_24_comp2+3_A_1_3_24_comp3,R_3_A_1_3_24,TCDB,TCDB.3_A_1_3_24_comp1
G_3_A_1_3_24_comp2,P_3_A_1_3_24_comp1+3_A_1_3_24_comp2+3_A_1_3_24_comp3,R_3_A_1_3_24,TCDB,TCDB.3_A_1_3_24_comp2
G_3_A_1_3_24_comp3,P_3_A_1_3_24_comp1+3_A_1_3_24_comp2+3_A_1_3_24_comp3,R_3_A_1_3_24,TCDB,TCDB.3_A_1_3_24_comp3
G_3_A_1_134_1_comp1,P_3_A_1_134_1_comp1+3_A_1_134_1_comp2,R_3_A_1_134_1,TCDB,TCDB.3_A_1_134_1_comp1
G_3_A_1_134_1_comp2,P_3_A_1_134_1_comp1+3_A_1_134_1_comp2,R_3_A_1_134_1,TCDB,TCDB.3_A_1_134_1_comp2
G_2_A_39_3_5_comp1,P_2_A_39_3_5_comp1,R_2_A_39_3_5,TCDB,TCDB.2_A_39_3_5_comp1
G_2_A_1_2_100_comp1,P_2_A_1_2_100_comp1,R_2_A_1_2_100,TCDB,TCDB.2_A_1_2_100_comp1
G_2_A_66_1_9_comp1,P_2_A_66_1_9_comp1,R_2_A_66_1_9,TCDB,TCDB.2_A_66_1_9_comp1
G_2_A_1_2_84_comp1,P_2_A_1_2_84_comp1,R_2_A_1_2_84,TCDB,TCDB.2_A_1_2_84_comp1
G_1_B_14_3_6_comp1,P_1_B_14_3_6_comp1,R_1_B_14_3_6,TCDB,TCDB.1_B_14_3_6_comp1
G_3_E_1_6_1_comp1,P_3_E_1_6_1_comp1,R_3_E_1_6_1,TCDB,TCDB.3_E_1_6_1_comp1
G_3_A_1_2_7_comp1,P_3_A_1_2_7_comp1+3_A_1_2_7_comp2+3_A_1_2_7_comp3,R_3_A_1_2_7,TCDB,TCDB.3_A_1_2_7_comp1
G_3_A_1_2_7_comp2,P_3_A_1_2_7_comp1+3_A_1_2_7_comp2+3_A_1_2_7_comp3,R_3_A_1_2_7,TCDB,TCDB.3_A_1_2_7_comp2
G_3_A_1_2_7_comp3,P_3_A_1_2_7_comp1+3_A_1_2_7_comp2+3_A_1_2_7_comp3,R_3_A_1_2_7,TCDB,TCDB.3_A_1_2_7_comp3
G_1_B_7_1_4_comp1,P_1_B_7_1_4_comp1,R_1_B_7_1_4,TCDB,TCDB.1_B_7_1_4_comp1
G_3_A_1_5_23_comp1,P_3_A_1_5_23_comp1+3_A_1_5_23_comp2+3_A_1_5_23_comp3+3_A_1_5_23_comp4,R_3_A_1_5_23,TCDB,TCDB.3_A_1_5_23_comp1
G_3_A_1_5_23_comp2,P_3_A_1_5_23_comp1+3_A_1_5_23_comp2+3_A_1_5_23_comp3+3_A_1_5_23_comp4,R_3_A_1_5_23,TCDB,TCDB.3_A_1_5_23_comp2
G_3_A_1_5_23_comp3,P_3_A_1_5_23_comp1+3_A_1_5_23_comp2+3_A_1_5_23_comp3+3_A_1_5_23_comp4,R_3_A_1_5_23,TCDB,TCDB.3_A_1_5_23_comp3
G_3_A_1_5_23_comp4,P_3_A_1_5_23_comp1+3_A_1_5_23_comp2+3_A_1_5_23_comp3+3_A_1_5_23_comp4,R_3_A_1_5_23,TCDB,TCDB.3_A_1_5_23_comp4
G_1_C_107_1_5_comp1,P_1_C_107_1_5_comp1,R_1_C_107_1_5,TCDB,TCDB.1_C_107_1_5_comp1
G_2_A_80_1_1_comp1,P_2_A_80_1_1_comp1+2_A_80_1_1_comp2+2_A_80_1_1_comp3,R_2_A_80_1_1,TCDB,TCDB.2_A_80_1_1_comp1
G_2_A_80_1_1_comp2,P_2_A_80_1_1_comp1+2_A_80_1_1_comp2+2_A_80_1_1_comp3,R_2_A_80_1_1,TCDB,TCDB.2_A_80_1_1_comp2
G_2_A_80_1_1_comp3,P_2_A_80_1_1_comp1+2_A_80_1_1_comp2+2_A_80_1_1_comp3,R_2_A_80_1_1,TCDB,TCDB.2_A_80_1_1_comp3
G_1_E_17_1_4_comp1,P_1_E_17_1_4_comp1,R_1_E_17_1_4,TCDB,TCDB.1_E_17_1_4_comp1
G_2_A_64_2_2_comp1,P_2_A_64_2_2_comp1+2_A_64_2_2_comp2+2_A_64_2_2_comp3,R_2_A_64_2_2,TCDB,TCDB.2_A_64_2_2_comp1
G_2_A_64_2_2_comp2,P_2_A_64_2_2_comp1+2_A_64_2_2_comp2+2_A_64_2_2_comp3,R_2_A_64_2_2,TCDB,TCDB.2_A_64_2_2_comp2
G_2_A_64_2_2_comp3,P_2_A_64_2_2_comp1+2_A_64_2_2_comp2+2_A_64_2_2_comp3,R_2_A_64_2_2,TCDB,TCDB.2_A_64_2_2_comp3
G_3_A_1_1_42_comp1,P_3_A_1_1_42_comp1+3_A_1_1_42_comp2+3_A_1_1_42_comp3,R_3_A_1_1_42,TCDB,TCDB.3_A_1_1_42_comp1
G_3_A_1_1_42_comp2,P_3_A_1_1_42_comp1+3_A_1_1_42_comp2+3_A_1_1_42_comp3,R_3_A_1_1_42,TCDB,TCDB.3_A_1_1_42_comp2
G_3_A_1_1_42_comp3,P_3_A_1_1_42_comp1+3_A_1_1_42_comp2+3_A_1_1_42_comp3,R_3_A_1_1_42,TCDB,TCDB.3_A_1_1_42_comp3
G_3_A_1_1_43_comp1,P_3_A_1_1_43_comp1+3_A_1_1_43_comp2+3_A_1_1_43_comp3,R_3_A_1_1_43,TCDB,TCDB.3_A_1_1_43_comp1
G_3_A_1_1_43_comp2,P_3_A_1_1_43_comp1+3_A_1_1_43_comp2+3_A_1_1_43_comp3,R_3_A_1_1_43,TCDB,TCDB.3_A_1_1_43_comp2
G_3_A_1_1_43_comp3,P_3_A_1_1_43_comp1+3_A_1_1_43_comp2+3_A_1_1_43_comp3,R_3_A_1_1_43,TCDB,TCDB.3_A_1_1_43_comp3
G_1_A_1_23_4_comp1,P_1_A_1_23_4_comp1,R_1_A_1_23_4,TCDB,TCDB.1_A_1_23_4_comp1
G_2_A_72_3_10_comp1,P_2_A_72_3_10_comp1,R_2_A_72_3_10,TCDB,TCDB.2_A_72_3_10_comp1
G_2_A_2_4_6_comp1,P_2_A_2_4_6_comp1,R_2_A_2_4_6,TCDB,TCDB.2_A_2_4_6_comp1
G_3_A_1_204_38_comp1,P_3_A_1_204_38_comp1,R_3_A_1_204_38,TCDB,TCDB.3_A_1_204_38_comp1
G_2_A_18_2_10_comp1,P_2_A_18_2_10_comp1,R_2_A_18_2_10,TCDB,TCDB.2_A_18_2_10_comp1
G_2_A_69_1_6_comp1,P_2_A_69_1_6_comp1,R_2_A_69_1_6,TCDB,TCDB.2_A_69_1_6_comp1
G_2_A_3_12_3_comp1,P_2_A_3_12_3_comp1,R_2_A_3_12_3,TCDB,TCDB.2_A_3_12_3_comp1
G_1_A_8_10_4_comp1,P_1_A_8_10_4_comp1,R_1_A_8_10_4,TCDB,TCDB.1_A_8_10_4_comp1
G_2_A_123_1_26_comp1,P_2_A_123_1_26_comp1,R_2_A_123_1_26,TCDB,TCDB.2_A_123_1_26_comp1
G_8_A_20_1_1_comp1,P_8_A_20_1_1_comp1,R_8_A_20_1_1,TCDB,TCDB.8_A_20_1_1_comp1
G_5_B_1_4_1_comp1,P_5_B_1_4_1_comp1,R_5_B_1_4_1,TCDB,TCDB.5_B_1_4_1_comp1
G_2_A_21_6_2_comp1,P_2_A_21_6_2_comp1,R_2_A_21_6_2,TCDB,TCDB.2_A_21_6_2_comp1
G_2_A_66_1_58_comp1,P_2_A_66_1_58_comp1,R_2_A_66_1_58,TCDB,TCDB.2_A_66_1_58_comp1
G_2_A_67_1_6_comp1,P_2_A_67_1_6_comp1,R_2_A_67_1_6,TCDB,TCDB.2_A_67_1_6_comp1
G_3_A_1_121_10_comp1,P_3_A_1_121_10_comp1,R_3_A_1_121_10,TCDB,TCDB.3_A_1_121_10_comp1
G_2_A_18_2_2_comp1,P_2_A_18_2_2_comp1,R_2_A_18_2_2,TCDB,TCDB.2_A_18_2_2_comp1
G_9_A_57_1_5_comp1,P_9_A_57_1_5_comp1,R_9_A_57_1_5,TCDB,TCDB.9_A_57_1_5_comp1
G_3_A_28_1_3_comp1,P_3_A_28_1_3_comp1,R_3_A_28_1_3,TCDB,TCDB.3_A_28_1_3_comp1
G_3_A_1_211_20_comp1,P_3_A_1_211_20_comp1,R_3_A_1_211_20,TCDB,TCDB.3_A_1_211_20_comp1
G_3_A_1_211_12_comp1,P_3_A_1_211_12_comp1,R_3_A_1_211_12,TCDB,TCDB.3_A_1_211_12_comp1
G_2_A_16_5_2_comp1,P_2_A_16_5_2_comp1,R_2_A_16_5_2,TCDB,TCDB.2_A_16_5_2_comp1
G_2_A_29_4_6_comp1,P_2_A_29_4_6_comp1,R_2_A_29_4_6,TCDB,TCDB.2_A_29_4_6_comp1
G_9_A_61_1_1_comp1,P_9_A_61_1_1_comp1,R_9_A_61_1_1,TCDB,TCDB.9_A_61_1_1_comp1
G_2_A_1_1_61_comp1,P_2_A_1_1_61_comp1,R_2_A_1_1_61,TCDB,TCDB.2_A_1_1_61_comp1
G_2_A_55_2_18_comp1,P_2_A_55_2_18_comp1,R_2_A_55_2_18,TCDB,TCDB.2_A_55_2_18_comp1
G_3_A_1_204_31_comp1,P_3_A_1_204_31_comp1,R_3_A_1_204_31,TCDB,TCDB.3_A_1_204_31_comp1
G_2_A_17_3_4_comp1,P_2_A_17_3_4_comp1,R_2_A_17_3_4,TCDB,TCDB.2_A_17_3_4_comp1
G_1_B_8_7_1_comp1,P_1_B_8_7_1_comp1,R_1_B_8_7_1,TCDB,TCDB.1_B_8_7_1_comp1
G_2_A_123_1_7_comp1,P_2_A_123_1_7_comp1,R_2_A_123_1_7,TCDB,TCDB.2_A_123_1_7_comp1
G_2_A_1_1_98_comp1,P_2_A_1_1_98_comp1,R_2_A_1_1_98,TCDB,TCDB.2_A_1_1_98_comp1
G_8_A_92_1_12_comp1,P_8_A_92_1_12_comp1,R_8_A_92_1_12,TCDB,TCDB.8_A_92_1_12_comp1
G_8_A_82_2_1_comp1,P_8_A_82_2_1_comp1,R_8_A_82_2_1,TCDB,TCDB.8_A_82_2_1_comp1
G_2_A_122_2_1_comp1,P_2_A_122_2_1_comp1,R_2_A_122_2_1,TCDB,TCDB.2_A_122_2_1_comp1
G_1_A_12_2_1_comp1,P_1_A_12_2_1_comp1,R_1_A_12_2_1,TCDB,TCDB.1_A_12_2_1_comp1
G_2_A_53_1_14_comp1,P_2_A_53_1_14_comp1,R_2_A_53_1_14,TCDB,TCDB.2_A_53_1_14_comp1
G_2_A_123_1_3_comp1,P_2_A_123_1_3_comp1,R_2_A_123_1_3,TCDB,TCDB.2_A_123_1_3_comp1
G_2_A_9_2_2_comp1,P_2_A_9_2_2_comp1,R_2_A_9_2_2,TCDB,TCDB.2_A_9_2_2_comp1
G_2_A_7_14_1_comp1,P_2_A_7_14_1_comp1,R_2_A_7_14_1,TCDB,TCDB.2_A_7_14_1_comp1
G_1_A_87_2_5_comp1,P_1_A_87_2_5_comp1,R_1_A_87_2_5,TCDB,TCDB.1_A_87_2_5_comp1
G_1_A_101_1_3_comp1,P_1_A_101_1_3_comp1,R_1_A_101_1_3,TCDB,TCDB.1_A_101_1_3_comp1
G_1_E_57_1_1_comp1,P_1_E_57_1_1_comp1,R_1_E_57_1_1,TCDB,TCDB.1_E_57_1_1_comp1
G_1_E_18_1_2_comp1,P_1_E_18_1_2_comp1,R_1_E_18_1_2,TCDB,TCDB.1_E_18_1_2_comp1
G_1_E_58_1_1_comp1,P_1_E_58_1_1_comp1,R_1_E_58_1_1,TCDB,TCDB.1_E_58_1_1_comp1
G_1_E_24_1_3_comp1,P_1_E_24_1_3_comp1,R_1_E_24_1_3,TCDB,TCDB.1_E_24_1_3_comp1
G_2_A_49_2_2_comp1,P_2_A_49_2_2_comp1,R_2_A_49_2_2,TCDB,TCDB.2_A_49_2_2_comp1
G_2_A_31_2_5_comp1,P_2_A_31_2_5_comp1,R_2_A_31_2_5,TCDB,TCDB.2_A_31_2_5_comp1
G_1_C_112_1_1_comp1,P_1_C_112_1_1_comp1,R_1_C_112_1_1,TCDB,TCDB.1_C_112_1_1_comp1
G_1_A_9_6_1_comp1,P_1_A_9_6_1_comp1,R_1_A_9_6_1,TCDB,TCDB.1_A_9_6_1_comp1
G_1_C_117_1_2_comp1,P_1_C_117_1_2_comp1,R_1_C_117_1_2,TCDB,TCDB.1_C_117_1_2_comp1
G_2_A_1_49_1_comp1,P_2_A_1_49_1_comp1,R_2_A_1_49_1,TCDB,TCDB.2_A_1_49_1_comp1
G_1_A_4_7_3_comp1,P_1_A_4_7_3_comp1,R_1_A_4_7_3,TCDB,TCDB.1_A_4_7_3_comp1
G_2_A_7_20_2_comp1,P_2_A_7_20_2_comp1,R_2_A_7_20_2,TCDB,TCDB.2_A_7_20_2_comp1
G_3_A_1_201_40_comp1,P_3_A_1_201_40_comp1,R_3_A_1_201_40,TCDB,TCDB.3_A_1_201_40_comp1
G_2_A_57_2_8_comp1,P_2_A_57_2_8_comp1,R_2_A_57_2_8,TCDB,TCDB.2_A_57_2_8_comp1
G_8_B_22_1_1_comp1,P_8_B_22_1_1_comp1,R_8_B_22_1_1,TCDB,TCDB.8_B_22_1_1_comp1
G_1_A_79_1_5_comp1,P_1_A_79_1_5_comp1,R_1_A_79_1_5,TCDB,TCDB.1_A_79_1_5_comp1
G_1_A_79_1_1_comp1,P_1_A_79_1_1_comp1,R_1_A_79_1_1,TCDB,TCDB.1_A_79_1_1_comp1
G_9_B_135_2_1_comp1,P_9_B_135_2_1_comp1,R_9_B_135_2_1,TCDB,TCDB.9_B_135_2_1_comp1
G_2_A_22_6_5_comp1,P_2_A_22_6_5_comp1,R_2_A_22_6_5,TCDB,TCDB.2_A_22_6_5_comp1
G_8_A_122_1_2_comp1,P_8_A_122_1_2_comp1,R_8_A_122_1_2,TCDB,TCDB.8_A_122_1_2_comp1
G_9_A_14_12_1_comp1,P_9_A_14_12_1_comp1,R_9_A_14_12_1,TCDB,TCDB.9_A_14_12_1_comp1
G_1_A_5_3_1_comp1,P_1_A_5_3_1_comp1,R_1_A_5_3_1,TCDB,TCDB.1_A_5_3_1_comp1
G_2_A_21_8_2_comp1,P_2_A_21_8_2_comp1,R_2_A_21_8_2,TCDB,TCDB.2_A_21_8_2_comp1
G_1_A_108_1_2_comp1,P_1_A_108_1_2_comp1,R_1_A_108_1_2,TCDB,TCDB.1_A_108_1_2_comp1
G_9_B_317_1_2_comp1,P_9_B_317_1_2_comp1,R_9_B_317_1_2,TCDB,TCDB.9_B_317_1_2_comp1
G_2_A_29_1_8_comp1,P_2_A_29_1_8_comp1,R_2_A_29_1_8,TCDB,TCDB.2_A_29_1_8_comp1
G_9_B_366_1_1_comp1,P_9_B_366_1_1_comp1,R_9_B_366_1_1,TCDB,TCDB.9_B_366_1_1_comp1
G_1_A_27_1_3_comp1,P_1_A_27_1_3_comp1,R_1_A_27_1_3,TCDB,TCDB.1_A_27_1_3_comp1
G_1_A_76_1_1_comp1,P_1_A_76_1_1_comp1,R_1_A_76_1_1,TCDB,TCDB.1_A_76_1_1_comp1
G_8_A_171_1_1_comp1,P_8_A_171_1_1_comp1,R_8_A_171_1_1,TCDB,TCDB.8_A_171_1_1_comp1
G_2_D_1_1_1_comp1,P_2_D_1_1_1_comp1,R_2_D_1_1_1,TCDB,TCDB.2_D_1_1_1_comp1
G_3_A_1_204_20_comp1,P_3_A_1_204_20_comp1,R_3_A_1_204_20,TCDB,TCDB.3_A_1_204_20_comp1
G_2_A_1_58_7_comp1,P_2_A_1_58_7_comp1,R_2_A_1_58_7,TCDB,TCDB.2_A_1_58_7_comp1
G_1_A_4_2_11_comp1,P_1_A_4_2_11_comp1,R_1_A_4_2_11,TCDB,TCDB.1_A_4_2_11_comp1
G_2_A_29_14_5_comp1,P_2_A_29_14_5_comp1,R_2_A_29_14_5,TCDB,TCDB.2_A_29_14_5_comp1
G_2_A_7_11_5_comp1,P_2_A_7_11_5_comp1,R_2_A_7_11_5,TCDB,TCDB.2_A_7_11_5_comp1
G_2_A_29_2_14_comp1,P_2_A_29_2_14_comp1,R_2_A_29_2_14,TCDB,TCDB.2_A_29_2_14_comp1
G_2_A_22_6_6_comp1,P_2_A_22_6_6_comp1,R_2_A_22_6_6,TCDB,TCDB.2_A_22_6_6_comp1
G_8_A_40_1_10_comp1,P_8_A_40_1_10_comp1,R_8_A_40_1_10,TCDB,TCDB.8_A_40_1_10_comp1
G_9_A_14_8_2_comp1,P_9_A_14_8_2_comp1,R_9_A_14_8_2,TCDB,TCDB.9_A_14_8_2_comp1
G_3_A_1_204_5_comp1,P_3_A_1_204_5_comp1+3_A_1_204_5_comp2,R_3_A_1_204_5,TCDB,TCDB.3_A_1_204_5_comp1
G_3_A_1_204_5_comp2,P_3_A_1_204_5_comp1+3_A_1_204_5_comp2,R_3_A_1_204_5,TCDB,TCDB.3_A_1_204_5_comp2
G_2_A_50_3_1_comp1,P_2_A_50_3_1_comp1,R_2_A_50_3_1,TCDB,TCDB.2_A_50_3_1_comp1
G_9_A_14_13_31_comp1,P_9_A_14_13_31_comp1,R_9_A_14_13_31,TCDB,TCDB.9_A_14_13_31_comp1
G_9_A_14_8_3_comp1,P_9_A_14_8_3_comp1,R_9_A_14_8_3,TCDB,TCDB.9_A_14_8_3_comp1
G_9_B_173_1_1_comp1,P_9_B_173_1_1_comp1,R_9_B_173_1_1,TCDB,TCDB.9_B_173_1_1_comp1
G_2_A_53_2_16_comp1,P_2_A_53_2_16_comp1,R_2_A_53_2_16,TCDB,TCDB.2_A_53_2_16_comp1
G_9_A_19_1_2_comp1,P_9_A_19_1_2_comp1,R_9_A_19_1_2,TCDB,TCDB.9_A_19_1_2_comp1
G_2_A_29_10_2_comp1,P_2_A_29_10_2_comp1,R_2_A_29_10_2,TCDB,TCDB.2_A_29_10_2_comp1
G_2_A_18_6_14_comp1,P_2_A_18_6_14_comp1,R_2_A_18_6_14,TCDB,TCDB.2_A_18_6_14_comp1
G_2_A_22_6_7_comp1,P_2_A_22_6_7_comp1,R_2_A_22_6_7,TCDB,TCDB.2_A_22_6_7_comp1
G_8_A_76_1_2_comp1,P_8_A_76_1_2_comp1,R_8_A_76_1_2,TCDB,TCDB.8_A_76_1_2_comp1
G_1_A_1_16_1_comp1,P_1_A_1_16_1_comp1,R_1_A_1_16_1,TCDB,TCDB.1_A_1_16_1_comp1
G_2_A_1_49_2_comp1,P_2_A_1_49_2_comp1,R_2_A_1_49_2,TCDB,TCDB.2_A_1_49_2_comp1
G_1_C_111_1_15_comp1,P_1_C_111_1_15_comp1,R_1_C_111_1_15,TCDB,TCDB.1_C_111_1_15_comp1
G_2_A_30_1_18_comp1,P_2_A_30_1_18_comp1,R_2_A_30_1_18,TCDB,TCDB.2_A_30_1_18_comp1
G_2_A_60_1_16_comp1,P_2_A_60_1_16_comp1,R_2_A_60_1_16,TCDB,TCDB.2_A_60_1_16_comp1
G_9_B_104_1_6_comp1,P_9_B_104_1_6_comp1,R_9_B_104_1_6,TCDB,TCDB.9_B_104_1_6_comp1
G_1_A_11_4_2_comp1,P_1_A_11_4_2_comp1,R_1_A_11_4_2,TCDB,TCDB.1_A_11_4_2_comp1
G_1_A_48_1_2_comp1,P_1_A_48_1_2_comp1,R_1_A_48_1_2,TCDB,TCDB.1_A_48_1_2_comp1
G_2_A_86_4_1_comp1,P_2_A_86_4_1_comp1,R_2_A_86_4_1,TCDB,TCDB.2_A_86_4_1_comp1
G_1_A_1_2_18_comp1,P_1_A_1_2_18_comp1,R_1_A_1_2_18,TCDB,TCDB.1_A_1_2_18_comp1
G_8_A_136_1_14_comp1,P_8_A_136_1_14_comp1,R_8_A_136_1_14,TCDB,TCDB.8_A_136_1_14_comp1
G_8_A_88_2_5_comp1,P_8_A_88_2_5_comp1,R_8_A_88_2_5,TCDB,TCDB.8_A_88_2_5_comp1
G_9_B_17_2_3_comp1,P_9_B_17_2_3_comp1,R_9_B_17_2_3,TCDB,TCDB.9_B_17_2_3_comp1
G_9_B_452_1_1_comp1,P_9_B_452_1_1_comp1,R_9_B_452_1_1,TCDB,TCDB.9_B_452_1_1_comp1
G_1_A_1_9_12_comp1,P_1_A_1_9_12_comp1,R_1_A_1_9_12,TCDB,TCDB.1_A_1_9_12_comp1
G_8_A_173_1_2_comp1,P_8_A_173_1_2_comp1,R_8_A_173_1_2,TCDB,TCDB.8_A_173_1_2_comp1
G_8_A_45_1_1_comp1,P_8_A_45_1_1_comp1,R_8_A_45_1_1,TCDB,TCDB.8_A_45_1_1_comp1
G_1_F_3_1_1_comp1,P_1_F_3_1_1_comp1,R_1_F_3_1_1,TCDB,TCDB.1_F_3_1_1_comp1
G_1_C_85_1_5_comp1,P_1_C_85_1_5_comp1,R_1_C_85_1_5,TCDB,TCDB.1_C_85_1_5_comp1
G_2_A_18_5_4_comp1,P_2_A_18_5_4_comp1,R_2_A_18_5_4,TCDB,TCDB.2_A_18_5_4_comp1
G_2_A_112_1_13_comp1,P_2_A_112_1_13_comp1,R_2_A_112_1_13,TCDB,TCDB.2_A_112_1_13_comp1
G_9_B_362_1_1_comp1,P_9_B_362_1_1_comp1,R_9_B_362_1_1,TCDB,TCDB.9_B_362_1_1_comp1
G_9_B_232_1_8_comp1,P_9_B_232_1_8_comp1,R_9_B_232_1_8,TCDB,TCDB.9_B_232_1_8_comp1
G_8_A_224_1_1_comp1,P_8_A_224_1_1_comp1,R_8_A_224_1_1,TCDB,TCDB.8_A_224_1_1_comp1
G_8_A_58_2_13_comp1,P_8_A_58_2_13_comp1,R_8_A_58_2_13,TCDB,TCDB.8_A_58_2_13_comp1
G_1_A_114_1_1_comp1,P_1_A_114_1_1_comp1,R_1_A_114_1_1,TCDB,TCDB.1_A_114_1_1_comp1
G_2_A_7_25_10_comp1,P_2_A_7_25_10_comp1,R_2_A_7_25_10,TCDB,TCDB.2_A_7_25_10_comp1
G_1_A_112_1_6_comp1,P_1_A_112_1_6_comp1,R_1_A_112_1_6,TCDB,TCDB.1_A_112_1_6_comp1
G_8_A_108_1_8_comp1,P_8_A_108_1_8_comp1,R_8_A_108_1_8,TCDB,TCDB.8_A_108_1_8_comp1
G_2_A_29_14_3_comp1,P_2_A_29_14_3_comp1,R_2_A_29_14_3,TCDB,TCDB.2_A_29_14_3_comp1
G_2_A_54_1_1_comp1,P_2_A_54_1_1_comp1,R_2_A_54_1_1,TCDB,TCDB.2_A_54_1_1_comp1
G_1_A_84_1_2_comp1,P_1_A_84_1_2_comp1,R_1_A_84_1_2,TCDB,TCDB.1_A_84_1_2_comp1
G_2_A_125_1_3_comp1,P_2_A_125_1_3_comp1,R_2_A_125_1_3,TCDB,TCDB.2_A_125_1_3_comp1
G_9_A_14_6_8_comp1,P_9_A_14_6_8_comp1,R_9_A_14_6_8,TCDB,TCDB.9_A_14_6_8_comp1
G_2_A_41_2_8_comp1,P_2_A_41_2_8_comp1,R_2_A_41_2_8,TCDB,TCDB.2_A_41_2_8_comp1
G_9_A_14_1_13_comp1,P_9_A_14_1_13_comp1,R_9_A_14_1_13,TCDB,TCDB.9_A_14_1_13_comp1
G_8_A_134_1_1_comp1,P_8_A_134_1_1_comp1,R_8_A_134_1_1,TCDB,TCDB.8_A_134_1_1_comp1
G_2_A_18_6_16_comp1,P_2_A_18_6_16_comp1,R_2_A_18_6_16,TCDB,TCDB.2_A_18_6_16_comp1
G_9_A_14_2_5_comp1,P_9_A_14_2_5_comp1,R_9_A_14_2_5,TCDB,TCDB.9_A_14_2_5_comp1
G_9_A_14_6_3_comp1,P_9_A_14_6_3_comp1,R_9_A_14_6_3,TCDB,TCDB.9_A_14_6_3_comp1
G_9_A_14_1_19_comp1,P_9_A_14_1_19_comp1,R_9_A_14_1_19,TCDB,TCDB.9_A_14_1_19_comp1
G_5_B_1_1_4_comp1,P_5_B_1_1_4_comp1,R_5_B_1_1_4,TCDB,TCDB.5_B_1_1_4_comp1
G_2_A_106_2_2_comp1,P_2_A_106_2_2_comp1,R_2_A_106_2_2,TCDB,TCDB.2_A_106_2_2_comp1
G_2_A_29_16_1_comp1,P_2_A_29_16_1_comp1,R_2_A_29_16_1,TCDB,TCDB.2_A_29_16_1_comp1
G_1_A_14_3_6_comp1,P_1_A_14_3_6_comp1,R_1_A_14_3_6,TCDB,TCDB.1_A_14_3_6_comp1
G_2_A_19_4_10_comp1,P_2_A_19_4_10_comp1,R_2_A_19_4_10,TCDB,TCDB.2_A_19_4_10_comp1
G_9_A_14_13_8_comp1,P_9_A_14_13_8_comp1,R_9_A_14_13_8,TCDB,TCDB.9_A_14_13_8_comp1
G_1_A_17_1_31_comp1,P_1_A_17_1_31_comp1,R_1_A_17_1_31,TCDB,TCDB.1_A_17_1_31_comp1
G_1_A_4_5_6_comp1,P_1_A_4_5_6_comp1,R_1_A_4_5_6,TCDB,TCDB.1_A_4_5_6_comp1
G_9_A_57_1_4_comp1,P_9_A_57_1_4_comp1,R_9_A_57_1_4,TCDB,TCDB.9_A_57_1_4_comp1
G_2_A_66_9_1_comp1,P_2_A_66_9_1_comp1,R_2_A_66_9_1,TCDB,TCDB.2_A_66_9_1_comp1
G_1_N_2_1_6_comp1,P_1_N_2_1_6_comp1,R_1_N_2_1_6,TCDB,TCDB.1_N_2_1_6_comp1
G_8_A_92_1_10_comp1,P_8_A_92_1_10_comp1,R_8_A_92_1_10,TCDB,TCDB.8_A_92_1_10_comp1
G_3_A_3_10_19_comp1,P_3_A_3_10_19_comp1,R_3_A_3_10_19,TCDB,TCDB.3_A_3_10_19_comp1
G_1_A_35_5_7_comp1,P_1_A_35_5_7_comp1,R_1_A_35_5_7,TCDB,TCDB.1_A_35_5_7_comp1
G_8_A_24_1_10_comp1,P_8_A_24_1_10_comp1,R_8_A_24_1_10,TCDB,TCDB.8_A_24_1_10_comp1
G_8_A_110_1_1_comp1,P_8_A_110_1_1_comp1,R_8_A_110_1_1,TCDB,TCDB.8_A_110_1_1_comp1
G_3_A_3_2_35_comp1,P_3_A_3_2_35_comp1,R_3_A_3_2_35,TCDB,TCDB.3_A_3_2_35_comp1
G_2_A_1_2_76_comp1,P_2_A_1_2_76_comp1,R_2_A_1_2_76,TCDB,TCDB.2_A_1_2_76_comp1
G_9_A_29_3_1_comp1,P_9_A_29_3_1_comp1,R_9_A_29_3_1,TCDB,TCDB.9_A_29_3_1_comp1
G_9_B_131_1_9_comp1,P_9_B_131_1_9_comp1,R_9_B_131_1_9,TCDB,TCDB.9_B_131_1_9_comp1
G_9_A_9_1_2_comp1,P_9_A_9_1_2_comp1,R_9_A_9_1_2,TCDB,TCDB.9_A_9_1_2_comp1
G_3_A_1_201_27_comp1,P_3_A_1_201_27_comp1,R_3_A_1_201_27,TCDB,TCDB.3_A_1_201_27_comp1
G_3_E_1_4_3_comp1,P_3_E_1_4_3_comp1,R_3_E_1_4_3,TCDB,TCDB.3_E_1_4_3_comp1
G_2_A_1_85_4_comp1,P_2_A_1_85_4_comp1,R_2_A_1_85_4,TCDB,TCDB.2_A_1_85_4_comp1
G_2_A_3_15_2_comp1,P_2_A_3_15_2_comp1,R_2_A_3_15_2,TCDB,TCDB.2_A_3_15_2_comp1
G_9_B_151_1_2_comp1,P_9_B_151_1_2_comp1,R_9_B_151_1_2,TCDB,TCDB.9_B_151_1_2_comp1
G_9_B_102_1_9_comp1,P_9_B_102_1_9_comp1,R_9_B_102_1_9,TCDB,TCDB.9_B_102_1_9_comp1
G_2_A_1_21_9_comp1,P_2_A_1_21_9_comp1,R_2_A_1_21_9,TCDB,TCDB.2_A_1_21_9_comp1
G_3_A_1_128_7_comp1,P_3_A_1_128_7_comp1+3_A_1_128_7_comp2,R_3_A_1_128_7,TCDB,TCDB.3_A_1_128_7_comp1
G_3_A_1_128_7_comp2,P_3_A_1_128_7_comp1+3_A_1_128_7_comp2,R_3_A_1_128_7,TCDB,TCDB.3_A_1_128_7_comp2
G_2_A_47_4_2_comp1,P_2_A_47_4_2_comp1,R_2_A_47_4_2,TCDB,TCDB.2_A_47_4_2_comp1
G_2_A_49_6_4_comp1,P_2_A_49_6_4_comp1,R_2_A_49_6_4,TCDB,TCDB.2_A_49_6_4_comp1
G_9_B_20_3_1_comp1,P_9_B_20_3_1_comp1,R_9_B_20_3_1,TCDB,TCDB.9_B_20_3_1_comp1
G_3_A_1_14_9_comp1,P_3_A_1_14_9_comp1+3_A_1_14_9_comp2+3_A_1_14_9_comp3,R_3_A_1_14_9,TCDB,TCDB.3_A_1_14_9_comp1
G_3_A_1_14_9_comp2,P_3_A_1_14_9_comp1+3_A_1_14_9_comp2+3_A_1_14_9_comp3,R_3_A_1_14_9,TCDB,TCDB.3_A_1_14_9_comp2
G_3_A_1_14_9_comp3,P_3_A_1_14_9_comp1+3_A_1_14_9_comp2+3_A_1_14_9_comp3,R_3_A_1_14_9,TCDB,TCDB.3_A_1_14_9_comp3
G_5_A_3_3_3_comp1,P_5_A_3_3_3_comp1+5_A_3_3_3_comp2+5_A_3_3_3_comp3+5_A_3_3_3_comp4,R_5_A_3_3_3,TCDB,TCDB.5_A_3_3_3_comp1
G_5_A_3_3_3_comp2,P_5_A_3_3_3_comp1+5_A_3_3_3_comp2+5_A_3_3_3_comp3+5_A_3_3_3_comp4,R_5_A_3_3_3,TCDB,TCDB.5_A_3_3_3_comp2
G_5_A_3_3_3_comp3,P_5_A_3_3_3_comp1+5_A_3_3_3_comp2+5_A_3_3_3_comp3+5_A_3_3_3_comp4,R_5_A_3_3_3,TCDB,TCDB.5_A_3_3_3_comp3
G_5_A_3_3_3_comp4,P_5_A_3_3_3_comp1+5_A_3_3_3_comp2+5_A_3_3_3_comp3+5_A_3_3_3_comp4,R_5_A_3_3_3,TCDB,TCDB.5_A_3_3_3_comp4
G_2_A_1_2_47_comp1,P_2_A_1_2_47_comp1,R_2_A_1_2_47,TCDB,TCDB.2_A_1_2_47_comp1
G_3_A_1_24_5_comp1,P_3_A_1_24_5_comp1+3_A_1_24_5_comp2+3_A_1_24_5_comp3,R_3_A_1_24_5,TCDB,TCDB.3_A_1_24_5_comp1
G_3_A_1_24_5_comp2,P_3_A_1_24_5_comp1+3_A_1_24_5_comp2+3_A_1_24_5_comp3,R_3_A_1_24_5,TCDB,TCDB.3_A_1_24_5_comp2
G_3_A_1_24_5_comp3,P_3_A_1_24_5_comp1+3_A_1_24_5_comp2+3_A_1_24_5_comp3,R_3_A_1_24_5,TCDB,TCDB.3_A_1_24_5_comp3
G_3_A_1_103_6_comp1,P_3_A_1_103_6_comp1+3_A_1_103_6_comp2,R_3_A_1_103_6,TCDB,TCDB.3_A_1_103_6_comp1
G_3_A_1_103_6_comp2,P_3_A_1_103_6_comp1+3_A_1_103_6_comp2,R_3_A_1_103_6,TCDB,TCDB.3_A_1_103_6_comp2
G_2_A_7_2_6_comp1,P_2_A_7_2_6_comp1,R_2_A_7_2_6,TCDB,TCDB.2_A_7_2_6_comp1
G_3_A_1_12_12_comp1,P_3_A_1_12_12_comp1+3_A_1_12_12_comp2+3_A_1_12_12_comp3+3_A_1_12_12_comp4+3_A_1_12_12_comp5,R_3_A_1_12_12,TCDB,TCDB.3_A_1_12_12_comp1
G_3_A_1_12_12_comp2,P_3_A_1_12_12_comp1+3_A_1_12_12_comp2+3_A_1_12_12_comp3+3_A_1_12_12_comp4+3_A_1_12_12_comp5,R_3_A_1_12_12,TCDB,TCDB.3_A_1_12_12_comp2
G_3_A_1_12_12_comp3,P_3_A_1_12_12_comp1+3_A_1_12_12_comp2+3_A_1_12_12_comp3+3_A_1_12_12_comp4+3_A_1_12_12_comp5,R_3_A_1_12_12,TCDB,TCDB.3_A_1_12_12_comp3
G_3_A_1_12_12_comp4,P_3_A_1_12_12_comp1+3_A_1_12_12_comp2+3_A_1_12_12_comp3+3_A_1_12_12_comp4+3_A_1_12_12_comp5,R_3_A_1_12_12,TCDB,TCDB.3_A_1_12_12_comp4
G_3_A_1_12_12_comp5,P_3_A_1_12_12_comp1+3_A_1_12_12_comp2+3_A_1_12_12_comp3+3_A_1_12_12_comp4+3_A_1_12_12_comp5,R_3_A_1_12_12,TCDB,TCDB.3_A_1_12_12_comp5
G_3_A_1_3_23_comp1,P_3_A_1_3_23_comp1+3_A_1_3_23_comp2+3_A_1_3_23_comp3+3_A_1_3_23_comp4,R_3_A_1_3_23,TCDB,TCDB.3_A_1_3_23_comp1
G_3_A_1_3_23_comp2,P_3_A_1_3_23_comp1+3_A_1_3_23_comp2+3_A_1_3_23_comp3+3_A_1_3_23_comp4,R_3_A_1_3_23,TCDB,TCDB.3_A_1_3_23_comp2
G_3_A_1_3_23_comp3,P_3_A_1_3_23_comp1+3_A_1_3_23_comp2+3_A_1_3_23_comp3+3_A_1_3_23_comp4,R_3_A_1_3_23,TCDB,TCDB.3_A_1_3_23_comp3
G_3_A_1_3_23_comp4,P_3_A_1_3_23_comp1+3_A_1_3_23_comp2+3_A_1_3_23_comp3+3_A_1_3_23_comp4,R_3_A_1_3_23,TCDB,TCDB.3_A_1_3_23_comp4
G_9_B_150_1_1_comp1,P_9_B_150_1_1_comp1,R_9_B_150_1_1,TCDB,TCDB.9_B_150_1_1_comp1
G_2_A_6_2_27_comp1,P_2_A_6_2_27_comp1+2_A_6_2_27_comp2+2_A_6_2_27_comp3+2_A_6_2_27_comp4,R_2_A_6_2_27,TCDB,TCDB.2_A_6_2_27_comp1
G_2_A_6_2_27_comp2,P_2_A_6_2_27_comp1+2_A_6_2_27_comp2+2_A_6_2_27_comp3+2_A_6_2_27_comp4,R_2_A_6_2_27,TCDB,TCDB.2_A_6_2_27_comp2
G_2_A_6_2_27_comp3,P_2_A_6_2_27_comp1+2_A_6_2_27_comp2+2_A_6_2_27_comp3+2_A_6_2_27_comp4,R_2_A_6_2_27,TCDB,TCDB.2_A_6_2_27_comp3
G_2_A_6_2_27_comp4,P_2_A_6_2_27_comp1+2_A_6_2_27_comp2+2_A_6_2_27_comp3+2_A_6_2_27_comp4,R_2_A_6_2_27,TCDB,TCDB.2_A_6_2_27_comp4
G_1_B_25_1_8_comp1,P_1_B_25_1_8_comp1,R_1_B_25_1_8,TCDB,TCDB.1_B_25_1_8_comp1
G_2_A_7_28_13_comp1,P_2_A_7_28_13_comp1,R_2_A_7_28_13,TCDB,TCDB.2_A_7_28_13_comp1
G_2_A_21_9_1_comp1,P_2_A_21_9_1_comp1,R_2_A_21_9_1,TCDB,TCDB.2_A_21_9_1_comp1
G_9_A_21_1_2_comp1,P_9_A_21_1_2_comp1,R_9_A_21_1_2,TCDB,TCDB.9_A_21_1_2_comp1
G_1_B_25_1_9_comp1,P_1_B_25_1_9_comp1,R_1_B_25_1_9,TCDB,TCDB.1_B_25_1_9_comp1
G_3_A_1_152_1_comp1,P_3_A_1_152_1_comp1+3_A_1_152_1_comp2+3_A_1_152_1_comp3,R_3_A_1_152_1,TCDB,TCDB.3_A_1_152_1_comp1
G_3_A_1_152_1_comp2,P_3_A_1_152_1_comp1+3_A_1_152_1_comp2+3_A_1_152_1_comp3,R_3_A_1_152_1,TCDB,TCDB.3_A_1_152_1_comp2
G_3_A_1_152_1_comp3,P_3_A_1_152_1_comp1+3_A_1_152_1_comp2+3_A_1_152_1_comp3,R_3_A_1_152_1,TCDB,TCDB.3_A_1_152_1_comp3
G_2_A_1_57_1_comp1,P_2_A_1_57_1_comp1,R_2_A_1_57_1,TCDB,TCDB.2_A_1_57_1_comp1
G_2_A_6_2_32_comp1,P_2_A_6_2_32_comp1+2_A_6_2_32_comp2+2_A_6_2_32_comp3+2_A_6_2_32_comp4,R_2_A_6_2_32,TCDB,TCDB.2_A_6_2_32_comp1
G_2_A_6_2_32_comp2,P_2_A_6_2_32_comp1+2_A_6_2_32_comp2+2_A_6_2_32_comp3+2_A_6_2_32_comp4,R_2_A_6_2_32,TCDB,TCDB.2_A_6_2_32_comp2
G_2_A_6_2_32_comp3,P_2_A_6_2_32_comp1+2_A_6_2_32_comp2+2_A_6_2_32_comp3+2_A_6_2_32_comp4,R_2_A_6_2_32,TCDB,TCDB.2_A_6_2_32_comp3
G_2_A_6_2_32_comp4,P_2_A_6_2_32_comp1+2_A_6_2_32_comp2+2_A_6_2_32_comp3+2_A_6_2_32_comp4,R_2_A_6_2_32,TCDB,TCDB.2_A_6_2_32_comp4
G_1_B_11_3_7_comp1,P_1_B_11_3_7_comp1,R_1_B_11_3_7,TCDB,TCDB.1_B_11_3_7_comp1
G_1_B_39_1_3_comp1,P_1_B_39_1_3_comp1,R_1_B_39_1_3,TCDB,TCDB.1_B_39_1_3_comp1
G_3_A_3_5_34_comp1,P_3_A_3_5_34_comp1,R_3_A_3_5_34,TCDB,TCDB.3_A_3_5_34_comp1
G_1_B_14_1_12_comp1,P_1_B_14_1_12_comp1,R_1_B_14_1_12,TCDB,TCDB.1_B_14_1_12_comp1
G_2_A_1_8_17_comp1,P_2_A_1_8_17_comp1,R_2_A_1_8_17,TCDB,TCDB.2_A_1_8_17_comp1
G_4_A_1_1_15_comp1,P_4_A_1_1_15_comp1+4_A_1_1_15_comp2,R_4_A_1_1_15,TCDB,TCDB.4_A_1_1_15_comp1
G_4_A_1_1_15_comp2,P_4_A_1_1_15_comp1+4_A_1_1_15_comp2,R_4_A_1_1_15,TCDB,TCDB.4_A_1_1_15_comp2
G_2_A_1_3_66_comp1,P_2_A_1_3_66_comp1,R_2_A_1_3_66,TCDB,TCDB.2_A_1_3_66_comp1
G_2_A_6_2_17_comp1,P_2_A_6_2_17_comp1,R_2_A_6_2_17,TCDB,TCDB.2_A_6_2_17_comp1
G_4_A_2_1_17_comp1,P_4_A_2_1_17_comp1+4_A_2_1_17_comp2,R_4_A_2_1_17,TCDB,TCDB.4_A_2_1_17_comp1
G_4_A_2_1_17_comp2,P_4_A_2_1_17_comp1+4_A_2_1_17_comp2,R_4_A_2_1_17,TCDB,TCDB.4_A_2_1_17_comp2
G_2_A_27_1_3_comp1,P_2_A_27_1_3_comp1,R_2_A_27_1_3,TCDB,TCDB.2_A_27_1_3_comp1
G_1_B_85_1_1_comp1,P_1_B_85_1_1_comp1,R_1_B_85_1_1,TCDB,TCDB.1_B_85_1_1_comp1
G_2_A_66_6_1_comp1,P_2_A_66_6_1_comp1+2_A_66_6_1_comp2,R_2_A_66_6_1,TCDB,TCDB.2_A_66_6_1_comp1
G_2_A_66_6_1_comp2,P_2_A_66_6_1_comp1+2_A_66_6_1_comp2,R_2_A_66_6_1,TCDB,TCDB.2_A_66_6_1_comp2
G_1_B_25_1_11_comp1,P_1_B_25_1_11_comp1,R_1_B_25_1_11,TCDB,TCDB.1_B_25_1_11_comp1
G_2_A_1_11_8_comp1,P_2_A_1_11_8_comp1,R_2_A_1_11_8,TCDB,TCDB.2_A_1_11_8_comp1
G_2_A_6_2_39_comp1,P_2_A_6_2_39_comp1+2_A_6_2_39_comp2+2_A_6_2_39_comp3+2_A_6_2_39_comp4,R_2_A_6_2_39,TCDB,TCDB.2_A_6_2_39_comp1
G_2_A_6_2_39_comp2,P_2_A_6_2_39_comp1+2_A_6_2_39_comp2+2_A_6_2_39_comp3+2_A_6_2_39_comp4,R_2_A_6_2_39,TCDB,TCDB.2_A_6_2_39_comp2
G_2_A_6_2_39_comp3,P_2_A_6_2_39_comp1+2_A_6_2_39_comp2+2_A_6_2_39_comp3+2_A_6_2_39_comp4,R_2_A_6_2_39,TCDB,TCDB.2_A_6_2_39_comp3
G_2_A_6_2_39_comp4,P_2_A_6_2_39_comp1+2_A_6_2_39_comp2+2_A_6_2_39_comp3+2_A_6_2_39_comp4,R_2_A_6_2_39,TCDB,TCDB.2_A_6_2_39_comp4
G_3_A_3_6_15_comp1,P_3_A_3_6_15_comp1,R_3_A_3_6_15,TCDB,TCDB.3_A_3_6_15_comp1
G_1_B_25_1_7_comp1,P_1_B_25_1_7_comp1,R_1_B_25_1_7,TCDB,TCDB.1_B_25_1_7_comp1
G_3_A_1_109_4_comp1,P_3_A_1_109_4_comp1+3_A_1_109_4_comp2+3_A_1_109_4_comp3,R_3_A_1_109_4,TCDB,TCDB.3_A_1_109_4_comp1
G_3_A_1_109_4_comp2,P_3_A_1_109_4_comp1+3_A_1_109_4_comp2+3_A_1_109_4_comp3,R_3_A_1_109_4,TCDB,TCDB.3_A_1_109_4_comp2
G_3_A_1_109_4_comp3,P_3_A_1_109_4_comp1+3_A_1_109_4_comp2+3_A_1_109_4_comp3,R_3_A_1_109_4,TCDB,TCDB.3_A_1_109_4_comp3
G_2_A_34_1_3_comp1,P_2_A_34_1_3_comp1,R_2_A_34_1_3,TCDB,TCDB.2_A_34_1_3_comp1
G_3_A_3_27_5_comp1,P_3_A_3_27_5_comp1,R_3_A_3_27_5,TCDB,TCDB.3_A_3_27_5_comp1
G_9_B_14_1_7_comp1,P_9_B_14_1_7_comp1,R_9_B_14_1_7,TCDB,TCDB.9_B_14_1_7_comp1
G_9_B_14_2_4_comp1,P_9_B_14_2_4_comp1,R_9_B_14_2_4,TCDB,TCDB.9_B_14_2_4_comp1
G_2_A_1_51_4_comp1,P_2_A_1_51_4_comp1,R_2_A_1_51_4,TCDB,TCDB.2_A_1_51_4_comp1
G_2_A_66_1_12_comp1,P_2_A_66_1_12_comp1,R_2_A_66_1_12,TCDB,TCDB.2_A_66_1_12_comp1
G_3_A_1_3_22_comp1,P_3_A_1_3_22_comp1+3_A_1_3_22_comp2+3_A_1_3_22_comp3+3_A_1_3_22_comp4,R_3_A_1_3_22,TCDB,TCDB.3_A_1_3_22_comp1
G_3_A_1_3_22_comp2,P_3_A_1_3_22_comp1+3_A_1_3_22_comp2+3_A_1_3_22_comp3+3_A_1_3_22_comp4,R_3_A_1_3_22,TCDB,TCDB.3_A_1_3_22_comp2
G_3_A_1_3_22_comp3,P_3_A_1_3_22_comp1+3_A_1_3_22_comp2+3_A_1_3_22_comp3+3_A_1_3_22_comp4,R_3_A_1_3_22,TCDB,TCDB.3_A_1_3_22_comp3
G_3_A_1_3_22_comp4,P_3_A_1_3_22_comp1+3_A_1_3_22_comp2+3_A_1_3_22_comp3+3_A_1_3_22_comp4,R_3_A_1_3_22,TCDB,TCDB.3_A_1_3_22_comp4
G_2_A_1_11_2_comp1,P_2_A_1_11_2_comp1,R_2_A_1_11_2,TCDB,TCDB.2_A_1_11_2_comp1
G_3_A_1_3_21_comp1,P_3_A_1_3_21_comp1+3_A_1_3_21_comp2+3_A_1_3_21_comp3,R_3_A_1_3_21,TCDB,TCDB.3_A_1_3_21_comp1
G_3_A_1_3_21_comp2,P_3_A_1_3_21_comp1+3_A_1_3_21_comp2+3_A_1_3_21_comp3,R_3_A_1_3_21,TCDB,TCDB.3_A_1_3_21_comp2
G_3_A_1_3_21_comp3,P_3_A_1_3_21_comp1+3_A_1_3_21_comp2+3_A_1_3_21_comp3,R_3_A_1_3_21,TCDB,TCDB.3_A_1_3_21_comp3
G_4_D_3_1_11_comp1,P_4_D_3_1_11_comp1,R_4_D_3_1_11,TCDB,TCDB.4_D_3_1_11_comp1
G_1_C_1_1_6_comp1,P_1_C_1_1_6_comp1,R_1_C_1_1_6,TCDB,TCDB.1_C_1_1_6_comp1
G_1_E_43_1_5_comp1,P_1_E_43_1_5_comp1,R_1_E_43_1_5,TCDB,TCDB.1_E_43_1_5_comp1
G_2_A_21_2_3_comp1,P_2_A_21_2_3_comp1,R_2_A_21_2_3,TCDB,TCDB.2_A_21_2_3_comp1
G_1_B_25_1_10_comp1,P_1_B_25_1_10_comp1,R_1_B_25_1_10,TCDB,TCDB.1_B_25_1_10_comp1
G_1_B_20_3_6_comp1,P_1_B_20_3_6_comp1,R_1_B_20_3_6,TCDB,TCDB.1_B_20_3_6_comp1
G_1_B_25_1_14_comp1,P_1_B_25_1_14_comp1,R_1_B_25_1_14,TCDB,TCDB.1_B_25_1_14_comp1
G_2_A_3_3_19_comp1,P_2_A_3_3_19_comp1,R_2_A_3_3_19,TCDB,TCDB.2_A_3_3_19_comp1
G_1_B_25_1_12_comp1,P_1_B_25_1_12_comp1,R_1_B_25_1_12,TCDB,TCDB.1_B_25_1_12_comp1
G_1_C_106_4_2_comp1,P_1_C_106_4_2_comp1,R_1_C_106_4_2,TCDB,TCDB.1_C_106_4_2_comp1
G_9_B_188_1_5_comp1,P_9_B_188_1_5_comp1,R_9_B_188_1_5,TCDB,TCDB.9_B_188_1_5_comp1
G_3_A_1_208_39_comp1,P_3_A_1_208_39_comp1,R_3_A_1_208_39,TCDB,TCDB.3_A_1_208_39_comp1
G_8_A_33_1_4_comp1,P_8_A_33_1_4_comp1,R_8_A_33_1_4,TCDB,TCDB.8_A_33_1_4_comp1
G_8_A_106_2_1_comp1,P_8_A_106_2_1_comp1,R_8_A_106_2_1,TCDB,TCDB.8_A_106_2_1_comp1
G_2_A_100_1_7_comp1,P_2_A_100_1_7_comp1,R_2_A_100_1_7,TCDB,TCDB.2_A_100_1_7_comp1
G_1_G_2_1_9_comp1,P_1_G_2_1_9_comp1,R_1_G_2_1_9,TCDB,TCDB.1_G_2_1_9_comp1
G_1_A_97_1_2_comp1,P_1_A_97_1_2_comp1,R_1_A_97_1_2,TCDB,TCDB.1_A_97_1_2_comp1
G_9_B_308_6_1_comp1,P_9_B_308_6_1_comp1+9_B_308_6_1_comp2+9_B_308_6_1_comp3,R_9_B_308_6_1,TCDB,TCDB.9_B_308_6_1_comp1
G_9_B_308_6_1_comp2,P_9_B_308_6_1_comp1+9_B_308_6_1_comp2+9_B_308_6_1_comp3,R_9_B_308_6_1,TCDB,TCDB.9_B_308_6_1_comp2
G_9_B_308_6_1_comp3,P_9_B_308_6_1_comp1+9_B_308_6_1_comp2+9_B_308_6_1_comp3,R_9_B_308_6_1,TCDB,TCDB.9_B_308_6_1_comp3
G_1_A_117_1_7_comp1,P_1_A_117_1_7_comp1,R_1_A_117_1_7,TCDB,TCDB.1_A_117_1_7_comp1
G_2_A_18_6_4_comp1,P_2_A_18_6_4_comp1,R_2_A_18_6_4,TCDB,TCDB.2_A_18_6_4_comp1
G_2_A_60_1_7_comp1,P_2_A_60_1_7_comp1,R_2_A_60_1_7,TCDB,TCDB.2_A_60_1_7_comp1
G_2_A_100_1_1_comp1,P_2_A_100_1_1_comp1,R_2_A_100_1_1,TCDB,TCDB.2_A_100_1_1_comp1
G_2_A_1_14_16_comp1,P_2_A_1_14_16_comp1,R_2_A_1_14_16,TCDB,TCDB.2_A_1_14_16_comp1
G_2_A_31_2_2_comp1,P_2_A_31_2_2_comp1,R_2_A_31_2_2,TCDB,TCDB.2_A_31_2_2_comp1
G_2_A_1_1_46_comp1,P_2_A_1_1_46_comp1,R_2_A_1_1_46,TCDB,TCDB.2_A_1_1_46_comp1
G_8_A_14_1_1_comp1,P_8_A_14_1_1_comp1,R_8_A_14_1_1,TCDB,TCDB.8_A_14_1_1_comp1
G_1_A_25_2_5_comp1,P_1_A_25_2_5_comp1,R_1_A_25_2_5,TCDB,TCDB.1_A_25_2_5_comp1
G_1_A_1_9_4_comp1,P_1_A_1_9_4_comp1,R_1_A_1_9_4,TCDB,TCDB.1_A_1_9_4_comp1
G_1_A_54_3_1_comp1,P_1_A_54_3_1_comp1,R_1_A_54_3_1,TCDB,TCDB.1_A_54_3_1_comp1
G_1_A_4_2_6_comp1,P_1_A_4_2_6_comp1,R_1_A_4_2_6,TCDB,TCDB.1_A_4_2_6_comp1
G_8_A_16_6_1_comp1,P_8_A_16_6_1_comp1,R_8_A_16_6_1,TCDB,TCDB.8_A_16_6_1_comp1
G_8_A_17_1_2_comp1,P_8_A_17_1_2_comp1,R_8_A_17_1_2,TCDB,TCDB.8_A_17_1_2_comp1
G_1_A_1_15_5_comp1,P_1_A_1_15_5_comp1,R_1_A_1_15_5,TCDB,TCDB.1_A_1_15_5_comp1
G_2_A_18_6_1_comp1,P_2_A_18_6_1_comp1,R_2_A_18_6_1,TCDB,TCDB.2_A_18_6_1_comp1
G_2_A_21_8_1_comp1,P_2_A_21_8_1_comp1,R_2_A_21_8_1,TCDB,TCDB.2_A_21_8_1_comp1
G_1_B_12_1_4_comp1,P_1_B_12_1_4_comp1,R_1_B_12_1_4,TCDB,TCDB.1_B_12_1_4_comp1
G_1_B_40_2_1_comp1,P_1_B_40_2_1_comp1,R_1_B_40_2_1,TCDB,TCDB.1_B_40_2_1_comp1
G_9_B_159_6_5_comp1,P_9_B_159_6_5_comp1,R_9_B_159_6_5,TCDB,TCDB.9_B_159_6_5_comp1
G_5_A_1_1_2_comp1,P_5_A_1_1_2_comp1,R_5_A_1_1_2,TCDB,TCDB.5_A_1_1_2_comp1
G_2_A_66_1_10_comp1,P_2_A_66_1_10_comp1,R_2_A_66_1_10,TCDB,TCDB.2_A_66_1_10_comp1
G_2_A_17_1_8_comp1,P_2_A_17_1_8_comp1,R_2_A_17_1_8,TCDB,TCDB.2_A_17_1_8_comp1
G_1_B_20_1_5_comp1,P_1_B_20_1_5_comp1,R_1_B_20_1_5,TCDB,TCDB.1_B_20_1_5_comp1
G_3_A_3_27_1_comp1,P_3_A_3_27_1_comp1,R_3_A_3_27_1,TCDB,TCDB.3_A_3_27_1_comp1
G_1_M_1_4_26_comp1,P_1_M_1_4_26_comp1,R_1_M_1_4_26,TCDB,TCDB.1_M_1_4_26_comp1
G_1_B_14_2_9_comp1,P_1_B_14_2_9_comp1,R_1_B_14_2_9,TCDB,TCDB.1_B_14_2_9_comp1
G_2_A_28_2_4_comp1,P_2_A_28_2_4_comp1,R_2_A_28_2_4,TCDB,TCDB.2_A_28_2_4_comp1
G_2_A_111_1_2_comp1,P_2_A_111_1_2_comp1,R_2_A_111_1_2,TCDB,TCDB.2_A_111_1_2_comp1
G_2_A_35_1_7_comp1,P_2_A_35_1_7_comp1,R_2_A_35_1_7,TCDB,TCDB.2_A_35_1_7_comp1
G_1_B_42_1_1_comp1,P_1_B_42_1_1_comp1,R_1_B_42_1_1,TCDB,TCDB.1_B_42_1_1_comp1
G_1_B_33_1_1_comp1,P_1_B_33_1_1_comp1,R_1_B_33_1_1,TCDB,TCDB.1_B_33_1_1_comp1
G_9_B_53_1_2_comp1,P_9_B_53_1_2_comp1,R_9_B_53_1_2,TCDB,TCDB.9_B_53_1_2_comp1
G_3_A_1_154_1_comp1,P_3_A_1_154_1_comp1,R_3_A_1_154_1,TCDB,TCDB.3_A_1_154_1_comp1
G_2_A_85_8_1_comp1,P_2_A_85_8_1_comp1,R_2_A_85_8_1,TCDB,TCDB.2_A_85_8_1_comp1
G_2_A_85_10_1_comp1,P_2_A_85_10_1_comp1,R_2_A_85_10_1,TCDB,TCDB.2_A_85_10_1_comp1
G_9_B_140_1_1_comp1,P_9_B_140_1_1_comp1,R_9_B_140_1_1,TCDB,TCDB.9_B_140_1_1_comp1
G_1_B_7_1_5_comp1,P_1_B_7_1_5_comp1,R_1_B_7_1_5,TCDB,TCDB.1_B_7_1_5_comp1
G_2_A_47_4_5_comp1,P_2_A_47_4_5_comp1,R_2_A_47_4_5,TCDB,TCDB.2_A_47_4_5_comp1
G_9_A_23_1_1_comp1,P_9_A_23_1_1_comp1,R_9_A_23_1_1,TCDB,TCDB.9_A_23_1_1_comp1
G_9_B_157_1_2_comp1,P_9_B_157_1_2_comp1+9_B_157_1_2_comp2+9_B_157_1_2_comp3,R_9_B_157_1_2,TCDB,TCDB.9_B_157_1_2_comp1
G_9_B_157_1_2_comp2,P_9_B_157_1_2_comp1+9_B_157_1_2_comp2+9_B_157_1_2_comp3,R_9_B_157_1_2,TCDB,TCDB.9_B_157_1_2_comp2
G_9_B_157_1_2_comp3,P_9_B_157_1_2_comp1+9_B_157_1_2_comp2+9_B_157_1_2_comp3,R_9_B_157_1_2,TCDB,TCDB.9_B_157_1_2_comp3
G_2_A_66_1_32_comp1,P_2_A_66_1_32_comp1,R_2_A_66_1_32,TCDB,TCDB.2_A_66_1_32_comp1
G_2_A_61_2_1_comp1,P_2_A_61_2_1_comp1,R_2_A_61_2_1,TCDB,TCDB.2_A_61_2_1_comp1
G_1_A_1_14_1_comp1,P_1_A_1_14_1_comp1,R_1_A_1_14_1,TCDB,TCDB.1_A_1_14_1_comp1
G_2_A_9_3_6_comp1,P_2_A_9_3_6_comp1,R_2_A_9_3_6,TCDB,TCDB.2_A_9_3_6_comp1
G_9_A_22_1_2_comp1,P_9_A_22_1_2_comp1,R_9_A_22_1_2,TCDB,TCDB.9_A_22_1_2_comp1
G_2_A_22_5_3_comp1,P_2_A_22_5_3_comp1,R_2_A_22_5_3,TCDB,TCDB.2_A_22_5_3_comp1
G_1_C_21_2_3_comp1,P_1_C_21_2_3_comp1,R_1_C_21_2_3,TCDB,TCDB.1_C_21_2_3_comp1
G_1_B_165_1_5_comp1,P_1_B_165_1_5_comp1,R_1_B_165_1_5,TCDB,TCDB.1_B_165_1_5_comp1
G_2_A_6_5_3_comp1,P_2_A_6_5_3_comp1,R_2_A_6_5_3,TCDB,TCDB.2_A_6_5_3_comp1
G_2_A_37_2_2_comp1,P_2_A_37_2_2_comp1,R_2_A_37_2_2,TCDB,TCDB.2_A_37_2_2_comp1
G_9_A_18_1_4_comp1,P_9_A_18_1_4_comp1,R_9_A_18_1_4,TCDB,TCDB.9_A_18_1_4_comp1
G_2_A_101_1_1_comp1,P_2_A_101_1_1_comp1,R_2_A_101_1_1,TCDB,TCDB.2_A_101_1_1_comp1
G_2_A_1_3_18_comp1,P_2_A_1_3_18_comp1,R_2_A_1_3_18,TCDB,TCDB.2_A_1_3_18_comp1
G_4_A_6_1_4_comp1,P_4_A_6_1_4_comp1+4_A_6_1_4_comp2+4_A_6_1_4_comp3,R_4_A_6_1_4,TCDB,TCDB.4_A_6_1_4_comp1
G_4_A_6_1_4_comp2,P_4_A_6_1_4_comp1+4_A_6_1_4_comp2+4_A_6_1_4_comp3,R_4_A_6_1_4,TCDB,TCDB.4_A_6_1_4_comp2
G_4_A_6_1_4_comp3,P_4_A_6_1_4_comp1+4_A_6_1_4_comp2+4_A_6_1_4_comp3,R_4_A_6_1_4,TCDB,TCDB.4_A_6_1_4_comp3
G_4_A_1_2_6_comp1,P_4_A_1_2_6_comp1,R_4_A_1_2_6,TCDB,TCDB.4_A_1_2_6_comp1
G_2_A_6_2_8_comp1,P_2_A_6_2_8_comp1,R_2_A_6_2_8,TCDB,TCDB.2_A_6_2_8_comp1
G_1_B_1_7_1_comp1,P_1_B_1_7_1_comp1,R_1_B_1_7_1,TCDB,TCDB.1_B_1_7_1_comp1
G_3_A_1_12_6_comp1,P_3_A_1_12_6_comp1+3_A_1_12_6_comp2+3_A_1_12_6_comp3,R_3_A_1_12_6,TCDB,TCDB.3_A_1_12_6_comp1
G_3_A_1_12_6_comp2,P_3_A_1_12_6_comp1+3_A_1_12_6_comp2+3_A_1_12_6_comp3,R_3_A_1_12_6,TCDB,TCDB.3_A_1_12_6_comp2
G_3_A_1_12_6_comp3,P_3_A_1_12_6_comp1+3_A_1_12_6_comp2+3_A_1_12_6_comp3,R_3_A_1_12_6,TCDB,TCDB.3_A_1_12_6_comp3
G_1_C_78_1_2_comp1,P_1_C_78_1_2_comp1,R_1_C_78_1_2,TCDB,TCDB.1_C_78_1_2_comp1
G_4_A_2_1_12_comp1,P_4_A_2_1_12_comp1,R_4_A_2_1_12,TCDB,TCDB.4_A_2_1_12_comp1
G_1_B_1_1_25_comp1,P_1_B_1_1_25_comp1,R_1_B_1_1_25,TCDB,TCDB.1_B_1_1_25_comp1
G_3_A_1_20_2_comp1,P_3_A_1_20_2_comp1+3_A_1_20_2_comp2+3_A_1_20_2_comp3,R_3_A_1_20_2,TCDB,TCDB.3_A_1_20_2_comp1
G_3_A_1_20_2_comp2,P_3_A_1_20_2_comp1+3_A_1_20_2_comp2+3_A_1_20_2_comp3,R_3_A_1_20_2,TCDB,TCDB.3_A_1_20_2_comp2
G_3_A_1_20_2_comp3,P_3_A_1_20_2_comp1+3_A_1_20_2_comp2+3_A_1_20_2_comp3,R_3_A_1_20_2,TCDB,TCDB.3_A_1_20_2_comp3
G_2_A_1_2_42_comp1,P_2_A_1_2_42_comp1,R_2_A_1_2_42,TCDB,TCDB.2_A_1_2_42_comp1
G_5_B_1_2_1_comp1,P_5_B_1_2_1_comp1,R_5_B_1_2_1,TCDB,TCDB.5_B_1_2_1_comp1
G_2_A_47_5_2_comp1,P_2_A_47_5_2_comp1,R_2_A_47_5_2,TCDB,TCDB.2_A_47_5_2_comp1
G_1_C_131_1_1_comp1,P_1_C_131_1_1_comp1+1_C_131_1_1_comp2+1_C_131_1_1_comp3,R_1_C_131_1_1,TCDB,TCDB.1_C_131_1_1_comp1
G_1_C_131_1_1_comp2,P_1_C_131_1_1_comp1+1_C_131_1_1_comp2+1_C_131_1_1_comp3,R_1_C_131_1_1,TCDB,TCDB.1_C_131_1_1_comp2
G_1_C_131_1_1_comp3,P_1_C_131_1_1_comp1+1_C_131_1_1_comp2+1_C_131_1_1_comp3,R_1_C_131_1_1,TCDB,TCDB.1_C_131_1_1_comp3
G_1_A_77_3_7_comp1,P_1_A_77_3_7_comp1,R_1_A_77_3_7,TCDB,TCDB.1_A_77_3_7_comp1
G_2_A_36_6_5_comp1,P_2_A_36_6_5_comp1,R_2_A_36_6_5,TCDB,TCDB.2_A_36_6_5_comp1
G_2_A_41_2_11_comp1,P_2_A_41_2_11_comp1,R_2_A_41_2_11,TCDB,TCDB.2_A_41_2_11_comp1
G_2_A_6_2_38_comp1,P_2_A_6_2_38_comp1,R_2_A_6_2_38,TCDB,TCDB.2_A_6_2_38_comp1
G_2_A_66_1_2_comp1,P_2_A_66_1_2_comp1,R_2_A_66_1_2,TCDB,TCDB.2_A_66_1_2_comp1
G_1_C_57_3_5_comp1,P_1_C_57_3_5_comp1,R_1_C_57_3_5,TCDB,TCDB.1_C_57_3_5_comp1
G_1_C_132_1_1_comp1,P_1_C_132_1_1_comp1,R_1_C_132_1_1,TCDB,TCDB.1_C_132_1_1_comp1
G_4_A_3_2_6_comp1,P_4_A_3_2_6_comp1+4_A_3_2_6_comp2+4_A_3_2_6_comp3,R_4_A_3_2_6,TCDB,TCDB.4_A_3_2_6_comp1
G_4_A_3_2_6_comp2,P_4_A_3_2_6_comp1+4_A_3_2_6_comp2+4_A_3_2_6_comp3,R_4_A_3_2_6,TCDB,TCDB.4_A_3_2_6_comp2
G_4_A_3_2_6_comp3,P_4_A_3_2_6_comp1+4_A_3_2_6_comp2+4_A_3_2_6_comp3,R_4_A_3_2_6,TCDB,TCDB.4_A_3_2_6_comp3
G_5_B_10_1_1_comp1,P_5_B_10_1_1_comp1,R_5_B_10_1_1,TCDB,TCDB.5_B_10_1_1_comp1
G_2_A_6_2_36_comp1,P_2_A_6_2_36_comp1,R_2_A_6_2_36,TCDB,TCDB.2_A_6_2_36_comp1
G_9_A_33_1_1_comp1,P_9_A_33_1_1_comp1,R_9_A_33_1_1,TCDB,TCDB.9_A_33_1_1_comp1
G_3_A_1_134_11_comp1,P_3_A_1_134_11_comp1+3_A_1_134_11_comp2+3_A_1_134_11_comp3,R_3_A_1_134_11,TCDB,TCDB.3_A_1_134_11_comp1
G_3_A_1_134_11_comp2,P_3_A_1_134_11_comp1+3_A_1_134_11_comp2+3_A_1_134_11_comp3,R_3_A_1_134_11,TCDB,TCDB.3_A_1_134_11_comp2
G_3_A_1_134_11_comp3,P_3_A_1_134_11_comp1+3_A_1_134_11_comp2+3_A_1_134_11_comp3,R_3_A_1_134_11,TCDB,TCDB.3_A_1_134_11_comp3
G_1_C_21_1_5_comp1,P_1_C_21_1_5_comp1,R_1_C_21_1_5,TCDB,TCDB.1_C_21_1_5_comp1
G_3_A_1_1_10_comp1,P_3_A_1_1_10_comp1+3_A_1_1_10_comp2+3_A_1_1_10_comp3+3_A_1_1_10_comp4,R_3_A_1_1_10,TCDB,TCDB.3_A_1_1_10_comp1
G_3_A_1_1_10_comp2,P_3_A_1_1_10_comp1+3_A_1_1_10_comp2+3_A_1_1_10_comp3+3_A_1_1_10_comp4,R_3_A_1_1_10,TCDB,TCDB.3_A_1_1_10_comp2
G_3_A_1_1_10_comp3,P_3_A_1_1_10_comp1+3_A_1_1_10_comp2+3_A_1_1_10_comp3+3_A_1_1_10_comp4,R_3_A_1_1_10,TCDB,TCDB.3_A_1_1_10_comp3
G_3_A_1_1_10_comp4,P_3_A_1_1_10_comp1+3_A_1_1_10_comp2+3_A_1_1_10_comp3+3_A_1_1_10_comp4,R_3_A_1_1_10,TCDB,TCDB.3_A_1_1_10_comp4
G_2_A_6_2_10_comp1,P_2_A_6_2_10_comp1+2_A_6_2_10_comp2+2_A_6_2_10_comp3,R_2_A_6_2_10,TCDB,TCDB.2_A_6_2_10_comp1
G_2_A_6_2_10_comp2,P_2_A_6_2_10_comp1+2_A_6_2_10_comp2+2_A_6_2_10_comp3,R_2_A_6_2_10,TCDB,TCDB.2_A_6_2_10_comp2
G_2_A_6_2_10_comp3,P_2_A_6_2_10_comp1+2_A_6_2_10_comp2+2_A_6_2_10_comp3,R_2_A_6_2_10,TCDB,TCDB.2_A_6_2_10_comp3
G_3_A_1_32_1_comp1,P_3_A_1_32_1_comp1+3_A_1_32_1_comp2+3_A_1_32_1_comp3,R_3_A_1_32_1,TCDB,TCDB.3_A_1_32_1_comp1
G_3_A_1_32_1_comp2,P_3_A_1_32_1_comp1+3_A_1_32_1_comp2+3_A_1_32_1_comp3,R_3_A_1_32_1,TCDB,TCDB.3_A_1_32_1_comp2
G_3_A_1_32_1_comp3,P_3_A_1_32_1_comp1+3_A_1_32_1_comp2+3_A_1_32_1_comp3,R_3_A_1_32_1,TCDB,TCDB.3_A_1_32_1_comp3
G_9_B_179_1_1_comp1,P_9_B_179_1_1_comp1,R_9_B_179_1_1,TCDB,TCDB.9_B_179_1_1_comp1
G_3_A_3_23_1_comp1,P_3_A_3_23_1_comp1,R_3_A_3_23_1,TCDB,TCDB.3_A_3_23_1_comp1
G_2_A_1_21_18_comp1,P_2_A_1_21_18_comp1,R_2_A_1_21_18,TCDB,TCDB.2_A_1_21_18_comp1
G_2_A_16_4_6_comp1,P_2_A_16_4_6_comp1,R_2_A_16_4_6,TCDB,TCDB.2_A_16_4_6_comp1
G_2_A_1_21_19_comp1,P_2_A_1_21_19_comp1,R_2_A_1_21_19,TCDB,TCDB.2_A_1_21_19_comp1
G_2_A_1_2_54_comp1,P_2_A_1_2_54_comp1,R_2_A_1_2_54,TCDB,TCDB.2_A_1_2_54_comp1
G_8_A_3_4_1_comp1,P_8_A_3_4_1_comp1,R_8_A_3_4_1,TCDB,TCDB.8_A_3_4_1_comp1
G_2_A_1_2_89_comp1,P_2_A_1_2_89_comp1,R_2_A_1_2_89,TCDB,TCDB.2_A_1_2_89_comp1
G_1_A_22_1_10_comp1,P_1_A_22_1_10_comp1,R_1_A_22_1_10,TCDB,TCDB.1_A_22_1_10_comp1
G_2_A_102_2_5_comp1,P_2_A_102_2_5_comp1,R_2_A_102_2_5,TCDB,TCDB.2_A_102_2_5_comp1
G_2_A_63_1_5_comp1,P_2_A_63_1_5_comp1,R_2_A_63_1_5,TCDB,TCDB.2_A_63_1_5_comp1
G_3_A_1_106_9_comp1,P_3_A_1_106_9_comp1,R_3_A_1_106_9,TCDB,TCDB.3_A_1_106_9_comp1
G_2_A_3_4_7_comp1,P_2_A_3_4_7_comp1,R_2_A_3_4_7,TCDB,TCDB.2_A_3_4_7_comp1
G_2_A_20_1_5_comp1,P_2_A_20_1_5_comp1,R_2_A_20_1_5,TCDB,TCDB.2_A_20_1_5_comp1
G_2_A_1_69_1_comp1,P_2_A_1_69_1_comp1,R_2_A_1_69_1,TCDB,TCDB.2_A_1_69_1_comp1
G_3_A_1_1_21_comp1,P_3_A_1_1_21_comp1+3_A_1_1_21_comp2,R_3_A_1_1_21,TCDB,TCDB.3_A_1_1_21_comp1
G_3_A_1_1_21_comp2,P_3_A_1_1_21_comp1+3_A_1_1_21_comp2,R_3_A_1_1_21,TCDB,TCDB.3_A_1_1_21_comp2
G_3_A_1_14_22_comp1,P_3_A_1_14_22_comp1+3_A_1_14_22_comp2+3_A_1_14_22_comp3+3_A_1_14_22_comp4,R_3_A_1_14_22,TCDB,TCDB.3_A_1_14_22_comp1
G_3_A_1_14_22_comp2,P_3_A_1_14_22_comp1+3_A_1_14_22_comp2+3_A_1_14_22_comp3+3_A_1_14_22_comp4,R_3_A_1_14_22,TCDB,TCDB.3_A_1_14_22_comp2
G_3_A_1_14_22_comp3,P_3_A_1_14_22_comp1+3_A_1_14_22_comp2+3_A_1_14_22_comp3+3_A_1_14_22_comp4,R_3_A_1_14_22,TCDB,TCDB.3_A_1_14_22_comp3
G_3_A_1_14_22_comp4,P_3_A_1_14_22_comp1+3_A_1_14_22_comp2+3_A_1_14_22_comp3+3_A_1_14_22_comp4,R_3_A_1_14_22,TCDB,TCDB.3_A_1_14_22_comp4
G_2_A_3_3_16_comp1,P_2_A_3_3_16_comp1,R_2_A_3_3_16,TCDB,TCDB.2_A_3_3_16_comp1
G_2_A_1_73_1_comp1,P_2_A_1_73_1_comp1,R_2_A_1_73_1,TCDB,TCDB.2_A_1_73_1_comp1
G_3_A_1_14_12_comp1,P_3_A_1_14_12_comp1+3_A_1_14_12_comp2+3_A_1_14_12_comp3,R_3_A_1_14_12,TCDB,TCDB.3_A_1_14_12_comp1
G_3_A_1_14_12_comp2,P_3_A_1_14_12_comp1+3_A_1_14_12_comp2+3_A_1_14_12_comp3,R_3_A_1_14_12,TCDB,TCDB.3_A_1_14_12_comp2
G_3_A_1_14_12_comp3,P_3_A_1_14_12_comp1+3_A_1_14_12_comp2+3_A_1_14_12_comp3,R_3_A_1_14_12,TCDB,TCDB.3_A_1_14_12_comp3
G_2_A_7_3_34_comp1,P_2_A_7_3_34_comp1,R_2_A_7_3_34,TCDB,TCDB.2_A_7_3_34_comp1
G_2_A_1_3_19_comp1,P_2_A_1_3_19_comp1,R_2_A_1_3_19,TCDB,TCDB.2_A_1_3_19_comp1
G_2_A_3_8_26_comp1,P_2_A_3_8_26_comp1,R_2_A_3_8_26,TCDB,TCDB.2_A_3_8_26_comp1
G_2_A_7_3_39_comp1,P_2_A_7_3_39_comp1,R_2_A_7_3_39,TCDB,TCDB.2_A_7_3_39_comp1
G_2_A_1_70_1_comp1,P_2_A_1_70_1_comp1,R_2_A_1_70_1,TCDB,TCDB.2_A_1_70_1_comp1
G_3_A_1_122_33_comp1,P_3_A_1_122_33_comp1+3_A_1_122_33_comp2+3_A_1_122_33_comp3,R_3_A_1_122_33,TCDB,TCDB.3_A_1_122_33_comp1
G_3_A_1_122_33_comp2,P_3_A_1_122_33_comp1+3_A_1_122_33_comp2+3_A_1_122_33_comp3,R_3_A_1_122_33,TCDB,TCDB.3_A_1_122_33_comp2
G_3_A_1_122_33_comp3,P_3_A_1_122_33_comp1+3_A_1_122_33_comp2+3_A_1_122_33_comp3,R_3_A_1_122_33,TCDB,TCDB.3_A_1_122_33_comp3
G_3_A_1_4_4_comp1,P_3_A_1_4_4_comp1+3_A_1_4_4_comp2+3_A_1_4_4_comp3+3_A_1_4_4_comp4+3_A_1_4_4_comp5,R_3_A_1_4_4,TCDB,TCDB.3_A_1_4_4_comp1
G_3_A_1_4_4_comp2,P_3_A_1_4_4_comp1+3_A_1_4_4_comp2+3_A_1_4_4_comp3+3_A_1_4_4_comp4+3_A_1_4_4_comp5,R_3_A_1_4_4,TCDB,TCDB.3_A_1_4_4_comp2
G_3_A_1_4_4_comp3,P_3_A_1_4_4_comp1+3_A_1_4_4_comp2+3_A_1_4_4_comp3+3_A_1_4_4_comp4+3_A_1_4_4_comp5,R_3_A_1_4_4,TCDB,TCDB.3_A_1_4_4_comp3
G_3_A_1_4_4_comp4,P_3_A_1_4_4_comp1+3_A_1_4_4_comp2+3_A_1_4_4_comp3+3_A_1_4_4_comp4+3_A_1_4_4_comp5,R_3_A_1_4_4,TCDB,TCDB.3_A_1_4_4_comp4
G_3_A_1_4_4_comp5,P_3_A_1_4_4_comp1+3_A_1_4_4_comp2+3_A_1_4_4_comp3+3_A_1_4_4_comp4+3_A_1_4_4_comp5,R_3_A_1_4_4,TCDB,TCDB.3_A_1_4_4_comp5
G_1_C_41_1_1_comp1,P_1_C_41_1_1_comp1+1_C_41_1_1_comp2+1_C_41_1_1_comp3,R_1_C_41_1_1,TCDB,TCDB.1_C_41_1_1_comp1
G_1_C_41_1_1_comp2,P_1_C_41_1_1_comp1+1_C_41_1_1_comp2+1_C_41_1_1_comp3,R_1_C_41_1_1,TCDB,TCDB.1_C_41_1_1_comp2
G_1_C_41_1_1_comp3,P_1_C_41_1_1_comp1+1_C_41_1_1_comp2+1_C_41_1_1_comp3,R_1_C_41_1_1,TCDB,TCDB.1_C_41_1_1_comp3
G_9_A_7_1_1_comp1,P_9_A_7_1_1_comp1,R_9_A_7_1_1,TCDB,TCDB.9_A_7_1_1_comp1
G_1_C_65_2_1_comp1,P_1_C_65_2_1_comp1,R_1_C_65_2_1,TCDB,TCDB.1_C_65_2_1_comp1
G_3_A_7_18_1_comp1,P_3_A_7_18_1_comp1+3_A_7_18_1_comp2+3_A_7_18_1_comp3+3_A_7_18_1_comp4+3_A_7_18_1_comp5+3_A_7_18_1_comp6+3_A_7_18_1_comp7,R_3_A_7_18_1,TCDB,TCDB.3_A_7_18_1_comp1
G_3_A_7_18_1_comp2,P_3_A_7_18_1_comp1+3_A_7_18_1_comp2+3_A_7_18_1_comp3+3_A_7_18_1_comp4+3_A_7_18_1_comp5+3_A_7_18_1_comp6+3_A_7_18_1_comp7,R_3_A_7_18_1,TCDB,TCDB.3_A_7_18_1_comp2
G_3_A_7_18_1_comp3,P_3_A_7_18_1_comp1+3_A_7_18_1_comp2+3_A_7_18_1_comp3+3_A_7_18_1_comp4+3_A_7_18_1_comp5+3_A_7_18_1_comp6+3_A_7_18_1_comp7,R_3_A_7_18_1,TCDB,TCDB.3_A_7_18_1_comp3
G_3_A_7_18_1_comp4,P_3_A_7_18_1_comp1+3_A_7_18_1_comp2+3_A_7_18_1_comp3+3_A_7_18_1_comp4+3_A_7_18_1_comp5+3_A_7_18_1_comp6+3_A_7_18_1_comp7,R_3_A_7_18_1,TCDB,TCDB.3_A_7_18_1_comp4
G_3_A_7_18_1_comp5,P_3_A_7_18_1_comp1+3_A_7_18_1_comp2+3_A_7_18_1_comp3+3_A_7_18_1_comp4+3_A_7_18_1_comp5+3_A_7_18_1_comp6+3_A_7_18_1_comp7,R_3_A_7_18_1,TCDB,TCDB.3_A_7_18_1_comp5
G_3_A_7_18_1_comp6,P_3_A_7_18_1_comp1+3_A_7_18_1_comp2+3_A_7_18_1_comp3+3_A_7_18_1_comp4+3_A_7_18_1_comp5+3_A_7_18_1_comp6+3_A_7_18_1_comp7,R_3_A_7_18_1,TCDB,TCDB.3_A_7_18_1_comp6
G_3_A_7_18_1_comp7,P_3_A_7_18_1_comp1+3_A_7_18_1_comp2+3_A_7_18_1_comp3+3_A_7_18_1_comp4+3_A_7_18_1_comp5+3_A_7_18_1_comp6+3_A_7_18_1_comp7,R_3_A_7_18_1,TCDB,TCDB.3_A_7_18_1_comp7
G_1_B_70_1_14_comp1,P_1_B_70_1_14_comp1,R_1_B_70_1_14,TCDB,TCDB.1_B_70_1_14_comp1
G_1_B_25_1_35_comp1,P_1_B_25_1_35_comp1,R_1_B_25_1_35,TCDB,TCDB.1_B_25_1_35_comp1
G_2_A_1_13_21_comp1,P_2_A_1_13_21_comp1,R_2_A_1_13_21,TCDB,TCDB.2_A_1_13_21_comp1
G_2_A_1_71_1_comp1,P_2_A_1_71_1_comp1,R_2_A_1_71_1,TCDB,TCDB.2_A_1_71_1_comp1
G_1_B_14_8_1_comp1,P_1_B_14_8_1_comp1,R_1_B_14_8_1,TCDB,TCDB.1_B_14_8_1_comp1
G_9_B_40_1_1_comp1,P_9_B_40_1_1_comp1,R_9_B_40_1_1,TCDB,TCDB.9_B_40_1_1_comp1
G_2_A_36_6_2_comp1,P_2_A_36_6_2_comp1,R_2_A_36_6_2,TCDB,TCDB.2_A_36_6_2_comp1
G_1_C_12_1_13_comp1,P_1_C_12_1_13_comp1,R_1_C_12_1_13,TCDB,TCDB.1_C_12_1_13_comp1
G_1_A_1_5_24_comp1,P_1_A_1_5_24_comp1,R_1_A_1_5_24,TCDB,TCDB.1_A_1_5_24_comp1
G_2_A_16_5_1_comp1,P_2_A_16_5_1_comp1,R_2_A_16_5_1,TCDB,TCDB.2_A_16_5_1_comp1
G_8_A_11_1_1_comp1,P_8_A_11_1_1_comp1,R_8_A_11_1_1,TCDB,TCDB.8_A_11_1_1_comp1
G_1_A_1_5_23_comp1,P_1_A_1_5_23_comp1,R_1_A_1_5_23,TCDB,TCDB.1_A_1_5_23_comp1
G_1_A_16_2_4_comp1,P_1_A_16_2_4_comp1,R_1_A_16_2_4,TCDB,TCDB.1_A_16_2_4_comp1
G_1_A_1_5_26_comp1,P_1_A_1_5_26_comp1,R_1_A_1_5_26,TCDB,TCDB.1_A_1_5_26_comp1
G_2_A_84_1_1_comp1,P_2_A_84_1_1_comp1,R_2_A_84_1_1,TCDB,TCDB.2_A_84_1_1_comp1
G_2_A_7_9_22_comp1,P_2_A_7_9_22_comp1,R_2_A_7_9_22,TCDB,TCDB.2_A_7_9_22_comp1
G_3_A_3_2_10_comp1,P_3_A_3_2_10_comp1,R_3_A_3_2_10,TCDB,TCDB.3_A_3_2_10_comp1
G_2_A_17_3_8_comp1,P_2_A_17_3_8_comp1,R_2_A_17_3_8,TCDB,TCDB.2_A_17_3_8_comp1
G_3_A_1_205_29_comp1,P_3_A_1_205_29_comp1,R_3_A_1_205_29,TCDB,TCDB.3_A_1_205_29_comp1
G_4_D_3_1_9_comp1,P_4_D_3_1_9_comp1,R_4_D_3_1_9,TCDB,TCDB.4_D_3_1_9_comp1
G_2_A_69_1_7_comp1,P_2_A_69_1_7_comp1,R_2_A_69_1_7,TCDB,TCDB.2_A_69_1_7_comp1
G_2_A_17_3_25_comp1,P_2_A_17_3_25_comp1,R_2_A_17_3_25,TCDB,TCDB.2_A_17_3_25_comp1
G_2_A_17_3_14_comp1,P_2_A_17_3_14_comp1,R_2_A_17_3_14,TCDB,TCDB.2_A_17_3_14_comp1
G_1_A_23_4_8_comp1,P_1_A_23_4_8_comp1,R_1_A_23_4_8,TCDB,TCDB.1_A_23_4_8_comp1
G_3_A_1_201_34_comp1,P_3_A_1_201_34_comp1,R_3_A_1_201_34,TCDB,TCDB.3_A_1_201_34_comp1
G_9_A_29_3_2_comp1,P_9_A_29_3_2_comp1,R_9_A_29_3_2,TCDB,TCDB.9_A_29_3_2_comp1
G_2_A_3_12_4_comp1,P_2_A_3_12_4_comp1,R_2_A_3_12_4,TCDB,TCDB.2_A_3_12_4_comp1
G_2_A_1_19_43_comp1,P_2_A_1_19_43_comp1,R_2_A_1_19_43,TCDB,TCDB.2_A_1_19_43_comp1
G_3_A_3_8_24_comp1,P_3_A_3_8_24_comp1,R_3_A_3_8_24,TCDB,TCDB.3_A_3_8_24_comp1
G_8_A_68_1_2_comp1,P_8_A_68_1_2_comp1,R_8_A_68_1_2,TCDB,TCDB.8_A_68_1_2_comp1
G_2_A_7_25_5_comp1,P_2_A_7_25_5_comp1,R_2_A_7_25_5,TCDB,TCDB.2_A_7_25_5_comp1
G_2_A_19_4_7_comp1,P_2_A_19_4_7_comp1,R_2_A_19_4_7,TCDB,TCDB.2_A_19_4_7_comp1
G_3_A_1_201_6_comp1,P_3_A_1_201_6_comp1,R_3_A_1_201_6,TCDB,TCDB.3_A_1_201_6_comp1
G_3_A_1_204_26_comp1,P_3_A_1_204_26_comp1,R_3_A_1_204_26,TCDB,TCDB.3_A_1_204_26_comp1
G_3_A_1_208_17_comp1,P_3_A_1_208_17_comp1,R_3_A_1_208_17,TCDB,TCDB.3_A_1_208_17_comp1
G_2_A_64_2_1_comp1,P_2_A_64_2_1_comp1+2_A_64_2_1_comp2+2_A_64_2_1_comp3,R_2_A_64_2_1,TCDB,TCDB.2_A_64_2_1_comp1
G_2_A_64_2_1_comp2,P_2_A_64_2_1_comp1+2_A_64_2_1_comp2+2_A_64_2_1_comp3,R_2_A_64_2_1,TCDB,TCDB.2_A_64_2_1_comp2
G_2_A_64_2_1_comp3,P_2_A_64_2_1_comp1+2_A_64_2_1_comp2+2_A_64_2_1_comp3,R_2_A_64_2_1,TCDB,TCDB.2_A_64_2_1_comp3
G_1_A_87_3_12_comp1,P_1_A_87_3_12_comp1,R_1_A_87_3_12,TCDB,TCDB.1_A_87_3_12_comp1
G_2_A_36_7_6_comp1,P_2_A_36_7_6_comp1,R_2_A_36_7_6,TCDB,TCDB.2_A_36_7_6_comp1
G_2_A_1_1_48_comp1,P_2_A_1_1_48_comp1,R_2_A_1_1_48,TCDB,TCDB.2_A_1_1_48_comp1
G_3_A_28_1_4_comp1,P_3_A_28_1_4_comp1,R_3_A_28_1_4,TCDB,TCDB.3_A_28_1_4_comp1
G_9_B_185_1_4_comp1,P_9_B_185_1_4_comp1,R_9_B_185_1_4,TCDB,TCDB.9_B_185_1_4_comp1
G_2_A_7_4_6_comp1,P_2_A_7_4_6_comp1,R_2_A_7_4_6,TCDB,TCDB.2_A_7_4_6_comp1
G_2_A_7_14_3_comp1,P_2_A_7_14_3_comp1,R_2_A_7_14_3,TCDB,TCDB.2_A_7_14_3_comp1
G_1_A_23_4_15_comp1,P_1_A_23_4_15_comp1,R_1_A_23_4_15,TCDB,TCDB.1_A_23_4_15_comp1
G_2_A_85_2_6_comp1,P_2_A_85_2_6_comp1,R_2_A_85_2_6,TCDB,TCDB.2_A_85_2_6_comp1
G_2_A_7_9_13_comp1,P_2_A_7_9_13_comp1,R_2_A_7_9_13,TCDB,TCDB.2_A_7_9_13_comp1
G_2_A_89_3_3_comp1,P_2_A_89_3_3_comp1,R_2_A_89_3_3,TCDB,TCDB.2_A_89_3_3_comp1
G_2_A_17_3_19_comp1,P_2_A_17_3_19_comp1,R_2_A_17_3_19,TCDB,TCDB.2_A_17_3_19_comp1
G_1_A_87_3_7_comp1,P_1_A_87_3_7_comp1,R_1_A_87_3_7,TCDB,TCDB.1_A_87_3_7_comp1
G_1_A_87_3_8_comp1,P_1_A_87_3_8_comp1,R_1_A_87_3_8,TCDB,TCDB.1_A_87_3_8_comp1
G_2_A_7_14_5_comp1,P_2_A_7_14_5_comp1,R_2_A_7_14_5,TCDB,TCDB.2_A_7_14_5_comp1
G_2_A_18_2_9_comp1,P_2_A_18_2_9_comp1,R_2_A_18_2_9,TCDB,TCDB.2_A_18_2_9_comp1
G_2_A_85_2_7_comp1,P_2_A_85_2_7_comp1,R_2_A_85_2_7,TCDB,TCDB.2_A_85_2_7_comp1
G_2_A_17_3_12_comp1,P_2_A_17_3_12_comp1,R_2_A_17_3_12,TCDB,TCDB.2_A_17_3_12_comp1
G_2_A_89_3_5_comp1,P_2_A_89_3_5_comp1,R_2_A_89_3_5,TCDB,TCDB.2_A_89_3_5_comp1
G_1_A_87_2_3_comp1,P_1_A_87_2_3_comp1,R_1_A_87_2_3,TCDB,TCDB.1_A_87_2_3_comp1
G_3_A_3_10_22_comp1,P_3_A_3_10_22_comp1,R_3_A_3_10_22,TCDB,TCDB.3_A_3_10_22_comp1
G_2_A_1_1_124_comp1,P_2_A_1_1_124_comp1,R_2_A_1_1_124,TCDB,TCDB.2_A_1_1_124_comp1
G_8_A_27_1_4_comp1,P_8_A_27_1_4_comp1,R_8_A_27_1_4,TCDB,TCDB.8_A_27_1_4_comp1
G_3_A_3_2_14_comp1,P_3_A_3_2_14_comp1,R_3_A_3_2_14,TCDB,TCDB.3_A_3_2_14_comp1
G_2_A_69_1_2_comp1,P_2_A_69_1_2_comp1,R_2_A_69_1_2,TCDB,TCDB.2_A_69_1_2_comp1
G_9_B_119_1_3_comp1,P_9_B_119_1_3_comp1,R_9_B_119_1_3,TCDB,TCDB.9_B_119_1_3_comp1
G_2_A_66_1_6_comp1,P_2_A_66_1_6_comp1,R_2_A_66_1_6,TCDB,TCDB.2_A_66_1_6_comp1
G_2_A_123_1_23_comp1,P_2_A_123_1_23_comp1,R_2_A_123_1_23,TCDB,TCDB.2_A_123_1_23_comp1
G_2_A_17_3_20_comp1,P_2_A_17_3_20_comp1,R_2_A_17_3_20,TCDB,TCDB.2_A_17_3_20_comp1
G_8_A_138_1_1_comp1,P_8_A_138_1_1_comp1,R_8_A_138_1_1,TCDB,TCDB.8_A_138_1_1_comp1
G_1_A_47_4_1_comp1,P_1_A_47_4_1_comp1,R_1_A_47_4_1,TCDB,TCDB.1_A_47_4_1_comp1
G_3_A_1_210_8_comp1,P_3_A_1_210_8_comp1,R_3_A_1_210_8,TCDB,TCDB.3_A_1_210_8_comp1
G_9_B_35_1_3_comp1,P_9_B_35_1_3_comp1,R_9_B_35_1_3,TCDB,TCDB.9_B_35_1_3_comp1
G_1_A_87_2_19_comp1,P_1_A_87_2_19_comp1,R_1_A_87_2_19,TCDB,TCDB.1_A_87_2_19_comp1
G_3_A_3_3_12_comp1,P_3_A_3_3_12_comp1,R_3_A_3_3_12,TCDB,TCDB.3_A_3_3_12_comp1
G_3_A_3_2_42_comp1,P_3_A_3_2_42_comp1,R_3_A_3_2_42,TCDB,TCDB.3_A_3_2_42_comp1
G_1_A_23_4_14_comp1,P_1_A_23_4_14_comp1,R_1_A_23_4_14,TCDB,TCDB.1_A_23_4_14_comp1
G_2_A_28_3_2_comp1,P_2_A_28_3_2_comp1,R_2_A_28_3_2,TCDB,TCDB.2_A_28_3_2_comp1
G_9_A_49_1_4_comp1,P_9_A_49_1_4_comp1,R_9_A_49_1_4,TCDB,TCDB.9_A_49_1_4_comp1
G_2_A_66_1_57_comp1,P_2_A_66_1_57_comp1,R_2_A_66_1_57,TCDB,TCDB.2_A_66_1_57_comp1
G_2_A_3_3_4_comp1,P_2_A_3_3_4_comp1,R_2_A_3_3_4,TCDB,TCDB.2_A_3_3_4_comp1
G_2_A_39_3_11_comp1,P_2_A_39_3_11_comp1,R_2_A_39_3_11,TCDB,TCDB.2_A_39_3_11_comp1
G_1_B_30_2_1_comp1,P_1_B_30_2_1_comp1,R_1_B_30_2_1,TCDB,TCDB.1_B_30_2_1_comp1
G_2_A_37_4_6_comp1,P_2_A_37_4_6_comp1,R_2_A_37_4_6,TCDB,TCDB.2_A_37_4_6_comp1
G_2_A_29_23_3_comp1,P_2_A_29_23_3_comp1,R_2_A_29_23_3,TCDB,TCDB.2_A_29_23_3_comp1
G_2_A_57_1_7_comp1,P_2_A_57_1_7_comp1,R_2_A_57_1_7,TCDB,TCDB.2_A_57_1_7_comp1
G_2_A_37_1_6_comp1,P_2_A_37_1_6_comp1,R_2_A_37_1_6,TCDB,TCDB.2_A_37_1_6_comp1
G_2_A_17_3_5_comp1,P_2_A_17_3_5_comp1,R_2_A_17_3_5,TCDB,TCDB.2_A_17_3_5_comp1
G_3_A_1_201_36_comp1,P_3_A_1_201_36_comp1,R_3_A_1_201_36,TCDB,TCDB.3_A_1_201_36_comp1
G_1_A_14_3_13_comp1,P_1_A_14_3_13_comp1,R_1_A_14_3_13,TCDB,TCDB.1_A_14_3_13_comp1
G_2_A_89_3_7_comp1,P_2_A_89_3_7_comp1,R_2_A_89_3_7,TCDB,TCDB.2_A_89_3_7_comp1
G_2_A_89_3_6_comp1,P_2_A_89_3_6_comp1,R_2_A_89_3_6,TCDB,TCDB.2_A_89_3_6_comp1
G_1_A_46_2_7_comp1,P_1_A_46_2_7_comp1,R_1_A_46_2_7,TCDB,TCDB.1_A_46_2_7_comp1
G_2_A_4_5_4_comp1,P_2_A_4_5_4_comp1,R_2_A_4_5_4,TCDB,TCDB.2_A_4_5_4_comp1
G_3_A_1_204_30_comp1,P_3_A_1_204_30_comp1,R_3_A_1_204_30,TCDB,TCDB.3_A_1_204_30_comp1
G_2_A_37_4_8_comp1,P_2_A_37_4_8_comp1,R_2_A_37_4_8,TCDB,TCDB.2_A_37_4_8_comp1
G_2_A_17_3_7_comp1,P_2_A_17_3_7_comp1,R_2_A_17_3_7,TCDB,TCDB.2_A_17_3_7_comp1
G_3_A_1_204_27_comp1,P_3_A_1_204_27_comp1,R_3_A_1_204_27,TCDB,TCDB.3_A_1_204_27_comp1
G_3_A_3_6_6_comp1,P_3_A_3_6_6_comp1,R_3_A_3_6_6,TCDB,TCDB.3_A_3_6_6_comp1
G_5_A_1_2_5_comp1,P_5_A_1_2_5_comp1,R_5_A_1_2_5,TCDB,TCDB.5_A_1_2_5_comp1
G_2_A_5_4_7_comp1,P_2_A_5_4_7_comp1,R_2_A_5_4_7,TCDB,TCDB.2_A_5_4_7_comp1
G_1_A_11_2_2_comp1,P_1_A_11_2_2_comp1,R_1_A_11_2_2,TCDB,TCDB.1_A_11_2_2_comp1
G_2_A_5_1_6_comp1,P_2_A_5_1_6_comp1,R_2_A_5_1_6,TCDB,TCDB.2_A_5_1_6_comp1
G_2_A_72_3_4_comp1,P_2_A_72_3_4_comp1,R_2_A_72_3_4,TCDB,TCDB.2_A_72_3_4_comp1
G_2_A_72_3_9_comp1,P_2_A_72_3_9_comp1,R_2_A_72_3_9,TCDB,TCDB.2_A_72_3_9_comp1
G_8_A_155_1_3_comp1,P_8_A_155_1_3_comp1,R_8_A_155_1_3,TCDB,TCDB.8_A_155_1_3_comp1
G_2_A_17_3_13_comp1,P_2_A_17_3_13_comp1,R_2_A_17_3_13,TCDB,TCDB.2_A_17_3_13_comp1
G_1_A_1_4_5_comp1,P_1_A_1_4_5_comp1,R_1_A_1_4_5,TCDB,TCDB.1_A_1_4_5_comp1
G_1_A_8_10_5_comp1,P_1_A_8_10_5_comp1,R_1_A_8_10_5,TCDB,TCDB.1_A_8_10_5_comp1
G_1_A_10_1_7_comp1,P_1_A_10_1_7_comp1,R_1_A_10_1_7,TCDB,TCDB.1_A_10_1_7_comp1
G_1_B_82_1_1_comp1,P_1_B_82_1_1_comp1,R_1_B_82_1_1,TCDB,TCDB.1_B_82_1_1_comp1
G_1_A_87_3_5_comp1,P_1_A_87_3_5_comp1,R_1_A_87_3_5,TCDB,TCDB.1_A_87_3_5_comp1
G_3_A_1_205_10_comp1,P_3_A_1_205_10_comp1,R_3_A_1_205_10,TCDB,TCDB.3_A_1_205_10_comp1
G_2_A_29_20_3_comp1,P_2_A_29_20_3_comp1,R_2_A_29_20_3,TCDB,TCDB.2_A_29_20_3_comp1
G_3_A_1_204_42_comp1,P_3_A_1_204_42_comp1,R_3_A_1_204_42,TCDB,TCDB.3_A_1_204_42_comp1
G_2_A_53_1_6_comp1,P_2_A_53_1_6_comp1,R_2_A_53_1_6,TCDB,TCDB.2_A_53_1_6_comp1
G_2_A_29_3_6_comp1,P_2_A_29_3_6_comp1,R_2_A_29_3_6,TCDB,TCDB.2_A_29_3_6_comp1
G_2_A_29_3_7_comp1,P_2_A_29_3_7_comp1,R_2_A_29_3_7,TCDB,TCDB.2_A_29_3_7_comp1
G_1_E_56_1_5_comp1,P_1_E_56_1_5_comp1,R_1_E_56_1_5,TCDB,TCDB.1_E_56_1_5_comp1
G_2_A_1_28_7_comp1,P_2_A_1_28_7_comp1,R_2_A_1_28_7,TCDB,TCDB.2_A_1_28_7_comp1
G_3_A_1_208_27_comp1,P_3_A_1_208_27_comp1,R_3_A_1_208_27,TCDB,TCDB.3_A_1_208_27_comp1
G_1_H_2_2_2_comp1,P_1_H_2_2_2_comp1,R_1_H_2_2_2,TCDB,TCDB.1_H_2_2_2_comp1
G_2_A_7_20_1_comp1,P_2_A_7_20_1_comp1,R_2_A_7_20_1,TCDB,TCDB.2_A_7_20_1_comp1
G_3_A_3_2_18_comp1,P_3_A_3_2_18_comp1,R_3_A_3_2_18,TCDB,TCDB.3_A_3_2_18_comp1
G_1_A_62_1_4_comp1,P_1_A_62_1_4_comp1,R_1_A_62_1_4,TCDB,TCDB.1_A_62_1_4_comp1
G_2_A_3_8_10_comp1,P_2_A_3_8_10_comp1,R_2_A_3_8_10,TCDB,TCDB.2_A_3_8_10_comp1
G_8_B_8_1_5_comp1,P_8_B_8_1_5_comp1,R_8_B_8_1_5,TCDB,TCDB.8_B_8_1_5_comp1
G_2_A_57_2_3_comp1,P_2_A_57_2_3_comp1,R_2_A_57_2_3,TCDB,TCDB.2_A_57_2_3_comp1
G_1_H_2_2_1_comp1,P_1_H_2_2_1_comp1,R_1_H_2_2_1,TCDB,TCDB.1_H_2_2_1_comp1
G_8_A_117_1_4_comp1,P_8_A_117_1_4_comp1,R_8_A_117_1_4,TCDB,TCDB.8_A_117_1_4_comp1
G_1_A_8_8_30_comp1,P_1_A_8_8_30_comp1,R_1_A_8_8_30,TCDB,TCDB.1_A_8_8_30_comp1
G_2_A_57_4_1_comp1,P_2_A_57_4_1_comp1,R_2_A_57_4_1,TCDB,TCDB.2_A_57_4_1_comp1
G_1_A_11_4_6_comp1,P_1_A_11_4_6_comp1,R_1_A_11_4_6,TCDB,TCDB.1_A_11_4_6_comp1
G_1_C_47_3_2_comp1,P_1_C_47_3_2_comp1,R_1_C_47_3_2,TCDB,TCDB.1_C_47_3_2_comp1
G_1_A_67_3_1_comp1,P_1_A_67_3_1_comp1,R_1_A_67_3_1,TCDB,TCDB.1_A_67_3_1_comp1
G_3_A_1_210_6_comp1,P_3_A_1_210_6_comp1,R_3_A_1_210_6,TCDB,TCDB.3_A_1_210_6_comp1
G_2_A_100_1_4_comp1,P_2_A_100_1_4_comp1,R_2_A_100_1_4,TCDB,TCDB.2_A_100_1_4_comp1
G_3_A_1_209_2_comp1,P_3_A_1_209_2_comp1,R_3_A_1_209_2,TCDB,TCDB.3_A_1_209_2_comp1
G_8_A_21_1_2_comp1,P_8_A_21_1_2_comp1,R_8_A_21_1_2,TCDB,TCDB.8_A_21_1_2_comp1
G_2_A_22_6_8_comp1,P_2_A_22_6_8_comp1,R_2_A_22_6_8,TCDB,TCDB.2_A_22_6_8_comp1
G_2_A_5_3_1_comp1,P_2_A_5_3_1_comp1,R_2_A_5_3_1,TCDB,TCDB.2_A_5_3_1_comp1
G_8_A_14_1_4_comp1,P_8_A_14_1_4_comp1,R_8_A_14_1_4,TCDB,TCDB.8_A_14_1_4_comp1
G_1_A_1_9_11_comp1,P_1_A_1_9_11_comp1,R_1_A_1_9_11,TCDB,TCDB.1_A_1_9_11_comp1
G_2_A_60_1_12_comp1,P_2_A_60_1_12_comp1,R_2_A_60_1_12,TCDB,TCDB.2_A_60_1_12_comp1
G_1_A_107_1_4_comp1,P_1_A_107_1_4_comp1,R_1_A_107_1_4,TCDB,TCDB.1_A_107_1_4_comp1
G_5_B_1_1_2_comp1,P_5_B_1_1_2_comp1,R_5_B_1_1_2,TCDB,TCDB.5_B_1_1_2_comp1
G_1_A_2_1_11_comp1,P_1_A_2_1_11_comp1,R_1_A_2_1_11,TCDB,TCDB.1_A_2_1_11_comp1
G_9_A_14_22_6_comp1,P_9_A_14_22_6_comp1,R_9_A_14_22_6,TCDB,TCDB.9_A_14_22_6_comp1
G_3_A_3_10_7_comp1,P_3_A_3_10_7_comp1,R_3_A_3_10_7,TCDB,TCDB.3_A_3_10_7_comp1
G_2_A_125_1_2_comp1,P_2_A_125_1_2_comp1,R_2_A_125_1_2,TCDB,TCDB.2_A_125_1_2_comp1
G_9_A_14_11_2_comp1,P_9_A_14_11_2_comp1,R_9_A_14_11_2,TCDB,TCDB.9_A_14_11_2_comp1
G_1_A_17_1_3_comp1,P_1_A_17_1_3_comp1,R_1_A_17_1_3,TCDB,TCDB.1_A_17_1_3_comp1
G_1_A_4_2_10_comp1,P_1_A_4_2_10_comp1,R_1_A_4_2_10,TCDB,TCDB.1_A_4_2_10_comp1
G_2_A_7_9_16_comp1,P_2_A_7_9_16_comp1,R_2_A_7_9_16,TCDB,TCDB.2_A_7_9_16_comp1
G_1_A_1_5_37_comp1,P_1_A_1_5_37_comp1,R_1_A_1_5_37,TCDB,TCDB.1_A_1_5_37_comp1
G_1_C_81_2_3_comp1,P_1_C_81_2_3_comp1,R_1_C_81_2_3,TCDB,TCDB.1_C_81_2_3_comp1
G_8_A_120_1_1_comp1,P_8_A_120_1_1_comp1,R_8_A_120_1_1,TCDB,TCDB.8_A_120_1_1_comp1
G_1_A_126_1_3_comp1,P_1_A_126_1_3_comp1,R_1_A_126_1_3,TCDB,TCDB.1_A_126_1_3_comp1
G_2_A_1_14_10_comp1,P_2_A_1_14_10_comp1,R_2_A_1_14_10,TCDB,TCDB.2_A_1_14_10_comp1
G_5_B_1_1_7_comp1,P_5_B_1_1_7_comp1,R_5_B_1_1_7,TCDB,TCDB.5_B_1_1_7_comp1
G_5_B_1_1_6_comp1,P_5_B_1_1_6_comp1,R_5_B_1_1_6,TCDB,TCDB.5_B_1_1_6_comp1
G_3_A_1_201_17_comp1,P_3_A_1_201_17_comp1,R_3_A_1_201_17,TCDB,TCDB.3_A_1_201_17_comp1
G_2_A_1_1_72_comp1,P_2_A_1_1_72_comp1,R_2_A_1_1_72,TCDB,TCDB.2_A_1_1_72_comp1
G_1_A_76_2_9_comp1,P_1_A_76_2_9_comp1,R_1_A_76_2_9,TCDB,TCDB.1_A_76_2_9_comp1
G_9_A_36_1_4_comp1,P_9_A_36_1_4_comp1,R_9_A_36_1_4,TCDB,TCDB.9_A_36_1_4_comp1
G_8_A_52_1_1_comp1,P_8_A_52_1_1_comp1,R_8_A_52_1_1,TCDB,TCDB.8_A_52_1_1_comp1
G_1_A_112_1_5_comp1,P_1_A_112_1_5_comp1,R_1_A_112_1_5,TCDB,TCDB.1_A_112_1_5_comp1
G_9_A_36_1_6_comp1,P_9_A_36_1_6_comp1,R_9_A_36_1_6,TCDB,TCDB.9_A_36_1_6_comp1
G_9_A_36_1_5_comp1,P_9_A_36_1_5_comp1,R_9_A_36_1_5,TCDB,TCDB.9_A_36_1_5_comp1
G_9_B_447_1_1_comp1,P_9_B_447_1_1_comp1,R_9_B_447_1_1,TCDB,TCDB.9_B_447_1_1_comp1
G_8_A_82_2_4_comp1,P_8_A_82_2_4_comp1,R_8_A_82_2_4,TCDB,TCDB.8_A_82_2_4_comp1
G_1_C_81_1_10_comp1,P_1_C_81_1_10_comp1,R_1_C_81_1_10,TCDB,TCDB.1_C_81_1_10_comp1
G_2_A_3_8_21_comp1,P_2_A_3_8_21_comp1,R_2_A_3_8_21,TCDB,TCDB.2_A_3_8_21_comp1
G_2_A_1_19_10_comp1,P_2_A_1_19_10_comp1,R_2_A_1_19_10,TCDB,TCDB.2_A_1_19_10_comp1
G_1_A_1_2_28_comp1,P_1_A_1_2_28_comp1,R_1_A_1_2_28,TCDB,TCDB.1_A_1_2_28_comp1
G_2_A_22_3_10_comp1,P_2_A_22_3_10_comp1,R_2_A_22_3_10,TCDB,TCDB.2_A_22_3_10_comp1
G_9_A_14_13_21_comp1,P_9_A_14_13_21_comp1,R_9_A_14_13_21,TCDB,TCDB.9_A_14_13_21_comp1
G_9_B_87_1_20_comp1,P_9_B_87_1_20_comp1,R_9_B_87_1_20,TCDB,TCDB.9_B_87_1_20_comp1
G_8_A_43_1_24_comp1,P_8_A_43_1_24_comp1,R_8_A_43_1_24,TCDB,TCDB.8_A_43_1_24_comp1
G_9_B_158_1_1_comp1,P_9_B_158_1_1_comp1,R_9_B_158_1_1,TCDB,TCDB.9_B_158_1_1_comp1
G_2_A_7_15_4_comp1,P_2_A_7_15_4_comp1,R_2_A_7_15_4,TCDB,TCDB.2_A_7_15_4_comp1
G_1_A_24_1_14_comp1,P_1_A_24_1_14_comp1,R_1_A_24_1_14,TCDB,TCDB.1_A_24_1_14_comp1
G_2_A_126_1_20_comp1,P_2_A_126_1_20_comp1,R_2_A_126_1_20,TCDB,TCDB.2_A_126_1_20_comp1
G_2_A_5_6_1_comp1,P_2_A_5_6_1_comp1,R_2_A_5_6_1,TCDB,TCDB.2_A_5_6_1_comp1
G_9_B_23_1_1_comp1,P_9_B_23_1_1_comp1,R_9_B_23_1_1,TCDB,TCDB.9_B_23_1_1_comp1
G_9_A_54_1_1_comp1,P_9_A_54_1_1_comp1,R_9_A_54_1_1,TCDB,TCDB.9_A_54_1_1_comp1
G_3_A_1_121_9_comp1,P_3_A_1_121_9_comp1,R_3_A_1_121_9,TCDB,TCDB.3_A_1_121_9_comp1
G_3_A_1_201_22_comp1,P_3_A_1_201_22_comp1,R_3_A_1_201_22,TCDB,TCDB.3_A_1_201_22_comp1
G_8_A_64_1_8_comp1,P_8_A_64_1_8_comp1,R_8_A_64_1_8,TCDB,TCDB.8_A_64_1_8_comp1
G_9_B_385_1_1_comp1,P_9_B_385_1_1_comp1,R_9_B_385_1_1,TCDB,TCDB.9_B_385_1_1_comp1
G_8_A_27_1_5_comp1,P_8_A_27_1_5_comp1,R_8_A_27_1_5,TCDB,TCDB.8_A_27_1_5_comp1
G_1_A_17_1_30_comp1,P_1_A_17_1_30_comp1,R_1_A_17_1_30,TCDB,TCDB.1_A_17_1_30_comp1
G_2_A_18_6_13_comp1,P_2_A_18_6_13_comp1,R_2_A_18_6_13,TCDB,TCDB.2_A_18_6_13_comp1
G_1_A_62_1_3_comp1,P_1_A_62_1_3_comp1,R_1_A_62_1_3,TCDB,TCDB.1_A_62_1_3_comp1
G_9_B_203_1_1_comp1,P_9_B_203_1_1_comp1,R_9_B_203_1_1,TCDB,TCDB.9_B_203_1_1_comp1
G_1_A_17_1_26_comp1,P_1_A_17_1_26_comp1,R_1_A_17_1_26,TCDB,TCDB.1_A_17_1_26_comp1
G_8_A_181_1_1_comp1,P_8_A_181_1_1_comp1,R_8_A_181_1_1,TCDB,TCDB.8_A_181_1_1_comp1
G_1_A_77_1_12_comp1,P_1_A_77_1_12_comp1,R_1_A_77_1_12,TCDB,TCDB.1_A_77_1_12_comp1
G_9_B_386_1_1_comp1,P_9_B_386_1_1_comp1,R_9_B_386_1_1,TCDB,TCDB.9_B_386_1_1_comp1
G_8_A_184_1_1_comp1,P_8_A_184_1_1_comp1,R_8_A_184_1_1,TCDB,TCDB.8_A_184_1_1_comp1
G_1_A_64_4_5_comp1,P_1_A_64_4_5_comp1,R_1_A_64_4_5,TCDB,TCDB.1_A_64_4_5_comp1
G_8_A_170_1_1_comp1,P_8_A_170_1_1_comp1,R_8_A_170_1_1,TCDB,TCDB.8_A_170_1_1_comp1
G_1_A_79_1_2_comp1,P_1_A_79_1_2_comp1,R_1_A_79_1_2,TCDB,TCDB.1_A_79_1_2_comp1
G_9_B_87_1_22_comp1,P_9_B_87_1_22_comp1,R_9_B_87_1_22,TCDB,TCDB.9_B_87_1_22_comp1
G_2_A_5_3_2_comp1,P_2_A_5_3_2_comp1,R_2_A_5_3_2,TCDB,TCDB.2_A_5_3_2_comp1
G_8_A_16_2_9_comp1,P_8_A_16_2_9_comp1,R_8_A_16_2_9,TCDB,TCDB.8_A_16_2_9_comp1
G_1_A_6_1_11_comp1,P_1_A_6_1_11_comp1,R_1_A_6_1_11,TCDB,TCDB.1_A_6_1_11_comp1
G_8_A_18_2_1_comp1,P_8_A_18_2_1_comp1,R_8_A_18_2_1,TCDB,TCDB.8_A_18_2_1_comp1
G_2_A_1_1_89_comp1,P_2_A_1_1_89_comp1,R_2_A_1_1_89,TCDB,TCDB.2_A_1_1_89_comp1
G_2_A_21_3_18_comp1,P_2_A_21_3_18_comp1,R_2_A_21_3_18,TCDB,TCDB.2_A_21_3_18_comp1
G_2_A_60_1_15_comp1,P_2_A_60_1_15_comp1,R_2_A_60_1_15,TCDB,TCDB.2_A_60_1_15_comp1
G_8_A_221_1_1_comp1,P_8_A_221_1_1_comp1,R_8_A_221_1_1,TCDB,TCDB.8_A_221_1_1_comp1
G_9_A_14_6_4_comp1,P_9_A_14_6_4_comp1,R_9_A_14_6_4,TCDB,TCDB.9_A_14_6_4_comp1
G_2_A_29_5_7_comp1,P_2_A_29_5_7_comp1,R_2_A_29_5_7,TCDB,TCDB.2_A_29_5_7_comp1
G_9_B_278_1_3_comp1,P_9_B_278_1_3_comp1,R_9_B_278_1_3,TCDB,TCDB.9_B_278_1_3_comp1
G_8_A_117_1_6_comp1,P_8_A_117_1_6_comp1,R_8_A_117_1_6,TCDB,TCDB.8_A_117_1_6_comp1
G_8_A_218_1_1_comp1,P_8_A_218_1_1_comp1,R_8_A_218_1_1,TCDB,TCDB.8_A_218_1_1_comp1
G_8_A_82_2_6_comp1,P_8_A_82_2_6_comp1,R_8_A_82_2_6,TCDB,TCDB.8_A_82_2_6_comp1
G_8_A_23_1_57_comp1,P_8_A_23_1_57_comp1,R_8_A_23_1_57,TCDB,TCDB.8_A_23_1_57_comp1
G_2_A_29_25_1_comp1,P_2_A_29_25_1_comp1,R_2_A_29_25_1,TCDB,TCDB.2_A_29_25_1_comp1
G_1_F_1_2_2_comp1,P_1_F_1_2_2_comp1,R_1_F_1_2_2,TCDB,TCDB.1_F_1_2_2_comp1
G_8_A_23_5_1_comp1,P_8_A_23_5_1_comp1,R_8_A_23_5_1,TCDB,TCDB.8_A_23_5_1_comp1
G_1_A_4_5_3_comp1,P_1_A_4_5_3_comp1,R_1_A_4_5_3,TCDB,TCDB.1_A_4_5_3_comp1
G_8_A_43_1_27_comp1,P_8_A_43_1_27_comp1,R_8_A_43_1_27,TCDB,TCDB.8_A_43_1_27_comp1
G_8_A_82_1_11_comp1,P_8_A_82_1_11_comp1,R_8_A_82_1_11,TCDB,TCDB.8_A_82_1_11_comp1
G_9_B_87_1_36_comp1,P_9_B_87_1_36_comp1,R_9_B_87_1_36,TCDB,TCDB.9_B_87_1_36_comp1
G_1_A_1_2_5_comp1,P_1_A_1_2_5_comp1,R_1_A_1_2_5,TCDB,TCDB.1_A_1_2_5_comp1
G_8_A_159_1_3_comp1,P_8_A_159_1_3_comp1,R_8_A_159_1_3,TCDB,TCDB.8_A_159_1_3_comp1
G_2_A_126_1_18_comp1,P_2_A_126_1_18_comp1,R_2_A_126_1_18,TCDB,TCDB.2_A_126_1_18_comp1
G_8_A_123_1_1_comp1,P_8_A_123_1_1_comp1,R_8_A_123_1_1,TCDB,TCDB.8_A_123_1_1_comp1
G_1_A_1_11_7_comp1,P_1_A_1_11_7_comp1,R_1_A_1_11_7,TCDB,TCDB.1_A_1_11_7_comp1
G_1_A_17_5_12_comp1,P_1_A_17_5_12_comp1,R_1_A_17_5_12,TCDB,TCDB.1_A_17_5_12_comp1
G_3_A_3_8_25_comp1,P_3_A_3_8_25_comp1,R_3_A_3_8_25,TCDB,TCDB.3_A_3_8_25_comp1
G_8_A_56_1_5_comp1,P_8_A_56_1_5_comp1,R_8_A_56_1_5,TCDB,TCDB.8_A_56_1_5_comp1
G_2_A_1_14_30_comp1,P_2_A_1_14_30_comp1,R_2_A_1_14_30,TCDB,TCDB.2_A_1_14_30_comp1
G_2_A_1_14_31_comp1,P_2_A_1_14_31_comp1,R_2_A_1_14_31,TCDB,TCDB.2_A_1_14_31_comp1
G_2_A_17_2_1_comp1,P_2_A_17_2_1_comp1,R_2_A_17_2_1,TCDB,TCDB.2_A_17_2_1_comp1
G_2_A_1_1_112_comp1,P_2_A_1_1_112_comp1,R_2_A_1_1_112,TCDB,TCDB.2_A_1_1_112_comp1
G_1_A_88_1_6_comp1,P_1_A_88_1_6_comp1,R_1_A_88_1_6,TCDB,TCDB.1_A_88_1_6_comp1
G_3_A_1_208_28_comp1,P_3_A_1_208_28_comp1,R_3_A_1_208_28,TCDB,TCDB.3_A_1_208_28_comp1
G_2_A_89_3_8_comp1,P_2_A_89_3_8_comp1,R_2_A_89_3_8,TCDB,TCDB.2_A_89_3_8_comp1
G_9_B_63_1_2_comp1,P_9_B_63_1_2_comp1,R_9_B_63_1_2,TCDB,TCDB.9_B_63_1_2_comp1
G_1_A_56_2_2_comp1,P_1_A_56_2_2_comp1,R_1_A_56_2_2,TCDB,TCDB.1_A_56_2_2_comp1
G_2_A_108_1_3_comp1,P_2_A_108_1_3_comp1,R_2_A_108_1_3,TCDB,TCDB.2_A_108_1_3_comp1
G_2_A_108_1_2_comp1,P_2_A_108_1_2_comp1,R_2_A_108_1_2,TCDB,TCDB.2_A_108_1_2_comp1
G_9_B_213_1_2_comp1,P_9_B_213_1_2_comp1,R_9_B_213_1_2,TCDB,TCDB.9_B_213_1_2_comp1
G_2_A_36_4_4_comp1,P_2_A_36_4_4_comp1,R_2_A_36_4_4,TCDB,TCDB.2_A_36_4_4_comp1
G_1_A_43_1_11_comp1,P_1_A_43_1_11_comp1,R_1_A_43_1_11,TCDB,TCDB.1_A_43_1_11_comp1
G_9_B_159_2_3_comp1,P_9_B_159_2_3_comp1,R_9_B_159_2_3,TCDB,TCDB.9_B_159_2_3_comp1
G_9_B_159_5_1_comp1,P_9_B_159_5_1_comp1,R_9_B_159_5_1,TCDB,TCDB.9_B_159_5_1_comp1
G_1_C_57_2_2_comp1,P_1_C_57_2_2_comp1,R_1_C_57_2_2,TCDB,TCDB.1_C_57_2_2_comp1
G_1_C_39_12_1_comp1,P_1_C_39_12_1_comp1,R_1_C_39_12_1,TCDB,TCDB.1_C_39_12_1_comp1
G_3_A_1_112_6_comp1,P_3_A_1_112_6_comp1,R_3_A_1_112_6,TCDB,TCDB.3_A_1_112_6_comp1
G_1_C_46_1_2_comp1,P_1_C_46_1_2_comp1,R_1_C_46_1_2,TCDB,TCDB.1_C_46_1_2_comp1
G_9_A_14_7_7_comp1,P_9_A_14_7_7_comp1,R_9_A_14_7_7,TCDB,TCDB.9_A_14_7_7_comp1
G_1_A_85_1_1_comp1,P_1_A_85_1_1_comp1,R_1_A_85_1_1,TCDB,TCDB.1_A_85_1_1_comp1
G_1_G_2_1_5_comp1,P_1_G_2_1_5_comp1,R_1_G_2_1_5,TCDB,TCDB.1_G_2_1_5_comp1
G_1_A_97_1_5_comp1,P_1_A_97_1_5_comp1,R_1_A_97_1_5,TCDB,TCDB.1_A_97_1_5_comp1
G_8_A_23_1_65_comp1,P_8_A_23_1_65_comp1,R_8_A_23_1_65,TCDB,TCDB.8_A_23_1_65_comp1
G_2_A_60_1_8_comp1,P_2_A_60_1_8_comp1,R_2_A_60_1_8,TCDB,TCDB.2_A_60_1_8_comp1
G_2_A_7_12_8_comp1,P_2_A_7_12_8_comp1,R_2_A_7_12_8,TCDB,TCDB.2_A_7_12_8_comp1
G_2_A_3_8_7_comp1,P_2_A_3_8_7_comp1,R_2_A_3_8_7,TCDB,TCDB.2_A_3_8_7_comp1
G_2_A_1_19_19_comp1,P_2_A_1_19_19_comp1,R_2_A_1_19_19,TCDB,TCDB.2_A_1_19_19_comp1
G_1_A_6_1_3_comp1,P_1_A_6_1_3_comp1,R_1_A_6_1_3,TCDB,TCDB.1_A_6_1_3_comp1
G_2_A_53_2_4_comp1,P_2_A_53_2_4_comp1,R_2_A_53_2_4,TCDB,TCDB.2_A_53_2_4_comp1
G_1_A_4_2_7_comp1,P_1_A_4_2_7_comp1,R_1_A_4_2_7,TCDB,TCDB.1_A_4_2_7_comp1
G_2_A_31_2_1_comp1,P_2_A_31_2_1_comp1,R_2_A_31_2_1,TCDB,TCDB.2_A_31_2_1_comp1
G_2_A_1_19_7_comp1,P_2_A_1_19_7_comp1,R_2_A_1_19_7,TCDB,TCDB.2_A_1_19_7_comp1
G_1_B_49_1_2_comp1,P_1_B_49_1_2_comp1,R_1_B_49_1_2,TCDB,TCDB.1_B_49_1_2_comp1
G_9_A_59_1_2_comp1,P_9_A_59_1_2_comp1,R_9_A_59_1_2,TCDB,TCDB.9_A_59_1_2_comp1
G_2_A_1_8_3_comp1,P_2_A_1_8_3_comp1,R_2_A_1_8_3,TCDB,TCDB.2_A_1_8_3_comp1
G_3_A_1_21_1_comp1,P_3_A_1_21_1_comp1+3_A_1_21_1_comp2,R_3_A_1_21_1,TCDB,TCDB.3_A_1_21_1_comp1
G_3_A_1_21_1_comp2,P_3_A_1_21_1_comp1+3_A_1_21_1_comp2,R_3_A_1_21_1,TCDB,TCDB.3_A_1_21_1_comp2
G_3_A_1_1_17_comp1,P_3_A_1_1_17_comp1+3_A_1_1_17_comp2+3_A_1_1_17_comp3+3_A_1_1_17_comp4,R_3_A_1_1_17,TCDB,TCDB.3_A_1_1_17_comp1
G_3_A_1_1_17_comp2,P_3_A_1_1_17_comp1+3_A_1_1_17_comp2+3_A_1_1_17_comp3+3_A_1_1_17_comp4,R_3_A_1_1_17,TCDB,TCDB.3_A_1_1_17_comp2
G_3_A_1_1_17_comp3,P_3_A_1_1_17_comp1+3_A_1_1_17_comp2+3_A_1_1_17_comp3+3_A_1_1_17_comp4,R_3_A_1_1_17,TCDB,TCDB.3_A_1_1_17_comp3
G_3_A_1_1_17_comp4,P_3_A_1_1_17_comp1+3_A_1_1_17_comp2+3_A_1_1_17_comp3+3_A_1_1_17_comp4,R_3_A_1_1_17,TCDB,TCDB.3_A_1_1_17_comp4
G_1_B_9_2_2_comp1,P_1_B_9_2_2_comp1,R_1_B_9_2_2,TCDB,TCDB.1_B_9_2_2_comp1
G_2_A_1_8_14_comp1,P_2_A_1_8_14_comp1,R_2_A_1_8_14,TCDB,TCDB.2_A_1_8_14_comp1
G_2_A_1_8_9_comp1,P_2_A_1_8_9_comp1,R_2_A_1_8_9,TCDB,TCDB.2_A_1_8_9_comp1
G_2_A_1_8_8_comp1,P_2_A_1_8_8_comp1,R_2_A_1_8_8,TCDB,TCDB.2_A_1_8_8_comp1
G_1_B_9_3_1_comp1,P_1_B_9_3_1_comp1,R_1_B_9_3_1,TCDB,TCDB.1_B_9_3_1_comp1
G_4_D_3_1_12_comp1,P_4_D_3_1_12_comp1,R_4_D_3_1_12,TCDB,TCDB.4_D_3_1_12_comp1
G_2_A_56_3_2_comp1,P_2_A_56_3_2_comp1+2_A_56_3_2_comp2+2_A_56_3_2_comp3,R_2_A_56_3_2,TCDB,TCDB.2_A_56_3_2_comp1
G_2_A_56_3_2_comp2,P_2_A_56_3_2_comp1+2_A_56_3_2_comp2+2_A_56_3_2_comp3,R_2_A_56_3_2,TCDB,TCDB.2_A_56_3_2_comp2
G_2_A_56_3_2_comp3,P_2_A_56_3_2_comp1+2_A_56_3_2_comp2+2_A_56_3_2_comp3,R_2_A_56_3_2,TCDB,TCDB.2_A_56_3_2_comp3
G_1_B_9_2_3_comp1,P_1_B_9_2_3_comp1,R_1_B_9_2_3,TCDB,TCDB.1_B_9_2_3_comp1
G_2_A_6_2_41_comp1,P_2_A_6_2_41_comp1+2_A_6_2_41_comp2+2_A_6_2_41_comp3,R_2_A_6_2_41,TCDB,TCDB.2_A_6_2_41_comp1
G_2_A_6_2_41_comp2,P_2_A_6_2_41_comp1+2_A_6_2_41_comp2+2_A_6_2_41_comp3,R_2_A_6_2_41,TCDB,TCDB.2_A_6_2_41_comp2
G_2_A_6_2_41_comp3,P_2_A_6_2_41_comp1+2_A_6_2_41_comp2+2_A_6_2_41_comp3,R_2_A_6_2_41,TCDB,TCDB.2_A_6_2_41_comp3
G_2_A_9_3_5_comp1,P_2_A_9_3_5_comp1,R_2_A_9_3_5,TCDB,TCDB.2_A_9_3_5_comp1
G_3_A_1_14_6_comp1,P_3_A_1_14_6_comp1+3_A_1_14_6_comp2+3_A_1_14_6_comp3+3_A_1_14_6_comp4,R_3_A_1_14_6,TCDB,TCDB.3_A_1_14_6_comp1
G_3_A_1_14_6_comp2,P_3_A_1_14_6_comp1+3_A_1_14_6_comp2+3_A_1_14_6_comp3+3_A_1_14_6_comp4,R_3_A_1_14_6,TCDB,TCDB.3_A_1_14_6_comp2
G_3_A_1_14_6_comp3,P_3_A_1_14_6_comp1+3_A_1_14_6_comp2+3_A_1_14_6_comp3+3_A_1_14_6_comp4,R_3_A_1_14_6,TCDB,TCDB.3_A_1_14_6_comp3
G_3_A_1_14_6_comp4,P_3_A_1_14_6_comp1+3_A_1_14_6_comp2+3_A_1_14_6_comp3+3_A_1_14_6_comp4,R_3_A_1_14_6,TCDB,TCDB.3_A_1_14_6_comp4
G_2_A_85_9_1_comp1,P_2_A_85_9_1_comp1,R_2_A_85_9_1,TCDB,TCDB.2_A_85_9_1_comp1
G_2_A_121_1_2_comp1,P_2_A_121_1_2_comp1,R_2_A_121_1_2,TCDB,TCDB.2_A_121_1_2_comp1
G_1_C_36_4_1_comp1,P_1_C_36_4_1_comp1+1_C_36_4_1_comp2,R_1_C_36_4_1,TCDB,TCDB.1_C_36_4_1_comp1
G_1_C_36_4_1_comp2,P_1_C_36_4_1_comp1+1_C_36_4_1_comp2,R_1_C_36_4_1,TCDB,TCDB.1_C_36_4_1_comp2
G_9_B_83_1_1_comp1,P_9_B_83_1_1_comp1,R_9_B_83_1_1,TCDB,TCDB.9_B_83_1_1_comp1
G_4_A_6_1_26_comp1,P_4_A_6_1_26_comp1+4_A_6_1_26_comp2+4_A_6_1_26_comp3+4_A_6_1_26_comp4,R_4_A_6_1_26,TCDB,TCDB.4_A_6_1_26_comp1
G_4_A_6_1_26_comp2,P_4_A_6_1_26_comp1+4_A_6_1_26_comp2+4_A_6_1_26_comp3+4_A_6_1_26_comp4,R_4_A_6_1_26,TCDB,TCDB.4_A_6_1_26_comp2
G_4_A_6_1_26_comp3,P_4_A_6_1_26_comp1+4_A_6_1_26_comp2+4_A_6_1_26_comp3+4_A_6_1_26_comp4,R_4_A_6_1_26,TCDB,TCDB.4_A_6_1_26_comp3
G_4_A_6_1_26_comp4,P_4_A_6_1_26_comp1+4_A_6_1_26_comp2+4_A_6_1_26_comp3+4_A_6_1_26_comp4,R_4_A_6_1_26,TCDB,TCDB.4_A_6_1_26_comp4
G_3_A_1_110_9_comp1,P_3_A_1_110_9_comp1,R_3_A_1_110_9,TCDB,TCDB.3_A_1_110_9_comp1
G_1_E_2_1_4_comp1,P_1_E_2_1_4_comp1,R_1_E_2_1_4,TCDB,TCDB.1_E_2_1_4_comp1
G_2_A_7_35_2_comp1,P_2_A_7_35_2_comp1,R_2_A_7_35_2,TCDB,TCDB.2_A_7_35_2_comp1
G_3_A_3_25_1_comp1,P_3_A_3_25_1_comp1,R_3_A_3_25_1,TCDB,TCDB.3_A_3_25_1_comp1
G_2_A_20_1_6_comp1,P_2_A_20_1_6_comp1,R_2_A_20_1_6,TCDB,TCDB.2_A_20_1_6_comp1
G_2_A_66_11_1_comp1,P_2_A_66_11_1_comp1,R_2_A_66_11_1,TCDB,TCDB.2_A_66_11_1_comp1
G_3_A_1_14_13_comp1,P_3_A_1_14_13_comp1+3_A_1_14_13_comp2+3_A_1_14_13_comp3+3_A_1_14_13_comp4,R_3_A_1_14_13,TCDB,TCDB.3_A_1_14_13_comp1
G_3_A_1_14_13_comp2,P_3_A_1_14_13_comp1+3_A_1_14_13_comp2+3_A_1_14_13_comp3+3_A_1_14_13_comp4,R_3_A_1_14_13,TCDB,TCDB.3_A_1_14_13_comp2
G_3_A_1_14_13_comp3,P_3_A_1_14_13_comp1+3_A_1_14_13_comp2+3_A_1_14_13_comp3+3_A_1_14_13_comp4,R_3_A_1_14_13,TCDB,TCDB.3_A_1_14_13_comp3
G_3_A_1_14_13_comp4,P_3_A_1_14_13_comp1+3_A_1_14_13_comp2+3_A_1_14_13_comp3+3_A_1_14_13_comp4,R_3_A_1_14_13,TCDB,TCDB.3_A_1_14_13_comp4
G_3_A_1_119_4_comp1,P_3_A_1_119_4_comp1,R_3_A_1_119_4,TCDB,TCDB.3_A_1_119_4_comp1
G_3_A_1_119_5_comp1,P_3_A_1_119_5_comp1,R_3_A_1_119_5,TCDB,TCDB.3_A_1_119_5_comp1
G_1_A_62_3_2_comp1,P_1_A_62_3_2_comp1,R_1_A_62_3_2,TCDB,TCDB.1_A_62_3_2_comp1
G_2_A_1_72_1_comp1,P_2_A_1_72_1_comp1,R_2_A_1_72_1,TCDB,TCDB.2_A_1_72_1_comp1
G_1_C_64_1_1_comp1,P_1_C_64_1_1_comp1,R_1_C_64_1_1,TCDB,TCDB.1_C_64_1_1_comp1
G_2_A_6_1_13_comp1,P_2_A_6_1_13_comp1+2_A_6_1_13_comp2+2_A_6_1_13_comp3,R_2_A_6_1_13,TCDB,TCDB.2_A_6_1_13_comp1
G_2_A_6_1_13_comp2,P_2_A_6_1_13_comp1+2_A_6_1_13_comp2+2_A_6_1_13_comp3,R_2_A_6_1_13,TCDB,TCDB.2_A_6_1_13_comp2
G_2_A_6_1_13_comp3,P_2_A_6_1_13_comp1+2_A_6_1_13_comp2+2_A_6_1_13_comp3,R_2_A_6_1_13,TCDB,TCDB.2_A_6_1_13_comp3
G_1_B_24_1_1_comp1,P_1_B_24_1_1_comp1,R_1_B_24_1_1,TCDB,TCDB.1_B_24_1_1_comp1
G_1_A_77_3_17_comp1,P_1_A_77_3_17_comp1,R_1_A_77_3_17,TCDB,TCDB.1_A_77_3_17_comp1
G_4_A_2_1_16_comp1,P_4_A_2_1_16_comp1,R_4_A_2_1_16,TCDB,TCDB.4_A_2_1_16_comp1
G_2_A_1_14_8_comp1,P_2_A_1_14_8_comp1,R_2_A_1_14_8,TCDB,TCDB.2_A_1_14_8_comp1
G_2_A_1_14_9_comp1,P_2_A_1_14_9_comp1,R_2_A_1_14_9,TCDB,TCDB.2_A_1_14_9_comp1
G_9_B_142_13_1_comp1,P_9_B_142_13_1_comp1,R_9_B_142_13_1,TCDB,TCDB.9_B_142_13_1_comp1
G_3_A_1_12_5_comp1,P_3_A_1_12_5_comp1+3_A_1_12_5_comp2,R_3_A_1_12_5,TCDB,TCDB.3_A_1_12_5_comp1
G_3_A_1_12_5_comp2,P_3_A_1_12_5_comp1+3_A_1_12_5_comp2,R_3_A_1_12_5,TCDB,TCDB.3_A_1_12_5_comp2
G_2_A_1_3_20_comp1,P_2_A_1_3_20_comp1,R_2_A_1_3_20,TCDB,TCDB.2_A_1_3_20_comp1
G_8_A_1_1_2_comp1,P_8_A_1_1_2_comp1,R_8_A_1_1_2,TCDB,TCDB.8_A_1_1_2_comp1
G_1_E_43_1_7_comp1,P_1_E_43_1_7_comp1,R_1_E_43_1_7,TCDB,TCDB.1_E_43_1_7_comp1
G_2_A_1_3_67_comp1,P_2_A_1_3_67_comp1,R_2_A_1_3_67,TCDB,TCDB.2_A_1_3_67_comp1
G_1_B_77_1_8_comp1,P_1_B_77_1_8_comp1,R_1_B_77_1_8,TCDB,TCDB.1_B_77_1_8_comp1
G_2_A_115_2_15_comp1,P_2_A_115_2_15_comp1,R_2_A_115_2_15,TCDB,TCDB.2_A_115_2_15_comp1
G_2_A_55_3_7_comp1,P_2_A_55_3_7_comp1,R_2_A_55_3_7,TCDB,TCDB.2_A_55_3_7_comp1
G_1_A_78_2_4_comp1,P_1_A_78_2_4_comp1,R_1_A_78_2_4,TCDB,TCDB.1_A_78_2_4_comp1
G_2_A_1_63_3_comp1,P_2_A_1_63_3_comp1,R_2_A_1_63_3,TCDB,TCDB.2_A_1_63_3_comp1
G_9_B_62_3_3_comp1,P_9_B_62_3_3_comp1,R_9_B_62_3_3,TCDB,TCDB.9_B_62_3_3_comp1
G_4_A_2_1_18_comp1,P_4_A_2_1_18_comp1,R_4_A_2_1_18,TCDB,TCDB.4_A_2_1_18_comp1
G_1_B_11_8_1_comp1,P_1_B_11_8_1_comp1,R_1_B_11_8_1,TCDB,TCDB.1_B_11_8_1_comp1
G_1_B_22_7_1_comp1,P_1_B_22_7_1_comp1,R_1_B_22_7_1,TCDB,TCDB.1_B_22_7_1_comp1
G_5_A_3_8_1_comp1,P_5_A_3_8_1_comp1+5_A_3_8_1_comp2+5_A_3_8_1_comp3,R_5_A_3_8_1,TCDB,TCDB.5_A_3_8_1_comp1
G_5_A_3_8_1_comp2,P_5_A_3_8_1_comp1+5_A_3_8_1_comp2+5_A_3_8_1_comp3,R_5_A_3_8_1,TCDB,TCDB.5_A_3_8_1_comp2
G_5_A_3_8_1_comp3,P_5_A_3_8_1_comp1+5_A_3_8_1_comp2+5_A_3_8_1_comp3,R_5_A_3_8_1,TCDB,TCDB.5_A_3_8_1_comp3
G_2_A_33_1_6_comp1,P_2_A_33_1_6_comp1,R_2_A_33_1_6,TCDB,TCDB.2_A_33_1_6_comp1
G_1_C_109_1_2_comp1,P_1_C_109_1_2_comp1,R_1_C_109_1_2,TCDB,TCDB.1_C_109_1_2_comp1
G_2_A_11_1_4_comp1,P_2_A_11_1_4_comp1,R_2_A_11_1_4,TCDB,TCDB.2_A_11_1_4_comp1
G_2_A_1_74_1_comp1,P_2_A_1_74_1_comp1,R_2_A_1_74_1,TCDB,TCDB.2_A_1_74_1_comp1
G_2_A_3_15_5_comp1,P_2_A_3_15_5_comp1,R_2_A_3_15_5,TCDB,TCDB.2_A_3_15_5_comp1
G_4_A_1_1_20_comp1,P_4_A_1_1_20_comp1+4_A_1_1_20_comp2,R_4_A_1_1_20,TCDB,TCDB.4_A_1_1_20_comp1
G_4_A_1_1_20_comp2,P_4_A_1_1_20_comp1+4_A_1_1_20_comp2,R_4_A_1_1_20,TCDB,TCDB.4_A_1_1_20_comp2
G_9_B_148_1_11_comp1,P_9_B_148_1_11_comp1,R_9_B_148_1_11,TCDB,TCDB.9_B_148_1_11_comp1
G_1_A_23_7_1_comp1,P_1_A_23_7_1_comp1,R_1_A_23_7_1,TCDB,TCDB.1_A_23_7_1_comp1
G_1_B_27_1_12_comp1,P_1_B_27_1_12_comp1,R_1_B_27_1_12,TCDB,TCDB.1_B_27_1_12_comp1
G_2_A_1_2_18_comp1,P_2_A_1_2_18_comp1,R_2_A_1_2_18,TCDB,TCDB.2_A_1_2_18_comp1
G_2_A_1_20_4_comp1,P_2_A_1_20_4_comp1,R_2_A_1_20_4,TCDB,TCDB.2_A_1_20_4_comp1
G_1_B_6_1_6_comp1,P_1_B_6_1_6_comp1,R_1_B_6_1_6,TCDB,TCDB.1_B_6_1_6_comp1
G_1_A_28_2_1_comp1,P_1_A_28_2_1_comp1,R_1_A_28_2_1,TCDB,TCDB.1_A_28_2_1_comp1
G_3_A_1_22_1_comp1,P_3_A_1_22_1_comp1+3_A_1_22_1_comp2+3_A_1_22_1_comp3+3_A_1_22_1_comp4,R_3_A_1_22_1,TCDB,TCDB.3_A_1_22_1_comp1
G_3_A_1_22_1_comp2,P_3_A_1_22_1_comp1+3_A_1_22_1_comp2+3_A_1_22_1_comp3+3_A_1_22_1_comp4,R_3_A_1_22_1,TCDB,TCDB.3_A_1_22_1_comp2
G_3_A_1_22_1_comp3,P_3_A_1_22_1_comp1+3_A_1_22_1_comp2+3_A_1_22_1_comp3+3_A_1_22_1_comp4,R_3_A_1_22_1,TCDB,TCDB.3_A_1_22_1_comp3
G_3_A_1_22_1_comp4,P_3_A_1_22_1_comp1+3_A_1_22_1_comp2+3_A_1_22_1_comp3+3_A_1_22_1_comp4,R_3_A_1_22_1,TCDB,TCDB.3_A_1_22_1_comp4
G_2_A_67_3_1_comp1,P_2_A_67_3_1_comp1,R_2_A_67_3_1,TCDB,TCDB.2_A_67_3_1_comp1
G_1_E_20_1_1_comp1,P_1_E_20_1_1_comp1,R_1_E_20_1_1,TCDB,TCDB.1_E_20_1_1_comp1
G_3_A_10_1_4_comp1,P_3_A_10_1_4_comp1,R_3_A_10_1_4,TCDB,TCDB.3_A_10_1_4_comp1
G_3_A_1_1_22_comp1,P_3_A_1_1_22_comp1+3_A_1_1_22_comp2+3_A_1_1_22_comp3+3_A_1_1_22_comp4+3_A_1_1_22_comp5+3_A_1_1_22_comp6,R_3_A_1_1_22,TCDB,TCDB.3_A_1_1_22_comp1
G_3_A_1_1_22_comp2,P_3_A_1_1_22_comp1+3_A_1_1_22_comp2+3_A_1_1_22_comp3+3_A_1_1_22_comp4+3_A_1_1_22_comp5+3_A_1_1_22_comp6,R_3_A_1_1_22,TCDB,TCDB.3_A_1_1_22_comp2
G_3_A_1_1_22_comp3,P_3_A_1_1_22_comp1+3_A_1_1_22_comp2+3_A_1_1_22_comp3+3_A_1_1_22_comp4+3_A_1_1_22_comp5+3_A_1_1_22_comp6,R_3_A_1_1_22,TCDB,TCDB.3_A_1_1_22_comp3
G_3_A_1_1_22_comp4,P_3_A_1_1_22_comp1+3_A_1_1_22_comp2+3_A_1_1_22_comp3+3_A_1_1_22_comp4+3_A_1_1_22_comp5+3_A_1_1_22_comp6,R_3_A_1_1_22,TCDB,TCDB.3_A_1_1_22_comp4
G_3_A_1_1_22_comp5,P_3_A_1_1_22_comp1+3_A_1_1_22_comp2+3_A_1_1_22_comp3+3_A_1_1_22_comp4+3_A_1_1_22_comp5+3_A_1_1_22_comp6,R_3_A_1_1_22,TCDB,TCDB.3_A_1_1_22_comp5
G_3_A_1_1_22_comp6,P_3_A_1_1_22_comp1+3_A_1_1_22_comp2+3_A_1_1_22_comp3+3_A_1_1_22_comp4+3_A_1_1_22_comp5+3_A_1_1_22_comp6,R_3_A_1_1_22,TCDB,TCDB.3_A_1_1_22_comp6
G_2_A_1_2_110_comp1,P_2_A_1_2_110_comp1,R_2_A_1_2_110,TCDB,TCDB.2_A_1_2_110_comp1
G_2_A_12_1_2_comp1,P_2_A_12_1_2_comp1,R_2_A_12_1_2,TCDB,TCDB.2_A_12_1_2_comp1
G_1_A_1_7_5_comp1,P_1_A_1_7_5_comp1,R_1_A_1_7_5,TCDB,TCDB.1_A_1_7_5_comp1
G_3_A_3_5_32_comp1,P_3_A_3_5_32_comp1,R_3_A_3_5_32,TCDB,TCDB.3_A_3_5_32_comp1
G_2_A_69_1_4_comp1,P_2_A_69_1_4_comp1,R_2_A_69_1_4,TCDB,TCDB.2_A_69_1_4_comp1
G_2_A_55_2_8_comp1,P_2_A_55_2_8_comp1,R_2_A_55_2_8,TCDB,TCDB.2_A_55_2_8_comp1
G_2_A_7_13_5_comp1,P_2_A_7_13_5_comp1,R_2_A_7_13_5,TCDB,TCDB.2_A_7_13_5_comp1
G_2_A_1_19_39_comp1,P_2_A_1_19_39_comp1,R_2_A_1_19_39,TCDB,TCDB.2_A_1_19_39_comp1
G_2_A_37_4_7_comp1,P_2_A_37_4_7_comp1,R_2_A_37_4_7,TCDB,TCDB.2_A_37_4_7_comp1
G_1_A_35_5_2_comp1,P_1_A_35_5_2_comp1,R_1_A_35_5_2,TCDB,TCDB.1_A_35_5_2_comp1
G_2_A_55_2_4_comp1,P_2_A_55_2_4_comp1,R_2_A_55_2_4,TCDB,TCDB.2_A_55_2_4_comp1
G_1_A_8_12_9_comp1,P_1_A_8_12_9_comp1,R_1_A_8_12_9,TCDB,TCDB.1_A_8_12_9_comp1
G_2_A_53_1_7_comp1,P_2_A_53_1_7_comp1,R_2_A_53_1_7,TCDB,TCDB.2_A_53_1_7_comp1
G_1_A_1_4_2_comp1,P_1_A_1_4_2_comp1,R_1_A_1_4_2,TCDB,TCDB.1_A_1_4_2_comp1
G_2_A_66_1_24_comp1,P_2_A_66_1_24_comp1,R_2_A_66_1_24,TCDB,TCDB.2_A_66_1_24_comp1
G_2_A_1_1_56_comp1,P_2_A_1_1_56_comp1,R_2_A_1_1_56,TCDB,TCDB.2_A_1_1_56_comp1
G_2_A_7_24_4_comp1,P_2_A_7_24_4_comp1,R_2_A_7_24_4,TCDB,TCDB.2_A_7_24_4_comp1
G_1_C_39_11_4_comp1,P_1_C_39_11_4_comp1,R_1_C_39_11_4,TCDB,TCDB.1_C_39_11_4_comp1
G_3_A_3_3_8_comp1,P_3_A_3_3_8_comp1,R_3_A_3_3_8,TCDB,TCDB.3_A_3_3_8_comp1
G_2_A_3_3_11_comp1,P_2_A_3_3_11_comp1,R_2_A_3_3_11,TCDB,TCDB.2_A_3_3_11_comp1
G_2_A_67_2_9_comp1,P_2_A_67_2_9_comp1,R_2_A_67_2_9,TCDB,TCDB.2_A_67_2_9_comp1
G_2_A_4_4_9_comp1,P_2_A_4_4_9_comp1,R_2_A_4_4_9,TCDB,TCDB.2_A_4_4_9_comp1
G_2_A_66_1_56_comp1,P_2_A_66_1_56_comp1,R_2_A_66_1_56,TCDB,TCDB.2_A_66_1_56_comp1
G_2_A_66_1_8_comp1,P_2_A_66_1_8_comp1,R_2_A_66_1_8,TCDB,TCDB.2_A_66_1_8_comp1
G_2_A_29_2_9_comp1,P_2_A_29_2_9_comp1,R_2_A_29_2_9,TCDB,TCDB.2_A_29_2_9_comp1
G_1_A_1_5_8_comp1,P_1_A_1_5_8_comp1,R_1_A_1_5_8,TCDB,TCDB.1_A_1_5_8_comp1
G_2_A_7_9_17_comp1,P_2_A_7_9_17_comp1,R_2_A_7_9_17,TCDB,TCDB.2_A_7_9_17_comp1
G_8_A_103_1_6_comp1,P_8_A_103_1_6_comp1,R_8_A_103_1_6,TCDB,TCDB.8_A_103_1_6_comp1
G_2_A_71_2_2_comp1,P_2_A_71_2_2_comp1,R_2_A_71_2_2,TCDB,TCDB.2_A_71_2_2_comp1
G_1_A_1_5_27_comp1,P_1_A_1_5_27_comp1,R_1_A_1_5_27,TCDB,TCDB.1_A_1_5_27_comp1
G_2_A_53_5_1_comp1,P_2_A_53_5_1_comp1,R_2_A_53_5_1,TCDB,TCDB.2_A_53_5_1_comp1
G_2_A_36_1_20_comp1,P_2_A_36_1_20_comp1,R_2_A_36_1_20,TCDB,TCDB.2_A_36_1_20_comp1
G_2_A_66_1_51_comp1,P_2_A_66_1_51_comp1,R_2_A_66_1_51,TCDB,TCDB.2_A_66_1_51_comp1
G_1_B_29_1_1_comp1,P_1_B_29_1_1_comp1,R_1_B_29_1_1,TCDB,TCDB.1_B_29_1_1_comp1
G_2_A_123_1_13_comp1,P_2_A_123_1_13_comp1,R_2_A_123_1_13,TCDB,TCDB.2_A_123_1_13_comp1
G_1_B_8_1_19_comp1,P_1_B_8_1_19_comp1,R_1_B_8_1_19,TCDB,TCDB.1_B_8_1_19_comp1
G_8_A_73_1_1_comp1,P_8_A_73_1_1_comp1,R_8_A_73_1_1,TCDB,TCDB.8_A_73_1_1_comp1
G_2_A_17_3_21_comp1,P_2_A_17_3_21_comp1,R_2_A_17_3_21,TCDB,TCDB.2_A_17_3_21_comp1
G_1_A_11_2_13_comp1,P_1_A_11_2_13_comp1,R_1_A_11_2_13,TCDB,TCDB.1_A_11_2_13_comp1
G_9_B_56_1_5_comp1,P_9_B_56_1_5_comp1,R_9_B_56_1_5,TCDB,TCDB.9_B_56_1_5_comp1
G_2_A_89_3_4_comp1,P_2_A_89_3_4_comp1,R_2_A_89_3_4,TCDB,TCDB.2_A_89_3_4_comp1
G_2_A_7_9_12_comp1,P_2_A_7_9_12_comp1,R_2_A_7_9_12,TCDB,TCDB.2_A_7_9_12_comp1
G_1_B_8_1_15_comp1,P_1_B_8_1_15_comp1,R_1_B_8_1_15,TCDB,TCDB.1_B_8_1_15_comp1
G_2_A_17_3_26_comp1,P_2_A_17_3_26_comp1,R_2_A_17_3_26,TCDB,TCDB.2_A_17_3_26_comp1
G_2_A_40_7_3_comp1,P_2_A_40_7_3_comp1,R_2_A_40_7_3,TCDB,TCDB.2_A_40_7_3_comp1
G_1_A_8_10_7_comp1,P_1_A_8_10_7_comp1,R_1_A_8_10_7,TCDB,TCDB.1_A_8_10_7_comp1
G_2_A_37_4_2_comp1,P_2_A_37_4_2_comp1,R_2_A_37_4_2,TCDB,TCDB.2_A_37_4_2_comp1
G_2_A_29_11_4_comp1,P_2_A_29_11_4_comp1,R_2_A_29_11_4,TCDB,TCDB.2_A_29_11_4_comp1
G_5_B_2_2_7_comp1,P_5_B_2_2_7_comp1,R_5_B_2_2_7,TCDB,TCDB.5_B_2_2_7_comp1
G_1_A_8_12_3_comp1,P_1_A_8_12_3_comp1,R_1_A_8_12_3,TCDB,TCDB.1_A_8_12_3_comp1
G_1_A_11_2_6_comp1,P_1_A_11_2_6_comp1,R_1_A_11_2_6,TCDB,TCDB.1_A_11_2_6_comp1
G_8_A_40_5_1_comp1,P_8_A_40_5_1_comp1,R_8_A_40_5_1,TCDB,TCDB.8_A_40_5_1_comp1
G_1_A_1_7_7_comp1,P_1_A_1_7_7_comp1,R_1_A_1_7_7,TCDB,TCDB.1_A_1_7_7_comp1
G_1_A_87_2_17_comp1,P_1_A_87_2_17_comp1,R_1_A_87_2_17,TCDB,TCDB.1_A_87_2_17_comp1
G_2_D_1_1_5_comp1,P_2_D_1_1_5_comp1,R_2_D_1_1_5,TCDB,TCDB.2_D_1_1_5_comp1
G_2_A_1_8_4_comp1,P_2_A_1_8_4_comp1,R_2_A_1_8_4,TCDB,TCDB.2_A_1_8_4_comp1
G_2_A_17_3_6_comp1,P_2_A_17_3_6_comp1,R_2_A_17_3_6,TCDB,TCDB.2_A_17_3_6_comp1
G_2_A_85_2_2_comp1,P_2_A_85_2_2_comp1,R_2_A_85_2_2,TCDB,TCDB.2_A_85_2_2_comp1
G_1_B_8_2_3_comp1,P_1_B_8_2_3_comp1,R_1_B_8_2_3,TCDB,TCDB.1_B_8_2_3_comp1
G_2_A_18_2_8_comp1,P_2_A_18_2_8_comp1,R_2_A_18_2_8,TCDB,TCDB.2_A_18_2_8_comp1
G_3_A_3_1_3_comp1,P_3_A_3_1_3_comp1,R_3_A_3_1_3,TCDB,TCDB.3_A_3_1_3_comp1
G_2_A_2_4_2_comp1,P_2_A_2_4_2_comp1,R_2_A_2_4_2,TCDB,TCDB.2_A_2_4_2_comp1
G_1_A_17_5_9_comp1,P_1_A_17_5_9_comp1,R_1_A_17_5_9,TCDB,TCDB.1_A_17_5_9_comp1
G_3_A_3_2_19_comp1,P_3_A_3_2_19_comp1,R_3_A_3_2_19,TCDB,TCDB.3_A_3_2_19_comp1
G_1_A_31_1_8_comp1,P_1_A_31_1_8_comp1,R_1_A_31_1_8,TCDB,TCDB.1_A_31_1_8_comp1
G_3_A_3_5_11_comp1,P_3_A_3_5_11_comp1,R_3_A_3_5_11,TCDB,TCDB.3_A_3_5_11_comp1
G_2_A_66_1_59_comp1,P_2_A_66_1_59_comp1,R_2_A_66_1_59,TCDB,TCDB.2_A_66_1_59_comp1
G_2_A_29_12_6_comp1,P_2_A_29_12_6_comp1,R_2_A_29_12_6,TCDB,TCDB.2_A_29_12_6_comp1
G_3_A_3_6_7_comp1,P_3_A_3_6_7_comp1,R_3_A_3_6_7,TCDB,TCDB.3_A_3_6_7_comp1
G_2_A_17_3_18_comp1,P_2_A_17_3_18_comp1,R_2_A_17_3_18,TCDB,TCDB.2_A_17_3_18_comp1
G_2_A_106_1_7_comp1,P_2_A_106_1_7_comp1,R_2_A_106_1_7,TCDB,TCDB.2_A_106_1_7_comp1
G_1_E_51_1_1_comp1,P_1_E_51_1_1_comp1,R_1_E_51_1_1,TCDB,TCDB.1_E_51_1_1_comp1
G_1_W_9_1_1_comp1,P_1_W_9_1_1_comp1,R_1_W_9_1_1,TCDB,TCDB.1_W_9_1_1_comp1
G_1_E_66_1_1_comp1,P_1_E_66_1_1_comp1,R_1_E_66_1_1,TCDB,TCDB.1_E_66_1_1_comp1
G_1_M_7_1_1_comp1,P_1_M_7_1_1_comp1,R_1_M_7_1_1,TCDB,TCDB.1_M_7_1_1_comp1
G_1_A_9_6_3_comp1,P_1_A_9_6_3_comp1,R_1_A_9_6_3,TCDB,TCDB.1_A_9_6_3_comp1
G_2_A_6_6_7_comp1,P_2_A_6_6_7_comp1,R_2_A_6_6_7,TCDB,TCDB.2_A_6_6_7_comp1
G_8_A_66_1_1_comp1,P_8_A_66_1_1_comp1,R_8_A_66_1_1,TCDB,TCDB.8_A_66_1_1_comp1
G_8_B_13_1_1_comp1,P_8_B_13_1_1_comp1,R_8_B_13_1_1,TCDB,TCDB.8_B_13_1_1_comp1
G_8_A_107_1_4_comp1,P_8_A_107_1_4_comp1,R_8_A_107_1_4,TCDB,TCDB.8_A_107_1_4_comp1
G_1_A_9_5_12_comp1,P_1_A_9_5_12_comp1,R_1_A_9_5_12,TCDB,TCDB.1_A_9_5_12_comp1
G_9_B_39_1_11_comp1,P_9_B_39_1_11_comp1,R_9_B_39_1_11,TCDB,TCDB.9_B_39_1_11_comp1
G_8_A_40_1_6_comp1,P_8_A_40_1_6_comp1,R_8_A_40_1_6,TCDB,TCDB.8_A_40_1_6_comp1
G_1_A_5_2_4_comp1,P_1_A_5_2_4_comp1,R_1_A_5_2_4,TCDB,TCDB.1_A_5_2_4_comp1
G_3_A_3_8_15_comp1,P_3_A_3_8_15_comp1,R_3_A_3_8_15,TCDB,TCDB.3_A_3_8_15_comp1
G_1_A_9_1_17_comp1,P_1_A_9_1_17_comp1,R_1_A_9_1_17,TCDB,TCDB.1_A_9_1_17_comp1
G_8_A_118_1_7_comp1,P_8_A_118_1_7_comp1,R_8_A_118_1_7,TCDB,TCDB.8_A_118_1_7_comp1
G_8_A_43_1_26_comp1,P_8_A_43_1_26_comp1,R_8_A_43_1_26,TCDB,TCDB.8_A_43_1_26_comp1
G_8_A_45_1_3_comp1,P_8_A_45_1_3_comp1,R_8_A_45_1_3,TCDB,TCDB.8_A_45_1_3_comp1
G_1_A_25_1_7_comp1,P_1_A_25_1_7_comp1,R_1_A_25_1_7,TCDB,TCDB.1_A_25_1_7_comp1
G_8_B_21_1_9_comp1,P_8_B_21_1_9_comp1,R_8_B_21_1_9,TCDB,TCDB.8_B_21_1_9_comp1
G_1_B_8_2_2_comp1,P_1_B_8_2_2_comp1,R_1_B_8_2_2,TCDB,TCDB.1_B_8_2_2_comp1
G_2_A_1_19_37_comp1,P_2_A_1_19_37_comp1,R_2_A_1_19_37,TCDB,TCDB.2_A_1_19_37_comp1
G_2_A_22_2_4_comp1,P_2_A_22_2_4_comp1,R_2_A_22_2_4,TCDB,TCDB.2_A_22_2_4_comp1
G_1_A_52_1_5_comp1,P_1_A_52_1_5_comp1,R_1_A_52_1_5,TCDB,TCDB.1_A_52_1_5_comp1
G_1_A_48_1_1_comp1,P_1_A_48_1_1_comp1,R_1_A_48_1_1,TCDB,TCDB.1_A_48_1_1_comp1
G_2_A_57_2_4_comp1,P_2_A_57_2_4_comp1,R_2_A_57_2_4,TCDB,TCDB.2_A_57_2_4_comp1
G_2_A_41_2_5_comp1,P_2_A_41_2_5_comp1,R_2_A_41_2_5,TCDB,TCDB.2_A_41_2_5_comp1
G_2_A_71_1_3_comp1,P_2_A_71_1_3_comp1,R_2_A_71_1_3,TCDB,TCDB.2_A_71_1_3_comp1
G_1_A_11_4_1_comp1,P_1_A_11_4_1_comp1,R_1_A_11_4_1,TCDB,TCDB.1_A_11_4_1_comp1
G_2_A_94_1_6_comp1,P_2_A_94_1_6_comp1,R_2_A_94_1_6,TCDB,TCDB.2_A_94_1_6_comp1
G_3_A_1_203_7_comp1,P_3_A_1_203_7_comp1,R_3_A_1_203_7,TCDB,TCDB.3_A_1_203_7_comp1
G_8_A_16_2_3_comp1,P_8_A_16_2_3_comp1,R_8_A_16_2_3,TCDB,TCDB.8_A_16_2_3_comp1
G_1_A_4_1_12_comp1,P_1_A_4_1_12_comp1,R_1_A_4_1_12,TCDB,TCDB.1_A_4_1_12_comp1
G_2_A_133_1_4_comp1,P_2_A_133_1_4_comp1,R_2_A_133_1_4,TCDB,TCDB.2_A_133_1_4_comp1
G_2_A_29_2_7_comp1,P_2_A_29_2_7_comp1,R_2_A_29_2_7,TCDB,TCDB.2_A_29_2_7_comp1
G_2_A_36_1_17_comp1,P_2_A_36_1_17_comp1,R_2_A_36_1_17,TCDB,TCDB.2_A_36_1_17_comp1
G_9_B_17_2_2_comp1,P_9_B_17_2_2_comp1,R_9_B_17_2_2,TCDB,TCDB.9_B_17_2_2_comp1
G_8_A_49_1_1_comp1,P_8_A_49_1_1_comp1,R_8_A_49_1_1,TCDB,TCDB.8_A_49_1_1_comp1
G_3_A_1_121_11_comp1,P_3_A_1_121_11_comp1,R_3_A_1_121_11,TCDB,TCDB.3_A_1_121_11_comp1
G_2_A_40_6_2_comp1,P_2_A_40_6_2_comp1,R_2_A_40_6_2,TCDB,TCDB.2_A_40_6_2_comp1
G_1_A_1_16_7_comp1,P_1_A_1_16_7_comp1,R_1_A_1_16_7,TCDB,TCDB.1_A_1_16_7_comp1
G_8_A_104_1_11_comp1,P_8_A_104_1_11_comp1,R_8_A_104_1_11,TCDB,TCDB.8_A_104_1_11_comp1
G_1_A_55_1_1_comp1,P_1_A_55_1_1_comp1,R_1_A_55_1_1,TCDB,TCDB.1_A_55_1_1_comp1
G_2_A_1_1_88_comp1,P_2_A_1_1_88_comp1,R_2_A_1_1_88,TCDB,TCDB.2_A_1_1_88_comp1
G_8_A_160_1_5_comp1,P_8_A_160_1_5_comp1,R_8_A_160_1_5,TCDB,TCDB.8_A_160_1_5_comp1
G_2_A_6_6_6_comp1,P_2_A_6_6_6_comp1,R_2_A_6_6_6,TCDB,TCDB.2_A_6_6_6_comp1
G_5_B_6_1_4_comp1,P_5_B_6_1_4_comp1,R_5_B_6_1_4,TCDB,TCDB.5_B_6_1_4_comp1
G_2_A_3_8_20_comp1,P_2_A_3_8_20_comp1,R_2_A_3_8_20,TCDB,TCDB.2_A_3_8_20_comp1
G_2_A_40_6_5_comp1,P_2_A_40_6_5_comp1,R_2_A_40_6_5,TCDB,TCDB.2_A_40_6_5_comp1
G_8_A_77_1_6_comp1,P_8_A_77_1_6_comp1,R_8_A_77_1_6,TCDB,TCDB.8_A_77_1_6_comp1
G_9_B_131_1_2_comp1,P_9_B_131_1_2_comp1,R_9_B_131_1_2,TCDB,TCDB.9_B_131_1_2_comp1
G_9_A_14_1_8_comp1,P_9_A_14_1_8_comp1,R_9_A_14_1_8,TCDB,TCDB.9_A_14_1_8_comp1
G_2_A_30_1_15_comp1,P_2_A_30_1_15_comp1,R_2_A_30_1_15,TCDB,TCDB.2_A_30_1_15_comp1
G_9_A_49_1_1_comp1,P_9_A_49_1_1_comp1,R_9_A_49_1_1,TCDB,TCDB.9_A_49_1_1_comp1
G_1_A_1_10_9_comp1,P_1_A_1_10_9_comp1,R_1_A_1_10_9,TCDB,TCDB.1_A_1_10_9_comp1
G_2_A_19_4_11_comp1,P_2_A_19_4_11_comp1,R_2_A_19_4_11,TCDB,TCDB.2_A_19_4_11_comp1
G_2_A_60_1_18_comp1,P_2_A_60_1_18_comp1,R_2_A_60_1_18,TCDB,TCDB.2_A_60_1_18_comp1
G_1_A_1_2_27_comp1,P_1_A_1_2_27_comp1,R_1_A_1_2_27,TCDB,TCDB.1_A_1_2_27_comp1
G_9_A_14_19_1_comp1,P_9_A_14_19_1_comp1,R_9_A_14_19_1,TCDB,TCDB.9_A_14_19_1_comp1
G_8_A_10_3_2_comp1,P_8_A_10_3_2_comp1,R_8_A_10_3_2,TCDB,TCDB.8_A_10_3_2_comp1
G_2_A_29_14_2_comp1,P_2_A_29_14_2_comp1,R_2_A_29_14_2,TCDB,TCDB.2_A_29_14_2_comp1
G_9_B_278_1_2_comp1,P_9_B_278_1_2_comp1,R_9_B_278_1_2,TCDB,TCDB.9_B_278_1_2_comp1
G_1_A_1_2_19_comp1,P_1_A_1_2_19_comp1,R_1_A_1_2_19,TCDB,TCDB.1_A_1_2_19_comp1
G_8_A_84_1_1_comp1,P_8_A_84_1_1_comp1,R_8_A_84_1_1,TCDB,TCDB.8_A_84_1_1_comp1
G_2_A_47_1_14_comp1,P_2_A_47_1_14_comp1,R_2_A_47_1_14,TCDB,TCDB.2_A_47_1_14_comp1
G_4_C_2_1_2_comp1,P_4_C_2_1_2_comp1,R_4_C_2_1_2,TCDB,TCDB.4_C_2_1_2_comp1
G_1_A_24_1_13_comp1,P_1_A_24_1_13_comp1,R_1_A_24_1_13,TCDB,TCDB.1_A_24_1_13_comp1
G_8_A_77_1_3_comp1,P_8_A_77_1_3_comp1,R_8_A_77_1_3,TCDB,TCDB.8_A_77_1_3_comp1
G_8_A_183_1_1_comp1,P_8_A_183_1_1_comp1,R_8_A_183_1_1,TCDB,TCDB.8_A_183_1_1_comp1
G_8_A_54_1_7_comp1,P_8_A_54_1_7_comp1,R_8_A_54_1_7,TCDB,TCDB.8_A_54_1_7_comp1
G_1_C_48_1_4_comp1,P_1_C_48_1_4_comp1,R_1_C_48_1_4,TCDB,TCDB.1_C_48_1_4_comp1
G_9_B_87_1_19_comp1,P_9_B_87_1_19_comp1,R_9_B_87_1_19,TCDB,TCDB.9_B_87_1_19_comp1
G_1_A_1_5_11_comp1,P_1_A_1_5_11_comp1+1_A_1_5_11_comp2,R_1_A_1_5_11,TCDB,TCDB.1_A_1_5_11_comp1
G_1_A_1_5_11_comp2,P_1_A_1_5_11_comp1+1_A_1_5_11_comp2,R_1_A_1_5_11,TCDB,TCDB.1_A_1_5_11_comp2
G_1_A_4_1_7_comp1,P_1_A_4_1_7_comp1,R_1_A_4_1_7,TCDB,TCDB.1_A_4_1_7_comp1
G_8_A_74_1_2_comp1,P_8_A_74_1_2_comp1,R_8_A_74_1_2,TCDB,TCDB.8_A_74_1_2_comp1
G_1_A_1_20_5_comp1,P_1_A_1_20_5_comp1,R_1_A_1_20_5,TCDB,TCDB.1_A_1_20_5_comp1
G_2_A_5_4_6_comp1,P_2_A_5_4_6_comp1,R_2_A_5_4_6,TCDB,TCDB.2_A_5_4_6_comp1
G_8_A_28_1_8_comp1,P_8_A_28_1_8_comp1,R_8_A_28_1_8,TCDB,TCDB.8_A_28_1_8_comp1
G_1_A_10_1_34_comp1,P_1_A_10_1_34_comp1,R_1_A_10_1_34,TCDB,TCDB.1_A_10_1_34_comp1
G_1_A_1_11_25_comp1,P_1_A_1_11_25_comp1,R_1_A_1_11_25,TCDB,TCDB.1_A_1_11_25_comp1
G_1_A_1_2_16_comp1,P_1_A_1_2_16_comp1,R_1_A_1_2_16,TCDB,TCDB.1_A_1_2_16_comp1
G_1_A_106_1_1_comp1,P_1_A_106_1_1_comp1,R_1_A_106_1_1,TCDB,TCDB.1_A_106_1_1_comp1
G_2_A_3_8_22_comp1,P_2_A_3_8_22_comp1,R_2_A_3_8_22,TCDB,TCDB.2_A_3_8_22_comp1
G_1_A_21_1_7_comp1,P_1_A_21_1_7_comp1,R_1_A_21_1_7,TCDB,TCDB.1_A_21_1_7_comp1
G_8_A_82_2_9_comp1,P_8_A_82_2_9_comp1,R_8_A_82_2_9,TCDB,TCDB.8_A_82_2_9_comp1
G_2_A_2_4_9_comp1,P_2_A_2_4_9_comp1,R_2_A_2_4_9,TCDB,TCDB.2_A_2_4_9_comp1
G_2_A_22_2_3_comp1,P_2_A_22_2_3_comp1,R_2_A_22_2_3,TCDB,TCDB.2_A_22_2_3_comp1
G_3_A_1_204_2_comp1,P_3_A_1_204_2_comp1,R_3_A_1_204_2,TCDB,TCDB.3_A_1_204_2_comp1
G_9_A_14_16_1_comp1,P_9_A_14_16_1_comp1,R_9_A_14_16_1,TCDB,TCDB.9_A_14_16_1_comp1
G_9_B_229_1_2_comp1,P_9_B_229_1_2_comp1,R_9_B_229_1_2,TCDB,TCDB.9_B_229_1_2_comp1
G_2_B_93_1_2_comp1,P_2_B_93_1_2_comp1,R_2_B_93_1_2,TCDB,TCDB.2_B_93_1_2_comp1
G_2_A_30_1_17_comp1,P_2_A_30_1_17_comp1,R_2_A_30_1_17,TCDB,TCDB.2_A_30_1_17_comp1
G_2_A_1_28_4_comp1,P_2_A_1_28_4_comp1,R_2_A_1_28_4,TCDB,TCDB.2_A_1_28_4_comp1
G_8_A_66_1_8_comp1,P_8_A_66_1_8_comp1,R_8_A_66_1_8,TCDB,TCDB.8_A_66_1_8_comp1
G_2_A_19_3_5_comp1,P_2_A_19_3_5_comp1,R_2_A_19_3_5,TCDB,TCDB.2_A_19_3_5_comp1
G_9_A_63_1_4_comp1,P_9_A_63_1_4_comp1,R_9_A_63_1_4,TCDB,TCDB.9_A_63_1_4_comp1
G_1_A_13_1_10_comp1,P_1_A_13_1_10_comp1,R_1_A_13_1_10,TCDB,TCDB.1_A_13_1_10_comp1
G_1_A_1_10_8_comp1,P_1_A_1_10_8_comp1,R_1_A_1_10_8,TCDB,TCDB.1_A_1_10_8_comp1
G_1_G_9_1_1_comp1,P_1_G_9_1_1_comp1,R_1_G_9_1_1,TCDB,TCDB.1_G_9_1_1_comp1
G_2_A_3_10_21_comp1,P_2_A_3_10_21_comp1,R_2_A_3_10_21,TCDB,TCDB.2_A_3_10_21_comp1
G_1_A_56_1_6_comp1,P_1_A_56_1_6_comp1,R_1_A_56_1_6,TCDB,TCDB.1_A_56_1_6_comp1
G_2_A_3_4_6_comp1,P_2_A_3_4_6_comp1,R_2_A_3_4_6,TCDB,TCDB.2_A_3_4_6_comp1
G_2_A_7_16_3_comp1,P_2_A_7_16_3_comp1,R_2_A_7_16_3,TCDB,TCDB.2_A_7_16_3_comp1
G_3_A_3_2_6_comp1,P_3_A_3_2_6_comp1,R_3_A_3_2_6,TCDB,TCDB.3_A_3_2_6_comp1
G_3_A_3_2_27_comp1,P_3_A_3_2_27_comp1,R_3_A_3_2_27,TCDB,TCDB.3_A_3_2_27_comp1
G_3_A_3_5_9_comp1,P_3_A_3_5_9_comp1,R_3_A_3_5_9,TCDB,TCDB.3_A_3_5_9_comp1
G_3_A_1_205_26_comp1,P_3_A_1_205_26_comp1,R_3_A_1_205_26,TCDB,TCDB.3_A_1_205_26_comp1
G_3_E_1_4_2_comp1,P_3_E_1_4_2_comp1,R_3_E_1_4_2,TCDB,TCDB.3_E_1_4_2_comp1
G_2_A_89_3_10_comp1,P_2_A_89_3_10_comp1,R_2_A_89_3_10,TCDB,TCDB.2_A_89_3_10_comp1
G_2_A_102_4_1_comp1,P_2_A_102_4_1_comp1,R_2_A_102_4_1,TCDB,TCDB.2_A_102_4_1_comp1
G_2_A_7_3_47_comp1,P_2_A_7_3_47_comp1,R_2_A_7_3_47,TCDB,TCDB.2_A_7_3_47_comp1
G_2_A_36_6_9_comp1,P_2_A_36_6_9_comp1,R_2_A_36_6_9,TCDB,TCDB.2_A_36_6_9_comp1
G_9_B_142_1_1_comp1,P_9_B_142_1_1_comp1,R_9_B_142_1_1,TCDB,TCDB.9_B_142_1_1_comp1
G_2_A_7_2_2_comp1,P_2_A_7_2_2_comp1,R_2_A_7_2_2,TCDB,TCDB.2_A_7_2_2_comp1
G_3_B_1_1_5_comp1,P_3_B_1_1_5_comp1+3_B_1_1_5_comp2+3_B_1_1_5_comp3+3_B_1_1_5_comp4,R_3_B_1_1_5,TCDB,TCDB.3_B_1_1_5_comp1
G_3_B_1_1_5_comp2,P_3_B_1_1_5_comp1+3_B_1_1_5_comp2+3_B_1_1_5_comp3+3_B_1_1_5_comp4,R_3_B_1_1_5,TCDB,TCDB.3_B_1_1_5_comp2
G_3_B_1_1_5_comp3,P_3_B_1_1_5_comp1+3_B_1_1_5_comp2+3_B_1_1_5_comp3+3_B_1_1_5_comp4,R_3_B_1_1_5,TCDB,TCDB.3_B_1_1_5_comp3
G_3_B_1_1_5_comp4,P_3_B_1_1_5_comp1+3_B_1_1_5_comp2+3_B_1_1_5_comp3+3_B_1_1_5_comp4,R_3_B_1_1_5,TCDB,TCDB.3_B_1_1_5_comp4
G_8_A_68_1_10_comp1,P_8_A_68_1_10_comp1,R_8_A_68_1_10,TCDB,TCDB.8_A_68_1_10_comp1
G_1_A_25_1_14_comp1,P_1_A_25_1_14_comp1,R_1_A_25_1_14,TCDB,TCDB.1_A_25_1_14_comp1
G_1_A_69_3_2_comp1,P_1_A_69_3_2_comp1,R_1_A_69_3_2,TCDB,TCDB.1_A_69_3_2_comp1
G_1_A_8_8_13_comp1,P_1_A_8_8_13_comp1,R_1_A_8_8_13,TCDB,TCDB.1_A_8_8_13_comp1
G_1_B_33_3_5_comp1,P_1_B_33_3_5_comp1,R_1_B_33_3_5,TCDB,TCDB.1_B_33_3_5_comp1
G_2_A_1_14_34_comp1,P_2_A_1_14_34_comp1,R_2_A_1_14_34,TCDB,TCDB.2_A_1_14_34_comp1
G_1_A_69_1_3_comp1,P_1_A_69_1_3_comp1,R_1_A_69_1_3,TCDB,TCDB.1_A_69_1_3_comp1
G_9_A_16_1_8_comp1,P_9_A_16_1_8_comp1,R_9_A_16_1_8,TCDB,TCDB.9_A_16_1_8_comp1
G_2_A_5_4_20_comp1,P_2_A_5_4_20_comp1,R_2_A_5_4_20,TCDB,TCDB.2_A_5_4_20_comp1
G_3_A_1_105_5_comp1,P_3_A_1_105_5_comp1,R_3_A_1_105_5,TCDB,TCDB.3_A_1_105_5_comp1
G_1_N_2_1_2_comp1,P_1_N_2_1_2_comp1,R_1_N_2_1_2,TCDB,TCDB.1_N_2_1_2_comp1
G_2_A_18_5_5_comp1,P_2_A_18_5_5_comp1,R_2_A_18_5_5,TCDB,TCDB.2_A_18_5_5_comp1
G_2_D_1_1_9_comp1,P_2_D_1_1_9_comp1,R_2_D_1_1_9,TCDB,TCDB.2_D_1_1_9_comp1
G_1_N_5_1_2_comp1,P_1_N_5_1_2_comp1,R_1_N_5_1_2,TCDB,TCDB.1_N_5_1_2_comp1
G_2_A_1_19_36_comp1,P_2_A_1_19_36_comp1,R_2_A_1_19_36,TCDB,TCDB.2_A_1_19_36_comp1
G_2_A_43_1_2_comp1,P_2_A_43_1_2_comp1,R_2_A_43_1_2,TCDB,TCDB.2_A_43_1_2_comp1
G_8_A_56_1_6_comp1,P_8_A_56_1_6_comp1,R_8_A_56_1_6,TCDB,TCDB.8_A_56_1_6_comp1
G_9_B_39_1_6_comp1,P_9_B_39_1_6_comp1,R_9_B_39_1_6,TCDB,TCDB.9_B_39_1_6_comp1
G_2_A_29_12_7_comp1,P_2_A_29_12_7_comp1,R_2_A_29_12_7,TCDB,TCDB.2_A_29_12_7_comp1
G_3_A_1_208_49_comp1,P_3_A_1_208_49_comp1,R_3_A_1_208_49,TCDB,TCDB.3_A_1_208_49_comp1
G_1_A_17_1_22_comp1,P_1_A_17_1_22_comp1,R_1_A_17_1_22,TCDB,TCDB.1_A_17_1_22_comp1
G_2_A_7_11_2_comp1,P_2_A_7_11_2_comp1,R_2_A_7_11_2,TCDB,TCDB.2_A_7_11_2_comp1
G_2_A_74_2_1_comp1,P_2_A_74_2_1_comp1,R_2_A_74_2_1,TCDB,TCDB.2_A_74_2_1_comp1
G_2_A_5_3_8_comp1,P_2_A_5_3_8_comp1,R_2_A_5_3_8,TCDB,TCDB.2_A_5_3_8_comp1
G_9_B_326_1_1_comp1,P_9_B_326_1_1_comp1,R_9_B_326_1_1,TCDB,TCDB.9_B_326_1_1_comp1
G_8_A_43_1_6_comp1,P_8_A_43_1_6_comp1,R_8_A_43_1_6,TCDB,TCDB.8_A_43_1_6_comp1
G_8_A_19_1_2_comp1,P_8_A_19_1_2_comp1,R_8_A_19_1_2,TCDB,TCDB.8_A_19_1_2_comp1
G_1_A_56_1_7_comp1,P_1_A_56_1_7_comp1,R_1_A_56_1_7,TCDB,TCDB.1_A_56_1_7_comp1
G_2_A_7_16_2_comp1,P_2_A_7_16_2_comp1,R_2_A_7_16_2,TCDB,TCDB.2_A_7_16_2_comp1
G_8_A_9_2_3_comp1,P_8_A_9_2_3_comp1,R_8_A_9_2_3,TCDB,TCDB.8_A_9_2_3_comp1
G_1_A_4_6_6_comp1,P_1_A_4_6_6_comp1,R_1_A_4_6_6,TCDB,TCDB.1_A_4_6_6_comp1
G_8_A_126_1_2_comp1,P_8_A_126_1_2_comp1,R_8_A_126_1_2,TCDB,TCDB.8_A_126_1_2_comp1
G_8_A_68_1_9_comp1,P_8_A_68_1_9_comp1,R_8_A_68_1_9,TCDB,TCDB.8_A_68_1_9_comp1
G_8_A_116_3_1_comp1,P_8_A_116_3_1_comp1,R_8_A_116_3_1,TCDB,TCDB.8_A_116_3_1_comp1
G_1_A_4_1_15_comp1,P_1_A_4_1_15_comp1,R_1_A_4_1_15,TCDB,TCDB.1_A_4_1_15_comp1
G_8_A_43_1_23_comp1,P_8_A_43_1_23_comp1,R_8_A_43_1_23,TCDB,TCDB.8_A_43_1_23_comp1
G_2_A_60_1_21_comp1,P_2_A_60_1_21_comp1,R_2_A_60_1_21,TCDB,TCDB.2_A_60_1_21_comp1
G_9_A_14_15_2_comp1,P_9_A_14_15_2_comp1,R_9_A_14_15_2,TCDB,TCDB.9_A_14_15_2_comp1
G_8_A_209_1_2_comp1,P_8_A_209_1_2_comp1,R_8_A_209_1_2,TCDB,TCDB.8_A_209_1_2_comp1
G_1_B_8_1_7_comp1,P_1_B_8_1_7_comp1,R_1_B_8_1_7,TCDB,TCDB.1_B_8_1_7_comp1
G_2_A_6_6_15_comp1,P_2_A_6_6_15_comp1,R_2_A_6_6_15,TCDB,TCDB.2_A_6_6_15_comp1
G_9_B_317_1_3_comp1,P_9_B_317_1_3_comp1,R_9_B_317_1_3,TCDB,TCDB.9_B_317_1_3_comp1
G_2_A_21_5_8_comp1,P_2_A_21_5_8_comp1,R_2_A_21_5_8,TCDB,TCDB.2_A_21_5_8_comp1
G_1_A_75_1_3_comp1,P_1_A_75_1_3_comp1,R_1_A_75_1_3,TCDB,TCDB.1_A_75_1_3_comp1
G_1_A_69_3_3_comp1,P_1_A_69_3_3_comp1,R_1_A_69_3_3,TCDB,TCDB.1_A_69_3_3_comp1
G_2_A_31_2_6_comp1,P_2_A_31_2_6_comp1,R_2_A_31_2_6,TCDB,TCDB.2_A_31_2_6_comp1
G_2_A_29_8_15_comp1,P_2_A_29_8_15_comp1,R_2_A_29_8_15,TCDB,TCDB.2_A_29_8_15_comp1
G_9_B_113_1_3_comp1,P_9_B_113_1_3_comp1,R_9_B_113_1_3,TCDB,TCDB.9_B_113_1_3_comp1
G_1_A_4_7_2_comp1,P_1_A_4_7_2_comp1,R_1_A_4_7_2,TCDB,TCDB.1_A_4_7_2_comp1
G_8_A_23_1_27_comp1,P_8_A_23_1_27_comp1,R_8_A_23_1_27,TCDB,TCDB.8_A_23_1_27_comp1
G_2_A_6_9_1_comp1,P_2_A_6_9_1_comp1,R_2_A_6_9_1,TCDB,TCDB.2_A_6_9_1_comp1
G_1_A_10_1_26_comp1,P_1_A_10_1_26_comp1,R_1_A_10_1_26,TCDB,TCDB.1_A_10_1_26_comp1
G_1_A_69_2_1_comp1,P_1_A_69_2_1_comp1+1_A_69_2_1_comp2,R_1_A_69_2_1,TCDB,TCDB.1_A_69_2_1_comp1
G_1_A_69_2_1_comp2,P_1_A_69_2_1_comp1+1_A_69_2_1_comp2,R_1_A_69_2_1,TCDB,TCDB.1_A_69_2_1_comp2
G_2_A_1_14_44_comp1,P_2_A_1_14_44_comp1,R_2_A_1_14_44,TCDB,TCDB.2_A_1_14_44_comp1
G_2_A_22_3_12_comp1,P_2_A_22_3_12_comp1,R_2_A_22_3_12,TCDB,TCDB.2_A_22_3_12_comp1
G_1_A_25_1_8_comp1,P_1_A_25_1_8_comp1,R_1_A_25_1_8,TCDB,TCDB.1_A_25_1_8_comp1
G_2_A_1_53_5_comp1,P_2_A_1_53_5_comp1,R_2_A_1_53_5,TCDB,TCDB.2_A_1_53_5_comp1
G_1_A_69_3_9_comp1,P_1_A_69_3_9_comp1,R_1_A_69_3_9,TCDB,TCDB.1_A_69_3_9_comp1
G_2_A_5_4_16_comp1,P_2_A_5_4_16_comp1,R_2_A_5_4_16,TCDB,TCDB.2_A_5_4_16_comp1
G_2_A_2_4_13_comp1,P_2_A_2_4_13_comp1,R_2_A_2_4_13,TCDB,TCDB.2_A_2_4_13_comp1
G_2_A_18_8_3_comp1,P_2_A_18_8_3_comp1,R_2_A_18_8_3,TCDB,TCDB.2_A_18_8_3_comp1
G_2_A_74_2_10_comp1,P_2_A_74_2_10_comp1,R_2_A_74_2_10,TCDB,TCDB.2_A_74_2_10_comp1
G_1_A_4_3_2_comp1,P_1_A_4_3_2_comp1,R_1_A_4_3_2,TCDB,TCDB.1_A_4_3_2_comp1
G_8_A_114_1_2_comp1,P_8_A_114_1_2_comp1,R_8_A_114_1_2,TCDB,TCDB.8_A_114_1_2_comp1
G_2_A_49_2_17_comp1,P_2_A_49_2_17_comp1,R_2_A_49_2_17,TCDB,TCDB.2_A_49_2_17_comp1
G_8_A_30_1_5_comp1,P_8_A_30_1_5_comp1,R_8_A_30_1_5,TCDB,TCDB.8_A_30_1_5_comp1
G_2_A_47_1_10_comp1,P_2_A_47_1_10_comp1,R_2_A_47_1_10,TCDB,TCDB.2_A_47_1_10_comp1
G_9_A_14_16_2_comp1,P_9_A_14_16_2_comp1,R_9_A_14_16_2,TCDB,TCDB.9_A_14_16_2_comp1
G_1_A_10_1_17_comp1,P_1_A_10_1_17_comp1,R_1_A_10_1_17,TCDB,TCDB.1_A_10_1_17_comp1
G_1_A_9_1_8_comp1,P_1_A_9_1_8_comp1,R_1_A_9_1_8,TCDB,TCDB.1_A_9_1_8_comp1
G_2_A_50_3_2_comp1,P_2_A_50_3_2_comp1,R_2_A_50_3_2,TCDB,TCDB.2_A_50_3_2_comp1
G_9_B_27_1_10_comp1,P_9_B_27_1_10_comp1,R_9_B_27_1_10,TCDB,TCDB.9_B_27_1_10_comp1
G_8_A_112_1_4_comp1,P_8_A_112_1_4_comp1,R_8_A_112_1_4,TCDB,TCDB.8_A_112_1_4_comp1
G_8_A_103_1_7_comp1,P_8_A_103_1_7_comp1,R_8_A_103_1_7,TCDB,TCDB.8_A_103_1_7_comp1
G_3_A_3_5_37_comp1,P_3_A_3_5_37_comp1,R_3_A_3_5_37,TCDB,TCDB.3_A_3_5_37_comp1
G_9_B_188_1_7_comp1,P_9_B_188_1_7_comp1,R_9_B_188_1_7,TCDB,TCDB.9_B_188_1_7_comp1
G_8_A_226_1_1_comp1,P_8_A_226_1_1_comp1,R_8_A_226_1_1,TCDB,TCDB.8_A_226_1_1_comp1
G_8_A_19_1_4_comp1,P_8_A_19_1_4_comp1,R_8_A_19_1_4,TCDB,TCDB.8_A_19_1_4_comp1
G_2_A_50_1_5_comp1,P_2_A_50_1_5_comp1,R_2_A_50_1_5,TCDB,TCDB.2_A_50_1_5_comp1
G_9_B_232_1_6_comp1,P_9_B_232_1_6_comp1,R_9_B_232_1_6,TCDB,TCDB.9_B_232_1_6_comp1
G_8_A_82_1_4_comp1,P_8_A_82_1_4_comp1,R_8_A_82_1_4,TCDB,TCDB.8_A_82_1_4_comp1
G_9_A_14_14_1_comp1,P_9_A_14_14_1_comp1,R_9_A_14_14_1,TCDB,TCDB.9_A_14_14_1_comp1
G_1_A_4_6_4_comp1,P_1_A_4_6_4_comp1,R_1_A_4_6_4,TCDB,TCDB.1_A_4_6_4_comp1
G_1_A_1_10_13_comp1,P_1_A_1_10_13_comp1,R_1_A_1_10_13,TCDB,TCDB.1_A_1_10_13_comp1
G_9_B_64_1_2_comp1,P_9_B_64_1_2_comp1,R_9_B_64_1_2,TCDB,TCDB.9_B_64_1_2_comp1
G_2_A_60_1_27_comp1,P_2_A_60_1_27_comp1,R_2_A_60_1_27,TCDB,TCDB.2_A_60_1_27_comp1
G_8_A_71_1_2_comp1,P_8_A_71_1_2_comp1,R_8_A_71_1_2,TCDB,TCDB.8_A_71_1_2_comp1
G_8_A_167_1_1_comp1,P_8_A_167_1_1_comp1,R_8_A_167_1_1,TCDB,TCDB.8_A_167_1_1_comp1
G_8_A_24_1_8_comp1,P_8_A_24_1_8_comp1,R_8_A_24_1_8,TCDB,TCDB.8_A_24_1_8_comp1
G_1_A_56_1_8_comp1,P_1_A_56_1_8_comp1,R_1_A_56_1_8,TCDB,TCDB.1_A_56_1_8_comp1
G_1_A_69_2_6_comp1,P_1_A_69_2_6_comp1,R_1_A_69_2_6,TCDB,TCDB.1_A_69_2_6_comp1
G_2_A_22_2_13_comp1,P_2_A_22_2_13_comp1,R_2_A_22_2_13,TCDB,TCDB.2_A_22_2_13_comp1
G_2_A_7_12_5_comp1,P_2_A_7_12_5_comp1,R_2_A_7_12_5,TCDB,TCDB.2_A_7_12_5_comp1
G_9_A_14_4_2_comp1,P_9_A_14_4_2_comp1,R_9_A_14_4_2,TCDB,TCDB.9_A_14_4_2_comp1
G_1_A_69_3_4_comp1,P_1_A_69_3_4_comp1,R_1_A_69_3_4,TCDB,TCDB.1_A_69_3_4_comp1
G_1_A_48_1_5_comp1,P_1_A_48_1_5_comp1,R_1_A_48_1_5,TCDB,TCDB.1_A_48_1_5_comp1
G_2_A_55_2_13_comp1,P_2_A_55_2_13_comp1,R_2_A_55_2_13,TCDB,TCDB.2_A_55_2_13_comp1
G_2_A_47_1_5_comp1,P_2_A_47_1_5_comp1,R_2_A_47_1_5,TCDB,TCDB.2_A_47_1_5_comp1
G_1_G_3_1_3_comp1,P_1_G_3_1_3_comp1,R_1_G_3_1_3,TCDB,TCDB.1_G_3_1_3_comp1
G_1_C_85_1_8_comp1,P_1_C_85_1_8_comp1,R_1_C_85_1_8,TCDB,TCDB.1_C_85_1_8_comp1
G_2_A_1_19_41_comp1,P_2_A_1_19_41_comp1,R_2_A_1_19_41,TCDB,TCDB.2_A_1_19_41_comp1
G_1_A_4_2_4_comp1,P_1_A_4_2_4_comp1,R_1_A_4_2_4,TCDB,TCDB.1_A_4_2_4_comp1
G_8_A_24_1_4_comp1,P_8_A_24_1_4_comp1,R_8_A_24_1_4,TCDB,TCDB.8_A_24_1_4_comp1
G_8_A_10_3_1_comp1,P_8_A_10_3_1_comp1,R_8_A_10_3_1,TCDB,TCDB.8_A_10_3_1_comp1
G_8_A_10_4_1_comp1,P_8_A_10_4_1_comp1,R_8_A_10_4_1,TCDB,TCDB.8_A_10_4_1_comp1
G_2_A_40_6_1_comp1,P_2_A_40_6_1_comp1,R_2_A_40_6_1,TCDB,TCDB.2_A_40_6_1_comp1
G_5_B_2_1_2_comp1,P_5_B_2_1_2_comp1,R_5_B_2_1_2,TCDB,TCDB.5_B_2_1_2_comp1
G_1_A_1_11_12_comp1,P_1_A_1_11_12_comp1,R_1_A_1_11_12,TCDB,TCDB.1_A_1_11_12_comp1
G_1_A_4_1_2_comp1,P_1_A_4_1_2_comp1,R_1_A_4_1_2,TCDB,TCDB.1_A_4_1_2_comp1
G_2_A_53_2_3_comp1,P_2_A_53_2_3_comp1,R_2_A_53_2_3,TCDB,TCDB.2_A_53_2_3_comp1
G_2_A_3_8_6_comp1,P_2_A_3_8_6_comp1,R_2_A_3_8_6,TCDB,TCDB.2_A_3_8_6_comp1
G_9_B_40_1_2_comp1,P_9_B_40_1_2_comp1,R_9_B_40_1_2,TCDB,TCDB.9_B_40_1_2_comp1
G_3_A_1_5_16_comp1,P_3_A_1_5_16_comp1+3_A_1_5_16_comp2+3_A_1_5_16_comp3+3_A_1_5_16_comp4+3_A_1_5_16_comp5,R_3_A_1_5_16,TCDB,TCDB.3_A_1_5_16_comp1
G_3_A_1_5_16_comp2,P_3_A_1_5_16_comp1+3_A_1_5_16_comp2+3_A_1_5_16_comp3+3_A_1_5_16_comp4+3_A_1_5_16_comp5,R_3_A_1_5_16,TCDB,TCDB.3_A_1_5_16_comp2
G_3_A_1_5_16_comp3,P_3_A_1_5_16_comp1+3_A_1_5_16_comp2+3_A_1_5_16_comp3+3_A_1_5_16_comp4+3_A_1_5_16_comp5,R_3_A_1_5_16,TCDB,TCDB.3_A_1_5_16_comp3
G_3_A_1_5_16_comp4,P_3_A_1_5_16_comp1+3_A_1_5_16_comp2+3_A_1_5_16_comp3+3_A_1_5_16_comp4+3_A_1_5_16_comp5,R_3_A_1_5_16,TCDB,TCDB.3_A_1_5_16_comp4
G_3_A_1_5_16_comp5,P_3_A_1_5_16_comp1+3_A_1_5_16_comp2+3_A_1_5_16_comp3+3_A_1_5_16_comp4+3_A_1_5_16_comp5,R_3_A_1_5_16,TCDB,TCDB.3_A_1_5_16_comp5
G_3_A_1_5_29_comp1,P_3_A_1_5_29_comp1+3_A_1_5_29_comp2+3_A_1_5_29_comp3+3_A_1_5_29_comp4+3_A_1_5_29_comp5,R_3_A_1_5_29,TCDB,TCDB.3_A_1_5_29_comp1
G_3_A_1_5_29_comp2,P_3_A_1_5_29_comp1+3_A_1_5_29_comp2+3_A_1_5_29_comp3+3_A_1_5_29_comp4+3_A_1_5_29_comp5,R_3_A_1_5_29,TCDB,TCDB.3_A_1_5_29_comp2
G_3_A_1_5_29_comp3,P_3_A_1_5_29_comp1+3_A_1_5_29_comp2+3_A_1_5_29_comp3+3_A_1_5_29_comp4+3_A_1_5_29_comp5,R_3_A_1_5_29,TCDB,TCDB.3_A_1_5_29_comp3
G_3_A_1_5_29_comp4,P_3_A_1_5_29_comp1+3_A_1_5_29_comp2+3_A_1_5_29_comp3+3_A_1_5_29_comp4+3_A_1_5_29_comp5,R_3_A_1_5_29,TCDB,TCDB.3_A_1_5_29_comp4
G_3_A_1_5_29_comp5,P_3_A_1_5_29_comp1+3_A_1_5_29_comp2+3_A_1_5_29_comp3+3_A_1_5_29_comp4+3_A_1_5_29_comp5,R_3_A_1_5_29,TCDB,TCDB.3_A_1_5_29_comp5
G_3_A_1_5_13_comp1,P_3_A_1_5_13_comp1+3_A_1_5_13_comp2+3_A_1_5_13_comp3+3_A_1_5_13_comp4+3_A_1_5_13_comp5,R_3_A_1_5_13,TCDB,TCDB.3_A_1_5_13_comp1
G_3_A_1_5_13_comp2,P_3_A_1_5_13_comp1+3_A_1_5_13_comp2+3_A_1_5_13_comp3+3_A_1_5_13_comp4+3_A_1_5_13_comp5,R_3_A_1_5_13,TCDB,TCDB.3_A_1_5_13_comp2
G_3_A_1_5_13_comp3,P_3_A_1_5_13_comp1+3_A_1_5_13_comp2+3_A_1_5_13_comp3+3_A_1_5_13_comp4+3_A_1_5_13_comp5,R_3_A_1_5_13,TCDB,TCDB.3_A_1_5_13_comp3
G_3_A_1_5_13_comp4,P_3_A_1_5_13_comp1+3_A_1_5_13_comp2+3_A_1_5_13_comp3+3_A_1_5_13_comp4+3_A_1_5_13_comp5,R_3_A_1_5_13,TCDB,TCDB.3_A_1_5_13_comp4
G_3_A_1_5_13_comp5,P_3_A_1_5_13_comp1+3_A_1_5_13_comp2+3_A_1_5_13_comp3+3_A_1_5_13_comp4+3_A_1_5_13_comp5,R_3_A_1_5_13,TCDB,TCDB.3_A_1_5_13_comp5
G_3_A_1_2_18_comp1,P_3_A_1_2_18_comp1+3_A_1_2_18_comp2+3_A_1_2_18_comp3,R_3_A_1_2_18,TCDB,TCDB.3_A_1_2_18_comp1
G_3_A_1_2_18_comp2,P_3_A_1_2_18_comp1+3_A_1_2_18_comp2+3_A_1_2_18_comp3,R_3_A_1_2_18,TCDB,TCDB.3_A_1_2_18_comp2
G_3_A_1_2_18_comp3,P_3_A_1_2_18_comp1+3_A_1_2_18_comp2+3_A_1_2_18_comp3,R_3_A_1_2_18,TCDB,TCDB.3_A_1_2_18_comp3
G_3_A_1_25_5_comp1,P_3_A_1_25_5_comp1+3_A_1_25_5_comp2+3_A_1_25_5_comp3+3_A_1_25_5_comp4+3_A_1_25_5_comp5,R_3_A_1_25_5,TCDB,TCDB.3_A_1_25_5_comp1
G_3_A_1_25_5_comp2,P_3_A_1_25_5_comp1+3_A_1_25_5_comp2+3_A_1_25_5_comp3+3_A_1_25_5_comp4+3_A_1_25_5_comp5,R_3_A_1_25_5,TCDB,TCDB.3_A_1_25_5_comp2
G_3_A_1_25_5_comp3,P_3_A_1_25_5_comp1+3_A_1_25_5_comp2+3_A_1_25_5_comp3+3_A_1_25_5_comp4+3_A_1_25_5_comp5,R_3_A_1_25_5,TCDB,TCDB.3_A_1_25_5_comp3
G_3_A_1_25_5_comp4,P_3_A_1_25_5_comp1+3_A_1_25_5_comp2+3_A_1_25_5_comp3+3_A_1_25_5_comp4+3_A_1_25_5_comp5,R_3_A_1_25_5,TCDB,TCDB.3_A_1_25_5_comp4
G_3_A_1_25_5_comp5,P_3_A_1_25_5_comp1+3_A_1_25_5_comp2+3_A_1_25_5_comp3+3_A_1_25_5_comp4+3_A_1_25_5_comp5,R_3_A_1_25_5,TCDB,TCDB.3_A_1_25_5_comp5
G_3_A_1_1_37_comp1,P_3_A_1_1_37_comp1,R_3_A_1_1_37,TCDB,TCDB.3_A_1_1_37_comp1
G_3_A_1_135_5_comp1,P_3_A_1_135_5_comp1+3_A_1_135_5_comp2,R_3_A_1_135_5,TCDB,TCDB.3_A_1_135_5_comp1
G_3_A_1_135_5_comp2,P_3_A_1_135_5_comp1+3_A_1_135_5_comp2,R_3_A_1_135_5,TCDB,TCDB.3_A_1_135_5_comp2
G_3_A_1_5_30_comp1,P_3_A_1_5_30_comp1+3_A_1_5_30_comp2+3_A_1_5_30_comp3+3_A_1_5_30_comp4,R_3_A_1_5_30,TCDB,TCDB.3_A_1_5_30_comp1
G_3_A_1_5_30_comp2,P_3_A_1_5_30_comp1+3_A_1_5_30_comp2+3_A_1_5_30_comp3+3_A_1_5_30_comp4,R_3_A_1_5_30,TCDB,TCDB.3_A_1_5_30_comp2
G_3_A_1_5_30_comp3,P_3_A_1_5_30_comp1+3_A_1_5_30_comp2+3_A_1_5_30_comp3+3_A_1_5_30_comp4,R_3_A_1_5_30,TCDB,TCDB.3_A_1_5_30_comp3
G_3_A_1_5_30_comp4,P_3_A_1_5_30_comp1+3_A_1_5_30_comp2+3_A_1_5_30_comp3+3_A_1_5_30_comp4,R_3_A_1_5_30,TCDB,TCDB.3_A_1_5_30_comp4
G_3_A_3_5_33_comp1,P_3_A_3_5_33_comp1,R_3_A_3_5_33,TCDB,TCDB.3_A_3_5_33_comp1
G_3_A_1_1_38_comp1,P_3_A_1_1_38_comp1+3_A_1_1_38_comp2+3_A_1_1_38_comp3+3_A_1_1_38_comp4,R_3_A_1_1_38,TCDB,TCDB.3_A_1_1_38_comp1
G_3_A_1_1_38_comp2,P_3_A_1_1_38_comp1+3_A_1_1_38_comp2+3_A_1_1_38_comp3+3_A_1_1_38_comp4,R_3_A_1_1_38,TCDB,TCDB.3_A_1_1_38_comp2
G_3_A_1_1_38_comp3,P_3_A_1_1_38_comp1+3_A_1_1_38_comp2+3_A_1_1_38_comp3+3_A_1_1_38_comp4,R_3_A_1_1_38,TCDB,TCDB.3_A_1_1_38_comp3
G_3_A_1_1_38_comp4,P_3_A_1_1_38_comp1+3_A_1_1_38_comp2+3_A_1_1_38_comp3+3_A_1_1_38_comp4,R_3_A_1_1_38,TCDB,TCDB.3_A_1_1_38_comp4
G_3_A_1_1_39_comp1,P_3_A_1_1_39_comp1,R_3_A_1_1_39,TCDB,TCDB.3_A_1_1_39_comp1
G_1_A_35_3_2_comp1,P_1_A_35_3_2_comp1,R_1_A_35_3_2,TCDB,TCDB.1_A_35_3_2_comp1
G_3_A_29_1_7_comp1,P_3_A_29_1_7_comp1,R_3_A_29_1_7,TCDB,TCDB.3_A_29_1_7_comp1
G_3_A_1_1_40_comp1,P_3_A_1_1_40_comp1,R_3_A_1_1_40,TCDB,TCDB.3_A_1_1_40_comp1
G_2_A_66_1_28_comp1,P_2_A_66_1_28_comp1,R_2_A_66_1_28,TCDB,TCDB.2_A_66_1_28_comp1
G_3_A_1_2_19_comp1,P_3_A_1_2_19_comp1+3_A_1_2_19_comp2+3_A_1_2_19_comp3,R_3_A_1_2_19,TCDB,TCDB.3_A_1_2_19_comp1
G_3_A_1_2_19_comp2,P_3_A_1_2_19_comp1+3_A_1_2_19_comp2+3_A_1_2_19_comp3,R_3_A_1_2_19,TCDB,TCDB.3_A_1_2_19_comp2
G_3_A_1_2_19_comp3,P_3_A_1_2_19_comp1+3_A_1_2_19_comp2+3_A_1_2_19_comp3,R_3_A_1_2_19,TCDB,TCDB.3_A_1_2_19_comp3
G_3_A_1_5_12_comp1,P_3_A_1_5_12_comp1+3_A_1_5_12_comp2+3_A_1_5_12_comp3+3_A_1_5_12_comp4+3_A_1_5_12_comp5,R_3_A_1_5_12,TCDB,TCDB.3_A_1_5_12_comp1
G_3_A_1_5_12_comp2,P_3_A_1_5_12_comp1+3_A_1_5_12_comp2+3_A_1_5_12_comp3+3_A_1_5_12_comp4+3_A_1_5_12_comp5,R_3_A_1_5_12,TCDB,TCDB.3_A_1_5_12_comp2
G_3_A_1_5_12_comp3,P_3_A_1_5_12_comp1+3_A_1_5_12_comp2+3_A_1_5_12_comp3+3_A_1_5_12_comp4+3_A_1_5_12_comp5,R_3_A_1_5_12,TCDB,TCDB.3_A_1_5_12_comp3
G_3_A_1_5_12_comp4,P_3_A_1_5_12_comp1+3_A_1_5_12_comp2+3_A_1_5_12_comp3+3_A_1_5_12_comp4+3_A_1_5_12_comp5,R_3_A_1_5_12,TCDB,TCDB.3_A_1_5_12_comp4
G_3_A_1_5_12_comp5,P_3_A_1_5_12_comp1+3_A_1_5_12_comp2+3_A_1_5_12_comp3+3_A_1_5_12_comp4+3_A_1_5_12_comp5,R_3_A_1_5_12,TCDB,TCDB.3_A_1_5_12_comp5
G_2_A_38_1_4_comp1,P_2_A_38_1_4_comp1,R_2_A_38_1_4,TCDB,TCDB.2_A_38_1_4_comp1
G_9_B_161_1_1_comp1,P_9_B_161_1_1_comp1,R_9_B_161_1_1,TCDB,TCDB.9_B_161_1_1_comp1
G_3_A_1_5_31_comp1,P_3_A_1_5_31_comp1+3_A_1_5_31_comp2+3_A_1_5_31_comp3,R_3_A_1_5_31,TCDB,TCDB.3_A_1_5_31_comp1
G_3_A_1_5_31_comp2,P_3_A_1_5_31_comp1+3_A_1_5_31_comp2+3_A_1_5_31_comp3,R_3_A_1_5_31,TCDB,TCDB.3_A_1_5_31_comp2
G_3_A_1_5_31_comp3,P_3_A_1_5_31_comp1+3_A_1_5_31_comp2+3_A_1_5_31_comp3,R_3_A_1_5_31,TCDB,TCDB.3_A_1_5_31_comp3
G_3_A_1_5_14_comp1,P_3_A_1_5_14_comp1+3_A_1_5_14_comp2+3_A_1_5_14_comp3+3_A_1_5_14_comp4+3_A_1_5_14_comp5,R_3_A_1_5_14,TCDB,TCDB.3_A_1_5_14_comp1
G_3_A_1_5_14_comp2,P_3_A_1_5_14_comp1+3_A_1_5_14_comp2+3_A_1_5_14_comp3+3_A_1_5_14_comp4+3_A_1_5_14_comp5,R_3_A_1_5_14,TCDB,TCDB.3_A_1_5_14_comp2
G_3_A_1_5_14_comp3,P_3_A_1_5_14_comp1+3_A_1_5_14_comp2+3_A_1_5_14_comp3+3_A_1_5_14_comp4+3_A_1_5_14_comp5,R_3_A_1_5_14,TCDB,TCDB.3_A_1_5_14_comp3
G_3_A_1_5_14_comp4,P_3_A_1_5_14_comp1+3_A_1_5_14_comp2+3_A_1_5_14_comp3+3_A_1_5_14_comp4+3_A_1_5_14_comp5,R_3_A_1_5_14,TCDB,TCDB.3_A_1_5_14_comp4
G_3_A_1_5_14_comp5,P_3_A_1_5_14_comp1+3_A_1_5_14_comp2+3_A_1_5_14_comp3+3_A_1_5_14_comp4+3_A_1_5_14_comp5,R_3_A_1_5_14,TCDB,TCDB.3_A_1_5_14_comp5
G_3_A_1_5_15_comp1,P_3_A_1_5_15_comp1+3_A_1_5_15_comp2+3_A_1_5_15_comp3+3_A_1_5_15_comp4+3_A_1_5_15_comp5,R_3_A_1_5_15,TCDB,TCDB.3_A_1_5_15_comp1
G_3_A_1_5_15_comp2,P_3_A_1_5_15_comp1+3_A_1_5_15_comp2+3_A_1_5_15_comp3+3_A_1_5_15_comp4+3_A_1_5_15_comp5,R_3_A_1_5_15,TCDB,TCDB.3_A_1_5_15_comp2
G_3_A_1_5_15_comp3,P_3_A_1_5_15_comp1+3_A_1_5_15_comp2+3_A_1_5_15_comp3+3_A_1_5_15_comp4+3_A_1_5_15_comp5,R_3_A_1_5_15,TCDB,TCDB.3_A_1_5_15_comp3
G_3_A_1_5_15_comp4,P_3_A_1_5_15_comp1+3_A_1_5_15_comp2+3_A_1_5_15_comp3+3_A_1_5_15_comp4+3_A_1_5_15_comp5,R_3_A_1_5_15,TCDB,TCDB.3_A_1_5_15_comp4
G_3_A_1_5_15_comp5,P_3_A_1_5_15_comp1+3_A_1_5_15_comp2+3_A_1_5_15_comp3+3_A_1_5_15_comp4+3_A_1_5_15_comp5,R_3_A_1_5_15,TCDB,TCDB.3_A_1_5_15_comp5
G_9_A_52_1_1_comp1,P_9_A_52_1_1_comp1,R_9_A_52_1_1,TCDB,TCDB.9_A_52_1_1_comp1
G_3_A_1_118_1_comp1,P_3_A_1_118_1_comp1,R_3_A_1_118_1,TCDB,TCDB.3_A_1_118_1_comp1
G_3_A_1_130_1_comp1,P_3_A_1_130_1_comp1+3_A_1_130_1_comp2,R_3_A_1_130_1,TCDB,TCDB.3_A_1_130_1_comp1
G_3_A_1_130_1_comp2,P_3_A_1_130_1_comp1+3_A_1_130_1_comp2,R_3_A_1_130_1,TCDB,TCDB.3_A_1_130_1_comp2
G_2_A_15_1_11_comp1,P_2_A_15_1_11_comp1,R_2_A_15_1_11,TCDB,TCDB.2_A_15_1_11_comp1
G_9_B_18_1_4_comp1,P_9_B_18_1_4_comp1,R_9_B_18_1_4,TCDB,TCDB.9_B_18_1_4_comp1
G_2_A_7_5_2_comp1,P_2_A_7_5_2_comp1,R_2_A_7_5_2,TCDB,TCDB.2_A_7_5_2_comp1
G_2_A_1_30_1_comp1,P_2_A_1_30_1_comp1,R_2_A_1_30_1,TCDB,TCDB.2_A_1_30_1_comp1
G_3_A_1_5_7_comp1,P_3_A_1_5_7_comp1,R_3_A_1_5_7,TCDB,TCDB.3_A_1_5_7_comp1
G_3_A_3_3_3_comp1,P_3_A_3_3_3_comp1,R_3_A_3_3_3,TCDB,TCDB.3_A_3_3_3_comp1
G_2_A_2_2_3_comp1,P_2_A_2_2_3_comp1,R_2_A_2_2_3,TCDB,TCDB.2_A_2_2_3_comp1
G_3_D_3_5_4_comp1,P_3_D_3_5_4_comp1+3_D_3_5_4_comp2+3_D_3_5_4_comp3,R_3_D_3_5_4,TCDB,TCDB.3_D_3_5_4_comp1
G_3_D_3_5_4_comp2,P_3_D_3_5_4_comp1+3_D_3_5_4_comp2+3_D_3_5_4_comp3,R_3_D_3_5_4,TCDB,TCDB.3_D_3_5_4_comp2
G_3_D_3_5_4_comp3,P_3_D_3_5_4_comp1+3_D_3_5_4_comp2+3_D_3_5_4_comp3,R_3_D_3_5_4,TCDB,TCDB.3_D_3_5_4_comp3
G_3_D_4_4_5_comp1,P_3_D_4_4_5_comp1+3_D_4_4_5_comp2+3_D_4_4_5_comp3+3_D_4_4_5_comp4,R_3_D_4_4_5,TCDB,TCDB.3_D_4_4_5_comp1
G_3_D_4_4_5_comp2,P_3_D_4_4_5_comp1+3_D_4_4_5_comp2+3_D_4_4_5_comp3+3_D_4_4_5_comp4,R_3_D_4_4_5,TCDB,TCDB.3_D_4_4_5_comp2
G_3_D_4_4_5_comp3,P_3_D_4_4_5_comp1+3_D_4_4_5_comp2+3_D_4_4_5_comp3+3_D_4_4_5_comp4,R_3_D_4_4_5,TCDB,TCDB.3_D_4_4_5_comp3
G_3_D_4_4_5_comp4,P_3_D_4_4_5_comp1+3_D_4_4_5_comp2+3_D_4_4_5_comp3+3_D_4_4_5_comp4,R_3_D_4_4_5,TCDB,TCDB.3_D_4_4_5_comp4
G_2_A_4_8_1_comp1,P_2_A_4_8_1_comp1,R_2_A_4_8_1,TCDB,TCDB.2_A_4_8_1_comp1
G_9_B_111_1_1_comp1,P_9_B_111_1_1_comp1,R_9_B_111_1_1,TCDB,TCDB.9_B_111_1_1_comp1
G_2_A_1_21_16_comp1,P_2_A_1_21_16_comp1,R_2_A_1_21_16,TCDB,TCDB.2_A_1_21_16_comp1
G_2_A_12_1_17_comp1,P_2_A_12_1_17_comp1,R_2_A_12_1_17,TCDB,TCDB.2_A_12_1_17_comp1
G_9_B_141_1_1_comp1,P_9_B_141_1_1_comp1,R_9_B_141_1_1,TCDB,TCDB.9_B_141_1_1_comp1
G_2_A_1_21_15_comp1,P_2_A_1_21_15_comp1,R_2_A_1_21_15,TCDB,TCDB.2_A_1_21_15_comp1
G_1_B_89_1_21_comp1,P_1_B_89_1_21_comp1,R_1_B_89_1_21,TCDB,TCDB.1_B_89_1_21_comp1
G_9_A_31_1_2_comp1,P_9_A_31_1_2_comp1,R_9_A_31_1_2,TCDB,TCDB.9_A_31_1_2_comp1
G_1_A_1_13_5_comp1,P_1_A_1_13_5_comp1,R_1_A_1_13_5,TCDB,TCDB.1_A_1_13_5_comp1
G_1_C_1_3_4_comp1,P_1_C_1_3_4_comp1,R_1_C_1_3_4,TCDB,TCDB.1_C_1_3_4_comp1
G_1_B_14_1_33_comp1,P_1_B_14_1_33_comp1,R_1_B_14_1_33,TCDB,TCDB.1_B_14_1_33_comp1
G_1_B_12_5_4_comp1,P_1_B_12_5_4_comp1,R_1_B_12_5_4,TCDB,TCDB.1_B_12_5_4_comp1
G_3_A_1_15_7_comp1,P_3_A_1_15_7_comp1+3_A_1_15_7_comp2+3_A_1_15_7_comp3+3_A_1_15_7_comp4,R_3_A_1_15_7,TCDB,TCDB.3_A_1_15_7_comp1
G_3_A_1_15_7_comp2,P_3_A_1_15_7_comp1+3_A_1_15_7_comp2+3_A_1_15_7_comp3+3_A_1_15_7_comp4,R_3_A_1_15_7,TCDB,TCDB.3_A_1_15_7_comp2
G_3_A_1_15_7_comp3,P_3_A_1_15_7_comp1+3_A_1_15_7_comp2+3_A_1_15_7_comp3+3_A_1_15_7_comp4,R_3_A_1_15_7,TCDB,TCDB.3_A_1_15_7_comp3
G_3_A_1_15_7_comp4,P_3_A_1_15_7_comp1+3_A_1_15_7_comp2+3_A_1_15_7_comp3+3_A_1_15_7_comp4,R_3_A_1_15_7,TCDB,TCDB.3_A_1_15_7_comp4
G_1_B_12_8_3_comp1,P_1_B_12_8_3_comp1,R_1_B_12_8_3,TCDB,TCDB.1_B_12_8_3_comp1
G_8_A_1_5_1_comp1,P_8_A_1_5_1_comp1,R_8_A_1_5_1,TCDB,TCDB.8_A_1_5_1_comp1
G_2_A_18_3_2_comp1,P_2_A_18_3_2_comp1,R_2_A_18_3_2,TCDB,TCDB.2_A_18_3_2_comp1
G_2_A_18_3_3_comp1,P_2_A_18_3_3_comp1,R_2_A_18_3_3,TCDB,TCDB.2_A_18_3_3_comp1
G_1_A_17_5_19_comp1,P_1_A_17_5_19_comp1,R_1_A_17_5_19,TCDB,TCDB.1_A_17_5_19_comp1
G_9_A_17_1_3_comp1,P_9_A_17_1_3_comp1,R_9_A_17_1_3,TCDB,TCDB.9_A_17_1_3_comp1
G_1_A_8_11_7_comp1,P_1_A_8_11_7_comp1,R_1_A_8_11_7,TCDB,TCDB.1_A_8_11_7_comp1
G_2_A_49_3_2_comp1,P_2_A_49_3_2_comp1,R_2_A_49_3_2,TCDB,TCDB.2_A_49_3_2_comp1
G_1_A_1_7_6_comp1,P_1_A_1_7_6_comp1,R_1_A_1_7_6,TCDB,TCDB.1_A_1_7_6_comp1
G_1_A_8_10_2_comp1,P_1_A_8_10_2_comp1,R_1_A_8_10_2,TCDB,TCDB.1_A_8_10_2_comp1
G_2_A_50_4_10_comp1,P_2_A_50_4_10_comp1,R_2_A_50_4_10,TCDB,TCDB.2_A_50_4_10_comp1
G_4_C_1_1_14_comp1,P_4_C_1_1_14_comp1,R_4_C_1_1_14,TCDB,TCDB.4_C_1_1_14_comp1
G_3_A_1_205_9_comp1,P_3_A_1_205_9_comp1,R_3_A_1_205_9,TCDB,TCDB.3_A_1_205_9_comp1
G_3_A_3_8_6_comp1,P_3_A_3_8_6_comp1,R_3_A_3_8_6,TCDB,TCDB.3_A_3_8_6_comp1
G_2_A_1_1_75_comp1,P_2_A_1_1_75_comp1,R_2_A_1_1_75,TCDB,TCDB.2_A_1_1_75_comp1
G_2_A_71_2_6_comp1,P_2_A_71_2_6_comp1,R_2_A_71_2_6,TCDB,TCDB.2_A_71_2_6_comp1
G_1_E_30_1_1_comp1,P_1_E_30_1_1_comp1,R_1_E_30_1_1,TCDB,TCDB.1_E_30_1_1_comp1
G_1_A_4_2_3_comp1,P_1_A_4_2_3_comp1,R_1_A_4_2_3,TCDB,TCDB.1_A_4_2_3_comp1
G_8_A_117_1_5_comp1,P_8_A_117_1_5_comp1,R_8_A_117_1_5,TCDB,TCDB.8_A_117_1_5_comp1
G_3_A_3_2_16_comp1,P_3_A_3_2_16_comp1,R_3_A_3_2_16,TCDB,TCDB.3_A_3_2_16_comp1
G_8_A_80_1_2_comp1,P_8_A_80_1_2_comp1,R_8_A_80_1_2,TCDB,TCDB.8_A_80_1_2_comp1
G_2_A_5_4_18_comp1,P_2_A_5_4_18_comp1,R_2_A_5_4_18,TCDB,TCDB.2_A_5_4_18_comp1
G_3_A_1_210_7_comp1,P_3_A_1_210_7_comp1,R_3_A_1_210_7,TCDB,TCDB.3_A_1_210_7_comp1
G_8_A_36_1_1_comp1,P_8_A_36_1_1_comp1,R_8_A_36_1_1,TCDB,TCDB.8_A_36_1_1_comp1
G_8_A_97_1_2_comp1,P_8_A_97_1_2_comp1,R_8_A_97_1_2,TCDB,TCDB.8_A_97_1_2_comp1
G_8_A_116_2_1_comp1,P_8_A_116_2_1_comp1,R_8_A_116_2_1,TCDB,TCDB.8_A_116_2_1_comp1
G_1_A_79_1_8_comp1,P_1_A_79_1_8_comp1,R_1_A_79_1_8,TCDB,TCDB.1_A_79_1_8_comp1
G_8_B_36_1_3_comp1,P_8_B_36_1_3_comp1,R_8_B_36_1_3,TCDB,TCDB.8_B_36_1_3_comp1
G_1_A_3_2_16_comp1,P_1_A_3_2_16_comp1,R_1_A_3_2_16,TCDB,TCDB.1_A_3_2_16_comp1
G_2_A_57_2_2_comp1,P_2_A_57_2_2_comp1,R_2_A_57_2_2,TCDB,TCDB.2_A_57_2_2_comp1
G_1_A_4_1_5_comp1,P_1_A_4_1_5_comp1,R_1_A_4_1_5,TCDB,TCDB.1_A_4_1_5_comp1
G_2_A_1_19_17_comp1,P_2_A_1_19_17_comp1,R_2_A_1_19_17,TCDB,TCDB.2_A_1_19_17_comp1
G_1_A_1_8_3_comp1,P_1_A_1_8_3_comp1,R_1_A_1_8_3,TCDB,TCDB.1_A_1_8_3_comp1
G_2_A_1_19_22_comp1,P_2_A_1_19_22_comp1,R_2_A_1_19_22,TCDB,TCDB.2_A_1_19_22_comp1
G_9_A_14_13_2_comp1,P_9_A_14_13_2_comp1,R_9_A_14_13_2,TCDB,TCDB.9_A_14_13_2_comp1
G_3_A_28_1_5_comp1,P_3_A_28_1_5_comp1,R_3_A_28_1_5,TCDB,TCDB.3_A_28_1_5_comp1
G_1_C_81_2_1_comp1,P_1_C_81_2_1_comp1,R_1_C_81_2_1,TCDB,TCDB.1_C_81_2_1_comp1
G_2_A_21_5_7_comp1,P_2_A_21_5_7_comp1,R_2_A_21_5_7,TCDB,TCDB.2_A_21_5_7_comp1
G_2_A_1_14_24_comp1,P_2_A_1_14_24_comp1,R_2_A_1_14_24,TCDB,TCDB.2_A_1_14_24_comp1
G_2_A_7_12_7_comp1,P_2_A_7_12_7_comp1,R_2_A_7_12_7,TCDB,TCDB.2_A_7_12_7_comp1
G_2_A_36_1_9_comp1,P_2_A_36_1_9_comp1,R_2_A_36_1_9,TCDB,TCDB.2_A_36_1_9_comp1
G_3_A_3_8_12_comp1,P_3_A_3_8_12_comp1,R_3_A_3_8_12,TCDB,TCDB.3_A_3_8_12_comp1
G_4_C_1_1_11_comp1,P_4_C_1_1_11_comp1,R_4_C_1_1_11,TCDB,TCDB.4_C_1_1_11_comp1
G_4_C_1_1_13_comp1,P_4_C_1_1_13_comp1,R_4_C_1_1_13,TCDB,TCDB.4_C_1_1_13_comp1
G_3_A_3_8_13_comp1,P_3_A_3_8_13_comp1,R_3_A_3_8_13,TCDB,TCDB.3_A_3_8_13_comp1
G_2_A_2_4_10_comp1,P_2_A_2_4_10_comp1,R_2_A_2_4_10,TCDB,TCDB.2_A_2_4_10_comp1
G_8_A_82_2_5_comp1,P_8_A_82_2_5_comp1,R_8_A_82_2_5,TCDB,TCDB.8_A_82_2_5_comp1
G_2_A_22_2_10_comp1,P_2_A_22_2_10_comp1,R_2_A_22_2_10,TCDB,TCDB.2_A_22_2_10_comp1
G_9_B_188_1_8_comp1,P_9_B_188_1_8_comp1,R_9_B_188_1_8,TCDB,TCDB.9_B_188_1_8_comp1
G_9_B_188_1_3_comp1,P_9_B_188_1_3_comp1,R_9_B_188_1_3,TCDB,TCDB.9_B_188_1_3_comp1
G_1_A_1_5_10_comp1,P_1_A_1_5_10_comp1,R_1_A_1_5_10,TCDB,TCDB.1_A_1_5_10_comp1
G_8_A_24_1_12_comp1,P_8_A_24_1_12_comp1,R_8_A_24_1_12,TCDB,TCDB.8_A_24_1_12_comp1
G_8_A_25_1_6_comp1,P_8_A_25_1_6_comp1,R_8_A_25_1_6,TCDB,TCDB.8_A_25_1_6_comp1
G_8_A_25_1_7_comp1,P_8_A_25_1_7_comp1,R_8_A_25_1_7,TCDB,TCDB.8_A_25_1_7_comp1
G_8_A_66_1_7_comp1,P_8_A_66_1_7_comp1,R_8_A_66_1_7,TCDB,TCDB.8_A_66_1_7_comp1
G_1_B_33_3_4_comp1,P_1_B_33_3_4_comp1,R_1_B_33_3_4,TCDB,TCDB.1_B_33_3_4_comp1
G_2_A_82_1_3_comp1,P_2_A_82_1_3_comp1,R_2_A_82_1_3,TCDB,TCDB.2_A_82_1_3_comp1
G_9_B_135_2_3_comp1,P_9_B_135_2_3_comp1,R_9_B_135_2_3,TCDB,TCDB.9_B_135_2_3_comp1
G_8_A_23_1_52_comp1,P_8_A_23_1_52_comp1,R_8_A_23_1_52,TCDB,TCDB.8_A_23_1_52_comp1
G_1_H_1_1_1_comp1,P_1_H_1_1_1_comp1,R_1_H_1_1_1,TCDB,TCDB.1_H_1_1_1_comp1
G_8_A_34_1_5_comp1,P_8_A_34_1_5_comp1,R_8_A_34_1_5,TCDB,TCDB.8_A_34_1_5_comp1
G_2_D_1_1_10_comp1,P_2_D_1_1_10_comp1,R_2_D_1_1_10,TCDB,TCDB.2_D_1_1_10_comp1
G_8_A_131_1_8_comp1,P_8_A_131_1_8_comp1,R_8_A_131_1_8,TCDB,TCDB.8_A_131_1_8_comp1
G_1_A_4_2_8_comp1,P_1_A_4_2_8_comp1,R_1_A_4_2_8,TCDB,TCDB.1_A_4_2_8_comp1
G_5_B_1_1_3_comp1,P_5_B_1_1_3_comp1,R_5_B_1_1_3,TCDB,TCDB.5_B_1_1_3_comp1
G_9_B_418_1_1_comp1,P_9_B_418_1_1_comp1,R_9_B_418_1_1,TCDB,TCDB.9_B_418_1_1_comp1
G_2_A_1_28_1_comp1,P_2_A_1_28_1_comp1,R_2_A_1_28_1,TCDB,TCDB.2_A_1_28_1_comp1
G_8_A_131_1_4_comp1,P_8_A_131_1_4_comp1,R_8_A_131_1_4,TCDB,TCDB.8_A_131_1_4_comp1
G_9_B_87_1_26_comp1,P_9_B_87_1_26_comp1,R_9_B_87_1_26,TCDB,TCDB.9_B_87_1_26_comp1
G_8_A_32_1_2_comp1,P_8_A_32_1_2_comp1,R_8_A_32_1_2,TCDB,TCDB.8_A_32_1_2_comp1
G_2_A_29_19_2_comp1,P_2_A_29_19_2_comp1,R_2_A_29_19_2,TCDB,TCDB.2_A_29_19_2_comp1
G_8_A_23_1_8_comp1,P_8_A_23_1_8_comp1,R_8_A_23_1_8,TCDB,TCDB.8_A_23_1_8_comp1
G_2_A_30_1_16_comp1,P_2_A_30_1_16_comp1,R_2_A_30_1_16,TCDB,TCDB.2_A_30_1_16_comp1
G_8_A_14_1_3_comp1,P_8_A_14_1_3_comp1,R_8_A_14_1_3,TCDB,TCDB.8_A_14_1_3_comp1
G_1_A_82_1_6_comp1,P_1_A_82_1_6_comp1,R_1_A_82_1_6,TCDB,TCDB.1_A_82_1_6_comp1
G_2_A_1_19_25_comp1,P_2_A_1_19_25_comp1,R_2_A_1_19_25,TCDB,TCDB.2_A_1_19_25_comp1
G_1_A_12_1_6_comp1,P_1_A_12_1_6_comp1,R_1_A_12_1_6,TCDB,TCDB.1_A_12_1_6_comp1
G_8_A_16_2_1_comp1,P_8_A_16_2_1_comp1,R_8_A_16_2_1,TCDB,TCDB.8_A_16_2_1_comp1
G_2_A_6_6_14_comp1,P_2_A_6_6_14_comp1,R_2_A_6_6_14,TCDB,TCDB.2_A_6_6_14_comp1
G_2_A_29_25_2_comp1,P_2_A_29_25_2_comp1,R_2_A_29_25_2,TCDB,TCDB.2_A_29_25_2_comp1
G_2_A_126_1_19_comp1,P_2_A_126_1_19_comp1,R_2_A_126_1_19,TCDB,TCDB.2_A_126_1_19_comp1
G_8_A_10_3_3_comp1,P_8_A_10_3_3_comp1,R_8_A_10_3_3,TCDB,TCDB.8_A_10_3_3_comp1
G_1_B_69_1_1_comp1,P_1_B_69_1_1_comp1,R_1_B_69_1_1,TCDB,TCDB.1_B_69_1_1_comp1
G_4_F_1_1_1_comp1,P_4_F_1_1_1_comp1,R_4_F_1_1_1,TCDB,TCDB.4_F_1_1_1_comp1
G_2_A_60_1_5_comp1,P_2_A_60_1_5_comp1,R_2_A_60_1_5,TCDB,TCDB.2_A_60_1_5_comp1
G_2_A_4_2_6_comp1,P_2_A_4_2_6_comp1,R_2_A_4_2_6,TCDB,TCDB.2_A_4_2_6_comp1
G_2_A_31_2_11_comp1,P_2_A_31_2_11_comp1,R_2_A_31_2_11,TCDB,TCDB.2_A_31_2_11_comp1
G_1_A_13_1_4_comp1,P_1_A_13_1_4_comp1,R_1_A_13_1_4,TCDB,TCDB.1_A_13_1_4_comp1
G_2_A_31_2_12_comp1,P_2_A_31_2_12_comp1,R_2_A_31_2_12,TCDB,TCDB.2_A_31_2_12_comp1
G_9_B_313_1_7_comp1,P_9_B_313_1_7_comp1,R_9_B_313_1_7,TCDB,TCDB.9_B_313_1_7_comp1
G_8_A_124_1_1_comp1,P_8_A_124_1_1_comp1,R_8_A_124_1_1,TCDB,TCDB.8_A_124_1_1_comp1
G_2_A_3_4_2_comp1,P_2_A_3_4_2_comp1,R_2_A_3_4_2,TCDB,TCDB.2_A_3_4_2_comp1
G_2_A_108_2_8_comp1,P_2_A_108_2_8_comp1,R_2_A_108_2_8,TCDB,TCDB.2_A_108_2_8_comp1
G_3_A_1_26_6_comp1,P_3_A_1_26_6_comp1+3_A_1_26_6_comp2+3_A_1_26_6_comp3+3_A_1_26_6_comp4,R_3_A_1_26_6,TCDB,TCDB.3_A_1_26_6_comp1
G_3_A_1_26_6_comp2,P_3_A_1_26_6_comp1+3_A_1_26_6_comp2+3_A_1_26_6_comp3+3_A_1_26_6_comp4,R_3_A_1_26_6,TCDB,TCDB.3_A_1_26_6_comp2
G_3_A_1_26_6_comp3,P_3_A_1_26_6_comp1+3_A_1_26_6_comp2+3_A_1_26_6_comp3+3_A_1_26_6_comp4,R_3_A_1_26_6,TCDB,TCDB.3_A_1_26_6_comp3
G_3_A_1_26_6_comp4,P_3_A_1_26_6_comp1+3_A_1_26_6_comp2+3_A_1_26_6_comp3+3_A_1_26_6_comp4,R_3_A_1_26_6,TCDB,TCDB.3_A_1_26_6_comp4
G_2_A_1_29_2_comp1,P_2_A_1_29_2_comp1,R_2_A_1_29_2,TCDB,TCDB.2_A_1_29_2_comp1
G_3_A_3_5_28_comp1,P_3_A_3_5_28_comp1,R_3_A_3_5_28,TCDB,TCDB.3_A_3_5_28_comp1
G_1_A_1_17_1_comp1,P_1_A_1_17_1_comp1,R_1_A_1_17_1,TCDB,TCDB.1_A_1_17_1_comp1
G_1_A_93_1_1_comp1,P_1_A_93_1_1_comp1,R_1_A_93_1_1,TCDB,TCDB.1_A_93_1_1_comp1
G_1_G_4_1_4_comp1,P_1_G_4_1_4_comp1,R_1_G_4_1_4,TCDB,TCDB.1_G_4_1_4_comp1
G_1_A_122_1_2_comp1,P_1_A_122_1_2_comp1,R_1_A_122_1_2,TCDB,TCDB.1_A_122_1_2_comp1
G_1_A_68_1_2_comp1,P_1_A_68_1_2_comp1,R_1_A_68_1_2,TCDB,TCDB.1_A_68_1_2_comp1
G_1_A_53_1_4_comp1,P_1_A_53_1_4_comp1,R_1_A_53_1_4,TCDB,TCDB.1_A_53_1_4_comp1
G_1_H_1_1_12_comp1,P_1_H_1_1_12_comp1,R_1_H_1_1_12,TCDB,TCDB.1_H_1_1_12_comp1
G_1_H_1_1_10_comp1,P_1_H_1_1_10_comp1,R_1_H_1_1_10,TCDB,TCDB.1_H_1_1_10_comp1
G_2_A_47_1_4_comp1,P_2_A_47_1_4_comp1,R_2_A_47_1_4,TCDB,TCDB.2_A_47_1_4_comp1
G_1_A_4_2_2_comp1,P_1_A_4_2_2_comp1,R_1_A_4_2_2,TCDB,TCDB.1_A_4_2_2_comp1
G_1_A_1_3_4_comp1,P_1_A_1_3_4_comp1,R_1_A_1_3_4,TCDB,TCDB.1_A_1_3_4_comp1
G_8_A_21_3_2_comp1,P_8_A_21_3_2_comp1,R_8_A_21_3_2,TCDB,TCDB.8_A_21_3_2_comp1
G_8_A_29_1_1_comp1,P_8_A_29_1_1_comp1,R_8_A_29_1_1,TCDB,TCDB.8_A_29_1_1_comp1
G_3_A_1_110_8_comp1,P_3_A_1_110_8_comp1,R_3_A_1_110_8,TCDB,TCDB.3_A_1_110_8_comp1
G_1_B_14_9_1_comp1,P_1_B_14_9_1_comp1,R_1_B_14_9_1,TCDB,TCDB.1_B_14_9_1_comp1
G_3_A_1_1_8_comp1,P_3_A_1_1_8_comp1+3_A_1_1_8_comp2+3_A_1_1_8_comp3+3_A_1_1_8_comp4,R_3_A_1_1_8,TCDB,TCDB.3_A_1_1_8_comp1
G_3_A_1_1_8_comp2,P_3_A_1_1_8_comp1+3_A_1_1_8_comp2+3_A_1_1_8_comp3+3_A_1_1_8_comp4,R_3_A_1_1_8,TCDB,TCDB.3_A_1_1_8_comp2
G_3_A_1_1_8_comp3,P_3_A_1_1_8_comp1+3_A_1_1_8_comp2+3_A_1_1_8_comp3+3_A_1_1_8_comp4,R_3_A_1_1_8,TCDB,TCDB.3_A_1_1_8_comp3
G_3_A_1_1_8_comp4,P_3_A_1_1_8_comp1+3_A_1_1_8_comp2+3_A_1_1_8_comp3+3_A_1_1_8_comp4,R_3_A_1_1_8,TCDB,TCDB.3_A_1_1_8_comp4
G_9_B_67_6_3_comp1,P_9_B_67_6_3_comp1,R_9_B_67_6_3,TCDB,TCDB.9_B_67_6_3_comp1
G_2_A_70_1_2_comp1,P_2_A_70_1_2_comp1+2_A_70_1_2_comp2,R_2_A_70_1_2,TCDB,TCDB.2_A_70_1_2_comp1
G_2_A_70_1_2_comp2,P_2_A_70_1_2_comp1+2_A_70_1_2_comp2,R_2_A_70_1_2,TCDB,TCDB.2_A_70_1_2_comp2
G_1_C_58_1_1_comp1,P_1_C_58_1_1_comp1,R_1_C_58_1_1,TCDB,TCDB.1_C_58_1_1_comp1
G_3_A_1_119_2_comp1,P_3_A_1_119_2_comp1+3_A_1_119_2_comp2,R_3_A_1_119_2,TCDB,TCDB.3_A_1_119_2_comp1
G_3_A_1_119_2_comp2,P_3_A_1_119_2_comp1+3_A_1_119_2_comp2,R_3_A_1_119_2,TCDB,TCDB.3_A_1_119_2_comp2
G_9_B_15_2_2_comp1,P_9_B_15_2_2_comp1,R_9_B_15_2_2,TCDB,TCDB.9_B_15_2_2_comp1
G_1_B_12_1_3_comp1,P_1_B_12_1_3_comp1,R_1_B_12_1_3,TCDB,TCDB.1_B_12_1_3_comp1
G_9_B_159_6_4_comp1,P_9_B_159_6_4_comp1,R_9_B_159_6_4,TCDB,TCDB.9_B_159_6_4_comp1
G_1_B_23_1_11_comp1,P_1_B_23_1_11_comp1,R_1_B_23_1_11,TCDB,TCDB.1_B_23_1_11_comp1
G_2_A_3_2_7_comp1,P_2_A_3_2_7_comp1,R_2_A_3_2_7,TCDB,TCDB.2_A_3_2_7_comp1
G_2_A_1_4_6_comp1,P_2_A_1_4_6_comp1,R_2_A_1_4_6,TCDB,TCDB.2_A_1_4_6_comp1
G_9_B_159_6_6_comp1,P_9_B_159_6_6_comp1,R_9_B_159_6_6,TCDB,TCDB.9_B_159_6_6_comp1
G_9_B_159_10_1_comp1,P_9_B_159_10_1_comp1,R_9_B_159_10_1,TCDB,TCDB.9_B_159_10_1_comp1
G_1_C_39_12_2_comp1,P_1_C_39_12_2_comp1,R_1_C_39_12_2,TCDB,TCDB.1_C_39_12_2_comp1
G_1_B_31_1_1_comp1,P_1_B_31_1_1_comp1,R_1_B_31_1_1,TCDB,TCDB.1_B_31_1_1_comp1
G_2_A_103_1_9_comp1,P_2_A_103_1_9_comp1,R_2_A_103_1_9,TCDB,TCDB.2_A_103_1_9_comp1
G_2_A_39_1_6_comp1,P_2_A_39_1_6_comp1,R_2_A_39_1_6,TCDB,TCDB.2_A_39_1_6_comp1
G_3_A_1_146_1_comp1,P_3_A_1_146_1_comp1+3_A_1_146_1_comp2+3_A_1_146_1_comp3+3_A_1_146_1_comp4,R_3_A_1_146_1,TCDB,TCDB.3_A_1_146_1_comp1
G_3_A_1_146_1_comp2,P_3_A_1_146_1_comp1+3_A_1_146_1_comp2+3_A_1_146_1_comp3+3_A_1_146_1_comp4,R_3_A_1_146_1,TCDB,TCDB.3_A_1_146_1_comp2
G_3_A_1_146_1_comp3,P_3_A_1_146_1_comp1+3_A_1_146_1_comp2+3_A_1_146_1_comp3+3_A_1_146_1_comp4,R_3_A_1_146_1,TCDB,TCDB.3_A_1_146_1_comp3
G_3_A_1_146_1_comp4,P_3_A_1_146_1_comp1+3_A_1_146_1_comp2+3_A_1_146_1_comp3+3_A_1_146_1_comp4,R_3_A_1_146_1,TCDB,TCDB.3_A_1_146_1_comp4
G_2_A_12_1_4_comp1,P_2_A_12_1_4_comp1,R_2_A_12_1_4,TCDB,TCDB.2_A_12_1_4_comp1
G_2_A_1_64_2_comp1,P_2_A_1_64_2_comp1,R_2_A_1_64_2,TCDB,TCDB.2_A_1_64_2_comp1
G_3_A_1_210_3_comp1,P_3_A_1_210_3_comp1,R_3_A_1_210_3,TCDB,TCDB.3_A_1_210_3_comp1
G_2_A_7_3_7_comp1,P_2_A_7_3_7_comp1,R_2_A_7_3_7,TCDB,TCDB.2_A_7_3_7_comp1
G_2_A_1_4_11_comp1,P_2_A_1_4_11_comp1,R_2_A_1_4_11,TCDB,TCDB.2_A_1_4_11_comp1
G_1_B_22_2_4_comp1,P_1_B_22_2_4_comp1,R_1_B_22_2_4,TCDB,TCDB.1_B_22_2_4_comp1
G_3_A_1_110_12_comp1,P_3_A_1_110_12_comp1+3_A_1_110_12_comp2+3_A_1_110_12_comp3,R_3_A_1_110_12,TCDB,TCDB.3_A_1_110_12_comp1
G_3_A_1_110_12_comp2,P_3_A_1_110_12_comp1+3_A_1_110_12_comp2+3_A_1_110_12_comp3,R_3_A_1_110_12,TCDB,TCDB.3_A_1_110_12_comp2
G_3_A_1_110_12_comp3,P_3_A_1_110_12_comp1+3_A_1_110_12_comp2+3_A_1_110_12_comp3,R_3_A_1_110_12,TCDB,TCDB.3_A_1_110_12_comp3
G_2_A_1_3_32_comp1,P_2_A_1_3_32_comp1,R_2_A_1_3_32,TCDB,TCDB.2_A_1_3_32_comp1
G_1_C_83_1_2_comp1,P_1_C_83_1_2_comp1,R_1_C_83_1_2,TCDB,TCDB.1_C_83_1_2_comp1
G_3_A_3_5_4_comp1,P_3_A_3_5_4_comp1,R_3_A_3_5_4,TCDB,TCDB.3_A_3_5_4_comp1
G_2_A_6_1_3_comp1,P_2_A_6_1_3_comp1,R_2_A_6_1_3,TCDB,TCDB.2_A_6_1_3_comp1
G_1_B_17_3_4_comp1,P_1_B_17_3_4_comp1,R_1_B_17_3_4,TCDB,TCDB.1_B_17_3_4_comp1
G_1_B_22_2_2_comp1,P_1_B_22_2_2_comp1,R_1_B_22_2_2,TCDB,TCDB.1_B_22_2_2_comp1
G_9_B_81_1_1_comp1,P_9_B_81_1_1_comp1,R_9_B_81_1_1,TCDB,TCDB.9_B_81_1_1_comp1
G_1_C_2_2_3_comp1,P_1_C_2_2_3_comp1,R_1_C_2_2_3,TCDB,TCDB.1_C_2_2_3_comp1
G_1_B_14_11_1_comp1,P_1_B_14_11_1_comp1,R_1_B_14_11_1,TCDB,TCDB.1_B_14_11_1_comp1
G_1_C_82_1_1_comp1,P_1_C_82_1_1_comp1,R_1_C_82_1_1,TCDB,TCDB.1_C_82_1_1_comp1
G_1_B_27_1_1_comp1,P_1_B_27_1_1_comp1,R_1_B_27_1_1,TCDB,TCDB.1_B_27_1_1_comp1
G_1_B_44_1_1_comp1,P_1_B_44_1_1_comp1,R_1_B_44_1_1,TCDB,TCDB.1_B_44_1_1_comp1
G_9_B_12_1_6_comp1,P_9_B_12_1_6_comp1,R_9_B_12_1_6,TCDB,TCDB.9_B_12_1_6_comp1
G_2_A_29_11_2_comp1,P_2_A_29_11_2_comp1,R_2_A_29_11_2,TCDB,TCDB.2_A_29_11_2_comp1
G_1_A_35_5_6_comp1,P_1_A_35_5_6_comp1,R_1_A_35_5_6,TCDB,TCDB.1_A_35_5_6_comp1
G_2_A_7_19_2_comp1,P_2_A_7_19_2_comp1,R_2_A_7_19_2,TCDB,TCDB.2_A_7_19_2_comp1
G_8_A_109_2_1_comp1,P_8_A_109_2_1_comp1,R_8_A_109_2_1,TCDB,TCDB.8_A_109_2_1_comp1
G_2_A_7_19_4_comp1,P_2_A_7_19_4_comp1,R_2_A_7_19_4,TCDB,TCDB.2_A_7_19_4_comp1
G_8_A_82_1_3_comp1,P_8_A_82_1_3_comp1,R_8_A_82_1_3,TCDB,TCDB.8_A_82_1_3_comp1
G_3_A_1_201_5_comp1,P_3_A_1_201_5_comp1,R_3_A_1_201_5,TCDB,TCDB.3_A_1_201_5_comp1
G_8_A_91_1_7_comp1,P_8_A_91_1_7_comp1,R_8_A_91_1_7,TCDB,TCDB.8_A_91_1_7_comp1
G_2_A_7_9_23_comp1,P_2_A_7_9_23_comp1,R_2_A_7_9_23,TCDB,TCDB.2_A_7_9_23_comp1
G_2_A_4_3_4_comp1,P_2_A_4_3_4_comp1,R_2_A_4_3_4,TCDB,TCDB.2_A_4_3_4_comp1
G_2_A_37_1_4_comp1,P_2_A_37_1_4_comp1,R_2_A_37_1_4,TCDB,TCDB.2_A_37_1_4_comp1
G_3_A_1_204_41_comp1,P_3_A_1_204_41_comp1,R_3_A_1_204_41,TCDB,TCDB.3_A_1_204_41_comp1
G_2_A_89_1_2_comp1,P_2_A_89_1_2_comp1,R_2_A_89_1_2,TCDB,TCDB.2_A_89_1_2_comp1
G_2_A_7_4_3_comp1,P_2_A_7_4_3_comp1,R_2_A_7_4_3,TCDB,TCDB.2_A_7_4_3_comp1
G_3_A_1_204_19_comp1,P_3_A_1_204_19_comp1,R_3_A_1_204_19,TCDB,TCDB.3_A_1_204_19_comp1
G_2_A_123_1_24_comp1,P_2_A_123_1_24_comp1,R_2_A_123_1_24,TCDB,TCDB.2_A_123_1_24_comp1
G_1_A_8_11_5_comp1,P_1_A_8_11_5_comp1,R_1_A_8_11_5,TCDB,TCDB.1_A_8_11_5_comp1
G_8_A_175_1_1_comp1,P_8_A_175_1_1_comp1,R_8_A_175_1_1,TCDB,TCDB.8_A_175_1_1_comp1
G_1_A_87_2_9_comp1,P_1_A_87_2_9_comp1,R_1_A_87_2_9,TCDB,TCDB.1_A_87_2_9_comp1
G_1_A_8_11_6_comp1,P_1_A_8_11_6_comp1,R_1_A_8_11_6,TCDB,TCDB.1_A_8_11_6_comp1
G_2_A_29_3_8_comp1,P_2_A_29_3_8_comp1,R_2_A_29_3_8,TCDB,TCDB.2_A_29_3_8_comp1
G_1_E_36_6_5_comp1,P_1_E_36_6_5_comp1,R_1_E_36_6_5,TCDB,TCDB.1_E_36_6_5_comp1
G_1_E_26_2_2_comp1,P_1_E_26_2_2_comp1,R_1_E_26_2_2,TCDB,TCDB.1_E_26_2_2_comp1
G_1_E_29_2_1_comp1,P_1_E_29_2_1_comp1,R_1_E_29_2_1,TCDB,TCDB.1_E_29_2_1_comp1
G_1_E_43_1_6_comp1,P_1_E_43_1_6_comp1,R_1_E_43_1_6,TCDB,TCDB.1_E_43_1_6_comp1
G_9_B_14_1_4_comp1,P_9_B_14_1_4_comp1,R_9_B_14_1_4,TCDB,TCDB.9_B_14_1_4_comp1
G_1_A_120_1_5_comp1,P_1_A_120_1_5_comp1,R_1_A_120_1_5,TCDB,TCDB.1_A_120_1_5_comp1
G_8_B_43_1_4_comp1,P_8_B_43_1_4_comp1,R_8_B_43_1_4,TCDB,TCDB.8_B_43_1_4_comp1
G_3_E_1_1_10_comp1,P_3_E_1_1_10_comp1,R_3_E_1_1_10,TCDB,TCDB.3_E_1_1_10_comp1
G_1_A_60_1_3_comp1,P_1_A_60_1_3_comp1,R_1_A_60_1_3,TCDB,TCDB.1_A_60_1_3_comp1
G_1_G_7_2_4_comp1,P_1_G_7_2_4_comp1,R_1_G_7_2_4,TCDB,TCDB.1_G_7_2_4_comp1
G_1_W_6_1_3_comp1,P_1_W_6_1_3_comp1,R_1_W_6_1_3,TCDB,TCDB.1_W_6_1_3_comp1
G_1_A_11_4_12_comp1,P_1_A_11_4_12_comp1,R_1_A_11_4_12,TCDB,TCDB.1_A_11_4_12_comp1
G_9_B_377_1_2_comp1,P_9_B_377_1_2_comp1,R_9_B_377_1_2,TCDB,TCDB.9_B_377_1_2_comp1
G_1_C_99_2_3_comp1,P_1_C_99_2_3_comp1,R_1_C_99_2_3,TCDB,TCDB.1_C_99_2_3_comp1
G_1_C_3_4_7_comp1,P_1_C_3_4_7_comp1,R_1_C_3_4_7,TCDB,TCDB.1_C_3_4_7_comp1
G_1_B_20_1_12_comp1,P_1_B_20_1_12_comp1,R_1_B_20_1_12,TCDB,TCDB.1_B_20_1_12_comp1
G_1_E_62_1_1_comp1,P_1_E_62_1_1_comp1,R_1_E_62_1_1,TCDB,TCDB.1_E_62_1_1_comp1
G_1_W_1_1_6_comp1,P_1_W_1_1_6_comp1,R_1_W_1_1_6,TCDB,TCDB.1_W_1_1_6_comp1
G_8_A_218_1_6_comp1,P_8_A_218_1_6_comp1,R_8_A_218_1_6,TCDB,TCDB.8_A_218_1_6_comp1
G_9_B_330_3_2_comp1,P_9_B_330_3_2_comp1,R_9_B_330_3_2,TCDB,TCDB.9_B_330_3_2_comp1
G_1_E_42_1_7_comp1,P_1_E_42_1_7_comp1,R_1_E_42_1_7,TCDB,TCDB.1_E_42_1_7_comp1
G_9_B_346_1_6_comp1,P_9_B_346_1_6_comp1,R_9_B_346_1_6,TCDB,TCDB.9_B_346_1_6_comp1
G_1_A_60_1_2_comp1,P_1_A_60_1_2_comp1,R_1_A_60_1_2,TCDB,TCDB.1_A_60_1_2_comp1
G_1_A_9_1_21_comp1,P_1_A_9_1_21_comp1+1_A_9_1_21_comp2+1_A_9_1_21_comp3+1_A_9_1_21_comp4,R_1_A_9_1_21,TCDB,TCDB.1_A_9_1_21_comp1
G_1_A_9_1_21_comp2,P_1_A_9_1_21_comp1+1_A_9_1_21_comp2+1_A_9_1_21_comp3+1_A_9_1_21_comp4,R_1_A_9_1_21,TCDB,TCDB.1_A_9_1_21_comp2
G_1_A_9_1_21_comp3,P_1_A_9_1_21_comp1+1_A_9_1_21_comp2+1_A_9_1_21_comp3+1_A_9_1_21_comp4,R_1_A_9_1_21,TCDB,TCDB.1_A_9_1_21_comp3
G_1_A_9_1_21_comp4,P_1_A_9_1_21_comp1+1_A_9_1_21_comp2+1_A_9_1_21_comp3+1_A_9_1_21_comp4,R_1_A_9_1_21,TCDB,TCDB.1_A_9_1_21_comp4
G_9_B_432_1_1_comp1,P_9_B_432_1_1_comp1,R_9_B_432_1_1,TCDB,TCDB.9_B_432_1_1_comp1
G_1_A_4_4_2_comp1,P_1_A_4_4_2_comp1,R_1_A_4_4_2,TCDB,TCDB.1_A_4_4_2_comp1
G_2_A_1_55_5_comp1,P_2_A_1_55_5_comp1,R_2_A_1_55_5,TCDB,TCDB.2_A_1_55_5_comp1
G_1_W_4_1_4_comp1,P_1_W_4_1_4_comp1,R_1_W_4_1_4,TCDB,TCDB.1_W_4_1_4_comp1
G_1_W_4_1_2_comp1,P_1_W_4_1_2_comp1,R_1_W_4_1_2,TCDB,TCDB.1_W_4_1_2_comp1
G_3_A_1_126_5_comp1,P_3_A_1_126_5_comp1,R_3_A_1_126_5,TCDB,TCDB.3_A_1_126_5_comp1
G_1_A_125_1_4_comp1,P_1_A_125_1_4_comp1,R_1_A_125_1_4,TCDB,TCDB.1_A_125_1_4_comp1
G_1_E_43_1_16_comp1,P_1_E_43_1_16_comp1,R_1_E_43_1_16,TCDB,TCDB.1_E_43_1_16_comp1
G_1_M_1_4_7_comp1,P_1_M_1_4_7_comp1,R_1_M_1_4_7,TCDB,TCDB.1_M_1_4_7_comp1
G_8_A_190_1_4_comp1,P_8_A_190_1_4_comp1,R_8_A_190_1_4,TCDB,TCDB.8_A_190_1_4_comp1
G_1_A_117_1_6_comp1,P_1_A_117_1_6_comp1,R_1_A_117_1_6,TCDB,TCDB.1_A_117_1_6_comp1
G_9_A_14_24_7_comp1,P_9_A_14_24_7_comp1,R_9_A_14_24_7,TCDB,TCDB.9_A_14_24_7_comp1
G_1_A_125_1_2_comp1,P_1_A_125_1_2_comp1,R_1_A_125_1_2,TCDB,TCDB.1_A_125_1_2_comp1
G_3_A_10_1_18_comp1,P_3_A_10_1_18_comp1,R_3_A_10_1_18,TCDB,TCDB.3_A_10_1_18_comp1
G_3_A_10_2_5_comp1,P_3_A_10_2_5_comp1,R_3_A_10_2_5,TCDB,TCDB.3_A_10_2_5_comp1
G_9_B_119_1_6_comp1,P_9_B_119_1_6_comp1,R_9_B_119_1_6,TCDB,TCDB.9_B_119_1_6_comp1
G_3_E_1_7_6_comp1,P_3_E_1_7_6_comp1,R_3_E_1_7_6,TCDB,TCDB.3_E_1_7_6_comp1
G_3_E_1_7_7_comp1,P_3_E_1_7_7_comp1,R_3_E_1_7_7,TCDB,TCDB.3_E_1_7_7_comp1
G_1_E_11_4_1_comp1,P_1_E_11_4_1_comp1,R_1_E_11_4_1,TCDB,TCDB.1_E_11_4_1_comp1
G_2_A_1_1_144_comp1,P_2_A_1_1_144_comp1,R_2_A_1_1_144,TCDB,TCDB.2_A_1_1_144_comp1
G_1_A_120_1_3_comp1,P_1_A_120_1_3_comp1,R_1_A_120_1_3,TCDB,TCDB.1_A_120_1_3_comp1
G_1_C_53_2_5_comp1,P_1_C_53_2_5_comp1,R_1_C_53_2_5,TCDB,TCDB.1_C_53_2_5_comp1
G_1_E_64_2_2_comp1,P_1_E_64_2_2_comp1,R_1_E_64_2_2,TCDB,TCDB.1_E_64_2_2_comp1
G_1_M_1_1_9_comp1,P_1_M_1_1_9_comp1,R_1_M_1_1_9,TCDB,TCDB.1_M_1_1_9_comp1
G_2_A_69_3_7_comp1,P_2_A_69_3_7_comp1,R_2_A_69_3_7,TCDB,TCDB.2_A_69_3_7_comp1
G_1_B_165_1_4_comp1,P_1_B_165_1_4_comp1,R_1_B_165_1_4,TCDB,TCDB.1_B_165_1_4_comp1
G_1_A_1_12_6_comp1,P_1_A_1_12_6_comp1,R_1_A_1_12_6,TCDB,TCDB.1_A_1_12_6_comp1
G_1_E_29_2_7_comp1,P_1_E_29_2_7_comp1,R_1_E_29_2_7,TCDB,TCDB.1_E_29_2_7_comp1
G_1_M_5_1_2_comp1,P_1_M_5_1_2_comp1+1_M_5_1_2_comp2,R_1_M_5_1_2,TCDB,TCDB.1_M_5_1_2_comp1
G_1_M_5_1_2_comp2,P_1_M_5_1_2_comp1+1_M_5_1_2_comp2,R_1_M_5_1_2,TCDB,TCDB.1_M_5_1_2_comp2
G_9_B_431_1_4_comp1,P_9_B_431_1_4_comp1,R_9_B_431_1_4,TCDB,TCDB.9_B_431_1_4_comp1
G_2_A_1_2_126_comp1,P_2_A_1_2_126_comp1,R_2_A_1_2_126,TCDB,TCDB.2_A_1_2_126_comp1
G_1_E_2_4_1_comp1,P_1_E_2_4_1_comp1,R_1_E_2_4_1,TCDB,TCDB.1_E_2_4_1_comp1
G_3_A_3_5_42_comp1,P_3_A_3_5_42_comp1,R_3_A_3_5_42,TCDB,TCDB.3_A_3_5_42_comp1
G_1_M_5_1_4_comp1,P_1_M_5_1_4_comp1,R_1_M_5_1_4,TCDB,TCDB.1_M_5_1_4_comp1
G_2_A_6_6_17_comp1,P_2_A_6_6_17_comp1,R_2_A_6_6_17,TCDB,TCDB.2_A_6_6_17_comp1
G_1_A_21_1_13_comp1,P_1_A_21_1_13_comp1,R_1_A_21_1_13,TCDB,TCDB.1_A_21_1_13_comp1
G_2_A_1_1_148_comp1,P_2_A_1_1_148_comp1,R_2_A_1_1_148,TCDB,TCDB.2_A_1_1_148_comp1
G_1_E_40_6_1_comp1,P_1_E_40_6_1_comp1,R_1_E_40_6_1,TCDB,TCDB.1_E_40_6_1_comp1
G_2_A_6_5_15_comp1,P_2_A_6_5_15_comp1,R_2_A_6_5_15,TCDB,TCDB.2_A_6_5_15_comp1
G_9_B_431_1_6_comp1,P_9_B_431_1_6_comp1,R_9_B_431_1_6,TCDB,TCDB.9_B_431_1_6_comp1
G_1_M_13_1_1_comp1,P_1_M_13_1_1_comp1,R_1_M_13_1_1,TCDB,TCDB.1_M_13_1_1_comp1
G_2_A_1_1_152_comp1,P_2_A_1_1_152_comp1,R_2_A_1_1_152,TCDB,TCDB.2_A_1_1_152_comp1
G_1_A_41_2_6_comp1,P_1_A_41_2_6_comp1,R_1_A_41_2_6,TCDB,TCDB.1_A_41_2_6_comp1
G_2_A_66_1_49_comp1,P_2_A_66_1_49_comp1,R_2_A_66_1_49,TCDB,TCDB.2_A_66_1_49_comp1
G_1_A_87_3_4_comp1,P_1_A_87_3_4_comp1,R_1_A_87_3_4,TCDB,TCDB.1_A_87_3_4_comp1
G_2_A_126_2_2_comp1,P_2_A_126_2_2_comp1,R_2_A_126_2_2,TCDB,TCDB.2_A_126_2_2_comp1
G_5_B_2_3_1_comp1,P_5_B_2_3_1_comp1,R_5_B_2_3_1,TCDB,TCDB.5_B_2_3_1_comp1
G_8_A_76_1_3_comp1,P_8_A_76_1_3_comp1,R_8_A_76_1_3,TCDB,TCDB.8_A_76_1_3_comp1
G_1_A_64_5_4_comp1,P_1_A_64_5_4_comp1,R_1_A_64_5_4,TCDB,TCDB.1_A_64_5_4_comp1
G_1_A_17_3_6_comp1,P_1_A_17_3_6_comp1,R_1_A_17_3_6,TCDB,TCDB.1_A_17_3_6_comp1
G_2_A_7_34_8_comp1,P_2_A_7_34_8_comp1,R_2_A_7_34_8,TCDB,TCDB.2_A_7_34_8_comp1
G_8_A_97_1_4_comp1,P_8_A_97_1_4_comp1,R_8_A_97_1_4,TCDB,TCDB.8_A_97_1_4_comp1
G_1_A_101_5_3_comp1,P_1_A_101_5_3_comp1,R_1_A_101_5_3,TCDB,TCDB.1_A_101_5_3_comp1
G_1_A_14_1_4_comp1,P_1_A_14_1_4_comp1,R_1_A_14_1_4,TCDB,TCDB.1_A_14_1_4_comp1
G_9_B_143_3_7_comp1,P_9_B_143_3_7_comp1,R_9_B_143_3_7,TCDB,TCDB.9_B_143_3_7_comp1
G_1_B_77_2_3_comp1,P_1_B_77_2_3_comp1,R_1_B_77_2_3,TCDB,TCDB.1_B_77_2_3_comp1
G_2_A_52_1_9_comp1,P_2_A_52_1_9_comp1,R_2_A_52_1_9,TCDB,TCDB.2_A_52_1_9_comp1
G_8_A_141_1_5_comp1,P_8_A_141_1_5_comp1,R_8_A_141_1_5,TCDB,TCDB.8_A_141_1_5_comp1
G_1_A_101_5_1_comp1,P_1_A_101_5_1_comp1,R_1_A_101_5_1,TCDB,TCDB.1_A_101_5_1_comp1
G_1_A_7_2_3_comp1,P_1_A_7_2_3_comp1,R_1_A_7_2_3,TCDB,TCDB.1_A_7_2_3_comp1
G_3_A_1_204_44_comp1,P_3_A_1_204_44_comp1,R_3_A_1_204_44,TCDB,TCDB.3_A_1_204_44_comp1
G_9_B_117_2_2_comp1,P_9_B_117_2_2_comp1,R_9_B_117_2_2,TCDB,TCDB.9_B_117_2_2_comp1
G_1_C_29_1_3_comp1,P_1_C_29_1_3_comp1,R_1_C_29_1_3,TCDB,TCDB.1_C_29_1_3_comp1
G_8_A_42_1_5_comp1,P_8_A_42_1_5_comp1,R_8_A_42_1_5,TCDB,TCDB.8_A_42_1_5_comp1
G_1_A_110_1_10_comp1,P_1_A_110_1_10_comp1,R_1_A_110_1_10,TCDB,TCDB.1_A_110_1_10_comp1
G_1_C_2_3_2_comp1,P_1_C_2_3_2_comp1,R_1_C_2_3_2,TCDB,TCDB.1_C_2_3_2_comp1
G_8_B_28_1_6_comp1,P_8_B_28_1_6_comp1,R_8_B_28_1_6,TCDB,TCDB.8_B_28_1_6_comp1
G_8_B_21_1_6_comp1,P_8_B_21_1_6_comp1,R_8_B_21_1_6,TCDB,TCDB.8_B_21_1_6_comp1
G_8_B_4_1_4_comp1,P_8_B_4_1_4_comp1,R_8_B_4_1_4,TCDB,TCDB.8_B_4_1_4_comp1
G_1_M_1_3_11_comp1,P_1_M_1_3_11_comp1+1_M_1_3_11_comp2,R_1_M_1_3_11,TCDB,TCDB.1_M_1_3_11_comp1
G_1_M_1_3_11_comp2,P_1_M_1_3_11_comp1+1_M_1_3_11_comp2,R_1_M_1_3_11,TCDB,TCDB.1_M_1_3_11_comp2
G_1_E_4_1_4_comp1,P_1_E_4_1_4_comp1,R_1_E_4_1_4,TCDB,TCDB.1_E_4_1_4_comp1
G_1_M_4_1_1_comp1,P_1_M_4_1_1_comp1,R_1_M_4_1_1,TCDB,TCDB.1_M_4_1_1_comp1
G_2_A_56_1_9_comp1,P_2_A_56_1_9_comp1+2_A_56_1_9_comp2+2_A_56_1_9_comp3,R_2_A_56_1_9,TCDB,TCDB.2_A_56_1_9_comp1
G_2_A_56_1_9_comp2,P_2_A_56_1_9_comp1+2_A_56_1_9_comp2+2_A_56_1_9_comp3,R_2_A_56_1_9,TCDB,TCDB.2_A_56_1_9_comp2
G_2_A_56_1_9_comp3,P_2_A_56_1_9_comp1+2_A_56_1_9_comp2+2_A_56_1_9_comp3,R_2_A_56_1_9,TCDB,TCDB.2_A_56_1_9_comp3
G_1_E_26_8_1_comp1,P_1_E_26_8_1_comp1,R_1_E_26_8_1,TCDB,TCDB.1_E_26_8_1_comp1
G_1_E_26_1_8_comp1,P_1_E_26_1_8_comp1,R_1_E_26_1_8,TCDB,TCDB.1_E_26_1_8_comp1
G_9_B_15_2_8_comp1,P_9_B_15_2_8_comp1,R_9_B_15_2_8,TCDB,TCDB.9_B_15_2_8_comp1
G_9_B_148_1_8_comp1,P_9_B_148_1_8_comp1,R_9_B_148_1_8,TCDB,TCDB.9_B_148_1_8_comp1
G_9_B_214_2_6_comp1,P_9_B_214_2_6_comp1,R_9_B_214_2_6,TCDB,TCDB.9_B_214_2_6_comp1
G_2_A_22_6_9_comp1,P_2_A_22_6_9_comp1,R_2_A_22_6_9,TCDB,TCDB.2_A_22_6_9_comp1
G_1_B_27_2_3_comp1,P_1_B_27_2_3_comp1,R_1_B_27_2_3,TCDB,TCDB.1_B_27_2_3_comp1
G_2_A_128_1_6_comp1,P_2_A_128_1_6_comp1,R_2_A_128_1_6,TCDB,TCDB.2_A_128_1_6_comp1
G_9_B_142_11_5_comp1,P_9_B_142_11_5_comp1,R_9_B_142_11_5,TCDB,TCDB.9_B_142_11_5_comp1
G_9_A_24_1_11_comp1,P_9_A_24_1_11_comp1,R_9_A_24_1_11,TCDB,TCDB.9_A_24_1_11_comp1
G_2_A_58_1_9_comp1,P_2_A_58_1_9_comp1,R_2_A_58_1_9,TCDB,TCDB.2_A_58_1_9_comp1
G_1_A_16_4_3_comp1,P_1_A_16_4_3_comp1,R_1_A_16_4_3,TCDB,TCDB.1_A_16_4_3_comp1
G_1_M_8_1_1_comp1,P_1_M_8_1_1_comp1,R_1_M_8_1_1,TCDB,TCDB.1_M_8_1_1_comp1
G_1_M_15_1_5_comp1,P_1_M_15_1_5_comp1,R_1_M_15_1_5,TCDB,TCDB.1_M_15_1_5_comp1
G_3_A_1_148_2_comp1,P_3_A_1_148_2_comp1+3_A_1_148_2_comp2,R_3_A_1_148_2,TCDB,TCDB.3_A_1_148_2_comp1
G_3_A_1_148_2_comp2,P_3_A_1_148_2_comp1+3_A_1_148_2_comp2,R_3_A_1_148_2,TCDB,TCDB.3_A_1_148_2_comp2
G_8_B_15_1_3_comp1,P_8_B_15_1_3_comp1,R_8_B_15_1_3,TCDB,TCDB.8_B_15_1_3_comp1
G_1_M_13_1_11_comp1,P_1_M_13_1_11_comp1,R_1_M_13_1_11,TCDB,TCDB.1_M_13_1_11_comp1
G_9_B_126_2_7_comp1,P_9_B_126_2_7_comp1,R_9_B_126_2_7,TCDB,TCDB.9_B_126_2_7_comp1
G_9_B_325_1_5_comp1,P_9_B_325_1_5_comp1,R_9_B_325_1_5,TCDB,TCDB.9_B_325_1_5_comp1
G_8_A_42_1_6_comp1,P_8_A_42_1_6_comp1,R_8_A_42_1_6,TCDB,TCDB.8_A_42_1_6_comp1
G_1_E_19_1_13_comp1,P_1_E_19_1_13_comp1,R_1_E_19_1_13,TCDB,TCDB.1_E_19_1_13_comp1
G_2_A_85_12_3_comp1,P_2_A_85_12_3_comp1,R_2_A_85_12_3,TCDB,TCDB.2_A_85_12_3_comp1
G_9_B_97_1_12_comp1,P_9_B_97_1_12_comp1,R_9_B_97_1_12,TCDB,TCDB.9_B_97_1_12_comp1
G_1_B_23_1_22_comp1,P_1_B_23_1_22_comp1,R_1_B_23_1_22,TCDB,TCDB.1_B_23_1_22_comp1
G_9_B_169_4_2_comp1,P_9_B_169_4_2_comp1,R_9_B_169_4_2,TCDB,TCDB.9_B_169_4_2_comp1
G_2_A_121_4_7_comp1,P_2_A_121_4_7_comp1,R_2_A_121_4_7,TCDB,TCDB.2_A_121_4_7_comp1
G_8_A_58_2_8_comp1,P_8_A_58_2_8_comp1,R_8_A_58_2_8,TCDB,TCDB.8_A_58_2_8_comp1
G_9_B_221_1_4_comp1,P_9_B_221_1_4_comp1,R_9_B_221_1_4,TCDB,TCDB.9_B_221_1_4_comp1
G_9_B_146_1_4_comp1,P_9_B_146_1_4_comp1,R_9_B_146_1_4,TCDB,TCDB.9_B_146_1_4_comp1
G_9_B_325_1_6_comp1,P_9_B_325_1_6_comp1,R_9_B_325_1_6,TCDB,TCDB.9_B_325_1_6_comp1
G_2_A_26_1_7_comp1,P_2_A_26_1_7_comp1,R_2_A_26_1_7,TCDB,TCDB.2_A_26_1_7_comp1
G_2_A_128_1_9_comp1,P_2_A_128_1_9_comp1,R_2_A_128_1_9,TCDB,TCDB.2_A_128_1_9_comp1
G_1_B_6_3_2_comp1,P_1_B_6_3_2_comp1,R_1_B_6_3_2,TCDB,TCDB.1_B_6_3_2_comp1
G_2_C_1_1_10_comp1,P_2_C_1_1_10_comp1,R_2_C_1_1_10,TCDB,TCDB.2_C_1_1_10_comp1
G_9_B_8_4_2_comp1,P_9_B_8_4_2_comp1,R_9_B_8_4_2,TCDB,TCDB.9_B_8_4_2_comp1
G_1_A_54_4_3_comp1,P_1_A_54_4_3_comp1,R_1_A_54_4_3,TCDB,TCDB.1_A_54_4_3_comp1
G_1_A_77_3_39_comp1,P_1_A_77_3_39_comp1,R_1_A_77_3_39,TCDB,TCDB.1_A_77_3_39_comp1
G_2_A_1_79_2_comp1,P_2_A_1_79_2_comp1,R_2_A_1_79_2,TCDB,TCDB.2_A_1_79_2_comp1
G_2_A_57_1_9_comp1,P_2_A_57_1_9_comp1,R_2_A_57_1_9,TCDB,TCDB.2_A_57_1_9_comp1
G_2_A_7_28_10_comp1,P_2_A_7_28_10_comp1,R_2_A_7_28_10,TCDB,TCDB.2_A_7_28_10_comp1
G_2_A_1_11_7_comp1,P_2_A_1_11_7_comp1,R_2_A_1_11_7,TCDB,TCDB.2_A_1_11_7_comp1
G_1_B_77_1_9_comp1,P_1_B_77_1_9_comp1,R_1_B_77_1_9,TCDB,TCDB.1_B_77_1_9_comp1
G_8_A_111_1_4_comp1,P_8_A_111_1_4_comp1,R_8_A_111_1_4,TCDB,TCDB.8_A_111_1_4_comp1
G_1_A_22_1_12_comp1,P_1_A_22_1_12_comp1,R_1_A_22_1_12,TCDB,TCDB.1_A_22_1_12_comp1
G_1_A_11_2_12_comp1,P_1_A_11_2_12_comp1,R_1_A_11_2_12,TCDB,TCDB.1_A_11_2_12_comp1
G_3_A_1_17_9_comp1,P_3_A_1_17_9_comp1,R_3_A_1_17_9,TCDB,TCDB.3_A_1_17_9_comp1
G_9_B_311_1_27_comp1,P_9_B_311_1_27_comp1,R_9_B_311_1_27,TCDB,TCDB.9_B_311_1_27_comp1
G_8_A_16_4_2_comp1,P_8_A_16_4_2_comp1,R_8_A_16_4_2,TCDB,TCDB.8_A_16_4_2_comp1
G_8_A_64_1_5_comp1,P_8_A_64_1_5_comp1,R_8_A_64_1_5,TCDB,TCDB.8_A_64_1_5_comp1
G_9_B_200_1_3_comp1,P_9_B_200_1_3_comp1,R_9_B_200_1_3,TCDB,TCDB.9_B_200_1_3_comp1
G_2_A_112_1_15_comp1,P_2_A_112_1_15_comp1,R_2_A_112_1_15,TCDB,TCDB.2_A_112_1_15_comp1
G_2_A_17_3_22_comp1,P_2_A_17_3_22_comp1,R_2_A_17_3_22,TCDB,TCDB.2_A_17_3_22_comp1
G_9_B_27_2_12_comp1,P_9_B_27_2_12_comp1,R_9_B_27_2_12,TCDB,TCDB.9_B_27_2_12_comp1
G_1_C_5_2_3_comp1,P_1_C_5_2_3_comp1,R_1_C_5_2_3,TCDB,TCDB.1_C_5_2_3_comp1
G_9_B_14_5_2_comp1,P_9_B_14_5_2_comp1,R_9_B_14_5_2,TCDB,TCDB.9_B_14_5_2_comp1
G_9_B_182_1_6_comp1,P_9_B_182_1_6_comp1,R_9_B_182_1_6,TCDB,TCDB.9_B_182_1_6_comp1
G_1_A_54_5_3_comp1,P_1_A_54_5_3_comp1,R_1_A_54_5_3,TCDB,TCDB.1_A_54_5_3_comp1
G_9_A_32_1_2_comp1,P_9_A_32_1_2_comp1,R_9_A_32_1_2,TCDB,TCDB.9_A_32_1_2_comp1
G_2_A_119_2_2_comp1,P_2_A_119_2_2_comp1,R_2_A_119_2_2,TCDB,TCDB.2_A_119_2_2_comp1
G_1_B_6_2_18_comp1,P_1_B_6_2_18_comp1,R_1_B_6_2_18,TCDB,TCDB.1_B_6_2_18_comp1
G_3_A_1_208_47_comp1,P_3_A_1_208_47_comp1,R_3_A_1_208_47,TCDB,TCDB.3_A_1_208_47_comp1
G_1_A_3_1_4_comp1,P_1_A_3_1_4_comp1,R_1_A_3_1_4,TCDB,TCDB.1_A_3_1_4_comp1
G_3_A_23_4_1_comp1,P_3_A_23_4_1_comp1+3_A_23_4_1_comp2+3_A_23_4_1_comp3+3_A_23_4_1_comp4+3_A_23_4_1_comp5+3_A_23_4_1_comp6+3_A_23_4_1_comp7+3_A_23_4_1_comp8+3_A_23_4_1_comp9+3_A_23_4_1_comp10+3_A_23_4_1_comp11,R_3_A_23_4_1,TCDB,TCDB.3_A_23_4_1_comp1
G_3_A_23_4_1_comp2,P_3_A_23_4_1_comp1+3_A_23_4_1_comp2+3_A_23_4_1_comp3+3_A_23_4_1_comp4+3_A_23_4_1_comp5+3_A_23_4_1_comp6+3_A_23_4_1_comp7+3_A_23_4_1_comp8+3_A_23_4_1_comp9+3_A_23_4_1_comp10+3_A_23_4_1_comp11,R_3_A_23_4_1,TCDB,TCDB.3_A_23_4_1_comp2
G_3_A_23_4_1_comp3,P_3_A_23_4_1_comp1+3_A_23_4_1_comp2+3_A_23_4_1_comp3+3_A_23_4_1_comp4+3_A_23_4_1_comp5+3_A_23_4_1_comp6+3_A_23_4_1_comp7+3_A_23_4_1_comp8+3_A_23_4_1_comp9+3_A_23_4_1_comp10+3_A_23_4_1_comp11,R_3_A_23_4_1,TCDB,TCDB.3_A_23_4_1_comp3
G_3_A_23_4_1_comp4,P_3_A_23_4_1_comp1+3_A_23_4_1_comp2+3_A_23_4_1_comp3+3_A_23_4_1_comp4+3_A_23_4_1_comp5+3_A_23_4_1_comp6+3_A_23_4_1_comp7+3_A_23_4_1_comp8+3_A_23_4_1_comp9+3_A_23_4_1_comp10+3_A_23_4_1_comp11,R_3_A_23_4_1,TCDB,TCDB.3_A_23_4_1_comp4
G_3_A_23_4_1_comp5,P_3_A_23_4_1_comp1+3_A_23_4_1_comp2+3_A_23_4_1_comp3+3_A_23_4_1_comp4+3_A_23_4_1_comp5+3_A_23_4_1_comp6+3_A_23_4_1_comp7+3_A_23_4_1_comp8+3_A_23_4_1_comp9+3_A_23_4_1_comp10+3_A_23_4_1_comp11,R_3_A_23_4_1,TCDB,TCDB.3_A_23_4_1_comp5
G_3_A_23_4_1_comp6,P_3_A_23_4_1_comp1+3_A_23_4_1_comp2+3_A_23_4_1_comp3+3_A_23_4_1_comp4+3_A_23_4_1_comp5+3_A_23_4_1_comp6+3_A_23_4_1_comp7+3_A_23_4_1_comp8+3_A_23_4_1_comp9+3_A_23_4_1_comp10+3_A_23_4_1_comp11,R_3_A_23_4_1,TCDB,TCDB.3_A_23_4_1_comp6
G_3_A_23_4_1_comp7,P_3_A_23_4_1_comp1+3_A_23_4_1_comp2+3_A_23_4_1_comp3+3_A_23_4_1_comp4+3_A_23_4_1_comp5+3_A_23_4_1_comp6+3_A_23_4_1_comp7+3_A_23_4_1_comp8+3_A_23_4_1_comp9+3_A_23_4_1_comp10+3_A_23_4_1_comp11,R_3_A_23_4_1,TCDB,TCDB.3_A_23_4_1_comp7
G_3_A_23_4_1_comp8,P_3_A_23_4_1_comp1+3_A_23_4_1_comp2+3_A_23_4_1_comp3+3_A_23_4_1_comp4+3_A_23_4_1_comp5+3_A_23_4_1_comp6+3_A_23_4_1_comp7+3_A_23_4_1_comp8+3_A_23_4_1_comp9+3_A_23_4_1_comp10+3_A_23_4_1_comp11,R_3_A_23_4_1,TCDB,TCDB.3_A_23_4_1_comp8
G_3_A_23_4_1_comp9,P_3_A_23_4_1_comp1+3_A_23_4_1_comp2+3_A_23_4_1_comp3+3_A_23_4_1_comp4+3_A_23_4_1_comp5+3_A_23_4_1_comp6+3_A_23_4_1_comp7+3_A_23_4_1_comp8+3_A_23_4_1_comp9+3_A_23_4_1_comp10+3_A_23_4_1_comp11,R_3_A_23_4_1,TCDB,TCDB.3_A_23_4_1_comp9
G_3_A_23_4_1_comp10,P_3_A_23_4_1_comp1+3_A_23_4_1_comp2+3_A_23_4_1_comp3+3_A_23_4_1_comp4+3_A_23_4_1_comp5+3_A_23_4_1_comp6+3_A_23_4_1_comp7+3_A_23_4_1_comp8+3_A_23_4_1_comp9+3_A_23_4_1_comp10+3_A_23_4_1_comp11,R_3_A_23_4_1,TCDB,TCDB.3_A_23_4_1_comp10
G_3_A_23_4_1_comp11,P_3_A_23_4_1_comp1+3_A_23_4_1_comp2+3_A_23_4_1_comp3+3_A_23_4_1_comp4+3_A_23_4_1_comp5+3_A_23_4_1_comp6+3_A_23_4_1_comp7+3_A_23_4_1_comp8+3_A_23_4_1_comp9+3_A_23_4_1_comp10+3_A_23_4_1_comp11,R_3_A_23_4_1,TCDB,TCDB.3_A_23_4_1_comp11
G_1_A_59_1_3_comp1,P_1_A_59_1_3_comp1,R_1_A_59_1_3,TCDB,TCDB.1_A_59_1_3_comp1
G_3_A_23_3_1_comp1,P_3_A_23_3_1_comp1+3_A_23_3_1_comp2+3_A_23_3_1_comp3+3_A_23_3_1_comp4+3_A_23_3_1_comp5+3_A_23_3_1_comp6+3_A_23_3_1_comp7+3_A_23_3_1_comp8+3_A_23_3_1_comp9+3_A_23_3_1_comp10+3_A_23_3_1_comp11+3_A_23_3_1_comp12,R_3_A_23_3_1,TCDB,TCDB.3_A_23_3_1_comp1
G_3_A_23_3_1_comp2,P_3_A_23_3_1_comp1+3_A_23_3_1_comp2+3_A_23_3_1_comp3+3_A_23_3_1_comp4+3_A_23_3_1_comp5+3_A_23_3_1_comp6+3_A_23_3_1_comp7+3_A_23_3_1_comp8+3_A_23_3_1_comp9+3_A_23_3_1_comp10+3_A_23_3_1_comp11+3_A_23_3_1_comp12,R_3_A_23_3_1,TCDB,TCDB.3_A_23_3_1_comp2
G_3_A_23_3_1_comp3,P_3_A_23_3_1_comp1+3_A_23_3_1_comp2+3_A_23_3_1_comp3+3_A_23_3_1_comp4+3_A_23_3_1_comp5+3_A_23_3_1_comp6+3_A_23_3_1_comp7+3_A_23_3_1_comp8+3_A_23_3_1_comp9+3_A_23_3_1_comp10+3_A_23_3_1_comp11+3_A_23_3_1_comp12,R_3_A_23_3_1,TCDB,TCDB.3_A_23_3_1_comp3
G_3_A_23_3_1_comp4,P_3_A_23_3_1_comp1+3_A_23_3_1_comp2+3_A_23_3_1_comp3+3_A_23_3_1_comp4+3_A_23_3_1_comp5+3_A_23_3_1_comp6+3_A_23_3_1_comp7+3_A_23_3_1_comp8+3_A_23_3_1_comp9+3_A_23_3_1_comp10+3_A_23_3_1_comp11+3_A_23_3_1_comp12,R_3_A_23_3_1,TCDB,TCDB.3_A_23_3_1_comp4
G_3_A_23_3_1_comp5,P_3_A_23_3_1_comp1+3_A_23_3_1_comp2+3_A_23_3_1_comp3+3_A_23_3_1_comp4+3_A_23_3_1_comp5+3_A_23_3_1_comp6+3_A_23_3_1_comp7+3_A_23_3_1_comp8+3_A_23_3_1_comp9+3_A_23_3_1_comp10+3_A_23_3_1_comp11+3_A_23_3_1_comp12,R_3_A_23_3_1,TCDB,TCDB.3_A_23_3_1_comp5
G_3_A_23_3_1_comp6,P_3_A_23_3_1_comp1+3_A_23_3_1_comp2+3_A_23_3_1_comp3+3_A_23_3_1_comp4+3_A_23_3_1_comp5+3_A_23_3_1_comp6+3_A_23_3_1_comp7+3_A_23_3_1_comp8+3_A_23_3_1_comp9+3_A_23_3_1_comp10+3_A_23_3_1_comp11+3_A_23_3_1_comp12,R_3_A_23_3_1,TCDB,TCDB.3_A_23_3_1_comp6
G_3_A_23_3_1_comp7,P_3_A_23_3_1_comp1+3_A_23_3_1_comp2+3_A_23_3_1_comp3+3_A_23_3_1_comp4+3_A_23_3_1_comp5+3_A_23_3_1_comp6+3_A_23_3_1_comp7+3_A_23_3_1_comp8+3_A_23_3_1_comp9+3_A_23_3_1_comp10+3_A_23_3_1_comp11+3_A_23_3_1_comp12,R_3_A_23_3_1,TCDB,TCDB.3_A_23_3_1_comp7
G_3_A_23_3_1_comp8,P_3_A_23_3_1_comp1+3_A_23_3_1_comp2+3_A_23_3_1_comp3+3_A_23_3_1_comp4+3_A_23_3_1_comp5+3_A_23_3_1_comp6+3_A_23_3_1_comp7+3_A_23_3_1_comp8+3_A_23_3_1_comp9+3_A_23_3_1_comp10+3_A_23_3_1_comp11+3_A_23_3_1_comp12,R_3_A_23_3_1,TCDB,TCDB.3_A_23_3_1_comp8
G_3_A_23_3_1_comp9,P_3_A_23_3_1_comp1+3_A_23_3_1_comp2+3_A_23_3_1_comp3+3_A_23_3_1_comp4+3_A_23_3_1_comp5+3_A_23_3_1_comp6+3_A_23_3_1_comp7+3_A_23_3_1_comp8+3_A_23_3_1_comp9+3_A_23_3_1_comp10+3_A_23_3_1_comp11+3_A_23_3_1_comp12,R_3_A_23_3_1,TCDB,TCDB.3_A_23_3_1_comp9
G_3_A_23_3_1_comp10,P_3_A_23_3_1_comp1+3_A_23_3_1_comp2+3_A_23_3_1_comp3+3_A_23_3_1_comp4+3_A_23_3_1_comp5+3_A_23_3_1_comp6+3_A_23_3_1_comp7+3_A_23_3_1_comp8+3_A_23_3_1_comp9+3_A_23_3_1_comp10+3_A_23_3_1_comp11+3_A_23_3_1_comp12,R_3_A_23_3_1,TCDB,TCDB.3_A_23_3_1_comp10
G_3_A_23_3_1_comp11,P_3_A_23_3_1_comp1+3_A_23_3_1_comp2+3_A_23_3_1_comp3+3_A_23_3_1_comp4+3_A_23_3_1_comp5+3_A_23_3_1_comp6+3_A_23_3_1_comp7+3_A_23_3_1_comp8+3_A_23_3_1_comp9+3_A_23_3_1_comp10+3_A_23_3_1_comp11+3_A_23_3_1_comp12,R_3_A_23_3_1,TCDB,TCDB.3_A_23_3_1_comp11
G_3_A_23_3_1_comp12,P_3_A_23_3_1_comp1+3_A_23_3_1_comp2+3_A_23_3_1_comp3+3_A_23_3_1_comp4+3_A_23_3_1_comp5+3_A_23_3_1_comp6+3_A_23_3_1_comp7+3_A_23_3_1_comp8+3_A_23_3_1_comp9+3_A_23_3_1_comp10+3_A_23_3_1_comp11+3_A_23_3_1_comp12,R_3_A_23_3_1,TCDB,TCDB.3_A_23_3_1_comp12
G_1_C_21_2_2_comp1,P_1_C_21_2_2_comp1,R_1_C_21_2_2,TCDB,TCDB.1_C_21_2_2_comp1
G_2_A_39_3_13_comp1,P_2_A_39_3_13_comp1,R_2_A_39_3_13,TCDB,TCDB.2_A_39_3_13_comp1
G_1_C_29_1_2_comp1,P_1_C_29_1_2_comp1,R_1_C_29_1_2,TCDB,TCDB.1_C_29_1_2_comp1
G_1_E_54_4_1_comp1,P_1_E_54_4_1_comp1,R_1_E_54_4_1,TCDB,TCDB.1_E_54_4_1_comp1
G_1_W_6_1_2_comp1,P_1_W_6_1_2_comp1,R_1_W_6_1_2,TCDB,TCDB.1_W_6_1_2_comp1
G_8_A_229_1_2_comp1,P_8_A_229_1_2_comp1,R_8_A_229_1_2,TCDB,TCDB.8_A_229_1_2_comp1
G_9_B_121_2_2_comp1,P_9_B_121_2_2_comp1,R_9_B_121_2_2,TCDB,TCDB.9_B_121_2_2_comp1
G_9_A_76_1_2_comp1,P_9_A_76_1_2_comp1,R_9_A_76_1_2,TCDB,TCDB.9_A_76_1_2_comp1
G_1_A_132_1_3_comp1,P_1_A_132_1_3_comp1,R_1_A_132_1_3,TCDB,TCDB.1_A_132_1_3_comp1
G_9_B_317_2_2_comp1,P_9_B_317_2_2_comp1,R_9_B_317_2_2,TCDB,TCDB.9_B_317_2_2_comp1
G_9_B_358_1_5_comp1,P_9_B_358_1_5_comp1,R_9_B_358_1_5,TCDB,TCDB.9_B_358_1_5_comp1
G_3_A_1_122_29_comp1,P_3_A_1_122_29_comp1+3_A_1_122_29_comp2+3_A_1_122_29_comp3,R_3_A_1_122_29,TCDB,TCDB.3_A_1_122_29_comp1
G_3_A_1_122_29_comp2,P_3_A_1_122_29_comp1+3_A_1_122_29_comp2+3_A_1_122_29_comp3,R_3_A_1_122_29,TCDB,TCDB.3_A_1_122_29_comp2
G_3_A_1_122_29_comp3,P_3_A_1_122_29_comp1+3_A_1_122_29_comp2+3_A_1_122_29_comp3,R_3_A_1_122_29,TCDB,TCDB.3_A_1_122_29_comp3
G_9_A_14_1_16_comp1,P_9_A_14_1_16_comp1,R_9_A_14_1_16,TCDB,TCDB.9_A_14_1_16_comp1
G_8_A_208_1_3_comp1,P_8_A_208_1_3_comp1,R_8_A_208_1_3,TCDB,TCDB.8_A_208_1_3_comp1
G_9_B_296_1_2_comp1,P_9_B_296_1_2_comp1,R_9_B_296_1_2,TCDB,TCDB.9_B_296_1_2_comp1
G_9_B_335_1_1_comp1,P_9_B_335_1_1_comp1,R_9_B_335_1_1,TCDB,TCDB.9_B_335_1_1_comp1
G_3_A_1_122_23_comp1,P_3_A_1_122_23_comp1+3_A_1_122_23_comp2,R_3_A_1_122_23,TCDB,TCDB.3_A_1_122_23_comp1
G_3_A_1_122_23_comp2,P_3_A_1_122_23_comp1+3_A_1_122_23_comp2,R_3_A_1_122_23,TCDB,TCDB.3_A_1_122_23_comp2
G_9_B_335_2_1_comp1,P_9_B_335_2_1_comp1,R_9_B_335_2_1,TCDB,TCDB.9_B_335_2_1_comp1
G_9_B_303_1_2_comp1,P_9_B_303_1_2_comp1,R_9_B_303_1_2,TCDB,TCDB.9_B_303_1_2_comp1
G_3_A_1_128_11_comp1,P_3_A_1_128_11_comp1+3_A_1_128_11_comp2,R_3_A_1_128_11,TCDB,TCDB.3_A_1_128_11_comp1
G_3_A_1_128_11_comp2,P_3_A_1_128_11_comp1+3_A_1_128_11_comp2,R_3_A_1_128_11,TCDB,TCDB.3_A_1_128_11_comp2
G_2_A_55_1_6_comp1,P_2_A_55_1_6_comp1,R_2_A_55_1_6,TCDB,TCDB.2_A_55_1_6_comp1
G_2_A_132_1_4_comp1,P_2_A_132_1_4_comp1,R_2_A_132_1_4,TCDB,TCDB.2_A_132_1_4_comp1
G_1_C_104_3_1_comp1,P_1_C_104_3_1_comp1,R_1_C_104_3_1,TCDB,TCDB.1_C_104_3_1_comp1
G_1_H_3_2_5_comp1,P_1_H_3_2_5_comp1,R_1_H_3_2_5,TCDB,TCDB.1_H_3_2_5_comp1
G_2_A_50_4_5_comp1,P_2_A_50_4_5_comp1,R_2_A_50_4_5,TCDB,TCDB.2_A_50_4_5_comp1
G_9_B_320_2_5_comp1,P_9_B_320_2_5_comp1,R_9_B_320_2_5,TCDB,TCDB.9_B_320_2_5_comp1
G_9_B_358_1_10_comp1,P_9_B_358_1_10_comp1,R_9_B_358_1_10,TCDB,TCDB.9_B_358_1_10_comp1
G_1_C_59_5_3_comp1,P_1_C_59_5_3_comp1,R_1_C_59_5_3,TCDB,TCDB.1_C_59_5_3_comp1
G_1_A_7_2_8_comp1,P_1_A_7_2_8_comp1,R_1_A_7_2_8,TCDB,TCDB.1_A_7_2_8_comp1
G_1_B_93_3_2_comp1,P_1_B_93_3_2_comp1,R_1_B_93_3_2,TCDB,TCDB.1_B_93_3_2_comp1
G_8_A_210_1_4_comp1,P_8_A_210_1_4_comp1,R_8_A_210_1_4,TCDB,TCDB.8_A_210_1_4_comp1
G_1_A_130_2_4_comp1,P_1_A_130_2_4_comp1,R_1_A_130_2_4,TCDB,TCDB.1_A_130_2_4_comp1
G_8_A_169_1_5_comp1,P_8_A_169_1_5_comp1,R_8_A_169_1_5,TCDB,TCDB.8_A_169_1_5_comp1
G_2_A_54_1_12_comp1,P_2_A_54_1_12_comp1,R_2_A_54_1_12,TCDB,TCDB.2_A_54_1_12_comp1
G_1_B_93_2_6_comp1,P_1_B_93_2_6_comp1,R_1_B_93_2_6,TCDB,TCDB.1_B_93_2_6_comp1
G_4_H_1_1_10_comp1,P_4_H_1_1_10_comp1,R_4_H_1_1_10,TCDB,TCDB.4_H_1_1_10_comp1
G_8_A_159_1_4_comp1,P_8_A_159_1_4_comp1,R_8_A_159_1_4,TCDB,TCDB.8_A_159_1_4_comp1
G_9_B_301_1_3_comp1,P_9_B_301_1_3_comp1,R_9_B_301_1_3,TCDB,TCDB.9_B_301_1_3_comp1
G_9_B_397_1_2_comp1,P_9_B_397_1_2_comp1,R_9_B_397_1_2,TCDB,TCDB.9_B_397_1_2_comp1
G_1_C_134_1_3_comp1,P_1_C_134_1_3_comp1,R_1_C_134_1_3,TCDB,TCDB.1_C_134_1_3_comp1
G_9_A_76_1_10_comp1,P_9_A_76_1_10_comp1,R_9_A_76_1_10,TCDB,TCDB.9_A_76_1_10_comp1
G_9_B_347_4_1_comp1,P_9_B_347_4_1_comp1,R_9_B_347_4_1,TCDB,TCDB.9_B_347_4_1_comp1
G_9_B_317_1_6_comp1,P_9_B_317_1_6_comp1,R_9_B_317_1_6,TCDB,TCDB.9_B_317_1_6_comp1
G_8_A_191_1_6_comp1,P_8_A_191_1_6_comp1,R_8_A_191_1_6,TCDB,TCDB.8_A_191_1_6_comp1
G_8_A_156_2_4_comp1,P_8_A_156_2_4_comp1,R_8_A_156_2_4,TCDB,TCDB.8_A_156_2_4_comp1
G_8_A_169_1_6_comp1,P_8_A_169_1_6_comp1,R_8_A_169_1_6,TCDB,TCDB.8_A_169_1_6_comp1
G_1_B_33_4_4_comp1,P_1_B_33_4_4_comp1,R_1_B_33_4_4,TCDB,TCDB.1_B_33_4_4_comp1
G_2_A_131_1_6_comp1,P_2_A_131_1_6_comp1,R_2_A_131_1_6,TCDB,TCDB.2_A_131_1_6_comp1
G_1_B_2_1_7_comp1,P_1_B_2_1_7_comp1,R_1_B_2_1_7,TCDB,TCDB.1_B_2_1_7_comp1
G_1_B_2_1_5_comp1,P_1_B_2_1_5_comp1,R_1_B_2_1_5,TCDB,TCDB.1_B_2_1_5_comp1
G_2_A_7_43_8_comp1,P_2_A_7_43_8_comp1,R_2_A_7_43_8,TCDB,TCDB.2_A_7_43_8_comp1
G_9_B_142_3_16_comp1,P_9_B_142_3_16_comp1,R_9_B_142_3_16,TCDB,TCDB.9_B_142_3_16_comp1
G_9_B_346_4_2_comp1,P_9_B_346_4_2_comp1,R_9_B_346_4_2,TCDB,TCDB.9_B_346_4_2_comp1
G_9_B_347_3_1_comp1,P_9_B_347_3_1_comp1,R_9_B_347_3_1,TCDB,TCDB.9_B_347_3_1_comp1
G_1_W_9_2_1_comp1,P_1_W_9_2_1_comp1,R_1_W_9_2_1,TCDB,TCDB.1_W_9_2_1_comp1
G_9_B_333_1_2_comp1,P_9_B_333_1_2_comp1,R_9_B_333_1_2,TCDB,TCDB.9_B_333_1_2_comp1
G_1_A_1_29_7_comp1,P_1_A_1_29_7_comp1,R_1_A_1_29_7,TCDB,TCDB.1_A_1_29_7_comp1
G_1_W_3_2_1_comp1,P_1_W_3_2_1_comp1,R_1_W_3_2_1,TCDB,TCDB.1_W_3_2_1_comp1
G_2_A_134_1_15_comp1,P_2_A_134_1_15_comp1,R_2_A_134_1_15,TCDB,TCDB.2_A_134_1_15_comp1
G_1_W_3_2_4_comp1,P_1_W_3_2_4_comp1,R_1_W_3_2_4,TCDB,TCDB.1_W_3_2_4_comp1
G_9_B_29_2_22_comp1,P_9_B_29_2_22_comp1,R_9_B_29_2_22,TCDB,TCDB.9_B_29_2_22_comp1
G_1_W_8_1_9_comp1,P_1_W_8_1_9_comp1,R_1_W_8_1_9,TCDB,TCDB.1_W_8_1_9_comp1
G_2_A_58_2_7_comp1,P_2_A_58_2_7_comp1,R_2_A_58_2_7,TCDB,TCDB.2_A_58_2_7_comp1
G_8_A_172_2_4_comp1,P_8_A_172_2_4_comp1,R_8_A_172_2_4,TCDB,TCDB.8_A_172_2_4_comp1
G_9_B_28_8_2_comp1,P_9_B_28_8_2_comp1,R_9_B_28_8_2,TCDB,TCDB.9_B_28_8_2_comp1
G_1_W_3_2_5_comp1,P_1_W_3_2_5_comp1,R_1_W_3_2_5,TCDB,TCDB.1_W_3_2_5_comp1
G_2_A_102_4_15_comp1,P_2_A_102_4_15_comp1,R_2_A_102_4_15,TCDB,TCDB.2_A_102_4_15_comp1
G_1_E_19_4_4_comp1,P_1_E_19_4_4_comp1,R_1_E_19_4_4,TCDB,TCDB.1_E_19_4_4_comp1
G_9_B_346_1_5_comp1,P_9_B_346_1_5_comp1,R_9_B_346_1_5,TCDB,TCDB.9_B_346_1_5_comp1
G_9_B_342_1_3_comp1,P_9_B_342_1_3_comp1,R_9_B_342_1_3,TCDB,TCDB.9_B_342_1_3_comp1
G_9_B_348_1_2_comp1,P_9_B_348_1_2_comp1,R_9_B_348_1_2,TCDB,TCDB.9_B_348_1_2_comp1
G_9_B_36_4_4_comp1,P_9_B_36_4_4_comp1,R_9_B_36_4_4,TCDB,TCDB.9_B_36_4_4_comp1
G_9_B_346_1_4_comp1,P_9_B_346_1_4_comp1,R_9_B_346_1_4,TCDB,TCDB.9_B_346_1_4_comp1
G_9_B_320_1_8_comp1,P_9_B_320_1_8_comp1,R_9_B_320_1_8,TCDB,TCDB.9_B_320_1_8_comp1
G_9_B_320_1_3_comp1,P_9_B_320_1_3_comp1,R_9_B_320_1_3,TCDB,TCDB.9_B_320_1_3_comp1
G_9_B_109_1_8_comp1,P_9_B_109_1_8_comp1,R_9_B_109_1_8,TCDB,TCDB.9_B_109_1_8_comp1
G_9_B_323_1_4_comp1,P_9_B_323_1_4_comp1,R_9_B_323_1_4,TCDB,TCDB.9_B_323_1_4_comp1
G_9_A_43_1_11_comp1,P_9_A_43_1_11_comp1,R_9_A_43_1_11,TCDB,TCDB.9_A_43_1_11_comp1
G_9_A_19_1_7_comp1,P_9_A_19_1_7_comp1,R_9_A_19_1_7,TCDB,TCDB.9_A_19_1_7_comp1
G_1_A_121_1_8_comp1,P_1_A_121_1_8_comp1,R_1_A_121_1_8,TCDB,TCDB.1_A_121_1_8_comp1
G_9_B_386_1_2_comp1,P_9_B_386_1_2_comp1,R_9_B_386_1_2,TCDB,TCDB.9_B_386_1_2_comp1
G_1_W_5_1_7_comp1,P_1_W_5_1_7_comp1,R_1_W_5_1_7,TCDB,TCDB.1_W_5_1_7_comp1
G_2_A_40_8_7_comp1,P_2_A_40_8_7_comp1,R_2_A_40_8_7,TCDB,TCDB.2_A_40_8_7_comp1
G_1_A_1_28_8_comp1,P_1_A_1_28_8_comp1,R_1_A_1_28_8,TCDB,TCDB.1_A_1_28_8_comp1
G_9_A_76_1_12_comp1,P_9_A_76_1_12_comp1,R_9_A_76_1_12,TCDB,TCDB.9_A_76_1_12_comp1
G_2_A_50_4_3_comp1,P_2_A_50_4_3_comp1,R_2_A_50_4_3,TCDB,TCDB.2_A_50_4_3_comp1
G_1_A_84_1_8_comp1,P_1_A_84_1_8_comp1,R_1_A_84_1_8,TCDB,TCDB.1_A_84_1_8_comp1
G_8_A_146_3_3_comp1,P_8_A_146_3_3_comp1,R_8_A_146_3_3,TCDB,TCDB.8_A_146_3_3_comp1
G_1_B_33_2_7_comp1,P_1_B_33_2_7_comp1,R_1_B_33_2_7,TCDB,TCDB.1_B_33_2_7_comp1
G_4_D_2_1_10_comp1,P_4_D_2_1_10_comp1,R_4_D_2_1_10,TCDB,TCDB.4_D_2_1_10_comp1
G_9_B_320_1_2_comp1,P_9_B_320_1_2_comp1,R_9_B_320_1_2,TCDB,TCDB.9_B_320_1_2_comp1
G_9_B_333_1_3_comp1,P_9_B_333_1_3_comp1,R_9_B_333_1_3,TCDB,TCDB.9_B_333_1_3_comp1
G_1_C_137_3_1_comp1,P_1_C_137_3_1_comp1,R_1_C_137_3_1,TCDB,TCDB.1_C_137_3_1_comp1
G_9_B_360_1_3_comp1,P_9_B_360_1_3_comp1,R_9_B_360_1_3,TCDB,TCDB.9_B_360_1_3_comp1
G_8_A_191_1_8_comp1,P_8_A_191_1_8_comp1,R_8_A_191_1_8,TCDB,TCDB.8_A_191_1_8_comp1
G_9_B_317_1_5_comp1,P_9_B_317_1_5_comp1,R_9_B_317_1_5,TCDB,TCDB.9_B_317_1_5_comp1
G_1_A_6_1_13_comp1,P_1_A_6_1_13_comp1,R_1_A_6_1_13,TCDB,TCDB.1_A_6_1_13_comp1
G_8_A_115_1_8_comp1,P_8_A_115_1_8_comp1,R_8_A_115_1_8,TCDB,TCDB.8_A_115_1_8_comp1
G_8_A_112_3_1_comp1,P_8_A_112_3_1_comp1,R_8_A_112_3_1,TCDB,TCDB.8_A_112_3_1_comp1
G_2_A_6_5_16_comp1,P_2_A_6_5_16_comp1,R_2_A_6_5_16,TCDB,TCDB.2_A_6_5_16_comp1
G_1_A_77_1_16_comp1,P_1_A_77_1_16_comp1,R_1_A_77_1_16,TCDB,TCDB.1_A_77_1_16_comp1
G_9_B_389_1_3_comp1,P_9_B_389_1_3_comp1,R_9_B_389_1_3,TCDB,TCDB.9_B_389_1_3_comp1
G_8_A_23_1_31_comp1,P_8_A_23_1_31_comp1,R_8_A_23_1_31,TCDB,TCDB.8_A_23_1_31_comp1
G_1_A_72_3_6_comp1,P_1_A_72_3_6_comp1,R_1_A_72_3_6,TCDB,TCDB.1_A_72_3_6_comp1
G_1_W_6_3_3_comp1,P_1_W_6_3_3_comp1,R_1_W_6_3_3,TCDB,TCDB.1_W_6_3_3_comp1
G_2_A_51_1_8_comp1,P_2_A_51_1_8_comp1,R_2_A_51_1_8,TCDB,TCDB.2_A_51_1_8_comp1
G_9_B_358_1_7_comp1,P_9_B_358_1_7_comp1,R_9_B_358_1_7,TCDB,TCDB.9_B_358_1_7_comp1
G_2_A_7_44_5_comp1,P_2_A_7_44_5_comp1,R_2_A_7_44_5,TCDB,TCDB.2_A_7_44_5_comp1
G_4_C_3_1_12_comp1,P_4_C_3_1_12_comp1,R_4_C_3_1_12,TCDB,TCDB.4_C_3_1_12_comp1
G_9_B_346_5_1_comp1,P_9_B_346_5_1_comp1,R_9_B_346_5_1,TCDB,TCDB.9_B_346_5_1_comp1
G_2_A_100_1_6_comp1,P_2_A_100_1_6_comp1,R_2_A_100_1_6,TCDB,TCDB.2_A_100_1_6_comp1
G_2_A_54_1_11_comp1,P_2_A_54_1_11_comp1,R_2_A_54_1_11,TCDB,TCDB.2_A_54_1_11_comp1
G_1_A_121_1_6_comp1,P_1_A_121_1_6_comp1,R_1_A_121_1_6,TCDB,TCDB.1_A_121_1_6_comp1
G_1_W_7_5_2_comp1,P_1_W_7_5_2_comp1,R_1_W_7_5_2,TCDB,TCDB.1_W_7_5_2_comp1
G_1_C_137_1_7_comp1,P_1_C_137_1_7_comp1,R_1_C_137_1_7,TCDB,TCDB.1_C_137_1_7_comp1
G_9_B_318_1_2_comp1,P_9_B_318_1_2_comp1,R_9_B_318_1_2,TCDB,TCDB.9_B_318_1_2_comp1
G_1_H_3_1_16_comp1,P_1_H_3_1_16_comp1,R_1_H_3_1_16,TCDB,TCDB.1_H_3_1_16_comp1
G_8_A_188_1_4_comp1,P_8_A_188_1_4_comp1,R_8_A_188_1_4,TCDB,TCDB.8_A_188_1_4_comp1
G_9_A_74_1_4_comp1,P_9_A_74_1_4_comp1,R_9_A_74_1_4,TCDB,TCDB.9_A_74_1_4_comp1
G_9_B_17_1_6_comp1,P_9_B_17_1_6_comp1,R_9_B_17_1_6,TCDB,TCDB.9_B_17_1_6_comp1
G_8_B_34_1_6_comp1,P_8_B_34_1_6_comp1,R_8_B_34_1_6,TCDB,TCDB.8_B_34_1_6_comp1
G_8_A_128_7_7_comp1,P_8_A_128_7_7_comp1,R_8_A_128_7_7,TCDB,TCDB.8_A_128_7_7_comp1
G_1_C_133_1_3_comp1,P_1_C_133_1_3_comp1,R_1_C_133_1_3,TCDB,TCDB.1_C_133_1_3_comp1
G_1_E_64_1_5_comp1,P_1_E_64_1_5_comp1,R_1_E_64_1_5,TCDB,TCDB.1_E_64_1_5_comp1
G_8_A_185_1_4_comp1,P_8_A_185_1_4_comp1,R_8_A_185_1_4,TCDB,TCDB.8_A_185_1_4_comp1
G_5_B_15_1_1_comp1,P_5_B_15_1_1_comp1,R_5_B_15_1_1,TCDB,TCDB.5_B_15_1_1_comp1
G_1_W_9_1_9_comp1,P_1_W_9_1_9_comp1,R_1_W_9_1_9,TCDB,TCDB.1_W_9_1_9_comp1
G_1_W_9_1_16_comp1,P_1_W_9_1_16_comp1,R_1_W_9_1_16,TCDB,TCDB.1_W_9_1_16_comp1
G_9_B_447_1_3_comp1,P_9_B_447_1_3_comp1,R_9_B_447_1_3,TCDB,TCDB.9_B_447_1_3_comp1
G_1_A_50_1_4_comp1,P_1_A_50_1_4_comp1,R_1_A_50_1_4,TCDB,TCDB.1_A_50_1_4_comp1
G_2_A_134_1_3_comp1,P_2_A_134_1_3_comp1,R_2_A_134_1_3,TCDB,TCDB.2_A_134_1_3_comp1
G_9_B_118_1_2_comp1,P_9_B_118_1_2_comp1,R_9_B_118_1_2,TCDB,TCDB.9_B_118_1_2_comp1
G_1_E_25_2_6_comp1,P_1_E_25_2_6_comp1,R_1_E_25_2_6,TCDB,TCDB.1_E_25_2_6_comp1
G_1_E_2_1_14_comp1,P_1_E_2_1_14_comp1,R_1_E_2_1_14,TCDB,TCDB.1_E_2_1_14_comp1
G_1_A_7_2_10_comp1,P_1_A_7_2_10_comp1,R_1_A_7_2_10,TCDB,TCDB.1_A_7_2_10_comp1
G_1_A_119_1_10_comp1,P_1_A_119_1_10_comp1,R_1_A_119_1_10,TCDB,TCDB.1_A_119_1_10_comp1
G_1_A_7_2_15_comp1,P_1_A_7_2_15_comp1,R_1_A_7_2_15,TCDB,TCDB.1_A_7_2_15_comp1
G_2_A_31_2_20_comp1,P_2_A_31_2_20_comp1,R_2_A_31_2_20,TCDB,TCDB.2_A_31_2_20_comp1
G_8_A_128_3_11_comp1,P_8_A_128_3_11_comp1,R_8_A_128_3_11,TCDB,TCDB.8_A_128_3_11_comp1
G_2_A_1_2_119_comp1,P_2_A_1_2_119_comp1,R_2_A_1_2_119,TCDB,TCDB.2_A_1_2_119_comp1
G_9_A_34_1_2_comp1,P_9_A_34_1_2_comp1,R_9_A_34_1_2,TCDB,TCDB.9_A_34_1_2_comp1
G_1_E_29_1_5_comp1,P_1_E_29_1_5_comp1,R_1_E_29_1_5,TCDB,TCDB.1_E_29_1_5_comp1
G_9_B_353_2_2_comp1,P_9_B_353_2_2_comp1,R_9_B_353_2_2,TCDB,TCDB.9_B_353_2_2_comp1
G_9_B_353_2_1_comp1,P_9_B_353_2_1_comp1,R_9_B_353_2_1,TCDB,TCDB.9_B_353_2_1_comp1
G_2_A_7_44_10_comp1,P_2_A_7_44_10_comp1,R_2_A_7_44_10,TCDB,TCDB.2_A_7_44_10_comp1
G_9_B_362_1_3_comp1,P_9_B_362_1_3_comp1,R_9_B_362_1_3,TCDB,TCDB.9_B_362_1_3_comp1
G_1_A_130_1_9_comp1,P_1_A_130_1_9_comp1,R_1_A_130_1_9,TCDB,TCDB.1_A_130_1_9_comp1
G_9_B_263_2_7_comp1,P_9_B_263_2_7_comp1,R_9_B_263_2_7,TCDB,TCDB.9_B_263_2_7_comp1
G_1_A_115_1_2_comp1,P_1_A_115_1_2_comp1,R_1_A_115_1_2,TCDB,TCDB.1_A_115_1_2_comp1
G_1_A_6_4_5_comp1,P_1_A_6_4_5_comp1,R_1_A_6_4_5,TCDB,TCDB.1_A_6_4_5_comp1
G_1_A_113_3_7_comp1,P_1_A_113_3_7_comp1,R_1_A_113_3_7,TCDB,TCDB.1_A_113_3_7_comp1
G_1_B_93_2_3_comp1,P_1_B_93_2_3_comp1,R_1_B_93_2_3,TCDB,TCDB.1_B_93_2_3_comp1
G_2_A_131_1_7_comp1,P_2_A_131_1_7_comp1,R_2_A_131_1_7,TCDB,TCDB.2_A_131_1_7_comp1
G_3_A_1_201_38_comp1,P_3_A_1_201_38_comp1,R_3_A_1_201_38,TCDB,TCDB.3_A_1_201_38_comp1
G_9_B_56_2_1_comp1,P_9_B_56_2_1_comp1,R_9_B_56_2_1,TCDB,TCDB.9_B_56_2_1_comp1
G_9_B_153_3_10_comp1,P_9_B_153_3_10_comp1,R_9_B_153_3_10,TCDB,TCDB.9_B_153_3_10_comp1
G_9_B_117_2_3_comp1,P_9_B_117_2_3_comp1,R_9_B_117_2_3,TCDB,TCDB.9_B_117_2_3_comp1
G_1_B_50_2_3_comp1,P_1_B_50_2_3_comp1,R_1_B_50_2_3,TCDB,TCDB.1_B_50_2_3_comp1
G_9_A_55_1_8_comp1,P_9_A_55_1_8_comp1,R_9_A_55_1_8,TCDB,TCDB.9_A_55_1_8_comp1
G_4_D_1_4_4_comp1,P_4_D_1_4_4_comp1,R_4_D_1_4_4,TCDB,TCDB.4_D_1_4_4_comp1
G_9_B_121_6_9_comp1,P_9_B_121_6_9_comp1,R_9_B_121_6_9,TCDB,TCDB.9_B_121_6_9_comp1
G_9_B_142_4_9_comp1,P_9_B_142_4_9_comp1,R_9_B_142_4_9,TCDB,TCDB.9_B_142_4_9_comp1
G_2_A_124_1_2_comp1,P_2_A_124_1_2_comp1,R_2_A_124_1_2,TCDB,TCDB.2_A_124_1_2_comp1
G_1_A_77_3_11_comp1,P_1_A_77_3_11_comp1,R_1_A_77_3_11,TCDB,TCDB.1_A_77_3_11_comp1
G_1_E_55_2_4_comp1,P_1_E_55_2_4_comp1,R_1_E_55_2_4,TCDB,TCDB.1_E_55_2_4_comp1
G_9_B_109_1_1_comp1,P_9_B_109_1_1_comp1,R_9_B_109_1_1,TCDB,TCDB.9_B_109_1_1_comp1
G_9_B_109_1_2_comp1,P_9_B_109_1_2_comp1,R_9_B_109_1_2,TCDB,TCDB.9_B_109_1_2_comp1
G_9_B_198_1_5_comp1,P_9_B_198_1_5_comp1,R_9_B_198_1_5,TCDB,TCDB.9_B_198_1_5_comp1
G_1_A_101_3_4_comp1,P_1_A_101_3_4_comp1,R_1_A_101_3_4,TCDB,TCDB.1_A_101_3_4_comp1
G_2_A_98_1_6_comp1,P_2_A_98_1_6_comp1,R_2_A_98_1_6,TCDB,TCDB.2_A_98_1_6_comp1
G_9_B_206_1_3_comp1,P_9_B_206_1_3_comp1,R_9_B_206_1_3,TCDB,TCDB.9_B_206_1_3_comp1
G_2_A_79_1_9_comp1,P_2_A_79_1_9_comp1,R_2_A_79_1_9,TCDB,TCDB.2_A_79_1_9_comp1
G_8_B_24_5_2_comp1,P_8_B_24_5_2_comp1,R_8_B_24_5_2,TCDB,TCDB.8_B_24_5_2_comp1
G_9_B_105_2_2_comp1,P_9_B_105_2_2_comp1,R_9_B_105_2_2,TCDB,TCDB.9_B_105_2_2_comp1
G_2_A_1_72_2_comp1,P_2_A_1_72_2_comp1,R_2_A_1_72_2,TCDB,TCDB.2_A_1_72_2_comp1
G_9_B_2_5_1_comp1,P_9_B_2_5_1_comp1,R_9_B_2_5_1,TCDB,TCDB.9_B_2_5_1_comp1
G_1_B_85_1_6_comp1,P_1_B_85_1_6_comp1,R_1_B_85_1_6,TCDB,TCDB.1_B_85_1_6_comp1
G_1_E_57_3_3_comp1,P_1_E_57_3_3_comp1,R_1_E_57_3_3,TCDB,TCDB.1_E_57_3_3_comp1
G_8_A_98_1_6_comp1,P_8_A_98_1_6_comp1,R_8_A_98_1_6,TCDB,TCDB.8_A_98_1_6_comp1
G_8_A_52_1_6_comp1,P_8_A_52_1_6_comp1,R_8_A_52_1_6,TCDB,TCDB.8_A_52_1_6_comp1
G_1_C_12_1_10_comp1,P_1_C_12_1_10_comp1,R_1_C_12_1_10,TCDB,TCDB.1_C_12_1_10_comp1
G_9_B_224_1_1_comp1,P_9_B_224_1_1_comp1,R_9_B_224_1_1,TCDB,TCDB.9_B_224_1_1_comp1
G_2_A_10_1_6_comp1,P_2_A_10_1_6_comp1,R_2_A_10_1_6,TCDB,TCDB.2_A_10_1_6_comp1
G_2_A_128_1_7_comp1,P_2_A_128_1_7_comp1,R_2_A_128_1_7,TCDB,TCDB.2_A_128_1_7_comp1
G_1_A_6_1_9_comp1,P_1_A_6_1_9_comp1,R_1_A_6_1_9,TCDB,TCDB.1_A_6_1_9_comp1
G_1_M_13_1_2_comp1,P_1_M_13_1_2_comp1,R_1_M_13_1_2,TCDB,TCDB.1_M_13_1_2_comp1
G_9_B_153_3_14_comp1,P_9_B_153_3_14_comp1,R_9_B_153_3_14,TCDB,TCDB.9_B_153_3_14_comp1
G_1_A_25_3_8_comp1,P_1_A_25_3_8_comp1,R_1_A_25_3_8,TCDB,TCDB.1_A_25_3_8_comp1
G_9_B_108_1_2_comp1,P_9_B_108_1_2_comp1,R_9_B_108_1_2,TCDB,TCDB.9_B_108_1_2_comp1
G_1_B_84_1_3_comp1,P_1_B_84_1_3_comp1,R_1_B_84_1_3,TCDB,TCDB.1_B_84_1_3_comp1
G_1_B_14_16_9_comp1,P_1_B_14_16_9_comp1,R_1_B_14_16_9,TCDB,TCDB.1_B_14_16_9_comp1
G_2_A_1_64_3_comp1,P_2_A_1_64_3_comp1,R_2_A_1_64_3,TCDB,TCDB.2_A_1_64_3_comp1
G_8_B_12_1_4_comp1,P_8_B_12_1_4_comp1,R_8_B_12_1_4,TCDB,TCDB.8_B_12_1_4_comp1
G_2_A_26_1_6_comp1,P_2_A_26_1_6_comp1,R_2_A_26_1_6,TCDB,TCDB.2_A_26_1_6_comp1
G_1_B_75_1_4_comp1,P_1_B_75_1_4_comp1,R_1_B_75_1_4,TCDB,TCDB.1_B_75_1_4_comp1
G_2_A_25_1_7_comp1,P_2_A_25_1_7_comp1,R_2_A_25_1_7,TCDB,TCDB.2_A_25_1_7_comp1
G_8_B_1_1_12_comp1,P_8_B_1_1_12_comp1,R_8_B_1_1_12,TCDB,TCDB.8_B_1_1_12_comp1
G_1_A_4_5_14_comp1,P_1_A_4_5_14_comp1,R_1_A_4_5_14,TCDB,TCDB.1_A_4_5_14_comp1
G_1_A_78_2_3_comp1,P_1_A_78_2_3_comp1,R_1_A_78_2_3,TCDB,TCDB.1_A_78_2_3_comp1
G_2_A_80_1_4_comp1,P_2_A_80_1_4_comp1+2_A_80_1_4_comp2+2_A_80_1_4_comp3,R_2_A_80_1_4,TCDB,TCDB.2_A_80_1_4_comp1
G_2_A_80_1_4_comp2,P_2_A_80_1_4_comp1+2_A_80_1_4_comp2+2_A_80_1_4_comp3,R_2_A_80_1_4,TCDB,TCDB.2_A_80_1_4_comp2
G_2_A_80_1_4_comp3,P_2_A_80_1_4_comp1+2_A_80_1_4_comp2+2_A_80_1_4_comp3,R_2_A_80_1_4,TCDB,TCDB.2_A_80_1_4_comp3
G_9_B_102_1_14_comp1,P_9_B_102_1_14_comp1,R_9_B_102_1_14,TCDB,TCDB.9_B_102_1_14_comp1
G_9_B_27_2_8_comp1,P_9_B_27_2_8_comp1,R_9_B_27_2_8,TCDB,TCDB.9_B_27_2_8_comp1
G_9_A_4_2_4_comp1,P_9_A_4_2_4_comp1,R_9_A_4_2_4,TCDB,TCDB.9_A_4_2_4_comp1
G_2_A_66_1_35_comp1,P_2_A_66_1_35_comp1,R_2_A_66_1_35,TCDB,TCDB.2_A_66_1_35_comp1
G_3_A_1_204_21_comp1,P_3_A_1_204_21_comp1,R_3_A_1_204_21,TCDB,TCDB.3_A_1_204_21_comp1
G_2_A_3_3_23_comp1,P_2_A_3_3_23_comp1,R_2_A_3_3_23,TCDB,TCDB.2_A_3_3_23_comp1
G_4_A_1_2_17_comp1,P_4_A_1_2_17_comp1,R_4_A_1_2_17,TCDB,TCDB.4_A_1_2_17_comp1
G_1_E_11_3_2_comp1,P_1_E_11_3_2_comp1,R_1_E_11_3_2,TCDB,TCDB.1_E_11_3_2_comp1
G_2_C_1_1_9_comp1,P_2_C_1_1_9_comp1,R_2_C_1_1_9,TCDB,TCDB.2_C_1_1_9_comp1
G_1_C_39_12_4_comp1,P_1_C_39_12_4_comp1,R_1_C_39_12_4,TCDB,TCDB.1_C_39_12_4_comp1
G_2_A_85_3_5_comp1,P_2_A_85_3_5_comp1,R_2_A_85_3_5,TCDB,TCDB.2_A_85_3_5_comp1
G_1_C_71_2_2_comp1,P_1_C_71_2_2_comp1,R_1_C_71_2_2,TCDB,TCDB.1_C_71_2_2_comp1
G_9_B_45_1_5_comp1,P_9_B_45_1_5_comp1,R_9_B_45_1_5,TCDB,TCDB.9_B_45_1_5_comp1
G_3_A_1_149_3_comp1,P_3_A_1_149_3_comp1+3_A_1_149_3_comp2,R_3_A_1_149_3,TCDB,TCDB.3_A_1_149_3_comp1
G_3_A_1_149_3_comp2,P_3_A_1_149_3_comp1+3_A_1_149_3_comp2,R_3_A_1_149_3,TCDB,TCDB.3_A_1_149_3_comp2
G_1_A_67_1_8_comp1,P_1_A_67_1_8_comp1,R_1_A_67_1_8,TCDB,TCDB.1_A_67_1_8_comp1
G_2_A_49_1_4_comp1,P_2_A_49_1_4_comp1,R_2_A_49_1_4,TCDB,TCDB.2_A_49_1_4_comp1
G_9_A_67_1_1_comp1,P_9_A_67_1_1_comp1+9_A_67_1_1_comp2+9_A_67_1_1_comp3,R_9_A_67_1_1,TCDB,TCDB.9_A_67_1_1_comp1
G_9_A_67_1_1_comp2,P_9_A_67_1_1_comp1+9_A_67_1_1_comp2+9_A_67_1_1_comp3,R_9_A_67_1_1,TCDB,TCDB.9_A_67_1_1_comp2
G_9_A_67_1_1_comp3,P_9_A_67_1_1_comp1+9_A_67_1_1_comp2+9_A_67_1_1_comp3,R_9_A_67_1_1,TCDB,TCDB.9_A_67_1_1_comp3
G_2_A_7_29_1_comp1,P_2_A_7_29_1_comp1,R_2_A_7_29_1,TCDB,TCDB.2_A_7_29_1_comp1
G_4_E_1_1_5_comp1,P_4_E_1_1_5_comp1,R_4_E_1_1_5,TCDB,TCDB.4_E_1_1_5_comp1
G_9_B_72_2_5_comp1,P_9_B_72_2_5_comp1,R_9_B_72_2_5,TCDB,TCDB.9_B_72_2_5_comp1
G_1_B_77_1_7_comp1,P_1_B_77_1_7_comp1,R_1_B_77_1_7,TCDB,TCDB.1_B_77_1_7_comp1
G_2_A_1_66_5_comp1,P_2_A_1_66_5_comp1,R_2_A_1_66_5,TCDB,TCDB.2_A_1_66_5_comp1
G_1_C_97_3_5_comp1,P_1_C_97_3_5_comp1,R_1_C_97_3_5,TCDB,TCDB.1_C_97_3_5_comp1
G_1_C_71_2_4_comp1,P_1_C_71_2_4_comp1,R_1_C_71_2_4,TCDB,TCDB.1_C_71_2_4_comp1
G_8_B_21_1_4_comp1,P_8_B_21_1_4_comp1,R_8_B_21_1_4,TCDB,TCDB.8_B_21_1_4_comp1
G_2_A_49_2_10_comp1,P_2_A_49_2_10_comp1,R_2_A_49_2_10,TCDB,TCDB.2_A_49_2_10_comp1
G_2_A_1_66_4_comp1,P_2_A_1_66_4_comp1,R_2_A_1_66_4,TCDB,TCDB.2_A_1_66_4_comp1
G_9_B_231_1_6_comp1,P_9_B_231_1_6_comp1,R_9_B_231_1_6,TCDB,TCDB.9_B_231_1_6_comp1
G_1_C_73_1_3_comp1,P_1_C_73_1_3_comp1,R_1_C_73_1_3,TCDB,TCDB.1_C_73_1_3_comp1
G_1_C_59_3_3_comp1,P_1_C_59_3_3_comp1,R_1_C_59_3_3,TCDB,TCDB.1_C_59_3_3_comp1
G_1_E_54_1_4_comp1,P_1_E_54_1_4_comp1,R_1_E_54_1_4,TCDB,TCDB.1_E_54_1_4_comp1
G_9_B_193_1_1_comp1,P_9_B_193_1_1_comp1,R_9_B_193_1_1,TCDB,TCDB.9_B_193_1_1_comp1
G_8_A_103_1_10_comp1,P_8_A_103_1_10_comp1,R_8_A_103_1_10,TCDB,TCDB.8_A_103_1_10_comp1
G_9_B_177_1_2_comp1,P_9_B_177_1_2_comp1,R_9_B_177_1_2,TCDB,TCDB.9_B_177_1_2_comp1
G_1_A_67_2_3_comp1,P_1_A_67_2_3_comp1,R_1_A_67_2_3,TCDB,TCDB.1_A_67_2_3_comp1
G_1_A_43_2_3_comp1,P_1_A_43_2_3_comp1,R_1_A_43_2_3,TCDB,TCDB.1_A_43_2_3_comp1
G_2_A_29_31_4_comp1,P_2_A_29_31_4_comp1,R_2_A_29_31_4,TCDB,TCDB.2_A_29_31_4_comp1
G_9_B_214_2_2_comp1,P_9_B_214_2_2_comp1,R_9_B_214_2_2,TCDB,TCDB.9_B_214_2_2_comp1
G_9_B_57_1_4_comp1,P_9_B_57_1_4_comp1,R_9_B_57_1_4,TCDB,TCDB.9_B_57_1_4_comp1
G_8_A_94_1_5_comp1,P_8_A_94_1_5_comp1,R_8_A_94_1_5,TCDB,TCDB.8_A_94_1_5_comp1
G_2_A_57_4_5_comp1,P_2_A_57_4_5_comp1,R_2_A_57_4_5,TCDB,TCDB.2_A_57_4_5_comp1
G_8_A_110_1_2_comp1,P_8_A_110_1_2_comp1,R_8_A_110_1_2,TCDB,TCDB.8_A_110_1_2_comp1
G_2_A_1_91_4_comp1,P_2_A_1_91_4_comp1,R_2_A_1_91_4,TCDB,TCDB.2_A_1_91_4_comp1
G_9_B_187_1_2_comp1,P_9_B_187_1_2_comp1,R_9_B_187_1_2,TCDB,TCDB.9_B_187_1_2_comp1
G_3_A_1_201_42_comp1,P_3_A_1_201_42_comp1,R_3_A_1_201_42,TCDB,TCDB.3_A_1_201_42_comp1
G_2_A_7_20_5_comp1,P_2_A_7_20_5_comp1,R_2_A_7_20_5,TCDB,TCDB.2_A_7_20_5_comp1
G_8_A_102_2_2_comp1,P_8_A_102_2_2_comp1,R_8_A_102_2_2,TCDB,TCDB.8_A_102_2_2_comp1
G_9_B_325_1_2_comp1,P_9_B_325_1_2_comp1,R_9_B_325_1_2,TCDB,TCDB.9_B_325_1_2_comp1
G_8_A_205_1_8_comp1,P_8_A_205_1_8_comp1,R_8_A_205_1_8,TCDB,TCDB.8_A_205_1_8_comp1
G_9_B_436_1_3_comp1,P_9_B_436_1_3_comp1,R_9_B_436_1_3,TCDB,TCDB.9_B_436_1_3_comp1
G_9_B_290_1_2_comp1,P_9_B_290_1_2_comp1,R_9_B_290_1_2,TCDB,TCDB.9_B_290_1_2_comp1
G_4_C_3_1_6_comp1,P_4_C_3_1_6_comp1,R_4_C_3_1_6,TCDB,TCDB.4_C_3_1_6_comp1
G_2_A_1_2_120_comp1,P_2_A_1_2_120_comp1,R_2_A_1_2_120,TCDB,TCDB.2_A_1_2_120_comp1
G_9_A_19_1_4_comp1,P_9_A_19_1_4_comp1,R_9_A_19_1_4,TCDB,TCDB.9_A_19_1_4_comp1
G_1_A_16_2_7_comp1,P_1_A_16_2_7_comp1,R_1_A_16_2_7,TCDB,TCDB.1_A_16_2_7_comp1
G_2_A_1_2_121_comp1,P_2_A_1_2_121_comp1,R_2_A_1_2_121,TCDB,TCDB.2_A_1_2_121_comp1
G_1_H_3_4_3_comp1,P_1_H_3_4_3_comp1,R_1_H_3_4_3,TCDB,TCDB.1_H_3_4_3_comp1
G_1_B_34_3_4_comp1,P_1_B_34_3_4_comp1,R_1_B_34_3_4,TCDB,TCDB.1_B_34_3_4_comp1
G_9_B_14_3_9_comp1,P_9_B_14_3_9_comp1,R_9_B_14_3_9,TCDB,TCDB.9_B_14_3_9_comp1
G_2_A_7_41_5_comp1,P_2_A_7_41_5_comp1,R_2_A_7_41_5,TCDB,TCDB.2_A_7_41_5_comp1
G_9_B_20_4_3_comp1,P_9_B_20_4_3_comp1,R_9_B_20_4_3,TCDB,TCDB.9_B_20_4_3_comp1
G_1_B_93_2_4_comp1,P_1_B_93_2_4_comp1,R_1_B_93_2_4,TCDB,TCDB.1_B_93_2_4_comp1
G_9_B_258_1_1_comp1,P_9_B_258_1_1_comp1,R_9_B_258_1_1,TCDB,TCDB.9_B_258_1_1_comp1
G_9_B_221_1_8_comp1,P_9_B_221_1_8_comp1,R_9_B_221_1_8,TCDB,TCDB.9_B_221_1_8_comp1
G_9_A_22_3_2_comp1,P_9_A_22_3_2_comp1,R_9_A_22_3_2,TCDB,TCDB.9_A_22_3_2_comp1
G_1_B_34_4_2_comp1,P_1_B_34_4_2_comp1,R_1_B_34_4_2,TCDB,TCDB.1_B_34_4_2_comp1
G_1_B_59_1_17_comp1,P_1_B_59_1_17_comp1,R_1_B_59_1_17,TCDB,TCDB.1_B_59_1_17_comp1
G_9_B_29_2_20_comp1,P_9_B_29_2_20_comp1,R_9_B_29_2_20,TCDB,TCDB.9_B_29_2_20_comp1
G_9_B_237_1_6_comp1,P_9_B_237_1_6_comp1,R_9_B_237_1_6,TCDB,TCDB.9_B_237_1_6_comp1
G_2_A_127_1_7_comp1,P_2_A_127_1_7_comp1,R_2_A_127_1_7,TCDB,TCDB.2_A_127_1_7_comp1
G_9_B_142_20_7_comp1,P_9_B_142_20_7_comp1,R_9_B_142_20_7,TCDB,TCDB.9_B_142_20_7_comp1
G_2_A_128_1_17_comp1,P_2_A_128_1_17_comp1,R_2_A_128_1_17,TCDB,TCDB.2_A_128_1_17_comp1
G_9_B_359_2_1_comp1,P_9_B_359_2_1_comp1,R_9_B_359_2_1,TCDB,TCDB.9_B_359_2_1_comp1
G_1_B_93_2_5_comp1,P_1_B_93_2_5_comp1,R_1_B_93_2_5,TCDB,TCDB.1_B_93_2_5_comp1
G_2_A_129_1_5_comp1,P_2_A_129_1_5_comp1,R_2_A_129_1_5,TCDB,TCDB.2_A_129_1_5_comp1
G_9_B_258_1_3_comp1,P_9_B_258_1_3_comp1,R_9_B_258_1_3,TCDB,TCDB.9_B_258_1_3_comp1
G_1_C_96_1_3_comp1,P_1_C_96_1_3_comp1,R_1_C_96_1_3,TCDB,TCDB.1_C_96_1_3_comp1
G_1_B_34_1_8_comp1,P_1_B_34_1_8_comp1,R_1_B_34_1_8,TCDB,TCDB.1_B_34_1_8_comp1
G_1_A_112_2_7_comp1,P_1_A_112_2_7_comp1,R_1_A_112_2_7,TCDB,TCDB.1_A_112_2_7_comp1
G_9_A_22_3_3_comp1,P_9_A_22_3_3_comp1,R_9_A_22_3_3,TCDB,TCDB.9_A_22_3_3_comp1
G_9_B_67_8_2_comp1,P_9_B_67_8_2_comp1,R_9_B_67_8_2,TCDB,TCDB.9_B_67_8_2_comp1
G_9_B_97_7_3_comp1,P_9_B_97_7_3_comp1,R_9_B_97_7_3,TCDB,TCDB.9_B_97_7_3_comp1
G_2_A_40_8_1_comp1,P_2_A_40_8_1_comp1,R_2_A_40_8_1,TCDB,TCDB.2_A_40_8_1_comp1
G_5_B_1_2_3_comp1,P_5_B_1_2_3_comp1,R_5_B_1_2_3,TCDB,TCDB.5_B_1_2_3_comp1
G_1_W_10_1_2_comp1,P_1_W_10_1_2_comp1,R_1_W_10_1_2,TCDB,TCDB.1_W_10_1_2_comp1
G_2_A_58_1_8_comp1,P_2_A_58_1_8_comp1,R_2_A_58_1_8,TCDB,TCDB.2_A_58_1_8_comp1
G_5_B_12_1_1_comp1,P_5_B_12_1_1_comp1+5_B_12_1_1_comp2+5_B_12_1_1_comp3+5_B_12_1_1_comp4+5_B_12_1_1_comp5,R_5_B_12_1_1,TCDB,TCDB.5_B_12_1_1_comp1
G_5_B_12_1_1_comp2,P_5_B_12_1_1_comp1+5_B_12_1_1_comp2+5_B_12_1_1_comp3+5_B_12_1_1_comp4+5_B_12_1_1_comp5,R_5_B_12_1_1,TCDB,TCDB.5_B_12_1_1_comp2
G_5_B_12_1_1_comp3,P_5_B_12_1_1_comp1+5_B_12_1_1_comp2+5_B_12_1_1_comp3+5_B_12_1_1_comp4+5_B_12_1_1_comp5,R_5_B_12_1_1,TCDB,TCDB.5_B_12_1_1_comp3
G_5_B_12_1_1_comp4,P_5_B_12_1_1_comp1+5_B_12_1_1_comp2+5_B_12_1_1_comp3+5_B_12_1_1_comp4+5_B_12_1_1_comp5,R_5_B_12_1_1,TCDB,TCDB.5_B_12_1_1_comp4
G_5_B_12_1_1_comp5,P_5_B_12_1_1_comp1+5_B_12_1_1_comp2+5_B_12_1_1_comp3+5_B_12_1_1_comp4+5_B_12_1_1_comp5,R_5_B_12_1_1,TCDB,TCDB.5_B_12_1_1_comp5
G_9_B_159_11_2_comp1,P_9_B_159_11_2_comp1,R_9_B_159_11_2,TCDB,TCDB.9_B_159_11_2_comp1
G_9_B_300_1_2_comp1,P_9_B_300_1_2_comp1,R_9_B_300_1_2,TCDB,TCDB.9_B_300_1_2_comp1
G_2_A_129_1_8_comp1,P_2_A_129_1_8_comp1,R_2_A_129_1_8,TCDB,TCDB.2_A_129_1_8_comp1
G_9_B_261_1_1_comp1,P_9_B_261_1_1_comp1,R_9_B_261_1_1,TCDB,TCDB.9_B_261_1_1_comp1
G_1_M_1_3_26_comp1,P_1_M_1_3_26_comp1,R_1_M_1_3_26,TCDB,TCDB.1_M_1_3_26_comp1
G_2_A_123_3_3_comp1,P_2_A_123_3_3_comp1,R_2_A_123_3_3,TCDB,TCDB.2_A_123_3_3_comp1
G_1_C_60_1_6_comp1,P_1_C_60_1_6_comp1,R_1_C_60_1_6,TCDB,TCDB.1_C_60_1_6_comp1
G_3_A_1_154_4_comp1,P_3_A_1_154_4_comp1,R_3_A_1_154_4,TCDB,TCDB.3_A_1_154_4_comp1
G_2_A_66_12_9_comp1,P_2_A_66_12_9_comp1,R_2_A_66_12_9,TCDB,TCDB.2_A_66_12_9_comp1
G_1_C_3_4_4_comp1,P_1_C_3_4_4_comp1+1_C_3_4_4_comp2,R_1_C_3_4_4,TCDB,TCDB.1_C_3_4_4_comp1
G_1_C_3_4_4_comp2,P_1_C_3_4_4_comp1+1_C_3_4_4_comp2,R_1_C_3_4_4,TCDB,TCDB.1_C_3_4_4_comp2
G_1_B_34_4_3_comp1,P_1_B_34_4_3_comp1,R_1_B_34_4_3,TCDB,TCDB.1_B_34_4_3_comp1
G_9_B_28_5_4_comp1,P_9_B_28_5_4_comp1,R_9_B_28_5_4,TCDB,TCDB.9_B_28_5_4_comp1
G_1_C_60_1_11_comp1,P_1_C_60_1_11_comp1,R_1_C_60_1_11,TCDB,TCDB.1_C_60_1_11_comp1
G_2_A_7_28_12_comp1,P_2_A_7_28_12_comp1,R_2_A_7_28_12,TCDB,TCDB.2_A_7_28_12_comp1
G_9_B_225_1_3_comp1,P_9_B_225_1_3_comp1,R_9_B_225_1_3,TCDB,TCDB.9_B_225_1_3_comp1
G_8_A_139_2_2_comp1,P_8_A_139_2_2_comp1,R_8_A_139_2_2,TCDB,TCDB.8_A_139_2_2_comp1
G_1_B_93_2_9_comp1,P_1_B_93_2_9_comp1,R_1_B_93_2_9,TCDB,TCDB.1_B_93_2_9_comp1
G_9_B_105_6_1_comp1,P_9_B_105_6_1_comp1,R_9_B_105_6_1,TCDB,TCDB.9_B_105_6_1_comp1
G_1_B_59_1_12_comp1,P_1_B_59_1_12_comp1,R_1_B_59_1_12,TCDB,TCDB.1_B_59_1_12_comp1
G_9_B_399_2_2_comp1,P_9_B_399_2_2_comp1,R_9_B_399_2_2,TCDB,TCDB.9_B_399_2_2_comp1
G_1_A_8_7_5_comp1,P_1_A_8_7_5_comp1,R_1_A_8_7_5,TCDB,TCDB.1_A_8_7_5_comp1
G_1_E_67_1_6_comp1,P_1_E_67_1_6_comp1,R_1_E_67_1_6,TCDB,TCDB.1_E_67_1_6_comp1
G_1_B_34_3_5_comp1,P_1_B_34_3_5_comp1,R_1_B_34_3_5,TCDB,TCDB.1_B_34_3_5_comp1
G_9_B_306_2_3_comp1,P_9_B_306_2_3_comp1,R_9_B_306_2_3,TCDB,TCDB.9_B_306_2_3_comp1
G_9_B_291_2_1_comp1,P_9_B_291_2_1_comp1,R_9_B_291_2_1,TCDB,TCDB.9_B_291_2_1_comp1
G_9_B_306_1_7_comp1,P_9_B_306_1_7_comp1,R_9_B_306_1_7,TCDB,TCDB.9_B_306_1_7_comp1
G_8_A_169_1_10_comp1,P_8_A_169_1_10_comp1,R_8_A_169_1_10,TCDB,TCDB.8_A_169_1_10_comp1
G_1_B_93_3_3_comp1,P_1_B_93_3_3_comp1,R_1_B_93_3_3,TCDB,TCDB.1_B_93_3_3_comp1
G_1_B_93_3_1_comp1,P_1_B_93_3_1_comp1,R_1_B_93_3_1,TCDB,TCDB.1_B_93_3_1_comp1
G_9_B_453_1_9_comp1,P_9_B_453_1_9_comp1,R_9_B_453_1_9,TCDB,TCDB.9_B_453_1_9_comp1
G_2_A_3_3_21_comp1,P_2_A_3_3_21_comp1,R_2_A_3_3_21,TCDB,TCDB.2_A_3_3_21_comp1
G_9_B_72_1_8_comp1,P_9_B_72_1_8_comp1,R_9_B_72_1_8,TCDB,TCDB.9_B_72_1_8_comp1
G_1_B_1_4_6_comp1,P_1_B_1_4_6_comp1,R_1_B_1_4_6,TCDB,TCDB.1_B_1_4_6_comp1
G_1_B_84_1_4_comp1,P_1_B_84_1_4_comp1,R_1_B_84_1_4,TCDB,TCDB.1_B_84_1_4_comp1
G_9_B_102_4_5_comp1,P_9_B_102_4_5_comp1,R_9_B_102_4_5,TCDB,TCDB.9_B_102_4_5_comp1
G_9_B_222_1_4_comp1,P_9_B_222_1_4_comp1,R_9_B_222_1_4,TCDB,TCDB.9_B_222_1_4_comp1
G_9_B_102_1_22_comp1,P_9_B_102_1_22_comp1,R_9_B_102_1_22,TCDB,TCDB.9_B_102_1_22_comp1
G_2_A_1_37_3_comp1,P_2_A_1_37_3_comp1,R_2_A_1_37_3,TCDB,TCDB.2_A_1_37_3_comp1
G_1_A_101_5_2_comp1,P_1_A_101_5_2_comp1,R_1_A_101_5_2,TCDB,TCDB.1_A_101_5_2_comp1
G_1_C_10_1_2_comp1,P_1_C_10_1_2_comp1,R_1_C_10_1_2,TCDB,TCDB.1_C_10_1_2_comp1
G_1_C_96_2_2_comp1,P_1_C_96_2_2_comp1,R_1_C_96_2_2,TCDB,TCDB.1_C_96_2_2_comp1
G_1_E_55_2_3_comp1,P_1_E_55_2_3_comp1,R_1_E_55_2_3,TCDB,TCDB.1_E_55_2_3_comp1
G_1_C_10_2_1_comp1,P_1_C_10_2_1_comp1,R_1_C_10_2_1,TCDB,TCDB.1_C_10_2_1_comp1
G_1_A_17_6_9_comp1,P_1_A_17_6_9_comp1,R_1_A_17_6_9,TCDB,TCDB.1_A_17_6_9_comp1
G_1_C_64_1_10_comp1,P_1_C_64_1_10_comp1,R_1_C_64_1_10,TCDB,TCDB.1_C_64_1_10_comp1
G_8_A_64_1_3_comp1,P_8_A_64_1_3_comp1,R_8_A_64_1_3,TCDB,TCDB.8_A_64_1_3_comp1
G_8_A_58_2_11_comp1,P_8_A_58_2_11_comp1,R_8_A_58_2_11,TCDB,TCDB.8_A_58_2_11_comp1
G_1_A_82_1_5_comp1,P_1_A_82_1_5_comp1,R_1_A_82_1_5,TCDB,TCDB.1_A_82_1_5_comp1
G_1_A_64_4_3_comp1,P_1_A_64_4_3_comp1,R_1_A_64_4_3,TCDB,TCDB.1_A_64_4_3_comp1
G_9_B_287_1_3_comp1,P_9_B_287_1_3_comp1,R_9_B_287_1_3,TCDB,TCDB.9_B_287_1_3_comp1
G_9_B_365_5_1_comp1,P_9_B_365_5_1_comp1,R_9_B_365_5_1,TCDB,TCDB.9_B_365_5_1_comp1
G_1_A_64_4_2_comp1,P_1_A_64_4_2_comp1,R_1_A_64_4_2,TCDB,TCDB.1_A_64_4_2_comp1
G_9_B_232_1_5_comp1,P_9_B_232_1_5_comp1,R_9_B_232_1_5,TCDB,TCDB.9_B_232_1_5_comp1
G_1_C_112_1_5_comp1,P_1_C_112_1_5_comp1,R_1_C_112_1_5,TCDB,TCDB.1_C_112_1_5_comp1
G_1_C_112_1_2_comp1,P_1_C_112_1_2_comp1,R_1_C_112_1_2,TCDB,TCDB.1_C_112_1_2_comp1
G_9_B_45_2_4_comp1,P_9_B_45_2_4_comp1,R_9_B_45_2_4,TCDB,TCDB.9_B_45_2_4_comp1
G_1_A_87_2_4_comp1,P_1_A_87_2_4_comp1,R_1_A_87_2_4,TCDB,TCDB.1_A_87_2_4_comp1
G_9_A_14_1_18_comp1,P_9_A_14_1_18_comp1,R_9_A_14_1_18,TCDB,TCDB.9_A_14_1_18_comp1
G_9_B_410_1_1_comp1,P_9_B_410_1_1_comp1,R_9_B_410_1_1,TCDB,TCDB.9_B_410_1_1_comp1
G_9_B_176_1_3_comp1,P_9_B_176_1_3_comp1,R_9_B_176_1_3,TCDB,TCDB.9_B_176_1_3_comp1
G_1_C_71_2_3_comp1,P_1_C_71_2_3_comp1,R_1_C_71_2_3,TCDB,TCDB.1_C_71_2_3_comp1
G_2_A_1_74_3_comp1,P_2_A_1_74_3_comp1,R_2_A_1_74_3,TCDB,TCDB.2_A_1_74_3_comp1
G_9_B_217_1_2_comp1,P_9_B_217_1_2_comp1,R_9_B_217_1_2,TCDB,TCDB.9_B_217_1_2_comp1
G_1_A_112_2_10_comp1,P_1_A_112_2_10_comp1,R_1_A_112_2_10,TCDB,TCDB.1_A_112_2_10_comp1
G_2_A_35_1_9_comp1,P_2_A_35_1_9_comp1,R_2_A_35_1_9,TCDB,TCDB.2_A_35_1_9_comp1
G_2_A_129_1_7_comp1,P_2_A_129_1_7_comp1,R_2_A_129_1_7,TCDB,TCDB.2_A_129_1_7_comp1
G_1_A_97_1_3_comp1,P_1_A_97_1_3_comp1,R_1_A_97_1_3,TCDB,TCDB.1_A_97_1_3_comp1
G_1_A_9_3_4_comp1,P_1_A_9_3_4_comp1,R_1_A_9_3_4,TCDB,TCDB.1_A_9_3_4_comp1
G_1_C_1_3_5_comp1,P_1_C_1_3_5_comp1,R_1_C_1_3_5,TCDB,TCDB.1_C_1_3_5_comp1
G_8_A_90_2_3_comp1,P_8_A_90_2_3_comp1,R_8_A_90_2_3,TCDB,TCDB.8_A_90_2_3_comp1
G_9_B_65_1_2_comp1,P_9_B_65_1_2_comp1,R_9_B_65_1_2,TCDB,TCDB.9_B_65_1_2_comp1
G_3_D_10_1_8_comp1,P_3_D_10_1_8_comp1+3_D_10_1_8_comp2+3_D_10_1_8_comp3,R_3_D_10_1_8,TCDB,TCDB.3_D_10_1_8_comp1
G_3_D_10_1_8_comp2,P_3_D_10_1_8_comp1+3_D_10_1_8_comp2+3_D_10_1_8_comp3,R_3_D_10_1_8,TCDB,TCDB.3_D_10_1_8_comp2
G_3_D_10_1_8_comp3,P_3_D_10_1_8_comp1+3_D_10_1_8_comp2+3_D_10_1_8_comp3,R_3_D_10_1_8,TCDB,TCDB.3_D_10_1_8_comp3
G_1_E_43_2_8_comp1,P_1_E_43_2_8_comp1,R_1_E_43_2_8,TCDB,TCDB.1_E_43_2_8_comp1
G_1_C_59_3_2_comp1,P_1_C_59_3_2_comp1,R_1_C_59_3_2,TCDB,TCDB.1_C_59_3_2_comp1
G_1_A_16_2_6_comp1,P_1_A_16_2_6_comp1,R_1_A_16_2_6,TCDB,TCDB.1_A_16_2_6_comp1
G_2_A_16_3_2_comp1,P_2_A_16_3_2_comp1,R_2_A_16_3_2,TCDB,TCDB.2_A_16_3_2_comp1
G_2_A_16_3_3_comp1,P_2_A_16_3_3_comp1,R_2_A_16_3_3,TCDB,TCDB.2_A_16_3_3_comp1
G_3_D_7_2_3_comp1,P_3_D_7_2_3_comp1+3_D_7_2_3_comp2+3_D_7_2_3_comp3+3_D_7_2_3_comp4+3_D_7_2_3_comp5+3_D_7_2_3_comp6,R_3_D_7_2_3,TCDB,TCDB.3_D_7_2_3_comp1
G_3_D_7_2_3_comp2,P_3_D_7_2_3_comp1+3_D_7_2_3_comp2+3_D_7_2_3_comp3+3_D_7_2_3_comp4+3_D_7_2_3_comp5+3_D_7_2_3_comp6,R_3_D_7_2_3,TCDB,TCDB.3_D_7_2_3_comp2
G_3_D_7_2_3_comp3,P_3_D_7_2_3_comp1+3_D_7_2_3_comp2+3_D_7_2_3_comp3+3_D_7_2_3_comp4+3_D_7_2_3_comp5+3_D_7_2_3_comp6,R_3_D_7_2_3,TCDB,TCDB.3_D_7_2_3_comp3
G_3_D_7_2_3_comp4,P_3_D_7_2_3_comp1+3_D_7_2_3_comp2+3_D_7_2_3_comp3+3_D_7_2_3_comp4+3_D_7_2_3_comp5+3_D_7_2_3_comp6,R_3_D_7_2_3,TCDB,TCDB.3_D_7_2_3_comp4
G_3_D_7_2_3_comp5,P_3_D_7_2_3_comp1+3_D_7_2_3_comp2+3_D_7_2_3_comp3+3_D_7_2_3_comp4+3_D_7_2_3_comp5+3_D_7_2_3_comp6,R_3_D_7_2_3,TCDB,TCDB.3_D_7_2_3_comp5
G_3_D_7_2_3_comp6,P_3_D_7_2_3_comp1+3_D_7_2_3_comp2+3_D_7_2_3_comp3+3_D_7_2_3_comp4+3_D_7_2_3_comp5+3_D_7_2_3_comp6,R_3_D_7_2_3,TCDB,TCDB.3_D_7_2_3_comp6
G_9_B_143_3_4_comp1,P_9_B_143_3_4_comp1,R_9_B_143_3_4,TCDB,TCDB.9_B_143_3_4_comp1
G_1_A_106_1_2_comp1,P_1_A_106_1_2_comp1,R_1_A_106_1_2,TCDB,TCDB.1_A_106_1_2_comp1
G_1_C_50_1_4_comp1,P_1_C_50_1_4_comp1,R_1_C_50_1_4,TCDB,TCDB.1_C_50_1_4_comp1
G_2_A_55_3_9_comp1,P_2_A_55_3_9_comp1,R_2_A_55_3_9,TCDB,TCDB.2_A_55_3_9_comp1
G_4_A_6_1_22_comp1,P_4_A_6_1_22_comp1,R_4_A_6_1_22,TCDB,TCDB.4_A_6_1_22_comp1
G_4_A_2_1_23_comp1,P_4_A_2_1_23_comp1+4_A_2_1_23_comp2,R_4_A_2_1_23,TCDB,TCDB.4_A_2_1_23_comp1
G_4_A_2_1_23_comp2,P_4_A_2_1_23_comp1+4_A_2_1_23_comp2,R_4_A_2_1_23,TCDB,TCDB.4_A_2_1_23_comp2
G_9_B_126_1_3_comp1,P_9_B_126_1_3_comp1,R_9_B_126_1_3,TCDB,TCDB.9_B_126_1_3_comp1
G_2_A_1_2_94_comp1,P_2_A_1_2_94_comp1,R_2_A_1_2_94,TCDB,TCDB.2_A_1_2_94_comp1
G_1_C_137_1_9_comp1,P_1_C_137_1_9_comp1,R_1_C_137_1_9,TCDB,TCDB.1_C_137_1_9_comp1
G_9_B_321_1_2_comp1,P_9_B_321_1_2_comp1+9_B_321_1_2_comp2+9_B_321_1_2_comp3+9_B_321_1_2_comp4+9_B_321_1_2_comp5+9_B_321_1_2_comp6,R_9_B_321_1_2,TCDB,TCDB.9_B_321_1_2_comp1
G_9_B_321_1_2_comp2,P_9_B_321_1_2_comp1+9_B_321_1_2_comp2+9_B_321_1_2_comp3+9_B_321_1_2_comp4+9_B_321_1_2_comp5+9_B_321_1_2_comp6,R_9_B_321_1_2,TCDB,TCDB.9_B_321_1_2_comp2
G_9_B_321_1_2_comp3,P_9_B_321_1_2_comp1+9_B_321_1_2_comp2+9_B_321_1_2_comp3+9_B_321_1_2_comp4+9_B_321_1_2_comp5+9_B_321_1_2_comp6,R_9_B_321_1_2,TCDB,TCDB.9_B_321_1_2_comp3
G_9_B_321_1_2_comp4,P_9_B_321_1_2_comp1+9_B_321_1_2_comp2+9_B_321_1_2_comp3+9_B_321_1_2_comp4+9_B_321_1_2_comp5+9_B_321_1_2_comp6,R_9_B_321_1_2,TCDB,TCDB.9_B_321_1_2_comp4
G_9_B_321_1_2_comp5,P_9_B_321_1_2_comp1+9_B_321_1_2_comp2+9_B_321_1_2_comp3+9_B_321_1_2_comp4+9_B_321_1_2_comp5+9_B_321_1_2_comp6,R_9_B_321_1_2,TCDB,TCDB.9_B_321_1_2_comp5
G_9_B_321_1_2_comp6,P_9_B_321_1_2_comp1+9_B_321_1_2_comp2+9_B_321_1_2_comp3+9_B_321_1_2_comp4+9_B_321_1_2_comp5+9_B_321_1_2_comp6,R_9_B_321_1_2,TCDB,TCDB.9_B_321_1_2_comp6
G_4_F_1_1_9_comp1,P_4_F_1_1_9_comp1,R_4_F_1_1_9,TCDB,TCDB.4_F_1_1_9_comp1
G_2_A_1_70_7_comp1,P_2_A_1_70_7_comp1,R_2_A_1_70_7,TCDB,TCDB.2_A_1_70_7_comp1
G_9_B_262_1_2_comp1,P_9_B_262_1_2_comp1,R_9_B_262_1_2,TCDB,TCDB.9_B_262_1_2_comp1
G_2_A_7_40_4_comp1,P_2_A_7_40_4_comp1,R_2_A_7_40_4,TCDB,TCDB.2_A_7_40_4_comp1
G_2_A_7_3_84_comp1,P_2_A_7_3_84_comp1,R_2_A_7_3_84,TCDB,TCDB.2_A_7_3_84_comp1
G_1_B_93_2_7_comp1,P_1_B_93_2_7_comp1,R_1_B_93_2_7,TCDB,TCDB.1_B_93_2_7_comp1
G_9_B_368_1_6_comp1,P_9_B_368_1_6_comp1,R_9_B_368_1_6,TCDB,TCDB.9_B_368_1_6_comp1
G_1_A_130_2_1_comp1,P_1_A_130_2_1_comp1,R_1_A_130_2_1,TCDB,TCDB.1_A_130_2_1_comp1
G_2_A_127_1_17_comp1,P_2_A_127_1_17_comp1,R_2_A_127_1_17,TCDB,TCDB.2_A_127_1_17_comp1
G_1_A_63_2_6_comp1,P_1_A_63_2_6_comp1,R_1_A_63_2_6,TCDB,TCDB.1_A_63_2_6_comp1
G_1_E_62_1_5_comp1,P_1_E_62_1_5_comp1,R_1_E_62_1_5,TCDB,TCDB.1_E_62_1_5_comp1
G_9_B_36_4_3_comp1,P_9_B_36_4_3_comp1,R_9_B_36_4_3,TCDB,TCDB.9_B_36_4_3_comp1
G_9_B_345_1_2_comp1,P_9_B_345_1_2_comp1,R_9_B_345_1_2,TCDB,TCDB.9_B_345_1_2_comp1
G_1_B_95_5_1_comp1,P_1_B_95_5_1_comp1,R_1_B_95_5_1,TCDB,TCDB.1_B_95_5_1_comp1
G_2_A_87_5_2_comp1,P_2_A_87_5_2_comp1,R_2_A_87_5_2,TCDB,TCDB.2_A_87_5_2_comp1
G_9_B_345_1_3_comp1,P_9_B_345_1_3_comp1,R_9_B_345_1_3,TCDB,TCDB.9_B_345_1_3_comp1
G_9_B_354_2_2_comp1,P_9_B_354_2_2_comp1,R_9_B_354_2_2,TCDB,TCDB.9_B_354_2_2_comp1
G_9_B_36_4_7_comp1,P_9_B_36_4_7_comp1,R_9_B_36_4_7,TCDB,TCDB.9_B_36_4_7_comp1
G_2_A_50_4_2_comp1,P_2_A_50_4_2_comp1,R_2_A_50_4_2,TCDB,TCDB.2_A_50_4_2_comp1
G_8_A_92_1_6_comp1,P_8_A_92_1_6_comp1,R_8_A_92_1_6,TCDB,TCDB.8_A_92_1_6_comp1
G_9_A_14_25_2_comp1,P_9_A_14_25_2_comp1,R_9_A_14_25_2,TCDB,TCDB.9_A_14_25_2_comp1
G_9_B_336_1_4_comp1,P_9_B_336_1_4_comp1,R_9_B_336_1_4,TCDB,TCDB.9_B_336_1_4_comp1
G_9_B_349_1_7_comp1,P_9_B_349_1_7_comp1,R_9_B_349_1_7,TCDB,TCDB.9_B_349_1_7_comp1
G_9_B_346_2_2_comp1,P_9_B_346_2_2_comp1,R_9_B_346_2_2,TCDB,TCDB.9_B_346_2_2_comp1
G_9_B_346_1_3_comp1,P_9_B_346_1_3_comp1,R_9_B_346_1_3,TCDB,TCDB.9_B_346_1_3_comp1
G_9_B_348_1_3_comp1,P_9_B_348_1_3_comp1,R_9_B_348_1_3,TCDB,TCDB.9_B_348_1_3_comp1
G_9_B_340_1_2_comp1,P_9_B_340_1_2_comp1,R_9_B_340_1_2,TCDB,TCDB.9_B_340_1_2_comp1
G_9_B_348_1_5_comp1,P_9_B_348_1_5_comp1,R_9_B_348_1_5,TCDB,TCDB.9_B_348_1_5_comp1
G_9_B_343_1_4_comp1,P_9_B_343_1_4_comp1,R_9_B_343_1_4,TCDB,TCDB.9_B_343_1_4_comp1
G_9_B_344_2_9_comp1,P_9_B_344_2_9_comp1,R_9_B_344_2_9,TCDB,TCDB.9_B_344_2_9_comp1
G_9_B_342_1_2_comp1,P_9_B_342_1_2_comp1,R_9_B_342_1_2,TCDB,TCDB.9_B_342_1_2_comp1
G_9_B_336_1_3_comp1,P_9_B_336_1_3_comp1,R_9_B_336_1_3,TCDB,TCDB.9_B_336_1_3_comp1
G_9_B_346_1_2_comp1,P_9_B_346_1_2_comp1,R_9_B_346_1_2,TCDB,TCDB.9_B_346_1_2_comp1
G_9_B_295_1_6_comp1,P_9_B_295_1_6_comp1,R_9_B_295_1_6,TCDB,TCDB.9_B_295_1_6_comp1
G_9_B_339_1_3_comp1,P_9_B_339_1_3_comp1,R_9_B_339_1_3,TCDB,TCDB.9_B_339_1_3_comp1
G_9_B_340_1_4_comp1,P_9_B_340_1_4_comp1,R_9_B_340_1_4,TCDB,TCDB.9_B_340_1_4_comp1
G_9_B_344_1_2_comp1,P_9_B_344_1_2_comp1,R_9_B_344_1_2,TCDB,TCDB.9_B_344_1_2_comp1
G_9_B_335_1_3_comp1,P_9_B_335_1_3_comp1,R_9_B_335_1_3,TCDB,TCDB.9_B_335_1_3_comp1
G_9_B_346_3_2_comp1,P_9_B_346_3_2_comp1,R_9_B_346_3_2,TCDB,TCDB.9_B_346_3_2_comp1
G_9_B_340_1_3_comp1,P_9_B_340_1_3_comp1,R_9_B_340_1_3,TCDB,TCDB.9_B_340_1_3_comp1
G_9_B_335_2_2_comp1,P_9_B_335_2_2_comp1,R_9_B_335_2_2,TCDB,TCDB.9_B_335_2_2_comp1
G_9_B_339_1_2_comp1,P_9_B_339_1_2_comp1,R_9_B_339_1_2,TCDB,TCDB.9_B_339_1_2_comp1
G_3_A_1_105_24_comp1,P_3_A_1_105_24_comp1+3_A_1_105_24_comp2,R_3_A_1_105_24,TCDB,TCDB.3_A_1_105_24_comp1
G_3_A_1_105_24_comp2,P_3_A_1_105_24_comp1+3_A_1_105_24_comp2,R_3_A_1_105_24,TCDB,TCDB.3_A_1_105_24_comp2
G_9_B_344_2_3_comp1,P_9_B_344_2_3_comp1,R_9_B_344_2_3,TCDB,TCDB.9_B_344_2_3_comp1
G_8_A_128_4_3_comp1,P_8_A_128_4_3_comp1,R_8_A_128_4_3,TCDB,TCDB.8_A_128_4_3_comp1
G_9_B_116_3_4_comp1,P_9_B_116_3_4_comp1,R_9_B_116_3_4,TCDB,TCDB.9_B_116_3_4_comp1
G_9_B_361_2_2_comp1,P_9_B_361_2_2_comp1,R_9_B_361_2_2,TCDB,TCDB.9_B_361_2_2_comp1
G_8_A_221_1_9_comp1,P_8_A_221_1_9_comp1,R_8_A_221_1_9,TCDB,TCDB.8_A_221_1_9_comp1
G_1_A_50_6_6_comp1,P_1_A_50_6_6_comp1,R_1_A_50_6_6,TCDB,TCDB.1_A_50_6_6_comp1
G_8_A_128_3_2_comp1,P_8_A_128_3_2_comp1,R_8_A_128_3_2,TCDB,TCDB.8_A_128_3_2_comp1
G_8_A_128_3_7_comp1,P_8_A_128_3_7_comp1,R_8_A_128_3_7,TCDB,TCDB.8_A_128_3_7_comp1
G_8_A_190_1_2_comp1,P_8_A_190_1_2_comp1,R_8_A_190_1_2,TCDB,TCDB.8_A_190_1_2_comp1
G_9_B_142_20_6_comp1,P_9_B_142_20_6_comp1,R_9_B_142_20_6,TCDB,TCDB.9_B_142_20_6_comp1
G_1_A_81_4_2_comp1,P_1_A_81_4_2_comp1,R_1_A_81_4_2,TCDB,TCDB.1_A_81_4_2_comp1
G_1_A_115_1_4_comp1,P_1_A_115_1_4_comp1,R_1_A_115_1_4,TCDB,TCDB.1_A_115_1_4_comp1
G_9_B_362_1_7_comp1,P_9_B_362_1_7_comp1,R_9_B_362_1_7,TCDB,TCDB.9_B_362_1_7_comp1
G_3_A_1_201_51_comp1,P_3_A_1_201_51_comp1,R_3_A_1_201_51,TCDB,TCDB.3_A_1_201_51_comp1
G_8_A_189_1_4_comp1,P_8_A_189_1_4_comp1,R_8_A_189_1_4,TCDB,TCDB.8_A_189_1_4_comp1
G_8_A_181_1_2_comp1,P_8_A_181_1_2_comp1,R_8_A_181_1_2,TCDB,TCDB.8_A_181_1_2_comp1
G_9_B_369_1_3_comp1,P_9_B_369_1_3_comp1,R_9_B_369_1_3,TCDB,TCDB.9_B_369_1_3_comp1
G_8_A_188_1_2_comp1,P_8_A_188_1_2_comp1,R_8_A_188_1_2,TCDB,TCDB.8_A_188_1_2_comp1
G_8_B_1_3_1_comp1,P_8_B_1_3_1_comp1,R_8_B_1_3_1,TCDB,TCDB.8_B_1_3_1_comp1
G_8_A_174_1_4_comp1,P_8_A_174_1_4_comp1,R_8_A_174_1_4,TCDB,TCDB.8_A_174_1_4_comp1
G_1_E_1_1_8_comp1,P_1_E_1_1_8_comp1,R_1_E_1_1_8,TCDB,TCDB.1_E_1_1_8_comp1
G_1_B_89_1_8_comp1,P_1_B_89_1_8_comp1,R_1_B_89_1_8,TCDB,TCDB.1_B_89_1_8_comp1
G_9_B_353_1_13_comp1,P_9_B_353_1_13_comp1,R_9_B_353_1_13,TCDB,TCDB.9_B_353_1_13_comp1
G_9_B_36_9_1_comp1,P_9_B_36_9_1_comp1,R_9_B_36_9_1,TCDB,TCDB.9_B_36_9_1_comp1
G_9_B_28_5_9_comp1,P_9_B_28_5_9_comp1,R_9_B_28_5_9,TCDB,TCDB.9_B_28_5_9_comp1
G_9_B_361_3_1_comp1,P_9_B_361_3_1_comp1,R_9_B_361_3_1,TCDB,TCDB.9_B_361_3_1_comp1
G_8_A_201_1_5_comp1,P_8_A_201_1_5_comp1,R_8_A_201_1_5,TCDB,TCDB.8_A_201_1_5_comp1
G_1_E_34_1_14_comp1,P_1_E_34_1_14_comp1,R_1_E_34_1_14,TCDB,TCDB.1_E_34_1_14_comp1
G_9_B_36_7_1_comp1,P_9_B_36_7_1_comp1,R_9_B_36_7_1,TCDB,TCDB.9_B_36_7_1_comp1
G_9_B_257_4_2_comp1,P_9_B_257_4_2_comp1,R_9_B_257_4_2,TCDB,TCDB.9_B_257_4_2_comp1
G_9_B_36_8_4_comp1,P_9_B_36_8_4_comp1,R_9_B_36_8_4,TCDB,TCDB.9_B_36_8_4_comp1
G_2_A_7_43_10_comp1,P_2_A_7_43_10_comp1,R_2_A_7_43_10,TCDB,TCDB.2_A_7_43_10_comp1
G_9_B_386_1_4_comp1,P_9_B_386_1_4_comp1,R_9_B_386_1_4,TCDB,TCDB.9_B_386_1_4_comp1
G_1_H_3_3_5_comp1,P_1_H_3_3_5_comp1,R_1_H_3_3_5,TCDB,TCDB.1_H_3_3_5_comp1
G_8_A_108_1_3_comp1,P_8_A_108_1_3_comp1,R_8_A_108_1_3,TCDB,TCDB.8_A_108_1_3_comp1
G_8_A_128_1_8_comp1,P_8_A_128_1_8_comp1,R_8_A_128_1_8,TCDB,TCDB.8_A_128_1_8_comp1
G_9_B_369_1_2_comp1,P_9_B_369_1_2_comp1,R_9_B_369_1_2,TCDB,TCDB.9_B_369_1_2_comp1
G_8_A_181_1_3_comp1,P_8_A_181_1_3_comp1,R_8_A_181_1_3,TCDB,TCDB.8_A_181_1_3_comp1
G_9_B_129_1_2_comp1,P_9_B_129_1_2_comp1,R_9_B_129_1_2,TCDB,TCDB.9_B_129_1_2_comp1
G_8_A_40_3_5_comp1,P_8_A_40_3_5_comp1,R_8_A_40_3_5,TCDB,TCDB.8_A_40_3_5_comp1
G_8_A_144_1_4_comp1,P_8_A_144_1_4_comp1,R_8_A_144_1_4,TCDB,TCDB.8_A_144_1_4_comp1
G_1_A_1_16_8_comp1,P_1_A_1_16_8_comp1,R_1_A_1_16_8,TCDB,TCDB.1_A_1_16_8_comp1
G_9_A_57_1_9_comp1,P_9_A_57_1_9_comp1,R_9_A_57_1_9,TCDB,TCDB.9_A_57_1_9_comp1
G_8_A_115_7_1_comp1,P_8_A_115_7_1_comp1,R_8_A_115_7_1,TCDB,TCDB.8_A_115_7_1_comp1
G_1_A_130_1_2_comp1,P_1_A_130_1_2_comp1,R_1_A_130_1_2,TCDB,TCDB.1_A_130_1_2_comp1
G_4_C_3_1_14_comp1,P_4_C_3_1_14_comp1,R_4_C_3_1_14,TCDB,TCDB.4_C_3_1_14_comp1
G_9_B_344_2_8_comp1,P_9_B_344_2_8_comp1,R_9_B_344_2_8,TCDB,TCDB.9_B_344_2_8_comp1
G_9_B_344_2_4_comp1,P_9_B_344_2_4_comp1,R_9_B_344_2_4,TCDB,TCDB.9_B_344_2_4_comp1
G_9_B_344_2_10_comp1,P_9_B_344_2_10_comp1,R_9_B_344_2_10,TCDB,TCDB.9_B_344_2_10_comp1
G_9_A_34_1_7_comp1,P_9_A_34_1_7_comp1,R_9_A_34_1_7,TCDB,TCDB.9_A_34_1_7_comp1
G_1_C_127_1_4_comp1,P_1_C_127_1_4_comp1,R_1_C_127_1_4,TCDB,TCDB.1_C_127_1_4_comp1
G_8_A_128_7_5_comp1,P_8_A_128_7_5_comp1,R_8_A_128_7_5,TCDB,TCDB.8_A_128_7_5_comp1
G_8_A_17_3_2_comp1,P_8_A_17_3_2_comp1,R_8_A_17_3_2,TCDB,TCDB.8_A_17_3_2_comp1
G_2_A_9_3_11_comp1,P_2_A_9_3_11_comp1,R_2_A_9_3_11,TCDB,TCDB.2_A_9_3_11_comp1
G_9_B_428_1_3_comp1,P_9_B_428_1_3_comp1,R_9_B_428_1_3,TCDB,TCDB.9_B_428_1_3_comp1
G_1_E_5_1_7_comp1,P_1_E_5_1_7_comp1,R_1_E_5_1_7,TCDB,TCDB.1_E_5_1_7_comp1
G_1_C_4_8_4_comp1,P_1_C_4_8_4_comp1,R_1_C_4_8_4,TCDB,TCDB.1_C_4_8_4_comp1
G_1_A_10_1_30_comp1,P_1_A_10_1_30_comp1,R_1_A_10_1_30,TCDB,TCDB.1_A_10_1_30_comp1
G_9_B_362_1_6_comp1,P_9_B_362_1_6_comp1,R_9_B_362_1_6,TCDB,TCDB.9_B_362_1_6_comp1
G_1_W_9_1_6_comp1,P_1_W_9_1_6_comp1,R_1_W_9_1_6,TCDB,TCDB.1_W_9_1_6_comp1
G_2_A_135_1_4_comp1,P_2_A_135_1_4_comp1,R_2_A_135_1_4,TCDB,TCDB.2_A_135_1_4_comp1
G_9_B_142_20_4_comp1,P_9_B_142_20_4_comp1,R_9_B_142_20_4,TCDB,TCDB.9_B_142_20_4_comp1
G_2_A_123_5_1_comp1,P_2_A_123_5_1_comp1,R_2_A_123_5_1,TCDB,TCDB.2_A_123_5_1_comp1
G_9_B_330_1_8_comp1,P_9_B_330_1_8_comp1,R_9_B_330_1_8,TCDB,TCDB.9_B_330_1_8_comp1
G_9_B_297_4_4_comp1,P_9_B_297_4_4_comp1,R_9_B_297_4_4,TCDB,TCDB.9_B_297_4_4_comp1
G_8_A_202_1_5_comp1,P_8_A_202_1_5_comp1,R_8_A_202_1_5,TCDB,TCDB.8_A_202_1_5_comp1
G_9_B_129_1_4_comp1,P_9_B_129_1_4_comp1,R_9_B_129_1_4,TCDB,TCDB.9_B_129_1_4_comp1
G_9_A_43_1_10_comp1,P_9_A_43_1_10_comp1,R_9_A_43_1_10,TCDB,TCDB.9_A_43_1_10_comp1
G_1_W_8_1_10_comp1,P_1_W_8_1_10_comp1,R_1_W_8_1_10,TCDB,TCDB.1_W_8_1_10_comp1
G_1_W_9_1_8_comp1,P_1_W_9_1_8_comp1,R_1_W_9_1_8,TCDB,TCDB.1_W_9_1_8_comp1
G_2_A_102_6_1_comp1,P_2_A_102_6_1_comp1,R_2_A_102_6_1,TCDB,TCDB.2_A_102_6_1_comp1
G_1_E_64_1_4_comp1,P_1_E_64_1_4_comp1,R_1_E_64_1_4,TCDB,TCDB.1_E_64_1_4_comp1
G_8_A_201_1_2_comp1,P_8_A_201_1_2_comp1,R_8_A_201_1_2,TCDB,TCDB.8_A_201_1_2_comp1
G_3_A_1_207_7_comp1,P_3_A_1_207_7_comp1+3_A_1_207_7_comp2,R_3_A_1_207_7,TCDB,TCDB.3_A_1_207_7_comp1
G_3_A_1_207_7_comp2,P_3_A_1_207_7_comp1+3_A_1_207_7_comp2,R_3_A_1_207_7,TCDB,TCDB.3_A_1_207_7_comp2
G_9_B_323_3_1_comp1,P_9_B_323_3_1_comp1,R_9_B_323_3_1,TCDB,TCDB.9_B_323_3_1_comp1
G_8_A_221_1_3_comp1,P_8_A_221_1_3_comp1,R_8_A_221_1_3,TCDB,TCDB.8_A_221_1_3_comp1
G_8_A_159_1_6_comp1,P_8_A_159_1_6_comp1,R_8_A_159_1_6,TCDB,TCDB.8_A_159_1_6_comp1
G_1_E_49_1_5_comp1,P_1_E_49_1_5_comp1,R_1_E_49_1_5,TCDB,TCDB.1_E_49_1_5_comp1
G_1_C_41_2_2_comp1,P_1_C_41_2_2_comp1,R_1_C_41_2_2,TCDB,TCDB.1_C_41_2_2_comp1
G_1_E_54_4_6_comp1,P_1_E_54_4_6_comp1,R_1_E_54_4_6,TCDB,TCDB.1_E_54_4_6_comp1
G_8_A_98_1_5_comp1,P_8_A_98_1_5_comp1,R_8_A_98_1_5,TCDB,TCDB.8_A_98_1_5_comp1
G_8_B_14_1_4_comp1,P_8_B_14_1_4_comp1,R_8_B_14_1_4,TCDB,TCDB.8_B_14_1_4_comp1
G_1_A_25_1_11_comp1,P_1_A_25_1_11_comp1,R_1_A_25_1_11,TCDB,TCDB.1_A_25_1_11_comp1
G_9_B_67_7_1_comp1,P_9_B_67_7_1_comp1,R_9_B_67_7_1,TCDB,TCDB.9_B_67_7_1_comp1
G_1_E_23_1_5_comp1,P_1_E_23_1_5_comp1,R_1_E_23_1_5,TCDB,TCDB.1_E_23_1_5_comp1
G_1_C_53_1_4_comp1,P_1_C_53_1_4_comp1,R_1_C_53_1_4,TCDB,TCDB.1_C_53_1_4_comp1
G_9_B_227_2_4_comp1,P_9_B_227_2_4_comp1,R_9_B_227_2_4,TCDB,TCDB.9_B_227_2_4_comp1
G_2_A_11_2_2_comp1,P_2_A_11_2_2_comp1,R_2_A_11_2_2,TCDB,TCDB.2_A_11_2_2_comp1
G_3_A_1_149_2_comp1,P_3_A_1_149_2_comp1+3_A_1_149_2_comp2,R_3_A_1_149_2,TCDB,TCDB.3_A_1_149_2_comp1
G_3_A_1_149_2_comp2,P_3_A_1_149_2_comp1+3_A_1_149_2_comp2,R_3_A_1_149_2,TCDB,TCDB.3_A_1_149_2_comp2
G_1_D_194_1_1_comp1,P_1_D_194_1_1_comp1,R_1_D_194_1_1,TCDB,TCDB.1_D_194_1_1_comp1
G_1_C_12_1_15_comp1,P_1_C_12_1_15_comp1,R_1_C_12_1_15,TCDB,TCDB.1_C_12_1_15_comp1
G_2_A_7_33_5_comp1,P_2_A_7_33_5_comp1,R_2_A_7_33_5,TCDB,TCDB.2_A_7_33_5_comp1
G_9_B_117_1_2_comp1,P_9_B_117_1_2_comp1,R_9_B_117_1_2,TCDB,TCDB.9_B_117_1_2_comp1
G_4_F_1_1_6_comp1,P_4_F_1_1_6_comp1,R_4_F_1_1_6,TCDB,TCDB.4_F_1_1_6_comp1
G_1_E_54_4_5_comp1,P_1_E_54_4_5_comp1,R_1_E_54_4_5,TCDB,TCDB.1_E_54_4_5_comp1
G_9_B_183_1_4_comp1,P_9_B_183_1_4_comp1,R_9_B_183_1_4,TCDB,TCDB.9_B_183_1_4_comp1
G_1_B_59_1_6_comp1,P_1_B_59_1_6_comp1,R_1_B_59_1_6,TCDB,TCDB.1_B_59_1_6_comp1
G_1_A_14_1_5_comp1,P_1_A_14_1_5_comp1,R_1_A_14_1_5,TCDB,TCDB.1_A_14_1_5_comp1
G_8_A_88_2_2_comp1,P_8_A_88_2_2_comp1,R_8_A_88_2_2,TCDB,TCDB.8_A_88_2_2_comp1
G_1_A_4_5_13_comp1,P_1_A_4_5_13_comp1,R_1_A_4_5_13,TCDB,TCDB.1_A_4_5_13_comp1
G_2_A_66_1_44_comp1,P_2_A_66_1_44_comp1,R_2_A_66_1_44,TCDB,TCDB.2_A_66_1_44_comp1
G_9_B_159_4_2_comp1,P_9_B_159_4_2_comp1,R_9_B_159_4_2,TCDB,TCDB.9_B_159_4_2_comp1
G_2_A_1_2_98_comp1,P_2_A_1_2_98_comp1,R_2_A_1_2_98,TCDB,TCDB.2_A_1_2_98_comp1
G_1_M_10_1_1_comp1,P_1_M_10_1_1_comp1,R_1_M_10_1_1,TCDB,TCDB.1_M_10_1_1_comp1
G_9_B_15_1_2_comp1,P_9_B_15_1_2_comp1,R_9_B_15_1_2,TCDB,TCDB.9_B_15_1_2_comp1
G_1_A_16_5_1_comp1,P_1_A_16_5_1_comp1,R_1_A_16_5_1,TCDB,TCDB.1_A_16_5_1_comp1
G_1_E_59_1_2_comp1,P_1_E_59_1_2_comp1,R_1_E_59_1_2,TCDB,TCDB.1_E_59_1_2_comp1
G_1_C_39_4_6_comp1,P_1_C_39_4_6_comp1,R_1_C_39_4_6,TCDB,TCDB.1_C_39_4_6_comp1
G_1_A_76_1_14_comp1,P_1_A_76_1_14_comp1,R_1_A_76_1_14,TCDB,TCDB.1_A_76_1_14_comp1
G_1_M_3_2_1_comp1,P_1_M_3_2_1_comp1,R_1_M_3_2_1,TCDB,TCDB.1_M_3_2_1_comp1
G_5_B_9_1_2_comp1,P_5_B_9_1_2_comp1,R_5_B_9_1_2,TCDB,TCDB.5_B_9_1_2_comp1
G_9_B_419_1_4_comp1,P_9_B_419_1_4_comp1,R_9_B_419_1_4,TCDB,TCDB.9_B_419_1_4_comp1
G_1_C_115_1_2_comp1,P_1_C_115_1_2_comp1,R_1_C_115_1_2,TCDB,TCDB.1_C_115_1_2_comp1
G_9_B_23_4_1_comp1,P_9_B_23_4_1_comp1,R_9_B_23_4_1,TCDB,TCDB.9_B_23_4_1_comp1
G_2_A_43_2_9_comp1,P_2_A_43_2_9_comp1,R_2_A_43_2_9,TCDB,TCDB.2_A_43_2_9_comp1
G_9_A_43_1_4_comp1,P_9_A_43_1_4_comp1,R_9_A_43_1_4,TCDB,TCDB.9_A_43_1_4_comp1
G_1_A_41_1_2_comp1,P_1_A_41_1_2_comp1,R_1_A_41_1_2,TCDB,TCDB.1_A_41_1_2_comp1
G_4_A_3_2_9_comp1,P_4_A_3_2_9_comp1+4_A_3_2_9_comp2+4_A_3_2_9_comp3,R_4_A_3_2_9,TCDB,TCDB.4_A_3_2_9_comp1
G_4_A_3_2_9_comp2,P_4_A_3_2_9_comp1+4_A_3_2_9_comp2+4_A_3_2_9_comp3,R_4_A_3_2_9,TCDB,TCDB.4_A_3_2_9_comp2
G_4_A_3_2_9_comp3,P_4_A_3_2_9_comp1+4_A_3_2_9_comp2+4_A_3_2_9_comp3,R_4_A_3_2_9,TCDB,TCDB.4_A_3_2_9_comp3
G_1_C_21_2_5_comp1,P_1_C_21_2_5_comp1,R_1_C_21_2_5,TCDB,TCDB.1_C_21_2_5_comp1
G_1_A_19_1_2_comp1,P_1_A_19_1_2_comp1,R_1_A_19_1_2,TCDB,TCDB.1_A_19_1_2_comp1
G_1_A_93_1_4_comp1,P_1_A_93_1_4_comp1,R_1_A_93_1_4,TCDB,TCDB.1_A_93_1_4_comp1
G_8_B_25_1_4_comp1,P_8_B_25_1_4_comp1,R_8_B_25_1_4,TCDB,TCDB.8_B_25_1_4_comp1
G_1_G_5_1_2_comp1,P_1_G_5_1_2_comp1,R_1_G_5_1_2,TCDB,TCDB.1_G_5_1_2_comp1
G_1_E_55_3_1_comp1,P_1_E_55_3_1_comp1,R_1_E_55_3_1,TCDB,TCDB.1_E_55_3_1_comp1
G_2_A_1_85_3_comp1,P_2_A_1_85_3_comp1,R_2_A_1_85_3,TCDB,TCDB.2_A_1_85_3_comp1
G_1_G_5_1_4_comp1,P_1_G_5_1_4_comp1,R_1_G_5_1_4,TCDB,TCDB.1_G_5_1_4_comp1
G_1_E_14_1_12_comp1,P_1_E_14_1_12_comp1,R_1_E_14_1_12,TCDB,TCDB.1_E_14_1_12_comp1
G_1_C_12_3_3_comp1,P_1_C_12_3_3_comp1,R_1_C_12_3_3,TCDB,TCDB.1_C_12_3_3_comp1
G_8_B_4_1_3_comp1,P_8_B_4_1_3_comp1,R_8_B_4_1_3,TCDB,TCDB.8_B_4_1_3_comp1
G_8_A_102_2_3_comp1,P_8_A_102_2_3_comp1,R_8_A_102_2_3,TCDB,TCDB.8_A_102_2_3_comp1
G_2_A_112_1_8_comp1,P_2_A_112_1_8_comp1,R_2_A_112_1_8,TCDB,TCDB.2_A_112_1_8_comp1
G_9_B_130_2_3_comp1,P_9_B_130_2_3_comp1,R_9_B_130_2_3,TCDB,TCDB.9_B_130_2_3_comp1
G_1_A_8_9_15_comp1,P_1_A_8_9_15_comp1,R_1_A_8_9_15,TCDB,TCDB.1_A_8_9_15_comp1
G_1_A_106_1_7_comp1,P_1_A_106_1_7_comp1,R_1_A_106_1_7,TCDB,TCDB.1_A_106_1_7_comp1
G_9_B_215_1_7_comp1,P_9_B_215_1_7_comp1,R_9_B_215_1_7,TCDB,TCDB.9_B_215_1_7_comp1
G_4_E_1_1_4_comp1,P_4_E_1_1_4_comp1,R_4_E_1_1_4,TCDB,TCDB.4_E_1_1_4_comp1
G_8_A_65_1_4_comp1,P_8_A_65_1_4_comp1,R_8_A_65_1_4,TCDB,TCDB.8_A_65_1_4_comp1
G_1_A_8_4_3_comp1,P_1_A_8_4_3_comp1,R_1_A_8_4_3,TCDB,TCDB.1_A_8_4_3_comp1
G_9_B_304_1_12_comp1,P_9_B_304_1_12_comp1,R_9_B_304_1_12,TCDB,TCDB.9_B_304_1_12_comp1
G_1_C_12_1_14_comp1,P_1_C_12_1_14_comp1,R_1_C_12_1_14,TCDB,TCDB.1_C_12_1_14_comp1
G_2_A_1_74_2_comp1,P_2_A_1_74_2_comp1,R_2_A_1_74_2,TCDB,TCDB.2_A_1_74_2_comp1
G_1_A_9_8_2_comp1,P_1_A_9_8_2_comp1,R_1_A_9_8_2,TCDB,TCDB.1_A_9_8_2_comp1
G_1_C_39_8_3_comp1,P_1_C_39_8_3_comp1,R_1_C_39_8_3,TCDB,TCDB.1_C_39_8_3_comp1
G_9_B_198_1_4_comp1,P_9_B_198_1_4_comp1,R_9_B_198_1_4,TCDB,TCDB.9_B_198_1_4_comp1
G_2_A_7_2_3_comp1,P_2_A_7_2_3_comp1,R_2_A_7_2_3,TCDB,TCDB.2_A_7_2_3_comp1
G_9_A_24_4_5_comp1,P_9_A_24_4_5_comp1,R_9_A_24_4_5,TCDB,TCDB.9_A_24_4_5_comp1
G_2_A_17_2_3_comp1,P_2_A_17_2_3_comp1,R_2_A_17_2_3,TCDB,TCDB.2_A_17_2_3_comp1
G_2_A_1_91_2_comp1,P_2_A_1_91_2_comp1,R_2_A_1_91_2,TCDB,TCDB.2_A_1_91_2_comp1
G_1_A_25_1_15_comp1,P_1_A_25_1_15_comp1,R_1_A_25_1_15,TCDB,TCDB.1_A_25_1_15_comp1
G_1_A_9_3_7_comp1,P_1_A_9_3_7_comp1,R_1_A_9_3_7,TCDB,TCDB.1_A_9_3_7_comp1
G_1_A_1_15_8_comp1,P_1_A_1_15_8_comp1,R_1_A_1_15_8,TCDB,TCDB.1_A_1_15_8_comp1
G_1_M_1_5_3_comp1,P_1_M_1_5_3_comp1+1_M_1_5_3_comp2,R_1_M_1_5_3,TCDB,TCDB.1_M_1_5_3_comp1
G_1_M_1_5_3_comp2,P_1_M_1_5_3_comp1+1_M_1_5_3_comp2,R_1_M_1_5_3,TCDB,TCDB.1_M_1_5_3_comp2
G_3_A_1_212_4_comp1,P_3_A_1_212_4_comp1,R_3_A_1_212_4,TCDB,TCDB.3_A_1_212_4_comp1
G_1_A_94_1_4_comp1,P_1_A_94_1_4_comp1,R_1_A_94_1_4,TCDB,TCDB.1_A_94_1_4_comp1
G_1_M_1_5_2_comp1,P_1_M_1_5_2_comp1+1_M_1_5_2_comp2,R_1_M_1_5_2,TCDB,TCDB.1_M_1_5_2_comp1
G_1_M_1_5_2_comp2,P_1_M_1_5_2_comp1+1_M_1_5_2_comp2,R_1_M_1_5_2,TCDB,TCDB.1_M_1_5_2_comp2
G_1_A_143_1_2_comp1,P_1_A_143_1_2_comp1,R_1_A_143_1_2,TCDB,TCDB.1_A_143_1_2_comp1
G_1_E_49_1_3_comp1,P_1_E_49_1_3_comp1,R_1_E_49_1_3,TCDB,TCDB.1_E_49_1_3_comp1
G_1_C_123_2_1_comp1,P_1_C_123_2_1_comp1,R_1_C_123_2_1,TCDB,TCDB.1_C_123_2_1_comp1
G_9_B_442_1_9_comp1,P_9_B_442_1_9_comp1,R_9_B_442_1_9,TCDB,TCDB.9_B_442_1_9_comp1
G_8_A_177_1_8_comp1,P_8_A_177_1_8_comp1,R_8_A_177_1_8,TCDB,TCDB.8_A_177_1_8_comp1
G_9_A_81_1_1_comp1,P_9_A_81_1_1_comp1,R_9_A_81_1_1,TCDB,TCDB.9_A_81_1_1_comp1
G_8_A_197_1_1_comp1,P_8_A_197_1_1_comp1,R_8_A_197_1_1,TCDB,TCDB.8_A_197_1_1_comp1
G_1_M_12_1_2_comp1,P_1_M_12_1_2_comp1,R_1_M_12_1_2,TCDB,TCDB.1_M_12_1_2_comp1
G_1_E_31_1_16_comp1,P_1_E_31_1_16_comp1,R_1_E_31_1_16,TCDB,TCDB.1_E_31_1_16_comp1
G_1_M_1_1_10_comp1,P_1_M_1_1_10_comp1,R_1_M_1_1_10,TCDB,TCDB.1_M_1_1_10_comp1
G_1_M_1_4_23_comp1,P_1_M_1_4_23_comp1,R_1_M_1_4_23,TCDB,TCDB.1_M_1_4_23_comp1
G_2_A_5_3_13_comp1,P_2_A_5_3_13_comp1,R_2_A_5_3_13,TCDB,TCDB.2_A_5_3_13_comp1
G_1_C_39_14_5_comp1,P_1_C_39_14_5_comp1,R_1_C_39_14_5,TCDB,TCDB.1_C_39_14_5_comp1
G_2_A_120_1_11_comp1,P_2_A_120_1_11_comp1,R_2_A_120_1_11,TCDB,TCDB.2_A_120_1_11_comp1
G_1_B_39_1_9_comp1,P_1_B_39_1_9_comp1,R_1_B_39_1_9,TCDB,TCDB.1_B_39_1_9_comp1
G_8_B_24_3_3_comp1,P_8_B_24_3_3_comp1,R_8_B_24_3_3,TCDB,TCDB.8_B_24_3_3_comp1
G_8_B_24_2_5_comp1,P_8_B_24_2_5_comp1,R_8_B_24_2_5,TCDB,TCDB.8_B_24_2_5_comp1
G_9_B_142_13_2_comp1,P_9_B_142_13_2_comp1,R_9_B_142_13_2,TCDB,TCDB.9_B_142_13_2_comp1
G_2_A_7_17_1_comp1,P_2_A_7_17_1_comp1,R_2_A_7_17_1,TCDB,TCDB.2_A_7_17_1_comp1
G_2_A_127_1_1_comp1,P_2_A_127_1_1_comp1,R_2_A_127_1_1,TCDB,TCDB.2_A_127_1_1_comp1
G_4_A_6_3_1_comp1,P_4_A_6_3_1_comp1+4_A_6_3_1_comp2+4_A_6_3_1_comp3+4_A_6_3_1_comp4,R_4_A_6_3_1,TCDB,TCDB.4_A_6_3_1_comp1
G_4_A_6_3_1_comp2,P_4_A_6_3_1_comp1+4_A_6_3_1_comp2+4_A_6_3_1_comp3+4_A_6_3_1_comp4,R_4_A_6_3_1,TCDB,TCDB.4_A_6_3_1_comp2
G_4_A_6_3_1_comp3,P_4_A_6_3_1_comp1+4_A_6_3_1_comp2+4_A_6_3_1_comp3+4_A_6_3_1_comp4,R_4_A_6_3_1,TCDB,TCDB.4_A_6_3_1_comp3
G_4_A_6_3_1_comp4,P_4_A_6_3_1_comp1+4_A_6_3_1_comp2+4_A_6_3_1_comp3+4_A_6_3_1_comp4,R_4_A_6_3_1,TCDB,TCDB.4_A_6_3_1_comp4
G_2_A_66_1_38_comp1,P_2_A_66_1_38_comp1,R_2_A_66_1_38,TCDB,TCDB.2_A_66_1_38_comp1
G_9_A_46_2_5_comp1,P_9_A_46_2_5_comp1,R_9_A_46_2_5,TCDB,TCDB.9_A_46_2_5_comp1
G_9_B_201_1_4_comp1,P_9_B_201_1_4_comp1,R_9_B_201_1_4,TCDB,TCDB.9_B_201_1_4_comp1
G_1_A_1_29_3_comp1,P_1_A_1_29_3_comp1,R_1_A_1_29_3,TCDB,TCDB.1_A_1_29_3_comp1
G_9_B_72_1_6_comp1,P_9_B_72_1_6_comp1,R_9_B_72_1_6,TCDB,TCDB.9_B_72_1_6_comp1
G_9_B_124_2_3_comp1,P_9_B_124_2_3_comp1,R_9_B_124_2_3,TCDB,TCDB.9_B_124_2_3_comp1
G_8_A_98_2_1_comp1,P_8_A_98_2_1_comp1,R_8_A_98_2_1,TCDB,TCDB.8_A_98_2_1_comp1
G_2_A_69_2_7_comp1,P_2_A_69_2_7_comp1,R_2_A_69_2_7,TCDB,TCDB.2_A_69_2_7_comp1
G_2_A_123_1_2_comp1,P_2_A_123_1_2_comp1,R_2_A_123_1_2,TCDB,TCDB.2_A_123_1_2_comp1
G_1_A_130_1_16_comp1,P_1_A_130_1_16_comp1,R_1_A_130_1_16,TCDB,TCDB.1_A_130_1_16_comp1
G_2_A_69_2_1_comp1,P_2_A_69_2_1_comp1,R_2_A_69_2_1,TCDB,TCDB.2_A_69_2_1_comp1
G_2_A_71_1_6_comp1,P_2_A_71_1_6_comp1,R_2_A_71_1_6,TCDB,TCDB.2_A_71_1_6_comp1
G_2_A_29_31_3_comp1,P_2_A_29_31_3_comp1,R_2_A_29_31_3,TCDB,TCDB.2_A_29_31_3_comp1
G_9_B_142_2_8_comp1,P_9_B_142_2_8_comp1,R_9_B_142_2_8,TCDB,TCDB.9_B_142_2_8_comp1
G_9_B_43_2_1_comp1,P_9_B_43_2_1_comp1,R_9_B_43_2_1,TCDB,TCDB.9_B_43_2_1_comp1
G_9_B_169_1_12_comp1,P_9_B_169_1_12_comp1,R_9_B_169_1_12,TCDB,TCDB.9_B_169_1_12_comp1
G_2_A_123_3_4_comp1,P_2_A_123_3_4_comp1,R_2_A_123_3_4,TCDB,TCDB.2_A_123_3_4_comp1
G_8_A_88_1_3_comp1,P_8_A_88_1_3_comp1,R_8_A_88_1_3,TCDB,TCDB.8_A_88_1_3_comp1
G_1_B_33_3_3_comp1,P_1_B_33_3_3_comp1,R_1_B_33_3_3,TCDB,TCDB.1_B_33_3_3_comp1
G_1_M_1_4_20_comp1,P_1_M_1_4_20_comp1,R_1_M_1_4_20,TCDB,TCDB.1_M_1_4_20_comp1
G_1_M_1_3_24_comp1,P_1_M_1_3_24_comp1,R_1_M_1_3_24,TCDB,TCDB.1_M_1_3_24_comp1
G_1_A_42_1_2_comp1,P_1_A_42_1_2_comp1,R_1_A_42_1_2,TCDB,TCDB.1_A_42_1_2_comp1
G_4_D_1_2_1_comp1,P_4_D_1_2_1_comp1,R_4_D_1_2_1,TCDB,TCDB.4_D_1_2_1_comp1
G_1_B_72_2_3_comp1,P_1_B_72_2_3_comp1,R_1_B_72_2_3,TCDB,TCDB.1_B_72_2_3_comp1
G_9_B_175_1_3_comp1,P_9_B_175_1_3_comp1,R_9_B_175_1_3,TCDB,TCDB.9_B_175_1_3_comp1
G_1_B_17_2_10_comp1,P_1_B_17_2_10_comp1,R_1_B_17_2_10,TCDB,TCDB.1_B_17_2_10_comp1
G_2_A_37_3_3_comp1,P_2_A_37_3_3_comp1,R_2_A_37_3_3,TCDB,TCDB.2_A_37_3_3_comp1
G_1_E_26_1_13_comp1,P_1_E_26_1_13_comp1,R_1_E_26_1_13,TCDB,TCDB.1_E_26_1_13_comp1
G_1_B_1_4_7_comp1,P_1_B_1_4_7_comp1,R_1_B_1_4_7,TCDB,TCDB.1_B_1_4_7_comp1
G_1_B_25_1_34_comp1,P_1_B_25_1_34_comp1,R_1_B_25_1_34,TCDB,TCDB.1_B_25_1_34_comp1
G_1_B_14_5_2_comp1,P_1_B_14_5_2_comp1,R_1_B_14_5_2,TCDB,TCDB.1_B_14_5_2_comp1
G_2_A_127_1_3_comp1,P_2_A_127_1_3_comp1,R_2_A_127_1_3,TCDB,TCDB.2_A_127_1_3_comp1
G_1_A_9_8_3_comp1,P_1_A_9_8_3_comp1,R_1_A_9_8_3,TCDB,TCDB.1_A_9_8_3_comp1
G_9_A_8_1_16_comp1,P_9_A_8_1_16_comp1+9_A_8_1_16_comp2,R_9_A_8_1_16,TCDB,TCDB.9_A_8_1_16_comp1
G_9_A_8_1_16_comp2,P_9_A_8_1_16_comp1+9_A_8_1_16_comp2,R_9_A_8_1_16,TCDB,TCDB.9_A_8_1_16_comp2
G_9_A_8_1_7_comp1,P_9_A_8_1_7_comp1+9_A_8_1_7_comp2,R_9_A_8_1_7,TCDB,TCDB.9_A_8_1_7_comp1
G_9_A_8_1_7_comp2,P_9_A_8_1_7_comp1+9_A_8_1_7_comp2,R_9_A_8_1_7,TCDB,TCDB.9_A_8_1_7_comp2
G_1_A_78_2_2_comp1,P_1_A_78_2_2_comp1,R_1_A_78_2_2,TCDB,TCDB.1_A_78_2_2_comp1
G_2_A_102_2_6_comp1,P_2_A_102_2_6_comp1,R_2_A_102_2_6,TCDB,TCDB.2_A_102_2_6_comp1
G_1_A_17_5_13_comp1,P_1_A_17_5_13_comp1,R_1_A_17_5_13,TCDB,TCDB.1_A_17_5_13_comp1
G_1_A_17_7_3_comp1,P_1_A_17_7_3_comp1,R_1_A_17_7_3,TCDB,TCDB.1_A_17_7_3_comp1
G_1_A_17_7_2_comp1,P_1_A_17_7_2_comp1,R_1_A_17_7_2,TCDB,TCDB.1_A_17_7_2_comp1
G_1_A_17_7_4_comp1,P_1_A_17_7_4_comp1,R_1_A_17_7_4,TCDB,TCDB.1_A_17_7_4_comp1
G_1_A_17_7_1_comp1,P_1_A_17_7_1_comp1,R_1_A_17_7_1,TCDB,TCDB.1_A_17_7_1_comp1
G_8_B_24_4_2_comp1,P_8_B_24_4_2_comp1,R_8_B_24_4_2,TCDB,TCDB.8_B_24_4_2_comp1
G_1_M_1_4_29_comp1,P_1_M_1_4_29_comp1,R_1_M_1_4_29,TCDB,TCDB.1_M_1_4_29_comp1
G_4_A_6_1_19_comp1,P_4_A_6_1_19_comp1+4_A_6_1_19_comp2+4_A_6_1_19_comp3+4_A_6_1_19_comp4,R_4_A_6_1_19,TCDB,TCDB.4_A_6_1_19_comp1
G_4_A_6_1_19_comp2,P_4_A_6_1_19_comp1+4_A_6_1_19_comp2+4_A_6_1_19_comp3+4_A_6_1_19_comp4,R_4_A_6_1_19,TCDB,TCDB.4_A_6_1_19_comp2
G_4_A_6_1_19_comp3,P_4_A_6_1_19_comp1+4_A_6_1_19_comp2+4_A_6_1_19_comp3+4_A_6_1_19_comp4,R_4_A_6_1_19,TCDB,TCDB.4_A_6_1_19_comp3
G_4_A_6_1_19_comp4,P_4_A_6_1_19_comp1+4_A_6_1_19_comp2+4_A_6_1_19_comp3+4_A_6_1_19_comp4,R_4_A_6_1_19,TCDB,TCDB.4_A_6_1_19_comp4
G_9_B_15_2_1_comp1,P_9_B_15_2_1_comp1,R_9_B_15_2_1,TCDB,TCDB.9_B_15_2_1_comp1
G_8_A_58_2_7_comp1,P_8_A_58_2_7_comp1,R_8_A_58_2_7,TCDB,TCDB.8_A_58_2_7_comp1
G_9_B_14_4_4_comp1,P_9_B_14_4_4_comp1,R_9_B_14_4_4,TCDB,TCDB.9_B_14_4_4_comp1
G_8_A_65_1_7_comp1,P_8_A_65_1_7_comp1,R_8_A_65_1_7,TCDB,TCDB.8_A_65_1_7_comp1
G_8_A_102_1_10_comp1,P_8_A_102_1_10_comp1,R_8_A_102_1_10,TCDB,TCDB.8_A_102_1_10_comp1
G_8_A_60_1_2_comp1,P_8_A_60_1_2_comp1,R_8_A_60_1_2,TCDB,TCDB.8_A_60_1_2_comp1
G_8_A_53_1_3_comp1,P_8_A_53_1_3_comp1,R_8_A_53_1_3,TCDB,TCDB.8_A_53_1_3_comp1
G_1_B_12_2_5_comp1,P_1_B_12_2_5_comp1,R_1_B_12_2_5,TCDB,TCDB.1_B_12_2_5_comp1
G_9_B_45_1_4_comp1,P_9_B_45_1_4_comp1,R_9_B_45_1_4,TCDB,TCDB.9_B_45_1_4_comp1
G_2_A_37_1_10_comp1,P_2_A_37_1_10_comp1,R_2_A_37_1_10,TCDB,TCDB.2_A_37_1_10_comp1
G_9_B_411_1_3_comp1,P_9_B_411_1_3_comp1,R_9_B_411_1_3,TCDB,TCDB.9_B_411_1_3_comp1
G_8_A_67_1_3_comp1,P_8_A_67_1_3_comp1,R_8_A_67_1_3,TCDB,TCDB.8_A_67_1_3_comp1
G_8_A_69_1_3_comp1,P_8_A_69_1_3_comp1,R_8_A_69_1_3,TCDB,TCDB.8_A_69_1_3_comp1
G_1_C_38_1_12_comp1,P_1_C_38_1_12_comp1,R_1_C_38_1_12,TCDB,TCDB.1_C_38_1_12_comp1
G_1_A_14_4_5_comp1,P_1_A_14_4_5_comp1,R_1_A_14_4_5,TCDB,TCDB.1_A_14_4_5_comp1
G_8_B_21_1_7_comp1,P_8_B_21_1_7_comp1,R_8_B_21_1_7,TCDB,TCDB.8_B_21_1_7_comp1
G_1_C_52_1_29_comp1,P_1_C_52_1_29_comp1,R_1_C_52_1_29,TCDB,TCDB.1_C_52_1_29_comp1
G_1_A_9_4_6_comp1,P_1_A_9_4_6_comp1,R_1_A_9_4_6,TCDB,TCDB.1_A_9_4_6_comp1
G_2_A_36_5_3_comp1,P_2_A_36_5_3_comp1,R_2_A_36_5_3,TCDB,TCDB.2_A_36_5_3_comp1
G_2_A_76_2_3_comp1,P_2_A_76_2_3_comp1,R_2_A_76_2_3,TCDB,TCDB.2_A_76_2_3_comp1
G_2_A_39_3_12_comp1,P_2_A_39_3_12_comp1,R_2_A_39_3_12,TCDB,TCDB.2_A_39_3_12_comp1
G_2_A_1_5_6_comp1,P_2_A_1_5_6_comp1,R_2_A_1_5_6,TCDB,TCDB.2_A_1_5_6_comp1
G_9_A_14_23_3_comp1,P_9_A_14_23_3_comp1,R_9_A_14_23_3,TCDB,TCDB.9_A_14_23_3_comp1
G_9_B_419_1_5_comp1,P_9_B_419_1_5_comp1,R_9_B_419_1_5,TCDB,TCDB.9_B_419_1_5_comp1
G_4_H_1_2_4_comp1,P_4_H_1_2_4_comp1,R_4_H_1_2_4,TCDB,TCDB.4_H_1_2_4_comp1
G_9_A_1_1_3_comp1,P_9_A_1_1_3_comp1,R_9_A_1_1_3,TCDB,TCDB.9_A_1_1_3_comp1
G_8_A_136_1_5_comp1,P_8_A_136_1_5_comp1,R_8_A_136_1_5,TCDB,TCDB.8_A_136_1_5_comp1
G_8_A_172_1_4_comp1,P_8_A_172_1_4_comp1,R_8_A_172_1_4,TCDB,TCDB.8_A_172_1_4_comp1
G_1_A_6_3_3_comp1,P_1_A_6_3_3_comp1,R_1_A_6_3_3,TCDB,TCDB.1_A_6_3_3_comp1
G_8_A_119_1_4_comp1,P_8_A_119_1_4_comp1,R_8_A_119_1_4,TCDB,TCDB.8_A_119_1_4_comp1
G_9_B_204_1_4_comp1,P_9_B_204_1_4_comp1,R_9_B_204_1_4,TCDB,TCDB.9_B_204_1_4_comp1
G_1_A_6_3_4_comp1,P_1_A_6_3_4_comp1,R_1_A_6_3_4,TCDB,TCDB.1_A_6_3_4_comp1
G_1_A_119_1_6_comp1,P_1_A_119_1_6_comp1,R_1_A_119_1_6,TCDB,TCDB.1_A_119_1_6_comp1
G_8_A_166_1_10_comp1,P_8_A_166_1_10_comp1,R_8_A_166_1_10,TCDB,TCDB.8_A_166_1_10_comp1
G_1_A_119_1_7_comp1,P_1_A_119_1_7_comp1,R_1_A_119_1_7,TCDB,TCDB.1_A_119_1_7_comp1
G_8_A_188_1_7_comp1,P_8_A_188_1_7_comp1,R_8_A_188_1_7,TCDB,TCDB.8_A_188_1_7_comp1
G_8_A_119_1_5_comp1,P_8_A_119_1_5_comp1,R_8_A_119_1_5,TCDB,TCDB.8_A_119_1_5_comp1
G_2_A_102_6_2_comp1,P_2_A_102_6_2_comp1,R_2_A_102_6_2,TCDB,TCDB.2_A_102_6_2_comp1
G_1_A_119_1_5_comp1,P_1_A_119_1_5_comp1,R_1_A_119_1_5,TCDB,TCDB.1_A_119_1_5_comp1
G_9_B_422_1_5_comp1,P_9_B_422_1_5_comp1,R_9_B_422_1_5,TCDB,TCDB.9_B_422_1_5_comp1
G_9_B_369_1_4_comp1,P_9_B_369_1_4_comp1,R_9_B_369_1_4,TCDB,TCDB.9_B_369_1_4_comp1
G_9_B_311_2_2_comp1,P_9_B_311_2_2_comp1,R_9_B_311_2_2,TCDB,TCDB.9_B_311_2_2_comp1
G_9_B_77_1_4_comp1,P_9_B_77_1_4_comp1,R_9_B_77_1_4,TCDB,TCDB.9_B_77_1_4_comp1
G_2_A_50_3_3_comp1,P_2_A_50_3_3_comp1,R_2_A_50_3_3,TCDB,TCDB.2_A_50_3_3_comp1
G_1_A_119_1_4_comp1,P_1_A_119_1_4_comp1,R_1_A_119_1_4,TCDB,TCDB.1_A_119_1_4_comp1
G_9_B_368_1_4_comp1,P_9_B_368_1_4_comp1,R_9_B_368_1_4,TCDB,TCDB.9_B_368_1_4_comp1
G_9_B_121_4_3_comp1,P_9_B_121_4_3_comp1,R_9_B_121_4_3,TCDB,TCDB.9_B_121_4_3_comp1
G_8_A_136_1_4_comp1,P_8_A_136_1_4_comp1,R_8_A_136_1_4,TCDB,TCDB.8_A_136_1_4_comp1
G_9_B_369_1_5_comp1,P_9_B_369_1_5_comp1,R_9_B_369_1_5,TCDB,TCDB.9_B_369_1_5_comp1
G_9_B_121_5_6_comp1,P_9_B_121_5_6_comp1,R_9_B_121_5_6,TCDB,TCDB.9_B_121_5_6_comp1
G_9_B_381_1_5_comp1,P_9_B_381_1_5_comp1,R_9_B_381_1_5,TCDB,TCDB.9_B_381_1_5_comp1
G_1_A_13_2_4_comp1,P_1_A_13_2_4_comp1,R_1_A_13_2_4,TCDB,TCDB.1_A_13_2_4_comp1
G_1_B_6_12_2_comp1,P_1_B_6_12_2_comp1,R_1_B_6_12_2,TCDB,TCDB.1_B_6_12_2_comp1
G_8_A_128_1_3_comp1,P_8_A_128_1_3_comp1,R_8_A_128_1_3,TCDB,TCDB.8_A_128_1_3_comp1
G_1_A_147_1_9_comp1,P_1_A_147_1_9_comp1,R_1_A_147_1_9,TCDB,TCDB.1_A_147_1_9_comp1
G_1_W_8_1_7_comp1,P_1_W_8_1_7_comp1,R_1_W_8_1_7,TCDB,TCDB.1_W_8_1_7_comp1
G_1_C_39_6_6_comp1,P_1_C_39_6_6_comp1,R_1_C_39_6_6,TCDB,TCDB.1_C_39_6_6_comp1
G_1_C_105_2_16_comp1,P_1_C_105_2_16_comp1,R_1_C_105_2_16,TCDB,TCDB.1_C_105_2_16_comp1
G_3_A_1_201_48_comp1,P_3_A_1_201_48_comp1,R_3_A_1_201_48,TCDB,TCDB.3_A_1_201_48_comp1
G_3_A_3_2_52_comp1,P_3_A_3_2_52_comp1,R_3_A_3_2_52,TCDB,TCDB.3_A_3_2_52_comp1
G_8_A_146_1_2_comp1,P_8_A_146_1_2_comp1,R_8_A_146_1_2,TCDB,TCDB.8_A_146_1_2_comp1
G_9_B_369_1_6_comp1,P_9_B_369_1_6_comp1,R_9_B_369_1_6,TCDB,TCDB.9_B_369_1_6_comp1
G_8_A_181_1_4_comp1,P_8_A_181_1_4_comp1,R_8_A_181_1_4,TCDB,TCDB.8_A_181_1_4_comp1
G_1_B_81_1_15_comp1,P_1_B_81_1_15_comp1,R_1_B_81_1_15,TCDB,TCDB.1_B_81_1_15_comp1
G_1_B_81_1_9_comp1,P_1_B_81_1_9_comp1,R_1_B_81_1_9,TCDB,TCDB.1_B_81_1_9_comp1
G_9_B_2_3_1_comp1,P_9_B_2_3_1_comp1,R_9_B_2_3_1,TCDB,TCDB.9_B_2_3_1_comp1
G_3_A_1_152_8_comp1,P_3_A_1_152_8_comp1,R_3_A_1_152_8,TCDB,TCDB.3_A_1_152_8_comp1
G_1_C_41_2_6_comp1,P_1_C_41_2_6_comp1,R_1_C_41_2_6,TCDB,TCDB.1_C_41_2_6_comp1
G_9_B_105_5_3_comp1,P_9_B_105_5_3_comp1,R_9_B_105_5_3,TCDB,TCDB.9_B_105_5_3_comp1
G_8_A_95_1_7_comp1,P_8_A_95_1_7_comp1,R_8_A_95_1_7,TCDB,TCDB.8_A_95_1_7_comp1
G_2_A_96_1_11_comp1,P_2_A_96_1_11_comp1,R_2_A_96_1_11,TCDB,TCDB.2_A_96_1_11_comp1
G_9_B_235_1_3_comp1,P_9_B_235_1_3_comp1,R_9_B_235_1_3,TCDB,TCDB.9_B_235_1_3_comp1
G_9_B_206_2_2_comp1,P_9_B_206_2_2_comp1,R_9_B_206_2_2,TCDB,TCDB.9_B_206_2_2_comp1
G_1_B_80_2_1_comp1,P_1_B_80_2_1_comp1,R_1_B_80_2_1,TCDB,TCDB.1_B_80_2_1_comp1
G_2_A_25_1_9_comp1,P_2_A_25_1_9_comp1,R_2_A_25_1_9,TCDB,TCDB.2_A_25_1_9_comp1
G_3_A_1_5_39_comp1,P_3_A_1_5_39_comp1+3_A_1_5_39_comp2+3_A_1_5_39_comp3+3_A_1_5_39_comp4+3_A_1_5_39_comp5+3_A_1_5_39_comp6+3_A_1_5_39_comp7+3_A_1_5_39_comp8+3_A_1_5_39_comp9,R_3_A_1_5_39,TCDB,TCDB.3_A_1_5_39_comp1
G_3_A_1_5_39_comp2,P_3_A_1_5_39_comp1+3_A_1_5_39_comp2+3_A_1_5_39_comp3+3_A_1_5_39_comp4+3_A_1_5_39_comp5+3_A_1_5_39_comp6+3_A_1_5_39_comp7+3_A_1_5_39_comp8+3_A_1_5_39_comp9,R_3_A_1_5_39,TCDB,TCDB.3_A_1_5_39_comp2
G_3_A_1_5_39_comp3,P_3_A_1_5_39_comp1+3_A_1_5_39_comp2+3_A_1_5_39_comp3+3_A_1_5_39_comp4+3_A_1_5_39_comp5+3_A_1_5_39_comp6+3_A_1_5_39_comp7+3_A_1_5_39_comp8+3_A_1_5_39_comp9,R_3_A_1_5_39,TCDB,TCDB.3_A_1_5_39_comp3
G_3_A_1_5_39_comp4,P_3_A_1_5_39_comp1+3_A_1_5_39_comp2+3_A_1_5_39_comp3+3_A_1_5_39_comp4+3_A_1_5_39_comp5+3_A_1_5_39_comp6+3_A_1_5_39_comp7+3_A_1_5_39_comp8+3_A_1_5_39_comp9,R_3_A_1_5_39,TCDB,TCDB.3_A_1_5_39_comp4
G_3_A_1_5_39_comp5,P_3_A_1_5_39_comp1+3_A_1_5_39_comp2+3_A_1_5_39_comp3+3_A_1_5_39_comp4+3_A_1_5_39_comp5+3_A_1_5_39_comp6+3_A_1_5_39_comp7+3_A_1_5_39_comp8+3_A_1_5_39_comp9,R_3_A_1_5_39,TCDB,TCDB.3_A_1_5_39_comp5
G_3_A_1_5_39_comp6,P_3_A_1_5_39_comp1+3_A_1_5_39_comp2+3_A_1_5_39_comp3+3_A_1_5_39_comp4+3_A_1_5_39_comp5+3_A_1_5_39_comp6+3_A_1_5_39_comp7+3_A_1_5_39_comp8+3_A_1_5_39_comp9,R_3_A_1_5_39,TCDB,TCDB.3_A_1_5_39_comp6
G_3_A_1_5_39_comp7,P_3_A_1_5_39_comp1+3_A_1_5_39_comp2+3_A_1_5_39_comp3+3_A_1_5_39_comp4+3_A_1_5_39_comp5+3_A_1_5_39_comp6+3_A_1_5_39_comp7+3_A_1_5_39_comp8+3_A_1_5_39_comp9,R_3_A_1_5_39,TCDB,TCDB.3_A_1_5_39_comp7
G_3_A_1_5_39_comp8,P_3_A_1_5_39_comp1+3_A_1_5_39_comp2+3_A_1_5_39_comp3+3_A_1_5_39_comp4+3_A_1_5_39_comp5+3_A_1_5_39_comp6+3_A_1_5_39_comp7+3_A_1_5_39_comp8+3_A_1_5_39_comp9,R_3_A_1_5_39,TCDB,TCDB.3_A_1_5_39_comp8
G_3_A_1_5_39_comp9,P_3_A_1_5_39_comp1+3_A_1_5_39_comp2+3_A_1_5_39_comp3+3_A_1_5_39_comp4+3_A_1_5_39_comp5+3_A_1_5_39_comp6+3_A_1_5_39_comp7+3_A_1_5_39_comp8+3_A_1_5_39_comp9,R_3_A_1_5_39,TCDB,TCDB.3_A_1_5_39_comp9
G_1_M_1_4_28_comp1,P_1_M_1_4_28_comp1,R_1_M_1_4_28,TCDB,TCDB.1_M_1_4_28_comp1
G_3_A_1_106_16_comp1,P_3_A_1_106_16_comp1,R_3_A_1_106_16,TCDB,TCDB.3_A_1_106_16_comp1
G_1_M_1_1_3_comp1,P_1_M_1_1_3_comp1,R_1_M_1_1_3,TCDB,TCDB.1_M_1_1_3_comp1
G_2_A_7_38_2_comp1,P_2_A_7_38_2_comp1,R_2_A_7_38_2,TCDB,TCDB.2_A_7_38_2_comp1
G_9_A_8_1_15_comp1,P_9_A_8_1_15_comp1,R_9_A_8_1_15,TCDB,TCDB.9_A_8_1_15_comp1
G_4_D_1_4_2_comp1,P_4_D_1_4_2_comp1,R_4_D_1_4_2,TCDB,TCDB.4_D_1_4_2_comp1
G_9_B_183_1_1_comp1,P_9_B_183_1_1_comp1,R_9_B_183_1_1,TCDB,TCDB.9_B_183_1_1_comp1
G_9_A_12_1_1_comp1,P_9_A_12_1_1_comp1+9_A_12_1_1_comp2,R_9_A_12_1_1,TCDB,TCDB.9_A_12_1_1_comp1
G_9_A_12_1_1_comp2,P_9_A_12_1_1_comp1+9_A_12_1_1_comp2,R_9_A_12_1_1,TCDB,TCDB.9_A_12_1_1_comp2
G_3_A_1_148_1_comp1,P_3_A_1_148_1_comp1+3_A_1_148_1_comp2,R_3_A_1_148_1,TCDB,TCDB.3_A_1_148_1_comp1
G_3_A_1_148_1_comp2,P_3_A_1_148_1_comp1+3_A_1_148_1_comp2,R_3_A_1_148_1,TCDB,TCDB.3_A_1_148_1_comp2
G_2_A_102_4_14_comp1,P_2_A_102_4_14_comp1,R_2_A_102_4_14,TCDB,TCDB.2_A_102_4_14_comp1
G_1_A_17_6_4_comp1,P_1_A_17_6_4_comp1,R_1_A_17_6_4,TCDB,TCDB.1_A_17_6_4_comp1
G_1_A_17_3_3_comp1,P_1_A_17_3_3_comp1,R_1_A_17_3_3,TCDB,TCDB.1_A_17_3_3_comp1
G_2_A_123_2_11_comp1,P_2_A_123_2_11_comp1,R_2_A_123_2_11,TCDB,TCDB.2_A_123_2_11_comp1
G_2_A_71_2_5_comp1,P_2_A_71_2_5_comp1,R_2_A_71_2_5,TCDB,TCDB.2_A_71_2_5_comp1
G_1_A_43_2_9_comp1,P_1_A_43_2_9_comp1,R_1_A_43_2_9,TCDB,TCDB.1_A_43_2_9_comp1
G_1_C_97_2_4_comp1,P_1_C_97_2_4_comp1,R_1_C_97_2_4,TCDB,TCDB.1_C_97_2_4_comp1
G_9_A_46_2_2_comp1,P_9_A_46_2_2_comp1,R_9_A_46_2_2,TCDB,TCDB.9_A_46_2_2_comp1
G_8_B_14_1_5_comp1,P_8_B_14_1_5_comp1,R_8_B_14_1_5,TCDB,TCDB.8_B_14_1_5_comp1
G_8_A_96_1_6_comp1,P_8_A_96_1_6_comp1,R_8_A_96_1_6,TCDB,TCDB.8_A_96_1_6_comp1
G_8_A_119_1_3_comp1,P_8_A_119_1_3_comp1,R_8_A_119_1_3,TCDB,TCDB.8_A_119_1_3_comp1
G_1_B_10_2_5_comp1,P_1_B_10_2_5_comp1,R_1_B_10_2_5,TCDB,TCDB.1_B_10_2_5_comp1
G_2_A_79_1_7_comp1,P_2_A_79_1_7_comp1,R_2_A_79_1_7,TCDB,TCDB.2_A_79_1_7_comp1
G_9_B_223_1_6_comp1,P_9_B_223_1_6_comp1,R_9_B_223_1_6,TCDB,TCDB.9_B_223_1_6_comp1
G_1_A_101_2_5_comp1,P_1_A_101_2_5_comp1,R_1_A_101_2_5,TCDB,TCDB.1_A_101_2_5_comp1
G_9_B_191_1_3_comp1,P_9_B_191_1_3_comp1,R_9_B_191_1_3,TCDB,TCDB.9_B_191_1_3_comp1
G_1_C_73_3_1_comp1,P_1_C_73_3_1_comp1,R_1_C_73_3_1,TCDB,TCDB.1_C_73_3_1_comp1
G_9_B_102_2_5_comp1,P_9_B_102_2_5_comp1,R_9_B_102_2_5,TCDB,TCDB.9_B_102_2_5_comp1
G_2_A_7_33_3_comp1,P_2_A_7_33_3_comp1,R_2_A_7_33_3,TCDB,TCDB.2_A_7_33_3_comp1
G_1_C_12_2_4_comp1,P_1_C_12_2_4_comp1,R_1_C_12_2_4,TCDB,TCDB.1_C_12_2_4_comp1
G_1_B_81_1_10_comp1,P_1_B_81_1_10_comp1,R_1_B_81_1_10,TCDB,TCDB.1_B_81_1_10_comp1
G_9_A_10_2_2_comp1,P_9_A_10_2_2_comp1,R_9_A_10_2_2,TCDB,TCDB.9_A_10_2_2_comp1
G_8_B_6_2_3_comp1,P_8_B_6_2_3_comp1,R_8_B_6_2_3,TCDB,TCDB.8_B_6_2_3_comp1
G_8_B_37_1_1_comp1,P_8_B_37_1_1_comp1,R_8_B_37_1_1,TCDB,TCDB.8_B_37_1_1_comp1
G_8_B_1_4_3_comp1,P_8_B_1_4_3_comp1,R_8_B_1_4_3,TCDB,TCDB.8_B_1_4_3_comp1
G_1_C_38_1_13_comp1,P_1_C_38_1_13_comp1,R_1_C_38_1_13,TCDB,TCDB.1_C_38_1_13_comp1
G_8_A_96_1_4_comp1,P_8_A_96_1_4_comp1,R_8_A_96_1_4,TCDB,TCDB.8_A_96_1_4_comp1
G_8_A_58_2_2_comp1,P_8_A_58_2_2_comp1,R_8_A_58_2_2,TCDB,TCDB.8_A_58_2_2_comp1
G_8_A_84_1_2_comp1,P_8_A_84_1_2_comp1,R_8_A_84_1_2,TCDB,TCDB.8_A_84_1_2_comp1
G_8_A_93_2_2_comp1,P_8_A_93_2_2_comp1,R_8_A_93_2_2,TCDB,TCDB.8_A_93_2_2_comp1
G_1_C_39_2_2_comp1,P_1_C_39_2_2_comp1,R_1_C_39_2_2,TCDB,TCDB.1_C_39_2_2_comp1
G_8_A_55_1_2_comp1,P_8_A_55_1_2_comp1,R_8_A_55_1_2,TCDB,TCDB.8_A_55_1_2_comp1
G_9_B_207_1_2_comp1,P_9_B_207_1_2_comp1,R_9_B_207_1_2,TCDB,TCDB.9_B_207_1_2_comp1
G_8_A_90_1_3_comp1,P_8_A_90_1_3_comp1,R_8_A_90_1_3,TCDB,TCDB.8_A_90_1_3_comp1
G_2_A_123_1_19_comp1,P_2_A_123_1_19_comp1,R_2_A_123_1_19,TCDB,TCDB.2_A_123_1_19_comp1
G_1_A_50_2_3_comp1,P_1_A_50_2_3_comp1,R_1_A_50_2_3,TCDB,TCDB.1_A_50_2_3_comp1
G_1_A_64_3_2_comp1,P_1_A_64_3_2_comp1,R_1_A_64_3_2,TCDB,TCDB.1_A_64_3_2_comp1
G_1_G_2_1_6_comp1,P_1_G_2_1_6_comp1,R_1_G_2_1_6,TCDB,TCDB.1_G_2_1_6_comp1
G_1_C_113_1_2_comp1,P_1_C_113_1_2_comp1,R_1_C_113_1_2,TCDB,TCDB.1_C_113_1_2_comp1
G_9_B_66_2_4_comp1,P_9_B_66_2_4_comp1,R_9_B_66_2_4,TCDB,TCDB.9_B_66_2_4_comp1
G_9_B_66_2_1_comp1,P_9_B_66_2_1_comp1,R_9_B_66_2_1,TCDB,TCDB.9_B_66_2_1_comp1
G_1_C_115_1_4_comp1,P_1_C_115_1_4_comp1,R_1_C_115_1_4,TCDB,TCDB.1_C_115_1_4_comp1
G_9_B_106_1_6_comp1,P_9_B_106_1_6_comp1,R_9_B_106_1_6,TCDB,TCDB.9_B_106_1_6_comp1
G_9_B_94_1_2_comp1,P_9_B_94_1_2_comp1,R_9_B_94_1_2,TCDB,TCDB.9_B_94_1_2_comp1
G_1_A_17_5_16_comp1,P_1_A_17_5_16_comp1,R_1_A_17_5_16,TCDB,TCDB.1_A_17_5_16_comp1
G_8_A_57_1_3_comp1,P_8_A_57_1_3_comp1,R_8_A_57_1_3,TCDB,TCDB.8_A_57_1_3_comp1
G_8_A_62_1_4_comp1,P_8_A_62_1_4_comp1,R_8_A_62_1_4,TCDB,TCDB.8_A_62_1_4_comp1
G_9_B_203_1_2_comp1,P_9_B_203_1_2_comp1,R_9_B_203_1_2,TCDB,TCDB.9_B_203_1_2_comp1
G_9_B_23_1_6_comp1,P_9_B_23_1_6_comp1,R_9_B_23_1_6,TCDB,TCDB.9_B_23_1_6_comp1
G_1_A_76_2_5_comp1,P_1_A_76_2_5_comp1,R_1_A_76_2_5,TCDB,TCDB.1_A_76_2_5_comp1
G_9_B_2_6_7_comp1,P_9_B_2_6_7_comp1,R_9_B_2_6_7,TCDB,TCDB.9_B_2_6_7_comp1
G_1_A_101_2_3_comp1,P_1_A_101_2_3_comp1,R_1_A_101_2_3,TCDB,TCDB.1_A_101_2_3_comp1
G_2_A_128_1_3_comp1,P_2_A_128_1_3_comp1,R_2_A_128_1_3,TCDB,TCDB.2_A_128_1_3_comp1
G_9_B_98_1_6_comp1,P_9_B_98_1_6_comp1,R_9_B_98_1_6,TCDB,TCDB.9_B_98_1_6_comp1
G_1_C_113_1_7_comp1,P_1_C_113_1_7_comp1,R_1_C_113_1_7,TCDB,TCDB.1_C_113_1_7_comp1
G_2_A_7_29_2_comp1,P_2_A_7_29_2_comp1,R_2_A_7_29_2,TCDB,TCDB.2_A_7_29_2_comp1
G_1_C_105_2_10_comp1,P_1_C_105_2_10_comp1,R_1_C_105_2_10,TCDB,TCDB.1_C_105_2_10_comp1
G_3_A_1_140_4_comp1,P_3_A_1_140_4_comp1+3_A_1_140_4_comp2,R_3_A_1_140_4,TCDB,TCDB.3_A_1_140_4_comp1
G_3_A_1_140_4_comp2,P_3_A_1_140_4_comp1+3_A_1_140_4_comp2,R_3_A_1_140_4,TCDB,TCDB.3_A_1_140_4_comp2
G_8_A_58_2_10_comp1,P_8_A_58_2_10_comp1,R_8_A_58_2_10,TCDB,TCDB.8_A_58_2_10_comp1
G_1_A_77_5_5_comp1,P_1_A_77_5_5_comp1,R_1_A_77_5_5,TCDB,TCDB.1_A_77_5_5_comp1
G_9_B_51_1_2_comp1,P_9_B_51_1_2_comp1,R_9_B_51_1_2,TCDB,TCDB.9_B_51_1_2_comp1
G_1_B_77_2_4_comp1,P_1_B_77_2_4_comp1,R_1_B_77_2_4,TCDB,TCDB.1_B_77_2_4_comp1
G_1_E_50_1_3_comp1,P_1_E_50_1_3_comp1,R_1_E_50_1_3,TCDB,TCDB.1_E_50_1_3_comp1
G_1_A_17_6_7_comp1,P_1_A_17_6_7_comp1,R_1_A_17_6_7,TCDB,TCDB.1_A_17_6_7_comp1
G_1_A_17_3_12_comp1,P_1_A_17_3_12_comp1,R_1_A_17_3_12,TCDB,TCDB.1_A_17_3_12_comp1
G_8_B_21_2_1_comp1,P_8_B_21_2_1_comp1,R_8_B_21_2_1,TCDB,TCDB.8_B_21_2_1_comp1
G_9_B_315_1_2_comp1,P_9_B_315_1_2_comp1,R_9_B_315_1_2,TCDB,TCDB.9_B_315_1_2_comp1
G_1_A_8_8_23_comp1,P_1_A_8_8_23_comp1,R_1_A_8_8_23,TCDB,TCDB.1_A_8_8_23_comp1
G_2_A_127_1_5_comp1,P_2_A_127_1_5_comp1,R_2_A_127_1_5,TCDB,TCDB.2_A_127_1_5_comp1
G_9_B_72_2_1_comp1,P_9_B_72_2_1_comp1,R_9_B_72_2_1,TCDB,TCDB.9_B_72_2_1_comp1
G_1_C_73_2_2_comp1,P_1_C_73_2_2_comp1,R_1_C_73_2_2,TCDB,TCDB.1_C_73_2_2_comp1
G_1_G_13_1_3_comp1,P_1_G_13_1_3_comp1,R_1_G_13_1_3,TCDB,TCDB.1_G_13_1_3_comp1
G_9_B_217_1_5_comp1,P_9_B_217_1_5_comp1,R_9_B_217_1_5,TCDB,TCDB.9_B_217_1_5_comp1
G_1_C_56_1_2_comp1,P_1_C_56_1_2_comp1,R_1_C_56_1_2,TCDB,TCDB.1_C_56_1_2_comp1
G_1_A_106_2_2_comp1,P_1_A_106_2_2_comp1,R_1_A_106_2_2,TCDB,TCDB.1_A_106_2_2_comp1
G_1_A_77_3_20_comp1,P_1_A_77_3_20_comp1,R_1_A_77_3_20,TCDB,TCDB.1_A_77_3_20_comp1
G_1_M_1_4_24_comp1,P_1_M_1_4_24_comp1,R_1_M_1_4_24,TCDB,TCDB.1_M_1_4_24_comp1
G_3_E_1_6_14_comp1,P_3_E_1_6_14_comp1,R_3_E_1_6_14,TCDB,TCDB.3_E_1_6_14_comp1
G_9_A_66_1_2_comp1,P_9_A_66_1_2_comp1,R_9_A_66_1_2,TCDB,TCDB.9_A_66_1_2_comp1
G_9_B_182_1_2_comp1,P_9_B_182_1_2_comp1,R_9_B_182_1_2,TCDB,TCDB.9_B_182_1_2_comp1
G_1_A_46_2_8_comp1,P_1_A_46_2_8_comp1,R_1_A_46_2_8,TCDB,TCDB.1_A_46_2_8_comp1
G_1_A_112_2_12_comp1,P_1_A_112_2_12_comp1,R_1_A_112_2_12,TCDB,TCDB.1_A_112_2_12_comp1
G_9_B_72_1_3_comp1,P_9_B_72_1_3_comp1,R_9_B_72_1_3,TCDB,TCDB.9_B_72_1_3_comp1
G_1_C_12_3_2_comp1,P_1_C_12_3_2_comp1,R_1_C_12_3_2,TCDB,TCDB.1_C_12_3_2_comp1
G_2_A_1_72_3_comp1,P_2_A_1_72_3_comp1,R_2_A_1_72_3,TCDB,TCDB.2_A_1_72_3_comp1
G_1_C_95_1_5_comp1,P_1_C_95_1_5_comp1,R_1_C_95_1_5,TCDB,TCDB.1_C_95_1_5_comp1
G_9_B_45_1_2_comp1,P_9_B_45_1_2_comp1,R_9_B_45_1_2,TCDB,TCDB.9_B_45_1_2_comp1
G_9_B_56_2_3_comp1,P_9_B_56_2_3_comp1,R_9_B_56_2_3,TCDB,TCDB.9_B_56_2_3_comp1
G_9_B_23_3_1_comp1,P_9_B_23_3_1_comp1,R_9_B_23_3_1,TCDB,TCDB.9_B_23_3_1_comp1
G_8_A_82_1_5_comp1,P_8_A_82_1_5_comp1,R_8_A_82_1_5,TCDB,TCDB.8_A_82_1_5_comp1
G_1_B_69_2_3_comp1,P_1_B_69_2_3_comp1,R_1_B_69_2_3,TCDB,TCDB.1_B_69_2_3_comp1
G_1_C_39_16_2_comp1,P_1_C_39_16_2_comp1,R_1_C_39_16_2,TCDB,TCDB.1_C_39_16_2_comp1
G_8_A_206_1_3_comp1,P_8_A_206_1_3_comp1,R_8_A_206_1_3,TCDB,TCDB.8_A_206_1_3_comp1
G_1_A_143_1_1_comp1,P_1_A_143_1_1_comp1,R_1_A_143_1_1,TCDB,TCDB.1_A_143_1_1_comp1
G_1_A_145_1_1_comp1,P_1_A_145_1_1_comp1,R_1_A_145_1_1,TCDB,TCDB.1_A_145_1_1_comp1
G_1_A_144_1_1_comp1,P_1_A_144_1_1_comp1,R_1_A_144_1_1,TCDB,TCDB.1_A_144_1_1_comp1
G_1_A_142_1_1_comp1,P_1_A_142_1_1_comp1,R_1_A_142_1_1,TCDB,TCDB.1_A_142_1_1_comp1
G_8_A_115_8_1_comp1,P_8_A_115_8_1_comp1,R_8_A_115_8_1,TCDB,TCDB.8_A_115_8_1_comp1
G_1_A_6_1_17_comp1,P_1_A_6_1_17_comp1,R_1_A_6_1_17,TCDB,TCDB.1_A_6_1_17_comp1
G_2_A_38_3_7_comp1,P_2_A_38_3_7_comp1,R_2_A_38_3_7,TCDB,TCDB.2_A_38_3_7_comp1
G_8_A_218_1_8_comp1,P_8_A_218_1_8_comp1,R_8_A_218_1_8,TCDB,TCDB.8_A_218_1_8_comp1
G_1_E_67_1_1_comp1,P_1_E_67_1_1_comp1,R_1_E_67_1_1,TCDB,TCDB.1_E_67_1_1_comp1
G_1_E_68_1_2_comp1,P_1_E_68_1_2_comp1,R_1_E_68_1_2,TCDB,TCDB.1_E_68_1_2_comp1
G_8_A_56_3_3_comp1,P_8_A_56_3_3_comp1,R_8_A_56_3_3,TCDB,TCDB.8_A_56_3_3_comp1
G_1_D_194_1_2_comp1,P_1_D_194_1_2_comp1,R_1_D_194_1_2,TCDB,TCDB.1_D_194_1_2_comp1
G_1_B_25_1_38_comp1,P_1_B_25_1_38_comp1,R_1_B_25_1_38,TCDB,TCDB.1_B_25_1_38_comp1
G_1_C_64_1_11_comp1,P_1_C_64_1_11_comp1,R_1_C_64_1_11,TCDB,TCDB.1_C_64_1_11_comp1
G_9_B_2_1_21_comp1,P_9_B_2_1_21_comp1,R_9_B_2_1_21,TCDB,TCDB.9_B_2_1_21_comp1
G_1_C_75_1_4_comp1,P_1_C_75_1_4_comp1,R_1_C_75_1_4,TCDB,TCDB.1_C_75_1_4_comp1
G_9_B_20_4_4_comp1,P_9_B_20_4_4_comp1,R_9_B_20_4_4,TCDB,TCDB.9_B_20_4_4_comp1
G_9_B_408_1_3_comp1,P_9_B_408_1_3_comp1,R_9_B_408_1_3,TCDB,TCDB.9_B_408_1_3_comp1
G_9_B_240_1_2_comp1,P_9_B_240_1_2_comp1,R_9_B_240_1_2,TCDB,TCDB.9_B_240_1_2_comp1
G_9_B_304_1_2_comp1,P_9_B_304_1_2_comp1,R_9_B_304_1_2,TCDB,TCDB.9_B_304_1_2_comp1
G_9_B_394_1_1_comp1,P_9_B_394_1_1_comp1,R_9_B_394_1_1,TCDB,TCDB.9_B_394_1_1_comp1
G_2_A_99_1_4_comp1,P_2_A_99_1_4_comp1,R_2_A_99_1_4,TCDB,TCDB.2_A_99_1_4_comp1
G_9_B_394_1_4_comp1,P_9_B_394_1_4_comp1,R_9_B_394_1_4,TCDB,TCDB.9_B_394_1_4_comp1
G_3_D_4_5_2_comp1,P_3_D_4_5_2_comp1+3_D_4_5_2_comp2+3_D_4_5_2_comp3+3_D_4_5_2_comp4,R_3_D_4_5_2,TCDB,TCDB.3_D_4_5_2_comp1
G_3_D_4_5_2_comp2,P_3_D_4_5_2_comp1+3_D_4_5_2_comp2+3_D_4_5_2_comp3+3_D_4_5_2_comp4,R_3_D_4_5_2,TCDB,TCDB.3_D_4_5_2_comp2
G_3_D_4_5_2_comp3,P_3_D_4_5_2_comp1+3_D_4_5_2_comp2+3_D_4_5_2_comp3+3_D_4_5_2_comp4,R_3_D_4_5_2,TCDB,TCDB.3_D_4_5_2_comp3
G_3_D_4_5_2_comp4,P_3_D_4_5_2_comp1+3_D_4_5_2_comp2+3_D_4_5_2_comp3+3_D_4_5_2_comp4,R_3_D_4_5_2,TCDB,TCDB.3_D_4_5_2_comp4
G_9_B_142_15_1_comp1,P_9_B_142_15_1_comp1,R_9_B_142_15_1,TCDB,TCDB.9_B_142_15_1_comp1
G_1_C_64_1_7_comp1,P_1_C_64_1_7_comp1,R_1_C_64_1_7,TCDB,TCDB.1_C_64_1_7_comp1
G_9_B_169_2_4_comp1,P_9_B_169_2_4_comp1,R_9_B_169_2_4,TCDB,TCDB.9_B_169_2_4_comp1
G_9_B_330_1_4_comp1,P_9_B_330_1_4_comp1,R_9_B_330_1_4,TCDB,TCDB.9_B_330_1_4_comp1
G_9_B_363_1_3_comp1,P_9_B_363_1_3_comp1,R_9_B_363_1_3,TCDB,TCDB.9_B_363_1_3_comp1
G_1_C_70_1_4_comp1,P_1_C_70_1_4_comp1,R_1_C_70_1_4,TCDB,TCDB.1_C_70_1_4_comp1
G_1_A_23_3_4_comp1,P_1_A_23_3_4_comp1,R_1_A_23_3_4,TCDB,TCDB.1_A_23_3_4_comp1
G_1_E_2_1_13_comp1,P_1_E_2_1_13_comp1,R_1_E_2_1_13,TCDB,TCDB.1_E_2_1_13_comp1
G_2_A_7_43_5_comp1,P_2_A_7_43_5_comp1,R_2_A_7_43_5,TCDB,TCDB.2_A_7_43_5_comp1
G_1_C_41_2_7_comp1,P_1_C_41_2_7_comp1+1_C_41_2_7_comp2,R_1_C_41_2_7,TCDB,TCDB.1_C_41_2_7_comp1
G_1_C_41_2_7_comp2,P_1_C_41_2_7_comp1+1_C_41_2_7_comp2,R_1_C_41_2_7,TCDB,TCDB.1_C_41_2_7_comp2
G_8_A_172_2_2_comp1,P_8_A_172_2_2_comp1,R_8_A_172_2_2,TCDB,TCDB.8_A_172_2_2_comp1
G_1_E_22_3_1_comp1,P_1_E_22_3_1_comp1,R_1_E_22_3_1,TCDB,TCDB.1_E_22_3_1_comp1
G_1_A_104_1_3_comp1,P_1_A_104_1_3_comp1,R_1_A_104_1_3,TCDB,TCDB.1_A_104_1_3_comp1
G_1_W_1_1_3_comp1,P_1_W_1_1_3_comp1,R_1_W_1_1_3,TCDB,TCDB.1_W_1_1_3_comp1
G_1_W_10_2_1_comp1,P_1_W_10_2_1_comp1,R_1_W_10_2_1,TCDB,TCDB.1_W_10_2_1_comp1
G_1_C_95_1_12_comp1,P_1_C_95_1_12_comp1,R_1_C_95_1_12,TCDB,TCDB.1_C_95_1_12_comp1
G_9_B_36_8_2_comp1,P_9_B_36_8_2_comp1,R_9_B_36_8_2,TCDB,TCDB.9_B_36_8_2_comp1
G_1_E_64_3_9_comp1,P_1_E_64_3_9_comp1,R_1_E_64_3_9,TCDB,TCDB.1_E_64_3_9_comp1
G_1_E_62_1_7_comp1,P_1_E_62_1_7_comp1,R_1_E_62_1_7,TCDB,TCDB.1_E_62_1_7_comp1
G_9_B_244_1_6_comp1,P_9_B_244_1_6_comp1,R_9_B_244_1_6,TCDB,TCDB.9_B_244_1_6_comp1
G_9_B_300_1_3_comp1,P_9_B_300_1_3_comp1,R_9_B_300_1_3,TCDB,TCDB.9_B_300_1_3_comp1
G_9_B_248_1_6_comp1,P_9_B_248_1_6_comp1,R_9_B_248_1_6,TCDB,TCDB.9_B_248_1_6_comp1
G_1_W_3_1_6_comp1,P_1_W_3_1_6_comp1,R_1_W_3_1_6,TCDB,TCDB.1_W_3_1_6_comp1
G_9_B_142_9_15_comp1,P_9_B_142_9_15_comp1,R_9_B_142_9_15,TCDB,TCDB.9_B_142_9_15_comp1
G_9_B_330_1_5_comp1,P_9_B_330_1_5_comp1,R_9_B_330_1_5,TCDB,TCDB.9_B_330_1_5_comp1
G_9_B_359_1_1_comp1,P_9_B_359_1_1_comp1,R_9_B_359_1_1,TCDB,TCDB.9_B_359_1_1_comp1
G_9_B_29_4_7_comp1,P_9_B_29_4_7_comp1,R_9_B_29_4_7,TCDB,TCDB.9_B_29_4_7_comp1
G_9_B_115_1_10_comp1,P_9_B_115_1_10_comp1,R_9_B_115_1_10,TCDB,TCDB.9_B_115_1_10_comp1
G_9_B_354_1_2_comp1,P_9_B_354_1_2_comp1,R_9_B_354_1_2,TCDB,TCDB.9_B_354_1_2_comp1
G_9_B_36_12_8_comp1,P_9_B_36_12_8_comp1,R_9_B_36_12_8,TCDB,TCDB.9_B_36_12_8_comp1
G_9_B_2_10_2_comp1,P_9_B_2_10_2_comp1,R_9_B_2_10_2,TCDB,TCDB.9_B_2_10_2_comp1
G_9_B_266_1_3_comp1,P_9_B_266_1_3_comp1,R_9_B_266_1_3,TCDB,TCDB.9_B_266_1_3_comp1
G_9_B_144_1_7_comp1,P_9_B_144_1_7_comp1,R_9_B_144_1_7,TCDB,TCDB.9_B_144_1_7_comp1
G_8_A_150_1_4_comp1,P_8_A_150_1_4_comp1,R_8_A_150_1_4,TCDB,TCDB.8_A_150_1_4_comp1
G_9_B_404_1_3_comp1,P_9_B_404_1_3_comp1,R_9_B_404_1_3,TCDB,TCDB.9_B_404_1_3_comp1
G_1_W_3_1_4_comp1,P_1_W_3_1_4_comp1,R_1_W_3_1_4,TCDB,TCDB.1_W_3_1_4_comp1
G_9_B_304_1_4_comp1,P_9_B_304_1_4_comp1,R_9_B_304_1_4,TCDB,TCDB.9_B_304_1_4_comp1
G_1_B_6_12_1_comp1,P_1_B_6_12_1_comp1,R_1_B_6_12_1,TCDB,TCDB.1_B_6_12_1_comp1
G_2_A_119_2_3_comp1,P_2_A_119_2_3_comp1,R_2_A_119_2_3,TCDB,TCDB.2_A_119_2_3_comp1
G_1_C_37_1_7_comp1,P_1_C_37_1_7_comp1,R_1_C_37_1_7,TCDB,TCDB.1_C_37_1_7_comp1
G_9_B_20_4_1_comp1,P_9_B_20_4_1_comp1,R_9_B_20_4_1,TCDB,TCDB.9_B_20_4_1_comp1
G_9_B_36_12_9_comp1,P_9_B_36_12_9_comp1,R_9_B_36_12_9,TCDB,TCDB.9_B_36_12_9_comp1
G_9_B_237_1_4_comp1,P_9_B_237_1_4_comp1,R_9_B_237_1_4,TCDB,TCDB.9_B_237_1_4_comp1
G_1_E_62_1_4_comp1,P_1_E_62_1_4_comp1,R_1_E_62_1_4,TCDB,TCDB.1_E_62_1_4_comp1
G_1_B_6_4_4_comp1,P_1_B_6_4_4_comp1,R_1_B_6_4_4,TCDB,TCDB.1_B_6_4_4_comp1
G_9_B_306_4_1_comp1,P_9_B_306_4_1_comp1,R_9_B_306_4_1,TCDB,TCDB.9_B_306_4_1_comp1
G_1_I_3_1_1_comp1,P_1_I_3_1_1_comp1+1_I_3_1_1_comp2+1_I_3_1_1_comp3+1_I_3_1_1_comp4+1_I_3_1_1_comp5+1_I_3_1_1_comp6,R_1_I_3_1_1,TCDB,TCDB.1_I_3_1_1_comp1
G_1_I_3_1_1_comp2,P_1_I_3_1_1_comp1+1_I_3_1_1_comp2+1_I_3_1_1_comp3+1_I_3_1_1_comp4+1_I_3_1_1_comp5+1_I_3_1_1_comp6,R_1_I_3_1_1,TCDB,TCDB.1_I_3_1_1_comp2
G_1_I_3_1_1_comp3,P_1_I_3_1_1_comp1+1_I_3_1_1_comp2+1_I_3_1_1_comp3+1_I_3_1_1_comp4+1_I_3_1_1_comp5+1_I_3_1_1_comp6,R_1_I_3_1_1,TCDB,TCDB.1_I_3_1_1_comp3
G_1_I_3_1_1_comp4,P_1_I_3_1_1_comp1+1_I_3_1_1_comp2+1_I_3_1_1_comp3+1_I_3_1_1_comp4+1_I_3_1_1_comp5+1_I_3_1_1_comp6,R_1_I_3_1_1,TCDB,TCDB.1_I_3_1_1_comp4
G_1_I_3_1_1_comp5,P_1_I_3_1_1_comp1+1_I_3_1_1_comp2+1_I_3_1_1_comp3+1_I_3_1_1_comp4+1_I_3_1_1_comp5+1_I_3_1_1_comp6,R_1_I_3_1_1,TCDB,TCDB.1_I_3_1_1_comp5
G_1_I_3_1_1_comp6,P_1_I_3_1_1_comp1+1_I_3_1_1_comp2+1_I_3_1_1_comp3+1_I_3_1_1_comp4+1_I_3_1_1_comp5+1_I_3_1_1_comp6,R_1_I_3_1_1,TCDB,TCDB.1_I_3_1_1_comp6
G_9_B_149_1_16_comp1,P_9_B_149_1_16_comp1,R_9_B_149_1_16,TCDB,TCDB.9_B_149_1_16_comp1
G_1_C_53_2_11_comp1,P_1_C_53_2_11_comp1,R_1_C_53_2_11,TCDB,TCDB.1_C_53_2_11_comp1
G_1_B_34_3_2_comp1,P_1_B_34_3_2_comp1,R_1_B_34_3_2,TCDB,TCDB.1_B_34_3_2_comp1
G_9_B_254_1_2_comp1,P_9_B_254_1_2_comp1,R_9_B_254_1_2,TCDB,TCDB.9_B_254_1_2_comp1
G_9_B_159_12_2_comp1,P_9_B_159_12_2_comp1,R_9_B_159_12_2,TCDB,TCDB.9_B_159_12_2_comp1
G_9_B_263_2_1_comp1,P_9_B_263_2_1_comp1,R_9_B_263_2_1,TCDB,TCDB.9_B_263_2_1_comp1
G_9_B_245_1_1_comp1,P_9_B_245_1_1_comp1,R_9_B_245_1_1,TCDB,TCDB.9_B_245_1_1_comp1
G_9_B_318_1_3_comp1,P_9_B_318_1_3_comp1,R_9_B_318_1_3,TCDB,TCDB.9_B_318_1_3_comp1
G_9_B_393_2_3_comp1,P_9_B_393_2_3_comp1,R_9_B_393_2_3,TCDB,TCDB.9_B_393_2_3_comp1
G_1_C_95_1_6_comp1,P_1_C_95_1_6_comp1,R_1_C_95_1_6,TCDB,TCDB.1_C_95_1_6_comp1
G_1_E_66_1_14_comp1,P_1_E_66_1_14_comp1,R_1_E_66_1_14,TCDB,TCDB.1_E_66_1_14_comp1
G_1_W_10_1_5_comp1,P_1_W_10_1_5_comp1,R_1_W_10_1_5,TCDB,TCDB.1_W_10_1_5_comp1
G_2_A_128_1_19_comp1,P_2_A_128_1_19_comp1,R_2_A_128_1_19,TCDB,TCDB.2_A_128_1_19_comp1
G_2_A_50_2_3_comp1,P_2_A_50_2_3_comp1,R_2_A_50_2_3,TCDB,TCDB.2_A_50_2_3_comp1
G_4_D_2_1_8_comp1,P_4_D_2_1_8_comp1,R_4_D_2_1_8,TCDB,TCDB.4_D_2_1_8_comp1
G_5_A_3_10_2_comp1,P_5_A_3_10_2_comp1,R_5_A_3_10_2,TCDB,TCDB.5_A_3_10_2_comp1
G_9_B_330_1_7_comp1,P_9_B_330_1_7_comp1,R_9_B_330_1_7,TCDB,TCDB.9_B_330_1_7_comp1
G_9_B_333_1_4_comp1,P_9_B_333_1_4_comp1,R_9_B_333_1_4,TCDB,TCDB.9_B_333_1_4_comp1
G_9_B_353_1_4_comp1,P_9_B_353_1_4_comp1,R_9_B_353_1_4,TCDB,TCDB.9_B_353_1_4_comp1
G_9_B_36_9_3_comp1,P_9_B_36_9_3_comp1,R_9_B_36_9_3,TCDB,TCDB.9_B_36_9_3_comp1
G_9_B_90_1_6_comp1,P_9_B_90_1_6_comp1,R_9_B_90_1_6,TCDB,TCDB.9_B_90_1_6_comp1
G_9_B_241_2_4_comp1,P_9_B_241_2_4_comp1,R_9_B_241_2_4,TCDB,TCDB.9_B_241_2_4_comp1
G_1_B_89_1_11_comp1,P_1_B_89_1_11_comp1,R_1_B_89_1_11,TCDB,TCDB.1_B_89_1_11_comp1
G_9_B_298_1_8_comp1,P_9_B_298_1_8_comp1,R_9_B_298_1_8,TCDB,TCDB.9_B_298_1_8_comp1
G_3_D_7_1_3_comp1,P_3_D_7_1_3_comp1+3_D_7_1_3_comp2,R_3_D_7_1_3,TCDB,TCDB.3_D_7_1_3_comp1
G_3_D_7_1_3_comp2,P_3_D_7_1_3_comp1+3_D_7_1_3_comp2,R_3_D_7_1_3,TCDB,TCDB.3_D_7_1_3_comp2
G_9_B_248_1_5_comp1,P_9_B_248_1_5_comp1,R_9_B_248_1_5,TCDB,TCDB.9_B_248_1_5_comp1
G_2_A_66_2_29_comp1,P_2_A_66_2_29_comp1,R_2_A_66_2_29,TCDB,TCDB.2_A_66_2_29_comp1
G_9_B_246_1_3_comp1,P_9_B_246_1_3_comp1,R_9_B_246_1_3,TCDB,TCDB.9_B_246_1_3_comp1
G_9_B_393_1_4_comp1,P_9_B_393_1_4_comp1,R_9_B_393_1_4,TCDB,TCDB.9_B_393_1_4_comp1
G_9_B_9_1_7_comp1,P_9_B_9_1_7_comp1,R_9_B_9_1_7,TCDB,TCDB.9_B_9_1_7_comp1
G_1_A_113_5_5_comp1,P_1_A_113_5_5_comp1,R_1_A_113_5_5,TCDB,TCDB.1_A_113_5_5_comp1
G_1_W_2_1_3_comp1,P_1_W_2_1_3_comp1,R_1_W_2_1_3,TCDB,TCDB.1_W_2_1_3_comp1
G_9_B_357_1_2_comp1,P_9_B_357_1_2_comp1+9_B_357_1_2_comp2,R_9_B_357_1_2,TCDB,TCDB.9_B_357_1_2_comp1
G_9_B_357_1_2_comp2,P_9_B_357_1_2_comp1+9_B_357_1_2_comp2,R_9_B_357_1_2,TCDB,TCDB.9_B_357_1_2_comp2
G_1_C_137_1_12_comp1,P_1_C_137_1_12_comp1,R_1_C_137_1_12,TCDB,TCDB.1_C_137_1_12_comp1
G_4_C_3_1_7_comp1,P_4_C_3_1_7_comp1,R_4_C_3_1_7,TCDB,TCDB.4_C_3_1_7_comp1
G_2_A_128_1_16_comp1,P_2_A_128_1_16_comp1,R_2_A_128_1_16,TCDB,TCDB.2_A_128_1_16_comp1
G_9_B_240_1_6_comp1,P_9_B_240_1_6_comp1,R_9_B_240_1_6,TCDB,TCDB.9_B_240_1_6_comp1
G_8_A_130_1_2_comp1,P_8_A_130_1_2_comp1,R_8_A_130_1_2,TCDB,TCDB.8_A_130_1_2_comp1
G_9_B_429_1_1_comp1,P_9_B_429_1_1_comp1,R_9_B_429_1_1,TCDB,TCDB.9_B_429_1_1_comp1
G_1_E_11_2_5_comp1,P_1_E_11_2_5_comp1,R_1_E_11_2_5,TCDB,TCDB.1_E_11_2_5_comp1
G_1_B_21_2_3_comp1,P_1_B_21_2_3_comp1,R_1_B_21_2_3,TCDB,TCDB.1_B_21_2_3_comp1
G_9_B_258_1_6_comp1,P_9_B_258_1_6_comp1,R_9_B_258_1_6,TCDB,TCDB.9_B_258_1_6_comp1
G_2_A_7_43_2_comp1,P_2_A_7_43_2_comp1,R_2_A_7_43_2,TCDB,TCDB.2_A_7_43_2_comp1
G_1_C_9_1_3_comp1,P_1_C_9_1_3_comp1,R_1_C_9_1_3,TCDB,TCDB.1_C_9_1_3_comp1
G_1_A_147_1_1_comp1,P_1_A_147_1_1_comp1,R_1_A_147_1_1,TCDB,TCDB.1_A_147_1_1_comp1
G_9_B_263_2_4_comp1,P_9_B_263_2_4_comp1,R_9_B_263_2_4,TCDB,TCDB.9_B_263_2_4_comp1
G_9_B_297_3_2_comp1,P_9_B_297_3_2_comp1,R_9_B_297_3_2,TCDB,TCDB.9_B_297_3_2_comp1
G_2_A_7_42_4_comp1,P_2_A_7_42_4_comp1,R_2_A_7_42_4,TCDB,TCDB.2_A_7_42_4_comp1
G_2_A_1_87_2_comp1,P_2_A_1_87_2_comp1,R_2_A_1_87_2,TCDB,TCDB.2_A_1_87_2_comp1
G_1_B_95_4_1_comp1,P_1_B_95_4_1_comp1,R_1_B_95_4_1,TCDB,TCDB.1_B_95_4_1_comp1
G_2_A_123_5_5_comp1,P_2_A_123_5_5_comp1,R_2_A_123_5_5,TCDB,TCDB.2_A_123_5_5_comp1
G_9_B_136_3_4_comp1,P_9_B_136_3_4_comp1,R_9_B_136_3_4,TCDB,TCDB.9_B_136_3_4_comp1
G_1_C_137_2_2_comp1,P_1_C_137_2_2_comp1,R_1_C_137_2_2,TCDB,TCDB.1_C_137_2_2_comp1
G_9_B_142_15_4_comp1,P_9_B_142_15_4_comp1,R_9_B_142_15_4,TCDB,TCDB.9_B_142_15_4_comp1
G_9_B_214_2_3_comp1,P_9_B_214_2_3_comp1,R_9_B_214_2_3,TCDB,TCDB.9_B_214_2_3_comp1
G_9_A_74_1_2_comp1,P_9_A_74_1_2_comp1,R_9_A_74_1_2,TCDB,TCDB.9_A_74_1_2_comp1
G_3_A_1_132_13_comp1,P_3_A_1_132_13_comp1,R_3_A_1_132_13,TCDB,TCDB.3_A_1_132_13_comp1
G_1_E_34_1_13_comp1,P_1_E_34_1_13_comp1,R_1_E_34_1_13,TCDB,TCDB.1_E_34_1_13_comp1
G_9_B_347_1_2_comp1,P_9_B_347_1_2_comp1,R_9_B_347_1_2,TCDB,TCDB.9_B_347_1_2_comp1
G_9_B_259_2_1_comp1,P_9_B_259_2_1_comp1,R_9_B_259_2_1,TCDB,TCDB.9_B_259_2_1_comp1
G_9_B_97_7_5_comp1,P_9_B_97_7_5_comp1,R_9_B_97_7_5,TCDB,TCDB.9_B_97_7_5_comp1
G_4_D_2_2_5_comp1,P_4_D_2_2_5_comp1,R_4_D_2_2_5,TCDB,TCDB.4_D_2_2_5_comp1
G_1_B_14_6_18_comp1,P_1_B_14_6_18_comp1,R_1_B_14_6_18,TCDB,TCDB.1_B_14_6_18_comp1
G_8_A_212_1_2_comp1,P_8_A_212_1_2_comp1,R_8_A_212_1_2,TCDB,TCDB.8_A_212_1_2_comp1
G_3_A_1_122_25_comp1,P_3_A_1_122_25_comp1+3_A_1_122_25_comp2+3_A_1_122_25_comp3,R_3_A_1_122_25,TCDB,TCDB.3_A_1_122_25_comp1
G_3_A_1_122_25_comp2,P_3_A_1_122_25_comp1+3_A_1_122_25_comp2+3_A_1_122_25_comp3,R_3_A_1_122_25,TCDB,TCDB.3_A_1_122_25_comp2
G_3_A_1_122_25_comp3,P_3_A_1_122_25_comp1+3_A_1_122_25_comp2+3_A_1_122_25_comp3,R_3_A_1_122_25,TCDB,TCDB.3_A_1_122_25_comp3
G_9_B_142_16_8_comp1,P_9_B_142_16_8_comp1,R_9_B_142_16_8,TCDB,TCDB.9_B_142_16_8_comp1
G_9_B_218_3_1_comp1,P_9_B_218_3_1_comp1,R_9_B_218_3_1,TCDB,TCDB.9_B_218_3_1_comp1
G_1_M_3_2_2_comp1,P_1_M_3_2_2_comp1,R_1_M_3_2_2,TCDB,TCDB.1_M_3_2_2_comp1
G_9_B_97_5_3_comp1,P_9_B_97_5_3_comp1,R_9_B_97_5_3,TCDB,TCDB.9_B_97_5_3_comp1
G_1_B_6_8_3_comp1,P_1_B_6_8_3_comp1,R_1_B_6_8_3,TCDB,TCDB.1_B_6_8_3_comp1
G_9_B_142_19_7_comp1,P_9_B_142_19_7_comp1,R_9_B_142_19_7,TCDB,TCDB.9_B_142_19_7_comp1
G_9_B_142_3_13_comp1,P_9_B_142_3_13_comp1,R_9_B_142_3_13,TCDB,TCDB.9_B_142_3_13_comp1
G_9_B_127_2_2_comp1,P_9_B_127_2_2_comp1,R_9_B_127_2_2,TCDB,TCDB.9_B_127_2_2_comp1
G_9_B_142_17_8_comp1,P_9_B_142_17_8_comp1,R_9_B_142_17_8,TCDB,TCDB.9_B_142_17_8_comp1
G_9_B_174_1_3_comp1,P_9_B_174_1_3_comp1,R_9_B_174_1_3,TCDB,TCDB.9_B_174_1_3_comp1
G_8_A_120_1_5_comp1,P_8_A_120_1_5_comp1,R_8_A_120_1_5,TCDB,TCDB.8_A_120_1_5_comp1
G_9_B_306_1_5_comp1,P_9_B_306_1_5_comp1,R_9_B_306_1_5,TCDB,TCDB.9_B_306_1_5_comp1
G_9_B_354_2_3_comp1,P_9_B_354_2_3_comp1,R_9_B_354_2_3,TCDB,TCDB.9_B_354_2_3_comp1
G_1_E_43_1_15_comp1,P_1_E_43_1_15_comp1,R_1_E_43_1_15,TCDB,TCDB.1_E_43_1_15_comp1
G_9_B_394_1_5_comp1,P_9_B_394_1_5_comp1,R_9_B_394_1_5,TCDB,TCDB.9_B_394_1_5_comp1
G_9_B_241_2_5_comp1,P_9_B_241_2_5_comp1,R_9_B_241_2_5,TCDB,TCDB.9_B_241_2_5_comp1
G_9_B_370_1_8_comp1,P_9_B_370_1_8_comp1,R_9_B_370_1_8,TCDB,TCDB.9_B_370_1_8_comp1
G_9_B_403_1_5_comp1,P_9_B_403_1_5_comp1,R_9_B_403_1_5,TCDB,TCDB.9_B_403_1_5_comp1
G_1_B_89_1_13_comp1,P_1_B_89_1_13_comp1,R_1_B_89_1_13,TCDB,TCDB.1_B_89_1_13_comp1
G_9_B_398_1_3_comp1,P_9_B_398_1_3_comp1,R_9_B_398_1_3,TCDB,TCDB.9_B_398_1_3_comp1
G_1_C_53_2_3_comp1,P_1_C_53_2_3_comp1,R_1_C_53_2_3,TCDB,TCDB.1_C_53_2_3_comp1
G_9_B_142_2_14_comp1,P_9_B_142_2_14_comp1,R_9_B_142_2_14,TCDB,TCDB.9_B_142_2_14_comp1
G_1_W_7_2_5_comp1,P_1_W_7_2_5_comp1,R_1_W_7_2_5,TCDB,TCDB.1_W_7_2_5_comp1
G_9_B_302_1_1_comp1,P_9_B_302_1_1_comp1,R_9_B_302_1_1,TCDB,TCDB.9_B_302_1_1_comp1
G_9_B_240_1_4_comp1,P_9_B_240_1_4_comp1,R_9_B_240_1_4,TCDB,TCDB.9_B_240_1_4_comp1
G_8_A_162_1_3_comp1,P_8_A_162_1_3_comp1,R_8_A_162_1_3,TCDB,TCDB.8_A_162_1_3_comp1
G_9_B_353_1_3_comp1,P_9_B_353_1_3_comp1,R_9_B_353_1_3,TCDB,TCDB.9_B_353_1_3_comp1
G_9_B_291_2_2_comp1,P_9_B_291_2_2_comp1,R_9_B_291_2_2,TCDB,TCDB.9_B_291_2_2_comp1
G_2_A_102_6_3_comp1,P_2_A_102_6_3_comp1,R_2_A_102_6_3,TCDB,TCDB.2_A_102_6_3_comp1
G_3_D_7_1_2_comp1,P_3_D_7_1_2_comp1+3_D_7_1_2_comp2,R_3_D_7_1_2,TCDB,TCDB.3_D_7_1_2_comp1
G_3_D_7_1_2_comp2,P_3_D_7_1_2_comp1+3_D_7_1_2_comp2,R_3_D_7_1_2,TCDB,TCDB.3_D_7_1_2_comp2
G_1_C_53_2_6_comp1,P_1_C_53_2_6_comp1,R_1_C_53_2_6,TCDB,TCDB.1_C_53_2_6_comp1
G_1_B_59_1_15_comp1,P_1_B_59_1_15_comp1,R_1_B_59_1_15,TCDB,TCDB.1_B_59_1_15_comp1
G_2_A_50_2_2_comp1,P_2_A_50_2_2_comp1,R_2_A_50_2_2,TCDB,TCDB.2_A_50_2_2_comp1
G_1_M_1_4_4_comp1,P_1_M_1_4_4_comp1,R_1_M_1_4_4,TCDB,TCDB.1_M_1_4_4_comp1
G_9_A_41_1_8_comp1,P_9_A_41_1_8_comp1,R_9_A_41_1_8,TCDB,TCDB.9_A_41_1_8_comp1
G_1_C_64_1_8_comp1,P_1_C_64_1_8_comp1,R_1_C_64_1_8,TCDB,TCDB.1_C_64_1_8_comp1
G_9_A_22_1_4_comp1,P_9_A_22_1_4_comp1,R_9_A_22_1_4,TCDB,TCDB.9_A_22_1_4_comp1
G_9_B_265_1_6_comp1,P_9_B_265_1_6_comp1,R_9_B_265_1_6,TCDB,TCDB.9_B_265_1_6_comp1
G_9_B_142_2_13_comp1,P_9_B_142_2_13_comp1,R_9_B_142_2_13,TCDB,TCDB.9_B_142_2_13_comp1
G_9_B_116_1_3_comp1,P_9_B_116_1_3_comp1,R_9_B_116_1_3,TCDB,TCDB.9_B_116_1_3_comp1
G_1_B_163_1_5_comp1,P_1_B_163_1_5_comp1,R_1_B_163_1_5,TCDB,TCDB.1_B_163_1_5_comp1
G_9_B_219_2_1_comp1,P_9_B_219_2_1_comp1,R_9_B_219_2_1,TCDB,TCDB.9_B_219_2_1_comp1
G_9_B_253_1_2_comp1,P_9_B_253_1_2_comp1,R_9_B_253_1_2,TCDB,TCDB.9_B_253_1_2_comp1
G_1_E_22_3_4_comp1,P_1_E_22_3_4_comp1,R_1_E_22_3_4,TCDB,TCDB.1_E_22_3_4_comp1
G_9_B_2_8_1_comp1,P_9_B_2_8_1_comp1,R_9_B_2_8_1,TCDB,TCDB.9_B_2_8_1_comp1
G_9_B_238_3_1_comp1,P_9_B_238_3_1_comp1,R_9_B_238_3_1,TCDB,TCDB.9_B_238_3_1_comp1
G_9_B_310_1_4_comp1,P_9_B_310_1_4_comp1,R_9_B_310_1_4,TCDB,TCDB.9_B_310_1_4_comp1
G_9_B_358_1_2_comp1,P_9_B_358_1_2_comp1,R_9_B_358_1_2,TCDB,TCDB.9_B_358_1_2_comp1
G_2_A_1_70_4_comp1,P_2_A_1_70_4_comp1,R_2_A_1_70_4,TCDB,TCDB.2_A_1_70_4_comp1
G_1_B_59_1_16_comp1,P_1_B_59_1_16_comp1,R_1_B_59_1_16,TCDB,TCDB.1_B_59_1_16_comp1
G_1_C_14_1_4_comp1,P_1_C_14_1_4_comp1,R_1_C_14_1_4,TCDB,TCDB.1_C_14_1_4_comp1
G_1_E_63_1_4_comp1,P_1_E_63_1_4_comp1,R_1_E_63_1_4,TCDB,TCDB.1_E_63_1_4_comp1
G_1_C_95_1_13_comp1,P_1_C_95_1_13_comp1,R_1_C_95_1_13,TCDB,TCDB.1_C_95_1_13_comp1
G_9_B_443_1_9_comp1,P_9_B_443_1_9_comp1,R_9_B_443_1_9,TCDB,TCDB.9_B_443_1_9_comp1
G_8_A_115_3_1_comp1,P_8_A_115_3_1_comp1,R_8_A_115_3_1,TCDB,TCDB.8_A_115_3_1_comp1
G_1_B_33_4_8_comp1,P_1_B_33_4_8_comp1,R_1_B_33_4_8,TCDB,TCDB.1_B_33_4_8_comp1
G_1_B_2_1_8_comp1,P_1_B_2_1_8_comp1,R_1_B_2_1_8,TCDB,TCDB.1_B_2_1_8_comp1
G_4_D_3_1_13_comp1,P_4_D_3_1_13_comp1,R_4_D_3_1_13,TCDB,TCDB.4_D_3_1_13_comp1
G_9_B_118_1_3_comp1,P_9_B_118_1_3_comp1,R_9_B_118_1_3,TCDB,TCDB.9_B_118_1_3_comp1
G_8_A_201_2_2_comp1,P_8_A_201_2_2_comp1,R_8_A_201_2_2,TCDB,TCDB.8_A_201_2_2_comp1
G_9_B_258_1_5_comp1,P_9_B_258_1_5_comp1,R_9_B_258_1_5,TCDB,TCDB.9_B_258_1_5_comp1
G_9_B_309_1_4_comp1,P_9_B_309_1_4_comp1,R_9_B_309_1_4,TCDB,TCDB.9_B_309_1_4_comp1
G_9_B_344_2_2_comp1,P_9_B_344_2_2_comp1,R_9_B_344_2_2,TCDB,TCDB.9_B_344_2_2_comp1
G_9_B_217_2_2_comp1,P_9_B_217_2_2_comp1,R_9_B_217_2_2,TCDB,TCDB.9_B_217_2_2_comp1
G_9_B_332_1_3_comp1,P_9_B_332_1_3_comp1,R_9_B_332_1_3,TCDB,TCDB.9_B_332_1_3_comp1
G_9_A_24_4_7_comp1,P_9_A_24_4_7_comp1,R_9_A_24_4_7,TCDB,TCDB.9_A_24_4_7_comp1
G_9_B_271_1_3_comp1,P_9_B_271_1_3_comp1,R_9_B_271_1_3,TCDB,TCDB.9_B_271_1_3_comp1
G_8_A_147_1_2_comp1,P_8_A_147_1_2_comp1,R_8_A_147_1_2,TCDB,TCDB.8_A_147_1_2_comp1
G_9_B_105_4_3_comp1,P_9_B_105_4_3_comp1,R_9_B_105_4_3,TCDB,TCDB.9_B_105_4_3_comp1
G_9_A_74_1_6_comp1,P_9_A_74_1_6_comp1,R_9_A_74_1_6,TCDB,TCDB.9_A_74_1_6_comp1
G_9_B_240_1_5_comp1,P_9_B_240_1_5_comp1,R_9_B_240_1_5,TCDB,TCDB.9_B_240_1_5_comp1
G_9_B_364_1_4_comp1,P_9_B_364_1_4_comp1,R_9_B_364_1_4,TCDB,TCDB.9_B_364_1_4_comp1
G_9_B_36_5_1_comp1,P_9_B_36_5_1_comp1,R_9_B_36_5_1,TCDB,TCDB.9_B_36_5_1_comp1
G_8_A_128_4_5_comp1,P_8_A_128_4_5_comp1,R_8_A_128_4_5,TCDB,TCDB.8_A_128_4_5_comp1
G_2_A_62_1_7_comp1,P_2_A_62_1_7_comp1,R_2_A_62_1_7,TCDB,TCDB.2_A_62_1_7_comp1
G_9_B_397_1_1_comp1,P_9_B_397_1_1_comp1,R_9_B_397_1_1,TCDB,TCDB.9_B_397_1_1_comp1
G_1_B_89_1_4_comp1,P_1_B_89_1_4_comp1,R_1_B_89_1_4,TCDB,TCDB.1_B_89_1_4_comp1
G_8_A_153_1_2_comp1,P_8_A_153_1_2_comp1,R_8_A_153_1_2,TCDB,TCDB.8_A_153_1_2_comp1
G_1_B_6_7_3_comp1,P_1_B_6_7_3_comp1,R_1_B_6_7_3,TCDB,TCDB.1_B_6_7_3_comp1
G_9_B_258_1_7_comp1,P_9_B_258_1_7_comp1,R_9_B_258_1_7,TCDB,TCDB.9_B_258_1_7_comp1
G_9_B_151_3_3_comp1,P_9_B_151_3_3_comp1,R_9_B_151_3_3,TCDB,TCDB.9_B_151_3_3_comp1
G_1_M_12_1_9_comp1,P_1_M_12_1_9_comp1,R_1_M_12_1_9,TCDB,TCDB.1_M_12_1_9_comp1
G_9_B_354_1_6_comp1,P_9_B_354_1_6_comp1,R_9_B_354_1_6,TCDB,TCDB.9_B_354_1_6_comp1
G_9_B_2_12_2_comp1,P_9_B_2_12_2_comp1,R_9_B_2_12_2,TCDB,TCDB.9_B_2_12_2_comp1
G_1_B_81_1_14_comp1,P_1_B_81_1_14_comp1,R_1_B_81_1_14,TCDB,TCDB.1_B_81_1_14_comp1
G_9_B_20_4_5_comp1,P_9_B_20_4_5_comp1,R_9_B_20_4_5,TCDB,TCDB.9_B_20_4_5_comp1
G_1_C_95_1_4_comp1,P_1_C_95_1_4_comp1,R_1_C_95_1_4,TCDB,TCDB.1_C_95_1_4_comp1
G_9_B_284_1_5_comp1,P_9_B_284_1_5_comp1,R_9_B_284_1_5,TCDB,TCDB.9_B_284_1_5_comp1
G_3_D_4_12_1_comp1,P_3_D_4_12_1_comp1+3_D_4_12_1_comp2,R_3_D_4_12_1,TCDB,TCDB.3_D_4_12_1_comp1
G_3_D_4_12_1_comp2,P_3_D_4_12_1_comp1+3_D_4_12_1_comp2,R_3_D_4_12_1,TCDB,TCDB.3_D_4_12_1_comp2
G_1_E_34_2_5_comp1,P_1_E_34_2_5_comp1,R_1_E_34_2_5,TCDB,TCDB.1_E_34_2_5_comp1
G_1_C_95_1_10_comp1,P_1_C_95_1_10_comp1,R_1_C_95_1_10,TCDB,TCDB.1_C_95_1_10_comp1
G_9_B_283_3_1_comp1,P_9_B_283_3_1_comp1,R_9_B_283_3_1,TCDB,TCDB.9_B_283_3_1_comp1
G_9_B_415_1_2_comp1,P_9_B_415_1_2_comp1,R_9_B_415_1_2,TCDB,TCDB.9_B_415_1_2_comp1
G_9_B_258_1_2_comp1,P_9_B_258_1_2_comp1,R_9_B_258_1_2,TCDB,TCDB.9_B_258_1_2_comp1
G_1_E_65_1_3_comp1,P_1_E_65_1_3_comp1,R_1_E_65_1_3,TCDB,TCDB.1_E_65_1_3_comp1
G_2_A_133_2_4_comp1,P_2_A_133_2_4_comp1,R_2_A_133_2_4,TCDB,TCDB.2_A_133_2_4_comp1
G_2_C_1_3_5_comp1,P_2_C_1_3_5_comp1,R_2_C_1_3_5,TCDB,TCDB.2_C_1_3_5_comp1
G_9_A_24_4_8_comp1,P_9_A_24_4_8_comp1,R_9_A_24_4_8,TCDB,TCDB.9_A_24_4_8_comp1
G_9_B_271_1_1_comp1,P_9_B_271_1_1_comp1,R_9_B_271_1_1,TCDB,TCDB.9_B_271_1_1_comp1
G_8_A_128_2_4_comp1,P_8_A_128_2_4_comp1,R_8_A_128_2_4,TCDB,TCDB.8_A_128_2_4_comp1
G_1_C_1_3_7_comp1,P_1_C_1_3_7_comp1,R_1_C_1_3_7,TCDB,TCDB.1_C_1_3_7_comp1
G_1_M_13_1_3_comp1,P_1_M_13_1_3_comp1,R_1_M_13_1_3,TCDB,TCDB.1_M_13_1_3_comp1
G_1_B_6_4_3_comp1,P_1_B_6_4_3_comp1,R_1_B_6_4_3,TCDB,TCDB.1_B_6_4_3_comp1
G_1_C_53_2_1_comp1,P_1_C_53_2_1_comp1,R_1_C_53_2_1,TCDB,TCDB.1_C_53_2_1_comp1
G_9_B_354_2_6_comp1,P_9_B_354_2_6_comp1,R_9_B_354_2_6,TCDB,TCDB.9_B_354_2_6_comp1
G_1_B_14_19_2_comp1,P_1_B_14_19_2_comp1,R_1_B_14_19_2,TCDB,TCDB.1_B_14_19_2_comp1
G_1_B_14_6_15_comp1,P_1_B_14_6_15_comp1,R_1_B_14_6_15,TCDB,TCDB.1_B_14_6_15_comp1
G_2_A_1_86_4_comp1,P_2_A_1_86_4_comp1,R_2_A_1_86_4,TCDB,TCDB.2_A_1_86_4_comp1
G_9_B_110_1_2_comp1,P_9_B_110_1_2_comp1,R_9_B_110_1_2,TCDB,TCDB.9_B_110_1_2_comp1
G_8_A_223_1_2_comp1,P_8_A_223_1_2_comp1,R_8_A_223_1_2,TCDB,TCDB.8_A_223_1_2_comp1
G_9_B_259_1_3_comp1,P_9_B_259_1_3_comp1,R_9_B_259_1_3,TCDB,TCDB.9_B_259_1_3_comp1
G_9_B_306_2_5_comp1,P_9_B_306_2_5_comp1,R_9_B_306_2_5,TCDB,TCDB.9_B_306_2_5_comp1
G_9_B_274_1_2_comp1,P_9_B_274_1_2_comp1,R_9_B_274_1_2,TCDB,TCDB.9_B_274_1_2_comp1
G_9_B_430_1_4_comp1,P_9_B_430_1_4_comp1,R_9_B_430_1_4,TCDB,TCDB.9_B_430_1_4_comp1
G_2_A_1_3_81_comp1,P_2_A_1_3_81_comp1,R_2_A_1_3_81,TCDB,TCDB.2_A_1_3_81_comp1
G_1_B_21_1_4_comp1,P_1_B_21_1_4_comp1,R_1_B_21_1_4,TCDB,TCDB.1_B_21_1_4_comp1
G_1_C_58_1_6_comp1,P_1_C_58_1_6_comp1,R_1_C_58_1_6,TCDB,TCDB.1_C_58_1_6_comp1
G_8_A_95_1_6_comp1,P_8_A_95_1_6_comp1,R_8_A_95_1_6,TCDB,TCDB.8_A_95_1_6_comp1
G_9_B_29_2_18_comp1,P_9_B_29_2_18_comp1,R_9_B_29_2_18,TCDB,TCDB.9_B_29_2_18_comp1
G_1_M_1_4_16_comp1,P_1_M_1_4_16_comp1,R_1_M_1_4_16,TCDB,TCDB.1_M_1_4_16_comp1
G_1_C_60_1_9_comp1,P_1_C_60_1_9_comp1,R_1_C_60_1_9,TCDB,TCDB.1_C_60_1_9_comp1
G_1_W_9_1_15_comp1,P_1_W_9_1_15_comp1,R_1_W_9_1_15,TCDB,TCDB.1_W_9_1_15_comp1
G_9_B_121_5_3_comp1,P_9_B_121_5_3_comp1,R_9_B_121_5_3,TCDB,TCDB.9_B_121_5_3_comp1
G_9_B_2_10_1_comp1,P_9_B_2_10_1_comp1,R_9_B_2_10_1,TCDB,TCDB.9_B_2_10_1_comp1
G_1_B_92_1_6_comp1,P_1_B_92_1_6_comp1,R_1_B_92_1_6,TCDB,TCDB.1_B_92_1_6_comp1
G_2_A_96_1_8_comp1,P_2_A_96_1_8_comp1,R_2_A_96_1_8,TCDB,TCDB.2_A_96_1_8_comp1
G_9_B_142_9_17_comp1,P_9_B_142_9_17_comp1,R_9_B_142_9_17,TCDB,TCDB.9_B_142_9_17_comp1
G_9_B_249_1_4_comp1,P_9_B_249_1_4_comp1,R_9_B_249_1_4,TCDB,TCDB.9_B_249_1_4_comp1
G_8_A_99_1_4_comp1,P_8_A_99_1_4_comp1,R_8_A_99_1_4,TCDB,TCDB.8_A_99_1_4_comp1
G_9_B_395_2_1_comp1,P_9_B_395_2_1_comp1,R_9_B_395_2_1,TCDB,TCDB.9_B_395_2_1_comp1
G_1_E_23_1_4_comp1,P_1_E_23_1_4_comp1,R_1_E_23_1_4,TCDB,TCDB.1_E_23_1_4_comp1
G_3_A_1_125_9_comp1,P_3_A_1_125_9_comp1,R_3_A_1_125_9,TCDB,TCDB.3_A_1_125_9_comp1
G_9_B_36_11_3_comp1,P_9_B_36_11_3_comp1,R_9_B_36_11_3,TCDB,TCDB.9_B_36_11_3_comp1
G_9_B_370_1_1_comp1,P_9_B_370_1_1_comp1,R_9_B_370_1_1,TCDB,TCDB.9_B_370_1_1_comp1
G_9_B_257_3_3_comp1,P_9_B_257_3_3_comp1,R_9_B_257_3_3,TCDB,TCDB.9_B_257_3_3_comp1
G_2_A_7_42_5_comp1,P_2_A_7_42_5_comp1,R_2_A_7_42_5,TCDB,TCDB.2_A_7_42_5_comp1
G_2_A_1_34_2_comp1,P_2_A_1_34_2_comp1,R_2_A_1_34_2,TCDB,TCDB.2_A_1_34_2_comp1
G_9_B_142_16_5_comp1,P_9_B_142_16_5_comp1,R_9_B_142_16_5,TCDB,TCDB.9_B_142_16_5_comp1
G_9_A_24_1_15_comp1,P_9_A_24_1_15_comp1,R_9_A_24_1_15,TCDB,TCDB.9_A_24_1_15_comp1
G_2_A_129_1_11_comp1,P_2_A_129_1_11_comp1,R_2_A_129_1_11,TCDB,TCDB.2_A_129_1_11_comp1
G_9_B_58_1_2_comp1,P_9_B_58_1_2_comp1,R_9_B_58_1_2,TCDB,TCDB.9_B_58_1_2_comp1
G_9_B_264_1_7_comp1,P_9_B_264_1_7_comp1,R_9_B_264_1_7,TCDB,TCDB.9_B_264_1_7_comp1
G_9_B_370_1_7_comp1,P_9_B_370_1_7_comp1,R_9_B_370_1_7,TCDB,TCDB.9_B_370_1_7_comp1
G_9_B_393_1_2_comp1,P_9_B_393_1_2_comp1,R_9_B_393_1_2,TCDB,TCDB.9_B_393_1_2_comp1
G_2_A_1_70_6_comp1,P_2_A_1_70_6_comp1,R_2_A_1_70_6,TCDB,TCDB.2_A_1_70_6_comp1
G_9_B_221_2_3_comp1,P_9_B_221_2_3_comp1,R_9_B_221_2_3,TCDB,TCDB.9_B_221_2_3_comp1
G_1_B_93_1_12_comp1,P_1_B_93_1_12_comp1,R_1_B_93_1_12,TCDB,TCDB.1_B_93_1_12_comp1
G_2_A_132_1_3_comp1,P_2_A_132_1_3_comp1,R_2_A_132_1_3,TCDB,TCDB.2_A_132_1_3_comp1
G_1_E_66_1_12_comp1,P_1_E_66_1_12_comp1,R_1_E_66_1_12,TCDB,TCDB.1_E_66_1_12_comp1
G_9_B_263_2_3_comp1,P_9_B_263_2_3_comp1,R_9_B_263_2_3,TCDB,TCDB.9_B_263_2_3_comp1
G_1_C_53_1_5_comp1,P_1_C_53_1_5_comp1,R_1_C_53_1_5,TCDB,TCDB.1_C_53_1_5_comp1
G_9_B_219_1_3_comp1,P_9_B_219_1_3_comp1,R_9_B_219_1_3,TCDB,TCDB.9_B_219_1_3_comp1
G_2_A_32_1_14_comp1,P_2_A_32_1_14_comp1,R_2_A_32_1_14,TCDB,TCDB.2_A_32_1_14_comp1
G_2_A_7_41_3_comp1,P_2_A_7_41_3_comp1,R_2_A_7_41_3,TCDB,TCDB.2_A_7_41_3_comp1
G_9_B_284_1_8_comp1,P_9_B_284_1_8_comp1,R_9_B_284_1_8,TCDB,TCDB.9_B_284_1_8_comp1
G_9_B_143_3_3_comp1,P_9_B_143_3_3_comp1,R_9_B_143_3_3,TCDB,TCDB.9_B_143_3_3_comp1
G_9_B_143_3_6_comp1,P_9_B_143_3_6_comp1,R_9_B_143_3_6,TCDB,TCDB.9_B_143_3_6_comp1
G_1_M_1_3_9_comp1,P_1_M_1_3_9_comp1,R_1_M_1_3_9,TCDB,TCDB.1_M_1_3_9_comp1
G_1_C_96_2_4_comp1,P_1_C_96_2_4_comp1,R_1_C_96_2_4,TCDB,TCDB.1_C_96_2_4_comp1
G_1_C_137_6_3_comp1,P_1_C_137_6_3_comp1,R_1_C_137_6_3,TCDB,TCDB.1_C_137_6_3_comp1
G_9_B_258_2_2_comp1,P_9_B_258_2_2_comp1,R_9_B_258_2_2,TCDB,TCDB.9_B_258_2_2_comp1
G_1_C_7_1_2_comp1,P_1_C_7_1_2_comp1,R_1_C_7_1_2,TCDB,TCDB.1_C_7_1_2_comp1
G_9_B_319_1_1_comp1,P_9_B_319_1_1_comp1,R_9_B_319_1_1,TCDB,TCDB.9_B_319_1_1_comp1
G_9_B_43_1_2_comp1,P_9_B_43_1_2_comp1,R_9_B_43_1_2,TCDB,TCDB.9_B_43_1_2_comp1
G_2_A_66_12_10_comp1,P_2_A_66_12_10_comp1,R_2_A_66_12_10,TCDB,TCDB.2_A_66_12_10_comp1
G_9_B_218_2_1_comp1,P_9_B_218_2_1_comp1,R_9_B_218_2_1,TCDB,TCDB.9_B_218_2_1_comp1
G_9_B_115_3_1_comp1,P_9_B_115_3_1_comp1,R_9_B_115_3_1,TCDB,TCDB.9_B_115_3_1_comp1
G_8_A_123_2_1_comp1,P_8_A_123_2_1_comp1,R_8_A_123_2_1,TCDB,TCDB.8_A_123_2_1_comp1
G_9_B_97_7_6_comp1,P_9_B_97_7_6_comp1,R_9_B_97_7_6,TCDB,TCDB.9_B_97_7_6_comp1
G_1_E_22_3_3_comp1,P_1_E_22_3_3_comp1,R_1_E_22_3_3,TCDB,TCDB.1_E_22_3_3_comp1
G_9_B_36_8_1_comp1,P_9_B_36_8_1_comp1,R_9_B_36_8_1,TCDB,TCDB.9_B_36_8_1_comp1
G_1_E_65_1_6_comp1,P_1_E_65_1_6_comp1,R_1_E_65_1_6,TCDB,TCDB.1_E_65_1_6_comp1
G_2_A_1_68_3_comp1,P_2_A_1_68_3_comp1,R_2_A_1_68_3,TCDB,TCDB.2_A_1_68_3_comp1
G_9_B_14_4_6_comp1,P_9_B_14_4_6_comp1,R_9_B_14_4_6,TCDB,TCDB.9_B_14_4_6_comp1
G_1_S_1_1_5_comp1,P_1_S_1_1_5_comp1,R_1_S_1_1_5,TCDB,TCDB.1_S_1_1_5_comp1
G_4_C_3_1_16_comp1,P_4_C_3_1_16_comp1,R_4_C_3_1_16,TCDB,TCDB.4_C_3_1_16_comp1
G_3_A_1_155_9_comp1,P_3_A_1_155_9_comp1,R_3_A_1_155_9,TCDB,TCDB.3_A_1_155_9_comp1
G_9_B_271_1_4_comp1,P_9_B_271_1_4_comp1,R_9_B_271_1_4,TCDB,TCDB.9_B_271_1_4_comp1
G_9_B_320_2_3_comp1,P_9_B_320_2_3_comp1,R_9_B_320_2_3,TCDB,TCDB.9_B_320_2_3_comp1
G_8_A_201_2_3_comp1,P_8_A_201_2_3_comp1,R_8_A_201_2_3,TCDB,TCDB.8_A_201_2_3_comp1
G_1_E_62_1_3_comp1,P_1_E_62_1_3_comp1,R_1_E_62_1_3,TCDB,TCDB.1_E_62_1_3_comp1
G_2_A_128_2_2_comp1,P_2_A_128_2_2_comp1,R_2_A_128_2_2,TCDB,TCDB.2_A_128_2_2_comp1
G_9_B_285_1_4_comp1,P_9_B_285_1_4_comp1,R_9_B_285_1_4,TCDB,TCDB.9_B_285_1_4_comp1
G_1_E_66_1_17_comp1,P_1_E_66_1_17_comp1,R_1_E_66_1_17,TCDB,TCDB.1_E_66_1_17_comp1
G_1_W_7_7_6_comp1,P_1_W_7_7_6_comp1,R_1_W_7_7_6,TCDB,TCDB.1_W_7_7_6_comp1
G_1_C_58_1_7_comp1,P_1_C_58_1_7_comp1,R_1_C_58_1_7,TCDB,TCDB.1_C_58_1_7_comp1
G_9_B_271_1_5_comp1,P_9_B_271_1_5_comp1,R_9_B_271_1_5,TCDB,TCDB.9_B_271_1_5_comp1
G_9_B_142_19_1_comp1,P_9_B_142_19_1_comp1,R_9_B_142_19_1,TCDB,TCDB.9_B_142_19_1_comp1
G_2_A_128_2_4_comp1,P_2_A_128_2_4_comp1,R_2_A_128_2_4,TCDB,TCDB.2_A_128_2_4_comp1
G_2_A_134_3_1_comp1,P_2_A_134_3_1_comp1,R_2_A_134_3_1,TCDB,TCDB.2_A_134_3_1_comp1
G_8_B_18_1_5_comp1,P_8_B_18_1_5_comp1,R_8_B_18_1_5,TCDB,TCDB.8_B_18_1_5_comp1
G_1_E_66_4_2_comp1,P_1_E_66_4_2_comp1,R_1_E_66_4_2,TCDB,TCDB.1_E_66_4_2_comp1
G_9_B_415_1_3_comp1,P_9_B_415_1_3_comp1,R_9_B_415_1_3,TCDB,TCDB.9_B_415_1_3_comp1
G_9_B_111_1_3_comp1,P_9_B_111_1_3_comp1,R_9_B_111_1_3,TCDB,TCDB.9_B_111_1_3_comp1
G_9_B_241_1_2_comp1,P_9_B_241_1_2_comp1,R_9_B_241_1_2,TCDB,TCDB.9_B_241_1_2_comp1
G_9_B_285_1_5_comp1,P_9_B_285_1_5_comp1,R_9_B_285_1_5,TCDB,TCDB.9_B_285_1_5_comp1
G_2_A_131_1_4_comp1,P_2_A_131_1_4_comp1,R_2_A_131_1_4,TCDB,TCDB.2_A_131_1_4_comp1
G_8_A_1_3_5_comp1,P_8_A_1_3_5_comp1,R_8_A_1_3_5,TCDB,TCDB.8_A_1_3_5_comp1
G_1_W_7_2_1_comp1,P_1_W_7_2_1_comp1,R_1_W_7_2_1,TCDB,TCDB.1_W_7_2_1_comp1
G_9_B_29_2_19_comp1,P_9_B_29_2_19_comp1,R_9_B_29_2_19,TCDB,TCDB.9_B_29_2_19_comp1
G_9_B_319_1_4_comp1,P_9_B_319_1_4_comp1,R_9_B_319_1_4,TCDB,TCDB.9_B_319_1_4_comp1
G_1_W_3_1_9_comp1,P_1_W_3_1_9_comp1,R_1_W_3_1_9,TCDB,TCDB.1_W_3_1_9_comp1
G_9_B_370_1_2_comp1,P_9_B_370_1_2_comp1,R_9_B_370_1_2,TCDB,TCDB.9_B_370_1_2_comp1
G_1_C_96_3_1_comp1,P_1_C_96_3_1_comp1,R_1_C_96_3_1,TCDB,TCDB.1_C_96_3_1_comp1
G_9_B_142_11_7_comp1,P_9_B_142_11_7_comp1,R_9_B_142_11_7,TCDB,TCDB.9_B_142_11_7_comp1
G_9_B_219_3_3_comp1,P_9_B_219_3_3_comp1,R_9_B_219_3_3,TCDB,TCDB.9_B_219_3_3_comp1
G_1_E_66_4_3_comp1,P_1_E_66_4_3_comp1,R_1_E_66_4_3,TCDB,TCDB.1_E_66_4_3_comp1
G_1_W_7_8_3_comp1,P_1_W_7_8_3_comp1,R_1_W_7_8_3,TCDB,TCDB.1_W_7_8_3_comp1
G_9_B_357_1_3_comp1,P_9_B_357_1_3_comp1+9_B_357_1_3_comp2,R_9_B_357_1_3,TCDB,TCDB.9_B_357_1_3_comp1
G_9_B_357_1_3_comp2,P_9_B_357_1_3_comp1+9_B_357_1_3_comp2,R_9_B_357_1_3,TCDB,TCDB.9_B_357_1_3_comp2
G_8_A_128_6_3_comp1,P_8_A_128_6_3_comp1,R_8_A_128_6_3,TCDB,TCDB.8_A_128_6_3_comp1
G_3_A_1_210_17_comp1,P_3_A_1_210_17_comp1,R_3_A_1_210_17,TCDB,TCDB.3_A_1_210_17_comp1
G_3_A_1_210_16_comp1,P_3_A_1_210_16_comp1,R_3_A_1_210_16,TCDB,TCDB.3_A_1_210_16_comp1
G_9_B_142_16_6_comp1,P_9_B_142_16_6_comp1,R_9_B_142_16_6,TCDB,TCDB.9_B_142_16_6_comp1
G_9_B_214_2_4_comp1,P_9_B_214_2_4_comp1,R_9_B_214_2_4,TCDB,TCDB.9_B_214_2_4_comp1
G_9_B_250_1_5_comp1,P_9_B_250_1_5_comp1,R_9_B_250_1_5,TCDB,TCDB.9_B_250_1_5_comp1
G_9_B_284_1_1_comp1,P_9_B_284_1_1_comp1,R_9_B_284_1_1,TCDB,TCDB.9_B_284_1_1_comp1
G_8_A_212_1_1_comp1,P_8_A_212_1_1_comp1,R_8_A_212_1_1,TCDB,TCDB.8_A_212_1_1_comp1
G_1_E_25_2_3_comp1,P_1_E_25_2_3_comp1,R_1_E_25_2_3,TCDB,TCDB.1_E_25_2_3_comp1
G_1_W_1_1_8_comp1,P_1_W_1_1_8_comp1,R_1_W_1_1_8,TCDB,TCDB.1_W_1_1_8_comp1
G_9_B_292_1_2_comp1,P_9_B_292_1_2_comp1,R_9_B_292_1_2,TCDB,TCDB.9_B_292_1_2_comp1
G_2_A_1_34_3_comp1,P_2_A_1_34_3_comp1,R_2_A_1_34_3,TCDB,TCDB.2_A_1_34_3_comp1
G_1_B_164_1_2_comp1,P_1_B_164_1_2_comp1,R_1_B_164_1_2,TCDB,TCDB.1_B_164_1_2_comp1
G_9_B_258_2_1_comp1,P_9_B_258_2_1_comp1,R_9_B_258_2_1,TCDB,TCDB.9_B_258_2_1_comp1
G_9_B_274_1_3_comp1,P_9_B_274_1_3_comp1,R_9_B_274_1_3,TCDB,TCDB.9_B_274_1_3_comp1
G_9_B_148_4_9_comp1,P_9_B_148_4_9_comp1,R_9_B_148_4_9,TCDB,TCDB.9_B_148_4_9_comp1
G_9_B_142_2_15_comp1,P_9_B_142_2_15_comp1,R_9_B_142_2_15,TCDB,TCDB.9_B_142_2_15_comp1
G_2_A_10_1_4_comp1,P_2_A_10_1_4_comp1,R_2_A_10_1_4,TCDB,TCDB.2_A_10_1_4_comp1
G_2_A_7_41_4_comp1,P_2_A_7_41_4_comp1,R_2_A_7_41_4,TCDB,TCDB.2_A_7_41_4_comp1
G_9_B_274_1_1_comp1,P_9_B_274_1_1_comp1,R_9_B_274_1_1,TCDB,TCDB.9_B_274_1_1_comp1
G_9_B_394_1_2_comp1,P_9_B_394_1_2_comp1,R_9_B_394_1_2,TCDB,TCDB.9_B_394_1_2_comp1
G_9_B_159_1_2_comp1,P_9_B_159_1_2_comp1,R_9_B_159_1_2,TCDB,TCDB.9_B_159_1_2_comp1
G_1_M_2_2_3_comp1,P_1_M_2_2_3_comp1,R_1_M_2_2_3,TCDB,TCDB.1_M_2_2_3_comp1
G_9_B_36_6_2_comp1,P_9_B_36_6_2_comp1,R_9_B_36_6_2,TCDB,TCDB.9_B_36_6_2_comp1
G_9_B_142_5_4_comp1,P_9_B_142_5_4_comp1,R_9_B_142_5_4,TCDB,TCDB.9_B_142_5_4_comp1
G_2_A_7_44_7_comp1,P_2_A_7_44_7_comp1,R_2_A_7_44_7,TCDB,TCDB.2_A_7_44_7_comp1
G_9_B_110_2_2_comp1,P_9_B_110_2_2_comp1,R_9_B_110_2_2,TCDB,TCDB.9_B_110_2_2_comp1
G_9_A_32_1_6_comp1,P_9_A_32_1_6_comp1,R_9_A_32_1_6,TCDB,TCDB.9_A_32_1_6_comp1
G_9_A_22_1_6_comp1,P_9_A_22_1_6_comp1,R_9_A_22_1_6,TCDB,TCDB.9_A_22_1_6_comp1
G_9_B_354_1_4_comp1,P_9_B_354_1_4_comp1,R_9_B_354_1_4,TCDB,TCDB.9_B_354_1_4_comp1
G_9_B_36_1_5_comp1,P_9_B_36_1_5_comp1,R_9_B_36_1_5,TCDB,TCDB.9_B_36_1_5_comp1
G_1_E_40_5_2_comp1,P_1_E_40_5_2_comp1,R_1_E_40_5_2,TCDB,TCDB.1_E_40_5_2_comp1
G_9_A_7_1_3_comp1,P_9_A_7_1_3_comp1,R_9_A_7_1_3,TCDB,TCDB.9_A_7_1_3_comp1
G_1_M_15_1_6_comp1,P_1_M_15_1_6_comp1,R_1_M_15_1_6,TCDB,TCDB.1_M_15_1_6_comp1
G_9_B_371_1_5_comp1,P_9_B_371_1_5_comp1,R_9_B_371_1_5,TCDB,TCDB.9_B_371_1_5_comp1
G_9_B_285_1_6_comp1,P_9_B_285_1_6_comp1,R_9_B_285_1_6,TCDB,TCDB.9_B_285_1_6_comp1
G_9_B_273_1_1_comp1,P_9_B_273_1_1_comp1,R_9_B_273_1_1,TCDB,TCDB.9_B_273_1_1_comp1
G_9_B_283_3_2_comp1,P_9_B_283_3_2_comp1,R_9_B_283_3_2,TCDB,TCDB.9_B_283_3_2_comp1
G_1_E_39_1_5_comp1,P_1_E_39_1_5_comp1,R_1_E_39_1_5,TCDB,TCDB.1_E_39_1_5_comp1
G_1_C_96_1_4_comp1,P_1_C_96_1_4_comp1,R_1_C_96_1_4,TCDB,TCDB.1_C_96_1_4_comp1
G_9_B_299_1_3_comp1,P_9_B_299_1_3_comp1,R_9_B_299_1_3,TCDB,TCDB.9_B_299_1_3_comp1
G_9_B_418_1_5_comp1,P_9_B_418_1_5_comp1,R_9_B_418_1_5,TCDB,TCDB.9_B_418_1_5_comp1
G_2_A_99_1_5_comp1,P_2_A_99_1_5_comp1,R_2_A_99_1_5,TCDB,TCDB.2_A_99_1_5_comp1
G_1_A_133_1_4_comp1,P_1_A_133_1_4_comp1,R_1_A_133_1_4,TCDB,TCDB.1_A_133_1_4_comp1
G_2_A_66_2_30_comp1,P_2_A_66_2_30_comp1,R_2_A_66_2_30,TCDB,TCDB.2_A_66_2_30_comp1
G_9_B_210_1_10_comp1,P_9_B_210_1_10_comp1,R_9_B_210_1_10,TCDB,TCDB.9_B_210_1_10_comp1
G_9_B_403_1_3_comp1,P_9_B_403_1_3_comp1,R_9_B_403_1_3,TCDB,TCDB.9_B_403_1_3_comp1
G_1_C_60_1_8_comp1,P_1_C_60_1_8_comp1,R_1_C_60_1_8,TCDB,TCDB.1_C_60_1_8_comp1
G_9_B_407_1_2_comp1,P_9_B_407_1_2_comp1,R_9_B_407_1_2,TCDB,TCDB.9_B_407_1_2_comp1
G_2_A_1_17_4_comp1,P_2_A_1_17_4_comp1,R_2_A_1_17_4,TCDB,TCDB.2_A_1_17_4_comp1
G_1_B_21_2_4_comp1,P_1_B_21_2_4_comp1,R_1_B_21_2_4,TCDB,TCDB.1_B_21_2_4_comp1
G_9_B_401_1_1_comp1,P_9_B_401_1_1_comp1,R_9_B_401_1_1,TCDB,TCDB.9_B_401_1_1_comp1
G_9_B_210_2_2_comp1,P_9_B_210_2_2_comp1,R_9_B_210_2_2,TCDB,TCDB.9_B_210_2_2_comp1
G_1_C_14_1_5_comp1,P_1_C_14_1_5_comp1,R_1_C_14_1_5,TCDB,TCDB.1_C_14_1_5_comp1
G_1_W_1_1_7_comp1,P_1_W_1_1_7_comp1,R_1_W_1_1_7,TCDB,TCDB.1_W_1_1_7_comp1
G_1_B_59_1_18_comp1,P_1_B_59_1_18_comp1,R_1_B_59_1_18,TCDB,TCDB.1_B_59_1_18_comp1
G_9_B_283_3_3_comp1,P_9_B_283_3_3_comp1,R_9_B_283_3_3,TCDB,TCDB.9_B_283_3_3_comp1
G_9_B_217_1_7_comp1,P_9_B_217_1_7_comp1,R_9_B_217_1_7,TCDB,TCDB.9_B_217_1_7_comp1
G_2_C_1_3_7_comp1,P_2_C_1_3_7_comp1,R_2_C_1_3_7,TCDB,TCDB.2_C_1_3_7_comp1
G_1_E_66_2_1_comp1,P_1_E_66_2_1_comp1,R_1_E_66_2_1,TCDB,TCDB.1_E_66_2_1_comp1
G_1_E_5_4_4_comp1,P_1_E_5_4_4_comp1,R_1_E_5_4_4,TCDB,TCDB.1_E_5_4_4_comp1
G_1_W_3_1_2_comp1,P_1_W_3_1_2_comp1,R_1_W_3_1_2,TCDB,TCDB.1_W_3_1_2_comp1
G_9_B_237_1_3_comp1,P_9_B_237_1_3_comp1,R_9_B_237_1_3,TCDB,TCDB.9_B_237_1_3_comp1
G_2_A_102_7_1_comp1,P_2_A_102_7_1_comp1,R_2_A_102_7_1,TCDB,TCDB.2_A_102_7_1_comp1
G_4_H_1_2_2_comp1,P_4_H_1_2_2_comp1,R_4_H_1_2_2,TCDB,TCDB.4_H_1_2_2_comp1
G_1_E_40_4_4_comp1,P_1_E_40_4_4_comp1,R_1_E_40_4_4,TCDB,TCDB.1_E_40_4_4_comp1
G_9_B_111_1_4_comp1,P_9_B_111_1_4_comp1,R_9_B_111_1_4,TCDB,TCDB.9_B_111_1_4_comp1
G_1_B_34_1_7_comp1,P_1_B_34_1_7_comp1,R_1_B_34_1_7,TCDB,TCDB.1_B_34_1_7_comp1
G_8_A_174_1_3_comp1,P_8_A_174_1_3_comp1,R_8_A_174_1_3,TCDB,TCDB.8_A_174_1_3_comp1
G_9_B_97_8_4_comp1,P_9_B_97_8_4_comp1,R_9_B_97_8_4,TCDB,TCDB.9_B_97_8_4_comp1
G_1_C_14_1_6_comp1,P_1_C_14_1_6_comp1,R_1_C_14_1_6,TCDB,TCDB.1_C_14_1_6_comp1
G_9_B_283_2_2_comp1,P_9_B_283_2_2_comp1,R_9_B_283_2_2,TCDB,TCDB.9_B_283_2_2_comp1
G_9_A_74_1_5_comp1,P_9_A_74_1_5_comp1,R_9_A_74_1_5,TCDB,TCDB.9_A_74_1_5_comp1
G_1_A_1_21_3_comp1,P_1_A_1_21_3_comp1,R_1_A_1_21_3,TCDB,TCDB.1_A_1_21_3_comp1
G_9_A_24_4_10_comp1,P_9_A_24_4_10_comp1,R_9_A_24_4_10,TCDB,TCDB.9_A_24_4_10_comp1
G_2_A_96_1_9_comp1,P_2_A_96_1_9_comp1,R_2_A_96_1_9,TCDB,TCDB.2_A_96_1_9_comp1
G_9_B_105_4_2_comp1,P_9_B_105_4_2_comp1,R_9_B_105_4_2,TCDB,TCDB.9_B_105_4_2_comp1
G_1_W_3_2_2_comp1,P_1_W_3_2_2_comp1,R_1_W_3_2_2,TCDB,TCDB.1_W_3_2_2_comp1
G_9_B_28_8_1_comp1,P_9_B_28_8_1_comp1,R_9_B_28_8_1,TCDB,TCDB.9_B_28_8_1_comp1
G_9_B_2_10_3_comp1,P_9_B_2_10_3_comp1,R_9_B_2_10_3,TCDB,TCDB.9_B_2_10_3_comp1
G_9_B_299_1_2_comp1,P_9_B_299_1_2_comp1,R_9_B_299_1_2,TCDB,TCDB.9_B_299_1_2_comp1
G_9_B_2_10_5_comp1,P_9_B_2_10_5_comp1,R_9_B_2_10_5,TCDB,TCDB.9_B_2_10_5_comp1
G_9_B_217_2_4_comp1,P_9_B_217_2_4_comp1,R_9_B_217_2_4,TCDB,TCDB.9_B_217_2_4_comp1
G_2_A_119_2_5_comp1,P_2_A_119_2_5_comp1,R_2_A_119_2_5,TCDB,TCDB.2_A_119_2_5_comp1
G_9_B_144_3_1_comp1,P_9_B_144_3_1_comp1,R_9_B_144_3_1,TCDB,TCDB.9_B_144_3_1_comp1
G_9_B_297_1_2_comp1,P_9_B_297_1_2_comp1,R_9_B_297_1_2,TCDB,TCDB.9_B_297_1_2_comp1
G_1_E_34_1_11_comp1,P_1_E_34_1_11_comp1,R_1_E_34_1_11,TCDB,TCDB.1_E_34_1_11_comp1
G_2_A_7_44_1_comp1,P_2_A_7_44_1_comp1,R_2_A_7_44_1,TCDB,TCDB.2_A_7_44_1_comp1
G_1_C_75_1_3_comp1,P_1_C_75_1_3_comp1,R_1_C_75_1_3,TCDB,TCDB.1_C_75_1_3_comp1
G_1_B_59_1_14_comp1,P_1_B_59_1_14_comp1,R_1_B_59_1_14,TCDB,TCDB.1_B_59_1_14_comp1
G_9_B_343_1_1_comp1,P_9_B_343_1_1_comp1,R_9_B_343_1_1,TCDB,TCDB.9_B_343_1_1_comp1
G_9_B_28_2_6_comp1,P_9_B_28_2_6_comp1,R_9_B_28_2_6,TCDB,TCDB.9_B_28_2_6_comp1
G_9_A_41_1_7_comp1,P_9_A_41_1_7_comp1,R_9_A_41_1_7,TCDB,TCDB.9_A_41_1_7_comp1
G_9_B_105_6_3_comp1,P_9_B_105_6_3_comp1,R_9_B_105_6_3,TCDB,TCDB.9_B_105_6_3_comp1
G_3_A_1_156_1_comp1,P_3_A_1_156_1_comp1+3_A_1_156_1_comp2,R_3_A_1_156_1,TCDB,TCDB.3_A_1_156_1_comp1
G_3_A_1_156_1_comp2,P_3_A_1_156_1_comp1+3_A_1_156_1_comp2,R_3_A_1_156_1,TCDB,TCDB.3_A_1_156_1_comp2
G_9_B_284_1_2_comp1,P_9_B_284_1_2_comp1,R_9_B_284_1_2,TCDB,TCDB.9_B_284_1_2_comp1
G_1_C_59_5_6_comp1,P_1_C_59_5_6_comp1,R_1_C_59_5_6,TCDB,TCDB.1_C_59_5_6_comp1
G_9_B_115_1_11_comp1,P_9_B_115_1_11_comp1,R_9_B_115_1_11,TCDB,TCDB.9_B_115_1_11_comp1
G_9_B_148_4_6_comp1,P_9_B_148_4_6_comp1,R_9_B_148_4_6,TCDB,TCDB.9_B_148_4_6_comp1
G_8_A_127_3_1_comp1,P_8_A_127_3_1_comp1,R_8_A_127_3_1,TCDB,TCDB.8_A_127_3_1_comp1
G_9_B_28_1_13_comp1,P_9_B_28_1_13_comp1,R_9_B_28_1_13,TCDB,TCDB.9_B_28_1_13_comp1
G_2_A_133_1_8_comp1,P_2_A_133_1_8_comp1,R_2_A_133_1_8,TCDB,TCDB.2_A_133_1_8_comp1
G_2_A_7_1_18_comp1,P_2_A_7_1_18_comp1,R_2_A_7_1_18,TCDB,TCDB.2_A_7_1_18_comp1
G_1_B_89_1_1_comp1,P_1_B_89_1_1_comp1,R_1_B_89_1_1,TCDB,TCDB.1_B_89_1_1_comp1
G_9_B_143_4_6_comp1,P_9_B_143_4_6_comp1,R_9_B_143_4_6,TCDB,TCDB.9_B_143_4_6_comp1
G_9_B_28_7_3_comp1,P_9_B_28_7_3_comp1,R_9_B_28_7_3,TCDB,TCDB.9_B_28_7_3_comp1
G_9_B_248_1_7_comp1,P_9_B_248_1_7_comp1,R_9_B_248_1_7,TCDB,TCDB.9_B_248_1_7_comp1
G_9_A_24_1_16_comp1,P_9_A_24_1_16_comp1,R_9_A_24_1_16,TCDB,TCDB.9_A_24_1_16_comp1
G_9_B_252_3_7_comp1,P_9_B_252_3_7_comp1,R_9_B_252_3_7,TCDB,TCDB.9_B_252_3_7_comp1
G_1_C_58_1_5_comp1,P_1_C_58_1_5_comp1,R_1_C_58_1_5,TCDB,TCDB.1_C_58_1_5_comp1
G_9_B_142_16_3_comp1,P_9_B_142_16_3_comp1,R_9_B_142_16_3,TCDB,TCDB.9_B_142_16_3_comp1
G_2_A_7_42_2_comp1,P_2_A_7_42_2_comp1,R_2_A_7_42_2,TCDB,TCDB.2_A_7_42_2_comp1
G_9_B_250_1_4_comp1,P_9_B_250_1_4_comp1,R_9_B_250_1_4,TCDB,TCDB.9_B_250_1_4_comp1
G_9_B_429_1_4_comp1,P_9_B_429_1_4_comp1,R_9_B_429_1_4,TCDB,TCDB.9_B_429_1_4_comp1
G_9_B_104_6_3_comp1,P_9_B_104_6_3_comp1,R_9_B_104_6_3,TCDB,TCDB.9_B_104_6_3_comp1
G_9_B_297_4_3_comp1,P_9_B_297_4_3_comp1,R_9_B_297_4_3,TCDB,TCDB.9_B_297_4_3_comp1
G_9_B_105_2_4_comp1,P_9_B_105_2_4_comp1,R_9_B_105_2_4,TCDB,TCDB.9_B_105_2_4_comp1
G_9_B_143_4_5_comp1,P_9_B_143_4_5_comp1,R_9_B_143_4_5,TCDB,TCDB.9_B_143_4_5_comp1
G_9_B_142_17_3_comp1,P_9_B_142_17_3_comp1,R_9_B_142_17_3,TCDB,TCDB.9_B_142_17_3_comp1
G_2_A_1_71_3_comp1,P_2_A_1_71_3_comp1,R_2_A_1_71_3,TCDB,TCDB.2_A_1_71_3_comp1
G_9_B_142_16_9_comp1,P_9_B_142_16_9_comp1,R_9_B_142_16_9,TCDB,TCDB.9_B_142_16_9_comp1
G_1_E_5_4_2_comp1,P_1_E_5_4_2_comp1,R_1_E_5_4_2,TCDB,TCDB.1_E_5_4_2_comp1
G_9_B_225_1_2_comp1,P_9_B_225_1_2_comp1,R_9_B_225_1_2,TCDB,TCDB.9_B_225_1_2_comp1
G_9_B_118_1_5_comp1,P_9_B_118_1_5_comp1,R_9_B_118_1_5,TCDB,TCDB.9_B_118_1_5_comp1
G_1_C_59_5_9_comp1,P_1_C_59_5_9_comp1,R_1_C_59_5_9,TCDB,TCDB.1_C_59_5_9_comp1
G_9_B_219_1_5_comp1,P_9_B_219_1_5_comp1,R_9_B_219_1_5,TCDB,TCDB.9_B_219_1_5_comp1
G_9_B_225_1_8_comp1,P_9_B_225_1_8_comp1,R_9_B_225_1_8,TCDB,TCDB.9_B_225_1_8_comp1
G_9_B_240_1_7_comp1,P_9_B_240_1_7_comp1,R_9_B_240_1_7,TCDB,TCDB.9_B_240_1_7_comp1
G_1_M_1_4_3_comp1,P_1_M_1_4_3_comp1,R_1_M_1_4_3,TCDB,TCDB.1_M_1_4_3_comp1
G_1_E_64_3_8_comp1,P_1_E_64_3_8_comp1,R_1_E_64_3_8,TCDB,TCDB.1_E_64_3_8_comp1
G_4_H_1_1_9_comp1,P_4_H_1_1_9_comp1,R_4_H_1_1_9,TCDB,TCDB.4_H_1_1_9_comp1
G_9_B_28_7_1_comp1,P_9_B_28_7_1_comp1,R_9_B_28_7_1,TCDB,TCDB.9_B_28_7_1_comp1
G_1_E_19_5_2_comp1,P_1_E_19_5_2_comp1,R_1_E_19_5_2,TCDB,TCDB.1_E_19_5_2_comp1
G_9_B_148_4_1_comp1,P_9_B_148_4_1_comp1,R_9_B_148_4_1,TCDB,TCDB.9_B_148_4_1_comp1
G_1_C_53_1_6_comp1,P_1_C_53_1_6_comp1,R_1_C_53_1_6,TCDB,TCDB.1_C_53_1_6_comp1
G_2_A_7_3_78_comp1,P_2_A_7_3_78_comp1,R_2_A_7_3_78,TCDB,TCDB.2_A_7_3_78_comp1
G_2_A_7_3_77_comp1,P_2_A_7_3_77_comp1,R_2_A_7_3_77,TCDB,TCDB.2_A_7_3_77_comp1
G_3_E_1_6_11_comp1,P_3_E_1_6_11_comp1,R_3_E_1_6_11,TCDB,TCDB.3_E_1_6_11_comp1
G_3_E_1_6_10_comp1,P_3_E_1_6_10_comp1,R_3_E_1_6_10,TCDB,TCDB.3_E_1_6_10_comp1
G_1_E_2_4_3_comp1,P_1_E_2_4_3_comp1,R_1_E_2_4_3,TCDB,TCDB.1_E_2_4_3_comp1
G_9_B_2_1_28_comp1,P_9_B_2_1_28_comp1,R_9_B_2_1_28,TCDB,TCDB.9_B_2_1_28_comp1
G_2_A_127_1_16_comp1,P_2_A_127_1_16_comp1,R_2_A_127_1_16,TCDB,TCDB.2_A_127_1_16_comp1
G_9_B_18_1_3_comp1,P_9_B_18_1_3_comp1,R_9_B_18_1_3,TCDB,TCDB.9_B_18_1_3_comp1
G_9_B_97_8_2_comp1,P_9_B_97_8_2_comp1,R_9_B_97_8_2,TCDB,TCDB.9_B_97_8_2_comp1
G_2_A_127_1_10_comp1,P_2_A_127_1_10_comp1,R_2_A_127_1_10,TCDB,TCDB.2_A_127_1_10_comp1
G_1_C_75_1_2_comp1,P_1_C_75_1_2_comp1,R_1_C_75_1_2,TCDB,TCDB.1_C_75_1_2_comp1
G_1_E_43_1_12_comp1,P_1_E_43_1_12_comp1,R_1_E_43_1_12,TCDB,TCDB.1_E_43_1_12_comp1
G_9_B_270_1_4_comp1,P_9_B_270_1_4_comp1,R_9_B_270_1_4,TCDB,TCDB.9_B_270_1_4_comp1
G_2_A_6_7_9_comp1,P_2_A_6_7_9_comp1,R_2_A_6_7_9,TCDB,TCDB.2_A_6_7_9_comp1
G_9_B_298_1_4_comp1,P_9_B_298_1_4_comp1,R_9_B_298_1_4,TCDB,TCDB.9_B_298_1_4_comp1
G_1_M_1_4_10_comp1,P_1_M_1_4_10_comp1,R_1_M_1_4_10,TCDB,TCDB.1_M_1_4_10_comp1
G_1_B_38_4_5_comp1,P_1_B_38_4_5_comp1,R_1_B_38_4_5,TCDB,TCDB.1_B_38_4_5_comp1
G_4_C_3_1_4_comp1,P_4_C_3_1_4_comp1,R_4_C_3_1_4,TCDB,TCDB.4_C_3_1_4_comp1
G_9_B_169_3_1_comp1,P_9_B_169_3_1_comp1,R_9_B_169_3_1,TCDB,TCDB.9_B_169_3_1_comp1
G_1_B_95_1_3_comp1,P_1_B_95_1_3_comp1,R_1_B_95_1_3,TCDB,TCDB.1_B_95_1_3_comp1
G_9_B_264_1_4_comp1,P_9_B_264_1_4_comp1,R_9_B_264_1_4,TCDB,TCDB.9_B_264_1_4_comp1
G_2_A_85_9_4_comp1,P_2_A_85_9_4_comp1,R_2_A_85_9_4,TCDB,TCDB.2_A_85_9_4_comp1
G_9_B_174_2_2_comp1,P_9_B_174_2_2_comp1,R_9_B_174_2_2,TCDB,TCDB.9_B_174_2_2_comp1
G_9_B_297_2_1_comp1,P_9_B_297_2_1_comp1,R_9_B_297_2_1,TCDB,TCDB.9_B_297_2_1_comp1
G_9_B_244_1_4_comp1,P_9_B_244_1_4_comp1,R_9_B_244_1_4,TCDB,TCDB.9_B_244_1_4_comp1
G_9_B_225_1_6_comp1,P_9_B_225_1_6_comp1,R_9_B_225_1_6,TCDB,TCDB.9_B_225_1_6_comp1
G_9_B_298_1_2_comp1,P_9_B_298_1_2_comp1,R_9_B_298_1_2,TCDB,TCDB.9_B_298_1_2_comp1
G_9_B_414_1_4_comp1,P_9_B_414_1_4_comp1,R_9_B_414_1_4,TCDB,TCDB.9_B_414_1_4_comp1
G_1_C_70_1_3_comp1,P_1_C_70_1_3_comp1,R_1_C_70_1_3,TCDB,TCDB.1_C_70_1_3_comp1
G_9_B_268_1_4_comp1,P_9_B_268_1_4_comp1,R_9_B_268_1_4,TCDB,TCDB.9_B_268_1_4_comp1
G_1_C_39_5_5_comp1,P_1_C_39_5_5_comp1,R_1_C_39_5_5,TCDB,TCDB.1_C_39_5_5_comp1
G_2_A_128_1_11_comp1,P_2_A_128_1_11_comp1,R_2_A_128_1_11,TCDB,TCDB.2_A_128_1_11_comp1
G_1_W_9_1_14_comp1,P_1_W_9_1_14_comp1,R_1_W_9_1_14,TCDB,TCDB.1_W_9_1_14_comp1
G_9_B_143_3_5_comp1,P_9_B_143_3_5_comp1,R_9_B_143_3_5,TCDB,TCDB.9_B_143_3_5_comp1
G_9_B_319_1_3_comp1,P_9_B_319_1_3_comp1,R_9_B_319_1_3,TCDB,TCDB.9_B_319_1_3_comp1
G_9_B_214_3_3_comp1,P_9_B_214_3_3_comp1,R_9_B_214_3_3,TCDB,TCDB.9_B_214_3_3_comp1
G_9_B_219_2_2_comp1,P_9_B_219_2_2_comp1,R_9_B_219_2_2,TCDB,TCDB.9_B_219_2_2_comp1
G_2_A_7_3_63_comp1,P_2_A_7_3_63_comp1,R_2_A_7_3_63,TCDB,TCDB.2_A_7_3_63_comp1
G_1_B_81_2_2_comp1,P_1_B_81_2_2_comp1,R_1_B_81_2_2,TCDB,TCDB.1_B_81_2_2_comp1
G_9_B_2_11_1_comp1,P_9_B_2_11_1_comp1,R_9_B_2_11_1,TCDB,TCDB.9_B_2_11_1_comp1
G_1_C_120_1_3_comp1,P_1_C_120_1_3_comp1,R_1_C_120_1_3,TCDB,TCDB.1_C_120_1_3_comp1
G_9_B_358_1_11_comp1,P_9_B_358_1_11_comp1,R_9_B_358_1_11,TCDB,TCDB.9_B_358_1_11_comp1
G_9_B_142_9_9_comp1,P_9_B_142_9_9_comp1,R_9_B_142_9_9,TCDB,TCDB.9_B_142_9_9_comp1
G_8_A_176_1_4_comp1,P_8_A_176_1_4_comp1,R_8_A_176_1_4,TCDB,TCDB.8_A_176_1_4_comp1
G_9_B_90_1_5_comp1,P_9_B_90_1_5_comp1,R_9_B_90_1_5,TCDB,TCDB.9_B_90_1_5_comp1
G_1_E_22_2_1_comp1,P_1_E_22_2_1_comp1,R_1_E_22_2_1,TCDB,TCDB.1_E_22_2_1_comp1
G_9_B_142_9_13_comp1,P_9_B_142_9_13_comp1,R_9_B_142_9_13,TCDB,TCDB.9_B_142_9_13_comp1
G_9_B_28_1_15_comp1,P_9_B_28_1_15_comp1,R_9_B_28_1_15,TCDB,TCDB.9_B_28_1_15_comp1
G_1_E_7_2_7_comp1,P_1_E_7_2_7_comp1,R_1_E_7_2_7,TCDB,TCDB.1_E_7_2_7_comp1
G_1_W_7_2_2_comp1,P_1_W_7_2_2_comp1,R_1_W_7_2_2,TCDB,TCDB.1_W_7_2_2_comp1
G_9_B_257_1_7_comp1,P_9_B_257_1_7_comp1,R_9_B_257_1_7,TCDB,TCDB.9_B_257_1_7_comp1
G_9_B_20_4_2_comp1,P_9_B_20_4_2_comp1,R_9_B_20_4_2,TCDB,TCDB.9_B_20_4_2_comp1
G_1_B_89_1_12_comp1,P_1_B_89_1_12_comp1,R_1_B_89_1_12,TCDB,TCDB.1_B_89_1_12_comp1
G_3_E_3_1_10_comp1,P_3_E_3_1_10_comp1,R_3_E_3_1_10,TCDB,TCDB.3_E_3_1_10_comp1
G_3_E_3_1_3_comp1,P_3_E_3_1_3_comp1,R_3_E_3_1_3,TCDB,TCDB.3_E_3_1_3_comp1
G_9_B_36_11_2_comp1,P_9_B_36_11_2_comp1,R_9_B_36_11_2,TCDB,TCDB.9_B_36_11_2_comp1
G_9_B_304_1_3_comp1,P_9_B_304_1_3_comp1,R_9_B_304_1_3,TCDB,TCDB.9_B_304_1_3_comp1
G_9_B_306_2_1_comp1,P_9_B_306_2_1_comp1,R_9_B_306_2_1,TCDB,TCDB.9_B_306_2_1_comp1
G_1_B_89_1_14_comp1,P_1_B_89_1_14_comp1,R_1_B_89_1_14,TCDB,TCDB.1_B_89_1_14_comp1
G_2_A_119_3_5_comp1,P_2_A_119_3_5_comp1,R_2_A_119_3_5,TCDB,TCDB.2_A_119_3_5_comp1
G_8_A_99_1_3_comp1,P_8_A_99_1_3_comp1,R_8_A_99_1_3,TCDB,TCDB.8_A_99_1_3_comp1
G_9_B_2_1_20_comp1,P_9_B_2_1_20_comp1,R_9_B_2_1_20,TCDB,TCDB.9_B_2_1_20_comp1
G_2_A_16_6_3_comp1,P_2_A_16_6_3_comp1,R_2_A_16_6_3,TCDB,TCDB.2_A_16_6_3_comp1
G_9_B_257_2_1_comp1,P_9_B_257_2_1_comp1,R_9_B_257_2_1,TCDB,TCDB.9_B_257_2_1_comp1
G_1_E_67_1_4_comp1,P_1_E_67_1_4_comp1,R_1_E_67_1_4,TCDB,TCDB.1_E_67_1_4_comp1
G_9_B_286_1_1_comp1,P_9_B_286_1_1_comp1,R_9_B_286_1_1,TCDB,TCDB.9_B_286_1_1_comp1
G_1_C_1_2_4_comp1,P_1_C_1_2_4_comp1,R_1_C_1_2_4,TCDB,TCDB.1_C_1_2_4_comp1
G_9_B_430_1_3_comp1,P_9_B_430_1_3_comp1,R_9_B_430_1_3,TCDB,TCDB.9_B_430_1_3_comp1
G_9_B_210_1_11_comp1,P_9_B_210_1_11_comp1,R_9_B_210_1_11,TCDB,TCDB.9_B_210_1_11_comp1
G_9_B_66_1_3_comp1,P_9_B_66_1_3_comp1,R_9_B_66_1_3,TCDB,TCDB.9_B_66_1_3_comp1
G_9_B_244_1_5_comp1,P_9_B_244_1_5_comp1,R_9_B_244_1_5,TCDB,TCDB.9_B_244_1_5_comp1
G_2_A_7_43_4_comp1,P_2_A_7_43_4_comp1,R_2_A_7_43_4,TCDB,TCDB.2_A_7_43_4_comp1
G_2_A_1_86_7_comp1,P_2_A_1_86_7_comp1,R_2_A_1_86_7,TCDB,TCDB.2_A_1_86_7_comp1
G_9_A_22_5_8_comp1,P_9_A_22_5_8_comp1,R_9_A_22_5_8,TCDB,TCDB.9_A_22_5_8_comp1
G_8_A_128_6_1_comp1,P_8_A_128_6_1_comp1,R_8_A_128_6_1,TCDB,TCDB.8_A_128_6_1_comp1
G_9_B_274_1_5_comp1,P_9_B_274_1_5_comp1,R_9_B_274_1_5,TCDB,TCDB.9_B_274_1_5_comp1
G_9_B_361_2_1_comp1,P_9_B_361_2_1_comp1,R_9_B_361_2_1,TCDB,TCDB.9_B_361_2_1_comp1
G_9_B_142_16_2_comp1,P_9_B_142_16_2_comp1,R_9_B_142_16_2,TCDB,TCDB.9_B_142_16_2_comp1
G_9_B_148_4_2_comp1,P_9_B_148_4_2_comp1,R_9_B_148_4_2,TCDB,TCDB.9_B_148_4_2_comp1
G_1_W_7_3_4_comp1,P_1_W_7_3_4_comp1,R_1_W_7_3_4,TCDB,TCDB.1_W_7_3_4_comp1
G_1_B_12_5_11_comp1,P_1_B_12_5_11_comp1,R_1_B_12_5_11,TCDB,TCDB.1_B_12_5_11_comp1
G_8_A_163_1_2_comp1,P_8_A_163_1_2_comp1,R_8_A_163_1_2,TCDB,TCDB.8_A_163_1_2_comp1
G_9_B_142_15_5_comp1,P_9_B_142_15_5_comp1,R_9_B_142_15_5,TCDB,TCDB.9_B_142_15_5_comp1
G_1_W_9_1_5_comp1,P_1_W_9_1_5_comp1,R_1_W_9_1_5,TCDB,TCDB.1_W_9_1_5_comp1
G_1_A_132_1_2_comp1,P_1_A_132_1_2_comp1,R_1_A_132_1_2,TCDB,TCDB.1_A_132_1_2_comp1
G_9_B_265_1_2_comp1,P_9_B_265_1_2_comp1,R_9_B_265_1_2,TCDB,TCDB.9_B_265_1_2_comp1
G_9_A_7_1_7_comp1,P_9_A_7_1_7_comp1,R_9_A_7_1_7,TCDB,TCDB.9_A_7_1_7_comp1
G_4_F_1_1_5_comp1,P_4_F_1_1_5_comp1,R_4_F_1_1_5,TCDB,TCDB.4_F_1_1_5_comp1
G_9_B_40_1_4_comp1,P_9_B_40_1_4_comp1,R_9_B_40_1_4,TCDB,TCDB.9_B_40_1_4_comp1
G_1_W_7_8_4_comp1,P_1_W_7_8_4_comp1,R_1_W_7_8_4,TCDB,TCDB.1_W_7_8_4_comp1
G_9_B_358_1_12_comp1,P_9_B_358_1_12_comp1,R_9_B_358_1_12,TCDB,TCDB.9_B_358_1_12_comp1
G_9_B_28_5_8_comp1,P_9_B_28_5_8_comp1,R_9_B_28_5_8,TCDB,TCDB.9_B_28_5_8_comp1
G_3_E_1_6_15_comp1,P_3_E_1_6_15_comp1,R_3_E_1_6_15,TCDB,TCDB.3_E_1_6_15_comp1
G_1_E_36_1_10_comp1,P_1_E_36_1_10_comp1,R_1_E_36_1_10,TCDB,TCDB.1_E_36_1_10_comp1
G_1_M_1_3_22_comp1,P_1_M_1_3_22_comp1,R_1_M_1_3_22,TCDB,TCDB.1_M_1_3_22_comp1
G_9_B_257_2_3_comp1,P_9_B_257_2_3_comp1,R_9_B_257_2_3,TCDB,TCDB.9_B_257_2_3_comp1
G_8_A_139_2_1_comp1,P_8_A_139_2_1_comp1,R_8_A_139_2_1,TCDB,TCDB.8_A_139_2_1_comp1
G_1_A_8_13_4_comp1,P_1_A_8_13_4_comp1,R_1_A_8_13_4,TCDB,TCDB.1_A_8_13_4_comp1
G_1_W_2_1_10_comp1,P_1_W_2_1_10_comp1,R_1_W_2_1_10,TCDB,TCDB.1_W_2_1_10_comp1
G_9_B_265_1_4_comp1,P_9_B_265_1_4_comp1,R_9_B_265_1_4,TCDB,TCDB.9_B_265_1_4_comp1
G_9_B_142_9_7_comp1,P_9_B_142_9_7_comp1,R_9_B_142_9_7,TCDB,TCDB.9_B_142_9_7_comp1
G_1_E_66_3_3_comp1,P_1_E_66_3_3_comp1,R_1_E_66_3_3,TCDB,TCDB.1_E_66_3_3_comp1
G_2_A_85_8_5_comp1,P_2_A_85_8_5_comp1,R_2_A_85_8_5,TCDB,TCDB.2_A_85_8_5_comp1
G_5_B_1_2_8_comp1,P_5_B_1_2_8_comp1,R_5_B_1_2_8,TCDB,TCDB.5_B_1_2_8_comp1
G_1_A_115_1_5_comp1,P_1_A_115_1_5_comp1,R_1_A_115_1_5,TCDB,TCDB.1_A_115_1_5_comp1
G_9_B_142_15_8_comp1,P_9_B_142_15_8_comp1,R_9_B_142_15_8,TCDB,TCDB.9_B_142_15_8_comp1
G_9_B_279_1_3_comp1,P_9_B_279_1_3_comp1,R_9_B_279_1_3,TCDB,TCDB.9_B_279_1_3_comp1
G_9_B_218_3_2_comp1,P_9_B_218_3_2_comp1,R_9_B_218_3_2,TCDB,TCDB.9_B_218_3_2_comp1
G_9_B_219_3_1_comp1,P_9_B_219_3_1_comp1,R_9_B_219_3_1,TCDB,TCDB.9_B_219_3_1_comp1
G_9_B_403_1_2_comp1,P_9_B_403_1_2_comp1,R_9_B_403_1_2,TCDB,TCDB.9_B_403_1_2_comp1
G_9_B_217_2_3_comp1,P_9_B_217_2_3_comp1,R_9_B_217_2_3,TCDB,TCDB.9_B_217_2_3_comp1
G_1_C_70_1_5_comp1,P_1_C_70_1_5_comp1,R_1_C_70_1_5,TCDB,TCDB.1_C_70_1_5_comp1
G_2_A_119_3_6_comp1,P_2_A_119_3_6_comp1,R_2_A_119_3_6,TCDB,TCDB.2_A_119_3_6_comp1
G_1_S_2_2_1_comp1,P_1_S_2_2_1_comp1,R_1_S_2_2_1,TCDB,TCDB.1_S_2_2_1_comp1
G_9_B_210_1_7_comp1,P_9_B_210_1_7_comp1,R_9_B_210_1_7,TCDB,TCDB.9_B_210_1_7_comp1
G_2_A_1_31_8_comp1,P_2_A_1_31_8_comp1,R_2_A_1_31_8,TCDB,TCDB.2_A_1_31_8_comp1
G_9_B_330_4_2_comp1,P_9_B_330_4_2_comp1,R_9_B_330_4_2,TCDB,TCDB.9_B_330_4_2_comp1
G_9_B_121_3_3_comp1,P_9_B_121_3_3_comp1,R_9_B_121_3_3,TCDB,TCDB.9_B_121_3_3_comp1
G_9_B_359_2_4_comp1,P_9_B_359_2_4_comp1,R_9_B_359_2_4,TCDB,TCDB.9_B_359_2_4_comp1
G_9_B_238_3_2_comp1,P_9_B_238_3_2_comp1,R_9_B_238_3_2,TCDB,TCDB.9_B_238_3_2_comp1
G_9_B_358_1_4_comp1,P_9_B_358_1_4_comp1,R_9_B_358_1_4,TCDB,TCDB.9_B_358_1_4_comp1
G_9_B_381_1_3_comp1,P_9_B_381_1_3_comp1,R_9_B_381_1_3,TCDB,TCDB.9_B_381_1_3_comp1
G_2_A_7_35_10_comp1,P_2_A_7_35_10_comp1,R_2_A_7_35_10,TCDB,TCDB.2_A_7_35_10_comp1
G_9_B_304_1_6_comp1,P_9_B_304_1_6_comp1,R_9_B_304_1_6,TCDB,TCDB.9_B_304_1_6_comp1
G_9_B_97_7_4_comp1,P_9_B_97_7_4_comp1,R_9_B_97_7_4,TCDB,TCDB.9_B_97_7_4_comp1
G_2_C_1_2_4_comp1,P_2_C_1_2_4_comp1,R_2_C_1_2_4,TCDB,TCDB.2_C_1_2_4_comp1
G_1_B_3_2_4_comp1,P_1_B_3_2_4_comp1,R_1_B_3_2_4,TCDB,TCDB.1_B_3_2_4_comp1
G_8_B_39_1_2_comp1,P_8_B_39_1_2_comp1,R_8_B_39_1_2,TCDB,TCDB.8_B_39_1_2_comp1
G_9_B_2_10_4_comp1,P_9_B_2_10_4_comp1,R_9_B_2_10_4,TCDB,TCDB.9_B_2_10_4_comp1
G_9_B_136_1_2_comp1,P_9_B_136_1_2_comp1,R_9_B_136_1_2,TCDB,TCDB.9_B_136_1_2_comp1
G_9_B_290_1_4_comp1,P_9_B_290_1_4_comp1,R_9_B_290_1_4,TCDB,TCDB.9_B_290_1_4_comp1
G_1_B_25_2_3_comp1,P_1_B_25_2_3_comp1,R_1_B_25_2_3,TCDB,TCDB.1_B_25_2_3_comp1
G_2_A_127_1_6_comp1,P_2_A_127_1_6_comp1,R_2_A_127_1_6,TCDB,TCDB.2_A_127_1_6_comp1
G_9_B_237_1_2_comp1,P_9_B_237_1_2_comp1,R_9_B_237_1_2,TCDB,TCDB.9_B_237_1_2_comp1
G_9_B_370_1_10_comp1,P_9_B_370_1_10_comp1,R_9_B_370_1_10,TCDB,TCDB.9_B_370_1_10_comp1
G_9_B_268_1_3_comp1,P_9_B_268_1_3_comp1,R_9_B_268_1_3,TCDB,TCDB.9_B_268_1_3_comp1
G_1_B_59_1_13_comp1,P_1_B_59_1_13_comp1,R_1_B_59_1_13,TCDB,TCDB.1_B_59_1_13_comp1
G_3_A_1_135_11_comp1,P_3_A_1_135_11_comp1+3_A_1_135_11_comp2,R_3_A_1_135_11,TCDB,TCDB.3_A_1_135_11_comp1
G_3_A_1_135_11_comp2,P_3_A_1_135_11_comp1+3_A_1_135_11_comp2,R_3_A_1_135_11,TCDB,TCDB.3_A_1_135_11_comp2
G_9_B_337_1_3_comp1,P_9_B_337_1_3_comp1,R_9_B_337_1_3,TCDB,TCDB.9_B_337_1_3_comp1
G_2_A_1_68_2_comp1,P_2_A_1_68_2_comp1,R_2_A_1_68_2,TCDB,TCDB.2_A_1_68_2_comp1
G_9_B_398_1_2_comp1,P_9_B_398_1_2_comp1,R_9_B_398_1_2,TCDB,TCDB.9_B_398_1_2_comp1
G_9_B_258_1_4_comp1,P_9_B_258_1_4_comp1,R_9_B_258_1_4,TCDB,TCDB.9_B_258_1_4_comp1
G_9_B_220_2_1_comp1,P_9_B_220_2_1_comp1,R_9_B_220_2_1,TCDB,TCDB.9_B_220_2_1_comp1
G_2_A_1_30_2_comp1,P_2_A_1_30_2_comp1,R_2_A_1_30_2,TCDB,TCDB.2_A_1_30_2_comp1
G_8_A_195_1_3_comp1,P_8_A_195_1_3_comp1,R_8_A_195_1_3,TCDB,TCDB.8_A_195_1_3_comp1
G_9_B_286_1_2_comp1,P_9_B_286_1_2_comp1,R_9_B_286_1_2,TCDB,TCDB.9_B_286_1_2_comp1
G_9_B_2_1_22_comp1,P_9_B_2_1_22_comp1,R_9_B_2_1_22,TCDB,TCDB.9_B_2_1_22_comp1
G_9_B_217_1_3_comp1,P_9_B_217_1_3_comp1,R_9_B_217_1_3,TCDB,TCDB.9_B_217_1_3_comp1
G_1_M_1_1_11_comp1,P_1_M_1_1_11_comp1,R_1_M_1_1_11,TCDB,TCDB.1_M_1_1_11_comp1
G_9_B_109_1_4_comp1,P_9_B_109_1_4_comp1,R_9_B_109_1_4,TCDB,TCDB.9_B_109_1_4_comp1
G_2_A_7_42_6_comp1,P_2_A_7_42_6_comp1,R_2_A_7_42_6,TCDB,TCDB.2_A_7_42_6_comp1
G_9_B_36_14_5_comp1,P_9_B_36_14_5_comp1,R_9_B_36_14_5,TCDB,TCDB.9_B_36_14_5_comp1
G_1_A_23_8_5_comp1,P_1_A_23_8_5_comp1,R_1_A_23_8_5,TCDB,TCDB.1_A_23_8_5_comp1
G_1_W_7_7_4_comp1,P_1_W_7_7_4_comp1,R_1_W_7_7_4,TCDB,TCDB.1_W_7_7_4_comp1
G_1_C_21_2_7_comp1,P_1_C_21_2_7_comp1,R_1_C_21_2_7,TCDB,TCDB.1_C_21_2_7_comp1
G_1_E_23_2_2_comp1,P_1_E_23_2_2_comp1,R_1_E_23_2_2,TCDB,TCDB.1_E_23_2_2_comp1
G_2_A_1_2_118_comp1,P_2_A_1_2_118_comp1,R_2_A_1_2_118,TCDB,TCDB.2_A_1_2_118_comp1
G_1_B_95_4_3_comp1,P_1_B_95_4_3_comp1,R_1_B_95_4_3,TCDB,TCDB.1_B_95_4_3_comp1
G_9_B_306_1_4_comp1,P_9_B_306_1_4_comp1,R_9_B_306_1_4,TCDB,TCDB.9_B_306_1_4_comp1
G_1_E_7_2_3_comp1,P_1_E_7_2_3_comp1,R_1_E_7_2_3,TCDB,TCDB.1_E_7_2_3_comp1
G_9_B_359_3_3_comp1,P_9_B_359_3_3_comp1,R_9_B_359_3_3,TCDB,TCDB.9_B_359_3_3_comp1
G_1_C_95_1_8_comp1,P_1_C_95_1_8_comp1,R_1_C_95_1_8,TCDB,TCDB.1_C_95_1_8_comp1
G_1_S_1_1_4_comp1,P_1_S_1_1_4_comp1,R_1_S_1_1_4,TCDB,TCDB.1_S_1_1_4_comp1
G_9_B_214_3_2_comp1,P_9_B_214_3_2_comp1,R_9_B_214_3_2,TCDB,TCDB.9_B_214_3_2_comp1
G_1_B_33_4_3_comp1,P_1_B_33_4_3_comp1,R_1_B_33_4_3,TCDB,TCDB.1_B_33_4_3_comp1
G_2_A_7_42_3_comp1,P_2_A_7_42_3_comp1,R_2_A_7_42_3,TCDB,TCDB.2_A_7_42_3_comp1
G_2_A_1_86_3_comp1,P_2_A_1_86_3_comp1,R_2_A_1_86_3,TCDB,TCDB.2_A_1_86_3_comp1
G_1_D_24_1_4_comp1,P_1_D_24_1_4_comp1,R_1_D_24_1_4,TCDB,TCDB.1_D_24_1_4_comp1
G_2_A_86_3_3_comp1,P_2_A_86_3_3_comp1,R_2_A_86_3_3,TCDB,TCDB.2_A_86_3_3_comp1
G_9_B_302_1_6_comp1,P_9_B_302_1_6_comp1,R_9_B_302_1_6,TCDB,TCDB.9_B_302_1_6_comp1
G_9_B_351_1_2_comp1,P_9_B_351_1_2_comp1,R_9_B_351_1_2,TCDB,TCDB.9_B_351_1_2_comp1
G_1_C_59_5_4_comp1,P_1_C_59_5_4_comp1,R_1_C_59_5_4,TCDB,TCDB.1_C_59_5_4_comp1
G_2_A_89_1_8_comp1,P_2_A_89_1_8_comp1,R_2_A_89_1_8,TCDB,TCDB.2_A_89_1_8_comp1
G_3_A_1_155_6_comp1,P_3_A_1_155_6_comp1,R_3_A_1_155_6,TCDB,TCDB.3_A_1_155_6_comp1
G_2_A_7_42_7_comp1,P_2_A_7_42_7_comp1,R_2_A_7_42_7,TCDB,TCDB.2_A_7_42_7_comp1
G_1_B_89_1_17_comp1,P_1_B_89_1_17_comp1,R_1_B_89_1_17,TCDB,TCDB.1_B_89_1_17_comp1
G_2_A_66_2_27_comp1,P_2_A_66_2_27_comp1,R_2_A_66_2_27,TCDB,TCDB.2_A_66_2_27_comp1
G_1_W_2_1_2_comp1,P_1_W_2_1_2_comp1,R_1_W_2_1_2,TCDB,TCDB.1_W_2_1_2_comp1
G_9_B_298_1_10_comp1,P_9_B_298_1_10_comp1,R_9_B_298_1_10,TCDB,TCDB.9_B_298_1_10_comp1
G_9_B_298_1_5_comp1,P_9_B_298_1_5_comp1,R_9_B_298_1_5,TCDB,TCDB.9_B_298_1_5_comp1
G_9_B_142_15_6_comp1,P_9_B_142_15_6_comp1,R_9_B_142_15_6,TCDB,TCDB.9_B_142_15_6_comp1
G_9_B_142_17_6_comp1,P_9_B_142_17_6_comp1,R_9_B_142_17_6,TCDB,TCDB.9_B_142_17_6_comp1
G_9_B_248_1_4_comp1,P_9_B_248_1_4_comp1,R_9_B_248_1_4,TCDB,TCDB.9_B_248_1_4_comp1
G_9_B_302_1_5_comp1,P_9_B_302_1_5_comp1,R_9_B_302_1_5,TCDB,TCDB.9_B_302_1_5_comp1
G_2_A_119_1_5_comp1,P_2_A_119_1_5_comp1,R_2_A_119_1_5,TCDB,TCDB.2_A_119_1_5_comp1
G_9_A_74_1_7_comp1,P_9_A_74_1_7_comp1,R_9_A_74_1_7,TCDB,TCDB.9_A_74_1_7_comp1
G_1_B_89_1_19_comp1,P_1_B_89_1_19_comp1,R_1_B_89_1_19,TCDB,TCDB.1_B_89_1_19_comp1
G_9_B_414_1_2_comp1,P_9_B_414_1_2_comp1,R_9_B_414_1_2,TCDB,TCDB.9_B_414_1_2_comp1
G_8_A_178_1_4_comp1,P_8_A_178_1_4_comp1,R_8_A_178_1_4,TCDB,TCDB.8_A_178_1_4_comp1
G_1_W_7_2_3_comp1,P_1_W_7_2_3_comp1,R_1_W_7_2_3,TCDB,TCDB.1_W_7_2_3_comp1
G_1_C_53_2_9_comp1,P_1_C_53_2_9_comp1,R_1_C_53_2_9,TCDB,TCDB.1_C_53_2_9_comp1
G_9_B_270_1_1_comp1,P_9_B_270_1_1_comp1,R_9_B_270_1_1,TCDB,TCDB.9_B_270_1_1_comp1
G_9_B_257_3_2_comp1,P_9_B_257_3_2_comp1,R_9_B_257_3_2,TCDB,TCDB.9_B_257_3_2_comp1
G_2_A_103_1_12_comp1,P_2_A_103_1_12_comp1,R_2_A_103_1_12,TCDB,TCDB.2_A_103_1_12_comp1
G_9_B_144_1_6_comp1,P_9_B_144_1_6_comp1,R_9_B_144_1_6,TCDB,TCDB.9_B_144_1_6_comp1
G_2_A_134_5_1_comp1,P_2_A_134_5_1_comp1,R_2_A_134_5_1,TCDB,TCDB.2_A_134_5_1_comp1
G_9_B_361_4_2_comp1,P_9_B_361_4_2_comp1,R_9_B_361_4_2,TCDB,TCDB.9_B_361_4_2_comp1
G_2_A_66_2_31_comp1,P_2_A_66_2_31_comp1,R_2_A_66_2_31,TCDB,TCDB.2_A_66_2_31_comp1
G_9_B_284_1_3_comp1,P_9_B_284_1_3_comp1,R_9_B_284_1_3,TCDB,TCDB.9_B_284_1_3_comp1
G_9_B_381_1_2_comp1,P_9_B_381_1_2_comp1,R_9_B_381_1_2,TCDB,TCDB.9_B_381_1_2_comp1
G_9_B_320_2_4_comp1,P_9_B_320_2_4_comp1,R_9_B_320_2_4,TCDB,TCDB.9_B_320_2_4_comp1
G_9_B_337_1_2_comp1,P_9_B_337_1_2_comp1,R_9_B_337_1_2,TCDB,TCDB.9_B_337_1_2_comp1
G_1_C_23_1_2_comp1,P_1_C_23_1_2_comp1,R_1_C_23_1_2,TCDB,TCDB.1_C_23_1_2_comp1
G_1_E_62_1_8_comp1,P_1_E_62_1_8_comp1,R_1_E_62_1_8,TCDB,TCDB.1_E_62_1_8_comp1
G_1_C_130_1_4_comp1,P_1_C_130_1_4_comp1,R_1_C_130_1_4,TCDB,TCDB.1_C_130_1_4_comp1
G_9_A_72_1_3_comp1,P_9_A_72_1_3_comp1,R_9_A_72_1_3,TCDB,TCDB.9_A_72_1_3_comp1
G_9_B_400_1_3_comp1,P_9_B_400_1_3_comp1,R_9_B_400_1_3,TCDB,TCDB.9_B_400_1_3_comp1
G_9_B_28_2_5_comp1,P_9_B_28_2_5_comp1,R_9_B_28_2_5,TCDB,TCDB.9_B_28_2_5_comp1
G_8_A_201_2_1_comp1,P_8_A_201_2_1_comp1,R_8_A_201_2_1,TCDB,TCDB.8_A_201_2_1_comp1
G_9_B_28_2_8_comp1,P_9_B_28_2_8_comp1,R_9_B_28_2_8,TCDB,TCDB.9_B_28_2_8_comp1
G_9_B_28_4_2_comp1,P_9_B_28_4_2_comp1,R_9_B_28_4_2,TCDB,TCDB.9_B_28_4_2_comp1
G_9_B_353_1_12_comp1,P_9_B_353_1_12_comp1,R_9_B_353_1_12,TCDB,TCDB.9_B_353_1_12_comp1
G_9_B_214_2_1_comp1,P_9_B_214_2_1_comp1,R_9_B_214_2_1,TCDB,TCDB.9_B_214_2_1_comp1
G_9_B_36_12_4_comp1,P_9_B_36_12_4_comp1,R_9_B_36_12_4,TCDB,TCDB.9_B_36_12_4_comp1
G_9_B_283_1_2_comp1,P_9_B_283_1_2_comp1,R_9_B_283_1_2,TCDB,TCDB.9_B_283_1_2_comp1
G_2_A_128_1_10_comp1,P_2_A_128_1_10_comp1,R_2_A_128_1_10,TCDB,TCDB.2_A_128_1_10_comp1
G_9_B_357_1_4_comp1,P_9_B_357_1_4_comp1+9_B_357_1_4_comp2,R_9_B_357_1_4,TCDB,TCDB.9_B_357_1_4_comp1
G_9_B_357_1_4_comp2,P_9_B_357_1_4_comp1+9_B_357_1_4_comp2,R_9_B_357_1_4,TCDB,TCDB.9_B_357_1_4_comp2
G_9_B_28_1_14_comp1,P_9_B_28_1_14_comp1,R_9_B_28_1_14,TCDB,TCDB.9_B_28_1_14_comp1
G_2_A_66_12_11_comp1,P_2_A_66_12_11_comp1,R_2_A_66_12_11,TCDB,TCDB.2_A_66_12_11_comp1
G_9_B_241_2_6_comp1,P_9_B_241_2_6_comp1,R_9_B_241_2_6,TCDB,TCDB.9_B_241_2_6_comp1
G_1_B_33_1_6_comp1,P_1_B_33_1_6_comp1,R_1_B_33_1_6,TCDB,TCDB.1_B_33_1_6_comp1
G_1_W_1_1_9_comp1,P_1_W_1_1_9_comp1,R_1_W_1_1_9,TCDB,TCDB.1_W_1_1_9_comp1
G_9_B_3_1_3_comp1,P_9_B_3_1_3_comp1,R_9_B_3_1_3,TCDB,TCDB.9_B_3_1_3_comp1
G_1_E_62_1_2_comp1,P_1_E_62_1_2_comp1,R_1_E_62_1_2,TCDB,TCDB.1_E_62_1_2_comp1
G_2_A_6_8_3_comp1,P_2_A_6_8_3_comp1,R_2_A_6_8_3,TCDB,TCDB.2_A_6_8_3_comp1
G_9_B_364_1_2_comp1,P_9_B_364_1_2_comp1,R_9_B_364_1_2,TCDB,TCDB.9_B_364_1_2_comp1
G_2_C_1_3_2_comp1,P_2_C_1_3_2_comp1,R_2_C_1_3_2,TCDB,TCDB.2_C_1_3_2_comp1
G_9_B_286_1_3_comp1,P_9_B_286_1_3_comp1,R_9_B_286_1_3,TCDB,TCDB.9_B_286_1_3_comp1
G_9_B_358_1_8_comp1,P_9_B_358_1_8_comp1,R_9_B_358_1_8,TCDB,TCDB.9_B_358_1_8_comp1
G_9_B_28_4_3_comp1,P_9_B_28_4_3_comp1,R_9_B_28_4_3,TCDB,TCDB.9_B_28_4_3_comp1
G_5_B_1_2_2_comp1,P_5_B_1_2_2_comp1,R_5_B_1_2_2,TCDB,TCDB.5_B_1_2_2_comp1
G_9_B_253_1_4_comp1,P_9_B_253_1_4_comp1,R_9_B_253_1_4,TCDB,TCDB.9_B_253_1_4_comp1
G_9_B_417_1_5_comp1,P_9_B_417_1_5_comp1,R_9_B_417_1_5,TCDB,TCDB.9_B_417_1_5_comp1
G_1_C_60_2_3_comp1,P_1_C_60_2_3_comp1,R_1_C_60_2_3,TCDB,TCDB.1_C_60_2_3_comp1
G_1_C_60_2_1_comp1,P_1_C_60_2_1_comp1,R_1_C_60_2_1,TCDB,TCDB.1_C_60_2_1_comp1
G_2_A_129_1_10_comp1,P_2_A_129_1_10_comp1,R_2_A_129_1_10,TCDB,TCDB.2_A_129_1_10_comp1
G_9_B_353_1_6_comp1,P_9_B_353_1_6_comp1,R_9_B_353_1_6,TCDB,TCDB.9_B_353_1_6_comp1
G_9_B_246_1_2_comp1,P_9_B_246_1_2_comp1,R_9_B_246_1_2,TCDB,TCDB.9_B_246_1_2_comp1
G_9_B_109_1_6_comp1,P_9_B_109_1_6_comp1,R_9_B_109_1_6,TCDB,TCDB.9_B_109_1_6_comp1
G_9_B_244_1_3_comp1,P_9_B_244_1_3_comp1,R_9_B_244_1_3,TCDB,TCDB.9_B_244_1_3_comp1
G_9_B_142_15_2_comp1,P_9_B_142_15_2_comp1,R_9_B_142_15_2,TCDB,TCDB.9_B_142_15_2_comp1
G_9_B_386_1_6_comp1,P_9_B_386_1_6_comp1,R_9_B_386_1_6,TCDB,TCDB.9_B_386_1_6_comp1
G_9_B_306_2_2_comp1,P_9_B_306_2_2_comp1,R_9_B_306_2_2,TCDB,TCDB.9_B_306_2_2_comp1
G_9_B_240_1_8_comp1,P_9_B_240_1_8_comp1,R_9_B_240_1_8,TCDB,TCDB.9_B_240_1_8_comp1
G_1_W_7_1_5_comp1,P_1_W_7_1_5_comp1,R_1_W_7_1_5,TCDB,TCDB.1_W_7_1_5_comp1
G_1_B_34_4_1_comp1,P_1_B_34_4_1_comp1,R_1_B_34_4_1,TCDB,TCDB.1_B_34_4_1_comp1
G_2_A_127_1_9_comp1,P_2_A_127_1_9_comp1,R_2_A_127_1_9,TCDB,TCDB.2_A_127_1_9_comp1
G_1_B_59_1_11_comp1,P_1_B_59_1_11_comp1,R_1_B_59_1_11,TCDB,TCDB.1_B_59_1_11_comp1
G_1_M_2_3_2_comp1,P_1_M_2_3_2_comp1,R_1_M_2_3_2,TCDB,TCDB.1_M_2_3_2_comp1
G_9_B_151_3_2_comp1,P_9_B_151_3_2_comp1,R_9_B_151_3_2,TCDB,TCDB.9_B_151_3_2_comp1
G_8_A_201_2_4_comp1,P_8_A_201_2_4_comp1,R_8_A_201_2_4,TCDB,TCDB.8_A_201_2_4_comp1
G_8_A_228_1_2_comp1,P_8_A_228_1_2_comp1,R_8_A_228_1_2,TCDB,TCDB.8_A_228_1_2_comp1
G_1_E_29_3_2_comp1,P_1_E_29_3_2_comp1,R_1_E_29_3_2,TCDB,TCDB.1_E_29_3_2_comp1
G_9_B_257_3_6_comp1,P_9_B_257_3_6_comp1,R_9_B_257_3_6,TCDB,TCDB.9_B_257_3_6_comp1
G_1_B_38_4_4_comp1,P_1_B_38_4_4_comp1,R_1_B_38_4_4,TCDB,TCDB.1_B_38_4_4_comp1
G_1_B_38_4_3_comp1,P_1_B_38_4_3_comp1,R_1_B_38_4_3,TCDB,TCDB.1_B_38_4_3_comp1
G_1_A_23_8_4_comp1,P_1_A_23_8_4_comp1,R_1_A_23_8_4,TCDB,TCDB.1_A_23_8_4_comp1
G_1_C_70_1_2_comp1,P_1_C_70_1_2_comp1,R_1_C_70_1_2,TCDB,TCDB.1_C_70_1_2_comp1
G_2_A_103_1_10_comp1,P_2_A_103_1_10_comp1,R_2_A_103_1_10,TCDB,TCDB.2_A_103_1_10_comp1
G_9_A_41_1_5_comp1,P_9_A_41_1_5_comp1,R_9_A_41_1_5,TCDB,TCDB.9_A_41_1_5_comp1
G_1_W_5_1_9_comp1,P_1_W_5_1_9_comp1,R_1_W_5_1_9,TCDB,TCDB.1_W_5_1_9_comp1
G_8_A_153_1_4_comp1,P_8_A_153_1_4_comp1,R_8_A_153_1_4,TCDB,TCDB.8_A_153_1_4_comp1
G_9_A_32_2_3_comp1,P_9_A_32_2_3_comp1,R_9_A_32_2_3,TCDB,TCDB.9_A_32_2_3_comp1
G_1_E_7_1_4_comp1,P_1_E_7_1_4_comp1,R_1_E_7_1_4,TCDB,TCDB.1_E_7_1_4_comp1
G_8_A_172_2_1_comp1,P_8_A_172_2_1_comp1,R_8_A_172_2_1,TCDB,TCDB.8_A_172_2_1_comp1
G_9_A_74_1_3_comp1,P_9_A_74_1_3_comp1,R_9_A_74_1_3,TCDB,TCDB.9_A_74_1_3_comp1
G_4_C_3_1_3_comp1,P_4_C_3_1_3_comp1,R_4_C_3_1_3,TCDB,TCDB.4_C_3_1_3_comp1
G_4_C_3_1_2_comp1,P_4_C_3_1_2_comp1,R_4_C_3_1_2,TCDB,TCDB.4_C_3_1_2_comp1
G_1_B_6_4_2_comp1,P_1_B_6_4_2_comp1,R_1_B_6_4_2,TCDB,TCDB.1_B_6_4_2_comp1
G_1_B_89_2_4_comp1,P_1_B_89_2_4_comp1,R_1_B_89_2_4,TCDB,TCDB.1_B_89_2_4_comp1
G_2_A_45_1_2_comp1,P_2_A_45_1_2_comp1,R_2_A_45_1_2,TCDB,TCDB.2_A_45_1_2_comp1
G_1_C_82_1_2_comp1,P_1_C_82_1_2_comp1,R_1_C_82_1_2,TCDB,TCDB.1_C_82_1_2_comp1
G_1_W_7_3_1_comp1,P_1_W_7_3_1_comp1,R_1_W_7_3_1,TCDB,TCDB.1_W_7_3_1_comp1
G_2_A_131_1_2_comp1,P_2_A_131_1_2_comp1,R_2_A_131_1_2,TCDB,TCDB.2_A_131_1_2_comp1
G_2_A_134_2_1_comp1,P_2_A_134_2_1_comp1,R_2_A_134_2_1,TCDB,TCDB.2_A_134_2_1_comp1
G_9_B_285_1_7_comp1,P_9_B_285_1_7_comp1,R_9_B_285_1_7,TCDB,TCDB.9_B_285_1_7_comp1
G_1_C_60_1_12_comp1,P_1_C_60_1_12_comp1,R_1_C_60_1_12,TCDB,TCDB.1_C_60_1_12_comp1
G_9_B_169_4_6_comp1,P_9_B_169_4_6_comp1,R_9_B_169_4_6,TCDB,TCDB.9_B_169_4_6_comp1
G_1_C_137_1_4_comp1,P_1_C_137_1_4_comp1,R_1_C_137_1_4,TCDB,TCDB.1_C_137_1_4_comp1
G_9_B_149_1_12_comp1,P_9_B_149_1_12_comp1,R_9_B_149_1_12,TCDB,TCDB.9_B_149_1_12_comp1
G_9_B_264_1_2_comp1,P_9_B_264_1_2_comp1,R_9_B_264_1_2,TCDB,TCDB.9_B_264_1_2_comp1
G_9_B_127_1_2_comp1,P_9_B_127_1_2_comp1,R_9_B_127_1_2,TCDB,TCDB.9_B_127_1_2_comp1
G_9_B_371_1_1_comp1,P_9_B_371_1_1_comp1,R_9_B_371_1_1,TCDB,TCDB.9_B_371_1_1_comp1
G_9_B_14_1_18_comp1,P_9_B_14_1_18_comp1,R_9_B_14_1_18,TCDB,TCDB.9_B_14_1_18_comp1
G_1_C_24_1_16_comp1,P_1_C_24_1_16_comp1,R_1_C_24_1_16,TCDB,TCDB.1_C_24_1_16_comp1
G_1_E_61_1_2_comp1,P_1_E_61_1_2_comp1,R_1_E_61_1_2,TCDB,TCDB.1_E_61_1_2_comp1
G_9_A_74_1_12_comp1,P_9_A_74_1_12_comp1,R_9_A_74_1_12,TCDB,TCDB.9_A_74_1_12_comp1
G_1_E_17_2_2_comp1,P_1_E_17_2_2_comp1,R_1_E_17_2_2,TCDB,TCDB.1_E_17_2_2_comp1
G_9_B_290_1_3_comp1,P_9_B_290_1_3_comp1,R_9_B_290_1_3,TCDB,TCDB.9_B_290_1_3_comp1
G_8_A_200_1_2_comp1,P_8_A_200_1_2_comp1,R_8_A_200_1_2,TCDB,TCDB.8_A_200_1_2_comp1
G_8_B_18_1_4_comp1,P_8_B_18_1_4_comp1,R_8_B_18_1_4,TCDB,TCDB.8_B_18_1_4_comp1
G_2_A_1_14_50_comp1,P_2_A_1_14_50_comp1,R_2_A_1_14_50,TCDB,TCDB.2_A_1_14_50_comp1
G_1_E_44_1_3_comp1,P_1_E_44_1_3_comp1,R_1_E_44_1_3,TCDB,TCDB.1_E_44_1_3_comp1
G_2_A_128_1_4_comp1,P_2_A_128_1_4_comp1,R_2_A_128_1_4,TCDB,TCDB.2_A_128_1_4_comp1
G_9_B_271_1_2_comp1,P_9_B_271_1_2_comp1,R_9_B_271_1_2,TCDB,TCDB.9_B_271_1_2_comp1
G_2_C_1_3_8_comp1,P_2_C_1_3_8_comp1,R_2_C_1_3_8,TCDB,TCDB.2_C_1_3_8_comp1
G_9_B_254_1_4_comp1,P_9_B_254_1_4_comp1,R_9_B_254_1_4,TCDB,TCDB.9_B_254_1_4_comp1
G_4_D_2_5_3_comp1,P_4_D_2_5_3_comp1,R_4_D_2_5_3,TCDB,TCDB.4_D_2_5_3_comp1
G_9_B_221_2_2_comp1,P_9_B_221_2_2_comp1,R_9_B_221_2_2,TCDB,TCDB.9_B_221_2_2_comp1
G_1_W_7_5_1_comp1,P_1_W_7_5_1_comp1,R_1_W_7_5_1,TCDB,TCDB.1_W_7_5_1_comp1
G_1_D_24_1_5_comp1,P_1_D_24_1_5_comp1,R_1_D_24_1_5,TCDB,TCDB.1_D_24_1_5_comp1
G_2_A_128_1_8_comp1,P_2_A_128_1_8_comp1,R_2_A_128_1_8,TCDB,TCDB.2_A_128_1_8_comp1
G_2_A_66_2_26_comp1,P_2_A_66_2_26_comp1,R_2_A_66_2_26,TCDB,TCDB.2_A_66_2_26_comp1
G_9_B_174_2_1_comp1,P_9_B_174_2_1_comp1,R_9_B_174_2_1,TCDB,TCDB.9_B_174_2_1_comp1
G_9_B_285_2_7_comp1,P_9_B_285_2_7_comp1,R_9_B_285_2_7,TCDB,TCDB.9_B_285_2_7_comp1
G_9_B_65_1_9_comp1,P_9_B_65_1_9_comp1,R_9_B_65_1_9,TCDB,TCDB.9_B_65_1_9_comp1
G_2_A_103_1_11_comp1,P_2_A_103_1_11_comp1,R_2_A_103_1_11,TCDB,TCDB.2_A_103_1_11_comp1
G_9_B_14_1_20_comp1,P_9_B_14_1_20_comp1,R_9_B_14_1_20,TCDB,TCDB.9_B_14_1_20_comp1
G_9_B_97_8_5_comp1,P_9_B_97_8_5_comp1,R_9_B_97_8_5,TCDB,TCDB.9_B_97_8_5_comp1
G_1_C_60_1_5_comp1,P_1_C_60_1_5_comp1,R_1_C_60_1_5,TCDB,TCDB.1_C_60_1_5_comp1
G_2_A_133_2_2_comp1,P_2_A_133_2_2_comp1,R_2_A_133_2_2,TCDB,TCDB.2_A_133_2_2_comp1
G_8_A_155_1_5_comp1,P_8_A_155_1_5_comp1,R_8_A_155_1_5,TCDB,TCDB.8_A_155_1_5_comp1
G_1_B_89_1_3_comp1,P_1_B_89_1_3_comp1,R_1_B_89_1_3,TCDB,TCDB.1_B_89_1_3_comp1
G_1_E_25_1_7_comp1,P_1_E_25_1_7_comp1,R_1_E_25_1_7,TCDB,TCDB.1_E_25_1_7_comp1
G_2_A_132_1_6_comp1,P_2_A_132_1_6_comp1,R_2_A_132_1_6,TCDB,TCDB.2_A_132_1_6_comp1
G_1_B_89_1_6_comp1,P_1_B_89_1_6_comp1,R_1_B_89_1_6,TCDB,TCDB.1_B_89_1_6_comp1
G_9_B_97_5_4_comp1,P_9_B_97_5_4_comp1,R_9_B_97_5_4,TCDB,TCDB.9_B_97_5_4_comp1
G_9_B_104_5_3_comp1,P_9_B_104_5_3_comp1,R_9_B_104_5_3,TCDB,TCDB.9_B_104_5_3_comp1
G_9_B_2_11_2_comp1,P_9_B_2_11_2_comp1,R_9_B_2_11_2,TCDB,TCDB.9_B_2_11_2_comp1
G_4_H_1_2_3_comp1,P_4_H_1_2_3_comp1,R_4_H_1_2_3,TCDB,TCDB.4_H_1_2_3_comp1
G_9_B_27_1_11_comp1,P_9_B_27_1_11_comp1,R_9_B_27_1_11,TCDB,TCDB.9_B_27_1_11_comp1
G_4_C_3_1_9_comp1,P_4_C_3_1_9_comp1,R_4_C_3_1_9,TCDB,TCDB.4_C_3_1_9_comp1
G_9_B_265_1_3_comp1,P_9_B_265_1_3_comp1,R_9_B_265_1_3,TCDB,TCDB.9_B_265_1_3_comp1
G_9_B_142_9_12_comp1,P_9_B_142_9_12_comp1,R_9_B_142_9_12,TCDB,TCDB.9_B_142_9_12_comp1
G_1_B_93_1_8_comp1,P_1_B_93_1_8_comp1,R_1_B_93_1_8,TCDB,TCDB.1_B_93_1_8_comp1
G_9_B_249_1_2_comp1,P_9_B_249_1_2_comp1,R_9_B_249_1_2,TCDB,TCDB.9_B_249_1_2_comp1
G_9_B_28_5_1_comp1,P_9_B_28_5_1_comp1,R_9_B_28_5_1,TCDB,TCDB.9_B_28_5_1_comp1
G_3_A_1_155_7_comp1,P_3_A_1_155_7_comp1,R_3_A_1_155_7,TCDB,TCDB.3_A_1_155_7_comp1
G_2_A_127_1_8_comp1,P_2_A_127_1_8_comp1,R_2_A_127_1_8,TCDB,TCDB.2_A_127_1_8_comp1
G_9_B_225_1_4_comp1,P_9_B_225_1_4_comp1,R_9_B_225_1_4,TCDB,TCDB.9_B_225_1_4_comp1
G_9_A_24_4_9_comp1,P_9_A_24_4_9_comp1,R_9_A_24_4_9,TCDB,TCDB.9_A_24_4_9_comp1
G_1_C_59_5_2_comp1,P_1_C_59_5_2_comp1,R_1_C_59_5_2,TCDB,TCDB.1_C_59_5_2_comp1
G_9_B_104_5_2_comp1,P_9_B_104_5_2_comp1,R_9_B_104_5_2,TCDB,TCDB.9_B_104_5_2_comp1
G_9_B_97_7_7_comp1,P_9_B_97_7_7_comp1,R_9_B_97_7_7,TCDB,TCDB.9_B_97_7_7_comp1
G_9_B_97_4_2_comp1,P_9_B_97_4_2_comp1,R_9_B_97_4_2,TCDB,TCDB.9_B_97_4_2_comp1
G_1_C_95_1_11_comp1,P_1_C_95_1_11_comp1,R_1_C_95_1_11,TCDB,TCDB.1_C_95_1_11_comp1
G_2_A_96_1_13_comp1,P_2_A_96_1_13_comp1,R_2_A_96_1_13,TCDB,TCDB.2_A_96_1_13_comp1
G_9_A_24_3_2_comp1,P_9_A_24_3_2_comp1,R_9_A_24_3_2,TCDB,TCDB.9_A_24_3_2_comp1
G_1_B_40_2_7_comp1,P_1_B_40_2_7_comp1,R_1_B_40_2_7,TCDB,TCDB.1_B_40_2_7_comp1
G_1_E_63_1_5_comp1,P_1_E_63_1_5_comp1,R_1_E_63_1_5,TCDB,TCDB.1_E_63_1_5_comp1
G_2_A_129_1_6_comp1,P_2_A_129_1_6_comp1,R_2_A_129_1_6,TCDB,TCDB.2_A_129_1_6_comp1
G_9_B_361_2_3_comp1,P_9_B_361_2_3_comp1,R_9_B_361_2_3,TCDB,TCDB.9_B_361_2_3_comp1
G_8_A_99_1_2_comp1,P_8_A_99_1_2_comp1,R_8_A_99_1_2,TCDB,TCDB.8_A_99_1_2_comp1
G_1_A_147_1_4_comp1,P_1_A_147_1_4_comp1,R_1_A_147_1_4,TCDB,TCDB.1_A_147_1_4_comp1
G_9_B_263_1_2_comp1,P_9_B_263_1_2_comp1,R_9_B_263_1_2,TCDB,TCDB.9_B_263_1_2_comp1
G_1_E_63_1_7_comp1,P_1_E_63_1_7_comp1,R_1_E_63_1_7,TCDB,TCDB.1_E_63_1_7_comp1
G_4_H_1_1_4_comp1,P_4_H_1_1_4_comp1,R_4_H_1_1_4,TCDB,TCDB.4_H_1_1_4_comp1
G_1_B_34_1_6_comp1,P_1_B_34_1_6_comp1,R_1_B_34_1_6,TCDB,TCDB.1_B_34_1_6_comp1
G_9_B_415_2_3_comp1,P_9_B_415_2_3_comp1,R_9_B_415_2_3,TCDB,TCDB.9_B_415_2_3_comp1
G_9_B_285_1_2_comp1,P_9_B_285_1_2_comp1,R_9_B_285_1_2,TCDB,TCDB.9_B_285_1_2_comp1
G_1_W_2_1_16_comp1,P_1_W_2_1_16_comp1,R_1_W_2_1_16,TCDB,TCDB.1_W_2_1_16_comp1
G_8_A_120_1_4_comp1,P_8_A_120_1_4_comp1,R_8_A_120_1_4,TCDB,TCDB.8_A_120_1_4_comp1
G_1_C_37_1_6_comp1,P_1_C_37_1_6_comp1,R_1_C_37_1_6,TCDB,TCDB.1_C_37_1_6_comp1
G_2_A_1_87_3_comp1,P_2_A_1_87_3_comp1,R_2_A_1_87_3,TCDB,TCDB.2_A_1_87_3_comp1
G_9_B_142_9_14_comp1,P_9_B_142_9_14_comp1,R_9_B_142_9_14,TCDB,TCDB.9_B_142_9_14_comp1
G_9_B_220_2_2_comp1,P_9_B_220_2_2_comp1,R_9_B_220_2_2,TCDB,TCDB.9_B_220_2_2_comp1
G_9_B_264_1_5_comp1,P_9_B_264_1_5_comp1,R_9_B_264_1_5,TCDB,TCDB.9_B_264_1_5_comp1
G_8_A_56_2_3_comp1,P_8_A_56_2_3_comp1,R_8_A_56_2_3,TCDB,TCDB.8_A_56_2_3_comp1
G_2_A_129_2_4_comp1,P_2_A_129_2_4_comp1,R_2_A_129_2_4,TCDB,TCDB.2_A_129_2_4_comp1
G_9_B_142_17_5_comp1,P_9_B_142_17_5_comp1,R_9_B_142_17_5,TCDB,TCDB.9_B_142_17_5_comp1
G_9_B_323_1_3_comp1,P_9_B_323_1_3_comp1,R_9_B_323_1_3,TCDB,TCDB.9_B_323_1_3_comp1
G_2_A_128_2_3_comp1,P_2_A_128_2_3_comp1,R_2_A_128_2_3,TCDB,TCDB.2_A_128_2_3_comp1
G_9_B_354_2_1_comp1,P_9_B_354_2_1_comp1,R_9_B_354_2_1,TCDB,TCDB.9_B_354_2_1_comp1
G_9_B_274_1_6_comp1,P_9_B_274_1_6_comp1,R_9_B_274_1_6,TCDB,TCDB.9_B_274_1_6_comp1
G_1_W_7_3_2_comp1,P_1_W_7_3_2_comp1,R_1_W_7_3_2,TCDB,TCDB.1_W_7_3_2_comp1
G_2_A_1_62_4_comp1,P_2_A_1_62_4_comp1,R_2_A_1_62_4,TCDB,TCDB.2_A_1_62_4_comp1
G_1_E_25_2_5_comp1,P_1_E_25_2_5_comp1,R_1_E_25_2_5,TCDB,TCDB.1_E_25_2_5_comp1
G_9_B_28_6_4_comp1,P_9_B_28_6_4_comp1,R_9_B_28_6_4,TCDB,TCDB.9_B_28_6_4_comp1
G_1_C_60_1_4_comp1,P_1_C_60_1_4_comp1,R_1_C_60_1_4,TCDB,TCDB.1_C_60_1_4_comp1
G_9_B_174_2_5_comp1,P_9_B_174_2_5_comp1,R_9_B_174_2_5,TCDB,TCDB.9_B_174_2_5_comp1
G_9_B_105_4_5_comp1,P_9_B_105_4_5_comp1,R_9_B_105_4_5,TCDB,TCDB.9_B_105_4_5_comp1
G_1_M_2_3_3_comp1,P_1_M_2_3_3_comp1,R_1_M_2_3_3,TCDB,TCDB.1_M_2_3_3_comp1
G_8_A_200_1_3_comp1,P_8_A_200_1_3_comp1,R_8_A_200_1_3,TCDB,TCDB.8_A_200_1_3_comp1
G_2_A_22_5_4_comp1,P_2_A_22_5_4_comp1,R_2_A_22_5_4,TCDB,TCDB.2_A_22_5_4_comp1
G_9_B_319_1_2_comp1,P_9_B_319_1_2_comp1,R_9_B_319_1_2,TCDB,TCDB.9_B_319_1_2_comp1
G_2_A_107_1_5_comp1,P_2_A_107_1_5_comp1,R_2_A_107_1_5,TCDB,TCDB.2_A_107_1_5_comp1
G_9_B_244_1_2_comp1,P_9_B_244_1_2_comp1,R_9_B_244_1_2,TCDB,TCDB.9_B_244_1_2_comp1
G_1_E_66_3_6_comp1,P_1_E_66_3_6_comp1,R_1_E_66_3_6,TCDB,TCDB.1_E_66_3_6_comp1
G_9_B_36_12_1_comp1,P_9_B_36_12_1_comp1,R_9_B_36_12_1,TCDB,TCDB.9_B_36_12_1_comp1
G_9_B_250_1_3_comp1,P_9_B_250_1_3_comp1,R_9_B_250_1_3,TCDB,TCDB.9_B_250_1_3_comp1
G_9_B_284_1_6_comp1,P_9_B_284_1_6_comp1,R_9_B_284_1_6,TCDB,TCDB.9_B_284_1_6_comp1
G_9_B_347_5_3_comp1,P_9_B_347_5_3_comp1,R_9_B_347_5_3,TCDB,TCDB.9_B_347_5_3_comp1
G_9_B_284_1_7_comp1,P_9_B_284_1_7_comp1,R_9_B_284_1_7,TCDB,TCDB.9_B_284_1_7_comp1
G_1_E_60_1_4_comp1,P_1_E_60_1_4_comp1,R_1_E_60_1_4,TCDB,TCDB.1_E_60_1_4_comp1
G_9_B_225_1_5_comp1,P_9_B_225_1_5_comp1,R_9_B_225_1_5,TCDB,TCDB.9_B_225_1_5_comp1
G_2_A_1_86_6_comp1,P_2_A_1_86_6_comp1,R_2_A_1_86_6,TCDB,TCDB.2_A_1_86_6_comp1
G_1_C_61_1_4_comp1,P_1_C_61_1_4_comp1,R_1_C_61_1_4,TCDB,TCDB.1_C_61_1_4_comp1
G_9_B_118_1_6_comp1,P_9_B_118_1_6_comp1,R_9_B_118_1_6,TCDB,TCDB.9_B_118_1_6_comp1
G_9_B_225_1_7_comp1,P_9_B_225_1_7_comp1,R_9_B_225_1_7,TCDB,TCDB.9_B_225_1_7_comp1
G_9_B_65_1_7_comp1,P_9_B_65_1_7_comp1,R_9_B_65_1_7,TCDB,TCDB.9_B_65_1_7_comp1
G_2_A_98_3_2_comp1,P_2_A_98_3_2_comp1,R_2_A_98_3_2,TCDB,TCDB.2_A_98_3_2_comp1
G_9_B_268_1_2_comp1,P_9_B_268_1_2_comp1,R_9_B_268_1_2,TCDB,TCDB.9_B_268_1_2_comp1
G_9_A_32_2_6_comp1,P_9_A_32_2_6_comp1,R_9_A_32_2_6,TCDB,TCDB.9_A_32_2_6_comp1
G_1_C_79_3_1_comp1,P_1_C_79_3_1_comp1,R_1_C_79_3_1,TCDB,TCDB.1_C_79_3_1_comp1
G_9_B_283_2_3_comp1,P_9_B_283_2_3_comp1,R_9_B_283_2_3,TCDB,TCDB.9_B_283_2_3_comp1
G_2_A_1_70_5_comp1,P_2_A_1_70_5_comp1,R_2_A_1_70_5,TCDB,TCDB.2_A_1_70_5_comp1
G_2_A_128_1_13_comp1,P_2_A_128_1_13_comp1,R_2_A_128_1_13,TCDB,TCDB.2_A_128_1_13_comp1
G_9_B_398_1_1_comp1,P_9_B_398_1_1_comp1,R_9_B_398_1_1,TCDB,TCDB.9_B_398_1_1_comp1
G_9_B_353_1_7_comp1,P_9_B_353_1_7_comp1,R_9_B_353_1_7,TCDB,TCDB.9_B_353_1_7_comp1
G_9_A_22_2_2_comp1,P_9_A_22_2_2_comp1,R_9_A_22_2_2,TCDB,TCDB.9_A_22_2_2_comp1
G_9_B_115_1_15_comp1,P_9_B_115_1_15_comp1,R_9_B_115_1_15,TCDB,TCDB.9_B_115_1_15_comp1
G_9_A_76_1_8_comp1,P_9_A_76_1_8_comp1,R_9_A_76_1_8,TCDB,TCDB.9_A_76_1_8_comp1
G_9_B_330_2_2_comp1,P_9_B_330_2_2_comp1,R_9_B_330_2_2,TCDB,TCDB.9_B_330_2_2_comp1
G_9_B_36_6_1_comp1,P_9_B_36_6_1_comp1,R_9_B_36_6_1,TCDB,TCDB.9_B_36_6_1_comp1
G_2_A_7_43_1_comp1,P_2_A_7_43_1_comp1,R_2_A_7_43_1,TCDB,TCDB.2_A_7_43_1_comp1
G_2_A_98_3_1_comp1,P_2_A_98_3_1_comp1,R_2_A_98_3_1,TCDB,TCDB.2_A_98_3_1_comp1
G_9_B_148_4_8_comp1,P_9_B_148_4_8_comp1,R_9_B_148_4_8,TCDB,TCDB.9_B_148_4_8_comp1
G_9_B_28_3_2_comp1,P_9_B_28_3_2_comp1,R_9_B_28_3_2,TCDB,TCDB.9_B_28_3_2_comp1
G_9_B_298_1_6_comp1,P_9_B_298_1_6_comp1,R_9_B_298_1_6,TCDB,TCDB.9_B_298_1_6_comp1
G_1_A_112_2_8_comp1,P_1_A_112_2_8_comp1,R_1_A_112_2_8,TCDB,TCDB.1_A_112_2_8_comp1
G_2_A_128_2_5_comp1,P_2_A_128_2_5_comp1,R_2_A_128_2_5,TCDB,TCDB.2_A_128_2_5_comp1
G_9_B_238_2_2_comp1,P_9_B_238_2_2_comp1,R_9_B_238_2_2,TCDB,TCDB.9_B_238_2_2_comp1
G_9_B_309_1_2_comp1,P_9_B_309_1_2_comp1,R_9_B_309_1_2,TCDB,TCDB.9_B_309_1_2_comp1
G_1_B_59_3_1_comp1,P_1_B_59_3_1_comp1,R_1_B_59_3_1,TCDB,TCDB.1_B_59_3_1_comp1
G_1_A_124_1_5_comp1,P_1_A_124_1_5_comp1,R_1_A_124_1_5,TCDB,TCDB.1_A_124_1_5_comp1
G_9_B_239_1_3_comp1,P_9_B_239_1_3_comp1,R_9_B_239_1_3,TCDB,TCDB.9_B_239_1_3_comp1
G_9_B_28_2_4_comp1,P_9_B_28_2_4_comp1,R_9_B_28_2_4,TCDB,TCDB.9_B_28_2_4_comp1
G_1_A_23_8_3_comp1,P_1_A_23_8_3_comp1,R_1_A_23_8_3,TCDB,TCDB.1_A_23_8_3_comp1
G_9_B_330_4_1_comp1,P_9_B_330_4_1_comp1,R_9_B_330_4_1,TCDB,TCDB.9_B_330_4_1_comp1
G_2_A_119_3_7_comp1,P_2_A_119_3_7_comp1,R_2_A_119_3_7,TCDB,TCDB.2_A_119_3_7_comp1
G_2_A_119_3_3_comp1,P_2_A_119_3_3_comp1,R_2_A_119_3_3,TCDB,TCDB.2_A_119_3_3_comp1
G_9_B_36_13_5_comp1,P_9_B_36_13_5_comp1,R_9_B_36_13_5,TCDB,TCDB.9_B_36_13_5_comp1
G_1_E_60_1_3_comp1,P_1_E_60_1_3_comp1,R_1_E_60_1_3,TCDB,TCDB.1_E_60_1_3_comp1
G_1_A_78_2_11_comp1,P_1_A_78_2_11_comp1,R_1_A_78_2_11,TCDB,TCDB.1_A_78_2_11_comp1
G_1_B_95_3_1_comp1,P_1_B_95_3_1_comp1,R_1_B_95_3_1,TCDB,TCDB.1_B_95_3_1_comp1
G_9_B_302_1_3_comp1,P_9_B_302_1_3_comp1,R_9_B_302_1_3,TCDB,TCDB.9_B_302_1_3_comp1
G_9_B_142_2_17_comp1,P_9_B_142_2_17_comp1,R_9_B_142_2_17,TCDB,TCDB.9_B_142_2_17_comp1
G_9_B_90_1_7_comp1,P_9_B_90_1_7_comp1,R_9_B_90_1_7,TCDB,TCDB.9_B_90_1_7_comp1
G_2_A_7_42_1_comp1,P_2_A_7_42_1_comp1,R_2_A_7_42_1,TCDB,TCDB.2_A_7_42_1_comp1
G_9_B_263_1_1_comp1,P_9_B_263_1_1_comp1,R_9_B_263_1_1,TCDB,TCDB.9_B_263_1_1_comp1
G_9_B_414_1_3_comp1,P_9_B_414_1_3_comp1,R_9_B_414_1_3,TCDB,TCDB.9_B_414_1_3_comp1
G_9_B_264_1_6_comp1,P_9_B_264_1_6_comp1,R_9_B_264_1_6,TCDB,TCDB.9_B_264_1_6_comp1
G_1_M_2_3_1_comp1,P_1_M_2_3_1_comp1,R_1_M_2_3_1,TCDB,TCDB.1_M_2_3_1_comp1
G_1_B_95_3_4_comp1,P_1_B_95_3_4_comp1,R_1_B_95_3_4,TCDB,TCDB.1_B_95_3_4_comp1
G_9_B_264_1_1_comp1,P_9_B_264_1_1_comp1,R_9_B_264_1_1,TCDB,TCDB.9_B_264_1_1_comp1
G_9_B_283_2_1_comp1,P_9_B_283_2_1_comp1,R_9_B_283_2_1,TCDB,TCDB.9_B_283_2_1_comp1
G_9_A_32_2_4_comp1,P_9_A_32_2_4_comp1,R_9_A_32_2_4,TCDB,TCDB.9_A_32_2_4_comp1
G_1_E_63_1_10_comp1,P_1_E_63_1_10_comp1,R_1_E_63_1_10,TCDB,TCDB.1_E_63_1_10_comp1
G_9_B_36_12_7_comp1,P_9_B_36_12_7_comp1,R_9_B_36_12_7,TCDB,TCDB.9_B_36_12_7_comp1
G_9_B_27_1_6_comp1,P_9_B_27_1_6_comp1,R_9_B_27_1_6,TCDB,TCDB.9_B_27_1_6_comp1
G_9_B_36_12_6_comp1,P_9_B_36_12_6_comp1,R_9_B_36_12_6,TCDB,TCDB.9_B_36_12_6_comp1
G_9_A_72_1_4_comp1,P_9_A_72_1_4_comp1,R_9_A_72_1_4,TCDB,TCDB.9_A_72_1_4_comp1
G_9_B_359_2_3_comp1,P_9_B_359_2_3_comp1,R_9_B_359_2_3,TCDB,TCDB.9_B_359_2_3_comp1
G_1_M_9_1_3_comp1,P_1_M_9_1_3_comp1,R_1_M_9_1_3,TCDB,TCDB.1_M_9_1_3_comp1
G_9_B_268_1_1_comp1,P_9_B_268_1_1_comp1,R_9_B_268_1_1,TCDB,TCDB.9_B_268_1_1_comp1
G_9_B_253_1_3_comp1,P_9_B_253_1_3_comp1,R_9_B_253_1_3,TCDB,TCDB.9_B_253_1_3_comp1
G_1_B_85_1_7_comp1,P_1_B_85_1_7_comp1,R_1_B_85_1_7,TCDB,TCDB.1_B_85_1_7_comp1
G_9_B_257_1_3_comp1,P_9_B_257_1_3_comp1,R_9_B_257_1_3,TCDB,TCDB.9_B_257_1_3_comp1
G_1_C_96_2_3_comp1,P_1_C_96_2_3_comp1,R_1_C_96_2_3,TCDB,TCDB.1_C_96_2_3_comp1
G_9_B_105_6_2_comp1,P_9_B_105_6_2_comp1,R_9_B_105_6_2,TCDB,TCDB.9_B_105_6_2_comp1
G_9_B_284_1_4_comp1,P_9_B_284_1_4_comp1,R_9_B_284_1_4,TCDB,TCDB.9_B_284_1_4_comp1
G_9_B_257_1_2_comp1,P_9_B_257_1_2_comp1,R_9_B_257_1_2,TCDB,TCDB.9_B_257_1_2_comp1
G_1_B_93_1_10_comp1,P_1_B_93_1_10_comp1,R_1_B_93_1_10,TCDB,TCDB.1_B_93_1_10_comp1
G_9_B_36_1_4_comp1,P_9_B_36_1_4_comp1,R_9_B_36_1_4,TCDB,TCDB.9_B_36_1_4_comp1
G_9_B_142_17_9_comp1,P_9_B_142_17_9_comp1,R_9_B_142_17_9,TCDB,TCDB.9_B_142_17_9_comp1
G_2_A_127_1_12_comp1,P_2_A_127_1_12_comp1,R_2_A_127_1_12,TCDB,TCDB.2_A_127_1_12_comp1
G_1_C_130_1_3_comp1,P_1_C_130_1_3_comp1,R_1_C_130_1_3,TCDB,TCDB.1_C_130_1_3_comp1
G_4_C_3_2_4_comp1,P_4_C_3_2_4_comp1,R_4_C_3_2_4,TCDB,TCDB.4_C_3_2_4_comp1
G_9_B_104_1_8_comp1,P_9_B_104_1_8_comp1,R_9_B_104_1_8,TCDB,TCDB.9_B_104_1_8_comp1
G_9_B_361_4_4_comp1,P_9_B_361_4_4_comp1,R_9_B_361_4_4,TCDB,TCDB.9_B_361_4_4_comp1
G_3_E_3_1_6_comp1,P_3_E_3_1_6_comp1,R_3_E_3_1_6,TCDB,TCDB.3_E_3_1_6_comp1
G_1_C_39_4_8_comp1,P_1_C_39_4_8_comp1,R_1_C_39_4_8,TCDB,TCDB.1_C_39_4_8_comp1
G_1_C_39_4_9_comp1,P_1_C_39_4_9_comp1,R_1_C_39_4_9,TCDB,TCDB.1_C_39_4_9_comp1
G_1_B_95_3_2_comp1,P_1_B_95_3_2_comp1,R_1_B_95_3_2,TCDB,TCDB.1_B_95_3_2_comp1
G_2_A_128_1_14_comp1,P_2_A_128_1_14_comp1,R_2_A_128_1_14,TCDB,TCDB.2_A_128_1_14_comp1
G_1_C_126_1_3_comp1,P_1_C_126_1_3_comp1,R_1_C_126_1_3,TCDB,TCDB.1_C_126_1_3_comp1
G_1_B_162_1_7_comp1,P_1_B_162_1_7_comp1,R_1_B_162_1_7,TCDB,TCDB.1_B_162_1_7_comp1
G_9_B_219_3_2_comp1,P_9_B_219_3_2_comp1,R_9_B_219_3_2,TCDB,TCDB.9_B_219_3_2_comp1
G_8_A_212_1_3_comp1,P_8_A_212_1_3_comp1,R_8_A_212_1_3,TCDB,TCDB.8_A_212_1_3_comp1
G_1_E_66_2_3_comp1,P_1_E_66_2_3_comp1,R_1_E_66_2_3,TCDB,TCDB.1_E_66_2_3_comp1
G_9_B_142_17_2_comp1,P_9_B_142_17_2_comp1,R_9_B_142_17_2,TCDB,TCDB.9_B_142_17_2_comp1
G_9_B_306_4_2_comp1,P_9_B_306_4_2_comp1,R_9_B_306_4_2,TCDB,TCDB.9_B_306_4_2_comp1
G_1_C_60_1_13_comp1,P_1_C_60_1_13_comp1,R_1_C_60_1_13,TCDB,TCDB.1_C_60_1_13_comp1
G_1_E_11_3_5_comp1,P_1_E_11_3_5_comp1,R_1_E_11_3_5,TCDB,TCDB.1_E_11_3_5_comp1
G_1_E_7_2_6_comp1,P_1_E_7_2_6_comp1,R_1_E_7_2_6,TCDB,TCDB.1_E_7_2_6_comp1
G_1_E_34_1_15_comp1,P_1_E_34_1_15_comp1,R_1_E_34_1_15,TCDB,TCDB.1_E_34_1_15_comp1
G_1_C_60_1_3_comp1,P_1_C_60_1_3_comp1,R_1_C_60_1_3,TCDB,TCDB.1_C_60_1_3_comp1
G_9_B_219_1_2_comp1,P_9_B_219_1_2_comp1,R_9_B_219_1_2,TCDB,TCDB.9_B_219_1_2_comp1
G_9_B_309_1_3_comp1,P_9_B_309_1_3_comp1,R_9_B_309_1_3,TCDB,TCDB.9_B_309_1_3_comp1
G_1_M_12_1_5_comp1,P_1_M_12_1_5_comp1,R_1_M_12_1_5,TCDB,TCDB.1_M_12_1_5_comp1
G_2_A_66_2_28_comp1,P_2_A_66_2_28_comp1,R_2_A_66_2_28,TCDB,TCDB.2_A_66_2_28_comp1
G_8_A_146_2_2_comp1,P_8_A_146_2_2_comp1,R_8_A_146_2_2,TCDB,TCDB.8_A_146_2_2_comp1
G_9_B_347_2_2_comp1,P_9_B_347_2_2_comp1,R_9_B_347_2_2,TCDB,TCDB.9_B_347_2_2_comp1
G_1_C_26_1_3_comp1,P_1_C_26_1_3_comp1,R_1_C_26_1_3,TCDB,TCDB.1_C_26_1_3_comp1
G_1_B_93_1_11_comp1,P_1_B_93_1_11_comp1,R_1_B_93_1_11,TCDB,TCDB.1_B_93_1_11_comp1
G_9_B_396_1_6_comp1,P_9_B_396_1_6_comp1,R_9_B_396_1_6,TCDB,TCDB.9_B_396_1_6_comp1
G_2_A_119_1_4_comp1,P_2_A_119_1_4_comp1,R_2_A_119_1_4,TCDB,TCDB.2_A_119_1_4_comp1
G_9_B_283_3_4_comp1,P_9_B_283_3_4_comp1,R_9_B_283_3_4,TCDB,TCDB.9_B_283_3_4_comp1
G_1_C_95_1_7_comp1,P_1_C_95_1_7_comp1,R_1_C_95_1_7,TCDB,TCDB.1_C_95_1_7_comp1
G_9_B_283_1_1_comp1,P_9_B_283_1_1_comp1,R_9_B_283_1_1,TCDB,TCDB.9_B_283_1_1_comp1
G_9_A_32_1_4_comp1,P_9_A_32_1_4_comp1,R_9_A_32_1_4,TCDB,TCDB.9_A_32_1_4_comp1
G_1_E_64_2_3_comp1,P_1_E_64_2_3_comp1,R_1_E_64_2_3,TCDB,TCDB.1_E_64_2_3_comp1
G_9_A_74_1_10_comp1,P_9_A_74_1_10_comp1,R_9_A_74_1_10,TCDB,TCDB.9_A_74_1_10_comp1
G_9_A_41_1_6_comp1,P_9_A_41_1_6_comp1,R_9_A_41_1_6,TCDB,TCDB.9_A_41_1_6_comp1
G_2_A_107_1_4_comp1,P_2_A_107_1_4_comp1,R_2_A_107_1_4,TCDB,TCDB.2_A_107_1_4_comp1
G_8_B_35_2_1_comp1,P_8_B_35_2_1_comp1,R_8_B_35_2_1,TCDB,TCDB.8_B_35_2_1_comp1
G_9_B_121_2_3_comp1,P_9_B_121_2_3_comp1,R_9_B_121_2_3,TCDB,TCDB.9_B_121_2_3_comp1
G_8_A_150_1_3_comp1,P_8_A_150_1_3_comp1,R_8_A_150_1_3,TCDB,TCDB.8_A_150_1_3_comp1
G_9_B_285_1_3_comp1,P_9_B_285_1_3_comp1,R_9_B_285_1_3,TCDB,TCDB.9_B_285_1_3_comp1
G_4_D_2_2_4_comp1,P_4_D_2_2_4_comp1,R_4_D_2_2_4,TCDB,TCDB.4_D_2_2_4_comp1
G_1_W_2_1_5_comp1,P_1_W_2_1_5_comp1,R_1_W_2_1_5,TCDB,TCDB.1_W_2_1_5_comp1
G_8_A_128_4_1_comp1,P_8_A_128_4_1_comp1,R_8_A_128_4_1,TCDB,TCDB.8_A_128_4_1_comp1
G_9_A_7_1_6_comp1,P_9_A_7_1_6_comp1,R_9_A_7_1_6,TCDB,TCDB.9_A_7_1_6_comp1
G_9_B_90_1_4_comp1,P_9_B_90_1_4_comp1,R_9_B_90_1_4,TCDB,TCDB.9_B_90_1_4_comp1
G_4_H_1_1_7_comp1,P_4_H_1_1_7_comp1,R_4_H_1_1_7,TCDB,TCDB.4_H_1_1_7_comp1
G_1_B_92_2_1_comp1,P_1_B_92_2_1_comp1,R_1_B_92_2_1,TCDB,TCDB.1_B_92_2_1_comp1
G_9_B_254_1_3_comp1,P_9_B_254_1_3_comp1,R_9_B_254_1_3,TCDB,TCDB.9_B_254_1_3_comp1
G_9_B_264_1_3_comp1,P_9_B_264_1_3_comp1,R_9_B_264_1_3,TCDB,TCDB.9_B_264_1_3_comp1
G_1_B_93_1_13_comp1,P_1_B_93_1_13_comp1,R_1_B_93_1_13,TCDB,TCDB.1_B_93_1_13_comp1
G_9_B_318_1_4_comp1,P_9_B_318_1_4_comp1,R_9_B_318_1_4,TCDB,TCDB.9_B_318_1_4_comp1
G_9_B_328_1_3_comp1,P_9_B_328_1_3_comp1,R_9_B_328_1_3,TCDB,TCDB.9_B_328_1_3_comp1
G_9_B_121_3_2_comp1,P_9_B_121_3_2_comp1,R_9_B_121_3_2,TCDB,TCDB.9_B_121_3_2_comp1
G_9_B_117_4_1_comp1,P_9_B_117_4_1_comp1,R_9_B_117_4_1,TCDB,TCDB.9_B_117_4_1_comp1
G_9_B_273_1_2_comp1,P_9_B_273_1_2_comp1,R_9_B_273_1_2,TCDB,TCDB.9_B_273_1_2_comp1
G_1_C_60_1_7_comp1,P_1_C_60_1_7_comp1,R_1_C_60_1_7,TCDB,TCDB.1_C_60_1_7_comp1
G_9_B_261_1_2_comp1,P_9_B_261_1_2_comp1,R_9_B_261_1_2,TCDB,TCDB.9_B_261_1_2_comp1
G_1_W_2_1_14_comp1,P_1_W_2_1_14_comp1,R_1_W_2_1_14,TCDB,TCDB.1_W_2_1_14_comp1
G_9_B_407_1_3_comp1,P_9_B_407_1_3_comp1,R_9_B_407_1_3,TCDB,TCDB.9_B_407_1_3_comp1
G_9_B_28_5_7_comp1,P_9_B_28_5_7_comp1,R_9_B_28_5_7,TCDB,TCDB.9_B_28_5_7_comp1
G_2_C_1_2_2_comp1,P_2_C_1_2_2_comp1,R_2_C_1_2_2,TCDB,TCDB.2_C_1_2_2_comp1
G_1_B_95_3_5_comp1,P_1_B_95_3_5_comp1,R_1_B_95_3_5,TCDB,TCDB.1_B_95_3_5_comp1
G_8_A_129_1_3_comp1,P_8_A_129_1_3_comp1,R_8_A_129_1_3,TCDB,TCDB.8_A_129_1_3_comp1
G_9_B_370_1_6_comp1,P_9_B_370_1_6_comp1,R_9_B_370_1_6,TCDB,TCDB.9_B_370_1_6_comp1
G_8_A_56_3_1_comp1,P_8_A_56_3_1_comp1,R_8_A_56_3_1,TCDB,TCDB.8_A_56_3_1_comp1
G_2_A_64_6_3_comp1,P_2_A_64_6_3_comp1+2_A_64_6_3_comp2,R_2_A_64_6_3,TCDB,TCDB.2_A_64_6_3_comp1
G_2_A_64_6_3_comp2,P_2_A_64_6_3_comp1+2_A_64_6_3_comp2,R_2_A_64_6_3,TCDB,TCDB.2_A_64_6_3_comp2
G_1_E_11_3_11_comp1,P_1_E_11_3_11_comp1,R_1_E_11_3_11,TCDB,TCDB.1_E_11_3_11_comp1
G_9_B_359_2_2_comp1,P_9_B_359_2_2_comp1,R_9_B_359_2_2,TCDB,TCDB.9_B_359_2_2_comp1
G_1_C_53_2_8_comp1,P_1_C_53_2_8_comp1,R_1_C_53_2_8,TCDB,TCDB.1_C_53_2_8_comp1
G_9_B_353_1_5_comp1,P_9_B_353_1_5_comp1,R_9_B_353_1_5,TCDB,TCDB.9_B_353_1_5_comp1
G_8_B_18_1_3_comp1,P_8_B_18_1_3_comp1,R_8_B_18_1_3,TCDB,TCDB.8_B_18_1_3_comp1
G_1_B_95_5_3_comp1,P_1_B_95_5_3_comp1,R_1_B_95_5_3,TCDB,TCDB.1_B_95_5_3_comp1
G_1_C_95_1_9_comp1,P_1_C_95_1_9_comp1,R_1_C_95_1_9,TCDB,TCDB.1_C_95_1_9_comp1
G_2_A_7_44_4_comp1,P_2_A_7_44_4_comp1,R_2_A_7_44_4,TCDB,TCDB.2_A_7_44_4_comp1
G_8_A_128_6_2_comp1,P_8_A_128_6_2_comp1,R_8_A_128_6_2,TCDB,TCDB.8_A_128_6_2_comp1
G_9_B_110_1_1_comp1,P_9_B_110_1_1_comp1,R_9_B_110_1_1,TCDB,TCDB.9_B_110_1_1_comp1
G_2_A_127_1_11_comp1,P_2_A_127_1_11_comp1,R_2_A_127_1_11,TCDB,TCDB.2_A_127_1_11_comp1
G_9_A_7_1_5_comp1,P_9_A_7_1_5_comp1,R_9_A_7_1_5,TCDB,TCDB.9_A_7_1_5_comp1
G_1_C_37_1_2_comp1,P_1_C_37_1_2_comp1,R_1_C_37_1_2,TCDB,TCDB.1_C_37_1_2_comp1
G_1_A_115_1_3_comp1,P_1_A_115_1_3_comp1,R_1_A_115_1_3,TCDB,TCDB.1_A_115_1_3_comp1
G_9_B_36_3_2_comp1,P_9_B_36_3_2_comp1,R_9_B_36_3_2,TCDB,TCDB.9_B_36_3_2_comp1
G_1_E_63_1_2_comp1,P_1_E_63_1_2_comp1,R_1_E_63_1_2,TCDB,TCDB.1_E_63_1_2_comp1
G_4_H_1_1_5_comp1,P_4_H_1_1_5_comp1,R_4_H_1_1_5,TCDB,TCDB.4_H_1_1_5_comp1
G_2_C_1_3_3_comp1,P_2_C_1_3_3_comp1,R_2_C_1_3_3,TCDB,TCDB.2_C_1_3_3_comp1
G_8_A_176_1_2_comp1,P_8_A_176_1_2_comp1,R_8_A_176_1_2,TCDB,TCDB.8_A_176_1_2_comp1
G_1_C_96_3_2_comp1,P_1_C_96_3_2_comp1,R_1_C_96_3_2,TCDB,TCDB.1_C_96_3_2_comp1
G_1_W_7_7_1_comp1,P_1_W_7_7_1_comp1,R_1_W_7_7_1,TCDB,TCDB.1_W_7_7_1_comp1
G_9_B_29_2_21_comp1,P_9_B_29_2_21_comp1,R_9_B_29_2_21,TCDB,TCDB.9_B_29_2_21_comp1
G_1_E_5_4_1_comp1,P_1_E_5_4_1_comp1,R_1_E_5_4_1,TCDB,TCDB.1_E_5_4_1_comp1
G_1_W_7_1_2_comp1,P_1_W_7_1_2_comp1,R_1_W_7_1_2,TCDB,TCDB.1_W_7_1_2_comp1
G_9_B_67_3_8_comp1,P_9_B_67_3_8_comp1,R_9_B_67_3_8,TCDB,TCDB.9_B_67_3_8_comp1
G_1_E_66_1_10_comp1,P_1_E_66_1_10_comp1,R_1_E_66_1_10,TCDB,TCDB.1_E_66_1_10_comp1
G_1_M_6_1_4_comp1,P_1_M_6_1_4_comp1,R_1_M_6_1_4,TCDB,TCDB.1_M_6_1_4_comp1
G_9_B_415_2_2_comp1,P_9_B_415_2_2_comp1,R_9_B_415_2_2,TCDB,TCDB.9_B_415_2_2_comp1
G_9_B_370_1_5_comp1,P_9_B_370_1_5_comp1,R_9_B_370_1_5,TCDB,TCDB.9_B_370_1_5_comp1
G_2_A_128_1_12_comp1,P_2_A_128_1_12_comp1,R_2_A_128_1_12,TCDB,TCDB.2_A_128_1_12_comp1
G_2_A_6_8_4_comp1,P_2_A_6_8_4_comp1,R_2_A_6_8_4,TCDB,TCDB.2_A_6_8_4_comp1
G_1_M_1_4_27_comp1,P_1_M_1_4_27_comp1,R_1_M_1_4_27,TCDB,TCDB.1_M_1_4_27_comp1
G_9_B_142_9_16_comp1,P_9_B_142_9_16_comp1,R_9_B_142_9_16,TCDB,TCDB.9_B_142_9_16_comp1
G_9_B_371_1_4_comp1,P_9_B_371_1_4_comp1,R_9_B_371_1_4,TCDB,TCDB.9_B_371_1_4_comp1
G_9_B_221_2_1_comp1,P_9_B_221_2_1_comp1,R_9_B_221_2_1,TCDB,TCDB.9_B_221_2_1_comp1
G_1_W_2_1_20_comp1,P_1_W_2_1_20_comp1,R_1_W_2_1_20,TCDB,TCDB.1_W_2_1_20_comp1
G_1_E_64_2_6_comp1,P_1_E_64_2_6_comp1,R_1_E_64_2_6,TCDB,TCDB.1_E_64_2_6_comp1
G_8_A_150_1_2_comp1,P_8_A_150_1_2_comp1,R_8_A_150_1_2,TCDB,TCDB.8_A_150_1_2_comp1
G_9_B_337_1_4_comp1,P_9_B_337_1_4_comp1,R_9_B_337_1_4,TCDB,TCDB.9_B_337_1_4_comp1
G_3_A_1_32_4_comp1,P_3_A_1_32_4_comp1+3_A_1_32_4_comp2+3_A_1_32_4_comp3,R_3_A_1_32_4,TCDB,TCDB.3_A_1_32_4_comp1
G_3_A_1_32_4_comp2,P_3_A_1_32_4_comp1+3_A_1_32_4_comp2+3_A_1_32_4_comp3,R_3_A_1_32_4,TCDB,TCDB.3_A_1_32_4_comp2
G_3_A_1_32_4_comp3,P_3_A_1_32_4_comp1+3_A_1_32_4_comp2+3_A_1_32_4_comp3,R_3_A_1_32_4,TCDB,TCDB.3_A_1_32_4_comp3
G_1_E_62_1_6_comp1,P_1_E_62_1_6_comp1,R_1_E_62_1_6,TCDB,TCDB.1_E_62_1_6_comp1
G_2_A_134_1_5_comp1,P_2_A_134_1_5_comp1,R_2_A_134_1_5,TCDB,TCDB.2_A_134_1_5_comp1
G_9_B_210_1_12_comp1,P_9_B_210_1_12_comp1,R_9_B_210_1_12,TCDB,TCDB.9_B_210_1_12_comp1
G_1_W_9_1_4_comp1,P_1_W_9_1_4_comp1,R_1_W_9_1_4,TCDB,TCDB.1_W_9_1_4_comp1
G_1_E_64_3_10_comp1,P_1_E_64_3_10_comp1,R_1_E_64_3_10,TCDB,TCDB.1_E_64_3_10_comp1
G_9_B_443_1_7_comp1,P_9_B_443_1_7_comp1,R_9_B_443_1_7,TCDB,TCDB.9_B_443_1_7_comp1
G_8_A_128_6_4_comp1,P_8_A_128_6_4_comp1,R_8_A_128_6_4,TCDB,TCDB.8_A_128_6_4_comp1
G_9_A_76_1_3_comp1,P_9_A_76_1_3_comp1,R_9_A_76_1_3,TCDB,TCDB.9_A_76_1_3_comp1
G_2_A_7_44_11_comp1,P_2_A_7_44_11_comp1,R_2_A_7_44_11,TCDB,TCDB.2_A_7_44_11_comp1
G_9_B_359_4_2_comp1,P_9_B_359_4_2_comp1,R_9_B_359_4_2,TCDB,TCDB.9_B_359_4_2_comp1
G_1_E_5_2_7_comp1,P_1_E_5_2_7_comp1,R_1_E_5_2_7,TCDB,TCDB.1_E_5_2_7_comp1
G_8_B_18_1_2_comp1,P_8_B_18_1_2_comp1,R_8_B_18_1_2,TCDB,TCDB.8_B_18_1_2_comp1
G_9_B_363_1_2_comp1,P_9_B_363_1_2_comp1,R_9_B_363_1_2,TCDB,TCDB.9_B_363_1_2_comp1
G_2_A_129_2_3_comp1,P_2_A_129_2_3_comp1,R_2_A_129_2_3,TCDB,TCDB.2_A_129_2_3_comp1
G_9_B_36_12_5_comp1,P_9_B_36_12_5_comp1,R_9_B_36_12_5,TCDB,TCDB.9_B_36_12_5_comp1
G_1_C_61_1_3_comp1,P_1_C_61_1_3_comp1,R_1_C_61_1_3,TCDB,TCDB.1_C_61_1_3_comp1
G_1_C_105_1_3_comp1,P_1_C_105_1_3_comp1,R_1_C_105_1_3,TCDB,TCDB.1_C_105_1_3_comp1
G_1_C_60_2_2_comp1,P_1_C_60_2_2_comp1,R_1_C_60_2_2,TCDB,TCDB.1_C_60_2_2_comp1
G_9_B_104_1_10_comp1,P_9_B_104_1_10_comp1,R_9_B_104_1_10,TCDB,TCDB.9_B_104_1_10_comp1
G_2_A_1_70_9_comp1,P_2_A_1_70_9_comp1,R_2_A_1_70_9,TCDB,TCDB.2_A_1_70_9_comp1
G_1_B_89_1_9_comp1,P_1_B_89_1_9_comp1,R_1_B_89_1_9,TCDB,TCDB.1_B_89_1_9_comp1
G_9_A_76_1_9_comp1,P_9_A_76_1_9_comp1,R_9_A_76_1_9,TCDB,TCDB.9_A_76_1_9_comp1
G_1_A_1_24_6_comp1,P_1_A_1_24_6_comp1,R_1_A_1_24_6,TCDB,TCDB.1_A_1_24_6_comp1
G_9_B_429_1_2_comp1,P_9_B_429_1_2_comp1,R_9_B_429_1_2,TCDB,TCDB.9_B_429_1_2_comp1
G_1_B_95_4_4_comp1,P_1_B_95_4_4_comp1,R_1_B_95_4_4,TCDB,TCDB.1_B_95_4_4_comp1
G_1_C_134_1_2_comp1,P_1_C_134_1_2_comp1,R_1_C_134_1_2,TCDB,TCDB.1_C_134_1_2_comp1
G_2_A_128_2_1_comp1,P_2_A_128_2_1_comp1,R_2_A_128_2_1,TCDB,TCDB.2_A_128_2_1_comp1
G_9_B_349_1_2_comp1,P_9_B_349_1_2_comp1,R_9_B_349_1_2,TCDB,TCDB.9_B_349_1_2_comp1
G_2_A_128_2_6_comp1,P_2_A_128_2_6_comp1,R_2_A_128_2_6,TCDB,TCDB.2_A_128_2_6_comp1
G_9_B_325_1_3_comp1,P_9_B_325_1_3_comp1,R_9_B_325_1_3,TCDB,TCDB.9_B_325_1_3_comp1
G_8_B_21_2_3_comp1,P_8_B_21_2_3_comp1,R_8_B_21_2_3,TCDB,TCDB.8_B_21_2_3_comp1
G_1_E_63_1_3_comp1,P_1_E_63_1_3_comp1,R_1_E_63_1_3,TCDB,TCDB.1_E_63_1_3_comp1
G_1_B_59_1_10_comp1,P_1_B_59_1_10_comp1,R_1_B_59_1_10,TCDB,TCDB.1_B_59_1_10_comp1
G_2_A_132_1_7_comp1,P_2_A_132_1_7_comp1,R_2_A_132_1_7,TCDB,TCDB.2_A_132_1_7_comp1
G_1_W_2_1_21_comp1,P_1_W_2_1_21_comp1,R_1_W_2_1_21,TCDB,TCDB.1_W_2_1_21_comp1
G_1_B_20_4_2_comp1,P_1_B_20_4_2_comp1,R_1_B_20_4_2,TCDB,TCDB.1_B_20_4_2_comp1
G_9_B_349_1_5_comp1,P_9_B_349_1_5_comp1,R_9_B_349_1_5,TCDB,TCDB.9_B_349_1_5_comp1
G_9_B_323_1_2_comp1,P_9_B_323_1_2_comp1,R_9_B_323_1_2,TCDB,TCDB.9_B_323_1_2_comp1
G_1_W_10_1_6_comp1,P_1_W_10_1_6_comp1,R_1_W_10_1_6,TCDB,TCDB.1_W_10_1_6_comp1
G_1_A_147_1_3_comp1,P_1_A_147_1_3_comp1,R_1_A_147_1_3,TCDB,TCDB.1_A_147_1_3_comp1
G_1_B_93_1_7_comp1,P_1_B_93_1_7_comp1,R_1_B_93_1_7,TCDB,TCDB.1_B_93_1_7_comp1
G_9_A_74_1_8_comp1,P_9_A_74_1_8_comp1,R_9_A_74_1_8,TCDB,TCDB.9_A_74_1_8_comp1
G_1_E_29_3_3_comp1,P_1_E_29_3_3_comp1,R_1_E_29_3_3,TCDB,TCDB.1_E_29_3_3_comp1
G_9_B_36_13_4_comp1,P_9_B_36_13_4_comp1,R_9_B_36_13_4,TCDB,TCDB.9_B_36_13_4_comp1
G_9_B_154_1_9_comp1,P_9_B_154_1_9_comp1,R_9_B_154_1_9,TCDB,TCDB.9_B_154_1_9_comp1
G_1_C_96_3_3_comp1,P_1_C_96_3_3_comp1,R_1_C_96_3_3,TCDB,TCDB.1_C_96_3_3_comp1
G_1_B_20_2_2_comp1,P_1_B_20_2_2_comp1,R_1_B_20_2_2,TCDB,TCDB.1_B_20_2_2_comp1
G_1_B_6_11_1_comp1,P_1_B_6_11_1_comp1,R_1_B_6_11_1,TCDB,TCDB.1_B_6_11_1_comp1
G_4_C_3_1_8_comp1,P_4_C_3_1_8_comp1,R_4_C_3_1_8,TCDB,TCDB.4_C_3_1_8_comp1
G_9_B_306_1_3_comp1,P_9_B_306_1_3_comp1,R_9_B_306_1_3,TCDB,TCDB.9_B_306_1_3_comp1
G_1_A_1_21_2_comp1,P_1_A_1_21_2_comp1,R_1_A_1_21_2,TCDB,TCDB.1_A_1_21_2_comp1
G_9_B_353_1_1_comp1,P_9_B_353_1_1_comp1,R_9_B_353_1_1,TCDB,TCDB.9_B_353_1_1_comp1
G_8_A_223_1_3_comp1,P_8_A_223_1_3_comp1,R_8_A_223_1_3,TCDB,TCDB.8_A_223_1_3_comp1
G_9_B_330_2_3_comp1,P_9_B_330_2_3_comp1,R_9_B_330_2_3,TCDB,TCDB.9_B_330_2_3_comp1
G_2_A_31_2_18_comp1,P_2_A_31_2_18_comp1,R_2_A_31_2_18,TCDB,TCDB.2_A_31_2_18_comp1
G_1_A_134_1_4_comp1,P_1_A_134_1_4_comp1,R_1_A_134_1_4,TCDB,TCDB.1_A_134_1_4_comp1
G_1_C_60_1_14_comp1,P_1_C_60_1_14_comp1,R_1_C_60_1_14,TCDB,TCDB.1_C_60_1_14_comp1
G_1_S_1_1_3_comp1,P_1_S_1_1_3_comp1,R_1_S_1_1_3,TCDB,TCDB.1_S_1_1_3_comp1
G_9_B_359_3_1_comp1,P_9_B_359_3_1_comp1,R_9_B_359_3_1,TCDB,TCDB.9_B_359_3_1_comp1
G_9_B_142_19_4_comp1,P_9_B_142_19_4_comp1,R_9_B_142_19_4,TCDB,TCDB.9_B_142_19_4_comp1
G_1_W_7_2_4_comp1,P_1_W_7_2_4_comp1,R_1_W_7_2_4,TCDB,TCDB.1_W_7_2_4_comp1
G_9_B_395_1_3_comp1,P_9_B_395_1_3_comp1,R_9_B_395_1_3,TCDB,TCDB.9_B_395_1_3_comp1
G_9_B_371_2_6_comp1,P_9_B_371_2_6_comp1,R_9_B_371_2_6,TCDB,TCDB.9_B_371_2_6_comp1
G_9_B_221_2_4_comp1,P_9_B_221_2_4_comp1,R_9_B_221_2_4,TCDB,TCDB.9_B_221_2_4_comp1
G_2_A_134_1_10_comp1,P_2_A_134_1_10_comp1,R_2_A_134_1_10,TCDB,TCDB.2_A_134_1_10_comp1
G_9_B_318_1_5_comp1,P_9_B_318_1_5_comp1,R_9_B_318_1_5,TCDB,TCDB.9_B_318_1_5_comp1
G_1_M_15_1_2_comp1,P_1_M_15_1_2_comp1,R_1_M_15_1_2,TCDB,TCDB.1_M_15_1_2_comp1
G_9_B_148_4_4_comp1,P_9_B_148_4_4_comp1,R_9_B_148_4_4,TCDB,TCDB.9_B_148_4_4_comp1
G_8_A_128_6_5_comp1,P_8_A_128_6_5_comp1,R_8_A_128_6_5,TCDB,TCDB.8_A_128_6_5_comp1
G_8_A_85_3_3_comp1,P_8_A_85_3_3_comp1,R_8_A_85_3_3,TCDB,TCDB.8_A_85_3_3_comp1
G_1_E_63_1_11_comp1,P_1_E_63_1_11_comp1,R_1_E_63_1_11,TCDB,TCDB.1_E_63_1_11_comp1
G_9_B_111_1_5_comp1,P_9_B_111_1_5_comp1,R_9_B_111_1_5,TCDB,TCDB.9_B_111_1_5_comp1
G_1_C_37_1_11_comp1,P_1_C_37_1_11_comp1,R_1_C_37_1_11,TCDB,TCDB.1_C_37_1_11_comp1
G_1_C_61_1_2_comp1,P_1_C_61_1_2_comp1,R_1_C_61_1_2,TCDB,TCDB.1_C_61_1_2_comp1
G_9_B_396_1_1_comp1,P_9_B_396_1_1_comp1,R_9_B_396_1_1,TCDB,TCDB.9_B_396_1_1_comp1
G_9_B_263_2_2_comp1,P_9_B_263_2_2_comp1,R_9_B_263_2_2,TCDB,TCDB.9_B_263_2_2_comp1
G_9_B_226_1_11_comp1,P_9_B_226_1_11_comp1,R_9_B_226_1_11,TCDB,TCDB.9_B_226_1_11_comp1
G_2_A_7_43_7_comp1,P_2_A_7_43_7_comp1,R_2_A_7_43_7,TCDB,TCDB.2_A_7_43_7_comp1
G_1_W_5_1_4_comp1,P_1_W_5_1_4_comp1,R_1_W_5_1_4,TCDB,TCDB.1_W_5_1_4_comp1
G_9_B_383_1_3_comp1,P_9_B_383_1_3_comp1,R_9_B_383_1_3,TCDB,TCDB.9_B_383_1_3_comp1
G_1_C_43_1_5_comp1,P_1_C_43_1_5_comp1,R_1_C_43_1_5,TCDB,TCDB.1_C_43_1_5_comp1
G_9_B_28_6_1_comp1,P_9_B_28_6_1_comp1,R_9_B_28_6_1,TCDB,TCDB.9_B_28_6_1_comp1
G_1_C_60_1_10_comp1,P_1_C_60_1_10_comp1,R_1_C_60_1_10,TCDB,TCDB.1_C_60_1_10_comp1
G_2_A_131_1_5_comp1,P_2_A_131_1_5_comp1,R_2_A_131_1_5,TCDB,TCDB.2_A_131_1_5_comp1
G_1_B_34_1_9_comp1,P_1_B_34_1_9_comp1,R_1_B_34_1_9,TCDB,TCDB.1_B_34_1_9_comp1
G_1_W_5_1_3_comp1,P_1_W_5_1_3_comp1,R_1_W_5_1_3,TCDB,TCDB.1_W_5_1_3_comp1
G_1_M_1_4_11_comp1,P_1_M_1_4_11_comp1,R_1_M_1_4_11,TCDB,TCDB.1_M_1_4_11_comp1
G_9_B_116_3_3_comp1,P_9_B_116_3_3_comp1,R_9_B_116_3_3,TCDB,TCDB.9_B_116_3_3_comp1
G_9_B_353_1_9_comp1,P_9_B_353_1_9_comp1,R_9_B_353_1_9,TCDB,TCDB.9_B_353_1_9_comp1
G_1_M_1_1_12_comp1,P_1_M_1_1_12_comp1,R_1_M_1_1_12,TCDB,TCDB.1_M_1_1_12_comp1
G_8_B_43_1_6_comp1,P_8_B_43_1_6_comp1,R_8_B_43_1_6,TCDB,TCDB.8_B_43_1_6_comp1
G_2_A_134_1_8_comp1,P_2_A_134_1_8_comp1,R_2_A_134_1_8,TCDB,TCDB.2_A_134_1_8_comp1
G_2_A_132_1_8_comp1,P_2_A_132_1_8_comp1,R_2_A_132_1_8,TCDB,TCDB.2_A_132_1_8_comp1
G_9_B_29_4_3_comp1,P_9_B_29_4_3_comp1,R_9_B_29_4_3,TCDB,TCDB.9_B_29_4_3_comp1
G_9_B_359_1_2_comp1,P_9_B_359_1_2_comp1,R_9_B_359_1_2,TCDB,TCDB.9_B_359_1_2_comp1
G_2_A_135_1_5_comp1,P_2_A_135_1_5_comp1,R_2_A_135_1_5,TCDB,TCDB.2_A_135_1_5_comp1
G_9_B_430_1_2_comp1,P_9_B_430_1_2_comp1,R_9_B_430_1_2,TCDB,TCDB.9_B_430_1_2_comp1
G_9_B_34_1_8_comp1,P_9_B_34_1_8_comp1,R_9_B_34_1_8,TCDB,TCDB.9_B_34_1_8_comp1
G_9_B_148_4_7_comp1,P_9_B_148_4_7_comp1,R_9_B_148_4_7,TCDB,TCDB.9_B_148_4_7_comp1
G_2_A_85_6_3_comp1,P_2_A_85_6_3_comp1,R_2_A_85_6_3,TCDB,TCDB.2_A_85_6_3_comp1
G_2_A_135_1_7_comp1,P_2_A_135_1_7_comp1,R_2_A_135_1_7,TCDB,TCDB.2_A_135_1_7_comp1
G_1_C_58_1_4_comp1,P_1_C_58_1_4_comp1,R_1_C_58_1_4,TCDB,TCDB.1_C_58_1_4_comp1
G_9_B_33_1_4_comp1,P_9_B_33_1_4_comp1,R_9_B_33_1_4,TCDB,TCDB.9_B_33_1_4_comp1
G_9_B_370_1_3_comp1,P_9_B_370_1_3_comp1,R_9_B_370_1_3,TCDB,TCDB.9_B_370_1_3_comp1
G_9_B_325_1_4_comp1,P_9_B_325_1_4_comp1,R_9_B_325_1_4,TCDB,TCDB.9_B_325_1_4_comp1
G_9_B_330_2_1_comp1,P_9_B_330_2_1_comp1,R_9_B_330_2_1,TCDB,TCDB.9_B_330_2_1_comp1
G_8_A_146_3_1_comp1,P_8_A_146_3_1_comp1,R_8_A_146_3_1,TCDB,TCDB.8_A_146_3_1_comp1
G_2_A_123_5_2_comp1,P_2_A_123_5_2_comp1,R_2_A_123_5_2,TCDB,TCDB.2_A_123_5_2_comp1
G_1_W_7_3_3_comp1,P_1_W_7_3_3_comp1,R_1_W_7_3_3,TCDB,TCDB.1_W_7_3_3_comp1
G_8_A_11_1_3_comp1,P_8_A_11_1_3_comp1,R_8_A_11_1_3,TCDB,TCDB.8_A_11_1_3_comp1
G_9_B_442_1_5_comp1,P_9_B_442_1_5_comp1,R_9_B_442_1_5,TCDB,TCDB.9_B_442_1_5_comp1
G_9_B_403_1_4_comp1,P_9_B_403_1_4_comp1,R_9_B_403_1_4,TCDB,TCDB.9_B_403_1_4_comp1
G_1_W_7_2_6_comp1,P_1_W_7_2_6_comp1,R_1_W_7_2_6,TCDB,TCDB.1_W_7_2_6_comp1
G_9_B_214_4_1_comp1,P_9_B_214_4_1_comp1,R_9_B_214_4_1,TCDB,TCDB.9_B_214_4_1_comp1
G_9_B_36_8_6_comp1,P_9_B_36_8_6_comp1,R_9_B_36_8_6,TCDB,TCDB.9_B_36_8_6_comp1
G_1_B_89_1_5_comp1,P_1_B_89_1_5_comp1,R_1_B_89_1_5,TCDB,TCDB.1_B_89_1_5_comp1
G_1_B_89_1_15_comp1,P_1_B_89_1_15_comp1,R_1_B_89_1_15,TCDB,TCDB.1_B_89_1_15_comp1
G_9_A_22_5_7_comp1,P_9_A_22_5_7_comp1,R_9_A_22_5_7,TCDB,TCDB.9_A_22_5_7_comp1
G_9_A_22_3_6_comp1,P_9_A_22_3_6_comp1,R_9_A_22_3_6,TCDB,TCDB.9_A_22_3_6_comp1
G_9_B_28_5_10_comp1,P_9_B_28_5_10_comp1,R_9_B_28_5_10,TCDB,TCDB.9_B_28_5_10_comp1
G_9_B_358_1_9_comp1,P_9_B_358_1_9_comp1,R_9_B_358_1_9,TCDB,TCDB.9_B_358_1_9_comp1
G_9_B_148_2_2_comp1,P_9_B_148_2_2_comp1,R_9_B_148_2_2,TCDB,TCDB.9_B_148_2_2_comp1
G_1_B_92_1_8_comp1,P_1_B_92_1_8_comp1,R_1_B_92_1_8,TCDB,TCDB.1_B_92_1_8_comp1
G_8_A_201_1_3_comp1,P_8_A_201_1_3_comp1,R_8_A_201_1_3,TCDB,TCDB.8_A_201_1_3_comp1
G_1_C_2_1_14_comp1,P_1_C_2_1_14_comp1,R_1_C_2_1_14,TCDB,TCDB.1_C_2_1_14_comp1
G_9_B_371_2_4_comp1,P_9_B_371_2_4_comp1,R_9_B_371_2_4,TCDB,TCDB.9_B_371_2_4_comp1
G_1_C_37_1_5_comp1,P_1_C_37_1_5_comp1,R_1_C_37_1_5,TCDB,TCDB.1_C_37_1_5_comp1
G_1_A_23_1_5_comp1,P_1_A_23_1_5_comp1,R_1_A_23_1_5,TCDB,TCDB.1_A_23_1_5_comp1
G_1_B_89_1_7_comp1,P_1_B_89_1_7_comp1,R_1_B_89_1_7,TCDB,TCDB.1_B_89_1_7_comp1
G_2_A_134_1_7_comp1,P_2_A_134_1_7_comp1,R_2_A_134_1_7,TCDB,TCDB.2_A_134_1_7_comp1
G_9_B_36_6_3_comp1,P_9_B_36_6_3_comp1,R_9_B_36_6_3,TCDB,TCDB.9_B_36_6_3_comp1
G_1_B_95_1_2_comp1,P_1_B_95_1_2_comp1,R_1_B_95_1_2,TCDB,TCDB.1_B_95_1_2_comp1
G_1_B_2_1_6_comp1,P_1_B_2_1_6_comp1,R_1_B_2_1_6,TCDB,TCDB.1_B_2_1_6_comp1
G_9_B_381_1_4_comp1,P_9_B_381_1_4_comp1,R_9_B_381_1_4,TCDB,TCDB.9_B_381_1_4_comp1
G_9_B_398_1_4_comp1,P_9_B_398_1_4_comp1,R_9_B_398_1_4,TCDB,TCDB.9_B_398_1_4_comp1
G_1_E_63_1_6_comp1,P_1_E_63_1_6_comp1,R_1_E_63_1_6,TCDB,TCDB.1_E_63_1_6_comp1
G_9_B_358_1_3_comp1,P_9_B_358_1_3_comp1,R_9_B_358_1_3,TCDB,TCDB.9_B_358_1_3_comp1
G_1_W_7_4_3_comp1,P_1_W_7_4_3_comp1,R_1_W_7_4_3,TCDB,TCDB.1_W_7_4_3_comp1
G_1_E_65_1_4_comp1,P_1_E_65_1_4_comp1,R_1_E_65_1_4,TCDB,TCDB.1_E_65_1_4_comp1
G_9_B_401_1_3_comp1,P_9_B_401_1_3_comp1,R_9_B_401_1_3,TCDB,TCDB.9_B_401_1_3_comp1
G_8_A_162_1_6_comp1,P_8_A_162_1_6_comp1,R_8_A_162_1_6,TCDB,TCDB.8_A_162_1_6_comp1
G_9_B_36_9_2_comp1,P_9_B_36_9_2_comp1,R_9_B_36_9_2,TCDB,TCDB.9_B_36_9_2_comp1
G_1_C_58_1_3_comp1,P_1_C_58_1_3_comp1,R_1_C_58_1_3,TCDB,TCDB.1_C_58_1_3_comp1
G_9_B_371_1_2_comp1,P_9_B_371_1_2_comp1,R_9_B_371_1_2,TCDB,TCDB.9_B_371_1_2_comp1
G_8_B_43_1_7_comp1,P_8_B_43_1_7_comp1,R_8_B_43_1_7,TCDB,TCDB.8_B_43_1_7_comp1
G_9_B_430_1_1_comp1,P_9_B_430_1_1_comp1,R_9_B_430_1_1,TCDB,TCDB.9_B_430_1_1_comp1
G_9_B_36_13_1_comp1,P_9_B_36_13_1_comp1,R_9_B_36_13_1,TCDB,TCDB.9_B_36_13_1_comp1
G_1_W_2_1_13_comp1,P_1_W_2_1_13_comp1,R_1_W_2_1_13,TCDB,TCDB.1_W_2_1_13_comp1
G_9_B_98_1_9_comp1,P_9_B_98_1_9_comp1,R_9_B_98_1_9,TCDB,TCDB.9_B_98_1_9_comp1
G_9_B_353_1_15_comp1,P_9_B_353_1_15_comp1,R_9_B_353_1_15,TCDB,TCDB.9_B_353_1_15_comp1
G_9_B_404_1_4_comp1,P_9_B_404_1_4_comp1,R_9_B_404_1_4,TCDB,TCDB.9_B_404_1_4_comp1
G_8_A_128_4_2_comp1,P_8_A_128_4_2_comp1,R_8_A_128_4_2,TCDB,TCDB.8_A_128_4_2_comp1
G_4_C_3_1_15_comp1,P_4_C_3_1_15_comp1,R_4_C_3_1_15,TCDB,TCDB.4_C_3_1_15_comp1
G_9_B_36_12_3_comp1,P_9_B_36_12_3_comp1,R_9_B_36_12_3,TCDB,TCDB.9_B_36_12_3_comp1
G_1_C_53_2_7_comp1,P_1_C_53_2_7_comp1,R_1_C_53_2_7,TCDB,TCDB.1_C_53_2_7_comp1
G_9_A_41_1_4_comp1,P_9_A_41_1_4_comp1,R_9_A_41_1_4,TCDB,TCDB.9_A_41_1_4_comp1
G_9_B_331_1_4_comp1,P_9_B_331_1_4_comp1,R_9_B_331_1_4,TCDB,TCDB.9_B_331_1_4_comp1
G_1_W_4_1_5_comp1,P_1_W_4_1_5_comp1,R_1_W_4_1_5,TCDB,TCDB.1_W_4_1_5_comp1
G_1_B_6_4_5_comp1,P_1_B_6_4_5_comp1,R_1_B_6_4_5,TCDB,TCDB.1_B_6_4_5_comp1
G_1_B_89_1_16_comp1,P_1_B_89_1_16_comp1,R_1_B_89_1_16,TCDB,TCDB.1_B_89_1_16_comp1
G_9_B_397_1_6_comp1,P_9_B_397_1_6_comp1,R_9_B_397_1_6,TCDB,TCDB.9_B_397_1_6_comp1
G_2_A_85_12_5_comp1,P_2_A_85_12_5_comp1,R_2_A_85_12_5,TCDB,TCDB.2_A_85_12_5_comp1
G_2_A_102_7_3_comp1,P_2_A_102_7_3_comp1,R_2_A_102_7_3,TCDB,TCDB.2_A_102_7_3_comp1
G_9_B_29_4_6_comp1,P_9_B_29_4_6_comp1,R_9_B_29_4_6,TCDB,TCDB.9_B_29_4_6_comp1
G_9_B_33_1_7_comp1,P_9_B_33_1_7_comp1,R_9_B_33_1_7,TCDB,TCDB.9_B_33_1_7_comp1
G_1_C_64_1_15_comp1,P_1_C_64_1_15_comp1,R_1_C_64_1_15,TCDB,TCDB.1_C_64_1_15_comp1
G_9_B_36_13_2_comp1,P_9_B_36_13_2_comp1,R_9_B_36_13_2,TCDB,TCDB.9_B_36_13_2_comp1
G_1_B_93_1_9_comp1,P_1_B_93_1_9_comp1,R_1_B_93_1_9,TCDB,TCDB.1_B_93_1_9_comp1
G_9_B_36_7_2_comp1,P_9_B_36_7_2_comp1,R_9_B_36_7_2,TCDB,TCDB.9_B_36_7_2_comp1
G_9_A_22_1_5_comp1,P_9_A_22_1_5_comp1,R_9_A_22_1_5,TCDB,TCDB.9_A_22_1_5_comp1
G_9_B_142_19_6_comp1,P_9_B_142_19_6_comp1,R_9_B_142_19_6,TCDB,TCDB.9_B_142_19_6_comp1
G_2_A_1_85_5_comp1,P_2_A_1_85_5_comp1,R_2_A_1_85_5,TCDB,TCDB.2_A_1_85_5_comp1
G_1_C_37_1_12_comp1,P_1_C_37_1_12_comp1,R_1_C_37_1_12,TCDB,TCDB.1_C_37_1_12_comp1
G_1_E_2_4_4_comp1,P_1_E_2_4_4_comp1,R_1_E_2_4_4,TCDB,TCDB.1_E_2_4_4_comp1
G_9_B_36_12_2_comp1,P_9_B_36_12_2_comp1,R_9_B_36_12_2,TCDB,TCDB.9_B_36_12_2_comp1
G_4_C_3_1_10_comp1,P_4_C_3_1_10_comp1,R_4_C_3_1_10,TCDB,TCDB.4_C_3_1_10_comp1
G_1_E_5_4_3_comp1,P_1_E_5_4_3_comp1,R_1_E_5_4_3,TCDB,TCDB.1_E_5_4_3_comp1
G_9_B_359_2_5_comp1,P_9_B_359_2_5_comp1,R_9_B_359_2_5,TCDB,TCDB.9_B_359_2_5_comp1
G_9_B_1_1_9_comp1,P_9_B_1_1_9_comp1,R_9_B_1_1_9,TCDB,TCDB.9_B_1_1_9_comp1
G_8_A_163_1_3_comp1,P_8_A_163_1_3_comp1,R_8_A_163_1_3,TCDB,TCDB.8_A_163_1_3_comp1
G_9_B_371_2_5_comp1,P_9_B_371_2_5_comp1,R_9_B_371_2_5,TCDB,TCDB.9_B_371_2_5_comp1
G_1_C_37_1_10_comp1,P_1_C_37_1_10_comp1,R_1_C_37_1_10,TCDB,TCDB.1_C_37_1_10_comp1
G_9_B_353_1_8_comp1,P_9_B_353_1_8_comp1,R_9_B_353_1_8,TCDB,TCDB.9_B_353_1_8_comp1
G_8_A_144_2_1_comp1,P_8_A_144_2_1_comp1,R_8_A_144_2_1,TCDB,TCDB.8_A_144_2_1_comp1
G_4_C_3_1_11_comp1,P_4_C_3_1_11_comp1,R_4_C_3_1_11,TCDB,TCDB.4_C_3_1_11_comp1
G_1_A_134_1_3_comp1,P_1_A_134_1_3_comp1,R_1_A_134_1_3,TCDB,TCDB.1_A_134_1_3_comp1
G_2_A_134_1_13_comp1,P_2_A_134_1_13_comp1,R_2_A_134_1_13,TCDB,TCDB.2_A_134_1_13_comp1
G_1_E_7_2_2_comp1,P_1_E_7_2_2_comp1,R_1_E_7_2_2,TCDB,TCDB.1_E_7_2_2_comp1
G_9_B_371_2_2_comp1,P_9_B_371_2_2_comp1,R_9_B_371_2_2,TCDB,TCDB.9_B_371_2_2_comp1
G_9_B_382_1_3_comp1,P_9_B_382_1_3_comp1,R_9_B_382_1_3,TCDB,TCDB.9_B_382_1_3_comp1
G_1_W_9_1_12_comp1,P_1_W_9_1_12_comp1,R_1_W_9_1_12,TCDB,TCDB.1_W_9_1_12_comp1
G_8_A_129_1_4_comp1,P_8_A_129_1_4_comp1,R_8_A_129_1_4,TCDB,TCDB.8_A_129_1_4_comp1
G_1_W_7_1_3_comp1,P_1_W_7_1_3_comp1,R_1_W_7_1_3,TCDB,TCDB.1_W_7_1_3_comp1
G_9_B_359_4_1_comp1,P_9_B_359_4_1_comp1,R_9_B_359_4_1,TCDB,TCDB.9_B_359_4_1_comp1
G_2_A_50_4_6_comp1,P_2_A_50_4_6_comp1,R_2_A_50_4_6,TCDB,TCDB.2_A_50_4_6_comp1
G_8_A_128_7_6_comp1,P_8_A_128_7_6_comp1,R_8_A_128_7_6,TCDB,TCDB.8_A_128_7_6_comp1
G_9_B_179_1_6_comp1,P_9_B_179_1_6_comp1,R_9_B_179_1_6,TCDB,TCDB.9_B_179_1_6_comp1
G_9_B_136_3_2_comp1,P_9_B_136_3_2_comp1,R_9_B_136_3_2,TCDB,TCDB.9_B_136_3_2_comp1
G_2_A_40_8_6_comp1,P_2_A_40_8_6_comp1,R_2_A_40_8_6,TCDB,TCDB.2_A_40_8_6_comp1
G_1_B_95_5_2_comp1,P_1_B_95_5_2_comp1,R_1_B_95_5_2,TCDB,TCDB.1_B_95_5_2_comp1
G_1_B_95_3_3_comp1,P_1_B_95_3_3_comp1,R_1_B_95_3_3,TCDB,TCDB.1_B_95_3_3_comp1
G_1_W_6_2_1_comp1,P_1_W_6_2_1_comp1,R_1_W_6_2_1,TCDB,TCDB.1_W_6_2_1_comp1
G_1_W_6_2_2_comp1,P_1_W_6_2_2_comp1,R_1_W_6_2_2,TCDB,TCDB.1_W_6_2_2_comp1
G_9_B_401_1_4_comp1,P_9_B_401_1_4_comp1,R_9_B_401_1_4,TCDB,TCDB.9_B_401_1_4_comp1
G_1_C_37_1_3_comp1,P_1_C_37_1_3_comp1,R_1_C_37_1_3,TCDB,TCDB.1_C_37_1_3_comp1
G_9_B_400_1_1_comp1,P_9_B_400_1_1_comp1,R_9_B_400_1_1,TCDB,TCDB.9_B_400_1_1_comp1
G_9_A_14_25_1_comp1,P_9_A_14_25_1_comp1,R_9_A_14_25_1,TCDB,TCDB.9_A_14_25_1_comp1
G_9_B_294_1_4_comp1,P_9_B_294_1_4_comp1,R_9_B_294_1_4,TCDB,TCDB.9_B_294_1_4_comp1
G_9_B_257_3_1_comp1,P_9_B_257_3_1_comp1,R_9_B_257_3_1,TCDB,TCDB.9_B_257_3_1_comp1
G_2_A_87_5_1_comp1,P_2_A_87_5_1_comp1,R_2_A_87_5_1,TCDB,TCDB.2_A_87_5_1_comp1
G_9_B_28_7_2_comp1,P_9_B_28_7_2_comp1,R_9_B_28_7_2,TCDB,TCDB.9_B_28_7_2_comp1
G_9_B_401_1_2_comp1,P_9_B_401_1_2_comp1,R_9_B_401_1_2,TCDB,TCDB.9_B_401_1_2_comp1
G_9_B_347_5_1_comp1,P_9_B_347_5_1_comp1,R_9_B_347_5_1,TCDB,TCDB.9_B_347_5_1_comp1
G_9_B_8_8_1_comp1,P_9_B_8_8_1_comp1,R_9_B_8_8_1,TCDB,TCDB.9_B_8_8_1_comp1
G_2_A_66_1_60_comp1,P_2_A_66_1_60_comp1,R_2_A_66_1_60,TCDB,TCDB.2_A_66_1_60_comp1
G_9_B_402_1_1_comp1,P_9_B_402_1_1_comp1,R_9_B_402_1_1,TCDB,TCDB.9_B_402_1_1_comp1
G_9_B_403_1_1_comp1,P_9_B_403_1_1_comp1,R_9_B_403_1_1,TCDB,TCDB.9_B_403_1_1_comp1
G_9_B_404_1_1_comp1,P_9_B_404_1_1_comp1,R_9_B_404_1_1,TCDB,TCDB.9_B_404_1_1_comp1
G_9_B_348_1_4_comp1,P_9_B_348_1_4_comp1,R_9_B_348_1_4,TCDB,TCDB.9_B_348_1_4_comp1
G_9_B_348_1_6_comp1,P_9_B_348_1_6_comp1,R_9_B_348_1_6,TCDB,TCDB.9_B_348_1_6_comp1
G_9_B_405_1_1_comp1,P_9_B_405_1_1_comp1,R_9_B_405_1_1,TCDB,TCDB.9_B_405_1_1_comp1
G_9_B_346_4_1_comp1,P_9_B_346_4_1_comp1,R_9_B_346_4_1,TCDB,TCDB.9_B_346_4_1_comp1
G_2_A_7_43_6_comp1,P_2_A_7_43_6_comp1,R_2_A_7_43_6,TCDB,TCDB.2_A_7_43_6_comp1
G_9_B_407_1_1_comp1,P_9_B_407_1_1_comp1,R_9_B_407_1_1,TCDB,TCDB.9_B_407_1_1_comp1
G_9_B_169_5_1_comp1,P_9_B_169_5_1_comp1,R_9_B_169_5_1,TCDB,TCDB.9_B_169_5_1_comp1
G_9_B_253_1_5_comp1,P_9_B_253_1_5_comp1,R_9_B_253_1_5,TCDB,TCDB.9_B_253_1_5_comp1
G_9_B_364_1_3_comp1,P_9_B_364_1_3_comp1,R_9_B_364_1_3,TCDB,TCDB.9_B_364_1_3_comp1
G_1_E_25_2_4_comp1,P_1_E_25_2_4_comp1,R_1_E_25_2_4,TCDB,TCDB.1_E_25_2_4_comp1
G_1_B_162_1_8_comp1,P_1_B_162_1_8_comp1,R_1_B_162_1_8,TCDB,TCDB.1_B_162_1_8_comp1
G_9_B_370_1_9_comp1,P_9_B_370_1_9_comp1,R_9_B_370_1_9,TCDB,TCDB.9_B_370_1_9_comp1
G_1_W_9_1_7_comp1,P_1_W_9_1_7_comp1,R_1_W_9_1_7,TCDB,TCDB.1_W_9_1_7_comp1
G_9_B_393_1_3_comp1,P_9_B_393_1_3_comp1,R_9_B_393_1_3,TCDB,TCDB.9_B_393_1_3_comp1
G_1_W_1_1_4_comp1,P_1_W_1_1_4_comp1,R_1_W_1_1_4,TCDB,TCDB.1_W_1_1_4_comp1
G_1_B_38_2_4_comp1,P_1_B_38_2_4_comp1,R_1_B_38_2_4,TCDB,TCDB.1_B_38_2_4_comp1
G_2_A_99_1_8_comp1,P_2_A_99_1_8_comp1,R_2_A_99_1_8,TCDB,TCDB.2_A_99_1_8_comp1
G_9_B_395_1_2_comp1,P_9_B_395_1_2_comp1,R_9_B_395_1_2,TCDB,TCDB.9_B_395_1_2_comp1
G_1_E_2_4_2_comp1,P_1_E_2_4_2_comp1,R_1_E_2_4_2,TCDB,TCDB.1_E_2_4_2_comp1
G_1_G_2_2_1_comp1,P_1_G_2_2_1_comp1,R_1_G_2_2_1,TCDB,TCDB.1_G_2_2_1_comp1
G_1_B_3_1_14_comp1,P_1_B_3_1_14_comp1,R_1_B_3_1_14,TCDB,TCDB.1_B_3_1_14_comp1
G_9_B_221_1_10_comp1,P_9_B_221_1_10_comp1,R_9_B_221_1_10,TCDB,TCDB.9_B_221_1_10_comp1
G_1_E_66_4_5_comp1,P_1_E_66_4_5_comp1,R_1_E_66_4_5,TCDB,TCDB.1_E_66_4_5_comp1
G_1_B_94_1_6_comp1,P_1_B_94_1_6_comp1,R_1_B_94_1_6,TCDB,TCDB.1_B_94_1_6_comp1
G_1_B_162_1_9_comp1,P_1_B_162_1_9_comp1,R_1_B_162_1_9,TCDB,TCDB.1_B_162_1_9_comp1
G_1_W_2_1_17_comp1,P_1_W_2_1_17_comp1,R_1_W_2_1_17,TCDB,TCDB.1_W_2_1_17_comp1
G_1_E_63_1_9_comp1,P_1_E_63_1_9_comp1,R_1_E_63_1_9,TCDB,TCDB.1_E_63_1_9_comp1
G_2_A_99_1_6_comp1,P_2_A_99_1_6_comp1,R_2_A_99_1_6,TCDB,TCDB.2_A_99_1_6_comp1
G_1_W_7_7_3_comp1,P_1_W_7_7_3_comp1,R_1_W_7_7_3,TCDB,TCDB.1_W_7_7_3_comp1
G_9_A_32_1_7_comp1,P_9_A_32_1_7_comp1,R_9_A_32_1_7,TCDB,TCDB.9_A_32_1_7_comp1
G_1_W_7_1_4_comp1,P_1_W_7_1_4_comp1,R_1_W_7_1_4,TCDB,TCDB.1_W_7_1_4_comp1
G_1_W_7_3_5_comp1,P_1_W_7_3_5_comp1,R_1_W_7_3_5,TCDB,TCDB.1_W_7_3_5_comp1
G_1_C_37_1_8_comp1,P_1_C_37_1_8_comp1,R_1_C_37_1_8,TCDB,TCDB.1_C_37_1_8_comp1
G_1_C_37_1_9_comp1,P_1_C_37_1_9_comp1,R_1_C_37_1_9,TCDB,TCDB.1_C_37_1_9_comp1
G_1_W_5_1_2_comp1,P_1_W_5_1_2_comp1,R_1_W_5_1_2,TCDB,TCDB.1_W_5_1_2_comp1
G_9_B_257_3_5_comp1,P_9_B_257_3_5_comp1,R_9_B_257_3_5,TCDB,TCDB.9_B_257_3_5_comp1
G_1_A_87_2_10_comp1,P_1_A_87_2_10_comp1+1_A_87_2_10_comp2,R_1_A_87_2_10,TCDB,TCDB.1_A_87_2_10_comp1
G_1_A_87_2_10_comp2,P_1_A_87_2_10_comp1+1_A_87_2_10_comp2,R_1_A_87_2_10,TCDB,TCDB.1_A_87_2_10_comp2
G_1_W_3_2_6_comp1,P_1_W_3_2_6_comp1,R_1_W_3_2_6,TCDB,TCDB.1_W_3_2_6_comp1
G_8_A_200_1_5_comp1,P_8_A_200_1_5_comp1,R_8_A_200_1_5,TCDB,TCDB.8_A_200_1_5_comp1
G_9_B_396_1_5_comp1,P_9_B_396_1_5_comp1,R_9_B_396_1_5,TCDB,TCDB.9_B_396_1_5_comp1
G_1_E_11_3_8_comp1,P_1_E_11_3_8_comp1,R_1_E_11_3_8,TCDB,TCDB.1_E_11_3_8_comp1
G_9_B_263_1_3_comp1,P_9_B_263_1_3_comp1,R_9_B_263_1_3,TCDB,TCDB.9_B_263_1_3_comp1
G_9_B_391_1_2_comp1,P_9_B_391_1_2_comp1,R_9_B_391_1_2,TCDB,TCDB.9_B_391_1_2_comp1
G_9_B_142_19_2_comp1,P_9_B_142_19_2_comp1,R_9_B_142_19_2,TCDB,TCDB.9_B_142_19_2_comp1
G_9_B_174_2_4_comp1,P_9_B_174_2_4_comp1,R_9_B_174_2_4,TCDB,TCDB.9_B_174_2_4_comp1
G_9_B_36_14_1_comp1,P_9_B_36_14_1_comp1,R_9_B_36_14_1,TCDB,TCDB.9_B_36_14_1_comp1
G_9_B_109_2_1_comp1,P_9_B_109_2_1_comp1,R_9_B_109_2_1,TCDB,TCDB.9_B_109_2_1_comp1
G_9_B_105_4_6_comp1,P_9_B_105_4_6_comp1,R_9_B_105_4_6,TCDB,TCDB.9_B_105_4_6_comp1
G_2_A_85_9_2_comp1,P_2_A_85_9_2_comp1,R_2_A_85_9_2,TCDB,TCDB.2_A_85_9_2_comp1
G_1_A_141_1_4_comp1,P_1_A_141_1_4_comp1,R_1_A_141_1_4,TCDB,TCDB.1_A_141_1_4_comp1
G_9_B_418_1_6_comp1,P_9_B_418_1_6_comp1,R_9_B_418_1_6,TCDB,TCDB.9_B_418_1_6_comp1
G_1_C_137_6_1_comp1,P_1_C_137_6_1_comp1,R_1_C_137_6_1,TCDB,TCDB.1_C_137_6_1_comp1
G_1_E_66_1_7_comp1,P_1_E_66_1_7_comp1,R_1_E_66_1_7,TCDB,TCDB.1_E_66_1_7_comp1
G_9_A_32_1_9_comp1,P_9_A_32_1_9_comp1,R_9_A_32_1_9,TCDB,TCDB.9_A_32_1_9_comp1
G_2_A_122_1_8_comp1,P_2_A_122_1_8_comp1,R_2_A_122_1_8,TCDB,TCDB.2_A_122_1_8_comp1
G_9_B_361_3_3_comp1,P_9_B_361_3_3_comp1,R_9_B_361_3_3,TCDB,TCDB.9_B_361_3_3_comp1
G_9_B_238_3_4_comp1,P_9_B_238_3_4_comp1,R_9_B_238_3_4,TCDB,TCDB.9_B_238_3_4_comp1
G_9_B_105_4_7_comp1,P_9_B_105_4_7_comp1,R_9_B_105_4_7,TCDB,TCDB.9_B_105_4_7_comp1
G_1_B_162_1_10_comp1,P_1_B_162_1_10_comp1,R_1_B_162_1_10,TCDB,TCDB.1_B_162_1_10_comp1
G_2_A_134_1_4_comp1,P_2_A_134_1_4_comp1,R_2_A_134_1_4,TCDB,TCDB.2_A_134_1_4_comp1
G_1_C_53_2_4_comp1,P_1_C_53_2_4_comp1,R_1_C_53_2_4,TCDB,TCDB.1_C_53_2_4_comp1
G_9_B_142_19_3_comp1,P_9_B_142_19_3_comp1,R_9_B_142_19_3,TCDB,TCDB.9_B_142_19_3_comp1
G_9_B_142_19_5_comp1,P_9_B_142_19_5_comp1,R_9_B_142_19_5,TCDB,TCDB.9_B_142_19_5_comp1
G_9_B_238_3_3_comp1,P_9_B_238_3_3_comp1,R_9_B_238_3_3,TCDB,TCDB.9_B_238_3_3_comp1
G_9_B_396_1_4_comp1,P_9_B_396_1_4_comp1,R_9_B_396_1_4,TCDB,TCDB.9_B_396_1_4_comp1
G_4_C_3_1_13_comp1,P_4_C_3_1_13_comp1,R_4_C_3_1_13,TCDB,TCDB.4_C_3_1_13_comp1
G_2_A_99_1_7_comp1,P_2_A_99_1_7_comp1,R_2_A_99_1_7,TCDB,TCDB.2_A_99_1_7_comp1
G_9_B_408_1_1_comp1,P_9_B_408_1_1_comp1,R_9_B_408_1_1,TCDB,TCDB.9_B_408_1_1_comp1
G_1_E_11_3_7_comp1,P_1_E_11_3_7_comp1,R_1_E_11_3_7,TCDB,TCDB.1_E_11_3_7_comp1
G_2_A_85_9_3_comp1,P_2_A_85_9_3_comp1,R_2_A_85_9_3,TCDB,TCDB.2_A_85_9_3_comp1
G_1_M_6_1_5_comp1,P_1_M_6_1_5_comp1,R_1_M_6_1_5,TCDB,TCDB.1_M_6_1_5_comp1
G_2_A_134_1_9_comp1,P_2_A_134_1_9_comp1,R_2_A_134_1_9,TCDB,TCDB.2_A_134_1_9_comp1
G_1_M_1_3_28_comp1,P_1_M_1_3_28_comp1,R_1_M_1_3_28,TCDB,TCDB.1_M_1_3_28_comp1
G_9_B_370_1_11_comp1,P_9_B_370_1_11_comp1,R_9_B_370_1_11,TCDB,TCDB.9_B_370_1_11_comp1
G_1_B_89_1_20_comp1,P_1_B_89_1_20_comp1,R_1_B_89_1_20,TCDB,TCDB.1_B_89_1_20_comp1
G_1_M_1_3_31_comp1,P_1_M_1_3_31_comp1,R_1_M_1_3_31,TCDB,TCDB.1_M_1_3_31_comp1
G_9_B_27_4_2_comp1,P_9_B_27_4_2_comp1,R_9_B_27_4_2,TCDB,TCDB.9_B_27_4_2_comp1
G_1_C_12_1_17_comp1,P_1_C_12_1_17_comp1,R_1_C_12_1_17,TCDB,TCDB.1_C_12_1_17_comp1
G_8_A_180_1_3_comp1,P_8_A_180_1_3_comp1,R_8_A_180_1_3,TCDB,TCDB.8_A_180_1_3_comp1
G_8_A_172_2_6_comp1,P_8_A_172_2_6_comp1,R_8_A_172_2_6,TCDB,TCDB.8_A_172_2_6_comp1
G_2_A_102_2_11_comp1,P_2_A_102_2_11_comp1,R_2_A_102_2_11,TCDB,TCDB.2_A_102_2_11_comp1
G_1_C_2_1_11_comp1,P_1_C_2_1_11_comp1,R_1_C_2_1_11,TCDB,TCDB.1_C_2_1_11_comp1
G_9_B_121_4_2_comp1,P_9_B_121_4_2_comp1,R_9_B_121_4_2,TCDB,TCDB.9_B_121_4_2_comp1
G_2_A_102_7_2_comp1,P_2_A_102_7_2_comp1,R_2_A_102_7_2,TCDB,TCDB.2_A_102_7_2_comp1
G_9_B_383_1_2_comp1,P_9_B_383_1_2_comp1,R_9_B_383_1_2,TCDB,TCDB.9_B_383_1_2_comp1
G_1_E_53_3_1_comp1,P_1_E_53_3_1_comp1,R_1_E_53_3_1,TCDB,TCDB.1_E_53_3_1_comp1
G_9_B_371_1_6_comp1,P_9_B_371_1_6_comp1,R_9_B_371_1_6,TCDB,TCDB.9_B_371_1_6_comp1
G_8_A_200_1_6_comp1,P_8_A_200_1_6_comp1,R_8_A_200_1_6,TCDB,TCDB.8_A_200_1_6_comp1
G_1_E_66_1_11_comp1,P_1_E_66_1_11_comp1,R_1_E_66_1_11,TCDB,TCDB.1_E_66_1_11_comp1
G_9_A_32_1_8_comp1,P_9_A_32_1_8_comp1,R_9_A_32_1_8,TCDB,TCDB.9_A_32_1_8_comp1
G_1_C_132_1_7_comp1,P_1_C_132_1_7_comp1,R_1_C_132_1_7,TCDB,TCDB.1_C_132_1_7_comp1
G_2_A_85_8_2_comp1,P_2_A_85_8_2_comp1,R_2_A_85_8_2,TCDB,TCDB.2_A_85_8_2_comp1
G_1_E_66_1_16_comp1,P_1_E_66_1_16_comp1,R_1_E_66_1_16,TCDB,TCDB.1_E_66_1_16_comp1
G_1_C_137_1_2_comp1,P_1_C_137_1_2_comp1,R_1_C_137_1_2,TCDB,TCDB.1_C_137_1_2_comp1
G_9_B_262_1_3_comp1,P_9_B_262_1_3_comp1,R_9_B_262_1_3,TCDB,TCDB.9_B_262_1_3_comp1
G_1_E_2_3_6_comp1,P_1_E_2_3_6_comp1,R_1_E_2_3_6,TCDB,TCDB.1_E_2_3_6_comp1
G_9_B_28_6_2_comp1,P_9_B_28_6_2_comp1,R_9_B_28_6_2,TCDB,TCDB.9_B_28_6_2_comp1
G_1_C_4_1_2_comp1,P_1_C_4_1_2_comp1,R_1_C_4_1_2,TCDB,TCDB.1_C_4_1_2_comp1
G_9_A_32_2_5_comp1,P_9_A_32_2_5_comp1,R_9_A_32_2_5,TCDB,TCDB.9_A_32_2_5_comp1
G_9_B_95_1_3_comp1,P_9_B_95_1_3_comp1,R_9_B_95_1_3,TCDB,TCDB.9_B_95_1_3_comp1
G_9_B_393_2_2_comp1,P_9_B_393_2_2_comp1,R_9_B_393_2_2,TCDB,TCDB.9_B_393_2_2_comp1
G_1_B_6_12_3_comp1,P_1_B_6_12_3_comp1,R_1_B_6_12_3,TCDB,TCDB.1_B_6_12_3_comp1
G_1_E_64_2_4_comp1,P_1_E_64_2_4_comp1,R_1_E_64_2_4,TCDB,TCDB.1_E_64_2_4_comp1
G_1_E_64_3_3_comp1,P_1_E_64_3_3_comp1,R_1_E_64_3_3,TCDB,TCDB.1_E_64_3_3_comp1
G_9_A_41_1_9_comp1,P_9_A_41_1_9_comp1,R_9_A_41_1_9,TCDB,TCDB.9_A_41_1_9_comp1
G_1_M_1_4_30_comp1,P_1_M_1_4_30_comp1,R_1_M_1_4_30,TCDB,TCDB.1_M_1_4_30_comp1
G_9_B_412_1_1_comp1,P_9_B_412_1_1_comp1,R_9_B_412_1_1,TCDB,TCDB.9_B_412_1_1_comp1
G_9_B_18_2_3_comp1,P_9_B_18_2_3_comp1,R_9_B_18_2_3,TCDB,TCDB.9_B_18_2_3_comp1
G_2_A_134_1_11_comp1,P_2_A_134_1_11_comp1,R_2_A_134_1_11,TCDB,TCDB.2_A_134_1_11_comp1
G_1_C_137_2_1_comp1,P_1_C_137_2_1_comp1,R_1_C_137_2_1,TCDB,TCDB.1_C_137_2_1_comp1
G_9_B_347_1_4_comp1,P_9_B_347_1_4_comp1,R_9_B_347_1_4,TCDB,TCDB.9_B_347_1_4_comp1
G_1_M_1_4_8_comp1,P_1_M_1_4_8_comp1,R_1_M_1_4_8,TCDB,TCDB.1_M_1_4_8_comp1
G_9_B_257_3_4_comp1,P_9_B_257_3_4_comp1,R_9_B_257_3_4,TCDB,TCDB.9_B_257_3_4_comp1
G_2_A_40_8_3_comp1,P_2_A_40_8_3_comp1,R_2_A_40_8_3,TCDB,TCDB.2_A_40_8_3_comp1
G_8_A_153_1_5_comp1,P_8_A_153_1_5_comp1,R_8_A_153_1_5,TCDB,TCDB.8_A_153_1_5_comp1
G_1_C_137_1_5_comp1,P_1_C_137_1_5_comp1,R_1_C_137_1_5,TCDB,TCDB.1_C_137_1_5_comp1
G_1_M_1_3_32_comp1,P_1_M_1_3_32_comp1,R_1_M_1_3_32,TCDB,TCDB.1_M_1_3_32_comp1
G_1_B_165_1_6_comp1,P_1_B_165_1_6_comp1,R_1_B_165_1_6,TCDB,TCDB.1_B_165_1_6_comp1
G_1_E_64_3_7_comp1,P_1_E_64_3_7_comp1,R_1_E_64_3_7,TCDB,TCDB.1_E_64_3_7_comp1
G_1_E_7_2_5_comp1,P_1_E_7_2_5_comp1,R_1_E_7_2_5,TCDB,TCDB.1_E_7_2_5_comp1
G_9_B_169_5_2_comp1,P_9_B_169_5_2_comp1,R_9_B_169_5_2,TCDB,TCDB.9_B_169_5_2_comp1
G_9_B_28_6_5_comp1,P_9_B_28_6_5_comp1,R_9_B_28_6_5,TCDB,TCDB.9_B_28_6_5_comp1
G_9_B_116_1_4_comp1,P_9_B_116_1_4_comp1,R_9_B_116_1_4,TCDB,TCDB.9_B_116_1_4_comp1
G_2_A_85_6_2_comp1,P_2_A_85_6_2_comp1,R_2_A_85_6_2,TCDB,TCDB.2_A_85_6_2_comp1
G_8_A_199_2_1_comp1,P_8_A_199_2_1_comp1,R_8_A_199_2_1,TCDB,TCDB.8_A_199_2_1_comp1
G_1_A_1_15_7_comp1,P_1_A_1_15_7_comp1,R_1_A_1_15_7,TCDB,TCDB.1_A_1_15_7_comp1
G_1_B_163_1_7_comp1,P_1_B_163_1_7_comp1,R_1_B_163_1_7,TCDB,TCDB.1_B_163_1_7_comp1
G_1_A_104_1_4_comp1,P_1_A_104_1_4_comp1,R_1_A_104_1_4,TCDB,TCDB.1_A_104_1_4_comp1
G_1_B_164_1_4_comp1,P_1_B_164_1_4_comp1,R_1_B_164_1_4,TCDB,TCDB.1_B_164_1_4_comp1
G_1_B_163_1_3_comp1,P_1_B_163_1_3_comp1,R_1_B_163_1_3,TCDB,TCDB.1_B_163_1_3_comp1
G_1_E_2_3_5_comp1,P_1_E_2_3_5_comp1,R_1_E_2_3_5,TCDB,TCDB.1_E_2_3_5_comp1
G_1_E_2_3_8_comp1,P_1_E_2_3_8_comp1,R_1_E_2_3_8,TCDB,TCDB.1_E_2_3_8_comp1
G_1_E_2_3_3_comp1,P_1_E_2_3_3_comp1,R_1_E_2_3_3,TCDB,TCDB.1_E_2_3_3_comp1
G_1_E_2_3_2_comp1,P_1_E_2_3_2_comp1,R_1_E_2_3_2,TCDB,TCDB.1_E_2_3_2_comp1
G_1_M_3_3_2_comp1,P_1_M_3_3_2_comp1,R_1_M_3_3_2,TCDB,TCDB.1_M_3_3_2_comp1
G_1_M_12_1_8_comp1,P_1_M_12_1_8_comp1,R_1_M_12_1_8,TCDB,TCDB.1_M_12_1_8_comp1
G_2_A_85_8_3_comp1,P_2_A_85_8_3_comp1,R_2_A_85_8_3,TCDB,TCDB.2_A_85_8_3_comp1
G_8_A_212_1_4_comp1,P_8_A_212_1_4_comp1,R_8_A_212_1_4,TCDB,TCDB.8_A_212_1_4_comp1
G_2_A_40_8_2_comp1,P_2_A_40_8_2_comp1,R_2_A_40_8_2,TCDB,TCDB.2_A_40_8_2_comp1
G_1_B_163_1_2_comp1,P_1_B_163_1_2_comp1,R_1_B_163_1_2,TCDB,TCDB.1_B_163_1_2_comp1
G_8_A_174_1_2_comp1,P_8_A_174_1_2_comp1,R_8_A_174_1_2,TCDB,TCDB.8_A_174_1_2_comp1
G_1_A_125_2_3_comp1,P_1_A_125_2_3_comp1,R_1_A_125_2_3,TCDB,TCDB.1_A_125_2_3_comp1
G_8_A_21_1_4_comp1,P_8_A_21_1_4_comp1,R_8_A_21_1_4,TCDB,TCDB.8_A_21_1_4_comp1
G_8_A_201_1_4_comp1,P_8_A_201_1_4_comp1,R_8_A_201_1_4,TCDB,TCDB.8_A_201_1_4_comp1
G_1_C_137_1_3_comp1,P_1_C_137_1_3_comp1,R_1_C_137_1_3,TCDB,TCDB.1_C_137_1_3_comp1
G_1_M_7_1_6_comp1,P_1_M_7_1_6_comp1,R_1_M_7_1_6,TCDB,TCDB.1_M_7_1_6_comp1
G_1_E_64_3_6_comp1,P_1_E_64_3_6_comp1,R_1_E_64_3_6,TCDB,TCDB.1_E_64_3_6_comp1
G_1_M_13_1_5_comp1,P_1_M_13_1_5_comp1,R_1_M_13_1_5,TCDB,TCDB.1_M_13_1_5_comp1
G_4_C_3_2_5_comp1,P_4_C_3_2_5_comp1,R_4_C_3_2_5,TCDB,TCDB.4_C_3_2_5_comp1
G_2_A_117_3_1_comp1,P_2_A_117_3_1_comp1,R_2_A_117_3_1,TCDB,TCDB.2_A_117_3_1_comp1
G_8_A_162_1_4_comp1,P_8_A_162_1_4_comp1,R_8_A_162_1_4,TCDB,TCDB.8_A_162_1_4_comp1
G_2_A_98_3_3_comp1,P_2_A_98_3_3_comp1,R_2_A_98_3_3,TCDB,TCDB.2_A_98_3_3_comp1
G_8_A_195_1_4_comp1,P_8_A_195_1_4_comp1,R_8_A_195_1_4,TCDB,TCDB.8_A_195_1_4_comp1
G_1_C_36_3_7_comp1,P_1_C_36_3_7_comp1+1_C_36_3_7_comp2,R_1_C_36_3_7,TCDB,TCDB.1_C_36_3_7_comp1
G_1_C_36_3_7_comp2,P_1_C_36_3_7_comp1+1_C_36_3_7_comp2,R_1_C_36_3_7,TCDB,TCDB.1_C_36_3_7_comp2
G_1_C_137_1_6_comp1,P_1_C_137_1_6_comp1,R_1_C_137_1_6,TCDB,TCDB.1_C_137_1_6_comp1
G_1_B_162_1_6_comp1,P_1_B_162_1_6_comp1,R_1_B_162_1_6,TCDB,TCDB.1_B_162_1_6_comp1
G_1_A_133_1_9_comp1,P_1_A_133_1_9_comp1,R_1_A_133_1_9,TCDB,TCDB.1_A_133_1_9_comp1
G_1_E_64_3_5_comp1,P_1_E_64_3_5_comp1,R_1_E_64_3_5,TCDB,TCDB.1_E_64_3_5_comp1
G_1_B_164_1_8_comp1,P_1_B_164_1_8_comp1,R_1_B_164_1_8,TCDB,TCDB.1_B_164_1_8_comp1
G_1_B_163_1_6_comp1,P_1_B_163_1_6_comp1,R_1_B_163_1_6,TCDB,TCDB.1_B_163_1_6_comp1
G_9_A_22_3_5_comp1,P_9_A_22_3_5_comp1,R_9_A_22_3_5,TCDB,TCDB.9_A_22_3_5_comp1
G_3_A_1_125_8_comp1,P_3_A_1_125_8_comp1,R_3_A_1_125_8,TCDB,TCDB.3_A_1_125_8_comp1
G_8_A_178_1_2_comp1,P_8_A_178_1_2_comp1,R_8_A_178_1_2,TCDB,TCDB.8_A_178_1_2_comp1
G_9_B_18_2_2_comp1,P_9_B_18_2_2_comp1,R_9_B_18_2_2,TCDB,TCDB.9_B_18_2_2_comp1
G_2_A_1_2_125_comp1,P_2_A_1_2_125_comp1,R_2_A_1_2_125,TCDB,TCDB.2_A_1_2_125_comp1
G_1_C_137_1_15_comp1,P_1_C_137_1_15_comp1,R_1_C_137_1_15,TCDB,TCDB.1_C_137_1_15_comp1
G_9_B_136_2_2_comp1,P_9_B_136_2_2_comp1,R_9_B_136_2_2,TCDB,TCDB.9_B_136_2_2_comp1
G_9_B_28_6_3_comp1,P_9_B_28_6_3_comp1,R_9_B_28_6_3,TCDB,TCDB.9_B_28_6_3_comp1
G_1_E_65_1_7_comp1,P_1_E_65_1_7_comp1,R_1_E_65_1_7,TCDB,TCDB.1_E_65_1_7_comp1
G_9_B_371_1_7_comp1,P_9_B_371_1_7_comp1,R_9_B_371_1_7,TCDB,TCDB.9_B_371_1_7_comp1
G_8_A_200_1_4_comp1,P_8_A_200_1_4_comp1,R_8_A_200_1_4,TCDB,TCDB.8_A_200_1_4_comp1
G_1_E_64_2_5_comp1,P_1_E_64_2_5_comp1,R_1_E_64_2_5,TCDB,TCDB.1_E_64_2_5_comp1
G_9_B_28_5_6_comp1,P_9_B_28_5_6_comp1,R_9_B_28_5_6,TCDB,TCDB.9_B_28_5_6_comp1
G_8_A_192_1_5_comp1,P_8_A_192_1_5_comp1,R_8_A_192_1_5,TCDB,TCDB.8_A_192_1_5_comp1
G_1_B_165_1_3_comp1,P_1_B_165_1_3_comp1,R_1_B_165_1_3,TCDB,TCDB.1_B_165_1_3_comp1
G_9_B_28_8_3_comp1,P_9_B_28_8_3_comp1,R_9_B_28_8_3,TCDB,TCDB.9_B_28_8_3_comp1
G_1_E_53_2_3_comp1,P_1_E_53_2_3_comp1,R_1_E_53_2_3,TCDB,TCDB.1_E_53_2_3_comp1
G_1_M_7_1_4_comp1,P_1_M_7_1_4_comp1,R_1_M_7_1_4,TCDB,TCDB.1_M_7_1_4_comp1
G_9_A_8_1_20_comp1,P_9_A_8_1_20_comp1,R_9_A_8_1_20,TCDB,TCDB.9_A_8_1_20_comp1
G_1_B_165_1_8_comp1,P_1_B_165_1_8_comp1,R_1_B_165_1_8,TCDB,TCDB.1_B_165_1_8_comp1
G_1_E_64_1_2_comp1,P_1_E_64_1_2_comp1,R_1_E_64_1_2,TCDB,TCDB.1_E_64_1_2_comp1
G_1_M_1_3_21_comp1,P_1_M_1_3_21_comp1,R_1_M_1_3_21,TCDB,TCDB.1_M_1_3_21_comp1
G_1_C_41_3_2_comp1,P_1_C_41_3_2_comp1,R_1_C_41_3_2,TCDB,TCDB.1_C_41_3_2_comp1
G_1_M_7_1_3_comp1,P_1_M_7_1_3_comp1,R_1_M_7_1_3,TCDB,TCDB.1_M_7_1_3_comp1
G_1_E_66_1_13_comp1,P_1_E_66_1_13_comp1,R_1_E_66_1_13,TCDB,TCDB.1_E_66_1_13_comp1
G_1_C_136_1_2_comp1,P_1_C_136_1_2_comp1,R_1_C_136_1_2,TCDB,TCDB.1_C_136_1_2_comp1
G_2_A_1_85_6_comp1,P_2_A_1_85_6_comp1,R_2_A_1_85_6,TCDB,TCDB.2_A_1_85_6_comp1
G_1_E_66_1_9_comp1,P_1_E_66_1_9_comp1,R_1_E_66_1_9,TCDB,TCDB.1_E_66_1_9_comp1
G_1_M_12_1_3_comp1,P_1_M_12_1_3_comp1,R_1_M_12_1_3,TCDB,TCDB.1_M_12_1_3_comp1
G_8_B_43_1_5_comp1,P_8_B_43_1_5_comp1,R_8_B_43_1_5,TCDB,TCDB.8_B_43_1_5_comp1
G_2_A_85_12_7_comp1,P_2_A_85_12_7_comp1,R_2_A_85_12_7,TCDB,TCDB.2_A_85_12_7_comp1
G_1_B_163_1_4_comp1,P_1_B_163_1_4_comp1,R_1_B_163_1_4,TCDB,TCDB.1_B_163_1_4_comp1
G_1_B_165_1_1_comp1,P_1_B_165_1_1_comp1,R_1_B_165_1_1,TCDB,TCDB.1_B_165_1_1_comp1
G_1_M_12_1_4_comp1,P_1_M_12_1_4_comp1,R_1_M_12_1_4,TCDB,TCDB.1_M_12_1_4_comp1
G_1_M_7_1_5_comp1,P_1_M_7_1_5_comp1,R_1_M_7_1_5,TCDB,TCDB.1_M_7_1_5_comp1
G_9_B_446_1_3_comp1,P_9_B_446_1_3_comp1,R_9_B_446_1_3,TCDB,TCDB.9_B_446_1_3_comp1
G_1_C_137_1_10_comp1,P_1_C_137_1_10_comp1,R_1_C_137_1_10,TCDB,TCDB.1_C_137_1_10_comp1
G_9_B_444_1_4_comp1,P_9_B_444_1_4_comp1,R_9_B_444_1_4,TCDB,TCDB.9_B_444_1_4_comp1
G_8_A_213_1_4_comp1,P_8_A_213_1_4_comp1,R_8_A_213_1_4,TCDB,TCDB.8_A_213_1_4_comp1
G_1_C_137_1_11_comp1,P_1_C_137_1_11_comp1,R_1_C_137_1_11,TCDB,TCDB.1_C_137_1_11_comp1
G_1_C_137_5_1_comp1,P_1_C_137_5_1_comp1,R_1_C_137_5_1,TCDB,TCDB.1_C_137_5_1_comp1
G_9_B_121_3_4_comp1,P_9_B_121_3_4_comp1,R_9_B_121_3_4,TCDB,TCDB.9_B_121_3_4_comp1
G_1_D_24_1_3_comp1,P_1_D_24_1_3_comp1,R_1_D_24_1_3,TCDB,TCDB.1_D_24_1_3_comp1
G_2_A_31_2_19_comp1,P_2_A_31_2_19_comp1,R_2_A_31_2_19,TCDB,TCDB.2_A_31_2_19_comp1
G_1_A_133_1_1_comp1,P_1_A_133_1_1_comp1,R_1_A_133_1_1,TCDB,TCDB.1_A_133_1_1_comp1
G_1_A_147_1_2_comp1,P_1_A_147_1_2_comp1,R_1_A_147_1_2,TCDB,TCDB.1_A_147_1_2_comp1
G_1_E_5_4_7_comp1,P_1_E_5_4_7_comp1,R_1_E_5_4_7,TCDB,TCDB.1_E_5_4_7_comp1
G_1_A_147_1_6_comp1,P_1_A_147_1_6_comp1,R_1_A_147_1_6,TCDB,TCDB.1_A_147_1_6_comp1
G_9_B_121_5_4_comp1,P_9_B_121_5_4_comp1,R_9_B_121_5_4,TCDB,TCDB.9_B_121_5_4_comp1
G_1_E_19_5_3_comp1,P_1_E_19_5_3_comp1,R_1_E_19_5_3,TCDB,TCDB.1_E_19_5_3_comp1
G_1_C_137_6_2_comp1,P_1_C_137_6_2_comp1,R_1_C_137_6_2,TCDB,TCDB.1_C_137_6_2_comp1
G_1_E_5_4_5_comp1,P_1_E_5_4_5_comp1,R_1_E_5_4_5,TCDB,TCDB.1_E_5_4_5_comp1
G_1_E_67_1_5_comp1,P_1_E_67_1_5_comp1,R_1_E_67_1_5,TCDB,TCDB.1_E_67_1_5_comp1
G_9_B_2_1_29_comp1,P_9_B_2_1_29_comp1,R_9_B_2_1_29,TCDB,TCDB.9_B_2_1_29_comp1
G_9_B_297_4_6_comp1,P_9_B_297_4_6_comp1,R_9_B_297_4_6,TCDB,TCDB.9_B_297_4_6_comp1
G_1_C_39_9_3_comp1,P_1_C_39_9_3_comp1,R_1_C_39_9_3,TCDB,TCDB.1_C_39_9_3_comp1
G_9_B_383_1_1_comp1,P_9_B_383_1_1_comp1,R_9_B_383_1_1,TCDB,TCDB.9_B_383_1_1_comp1
G_9_B_143_4_4_comp1,P_9_B_143_4_4_comp1,R_9_B_143_4_4,TCDB,TCDB.9_B_143_4_4_comp1
G_8_A_35_1_3_comp1,P_8_A_35_1_3_comp1,R_8_A_35_1_3,TCDB,TCDB.8_A_35_1_3_comp1
G_8_A_62_1_3_comp1,P_8_A_62_1_3_comp1,R_8_A_62_1_3,TCDB,TCDB.8_A_62_1_3_comp1
G_3_A_1_208_35_comp1,P_3_A_1_208_35_comp1,R_3_A_1_208_35,TCDB,TCDB.3_A_1_208_35_comp1
G_1_A_3_1_7_comp1,P_1_A_3_1_7_comp1,R_1_A_3_1_7,TCDB,TCDB.1_A_3_1_7_comp1
G_2_A_103_1_4_comp1,P_2_A_103_1_4_comp1,R_2_A_103_1_4,TCDB,TCDB.2_A_103_1_4_comp1
G_1_A_110_1_7_comp1,P_1_A_110_1_7_comp1,R_1_A_110_1_7,TCDB,TCDB.1_A_110_1_7_comp1
G_1_A_1_9_14_comp1,P_1_A_1_9_14_comp1,R_1_A_1_9_14,TCDB,TCDB.1_A_1_9_14_comp1
G_2_A_124_1_8_comp1,P_2_A_124_1_8_comp1,R_2_A_124_1_8,TCDB,TCDB.2_A_124_1_8_comp1
G_1_M_11_1_1_comp1,P_1_M_11_1_1_comp1,R_1_M_11_1_1,TCDB,TCDB.1_M_11_1_1_comp1
G_3_D_10_1_6_comp1,P_3_D_10_1_6_comp1+3_D_10_1_6_comp2+3_D_10_1_6_comp3+3_D_10_1_6_comp4,R_3_D_10_1_6,TCDB,TCDB.3_D_10_1_6_comp1
G_3_D_10_1_6_comp2,P_3_D_10_1_6_comp1+3_D_10_1_6_comp2+3_D_10_1_6_comp3+3_D_10_1_6_comp4,R_3_D_10_1_6,TCDB,TCDB.3_D_10_1_6_comp2
G_3_D_10_1_6_comp3,P_3_D_10_1_6_comp1+3_D_10_1_6_comp2+3_D_10_1_6_comp3+3_D_10_1_6_comp4,R_3_D_10_1_6,TCDB,TCDB.3_D_10_1_6_comp3
G_3_D_10_1_6_comp4,P_3_D_10_1_6_comp1+3_D_10_1_6_comp2+3_D_10_1_6_comp3+3_D_10_1_6_comp4,R_3_D_10_1_6,TCDB,TCDB.3_D_10_1_6_comp4
G_8_B_4_1_9_comp1,P_8_B_4_1_9_comp1,R_8_B_4_1_9,TCDB,TCDB.8_B_4_1_9_comp1
G_1_M_1_1_13_comp1,P_1_M_1_1_13_comp1,R_1_M_1_1_13,TCDB,TCDB.1_M_1_1_13_comp1
G_9_B_15_2_3_comp1,P_9_B_15_2_3_comp1,R_9_B_15_2_3,TCDB,TCDB.9_B_15_2_3_comp1
G_1_A_76_1_11_comp1,P_1_A_76_1_11_comp1,R_1_A_76_1_11,TCDB,TCDB.1_A_76_1_11_comp1
G_8_A_98_1_7_comp1,P_8_A_98_1_7_comp1,R_8_A_98_1_7,TCDB,TCDB.8_A_98_1_7_comp1
G_1_E_22_3_2_comp1,P_1_E_22_3_2_comp1,R_1_E_22_3_2,TCDB,TCDB.1_E_22_3_2_comp1
G_8_A_142_1_4_comp1,P_8_A_142_1_4_comp1+8_A_142_1_4_comp2,R_8_A_142_1_4,TCDB,TCDB.8_A_142_1_4_comp1
G_8_A_142_1_4_comp2,P_8_A_142_1_4_comp1+8_A_142_1_4_comp2,R_8_A_142_1_4,TCDB,TCDB.8_A_142_1_4_comp2
G_9_B_385_1_4_comp1,P_9_B_385_1_4_comp1,R_9_B_385_1_4,TCDB,TCDB.9_B_385_1_4_comp1
G_9_A_76_1_5_comp1,P_9_A_76_1_5_comp1,R_9_A_76_1_5,TCDB,TCDB.9_A_76_1_5_comp1
G_2_A_94_1_5_comp1,P_2_A_94_1_5_comp1,R_2_A_94_1_5,TCDB,TCDB.2_A_94_1_5_comp1
G_8_A_169_1_11_comp1,P_8_A_169_1_11_comp1,R_8_A_169_1_11,TCDB,TCDB.8_A_169_1_11_comp1
G_2_A_1_2_113_comp1,P_2_A_1_2_113_comp1,R_2_A_1_2_113,TCDB,TCDB.2_A_1_2_113_comp1
G_9_B_436_1_1_comp1,P_9_B_436_1_1_comp1,R_9_B_436_1_1,TCDB,TCDB.9_B_436_1_1_comp1
G_2_A_7_11_9_comp1,P_2_A_7_11_9_comp1,R_2_A_7_11_9,TCDB,TCDB.2_A_7_11_9_comp1
G_2_A_98_3_6_comp1,P_2_A_98_3_6_comp1,R_2_A_98_3_6,TCDB,TCDB.2_A_98_3_6_comp1
G_3_A_1_210_18_comp1,P_3_A_1_210_18_comp1,R_3_A_1_210_18,TCDB,TCDB.3_A_1_210_18_comp1
G_8_A_159_1_8_comp1,P_8_A_159_1_8_comp1,R_8_A_159_1_8,TCDB,TCDB.8_A_159_1_8_comp1
G_2_A_50_4_4_comp1,P_2_A_50_4_4_comp1,R_2_A_50_4_4,TCDB,TCDB.2_A_50_4_4_comp1
G_9_B_311_1_16_comp1,P_9_B_311_1_16_comp1,R_9_B_311_1_16,TCDB,TCDB.9_B_311_1_16_comp1
G_9_A_34_1_6_comp1,P_9_A_34_1_6_comp1,R_9_A_34_1_6,TCDB,TCDB.9_A_34_1_6_comp1
G_2_A_50_2_9_comp1,P_2_A_50_2_9_comp1,R_2_A_50_2_9,TCDB,TCDB.2_A_50_2_9_comp1
G_1_B_33_3_11_comp1,P_1_B_33_3_11_comp1,R_1_B_33_3_11,TCDB,TCDB.1_B_33_3_11_comp1
G_8_A_216_1_4_comp1,P_8_A_216_1_4_comp1,R_8_A_216_1_4,TCDB,TCDB.8_A_216_1_4_comp1
G_9_B_409_1_8_comp1,P_9_B_409_1_8_comp1,R_9_B_409_1_8,TCDB,TCDB.9_B_409_1_8_comp1
G_9_B_409_1_3_comp1,P_9_B_409_1_3_comp1,R_9_B_409_1_3,TCDB,TCDB.9_B_409_1_3_comp1
G_9_B_409_1_1_comp1,P_9_B_409_1_1_comp1,R_9_B_409_1_1,TCDB,TCDB.9_B_409_1_1_comp1
G_9_B_409_1_7_comp1,P_9_B_409_1_7_comp1,R_9_B_409_1_7,TCDB,TCDB.9_B_409_1_7_comp1
G_9_B_409_1_4_comp1,P_9_B_409_1_4_comp1,R_9_B_409_1_4,TCDB,TCDB.9_B_409_1_4_comp1
G_9_B_409_1_2_comp1,P_9_B_409_1_2_comp1,R_9_B_409_1_2,TCDB,TCDB.9_B_409_1_2_comp1
G_8_A_145_1_2_comp1,P_8_A_145_1_2_comp1,R_8_A_145_1_2,TCDB,TCDB.8_A_145_1_2_comp1
G_1_C_123_1_11_comp1,P_1_C_123_1_11_comp1,R_1_C_123_1_11,TCDB,TCDB.1_C_123_1_11_comp1
G_8_A_166_1_9_comp1,P_8_A_166_1_9_comp1,R_8_A_166_1_9,TCDB,TCDB.8_A_166_1_9_comp1
G_9_B_329_1_4_comp1,P_9_B_329_1_4_comp1,R_9_B_329_1_4,TCDB,TCDB.9_B_329_1_4_comp1
G_1_A_7_2_5_comp1,P_1_A_7_2_5_comp1,R_1_A_7_2_5,TCDB,TCDB.1_A_7_2_5_comp1
G_1_C_6_1_6_comp1,P_1_C_6_1_6_comp1,R_1_C_6_1_6,TCDB,TCDB.1_C_6_1_6_comp1
G_1_A_138_1_5_comp1,P_1_A_138_1_5_comp1,R_1_A_138_1_5,TCDB,TCDB.1_A_138_1_5_comp1
G_9_B_354_2_4_comp1,P_9_B_354_2_4_comp1,R_9_B_354_2_4,TCDB,TCDB.9_B_354_2_4_comp1
G_9_B_311_1_18_comp1,P_9_B_311_1_18_comp1,R_9_B_311_1_18,TCDB,TCDB.9_B_311_1_18_comp1
G_1_H_3_3_1_comp1,P_1_H_3_3_1_comp1,R_1_H_3_3_1,TCDB,TCDB.1_H_3_3_1_comp1
G_8_A_123_1_6_comp1,P_8_A_123_1_6_comp1,R_8_A_123_1_6,TCDB,TCDB.8_A_123_1_6_comp1
G_1_H_3_3_2_comp1,P_1_H_3_3_2_comp1,R_1_H_3_3_2,TCDB,TCDB.1_H_3_3_2_comp1
G_8_A_188_1_9_comp1,P_8_A_188_1_9_comp1,R_8_A_188_1_9,TCDB,TCDB.8_A_188_1_9_comp1
G_8_A_115_6_3_comp1,P_8_A_115_6_3_comp1,R_8_A_115_6_3,TCDB,TCDB.8_A_115_6_3_comp1
G_1_A_51_1_7_comp1,P_1_A_51_1_7_comp1,R_1_A_51_1_7,TCDB,TCDB.1_A_51_1_7_comp1
G_9_B_360_1_2_comp1,P_9_B_360_1_2_comp1,R_9_B_360_1_2,TCDB,TCDB.9_B_360_1_2_comp1
G_9_B_417_1_6_comp1,P_9_B_417_1_6_comp1,R_9_B_417_1_6,TCDB,TCDB.9_B_417_1_6_comp1
G_2_A_17_4_12_comp1,P_2_A_17_4_12_comp1,R_2_A_17_4_12,TCDB,TCDB.2_A_17_4_12_comp1
G_2_A_36_1_23_comp1,P_2_A_36_1_23_comp1,R_2_A_36_1_23,TCDB,TCDB.2_A_36_1_23_comp1
G_1_A_126_1_8_comp1,P_1_A_126_1_8_comp1,R_1_A_126_1_8,TCDB,TCDB.1_A_126_1_8_comp1
G_9_B_311_1_15_comp1,P_9_B_311_1_15_comp1,R_9_B_311_1_15,TCDB,TCDB.9_B_311_1_15_comp1
G_9_B_437_1_1_comp1,P_9_B_437_1_1_comp1,R_9_B_437_1_1,TCDB,TCDB.9_B_437_1_1_comp1
G_9_B_440_1_2_comp1,P_9_B_440_1_2_comp1,R_9_B_440_1_2,TCDB,TCDB.9_B_440_1_2_comp1
G_1_H_3_2_4_comp1,P_1_H_3_2_4_comp1,R_1_H_3_2_4,TCDB,TCDB.1_H_3_2_4_comp1
G_9_B_115_2_1_comp1,P_9_B_115_2_1_comp1,R_9_B_115_2_1,TCDB,TCDB.9_B_115_2_1_comp1
G_8_A_138_1_3_comp1,P_8_A_138_1_3_comp1,R_8_A_138_1_3,TCDB,TCDB.8_A_138_1_3_comp1
G_3_E_3_1_5_comp1,P_3_E_3_1_5_comp1,R_3_E_3_1_5,TCDB,TCDB.3_E_3_1_5_comp1
G_8_A_127_2_3_comp1,P_8_A_127_2_3_comp1,R_8_A_127_2_3,TCDB,TCDB.8_A_127_2_3_comp1
G_8_A_227_1_2_comp1,P_8_A_227_1_2_comp1,R_8_A_227_1_2,TCDB,TCDB.8_A_227_1_2_comp1
G_8_A_145_1_3_comp1,P_8_A_145_1_3_comp1,R_8_A_145_1_3,TCDB,TCDB.8_A_145_1_3_comp1
G_9_B_204_2_1_comp1,P_9_B_204_2_1_comp1,R_9_B_204_2_1,TCDB,TCDB.9_B_204_2_1_comp1
G_8_A_184_1_6_comp1,P_8_A_184_1_6_comp1,R_8_A_184_1_6,TCDB,TCDB.8_A_184_1_6_comp1
G_9_B_453_1_10_comp1,P_9_B_453_1_10_comp1,R_9_B_453_1_10,TCDB,TCDB.9_B_453_1_10_comp1
G_9_A_79_1_4_comp1,P_9_A_79_1_4_comp1,R_9_A_79_1_4,TCDB,TCDB.9_A_79_1_4_comp1
G_1_A_130_1_17_comp1,P_1_A_130_1_17_comp1,R_1_A_130_1_17,TCDB,TCDB.1_A_130_1_17_comp1
G_9_A_1_1_4_comp1,P_9_A_1_1_4_comp1,R_9_A_1_1_4,TCDB,TCDB.9_A_1_1_4_comp1
G_8_A_80_2_3_comp1,P_8_A_80_2_3_comp1,R_8_A_80_2_3,TCDB,TCDB.8_A_80_2_3_comp1
G_9_B_214_1_3_comp1,P_9_B_214_1_3_comp1,R_9_B_214_1_3,TCDB,TCDB.9_B_214_1_3_comp1
G_9_B_392_4_2_comp1,P_9_B_392_4_2_comp1,R_9_B_392_4_2,TCDB,TCDB.9_B_392_4_2_comp1
G_9_B_204_1_7_comp1,P_9_B_204_1_7_comp1,R_9_B_204_1_7,TCDB,TCDB.9_B_204_1_7_comp1
G_2_A_33_1_7_comp1,P_2_A_33_1_7_comp1,R_2_A_33_1_7,TCDB,TCDB.2_A_33_1_7_comp1
G_9_B_392_4_1_comp1,P_9_B_392_4_1_comp1,R_9_B_392_4_1,TCDB,TCDB.9_B_392_4_1_comp1
G_8_A_136_1_8_comp1,P_8_A_136_1_8_comp1,R_8_A_136_1_8,TCDB,TCDB.8_A_136_1_8_comp1
G_9_B_311_1_24_comp1,P_9_B_311_1_24_comp1,R_9_B_311_1_24,TCDB,TCDB.9_B_311_1_24_comp1
G_8_A_123_1_4_comp1,P_8_A_123_1_4_comp1,R_8_A_123_1_4,TCDB,TCDB.8_A_123_1_4_comp1
G_2_A_50_2_7_comp1,P_2_A_50_2_7_comp1,R_2_A_50_2_7,TCDB,TCDB.2_A_50_2_7_comp1
G_3_A_1_208_44_comp1,P_3_A_1_208_44_comp1,R_3_A_1_208_44,TCDB,TCDB.3_A_1_208_44_comp1
G_1_A_41_2_4_comp1,P_1_A_41_2_4_comp1,R_1_A_41_2_4,TCDB,TCDB.1_A_41_2_4_comp1
G_8_A_185_1_2_comp1,P_8_A_185_1_2_comp1,R_8_A_185_1_2,TCDB,TCDB.8_A_185_1_2_comp1
G_8_A_128_3_1_comp1,P_8_A_128_3_1_comp1,R_8_A_128_3_1,TCDB,TCDB.8_A_128_3_1_comp1
G_2_A_1_7_25_comp1,P_2_A_1_7_25_comp1,R_2_A_1_7_25,TCDB,TCDB.2_A_1_7_25_comp1
G_2_A_1_44_4_comp1,P_2_A_1_44_4_comp1,R_2_A_1_44_4,TCDB,TCDB.2_A_1_44_4_comp1
G_8_A_144_1_3_comp1,P_8_A_144_1_3_comp1,R_8_A_144_1_3,TCDB,TCDB.8_A_144_1_3_comp1
G_9_B_437_1_2_comp1,P_9_B_437_1_2_comp1,R_9_B_437_1_2,TCDB,TCDB.9_B_437_1_2_comp1
G_8_A_94_1_4_comp1,P_8_A_94_1_4_comp1,R_8_A_94_1_4,TCDB,TCDB.8_A_94_1_4_comp1
G_9_B_311_1_6_comp1,P_9_B_311_1_6_comp1,R_9_B_311_1_6,TCDB,TCDB.9_B_311_1_6_comp1
G_8_A_140_1_4_comp1,P_8_A_140_1_4_comp1,R_8_A_140_1_4,TCDB,TCDB.8_A_140_1_4_comp1
G_9_B_392_1_3_comp1,P_9_B_392_1_3_comp1,R_9_B_392_1_3,TCDB,TCDB.9_B_392_1_3_comp1
G_9_B_385_1_3_comp1,P_9_B_385_1_3_comp1,R_9_B_385_1_3,TCDB,TCDB.9_B_385_1_3_comp1
G_9_B_457_1_6_comp1,P_9_B_457_1_6_comp1,R_9_B_457_1_6,TCDB,TCDB.9_B_457_1_6_comp1
G_8_A_208_1_4_comp1,P_8_A_208_1_4_comp1,R_8_A_208_1_4,TCDB,TCDB.8_A_208_1_4_comp1
G_8_A_123_1_5_comp1,P_8_A_123_1_5_comp1,R_8_A_123_1_5,TCDB,TCDB.8_A_123_1_5_comp1
G_9_B_360_1_6_comp1,P_9_B_360_1_6_comp1,R_9_B_360_1_6,TCDB,TCDB.9_B_360_1_6_comp1
G_2_A_51_1_11_comp1,P_2_A_51_1_11_comp1,R_2_A_51_1_11,TCDB,TCDB.2_A_51_1_11_comp1
G_2_A_40_8_4_comp1,P_2_A_40_8_4_comp1,R_2_A_40_8_4,TCDB,TCDB.2_A_40_8_4_comp1
G_8_A_132_1_11_comp1,P_8_A_132_1_11_comp1,R_8_A_132_1_11,TCDB,TCDB.8_A_132_1_11_comp1
G_1_D_118_1_3_comp1,P_1_D_118_1_3_comp1,R_1_D_118_1_3,TCDB,TCDB.1_D_118_1_3_comp1
G_8_A_122_1_3_comp1,P_8_A_122_1_3_comp1,R_8_A_122_1_3,TCDB,TCDB.8_A_122_1_3_comp1
G_8_A_102_2_4_comp1,P_8_A_102_2_4_comp1,R_8_A_102_2_4,TCDB,TCDB.8_A_102_2_4_comp1
G_8_A_132_1_6_comp1,P_8_A_132_1_6_comp1,R_8_A_132_1_6,TCDB,TCDB.8_A_132_1_6_comp1
G_9_B_385_1_2_comp1,P_9_B_385_1_2_comp1,R_9_B_385_1_2,TCDB,TCDB.9_B_385_1_2_comp1
G_1_H_3_3_3_comp1,P_1_H_3_3_3_comp1,R_1_H_3_3_3,TCDB,TCDB.1_H_3_3_3_comp1
G_8_A_134_1_4_comp1,P_8_A_134_1_4_comp1,R_8_A_134_1_4,TCDB,TCDB.8_A_134_1_4_comp1
G_8_A_15_1_2_comp1,P_8_A_15_1_2_comp1,R_8_A_15_1_2,TCDB,TCDB.8_A_15_1_2_comp1
G_8_A_23_1_21_comp1,P_8_A_23_1_21_comp1,R_8_A_23_1_21,TCDB,TCDB.8_A_23_1_21_comp1
G_1_C_127_1_3_comp1,P_1_C_127_1_3_comp1,R_1_C_127_1_3,TCDB,TCDB.1_C_127_1_3_comp1
G_8_A_152_1_4_comp1,P_8_A_152_1_4_comp1,R_8_A_152_1_4,TCDB,TCDB.8_A_152_1_4_comp1
G_9_A_1_1_7_comp1,P_9_A_1_1_7_comp1,R_9_A_1_1_7,TCDB,TCDB.9_A_1_1_7_comp1
G_1_A_125_2_4_comp1,P_1_A_125_2_4_comp1,R_1_A_125_2_4,TCDB,TCDB.1_A_125_2_4_comp1
G_9_B_311_1_8_comp1,P_9_B_311_1_8_comp1,R_9_B_311_1_8,TCDB,TCDB.9_B_311_1_8_comp1
G_8_A_115_6_1_comp1,P_8_A_115_6_1_comp1,R_8_A_115_6_1,TCDB,TCDB.8_A_115_6_1_comp1
G_8_A_20_3_2_comp1,P_8_A_20_3_2_comp1,R_8_A_20_3_2,TCDB,TCDB.8_A_20_3_2_comp1
G_9_B_311_1_4_comp1,P_9_B_311_1_4_comp1,R_9_B_311_1_4,TCDB,TCDB.9_B_311_1_4_comp1
G_1_A_27_2_5_comp1,P_1_A_27_2_5_comp1,R_1_A_27_2_5,TCDB,TCDB.1_A_27_2_5_comp1
G_9_B_311_1_5_comp1,P_9_B_311_1_5_comp1,R_9_B_311_1_5,TCDB,TCDB.9_B_311_1_5_comp1
G_3_A_1_207_9_comp1,P_3_A_1_207_9_comp1,R_3_A_1_207_9,TCDB,TCDB.3_A_1_207_9_comp1
G_9_A_34_1_3_comp1,P_9_A_34_1_3_comp1,R_9_A_34_1_3,TCDB,TCDB.9_A_34_1_3_comp1
G_8_A_152_2_2_comp1,P_8_A_152_2_2_comp1,R_8_A_152_2_2,TCDB,TCDB.8_A_152_2_2_comp1
G_8_A_133_1_7_comp1,P_8_A_133_1_7_comp1,R_8_A_133_1_7,TCDB,TCDB.8_A_133_1_7_comp1
G_9_B_456_1_5_comp1,P_9_B_456_1_5_comp1,R_9_B_456_1_5,TCDB,TCDB.9_B_456_1_5_comp1
G_9_B_311_1_28_comp1,P_9_B_311_1_28_comp1,R_9_B_311_1_28,TCDB,TCDB.9_B_311_1_28_comp1
G_8_A_115_2_3_comp1,P_8_A_115_2_3_comp1,R_8_A_115_2_3,TCDB,TCDB.8_A_115_2_3_comp1
G_9_B_247_2_3_comp1,P_9_B_247_2_3_comp1,R_9_B_247_2_3,TCDB,TCDB.9_B_247_2_3_comp1
G_1_A_126_1_9_comp1,P_1_A_126_1_9_comp1,R_1_A_126_1_9,TCDB,TCDB.1_A_126_1_9_comp1
G_8_A_138_1_2_comp1,P_8_A_138_1_2_comp1,R_8_A_138_1_2,TCDB,TCDB.8_A_138_1_2_comp1
G_9_B_115_2_3_comp1,P_9_B_115_2_3_comp1,R_9_B_115_2_3,TCDB,TCDB.9_B_115_2_3_comp1
G_9_B_368_1_7_comp1,P_9_B_368_1_7_comp1,R_9_B_368_1_7,TCDB,TCDB.9_B_368_1_7_comp1
G_1_A_119_1_11_comp1,P_1_A_119_1_11_comp1,R_1_A_119_1_11,TCDB,TCDB.1_A_119_1_11_comp1
G_8_B_13_1_3_comp1,P_8_B_13_1_3_comp1,R_8_B_13_1_3,TCDB,TCDB.8_B_13_1_3_comp1
G_8_A_159_3_1_comp1,P_8_A_159_3_1_comp1,R_8_A_159_3_1,TCDB,TCDB.8_A_159_3_1_comp1
G_8_A_128_2_3_comp1,P_8_A_128_2_3_comp1,R_8_A_128_2_3,TCDB,TCDB.8_A_128_2_3_comp1
G_1_A_113_3_1_comp1,P_1_A_113_3_1_comp1,R_1_A_113_3_1,TCDB,TCDB.1_A_113_3_1_comp1
G_8_A_102_1_3_comp1,P_8_A_102_1_3_comp1,R_8_A_102_1_3,TCDB,TCDB.8_A_102_1_3_comp1
G_8_A_182_1_2_comp1,P_8_A_182_1_2_comp1,R_8_A_182_1_2,TCDB,TCDB.8_A_182_1_2_comp1
G_8_A_192_1_3_comp1,P_8_A_192_1_3_comp1,R_8_A_192_1_3,TCDB,TCDB.8_A_192_1_3_comp1
G_8_A_120_1_2_comp1,P_8_A_120_1_2_comp1,R_8_A_120_1_2,TCDB,TCDB.8_A_120_1_2_comp1
G_1_A_125_2_2_comp1,P_1_A_125_2_2_comp1,R_1_A_125_2_2,TCDB,TCDB.1_A_125_2_2_comp1
G_1_A_124_1_2_comp1,P_1_A_124_1_2_comp1,R_1_A_124_1_2,TCDB,TCDB.1_A_124_1_2_comp1
G_8_A_108_1_2_comp1,P_8_A_108_1_2_comp1,R_8_A_108_1_2,TCDB,TCDB.8_A_108_1_2_comp1
G_1_A_114_1_4_comp1,P_1_A_114_1_4_comp1,R_1_A_114_1_4,TCDB,TCDB.1_A_114_1_4_comp1
G_8_A_131_1_9_comp1,P_8_A_131_1_9_comp1,R_8_A_131_1_9,TCDB,TCDB.8_A_131_1_9_comp1
G_8_A_177_1_3_comp1,P_8_A_177_1_3_comp1,R_8_A_177_1_3,TCDB,TCDB.8_A_177_1_3_comp1
G_2_A_121_2_10_comp1,P_2_A_121_2_10_comp1,R_2_A_121_2_10,TCDB,TCDB.2_A_121_2_10_comp1
G_8_A_112_1_3_comp1,P_8_A_112_1_3_comp1,R_8_A_112_1_3,TCDB,TCDB.8_A_112_1_3_comp1
G_1_A_87_1_4_comp1,P_1_A_87_1_4_comp1,R_1_A_87_1_4,TCDB,TCDB.1_A_87_1_4_comp1
G_8_A_132_1_8_comp1,P_8_A_132_1_8_comp1,R_8_A_132_1_8,TCDB,TCDB.8_A_132_1_8_comp1
G_8_A_131_1_10_comp1,P_8_A_131_1_10_comp1,R_8_A_131_1_10,TCDB,TCDB.8_A_131_1_10_comp1
G_9_A_16_1_6_comp1,P_9_A_16_1_6_comp1,R_9_A_16_1_6,TCDB,TCDB.9_A_16_1_6_comp1
G_1_A_105_1_2_comp1,P_1_A_105_1_2_comp1,R_1_A_105_1_2,TCDB,TCDB.1_A_105_1_2_comp1
G_9_B_316_1_4_comp1,P_9_B_316_1_4_comp1,R_9_B_316_1_4,TCDB,TCDB.9_B_316_1_4_comp1
G_8_A_128_3_10_comp1,P_8_A_128_3_10_comp1,R_8_A_128_3_10,TCDB,TCDB.8_A_128_3_10_comp1
G_8_A_176_1_3_comp1,P_8_A_176_1_3_comp1,R_8_A_176_1_3,TCDB,TCDB.8_A_176_1_3_comp1
G_8_A_23_1_23_comp1,P_8_A_23_1_23_comp1,R_8_A_23_1_23,TCDB,TCDB.8_A_23_1_23_comp1
G_1_A_50_6_4_comp1,P_1_A_50_6_4_comp1,R_1_A_50_6_4,TCDB,TCDB.1_A_50_6_4_comp1
G_1_C_104_1_3_comp1,P_1_C_104_1_3_comp1,R_1_C_104_1_3,TCDB,TCDB.1_C_104_1_3_comp1
G_8_A_128_5_8_comp1,P_8_A_128_5_8_comp1,R_8_A_128_5_8,TCDB,TCDB.8_A_128_5_8_comp1
G_1_C_81_1_5_comp1,P_1_C_81_1_5_comp1,R_1_C_81_1_5,TCDB,TCDB.1_C_81_1_5_comp1
G_1_A_114_1_5_comp1,P_1_A_114_1_5_comp1,R_1_A_114_1_5,TCDB,TCDB.1_A_114_1_5_comp1
G_1_C_104_3_2_comp1,P_1_C_104_3_2_comp1,R_1_C_104_3_2,TCDB,TCDB.1_C_104_3_2_comp1
G_8_A_177_1_4_comp1,P_8_A_177_1_4_comp1,R_8_A_177_1_4,TCDB,TCDB.8_A_177_1_4_comp1
G_9_B_445_2_2_comp1,P_9_B_445_2_2_comp1,R_9_B_445_2_2,TCDB,TCDB.9_B_445_2_2_comp1
G_1_C_104_2_5_comp1,P_1_C_104_2_5_comp1,R_1_C_104_2_5,TCDB,TCDB.1_C_104_2_5_comp1
G_1_A_113_1_2_comp1,P_1_A_113_1_2_comp1,R_1_A_113_1_2,TCDB,TCDB.1_A_113_1_2_comp1
G_1_A_113_3_5_comp1,P_1_A_113_3_5_comp1,R_1_A_113_3_5,TCDB,TCDB.1_A_113_3_5_comp1
G_1_A_113_1_1_comp1,P_1_A_113_1_1_comp1,R_1_A_113_1_1,TCDB,TCDB.1_A_113_1_1_comp1
G_9_B_104_1_11_comp1,P_9_B_104_1_11_comp1,R_9_B_104_1_11,TCDB,TCDB.9_B_104_1_11_comp1
G_8_A_142_1_3_comp1,P_8_A_142_1_3_comp1+8_A_142_1_3_comp2,R_8_A_142_1_3,TCDB,TCDB.8_A_142_1_3_comp1
G_8_A_142_1_3_comp2,P_8_A_142_1_3_comp1+8_A_142_1_3_comp2,R_8_A_142_1_3,TCDB,TCDB.8_A_142_1_3_comp2
G_1_C_108_2_2_comp1,P_1_C_108_2_2_comp1,R_1_C_108_2_2,TCDB,TCDB.1_C_108_2_2_comp1
G_9_B_9_1_2_comp1,P_9_B_9_1_2_comp1,R_9_B_9_1_2,TCDB,TCDB.9_B_9_1_2_comp1
G_1_C_10_2_3_comp1,P_1_C_10_2_3_comp1,R_1_C_10_2_3,TCDB,TCDB.1_C_10_2_3_comp1
G_8_A_132_1_7_comp1,P_8_A_132_1_7_comp1,R_8_A_132_1_7,TCDB,TCDB.8_A_132_1_7_comp1
G_9_B_329_1_6_comp1,P_9_B_329_1_6_comp1,R_9_B_329_1_6,TCDB,TCDB.9_B_329_1_6_comp1
G_8_A_43_2_4_comp1,P_8_A_43_2_4_comp1,R_8_A_43_2_4,TCDB,TCDB.8_A_43_2_4_comp1
G_2_A_29_14_11_comp1,P_2_A_29_14_11_comp1,R_2_A_29_14_11,TCDB,TCDB.2_A_29_14_11_comp1
G_8_A_108_1_4_comp1,P_8_A_108_1_4_comp1,R_8_A_108_1_4,TCDB,TCDB.8_A_108_1_4_comp1
G_1_A_48_2_3_comp1,P_1_A_48_2_3_comp1,R_1_A_48_2_3,TCDB,TCDB.1_A_48_2_3_comp1
G_1_A_17_1_24_comp1,P_1_A_17_1_24_comp1,R_1_A_17_1_24,TCDB,TCDB.1_A_17_1_24_comp1
G_8_A_188_1_5_comp1,P_8_A_188_1_5_comp1,R_8_A_188_1_5,TCDB,TCDB.8_A_188_1_5_comp1
G_1_A_75_1_23_comp1,P_1_A_75_1_23_comp1,R_1_A_75_1_23,TCDB,TCDB.1_A_75_1_23_comp1
G_1_C_16_2_2_comp1,P_1_C_16_2_2_comp1,R_1_C_16_2_2,TCDB,TCDB.1_C_16_2_2_comp1
G_1_A_91_1_5_comp1,P_1_A_91_1_5_comp1,R_1_A_91_1_5,TCDB,TCDB.1_A_91_1_5_comp1
G_1_A_6_3_5_comp1,P_1_A_6_3_5_comp1,R_1_A_6_3_5,TCDB,TCDB.1_A_6_3_5_comp1
G_9_B_422_1_11_comp1,P_9_B_422_1_11_comp1,R_9_B_422_1_11,TCDB,TCDB.9_B_422_1_11_comp1
G_8_A_143_1_3_comp1,P_8_A_143_1_3_comp1,R_8_A_143_1_3,TCDB,TCDB.8_A_143_1_3_comp1
G_9_B_442_1_8_comp1,P_9_B_442_1_8_comp1,R_9_B_442_1_8,TCDB,TCDB.9_B_442_1_8_comp1
G_9_B_366_1_4_comp1,P_9_B_366_1_4_comp1,R_9_B_366_1_4,TCDB,TCDB.9_B_366_1_4_comp1
G_9_B_392_2_3_comp1,P_9_B_392_2_3_comp1,R_9_B_392_2_3,TCDB,TCDB.9_B_392_2_3_comp1
G_8_A_143_1_4_comp1,P_8_A_143_1_4_comp1,R_8_A_143_1_4,TCDB,TCDB.8_A_143_1_4_comp1
G_3_A_1_204_25_comp1,P_3_A_1_204_25_comp1,R_3_A_1_204_25,TCDB,TCDB.3_A_1_204_25_comp1
G_1_A_5_3_5_comp1,P_1_A_5_3_5_comp1,R_1_A_5_3_5,TCDB,TCDB.1_A_5_3_5_comp1
G_8_A_140_1_2_comp1,P_8_A_140_1_2_comp1,R_8_A_140_1_2,TCDB,TCDB.8_A_140_1_2_comp1
G_8_A_152_1_7_comp1,P_8_A_152_1_7_comp1,R_8_A_152_1_7,TCDB,TCDB.8_A_152_1_7_comp1
G_8_A_127_2_1_comp1,P_8_A_127_2_1_comp1,R_8_A_127_2_1,TCDB,TCDB.8_A_127_2_1_comp1
G_8_A_152_1_5_comp1,P_8_A_152_1_5_comp1,R_8_A_152_1_5,TCDB,TCDB.8_A_152_1_5_comp1
G_8_A_128_1_5_comp1,P_8_A_128_1_5_comp1,R_8_A_128_1_5,TCDB,TCDB.8_A_128_1_5_comp1
G_8_A_129_1_2_comp1,P_8_A_129_1_2_comp1,R_8_A_129_1_2,TCDB,TCDB.8_A_129_1_2_comp1
G_1_C_79_2_1_comp1,P_1_C_79_2_1_comp1,R_1_C_79_2_1,TCDB,TCDB.1_C_79_2_1_comp1
G_8_A_107_4_1_comp1,P_8_A_107_4_1_comp1,R_8_A_107_4_1,TCDB,TCDB.8_A_107_4_1_comp1
G_8_A_122_2_2_comp1,P_8_A_122_2_2_comp1,R_8_A_122_2_2,TCDB,TCDB.8_A_122_2_2_comp1
G_8_A_103_1_14_comp1,P_8_A_103_1_14_comp1,R_8_A_103_1_14,TCDB,TCDB.8_A_103_1_14_comp1
G_1_C_132_1_5_comp1,P_1_C_132_1_5_comp1,R_1_C_132_1_5,TCDB,TCDB.1_C_132_1_5_comp1
G_1_C_38_1_15_comp1,P_1_C_38_1_15_comp1,R_1_C_38_1_15,TCDB,TCDB.1_C_38_1_15_comp1
G_8_A_128_7_3_comp1,P_8_A_128_7_3_comp1,R_8_A_128_7_3,TCDB,TCDB.8_A_128_7_3_comp1
G_1_A_50_1_3_comp1,P_1_A_50_1_3_comp1,R_1_A_50_1_3,TCDB,TCDB.1_A_50_1_3_comp1
G_1_A_50_2_2_comp1,P_1_A_50_2_2_comp1,R_1_A_50_2_2,TCDB,TCDB.1_A_50_2_2_comp1
G_8_A_133_1_3_comp1,P_8_A_133_1_3_comp1,R_8_A_133_1_3,TCDB,TCDB.8_A_133_1_3_comp1
G_9_B_368_1_2_comp1,P_9_B_368_1_2_comp1,R_9_B_368_1_2,TCDB,TCDB.9_B_368_1_2_comp1
G_1_A_87_3_13_comp1,P_1_A_87_3_13_comp1,R_1_A_87_3_13,TCDB,TCDB.1_A_87_3_13_comp1
G_8_A_194_1_2_comp1,P_8_A_194_1_2_comp1,R_8_A_194_1_2,TCDB,TCDB.8_A_194_1_2_comp1
G_2_A_43_2_10_comp1,P_2_A_43_2_10_comp1,R_2_A_43_2_10,TCDB,TCDB.2_A_43_2_10_comp1
G_8_A_108_1_7_comp1,P_8_A_108_1_7_comp1,R_8_A_108_1_7,TCDB,TCDB.8_A_108_1_7_comp1
G_9_B_440_1_10_comp1,P_9_B_440_1_10_comp1,R_9_B_440_1_10,TCDB,TCDB.9_B_440_1_10_comp1
G_9_B_314_1_4_comp1,P_9_B_314_1_4_comp1,R_9_B_314_1_4,TCDB,TCDB.9_B_314_1_4_comp1
G_9_B_9_1_3_comp1,P_9_B_9_1_3_comp1,R_9_B_9_1_3,TCDB,TCDB.9_B_9_1_3_comp1
G_1_C_59_5_7_comp1,P_1_C_59_5_7_comp1,R_1_C_59_5_7,TCDB,TCDB.1_C_59_5_7_comp1
G_9_B_326_1_4_comp1,P_9_B_326_1_4_comp1,R_9_B_326_1_4,TCDB,TCDB.9_B_326_1_4_comp1
G_1_A_114_1_3_comp1,P_1_A_114_1_3_comp1,R_1_A_114_1_3,TCDB,TCDB.1_A_114_1_3_comp1
G_9_B_311_1_23_comp1,P_9_B_311_1_23_comp1,R_9_B_311_1_23,TCDB,TCDB.9_B_311_1_23_comp1
G_8_A_168_1_4_comp1,P_8_A_168_1_4_comp1,R_8_A_168_1_4,TCDB,TCDB.8_A_168_1_4_comp1
G_8_A_112_3_4_comp1,P_8_A_112_3_4_comp1,R_8_A_112_3_4,TCDB,TCDB.8_A_112_3_4_comp1
G_1_A_20_1_3_comp1,P_1_A_20_1_3_comp1,R_1_A_20_1_3,TCDB,TCDB.1_A_20_1_3_comp1
G_9_A_80_1_5_comp1,P_9_A_80_1_5_comp1,R_9_A_80_1_5,TCDB,TCDB.9_A_80_1_5_comp1
G_8_A_23_1_24_comp1,P_8_A_23_1_24_comp1,R_8_A_23_1_24,TCDB,TCDB.8_A_23_1_24_comp1
G_8_A_156_3_2_comp1,P_8_A_156_3_2_comp1,R_8_A_156_3_2,TCDB,TCDB.8_A_156_3_2_comp1
G_9_B_17_1_5_comp1,P_9_B_17_1_5_comp1,R_9_B_17_1_5,TCDB,TCDB.9_B_17_1_5_comp1
G_1_A_6_4_6_comp1,P_1_A_6_4_6_comp1,R_1_A_6_4_6,TCDB,TCDB.1_A_6_4_6_comp1
G_1_A_69_2_3_comp1,P_1_A_69_2_3_comp1,R_1_A_69_2_3,TCDB,TCDB.1_A_69_2_3_comp1
G_9_B_392_1_5_comp1,P_9_B_392_1_5_comp1,R_9_B_392_1_5,TCDB,TCDB.9_B_392_1_5_comp1
G_1_A_50_3_3_comp1,P_1_A_50_3_3_comp1,R_1_A_50_3_3,TCDB,TCDB.1_A_50_3_3_comp1
G_1_A_126_1_6_comp1,P_1_A_126_1_6_comp1,R_1_A_126_1_6,TCDB,TCDB.1_A_126_1_6_comp1
G_2_A_43_2_11_comp1,P_2_A_43_2_11_comp1,R_2_A_43_2_11,TCDB,TCDB.2_A_43_2_11_comp1
G_8_A_128_1_7_comp1,P_8_A_128_1_7_comp1,R_8_A_128_1_7,TCDB,TCDB.8_A_128_1_7_comp1
G_8_A_231_2_4_comp1,P_8_A_231_2_4_comp1,R_8_A_231_2_4,TCDB,TCDB.8_A_231_2_4_comp1
G_9_B_314_1_7_comp1,P_9_B_314_1_7_comp1,R_9_B_314_1_7,TCDB,TCDB.9_B_314_1_7_comp1
G_8_A_132_1_3_comp1,P_8_A_132_1_3_comp1,R_8_A_132_1_3,TCDB,TCDB.8_A_132_1_3_comp1
G_8_A_177_1_5_comp1,P_8_A_177_1_5_comp1,R_8_A_177_1_5,TCDB,TCDB.8_A_177_1_5_comp1
G_1_C_39_1_3_comp1,P_1_C_39_1_3_comp1,R_1_C_39_1_3,TCDB,TCDB.1_C_39_1_3_comp1
G_2_A_100_2_2_comp1,P_2_A_100_2_2_comp1,R_2_A_100_2_2,TCDB,TCDB.2_A_100_2_2_comp1
G_9_B_215_1_3_comp1,P_9_B_215_1_3_comp1,R_9_B_215_1_3,TCDB,TCDB.9_B_215_1_3_comp1
G_1_A_113_1_4_comp1,P_1_A_113_1_4_comp1,R_1_A_113_1_4,TCDB,TCDB.1_A_113_1_4_comp1
G_9_B_445_2_5_comp1,P_9_B_445_2_5_comp1,R_9_B_445_2_5,TCDB,TCDB.9_B_445_2_5_comp1
G_1_A_50_3_2_comp1,P_1_A_50_3_2_comp1,R_1_A_50_3_2,TCDB,TCDB.1_A_50_3_2_comp1
G_8_A_39_1_3_comp1,P_8_A_39_1_3_comp1,R_8_A_39_1_3,TCDB,TCDB.8_A_39_1_3_comp1
G_9_B_142_18_1_comp1,P_9_B_142_18_1_comp1,R_9_B_142_18_1,TCDB,TCDB.9_B_142_18_1_comp1
G_8_A_101_1_3_comp1,P_8_A_101_1_3_comp1,R_8_A_101_1_3,TCDB,TCDB.8_A_101_1_3_comp1
G_9_A_14_3_15_comp1,P_9_A_14_3_15_comp1,R_9_A_14_3_15,TCDB,TCDB.9_A_14_3_15_comp1
G_8_A_136_1_10_comp1,P_8_A_136_1_10_comp1,R_8_A_136_1_10,TCDB,TCDB.8_A_136_1_10_comp1
G_3_A_1_204_33_comp1,P_3_A_1_204_33_comp1,R_3_A_1_204_33,TCDB,TCDB.3_A_1_204_33_comp1
G_9_B_442_1_6_comp1,P_9_B_442_1_6_comp1,R_9_B_442_1_6,TCDB,TCDB.9_B_442_1_6_comp1
G_8_A_128_3_4_comp1,P_8_A_128_3_4_comp1,R_8_A_128_3_4,TCDB,TCDB.8_A_128_3_4_comp1
G_9_B_371_1_3_comp1,P_9_B_371_1_3_comp1,R_9_B_371_1_3,TCDB,TCDB.9_B_371_1_3_comp1
G_2_A_57_4_3_comp1,P_2_A_57_4_3_comp1,R_2_A_57_4_3,TCDB,TCDB.2_A_57_4_3_comp1
G_8_A_129_1_6_comp1,P_8_A_129_1_6_comp1,R_8_A_129_1_6,TCDB,TCDB.8_A_129_1_6_comp1
G_1_C_45_5_5_comp1,P_1_C_45_5_5_comp1,R_1_C_45_5_5,TCDB,TCDB.1_C_45_5_5_comp1
G_9_B_311_1_19_comp1,P_9_B_311_1_19_comp1,R_9_B_311_1_19,TCDB,TCDB.9_B_311_1_19_comp1
G_1_C_81_1_3_comp1,P_1_C_81_1_3_comp1,R_1_C_81_1_3,TCDB,TCDB.1_C_81_1_3_comp1
G_9_B_311_1_9_comp1,P_9_B_311_1_9_comp1,R_9_B_311_1_9,TCDB,TCDB.9_B_311_1_9_comp1
G_9_B_311_1_7_comp1,P_9_B_311_1_7_comp1,R_9_B_311_1_7,TCDB,TCDB.9_B_311_1_7_comp1
G_9_B_392_1_4_comp1,P_9_B_392_1_4_comp1,R_9_B_392_1_4,TCDB,TCDB.9_B_392_1_4_comp1
G_8_A_178_1_8_comp1,P_8_A_178_1_8_comp1,R_8_A_178_1_8,TCDB,TCDB.8_A_178_1_8_comp1
G_9_A_79_1_2_comp1,P_9_A_79_1_2_comp1,R_9_A_79_1_2,TCDB,TCDB.9_A_79_1_2_comp1
G_2_A_43_5_2_comp1,P_2_A_43_5_2_comp1,R_2_A_43_5_2,TCDB,TCDB.2_A_43_5_2_comp1
G_1_A_130_1_15_comp1,P_1_A_130_1_15_comp1,R_1_A_130_1_15,TCDB,TCDB.1_A_130_1_15_comp1
G_9_B_173_1_3_comp1,P_9_B_173_1_3_comp1,R_9_B_173_1_3,TCDB,TCDB.9_B_173_1_3_comp1
G_1_C_123_2_3_comp1,P_1_C_123_2_3_comp1,R_1_C_123_2_3,TCDB,TCDB.1_C_123_2_3_comp1
G_8_A_39_1_2_comp1,P_8_A_39_1_2_comp1,R_8_A_39_1_2,TCDB,TCDB.8_A_39_1_2_comp1
G_8_A_115_1_6_comp1,P_8_A_115_1_6_comp1,R_8_A_115_1_6,TCDB,TCDB.8_A_115_1_6_comp1
G_1_A_27_2_2_comp1,P_1_A_27_2_2_comp1,R_1_A_27_2_2,TCDB,TCDB.1_A_27_2_2_comp1
G_8_A_136_1_7_comp1,P_8_A_136_1_7_comp1,R_8_A_136_1_7,TCDB,TCDB.8_A_136_1_7_comp1
G_9_B_115_2_2_comp1,P_9_B_115_2_2_comp1,R_9_B_115_2_2,TCDB,TCDB.9_B_115_2_2_comp1
G_8_A_80_1_3_comp1,P_8_A_80_1_3_comp1,R_8_A_80_1_3,TCDB,TCDB.8_A_80_1_3_comp1
G_1_C_59_5_8_comp1,P_1_C_59_5_8_comp1,R_1_C_59_5_8,TCDB,TCDB.1_C_59_5_8_comp1
G_1_A_8_8_27_comp1,P_1_A_8_8_27_comp1,R_1_A_8_8_27,TCDB,TCDB.1_A_8_8_27_comp1
G_1_C_108_2_4_comp1,P_1_C_108_2_4_comp1,R_1_C_108_2_4,TCDB,TCDB.1_C_108_2_4_comp1
G_9_B_326_1_2_comp1,P_9_B_326_1_2_comp1,R_9_B_326_1_2,TCDB,TCDB.9_B_326_1_2_comp1
G_1_A_87_1_5_comp1,P_1_A_87_1_5_comp1,R_1_A_87_1_5,TCDB,TCDB.1_A_87_1_5_comp1
G_8_A_82_3_2_comp1,P_8_A_82_3_2_comp1,R_8_A_82_3_2,TCDB,TCDB.8_A_82_3_2_comp1
G_1_N_5_1_3_comp1,P_1_N_5_1_3_comp1,R_1_N_5_1_3,TCDB,TCDB.1_N_5_1_3_comp1
G_9_B_368_1_8_comp1,P_9_B_368_1_8_comp1,R_9_B_368_1_8,TCDB,TCDB.9_B_368_1_8_comp1
G_8_A_115_1_5_comp1,P_8_A_115_1_5_comp1,R_8_A_115_1_5,TCDB,TCDB.8_A_115_1_5_comp1
G_1_A_124_1_6_comp1,P_1_A_124_1_6_comp1,R_1_A_124_1_6,TCDB,TCDB.1_A_124_1_6_comp1
G_9_B_360_1_5_comp1,P_9_B_360_1_5_comp1,R_9_B_360_1_5,TCDB,TCDB.9_B_360_1_5_comp1
G_9_A_14_12_4_comp1,P_9_A_14_12_4_comp1,R_9_A_14_12_4,TCDB,TCDB.9_A_14_12_4_comp1
G_1_A_50_2_5_comp1,P_1_A_50_2_5_comp1,R_1_A_50_2_5,TCDB,TCDB.1_A_50_2_5_comp1
G_9_B_329_1_5_comp1,P_9_B_329_1_5_comp1,R_9_B_329_1_5,TCDB,TCDB.9_B_329_1_5_comp1
G_2_A_54_1_9_comp1,P_2_A_54_1_9_comp1,R_2_A_54_1_9,TCDB,TCDB.2_A_54_1_9_comp1
G_9_B_441_1_1_comp1,P_9_B_441_1_1_comp1,R_9_B_441_1_1,TCDB,TCDB.9_B_441_1_1_comp1
G_1_C_108_2_3_comp1,P_1_C_108_2_3_comp1,R_1_C_108_2_3,TCDB,TCDB.1_C_108_2_3_comp1
G_8_A_106_1_2_comp1,P_8_A_106_1_2_comp1,R_8_A_106_1_2,TCDB,TCDB.8_A_106_1_2_comp1
G_2_A_50_2_10_comp1,P_2_A_50_2_10_comp1,R_2_A_50_2_10,TCDB,TCDB.2_A_50_2_10_comp1
G_1_A_87_1_3_comp1,P_1_A_87_1_3_comp1,R_1_A_87_1_3,TCDB,TCDB.1_A_87_1_3_comp1
G_9_B_362_1_4_comp1,P_9_B_362_1_4_comp1,R_9_B_362_1_4,TCDB,TCDB.9_B_362_1_4_comp1
G_2_A_5_3_10_comp1,P_2_A_5_3_10_comp1,R_2_A_5_3_10,TCDB,TCDB.2_A_5_3_10_comp1
G_1_A_21_2_3_comp1,P_1_A_21_2_3_comp1,R_1_A_21_2_3,TCDB,TCDB.1_A_21_2_3_comp1
G_9_A_14_12_3_comp1,P_9_A_14_12_3_comp1,R_9_A_14_12_3,TCDB,TCDB.9_A_14_12_3_comp1
G_1_C_6_2_2_comp1,P_1_C_6_2_2_comp1,R_1_C_6_2_2,TCDB,TCDB.1_C_6_2_2_comp1
G_1_C_15_1_6_comp1,P_1_C_15_1_6_comp1,R_1_C_15_1_6,TCDB,TCDB.1_C_15_1_6_comp1
G_8_B_26_1_7_comp1,P_8_B_26_1_7_comp1,R_8_B_26_1_7,TCDB,TCDB.8_B_26_1_7_comp1
G_2_A_45_2_7_comp1,P_2_A_45_2_7_comp1,R_2_A_45_2_7,TCDB,TCDB.2_A_45_2_7_comp1
G_8_A_133_1_4_comp1,P_8_A_133_1_4_comp1,R_8_A_133_1_4,TCDB,TCDB.8_A_133_1_4_comp1
G_9_B_174_1_4_comp1,P_9_B_174_1_4_comp1,R_9_B_174_1_4,TCDB,TCDB.9_B_174_1_4_comp1
G_9_B_439_1_3_comp1,P_9_B_439_1_3_comp1,R_9_B_439_1_3,TCDB,TCDB.9_B_439_1_3_comp1
G_1_H_3_1_14_comp1,P_1_H_3_1_14_comp1,R_1_H_3_1_14,TCDB,TCDB.1_H_3_1_14_comp1
G_1_A_75_1_18_comp1,P_1_A_75_1_18_comp1,R_1_A_75_1_18,TCDB,TCDB.1_A_75_1_18_comp1
G_1_H_3_4_1_comp1,P_1_H_3_4_1_comp1,R_1_H_3_4_1,TCDB,TCDB.1_H_3_4_1_comp1
G_9_A_16_1_5_comp1,P_9_A_16_1_5_comp1,R_9_A_16_1_5,TCDB,TCDB.9_A_16_1_5_comp1
G_8_A_37_1_4_comp1,P_8_A_37_1_4_comp1,R_8_A_37_1_4,TCDB,TCDB.8_A_37_1_4_comp1
G_9_B_360_1_8_comp1,P_9_B_360_1_8_comp1,R_9_B_360_1_8,TCDB,TCDB.9_B_360_1_8_comp1
G_1_A_113_5_2_comp1,P_1_A_113_5_2_comp1,R_1_A_113_5_2,TCDB,TCDB.1_A_113_5_2_comp1
G_8_A_107_1_5_comp1,P_8_A_107_1_5_comp1,R_8_A_107_1_5,TCDB,TCDB.8_A_107_1_5_comp1
G_1_C_63_1_3_comp1,P_1_C_63_1_3_comp1,R_1_C_63_1_3,TCDB,TCDB.1_C_63_1_3_comp1
G_1_N_3_1_5_comp1,P_1_N_3_1_5_comp1,R_1_N_3_1_5,TCDB,TCDB.1_N_3_1_5_comp1
G_9_A_43_1_15_comp1,P_9_A_43_1_15_comp1,R_9_A_43_1_15,TCDB,TCDB.9_A_43_1_15_comp1
G_2_A_74_1_7_comp1,P_2_A_74_1_7_comp1,R_2_A_74_1_7,TCDB,TCDB.2_A_74_1_7_comp1
G_9_B_104_1_12_comp1,P_9_B_104_1_12_comp1,R_9_B_104_1_12,TCDB,TCDB.9_B_104_1_12_comp1
G_9_B_314_1_5_comp1,P_9_B_314_1_5_comp1,R_9_B_314_1_5,TCDB,TCDB.9_B_314_1_5_comp1
G_1_W_6_4_2_comp1,P_1_W_6_4_2_comp1,R_1_W_6_4_2,TCDB,TCDB.1_W_6_4_2_comp1
G_8_A_82_1_8_comp1,P_8_A_82_1_8_comp1,R_8_A_82_1_8,TCDB,TCDB.8_A_82_1_8_comp1
G_9_B_247_1_6_comp1,P_9_B_247_1_6_comp1,R_9_B_247_1_6,TCDB,TCDB.9_B_247_1_6_comp1
G_9_B_2_1_19_comp1,P_9_B_2_1_19_comp1,R_9_B_2_1_19,TCDB,TCDB.9_B_2_1_19_comp1
G_1_C_104_1_7_comp1,P_1_C_104_1_7_comp1,R_1_C_104_1_7,TCDB,TCDB.1_C_104_1_7_comp1
G_8_A_165_1_5_comp1,P_8_A_165_1_5_comp1,R_8_A_165_1_5,TCDB,TCDB.8_A_165_1_5_comp1
G_9_B_17_1_7_comp1,P_9_B_17_1_7_comp1,R_9_B_17_1_7,TCDB,TCDB.9_B_17_1_7_comp1
G_8_A_112_1_8_comp1,P_8_A_112_1_8_comp1,R_8_A_112_1_8,TCDB,TCDB.8_A_112_1_8_comp1
G_8_A_127_2_2_comp1,P_8_A_127_2_2_comp1,R_8_A_127_2_2,TCDB,TCDB.8_A_127_2_2_comp1
G_9_B_360_1_7_comp1,P_9_B_360_1_7_comp1,R_9_B_360_1_7,TCDB,TCDB.9_B_360_1_7_comp1
G_8_A_139_1_2_comp1,P_8_A_139_1_2_comp1,R_8_A_139_1_2,TCDB,TCDB.8_A_139_1_2_comp1
G_9_B_433_2_1_comp1,P_9_B_433_2_1_comp1,R_9_B_433_2_1,TCDB,TCDB.9_B_433_2_1_comp1
G_1_A_14_3_11_comp1,P_1_A_14_3_11_comp1,R_1_A_14_3_11,TCDB,TCDB.1_A_14_3_11_comp1
G_1_C_127_1_7_comp1,P_1_C_127_1_7_comp1,R_1_C_127_1_7,TCDB,TCDB.1_C_127_1_7_comp1
G_8_A_83_1_9_comp1,P_8_A_83_1_9_comp1,R_8_A_83_1_9,TCDB,TCDB.8_A_83_1_9_comp1
G_8_A_186_1_3_comp1,P_8_A_186_1_3_comp1,R_8_A_186_1_3,TCDB,TCDB.8_A_186_1_3_comp1
G_8_A_152_1_8_comp1,P_8_A_152_1_8_comp1,R_8_A_152_1_8,TCDB,TCDB.8_A_152_1_8_comp1
G_9_B_363_1_4_comp1,P_9_B_363_1_4_comp1,R_9_B_363_1_4,TCDB,TCDB.9_B_363_1_4_comp1
G_8_A_132_1_12_comp1,P_8_A_132_1_12_comp1,R_8_A_132_1_12,TCDB,TCDB.8_A_132_1_12_comp1
G_1_C_127_1_5_comp1,P_1_C_127_1_5_comp1,R_1_C_127_1_5,TCDB,TCDB.1_C_127_1_5_comp1
G_1_A_84_2_9_comp1,P_1_A_84_2_9_comp1,R_1_A_84_2_9,TCDB,TCDB.1_A_84_2_9_comp1
G_8_A_237_1_3_comp1,P_8_A_237_1_3_comp1,R_8_A_237_1_3,TCDB,TCDB.8_A_237_1_3_comp1
G_9_B_445_1_3_comp1,P_9_B_445_1_3_comp1,R_9_B_445_1_3,TCDB,TCDB.9_B_445_1_3_comp1
G_8_A_134_1_5_comp1,P_8_A_134_1_5_comp1,R_8_A_134_1_5,TCDB,TCDB.8_A_134_1_5_comp1
G_1_A_113_3_6_comp1,P_1_A_113_3_6_comp1,R_1_A_113_3_6,TCDB,TCDB.1_A_113_3_6_comp1
G_9_B_235_1_9_comp1,P_9_B_235_1_9_comp1,R_9_B_235_1_9,TCDB,TCDB.9_B_235_1_9_comp1
G_9_B_316_1_2_comp1,P_9_B_316_1_2_comp1,R_9_B_316_1_2,TCDB,TCDB.9_B_316_1_2_comp1
G_9_A_16_1_3_comp1,P_9_A_16_1_3_comp1,R_9_A_16_1_3,TCDB,TCDB.9_A_16_1_3_comp1
G_8_A_157_2_1_comp1,P_8_A_157_2_1_comp1,R_8_A_157_2_1,TCDB,TCDB.8_A_157_2_1_comp1
G_2_A_57_6_2_comp1,P_2_A_57_6_2_comp1,R_2_A_57_6_2,TCDB,TCDB.2_A_57_6_2_comp1
G_8_A_23_1_26_comp1,P_8_A_23_1_26_comp1,R_8_A_23_1_26,TCDB,TCDB.8_A_23_1_26_comp1
G_8_A_132_1_4_comp1,P_8_A_132_1_4_comp1,R_8_A_132_1_4,TCDB,TCDB.8_A_132_1_4_comp1
G_1_A_51_2_2_comp1,P_1_A_51_2_2_comp1,R_1_A_51_2_2,TCDB,TCDB.1_A_51_2_2_comp1
G_1_C_81_1_7_comp1,P_1_C_81_1_7_comp1,R_1_C_81_1_7,TCDB,TCDB.1_C_81_1_7_comp1
G_1_W_6_4_1_comp1,P_1_W_6_4_1_comp1,R_1_W_6_4_1,TCDB,TCDB.1_W_6_4_1_comp1
G_8_A_112_2_2_comp1,P_8_A_112_2_2_comp1,R_8_A_112_2_2,TCDB,TCDB.8_A_112_2_2_comp1
G_2_A_1_13_28_comp1,P_2_A_1_13_28_comp1,R_2_A_1_13_28,TCDB,TCDB.2_A_1_13_28_comp1
G_9_A_16_1_4_comp1,P_9_A_16_1_4_comp1,R_9_A_16_1_4,TCDB,TCDB.9_A_16_1_4_comp1
G_9_B_104_4_3_comp1,P_9_B_104_4_3_comp1,R_9_B_104_4_3,TCDB,TCDB.9_B_104_4_3_comp1
G_8_A_32_1_5_comp1,P_8_A_32_1_5_comp1,R_8_A_32_1_5,TCDB,TCDB.8_A_32_1_5_comp1
G_8_A_113_1_5_comp1,P_8_A_113_1_5_comp1,R_8_A_113_1_5,TCDB,TCDB.8_A_113_1_5_comp1
G_1_A_113_2_1_comp1,P_1_A_113_2_1_comp1,R_1_A_113_2_1,TCDB,TCDB.1_A_113_2_1_comp1
G_1_F_3_1_3_comp1,P_1_F_3_1_3_comp1,R_1_F_3_1_3,TCDB,TCDB.1_F_3_1_3_comp1
G_1_A_69_3_7_comp1,P_1_A_69_3_7_comp1,R_1_A_69_3_7,TCDB,TCDB.1_A_69_3_7_comp1
G_8_A_235_1_3_comp1,P_8_A_235_1_3_comp1,R_8_A_235_1_3,TCDB,TCDB.8_A_235_1_3_comp1
G_8_A_121_1_2_comp1,P_8_A_121_1_2_comp1,R_8_A_121_1_2,TCDB,TCDB.8_A_121_1_2_comp1
G_1_A_125_2_1_comp1,P_1_A_125_2_1_comp1,R_1_A_125_2_1,TCDB,TCDB.1_A_125_2_1_comp1
G_1_A_37_3_3_comp1,P_1_A_37_3_3_comp1,R_1_A_37_3_3,TCDB,TCDB.1_A_37_3_3_comp1
G_8_A_169_1_3_comp1,P_8_A_169_1_3_comp1,R_8_A_169_1_3,TCDB,TCDB.8_A_169_1_3_comp1
G_2_A_22_6_10_comp1,P_2_A_22_6_10_comp1,R_2_A_22_6_10,TCDB,TCDB.2_A_22_6_10_comp1
G_8_A_113_1_6_comp1,P_8_A_113_1_6_comp1,R_8_A_113_1_6,TCDB,TCDB.8_A_113_1_6_comp1
G_8_A_132_1_2_comp1,P_8_A_132_1_2_comp1,R_8_A_132_1_2,TCDB,TCDB.8_A_132_1_2_comp1
G_9_B_441_1_2_comp1,P_9_B_441_1_2_comp1,R_9_B_441_1_2,TCDB,TCDB.9_B_441_1_2_comp1
G_1_F_3_1_2_comp1,P_1_F_3_1_2_comp1,R_1_F_3_1_2,TCDB,TCDB.1_F_3_1_2_comp1
G_1_A_17_4_17_comp1,P_1_A_17_4_17_comp1,R_1_A_17_4_17,TCDB,TCDB.1_A_17_4_17_comp1
G_8_A_118_1_10_comp1,P_8_A_118_1_10_comp1,R_8_A_118_1_10,TCDB,TCDB.8_A_118_1_10_comp1
G_8_A_179_1_4_comp1,P_8_A_179_1_4_comp1,R_8_A_179_1_4,TCDB,TCDB.8_A_179_1_4_comp1
G_9_A_14_26_3_comp1,P_9_A_14_26_3_comp1,R_9_A_14_26_3,TCDB,TCDB.9_A_14_26_3_comp1
G_8_A_56_1_3_comp1,P_8_A_56_1_3_comp1,R_8_A_56_1_3,TCDB,TCDB.8_A_56_1_3_comp1
G_1_A_8_14_3_comp1,P_1_A_8_14_3_comp1,R_1_A_8_14_3,TCDB,TCDB.1_A_8_14_3_comp1
G_1_C_45_5_3_comp1,P_1_C_45_5_3_comp1,R_1_C_45_5_3,TCDB,TCDB.1_C_45_5_3_comp1
G_9_A_14_3_12_comp1,P_9_A_14_3_12_comp1,R_9_A_14_3_12,TCDB,TCDB.9_A_14_3_12_comp1
G_1_A_10_1_19_comp1,P_1_A_10_1_19_comp1,R_1_A_10_1_19,TCDB,TCDB.1_A_10_1_19_comp1
G_8_A_128_1_6_comp1,P_8_A_128_1_6_comp1,R_8_A_128_1_6,TCDB,TCDB.8_A_128_1_6_comp1
G_8_A_68_1_16_comp1,P_8_A_68_1_16_comp1,R_8_A_68_1_16,TCDB,TCDB.8_A_68_1_16_comp1
G_1_H_3_2_1_comp1,P_1_H_3_2_1_comp1,R_1_H_3_2_1,TCDB,TCDB.1_H_3_2_1_comp1
G_8_A_109_1_2_comp1,P_8_A_109_1_2_comp1,R_8_A_109_1_2,TCDB,TCDB.8_A_109_1_2_comp1
G_9_B_235_1_5_comp1,P_9_B_235_1_5_comp1,R_9_B_235_1_5,TCDB,TCDB.9_B_235_1_5_comp1
G_2_A_123_1_21_comp1,P_2_A_123_1_21_comp1,R_2_A_123_1_21,TCDB,TCDB.2_A_123_1_21_comp1
G_8_A_152_1_3_comp1,P_8_A_152_1_3_comp1,R_8_A_152_1_3,TCDB,TCDB.8_A_152_1_3_comp1
G_8_A_175_2_5_comp1,P_8_A_175_2_5_comp1,R_8_A_175_2_5,TCDB,TCDB.8_A_175_2_5_comp1
G_8_A_234_1_4_comp1,P_8_A_234_1_4_comp1,R_8_A_234_1_4,TCDB,TCDB.8_A_234_1_4_comp1
G_9_B_446_1_6_comp1,P_9_B_446_1_6_comp1,R_9_B_446_1_6,TCDB,TCDB.9_B_446_1_6_comp1
G_8_B_13_2_2_comp1,P_8_B_13_2_2_comp1,R_8_B_13_2_2,TCDB,TCDB.8_B_13_2_2_comp1
G_9_B_452_1_4_comp1,P_9_B_452_1_4_comp1,R_9_B_452_1_4,TCDB,TCDB.9_B_452_1_4_comp1
G_8_A_185_1_6_comp1,P_8_A_185_1_6_comp1,R_8_A_185_1_6,TCDB,TCDB.8_A_185_1_6_comp1
G_8_A_127_1_4_comp1,P_8_A_127_1_4_comp1,R_8_A_127_1_4,TCDB,TCDB.8_A_127_1_4_comp1
G_8_A_104_1_3_comp1,P_8_A_104_1_3_comp1,R_8_A_104_1_3,TCDB,TCDB.8_A_104_1_3_comp1
G_9_B_135_1_4_comp1,P_9_B_135_1_4_comp1,R_9_B_135_1_4,TCDB,TCDB.9_B_135_1_4_comp1
G_3_A_1_201_29_comp1,P_3_A_1_201_29_comp1,R_3_A_1_201_29,TCDB,TCDB.3_A_1_201_29_comp1
G_1_W_4_1_3_comp1,P_1_W_4_1_3_comp1,R_1_W_4_1_3,TCDB,TCDB.1_W_4_1_3_comp1
G_8_A_102_1_6_comp1,P_8_A_102_1_6_comp1,R_8_A_102_1_6,TCDB,TCDB.8_A_102_1_6_comp1
G_1_A_84_3_2_comp1,P_1_A_84_3_2_comp1,R_1_A_84_3_2,TCDB,TCDB.1_A_84_3_2_comp1
G_9_B_422_1_3_comp1,P_9_B_422_1_3_comp1,R_9_B_422_1_3,TCDB,TCDB.9_B_422_1_3_comp1
G_2_A_54_1_10_comp1,P_2_A_54_1_10_comp1,R_2_A_54_1_10,TCDB,TCDB.2_A_54_1_10_comp1
G_9_B_434_1_2_comp1,P_9_B_434_1_2_comp1,R_9_B_434_1_2,TCDB,TCDB.9_B_434_1_2_comp1
G_1_A_9_2_6_comp1,P_1_A_9_2_6_comp1,R_1_A_9_2_6,TCDB,TCDB.1_A_9_2_6_comp1
G_1_A_21_2_2_comp1,P_1_A_21_2_2_comp1,R_1_A_21_2_2,TCDB,TCDB.1_A_21_2_2_comp1
G_1_D_118_1_2_comp1,P_1_D_118_1_2_comp1,R_1_D_118_1_2,TCDB,TCDB.1_D_118_1_2_comp1
G_8_A_152_2_4_comp1,P_8_A_152_2_4_comp1,R_8_A_152_2_4,TCDB,TCDB.8_A_152_2_4_comp1
G_1_A_113_1_5_comp1,P_1_A_113_1_5_comp1,R_1_A_113_1_5,TCDB,TCDB.1_A_113_1_5_comp1
G_8_A_101_1_4_comp1,P_8_A_101_1_4_comp1,R_8_A_101_1_4,TCDB,TCDB.8_A_101_1_4_comp1
G_1_C_81_1_4_comp1,P_1_C_81_1_4_comp1,R_1_C_81_1_4,TCDB,TCDB.1_C_81_1_4_comp1
G_8_A_166_1_4_comp1,P_8_A_166_1_4_comp1,R_8_A_166_1_4,TCDB,TCDB.8_A_166_1_4_comp1
G_8_A_77_1_8_comp1,P_8_A_77_1_8_comp1,R_8_A_77_1_8,TCDB,TCDB.8_A_77_1_8_comp1
G_9_B_87_1_38_comp1,P_9_B_87_1_38_comp1,R_9_B_87_1_38,TCDB,TCDB.9_B_87_1_38_comp1
G_9_B_442_1_3_comp1,P_9_B_442_1_3_comp1,R_9_B_442_1_3,TCDB,TCDB.9_B_442_1_3_comp1
G_9_B_440_1_4_comp1,P_9_B_440_1_4_comp1,R_9_B_440_1_4,TCDB,TCDB.9_B_440_1_4_comp1
G_9_B_422_1_10_comp1,P_9_B_422_1_10_comp1,R_9_B_422_1_10,TCDB,TCDB.9_B_422_1_10_comp1
G_8_A_40_1_24_comp1,P_8_A_40_1_24_comp1,R_8_A_40_1_24,TCDB,TCDB.8_A_40_1_24_comp1
G_8_A_101_1_2_comp1,P_8_A_101_1_2_comp1,R_8_A_101_1_2,TCDB,TCDB.8_A_101_1_2_comp1
G_1_A_25_3_5_comp1,P_1_A_25_3_5_comp1,R_1_A_25_3_5,TCDB,TCDB.1_A_25_3_5_comp1
G_9_B_434_1_3_comp1,P_9_B_434_1_3_comp1,R_9_B_434_1_3,TCDB,TCDB.9_B_434_1_3_comp1
G_8_A_132_1_9_comp1,P_8_A_132_1_9_comp1,R_8_A_132_1_9,TCDB,TCDB.8_A_132_1_9_comp1
G_8_A_168_1_3_comp1,P_8_A_168_1_3_comp1,R_8_A_168_1_3,TCDB,TCDB.8_A_168_1_3_comp1
G_1_A_124_1_7_comp1,P_1_A_124_1_7_comp1,R_1_A_124_1_7,TCDB,TCDB.1_A_124_1_7_comp1
G_8_A_80_2_2_comp1,P_8_A_80_2_2_comp1,R_8_A_80_2_2,TCDB,TCDB.8_A_80_2_2_comp1
G_9_B_27_1_12_comp1,P_9_B_27_1_12_comp1,R_9_B_27_1_12,TCDB,TCDB.9_B_27_1_12_comp1
G_9_B_104_4_2_comp1,P_9_B_104_4_2_comp1,R_9_B_104_4_2,TCDB,TCDB.9_B_104_4_2_comp1
G_9_B_433_1_2_comp1,P_9_B_433_1_2_comp1,R_9_B_433_1_2,TCDB,TCDB.9_B_433_1_2_comp1
G_9_B_311_1_10_comp1,P_9_B_311_1_10_comp1,R_9_B_311_1_10,TCDB,TCDB.9_B_311_1_10_comp1
G_1_A_105_1_3_comp1,P_1_A_105_1_3_comp1,R_1_A_105_1_3,TCDB,TCDB.1_A_105_1_3_comp1
G_2_A_43_5_6_comp1,P_2_A_43_5_6_comp1,R_2_A_43_5_6,TCDB,TCDB.2_A_43_5_6_comp1
G_1_C_132_1_3_comp1,P_1_C_132_1_3_comp1,R_1_C_132_1_3,TCDB,TCDB.1_C_132_1_3_comp1
G_8_A_56_1_4_comp1,P_8_A_56_1_4_comp1,R_8_A_56_1_4,TCDB,TCDB.8_A_56_1_4_comp1
G_1_C_127_1_6_comp1,P_1_C_127_1_6_comp1,R_1_C_127_1_6,TCDB,TCDB.1_C_127_1_6_comp1
G_8_A_111_1_9_comp1,P_8_A_111_1_9_comp1,R_8_A_111_1_9,TCDB,TCDB.8_A_111_1_9_comp1
G_8_A_122_2_3_comp1,P_8_A_122_2_3_comp1,R_8_A_122_2_3,TCDB,TCDB.8_A_122_2_3_comp1
G_2_A_29_28_2_comp1,P_2_A_29_28_2_comp1,R_2_A_29_28_2,TCDB,TCDB.2_A_29_28_2_comp1
G_9_B_115_1_14_comp1,P_9_B_115_1_14_comp1,R_9_B_115_1_14,TCDB,TCDB.9_B_115_1_14_comp1
G_1_H_2_1_4_comp1,P_1_H_2_1_4_comp1,R_1_H_2_1_4,TCDB,TCDB.1_H_2_1_4_comp1
G_8_A_189_1_2_comp1,P_8_A_189_1_2_comp1,R_8_A_189_1_2,TCDB,TCDB.8_A_189_1_2_comp1
G_9_B_441_1_4_comp1,P_9_B_441_1_4_comp1,R_9_B_441_1_4,TCDB,TCDB.9_B_441_1_4_comp1
G_1_N_5_1_4_comp1,P_1_N_5_1_4_comp1,R_1_N_5_1_4,TCDB,TCDB.1_N_5_1_4_comp1
G_9_B_115_4_5_comp1,P_9_B_115_4_5_comp1,R_9_B_115_4_5,TCDB,TCDB.9_B_115_4_5_comp1
G_9_B_311_1_12_comp1,P_9_B_311_1_12_comp1,R_9_B_311_1_12,TCDB,TCDB.9_B_311_1_12_comp1
G_1_C_112_1_8_comp1,P_1_C_112_1_8_comp1,R_1_C_112_1_8,TCDB,TCDB.1_C_112_1_8_comp1
G_1_A_84_2_3_comp1,P_1_A_84_2_3_comp1,R_1_A_84_2_3,TCDB,TCDB.1_A_84_2_3_comp1
G_1_C_81_1_6_comp1,P_1_C_81_1_6_comp1,R_1_C_81_1_6,TCDB,TCDB.1_C_81_1_6_comp1
G_1_A_67_3_2_comp1,P_1_A_67_3_2_comp1,R_1_A_67_3_2,TCDB,TCDB.1_A_67_3_2_comp1
G_8_A_128_2_2_comp1,P_8_A_128_2_2_comp1,R_8_A_128_2_2,TCDB,TCDB.8_A_128_2_2_comp1
G_8_A_121_1_3_comp1,P_8_A_121_1_3_comp1,R_8_A_121_1_3,TCDB,TCDB.8_A_121_1_3_comp1
G_1_A_75_1_19_comp1,P_1_A_75_1_19_comp1,R_1_A_75_1_19,TCDB,TCDB.1_A_75_1_19_comp1
G_9_B_326_1_3_comp1,P_9_B_326_1_3_comp1,R_9_B_326_1_3,TCDB,TCDB.9_B_326_1_3_comp1
G_3_A_1_211_23_comp1,P_3_A_1_211_23_comp1,R_3_A_1_211_23,TCDB,TCDB.3_A_1_211_23_comp1
G_8_A_68_1_17_comp1,P_8_A_68_1_17_comp1,R_8_A_68_1_17,TCDB,TCDB.8_A_68_1_17_comp1
G_9_B_311_1_1_comp1,P_9_B_311_1_1_comp1,R_9_B_311_1_1,TCDB,TCDB.9_B_311_1_1_comp1
G_9_B_311_1_20_comp1,P_9_B_311_1_20_comp1,R_9_B_311_1_20,TCDB,TCDB.9_B_311_1_20_comp1
G_8_A_134_1_2_comp1,P_8_A_134_1_2_comp1,R_8_A_134_1_2,TCDB,TCDB.8_A_134_1_2_comp1
G_8_A_57_1_7_comp1,P_8_A_57_1_7_comp1,R_8_A_57_1_7,TCDB,TCDB.8_A_57_1_7_comp1
G_8_A_224_1_3_comp1,P_8_A_224_1_3_comp1,R_8_A_224_1_3,TCDB,TCDB.8_A_224_1_3_comp1
G_2_A_1_19_50_comp1,P_2_A_1_19_50_comp1,R_2_A_1_19_50,TCDB,TCDB.2_A_1_19_50_comp1
G_2_A_94_1_3_comp1,P_2_A_94_1_3_comp1,R_2_A_94_1_3,TCDB,TCDB.2_A_94_1_3_comp1
G_1_A_124_1_4_comp1,P_1_A_124_1_4_comp1,R_1_A_124_1_4,TCDB,TCDB.1_A_124_1_4_comp1
G_8_A_152_1_2_comp1,P_8_A_152_1_2_comp1,R_8_A_152_1_2,TCDB,TCDB.8_A_152_1_2_comp1
G_1_A_50_4_5_comp1,P_1_A_50_4_5_comp1,R_1_A_50_4_5,TCDB,TCDB.1_A_50_4_5_comp1
G_8_B_13_2_1_comp1,P_8_B_13_2_1_comp1,R_8_B_13_2_1,TCDB,TCDB.8_B_13_2_1_comp1
G_9_B_371_2_3_comp1,P_9_B_371_2_3_comp1,R_9_B_371_2_3,TCDB,TCDB.9_B_371_2_3_comp1
G_9_B_115_4_4_comp1,P_9_B_115_4_4_comp1,R_9_B_115_4_4,TCDB,TCDB.9_B_115_4_4_comp1
G_8_A_128_7_2_comp1,P_8_A_128_7_2_comp1,R_8_A_128_7_2,TCDB,TCDB.8_A_128_7_2_comp1
G_9_A_78_1_4_comp1,P_9_A_78_1_4_comp1,R_9_A_78_1_4,TCDB,TCDB.9_A_78_1_4_comp1
G_9_A_16_1_7_comp1,P_9_A_16_1_7_comp1,R_9_A_16_1_7,TCDB,TCDB.9_A_16_1_7_comp1
G_9_B_447_1_2_comp1,P_9_B_447_1_2_comp1,R_9_B_447_1_2,TCDB,TCDB.9_B_447_1_2_comp1
G_9_B_87_5_5_comp1,P_9_B_87_5_5_comp1,R_9_B_87_5_5,TCDB,TCDB.9_B_87_5_5_comp1
G_8_A_142_1_2_comp1,P_8_A_142_1_2_comp1+8_A_142_1_2_comp2,R_8_A_142_1_2,TCDB,TCDB.8_A_142_1_2_comp1
G_8_A_142_1_2_comp2,P_8_A_142_1_2_comp1+8_A_142_1_2_comp2,R_8_A_142_1_2,TCDB,TCDB.8_A_142_1_2_comp2
G_2_A_22_1_12_comp1,P_2_A_22_1_12_comp1,R_2_A_22_1_12,TCDB,TCDB.2_A_22_1_12_comp1
G_8_A_136_1_9_comp1,P_8_A_136_1_9_comp1,R_8_A_136_1_9,TCDB,TCDB.8_A_136_1_9_comp1
G_1_A_75_1_25_comp1,P_1_A_75_1_25_comp1,R_1_A_75_1_25,TCDB,TCDB.1_A_75_1_25_comp1
G_9_A_14_24_6_comp1,P_9_A_14_24_6_comp1,R_9_A_14_24_6,TCDB,TCDB.9_A_14_24_6_comp1
G_8_A_138_1_4_comp1,P_8_A_138_1_4_comp1,R_8_A_138_1_4,TCDB,TCDB.8_A_138_1_4_comp1
G_2_A_1_13_27_comp1,P_2_A_1_13_27_comp1,R_2_A_1_13_27,TCDB,TCDB.2_A_1_13_27_comp1
G_8_A_104_1_2_comp1,P_8_A_104_1_2_comp1,R_8_A_104_1_2,TCDB,TCDB.8_A_104_1_2_comp1
G_8_A_131_1_3_comp1,P_8_A_131_1_3_comp1,R_8_A_131_1_3,TCDB,TCDB.8_A_131_1_3_comp1
G_8_A_109_1_3_comp1,P_8_A_109_1_3_comp1,R_8_A_109_1_3,TCDB,TCDB.8_A_109_1_3_comp1
G_2_A_57_3_2_comp1,P_2_A_57_3_2_comp1,R_2_A_57_3_2,TCDB,TCDB.2_A_57_3_2_comp1
G_1_C_79_1_4_comp1,P_1_C_79_1_4_comp1,R_1_C_79_1_4,TCDB,TCDB.1_C_79_1_4_comp1
G_8_A_23_3_2_comp1,P_8_A_23_3_2_comp1,R_8_A_23_3_2,TCDB,TCDB.8_A_23_3_2_comp1
G_9_A_1_1_2_comp1,P_9_A_1_1_2_comp1,R_9_A_1_1_2,TCDB,TCDB.9_A_1_1_2_comp1
G_1_A_84_2_6_comp1,P_1_A_84_2_6_comp1,R_1_A_84_2_6,TCDB,TCDB.1_A_84_2_6_comp1
G_8_A_130_2_1_comp1,P_8_A_130_2_1_comp1,R_8_A_130_2_1,TCDB,TCDB.8_A_130_2_1_comp1
G_1_A_84_4_2_comp1,P_1_A_84_4_2_comp1,R_1_A_84_4_2,TCDB,TCDB.1_A_84_4_2_comp1
G_1_A_84_4_1_comp1,P_1_A_84_4_1_comp1,R_1_A_84_4_1,TCDB,TCDB.1_A_84_4_1_comp1
G_9_B_362_1_5_comp1,P_9_B_362_1_5_comp1,R_9_B_362_1_5,TCDB,TCDB.9_B_362_1_5_comp1
G_1_H_1_6_2_comp1,P_1_H_1_6_2_comp1,R_1_H_1_6_2,TCDB,TCDB.1_H_1_6_2_comp1
G_8_A_190_1_3_comp1,P_8_A_190_1_3_comp1,R_8_A_190_1_3,TCDB,TCDB.8_A_190_1_3_comp1
G_9_B_363_1_5_comp1,P_9_B_363_1_5_comp1,R_9_B_363_1_5,TCDB,TCDB.9_B_363_1_5_comp1
G_8_A_183_1_2_comp1,P_8_A_183_1_2_comp1,R_8_A_183_1_2,TCDB,TCDB.8_A_183_1_2_comp1
G_1_A_50_4_3_comp1,P_1_A_50_4_3_comp1,R_1_A_50_4_3,TCDB,TCDB.1_A_50_4_3_comp1
G_9_B_311_1_13_comp1,P_9_B_311_1_13_comp1,R_9_B_311_1_13,TCDB,TCDB.9_B_311_1_13_comp1
G_8_A_196_1_3_comp1,P_8_A_196_1_3_comp1,R_8_A_196_1_3,TCDB,TCDB.8_A_196_1_3_comp1
G_1_A_139_1_5_comp1,P_1_A_139_1_5_comp1,R_1_A_139_1_5,TCDB,TCDB.1_A_139_1_5_comp1
G_1_A_84_3_5_comp1,P_1_A_84_3_5_comp1,R_1_A_84_3_5,TCDB,TCDB.1_A_84_3_5_comp1
G_8_A_23_1_28_comp1,P_8_A_23_1_28_comp1,R_8_A_23_1_28,TCDB,TCDB.8_A_23_1_28_comp1
G_8_A_136_1_3_comp1,P_8_A_136_1_3_comp1,R_8_A_136_1_3,TCDB,TCDB.8_A_136_1_3_comp1
G_1_A_27_3_3_comp1,P_1_A_27_3_3_comp1,R_1_A_27_3_3,TCDB,TCDB.1_A_27_3_3_comp1
G_1_A_37_8_3_comp1,P_1_A_37_8_3_comp1,R_1_A_37_8_3,TCDB,TCDB.1_A_37_8_3_comp1
G_9_B_442_1_7_comp1,P_9_B_442_1_7_comp1,R_9_B_442_1_7,TCDB,TCDB.9_B_442_1_7_comp1
G_1_A_84_3_4_comp1,P_1_A_84_3_4_comp1,R_1_A_84_3_4,TCDB,TCDB.1_A_84_3_4_comp1
G_8_A_47_1_3_comp1,P_8_A_47_1_3_comp1,R_8_A_47_1_3,TCDB,TCDB.8_A_47_1_3_comp1
G_1_A_140_1_3_comp1,P_1_A_140_1_3_comp1,R_1_A_140_1_3,TCDB,TCDB.1_A_140_1_3_comp1
G_1_A_69_2_2_comp1,P_1_A_69_2_2_comp1,R_1_A_69_2_2,TCDB,TCDB.1_A_69_2_2_comp1
G_8_B_13_1_4_comp1,P_8_B_13_1_4_comp1,R_8_B_13_1_4,TCDB,TCDB.8_B_13_1_4_comp1
G_9_B_441_1_5_comp1,P_9_B_441_1_5_comp1,R_9_B_441_1_5,TCDB,TCDB.9_B_441_1_5_comp1
G_8_A_179_1_7_comp1,P_8_A_179_1_7_comp1,R_8_A_179_1_7,TCDB,TCDB.8_A_179_1_7_comp1
G_8_A_115_1_7_comp1,P_8_A_115_1_7_comp1,R_8_A_115_1_7,TCDB,TCDB.8_A_115_1_7_comp1
G_8_A_132_1_5_comp1,P_8_A_132_1_5_comp1,R_8_A_132_1_5,TCDB,TCDB.8_A_132_1_5_comp1
G_2_A_32_1_10_comp1,P_2_A_32_1_10_comp1,R_2_A_32_1_10,TCDB,TCDB.2_A_32_1_10_comp1
G_1_A_50_4_4_comp1,P_1_A_50_4_4_comp1,R_1_A_50_4_4,TCDB,TCDB.1_A_50_4_4_comp1
G_8_A_17_3_3_comp1,P_8_A_17_3_3_comp1,R_8_A_17_3_3,TCDB,TCDB.8_A_17_3_3_comp1
G_9_B_432_1_2_comp1,P_9_B_432_1_2_comp1,R_9_B_432_1_2,TCDB,TCDB.9_B_432_1_2_comp1
G_8_A_185_1_3_comp1,P_8_A_185_1_3_comp1,R_8_A_185_1_3,TCDB,TCDB.8_A_185_1_3_comp1
G_9_B_413_1_2_comp1,P_9_B_413_1_2_comp1,R_9_B_413_1_2,TCDB,TCDB.9_B_413_1_2_comp1
G_1_A_113_2_3_comp1,P_1_A_113_2_3_comp1,R_1_A_113_2_3,TCDB,TCDB.1_A_113_2_3_comp1
G_8_A_131_1_2_comp1,P_8_A_131_1_2_comp1,R_8_A_131_1_2,TCDB,TCDB.8_A_131_1_2_comp1
G_8_A_23_2_4_comp1,P_8_A_23_2_4_comp1,R_8_A_23_2_4,TCDB,TCDB.8_A_23_2_4_comp1
G_1_A_21_2_1_comp1,P_1_A_21_2_1_comp1,R_1_A_21_2_1,TCDB,TCDB.1_A_21_2_1_comp1
G_8_A_167_1_5_comp1,P_8_A_167_1_5_comp1,R_8_A_167_1_5,TCDB,TCDB.8_A_167_1_5_comp1
G_1_A_84_2_5_comp1,P_1_A_84_2_5_comp1,R_1_A_84_2_5,TCDB,TCDB.1_A_84_2_5_comp1
G_8_A_112_2_4_comp1,P_8_A_112_2_4_comp1,R_8_A_112_2_4,TCDB,TCDB.8_A_112_2_4_comp1
G_1_A_10_1_33_comp1,P_1_A_10_1_33_comp1,R_1_A_10_1_33,TCDB,TCDB.1_A_10_1_33_comp1
G_8_A_140_2_1_comp1,P_8_A_140_2_1_comp1,R_8_A_140_2_1,TCDB,TCDB.8_A_140_2_1_comp1
G_2_A_36_1_22_comp1,P_2_A_36_1_22_comp1,R_2_A_36_1_22,TCDB,TCDB.2_A_36_1_22_comp1
G_8_A_157_1_2_comp1,P_8_A_157_1_2_comp1,R_8_A_157_1_2,TCDB,TCDB.8_A_157_1_2_comp1
G_8_A_23_3_3_comp1,P_8_A_23_3_3_comp1,R_8_A_23_3_3,TCDB,TCDB.8_A_23_3_3_comp1
G_1_A_113_2_2_comp1,P_1_A_113_2_2_comp1,R_1_A_113_2_2,TCDB,TCDB.1_A_113_2_2_comp1
G_8_A_126_1_3_comp1,P_8_A_126_1_3_comp1,R_8_A_126_1_3,TCDB,TCDB.8_A_126_1_3_comp1
G_1_A_69_2_4_comp1,P_1_A_69_2_4_comp1,R_1_A_69_2_4,TCDB,TCDB.1_A_69_2_4_comp1
G_8_A_112_3_3_comp1,P_8_A_112_3_3_comp1,R_8_A_112_3_3,TCDB,TCDB.8_A_112_3_3_comp1
G_8_A_17_3_4_comp1,P_8_A_17_3_4_comp1,R_8_A_17_3_4,TCDB,TCDB.8_A_17_3_4_comp1
G_1_A_37_1_5_comp1,P_1_A_37_1_5_comp1,R_1_A_37_1_5,TCDB,TCDB.1_A_37_1_5_comp1
G_8_A_40_4_4_comp1,P_8_A_40_4_4_comp1,R_8_A_40_4_4,TCDB,TCDB.8_A_40_4_4_comp1
G_8_A_92_1_9_comp1,P_8_A_92_1_9_comp1,R_8_A_92_1_9,TCDB,TCDB.8_A_92_1_9_comp1
G_2_A_55_2_22_comp1,P_2_A_55_2_22_comp1,R_2_A_55_2_22,TCDB,TCDB.2_A_55_2_22_comp1
G_9_B_328_2_1_comp1,P_9_B_328_2_1_comp1,R_9_B_328_2_1,TCDB,TCDB.9_B_328_2_1_comp1
G_8_A_214_1_5_comp1,P_8_A_214_1_5_comp1,R_8_A_214_1_5,TCDB,TCDB.8_A_214_1_5_comp1
G_9_B_441_1_3_comp1,P_9_B_441_1_3_comp1,R_9_B_441_1_3,TCDB,TCDB.9_B_441_1_3_comp1
G_8_A_166_1_12_comp1,P_8_A_166_1_12_comp1,R_8_A_166_1_12,TCDB,TCDB.8_A_166_1_12_comp1
G_8_A_140_1_3_comp1,P_8_A_140_1_3_comp1,R_8_A_140_1_3,TCDB,TCDB.8_A_140_1_3_comp1
G_1_A_21_1_11_comp1,P_1_A_21_1_11_comp1,R_1_A_21_1_11,TCDB,TCDB.1_A_21_1_11_comp1
G_9_B_362_1_2_comp1,P_9_B_362_1_2_comp1,R_9_B_362_1_2,TCDB,TCDB.9_B_362_1_2_comp1
G_9_B_451_1_3_comp1,P_9_B_451_1_3_comp1,R_9_B_451_1_3,TCDB,TCDB.9_B_451_1_3_comp1
G_8_A_125_1_2_comp1,P_8_A_125_1_2_comp1,R_8_A_125_1_2,TCDB,TCDB.8_A_125_1_2_comp1
G_9_B_101_2_1_comp1,P_9_B_101_2_1_comp1,R_9_B_101_2_1,TCDB,TCDB.9_B_101_2_1_comp1
G_1_C_4_8_3_comp1,P_1_C_4_8_3_comp1,R_1_C_4_8_3,TCDB,TCDB.1_C_4_8_3_comp1
G_1_A_84_3_6_comp1,P_1_A_84_3_6_comp1,R_1_A_84_3_6,TCDB,TCDB.1_A_84_3_6_comp1
G_2_A_7_19_5_comp1,P_2_A_7_19_5_comp1,R_2_A_7_19_5,TCDB,TCDB.2_A_7_19_5_comp1
G_1_A_27_3_4_comp1,P_1_A_27_3_4_comp1,R_1_A_27_3_4,TCDB,TCDB.1_A_27_3_4_comp1
G_8_A_152_1_10_comp1,P_8_A_152_1_10_comp1,R_8_A_152_1_10,TCDB,TCDB.8_A_152_1_10_comp1
G_2_A_1_91_3_comp1,P_2_A_1_91_3_comp1,R_2_A_1_91_3,TCDB,TCDB.2_A_1_91_3_comp1
G_9_B_409_1_5_comp1,P_9_B_409_1_5_comp1,R_9_B_409_1_5,TCDB,TCDB.9_B_409_1_5_comp1
G_8_A_145_1_5_comp1,P_8_A_145_1_5_comp1,R_8_A_145_1_5,TCDB,TCDB.8_A_145_1_5_comp1
G_9_B_440_1_5_comp1,P_9_B_440_1_5_comp1,R_9_B_440_1_5,TCDB,TCDB.9_B_440_1_5_comp1
G_1_H_3_4_2_comp1,P_1_H_3_4_2_comp1,R_1_H_3_4_2,TCDB,TCDB.1_H_3_4_2_comp1
G_9_B_366_1_5_comp1,P_9_B_366_1_5_comp1,R_9_B_366_1_5,TCDB,TCDB.9_B_366_1_5_comp1
G_8_A_137_1_6_comp1,P_8_A_137_1_6_comp1,R_8_A_137_1_6,TCDB,TCDB.8_A_137_1_6_comp1
G_1_A_27_3_2_comp1,P_1_A_27_3_2_comp1,R_1_A_27_3_2,TCDB,TCDB.1_A_27_3_2_comp1
G_1_A_50_4_2_comp1,P_1_A_50_4_2_comp1,R_1_A_50_4_2,TCDB,TCDB.1_A_50_4_2_comp1
G_9_B_432_1_6_comp1,P_9_B_432_1_6_comp1,R_9_B_432_1_6,TCDB,TCDB.9_B_432_1_6_comp1
G_1_C_127_1_8_comp1,P_1_C_127_1_8_comp1,R_1_C_127_1_8,TCDB,TCDB.1_C_127_1_8_comp1
G_3_A_1_201_44_comp1,P_3_A_1_201_44_comp1,R_3_A_1_201_44,TCDB,TCDB.3_A_1_201_44_comp1
G_2_A_98_3_5_comp1,P_2_A_98_3_5_comp1,R_2_A_98_3_5,TCDB,TCDB.2_A_98_3_5_comp1
G_1_A_130_1_14_comp1,P_1_A_130_1_14_comp1,R_1_A_130_1_14,TCDB,TCDB.1_A_130_1_14_comp1
G_9_B_204_1_5_comp1,P_9_B_204_1_5_comp1,R_9_B_204_1_5,TCDB,TCDB.9_B_204_1_5_comp1
G_1_H_3_1_15_comp1,P_1_H_3_1_15_comp1,R_1_H_3_1_15,TCDB,TCDB.1_H_3_1_15_comp1
G_9_A_76_1_4_comp1,P_9_A_76_1_4_comp1,R_9_A_76_1_4,TCDB,TCDB.9_A_76_1_4_comp1
G_9_A_79_1_3_comp1,P_9_A_79_1_3_comp1,R_9_A_79_1_3,TCDB,TCDB.9_A_79_1_3_comp1
G_1_A_27_2_4_comp1,P_1_A_27_2_4_comp1,R_1_A_27_2_4,TCDB,TCDB.1_A_27_2_4_comp1
G_1_A_27_3_5_comp1,P_1_A_27_3_5_comp1,R_1_A_27_3_5,TCDB,TCDB.1_A_27_3_5_comp1
G_8_A_156_3_3_comp1,P_8_A_156_3_3_comp1,R_8_A_156_3_3,TCDB,TCDB.8_A_156_3_3_comp1
G_8_A_167_1_4_comp1,P_8_A_167_1_4_comp1,R_8_A_167_1_4,TCDB,TCDB.8_A_167_1_4_comp1
G_1_A_84_2_8_comp1,P_1_A_84_2_8_comp1,R_1_A_84_2_8,TCDB,TCDB.1_A_84_2_8_comp1
G_8_A_162_1_5_comp1,P_8_A_162_1_5_comp1,R_8_A_162_1_5,TCDB,TCDB.8_A_162_1_5_comp1
G_1_C_127_1_2_comp1,P_1_C_127_1_2_comp1,R_1_C_127_1_2,TCDB,TCDB.1_C_127_1_2_comp1
G_9_B_454_1_4_comp1,P_9_B_454_1_4_comp1,R_9_B_454_1_4,TCDB,TCDB.9_B_454_1_4_comp1
G_9_B_389_1_2_comp1,P_9_B_389_1_2_comp1,R_9_B_389_1_2,TCDB,TCDB.9_B_389_1_2_comp1
G_8_A_193_1_3_comp1,P_8_A_193_1_3_comp1,R_8_A_193_1_3,TCDB,TCDB.8_A_193_1_3_comp1
G_8_A_194_1_7_comp1,P_8_A_194_1_7_comp1,R_8_A_194_1_7,TCDB,TCDB.8_A_194_1_7_comp1
G_8_A_137_1_4_comp1,P_8_A_137_1_4_comp1,R_8_A_137_1_4,TCDB,TCDB.8_A_137_1_4_comp1
G_8_A_133_1_8_comp1,P_8_A_133_1_8_comp1,R_8_A_133_1_8,TCDB,TCDB.8_A_133_1_8_comp1
G_8_A_43_1_18_comp1,P_8_A_43_1_18_comp1,R_8_A_43_1_18,TCDB,TCDB.8_A_43_1_18_comp1
G_1_A_8_9_22_comp1,P_1_A_8_9_22_comp1,R_1_A_8_9_22,TCDB,TCDB.1_A_8_9_22_comp1
G_1_A_84_3_3_comp1,P_1_A_84_3_3_comp1,R_1_A_84_3_3,TCDB,TCDB.1_A_84_3_3_comp1
G_8_A_154_1_3_comp1,P_8_A_154_1_3_comp1,R_8_A_154_1_3,TCDB,TCDB.8_A_154_1_3_comp1
G_9_A_35_1_4_comp1,P_9_A_35_1_4_comp1,R_9_A_35_1_4,TCDB,TCDB.9_A_35_1_4_comp1
G_9_A_78_1_3_comp1,P_9_A_78_1_3_comp1,R_9_A_78_1_3,TCDB,TCDB.9_A_78_1_3_comp1
G_8_A_127_2_4_comp1,P_8_A_127_2_4_comp1,R_8_A_127_2_4,TCDB,TCDB.8_A_127_2_4_comp1
G_1_A_84_3_1_comp1,P_1_A_84_3_1_comp1,R_1_A_84_3_1,TCDB,TCDB.1_A_84_3_1_comp1
G_8_A_211_1_3_comp1,P_8_A_211_1_3_comp1,R_8_A_211_1_3,TCDB,TCDB.8_A_211_1_3_comp1
G_9_B_413_1_3_comp1,P_9_B_413_1_3_comp1,R_9_B_413_1_3,TCDB,TCDB.9_B_413_1_3_comp1
G_8_A_202_1_4_comp1,P_8_A_202_1_4_comp1,R_8_A_202_1_4,TCDB,TCDB.8_A_202_1_4_comp1
G_1_A_84_2_4_comp1,P_1_A_84_2_4_comp1,R_1_A_84_2_4,TCDB,TCDB.1_A_84_2_4_comp1
G_1_A_37_4_2_comp1,P_1_A_37_4_2_comp1,R_1_A_37_4_2,TCDB,TCDB.1_A_37_4_2_comp1
G_9_A_80_1_2_comp1,P_9_A_80_1_2_comp1,R_9_A_80_1_2,TCDB,TCDB.9_A_80_1_2_comp1
G_9_B_455_1_3_comp1,P_9_B_455_1_3_comp1,R_9_B_455_1_3,TCDB,TCDB.9_B_455_1_3_comp1
G_8_A_196_1_5_comp1,P_8_A_196_1_5_comp1,R_8_A_196_1_5,TCDB,TCDB.8_A_196_1_5_comp1
G_8_A_168_1_2_comp1,P_8_A_168_1_2_comp1,R_8_A_168_1_2,TCDB,TCDB.8_A_168_1_2_comp1
G_9_B_173_1_5_comp1,P_9_B_173_1_5_comp1,R_9_B_173_1_5,TCDB,TCDB.9_B_173_1_5_comp1
G_8_A_23_2_3_comp1,P_8_A_23_2_3_comp1,R_8_A_23_2_3,TCDB,TCDB.8_A_23_2_3_comp1
G_9_B_422_1_8_comp1,P_9_B_422_1_8_comp1,R_9_B_422_1_8,TCDB,TCDB.9_B_422_1_8_comp1
G_8_A_194_1_3_comp1,P_8_A_194_1_3_comp1,R_8_A_194_1_3,TCDB,TCDB.8_A_194_1_3_comp1
G_8_A_23_5_3_comp1,P_8_A_23_5_3_comp1,R_8_A_23_5_3,TCDB,TCDB.8_A_23_5_3_comp1
G_1_A_21_2_5_comp1,P_1_A_21_2_5_comp1,R_1_A_21_2_5,TCDB,TCDB.1_A_21_2_5_comp1
G_8_A_143_1_2_comp1,P_8_A_143_1_2_comp1,R_8_A_143_1_2,TCDB,TCDB.8_A_143_1_2_comp1
G_1_A_124_1_8_comp1,P_1_A_124_1_8_comp1,R_1_A_124_1_8,TCDB,TCDB.1_A_124_1_8_comp1
G_8_A_57_1_5_comp1,P_8_A_57_1_5_comp1,R_8_A_57_1_5,TCDB,TCDB.8_A_57_1_5_comp1
G_8_A_159_2_2_comp1,P_8_A_159_2_2_comp1,R_8_A_159_2_2,TCDB,TCDB.8_A_159_2_2_comp1
G_8_A_235_1_2_comp1,P_8_A_235_1_2_comp1,R_8_A_235_1_2,TCDB,TCDB.8_A_235_1_2_comp1
G_9_B_454_1_3_comp1,P_9_B_454_1_3_comp1,R_9_B_454_1_3,TCDB,TCDB.9_B_454_1_3_comp1
G_8_A_43_2_3_comp1,P_8_A_43_2_3_comp1,R_8_A_43_2_3,TCDB,TCDB.8_A_43_2_3_comp1
G_8_A_208_1_8_comp1,P_8_A_208_1_8_comp1,R_8_A_208_1_8,TCDB,TCDB.8_A_208_1_8_comp1
G_1_C_15_1_5_comp1,P_1_C_15_1_5_comp1,R_1_C_15_1_5,TCDB,TCDB.1_C_15_1_5_comp1
G_2_A_43_5_4_comp1,P_2_A_43_5_4_comp1,R_2_A_43_5_4,TCDB,TCDB.2_A_43_5_4_comp1
G_8_A_154_1_5_comp1,P_8_A_154_1_5_comp1,R_8_A_154_1_5,TCDB,TCDB.8_A_154_1_5_comp1
G_1_A_67_3_3_comp1,P_1_A_67_3_3_comp1,R_1_A_67_3_3,TCDB,TCDB.1_A_67_3_3_comp1
G_8_A_152_2_6_comp1,P_8_A_152_2_6_comp1,R_8_A_152_2_6,TCDB,TCDB.8_A_152_2_6_comp1
G_1_C_15_1_4_comp1,P_1_C_15_1_4_comp1,R_1_C_15_1_4,TCDB,TCDB.1_C_15_1_4_comp1
G_8_A_177_1_2_comp1,P_8_A_177_1_2_comp1,R_8_A_177_1_2,TCDB,TCDB.8_A_177_1_2_comp1
G_9_B_445_1_2_comp1,P_9_B_445_1_2_comp1,R_9_B_445_1_2,TCDB,TCDB.9_B_445_1_2_comp1
G_8_A_226_1_2_comp1,P_8_A_226_1_2_comp1,R_8_A_226_1_2,TCDB,TCDB.8_A_226_1_2_comp1
G_8_A_183_1_3_comp1,P_8_A_183_1_3_comp1,R_8_A_183_1_3,TCDB,TCDB.8_A_183_1_3_comp1
G_1_A_139_1_4_comp1,P_1_A_139_1_4_comp1,R_1_A_139_1_4,TCDB,TCDB.1_A_139_1_4_comp1
G_8_A_166_1_8_comp1,P_8_A_166_1_8_comp1,R_8_A_166_1_8,TCDB,TCDB.8_A_166_1_8_comp1
G_8_A_215_1_3_comp1,P_8_A_215_1_3_comp1,R_8_A_215_1_3,TCDB,TCDB.8_A_215_1_3_comp1
G_8_A_191_1_5_comp1,P_8_A_191_1_5_comp1,R_8_A_191_1_5,TCDB,TCDB.8_A_191_1_5_comp1
G_8_A_214_1_3_comp1,P_8_A_214_1_3_comp1,R_8_A_214_1_3,TCDB,TCDB.8_A_214_1_3_comp1
G_8_A_154_1_4_comp1,P_8_A_154_1_4_comp1,R_8_A_154_1_4,TCDB,TCDB.8_A_154_1_4_comp1
G_8_A_23_4_3_comp1,P_8_A_23_4_3_comp1,R_8_A_23_4_3,TCDB,TCDB.8_A_23_4_3_comp1
G_1_A_50_7_2_comp1,P_1_A_50_7_2_comp1,R_1_A_50_7_2,TCDB,TCDB.1_A_50_7_2_comp1
G_8_A_172_1_5_comp1,P_8_A_172_1_5_comp1,R_8_A_172_1_5,TCDB,TCDB.8_A_172_1_5_comp1
G_8_A_177_1_7_comp1,P_8_A_177_1_7_comp1,R_8_A_177_1_7,TCDB,TCDB.8_A_177_1_7_comp1
G_8_A_197_1_2_comp1,P_8_A_197_1_2_comp1,R_8_A_197_1_2,TCDB,TCDB.8_A_197_1_2_comp1
G_8_A_157_1_3_comp1,P_8_A_157_1_3_comp1,R_8_A_157_1_3,TCDB,TCDB.8_A_157_1_3_comp1
G_9_B_9_1_11_comp1,P_9_B_9_1_11_comp1,R_9_B_9_1_11,TCDB,TCDB.9_B_9_1_11_comp1
G_9_B_432_1_3_comp1,P_9_B_432_1_3_comp1,R_9_B_432_1_3,TCDB,TCDB.9_B_432_1_3_comp1
G_9_B_452_1_2_comp1,P_9_B_452_1_2_comp1,R_9_B_452_1_2,TCDB,TCDB.9_B_452_1_2_comp1
G_9_B_9_1_8_comp1,P_9_B_9_1_8_comp1,R_9_B_9_1_8,TCDB,TCDB.9_B_9_1_8_comp1
G_8_A_179_1_3_comp1,P_8_A_179_1_3_comp1,R_8_A_179_1_3,TCDB,TCDB.8_A_179_1_3_comp1
G_9_B_17_1_3_comp1,P_9_B_17_1_3_comp1,R_9_B_17_1_3,TCDB,TCDB.9_B_17_1_3_comp1
G_8_A_43_1_36_comp1,P_8_A_43_1_36_comp1,R_8_A_43_1_36,TCDB,TCDB.8_A_43_1_36_comp1
G_8_A_179_1_2_comp1,P_8_A_179_1_2_comp1,R_8_A_179_1_2,TCDB,TCDB.8_A_179_1_2_comp1
G_8_A_210_1_3_comp1,P_8_A_210_1_3_comp1,R_8_A_210_1_3,TCDB,TCDB.8_A_210_1_3_comp1
G_1_C_132_1_6_comp1,P_1_C_132_1_6_comp1,R_1_C_132_1_6,TCDB,TCDB.1_C_132_1_6_comp1
G_2_A_32_1_8_comp1,P_2_A_32_1_8_comp1,R_2_A_32_1_8,TCDB,TCDB.2_A_32_1_8_comp1
G_8_A_47_1_8_comp1,P_8_A_47_1_8_comp1,R_8_A_47_1_8,TCDB,TCDB.8_A_47_1_8_comp1
G_8_A_204_1_2_comp1,P_8_A_204_1_2_comp1,R_8_A_204_1_2,TCDB,TCDB.8_A_204_1_2_comp1
G_9_B_173_1_4_comp1,P_9_B_173_1_4_comp1,R_9_B_173_1_4,TCDB,TCDB.9_B_173_1_4_comp1
G_4_C_3_2_6_comp1,P_4_C_3_2_6_comp1,R_4_C_3_2_6,TCDB,TCDB.4_C_3_2_6_comp1
G_8_A_149_1_3_comp1,P_8_A_149_1_3_comp1,R_8_A_149_1_3,TCDB,TCDB.8_A_149_1_3_comp1
G_8_A_17_2_3_comp1,P_8_A_17_2_3_comp1,R_8_A_17_2_3,TCDB,TCDB.8_A_17_2_3_comp1
G_8_A_23_5_2_comp1,P_8_A_23_5_2_comp1,R_8_A_23_5_2,TCDB,TCDB.8_A_23_5_2_comp1
G_8_A_23_4_2_comp1,P_8_A_23_4_2_comp1,R_8_A_23_4_2,TCDB,TCDB.8_A_23_4_2_comp1
G_9_B_9_1_4_comp1,P_9_B_9_1_4_comp1,R_9_B_9_1_4,TCDB,TCDB.9_B_9_1_4_comp1
G_9_B_9_1_5_comp1,P_9_B_9_1_5_comp1,R_9_B_9_1_5,TCDB,TCDB.9_B_9_1_5_comp1
G_8_A_152_2_5_comp1,P_8_A_152_2_5_comp1,R_8_A_152_2_5,TCDB,TCDB.8_A_152_2_5_comp1
G_1_A_139_1_3_comp1,P_1_A_139_1_3_comp1,R_1_A_139_1_3,TCDB,TCDB.1_A_139_1_3_comp1
G_8_A_23_1_59_comp1,P_8_A_23_1_59_comp1,R_8_A_23_1_59,TCDB,TCDB.8_A_23_1_59_comp1
G_1_A_139_1_2_comp1,P_1_A_139_1_2_comp1,R_1_A_139_1_2,TCDB,TCDB.1_A_139_1_2_comp1
G_9_B_87_5_4_comp1,P_9_B_87_5_4_comp1,R_9_B_87_5_4,TCDB,TCDB.9_B_87_5_4_comp1
G_8_A_202_1_2_comp1,P_8_A_202_1_2_comp1,R_8_A_202_1_2,TCDB,TCDB.8_A_202_1_2_comp1
G_9_B_438_1_4_comp1,P_9_B_438_1_4_comp1,R_9_B_438_1_4,TCDB,TCDB.9_B_438_1_4_comp1
G_1_A_140_1_4_comp1,P_1_A_140_1_4_comp1,R_1_A_140_1_4,TCDB,TCDB.1_A_140_1_4_comp1
G_8_A_186_1_2_comp1,P_8_A_186_1_2_comp1,R_8_A_186_1_2,TCDB,TCDB.8_A_186_1_2_comp1
G_8_A_196_1_4_comp1,P_8_A_196_1_4_comp1,R_8_A_196_1_4,TCDB,TCDB.8_A_196_1_4_comp1
G_2_A_1_1_155_comp1,P_2_A_1_1_155_comp1,R_2_A_1_1_155,TCDB,TCDB.2_A_1_1_155_comp1
G_9_A_19_1_8_comp1,P_9_A_19_1_8_comp1,R_9_A_19_1_8,TCDB,TCDB.9_A_19_1_8_comp1
G_8_A_206_1_4_comp1,P_8_A_206_1_4_comp1,R_8_A_206_1_4,TCDB,TCDB.8_A_206_1_4_comp1
G_1_A_140_1_2_comp1,P_1_A_140_1_2_comp1,R_1_A_140_1_2,TCDB,TCDB.1_A_140_1_2_comp1
G_1_D_194_1_4_comp1,P_1_D_194_1_4_comp1,R_1_D_194_1_4,TCDB,TCDB.1_D_194_1_4_comp1
G_8_A_215_1_2_comp1,P_8_A_215_1_2_comp1,R_8_A_215_1_2,TCDB,TCDB.8_A_215_1_2_comp1
G_9_B_441_1_7_comp1,P_9_B_441_1_7_comp1,R_9_B_441_1_7,TCDB,TCDB.9_B_441_1_7_comp1
G_8_A_184_1_3_comp1,P_8_A_184_1_3_comp1,R_8_A_184_1_3,TCDB,TCDB.8_A_184_1_3_comp1
G_9_A_80_1_3_comp1,P_9_A_80_1_3_comp1,R_9_A_80_1_3,TCDB,TCDB.9_A_80_1_3_comp1
G_9_B_87_5_6_comp1,P_9_B_87_5_6_comp1,R_9_B_87_5_6,TCDB,TCDB.9_B_87_5_6_comp1
G_8_A_204_1_4_comp1,P_8_A_204_1_4_comp1,R_8_A_204_1_4,TCDB,TCDB.8_A_204_1_4_comp1
G_8_A_207_1_3_comp1,P_8_A_207_1_3_comp1,R_8_A_207_1_3,TCDB,TCDB.8_A_207_1_3_comp1
G_8_A_17_1_3_comp1,P_8_A_17_1_3_comp1,R_8_A_17_1_3,TCDB,TCDB.8_A_17_1_3_comp1
G_9_B_445_1_4_comp1,P_9_B_445_1_4_comp1,R_9_B_445_1_4,TCDB,TCDB.9_B_445_1_4_comp1
G_8_A_208_1_9_comp1,P_8_A_208_1_9_comp1,R_8_A_208_1_9,TCDB,TCDB.8_A_208_1_9_comp1
G_2_A_1_1_151_comp1,P_2_A_1_1_151_comp1,R_2_A_1_1_151,TCDB,TCDB.2_A_1_1_151_comp1
G_9_B_445_1_6_comp1,P_9_B_445_1_6_comp1,R_9_B_445_1_6,TCDB,TCDB.9_B_445_1_6_comp1
G_9_B_449_1_2_comp1,P_9_B_449_1_2_comp1,R_9_B_449_1_2,TCDB,TCDB.9_B_449_1_2_comp1
G_8_A_230_1_3_comp1,P_8_A_230_1_3_comp1,R_8_A_230_1_3,TCDB,TCDB.8_A_230_1_3_comp1
G_9_B_453_1_3_comp1,P_9_B_453_1_3_comp1,R_9_B_453_1_3,TCDB,TCDB.9_B_453_1_3_comp1
G_8_A_224_1_2_comp1,P_8_A_224_1_2_comp1,R_8_A_224_1_2,TCDB,TCDB.8_A_224_1_2_comp1
G_9_B_445_1_7_comp1,P_9_B_445_1_7_comp1,R_9_B_445_1_7,TCDB,TCDB.9_B_445_1_7_comp1
G_8_A_23_1_61_comp1,P_8_A_23_1_61_comp1,R_8_A_23_1_61,TCDB,TCDB.8_A_23_1_61_comp1
G_8_A_149_1_2_comp1,P_8_A_149_1_2_comp1,R_8_A_149_1_2,TCDB,TCDB.8_A_149_1_2_comp1
G_8_A_231_2_3_comp1,P_8_A_231_2_3_comp1,R_8_A_231_2_3,TCDB,TCDB.8_A_231_2_3_comp1
G_9_A_14_3_19_comp1,P_9_A_14_3_19_comp1,R_9_A_14_3_19,TCDB,TCDB.9_A_14_3_19_comp1
G_8_A_83_1_8_comp1,P_8_A_83_1_8_comp1,R_8_A_83_1_8,TCDB,TCDB.8_A_83_1_8_comp1
G_9_B_453_1_7_comp1,P_9_B_453_1_7_comp1,R_9_B_453_1_7,TCDB,TCDB.9_B_453_1_7_comp1
G_9_B_459_1_3_comp1,P_9_B_459_1_3_comp1,R_9_B_459_1_3,TCDB,TCDB.9_B_459_1_3_comp1
G_9_B_459_1_4_comp1,P_9_B_459_1_4_comp1,R_9_B_459_1_4,TCDB,TCDB.9_B_459_1_4_comp1
G_2_A_43_5_3_comp1,P_2_A_43_5_3_comp1,R_2_A_43_5_3,TCDB,TCDB.2_A_43_5_3_comp1
G_2_A_43_5_5_comp1,P_2_A_43_5_5_comp1,R_2_A_43_5_5,TCDB,TCDB.2_A_43_5_5_comp1
G_9_B_455_1_2_comp1,P_9_B_455_1_2_comp1,R_9_B_455_1_2,TCDB,TCDB.9_B_455_1_2_comp1
G_9_B_87_1_44_comp1,P_9_B_87_1_44_comp1,R_9_B_87_1_44,TCDB,TCDB.9_B_87_1_44_comp1
G_8_A_157_1_4_comp1,P_8_A_157_1_4_comp1,R_8_A_157_1_4,TCDB,TCDB.8_A_157_1_4_comp1
G_8_A_165_1_4_comp1,P_8_A_165_1_4_comp1,R_8_A_165_1_4,TCDB,TCDB.8_A_165_1_4_comp1
G_9_B_442_1_1_comp1,P_9_B_442_1_1_comp1,R_9_B_442_1_1,TCDB,TCDB.9_B_442_1_1_comp1
G_1_A_17_5_23_comp1,P_1_A_17_5_23_comp1,R_1_A_17_5_23,TCDB,TCDB.1_A_17_5_23_comp1
G_1_A_17_5_18_comp1,P_1_A_17_5_18_comp1,R_1_A_17_5_18,TCDB,TCDB.1_A_17_5_18_comp1
G_9_B_440_1_3_comp1,P_9_B_440_1_3_comp1,R_9_B_440_1_3,TCDB,TCDB.9_B_440_1_3_comp1
G_1_H_3_1_4_comp1,P_1_H_3_1_4_comp1,R_1_H_3_1_4,TCDB,TCDB.1_H_3_1_4_comp1
G_8_A_207_1_2_comp1,P_8_A_207_1_2_comp1,R_8_A_207_1_2,TCDB,TCDB.8_A_207_1_2_comp1
G_2_A_51_1_9_comp1,P_2_A_51_1_9_comp1,R_2_A_51_1_9,TCDB,TCDB.2_A_51_1_9_comp1
G_9_A_1_1_5_comp1,P_9_A_1_1_5_comp1,R_9_A_1_1_5,TCDB,TCDB.9_A_1_1_5_comp1
G_9_B_379_1_3_comp1,P_9_B_379_1_3_comp1,R_9_B_379_1_3,TCDB,TCDB.9_B_379_1_3_comp1
G_1_W_10_3_1_comp1,P_1_W_10_3_1_comp1,R_1_W_10_3_1,TCDB,TCDB.1_W_10_3_1_comp1
G_1_W_3_2_3_comp1,P_1_W_3_2_3_comp1,R_1_W_3_2_3,TCDB,TCDB.1_W_3_2_3_comp1
G_9_B_310_1_1_comp1,P_9_B_310_1_1_comp1,R_9_B_310_1_1,TCDB,TCDB.9_B_310_1_1_comp1
G_1_E_68_1_1_comp1,P_1_E_68_1_1_comp1,R_1_E_68_1_1,TCDB,TCDB.1_E_68_1_1_comp1
G_1_C_134_1_1_comp1,P_1_C_134_1_1_comp1,R_1_C_134_1_1,TCDB,TCDB.1_C_134_1_1_comp1
G_1_G_8_1_5_comp1,P_1_G_8_1_5_comp1,R_1_G_8_1_5,TCDB,TCDB.1_G_8_1_5_comp1
G_8_A_236_1_4_comp1,P_8_A_236_1_4_comp1,R_8_A_236_1_4,TCDB,TCDB.8_A_236_1_4_comp1
G_1_E_63_1_1_comp1,P_1_E_63_1_1_comp1,R_1_E_63_1_1,TCDB,TCDB.1_E_63_1_1_comp1
G_8_B_42_1_1_comp1,P_8_B_42_1_1_comp1,R_8_B_42_1_1,TCDB,TCDB.8_B_42_1_1_comp1
G_1_A_22_1_14_comp1,P_1_A_22_1_14_comp1,R_1_A_22_1_14,TCDB,TCDB.1_A_22_1_14_comp1
G_1_M_2_1_2_comp1,P_1_M_2_1_2_comp1,R_1_M_2_1_2,TCDB,TCDB.1_M_2_1_2_comp1
G_1_A_100_1_3_comp1,P_1_A_100_1_3_comp1,R_1_A_100_1_3,TCDB,TCDB.1_A_100_1_3_comp1
G_8_A_236_1_2_comp1,P_8_A_236_1_2_comp1,R_8_A_236_1_2,TCDB,TCDB.8_A_236_1_2_comp1
G_1_M_2_2_1_comp1,P_1_M_2_2_1_comp1,R_1_M_2_2_1,TCDB,TCDB.1_M_2_2_1_comp1
G_1_W_3_1_5_comp1,P_1_W_3_1_5_comp1,R_1_W_3_1_5,TCDB,TCDB.1_W_3_1_5_comp1
G_1_M_1_4_22_comp1,P_1_M_1_4_22_comp1,R_1_M_1_4_22,TCDB,TCDB.1_M_1_4_22_comp1
G_1_M_16_1_1_comp1,P_1_M_16_1_1_comp1,R_1_M_16_1_1,TCDB,TCDB.1_M_16_1_1_comp1
G_1_G_18_1_7_comp1,P_1_G_18_1_7_comp1,R_1_G_18_1_7,TCDB,TCDB.1_G_18_1_7_comp1
G_9_B_377_1_1_comp1,P_9_B_377_1_1_comp1,R_9_B_377_1_1,TCDB,TCDB.9_B_377_1_1_comp1
G_9_B_378_1_2_comp1,P_9_B_378_1_2_comp1,R_9_B_378_1_2,TCDB,TCDB.9_B_378_1_2_comp1
G_1_A_117_1_5_comp1,P_1_A_117_1_5_comp1,R_1_A_117_1_5,TCDB,TCDB.1_A_117_1_5_comp1
G_8_A_236_1_3_comp1,P_8_A_236_1_3_comp1,R_8_A_236_1_3,TCDB,TCDB.8_A_236_1_3_comp1
G_9_B_309_1_1_comp1,P_9_B_309_1_1_comp1,R_9_B_309_1_1,TCDB,TCDB.9_B_309_1_1_comp1
G_3_A_13_1_3_comp1,P_3_A_13_1_3_comp1,R_3_A_13_1_3,TCDB,TCDB.3_A_13_1_3_comp1
G_9_B_308_5_1_comp1,P_9_B_308_5_1_comp1,R_9_B_308_5_1,TCDB,TCDB.9_B_308_5_1_comp1
G_1_M_1_3_5_comp1,P_1_M_1_3_5_comp1+1_M_1_3_5_comp2,R_1_M_1_3_5,TCDB,TCDB.1_M_1_3_5_comp1
G_1_M_1_3_5_comp2,P_1_M_1_3_5_comp1+1_M_1_3_5_comp2,R_1_M_1_3_5,TCDB,TCDB.1_M_1_3_5_comp2
G_3_A_1_211_22_comp1,P_3_A_1_211_22_comp1,R_3_A_1_211_22,TCDB,TCDB.3_A_1_211_22_comp1
G_1_E_36_4_2_comp1,P_1_E_36_4_2_comp1,R_1_E_36_4_2,TCDB,TCDB.1_E_36_4_2_comp1
G_1_K_5_1_2_comp1,P_1_K_5_1_2_comp1,R_1_K_5_1_2,TCDB,TCDB.1_K_5_1_2_comp1
G_9_B_350_1_4_comp1,P_9_B_350_1_4_comp1,R_9_B_350_1_4,TCDB,TCDB.9_B_350_1_4_comp1
G_9_B_94_1_4_comp1,P_9_B_94_1_4_comp1,R_9_B_94_1_4,TCDB,TCDB.9_B_94_1_4_comp1
G_1_A_23_2_4_comp1,P_1_A_23_2_4_comp1,R_1_A_23_2_4,TCDB,TCDB.1_A_23_2_4_comp1
G_1_A_49_1_3_comp1,P_1_A_49_1_3_comp1,R_1_A_49_1_3,TCDB,TCDB.1_A_49_1_3_comp1
G_1_A_116_1_4_comp1,P_1_A_116_1_4_comp1,R_1_A_116_1_4,TCDB,TCDB.1_A_116_1_4_comp1
G_1_A_142_1_3_comp1,P_1_A_142_1_3_comp1,R_1_A_142_1_3,TCDB,TCDB.1_A_142_1_3_comp1
G_1_E_6_2_5_comp1,P_1_E_6_2_5_comp1,R_1_E_6_2_5,TCDB,TCDB.1_E_6_2_5_comp1
G_1_M_2_1_4_comp1,P_1_M_2_1_4_comp1,R_1_M_2_1_4,TCDB,TCDB.1_M_2_1_4_comp1
G_1_A_19_2_1_comp1,P_1_A_19_2_1_comp1,R_1_A_19_2_1,TCDB,TCDB.1_A_19_2_1_comp1
G_2_A_7_1_17_comp1,P_2_A_7_1_17_comp1,R_2_A_7_1_17,TCDB,TCDB.2_A_7_1_17_comp1
G_1_A_1_7_8_comp1,P_1_A_1_7_8_comp1,R_1_A_1_7_8,TCDB,TCDB.1_A_1_7_8_comp1
G_1_A_100_1_5_comp1,P_1_A_100_1_5_comp1,R_1_A_100_1_5,TCDB,TCDB.1_A_100_1_5_comp1
G_1_M_1_3_4_comp1,P_1_M_1_3_4_comp1+1_M_1_3_4_comp2,R_1_M_1_3_4,TCDB,TCDB.1_M_1_3_4_comp1
G_1_M_1_3_4_comp2,P_1_M_1_3_4_comp1+1_M_1_3_4_comp2,R_1_M_1_3_4,TCDB,TCDB.1_M_1_3_4_comp2
G_1_A_35_3_7_comp1,P_1_A_35_3_7_comp1,R_1_A_35_3_7,TCDB,TCDB.1_A_35_3_7_comp1
G_1_E_31_1_15_comp1,P_1_E_31_1_15_comp1,R_1_E_31_1_15,TCDB,TCDB.1_E_31_1_15_comp1
G_1_W_3_1_7_comp1,P_1_W_3_1_7_comp1,R_1_W_3_1_7,TCDB,TCDB.1_W_3_1_7_comp1
G_1_A_144_1_2_comp1,P_1_A_144_1_2_comp1,R_1_A_144_1_2,TCDB,TCDB.1_A_144_1_2_comp1
G_1_W_8_1_2_comp1,P_1_W_8_1_2_comp1,R_1_W_8_1_2,TCDB,TCDB.1_W_8_1_2_comp1
G_1_A_10_3_2_comp1,P_1_A_10_3_2_comp1,R_1_A_10_3_2,TCDB,TCDB.1_A_10_3_2_comp1
G_1_G_7_2_3_comp1,P_1_G_7_2_3_comp1,R_1_G_7_2_3,TCDB,TCDB.1_G_7_2_3_comp1
G_1_A_95_2_5_comp1,P_1_A_95_2_5_comp1,R_1_A_95_2_5,TCDB,TCDB.1_A_95_2_5_comp1
G_1_A_100_1_4_comp1,P_1_A_100_1_4_comp1,R_1_A_100_1_4,TCDB,TCDB.1_A_100_1_4_comp1
G_1_A_142_1_2_comp1,P_1_A_142_1_2_comp1,R_1_A_142_1_2,TCDB,TCDB.1_A_142_1_2_comp1
G_1_A_144_1_4_comp1,P_1_A_144_1_4_comp1,R_1_A_144_1_4,TCDB,TCDB.1_A_144_1_4_comp1
G_9_B_308_4_1_comp1,P_9_B_308_4_1_comp1,R_9_B_308_4_1,TCDB,TCDB.9_B_308_4_1_comp1
G_9_B_378_1_1_comp1,P_9_B_378_1_1_comp1,R_9_B_378_1_1,TCDB,TCDB.9_B_378_1_1_comp1
G_1_A_125_1_3_comp1,P_1_A_125_1_3_comp1,R_1_A_125_1_3,TCDB,TCDB.1_A_125_1_3_comp1
G_1_M_1_4_18_comp1,P_1_M_1_4_18_comp1,R_1_M_1_4_18,TCDB,TCDB.1_M_1_4_18_comp1
G_1_E_64_3_1_comp1,P_1_E_64_3_1_comp1,R_1_E_64_3_1,TCDB,TCDB.1_E_64_3_1_comp1
G_1_A_92_1_3_comp1,P_1_A_92_1_3_comp1,R_1_A_92_1_3,TCDB,TCDB.1_A_92_1_3_comp1
G_1_A_125_1_1_comp1,P_1_A_125_1_1_comp1,R_1_A_125_1_1,TCDB,TCDB.1_A_125_1_1_comp1
G_1_G_18_1_6_comp1,P_1_G_18_1_6_comp1,R_1_G_18_1_6,TCDB,TCDB.1_G_18_1_6_comp1
G_8_B_42_1_2_comp1,P_8_B_42_1_2_comp1,R_8_B_42_1_2,TCDB,TCDB.8_B_42_1_2_comp1
G_1_C_99_2_2_comp1,P_1_C_99_2_2_comp1,R_1_C_99_2_2,TCDB,TCDB.1_C_99_2_2_comp1
G_1_C_99_1_4_comp1,P_1_C_99_1_4_comp1,R_1_C_99_1_4,TCDB,TCDB.1_C_99_1_4_comp1
G_1_A_128_1_1_comp1,P_1_A_128_1_1_comp1,R_1_A_128_1_1,TCDB,TCDB.1_A_128_1_1_comp1
G_1_A_120_1_4_comp1,P_1_A_120_1_4_comp1,R_1_A_120_1_4,TCDB,TCDB.1_A_120_1_4_comp1
G_1_A_127_1_1_comp1,P_1_A_127_1_1_comp1,R_1_A_127_1_1,TCDB,TCDB.1_A_127_1_1_comp1
G_1_E_67_1_3_comp1,P_1_E_67_1_3_comp1,R_1_E_67_1_3,TCDB,TCDB.1_E_67_1_3_comp1
G_1_E_6_2_9_comp1,P_1_E_6_2_9_comp1,R_1_E_6_2_9,TCDB,TCDB.1_E_6_2_9_comp1
G_1_E_67_1_2_comp1,P_1_E_67_1_2_comp1,R_1_E_67_1_2,TCDB,TCDB.1_E_67_1_2_comp1
G_1_A_120_1_1_comp1,P_1_A_120_1_1_comp1+1_A_120_1_1_comp2,R_1_A_120_1_1,TCDB,TCDB.1_A_120_1_1_comp1
G_1_A_120_1_1_comp2,P_1_A_120_1_1_comp1+1_A_120_1_1_comp2,R_1_A_120_1_1,TCDB,TCDB.1_A_120_1_1_comp2
G_1_M_4_1_2_comp1,P_1_M_4_1_2_comp1,R_1_M_4_1_2,TCDB,TCDB.1_M_4_1_2_comp1
G_1_E_64_1_3_comp1,P_1_E_64_1_3_comp1,R_1_E_64_1_3,TCDB,TCDB.1_E_64_1_3_comp1
G_1_E_64_3_4_comp1,P_1_E_64_3_4_comp1,R_1_E_64_3_4,TCDB,TCDB.1_E_64_3_4_comp1
G_1_M_1_4_32_comp1,P_1_M_1_4_32_comp1,R_1_M_1_4_32,TCDB,TCDB.1_M_1_4_32_comp1
G_1_G_3_1_4_comp1,P_1_G_3_1_4_comp1,R_1_G_3_1_4,TCDB,TCDB.1_G_3_1_4_comp1
G_1_M_2_1_3_comp1,P_1_M_2_1_3_comp1,R_1_M_2_1_3,TCDB,TCDB.1_M_2_1_3_comp1
G_9_B_309_1_5_comp1,P_9_B_309_1_5_comp1,R_9_B_309_1_5,TCDB,TCDB.9_B_309_1_5_comp1
G_1_A_145_1_3_comp1,P_1_A_145_1_3_comp1,R_1_A_145_1_3,TCDB,TCDB.1_A_145_1_3_comp1
G_9_B_169_4_5_comp1,P_9_B_169_4_5_comp1,R_9_B_169_4_5,TCDB,TCDB.9_B_169_4_5_comp1
G_2_A_119_3_4_comp1,P_2_A_119_3_4_comp1,R_2_A_119_3_4,TCDB,TCDB.2_A_119_3_4_comp1
G_1_B_57_2_1_comp1,P_1_B_57_2_1_comp1,R_1_B_57_2_1,TCDB,TCDB.1_B_57_2_1_comp1
